100
354215
4061 4102 8163
4076 4140 8216
4002 4047 8049
4209 4213 8422
4174 4275 8449
3969 4073 8042
4151 4212 8363
4104 4233 8337
3957 4077 8034
4194 4282 8476
4228 4267 8495
4152 4181 8333
4223 4229 8452
4175 4178 8353
4211 4247 8458
4058 4139 8197
3975 4092 8067
3949 4108 8057
4231 4273 8504
4000 4126 8126
4051 4091 8142
4152 4218 8370
4117 4286 8403
3993 4074 8067
4169 4179 8348
4081 4210 8291
4158 4192 8350
3944 4115 8059
4062 4159 8221
3991 4083 8074
4153 4235 8388
4098 4255 8353
4197 4217 8414
4156 4205 8361
4199 4208 8407
4208 4268 8476
4225 4261 8486
4135 4192 8327
4201 4225 8426
4073 4181 8254
4023 4084 8107
4277 4281 8558
4104 4214 8318
4026 4258 8284
4112 4171 8283
4026 4092 8118
4044 4146 8190
4024 4193 8217
4074 4116 8190
4060 4091 8151
4116 4212 8328
4115 4220 8335
3983 4034 8017
4193 4194 8387
4142 4266 8408
4035 4260 8295
4183 4247 8430
4068 4238 8306
4142 4260 8402
4178 4238 8416
4047 4103 8150
4200 4237 8437
4094 4118 8212
4022 4171 8193
4162 4207 8369
3996 4132 8128
4148 4235 8383
4019 4051 8070
4098 4207 8305
3982 4059 8041
4015 4238 8253
4165 4265 8430
4019 4260 8279
4222 4239 8461
4181 4257 8438
4029 4079 8108
3964 4061 8025
3991 4111 8102
4173 4214 8387
4125 4223 8348
4123 4139 8262
4131 4215 8346
4138 4210 8348
4130 4221 8351
4000 4196 8196
4089 4236 8325
3981 4198 8179
4089 4118 8207
4187 4258 8445
3990 4138 8128
4117 4148 8265
4171 4198 8369
4220 4238 8458
4053 4102 8155
4031 4062 8093
4123 4220 8343
4267 4280 8547
4200 4297 8497
4205 4231 8436
4154 4196 8350

4034 4145 8147
4170 4180 8318
4040 4113 8146
4179 4185 8340
4138 4180 8317
4040 4110 8119
4150 4178 8327
4148 4178 8297
4046 4163 8176
4160 4192 8328
4190 4200 8383
4150 4184 8304
4134 4149 8269
4088 4089 8165
4166 4188 8334
4044 4067 8087
4000 4028 7997
4041 4107 8111
4152 4193 8341
4079 4170 8242
4059 4142 8192
4156 4163 8292
4111 4191 8284
4013 4022 8021
4070 4132 8195
4177 4185 8344
4093 4122 8203
4011 4188 8165
4113 4141 8225
4081 4157 8225
4145 4149 8269
4066 4171 8209
4099 4140 8207
4083 4127 8202
4106 4190 8265
4169 4200 8368
4164 4195 8335
4198 4199 8361
4172 4188 8326
4019 4121 8135
4052 4103 8117
4199 4200 8371
4027 4175 8201
4102 4200 8278
4113 4167 8260
4107 4124 8209
4013 4108 8108
4003 4131 8102
4081 4105 8168
4137 4185 8283
4065 4119 8180
4041 4132 8147
4016 4019 8027
4142 4168 8290
4148 4190 8316
4114 4193 8273
4181 4189 8369
4157 4178 8310
4105 4187 8266
4095 4200 8277
4075 4165 8235
4135 4149 8277
4192 4200 8362
4072 4198 8248
4108 4165 8252
4086 4116 8184
4100 4138 8227
4031 4148 8175
4131 4176 8268
4050 4059 8083
4001 4166 8144
4166 4183 8334
4109 4185 8264
4130 4185 8288
4178 4200 8350
4081 4113 8193
4009 4036 8022
4028 4090 8089
4089 4156 8237
4086 4129 8213
4029 4046 8047
4189 4191 8353
4166 4193 8344
4058 4179 8234
4066 4185 8225
4162 4182 8328
4064 4199 8258
4085 4101 8172
4134 4160 8283
4012 4084 8087
4111 4123 8217
4094 4104 8192
4176 4192 8339
4146 4192 8319
4118 4146 8247
4137 4171 8298
4181 4194 8364
4159 4197 8334
4157 4173 8324
4118 4141 8224

0.010000 0.430000
