1000
5185196
4219 4279 8498
4070 4181 8251
4133 4150 8283
4166 4207 8373
4061 4131 8192
3974 4256 8230
4213 4252 8465
3968 4047 8015
4046 4140 8186
4102 4212 8314
4077 4165 8242
4162 4182 8344
4045 4226 8271
4168 4243 8411
4105 4106 8211
4024 4100 8124
4147 4150 8297
4111 4194 8305
4005 4188 8193
4088 4125 8213
4257 4285 8542
3962 4064 8026
4178 4220 8398
3961 4115 8076
4007 4241 8248
4036 4263 8299
4107 4177 8284
4230 4293 8523
4104 4165 8269
4092 4131 8223
4093 4262 8355
4104 4124 8228
3991 4096 8087
4117 4263 8380
4029 4062 8091
4146 4227 8373
3965 4198 8163
4065 4107 8172
4111 4145 8256
4041 4072 8113
4255 4262 8517
4058 4149 8207
4232 4239 8471
4103 4135 8238
4148 4190 8338
4267 4268 8535
4152 4202 8354
3928 4127 8055
4118 4241 8359
4026 4162 8188
3999 4177 8176
4139 4214 8353
4177 4216 8393
4012 4099 8111
4083 4148 8231
4257 4267 8524
4143 4180 8323
4101 4138 8239
4126 4222 8348
4185 4201 8386
4132 4190 8322
4273 4291 8564
3973 4138 8111
4065 4164 8229
4015 4112 8127
3994 4108 8102
4094 4269 8363
4103 4157 8260
4047 4182 8229
4122 4159 8281
4127 4169 8296
4048 4193 8241
4095 4117 8212
3941 4049 7990
4070 4128 8198
4125 4168 8293
4193 4198 8391
4085 4087 8172
4101 4108 8209
4146 4179 8325
4067 4070 8137
4074 4137 8211
4032 4236 8268
3967 4156 8123
4115 4135 8250
3957 4074 8031
4222 4271 8493
3984 4113 8097
4081 4153 8234
4100 4147 8247
4203 4271 8474
4225 4240 8465
4158 4174 8332
4014 4105 8119
4170 4212 8382
3961 4162 8123
4006 4220 8226
3997 4126 8123
4105 4205 8310
4056 4213 8269
4138 4207 8345
4166 4192 8358
4108 4196 8304
4071 4213 8284
4034 4240 8274
4218 4271 8489
4026 4135 8161
4058 4143 8201
4092 4095 8187
4255 4264 8519
4216 4257 8473
4071 4241 8312
4099 4188 8287
4024 4026 8050
4210 4216 8426
4088 4093 8181
3920 3963 7883
4116 4133 8249
4135 4178 8313
4056 4155 8211
4040 4097 8137
4103 4198 8301
4246 4266 8512
4080 4158 8238
3986 4107 8093
4042 4110 8152
3925 4162 8087
4218 4224 8442
4103 4164 8267
4112 4228 8340
4080 4143 8223
3982 4122 8104
4034 4119 8153
4107 4146 8253
3964 4116 8080
4058 4178 8236
4140 4186 8326
4056 4118 8174
3955 4016 7971
4098 4104 8202
4024 4087 8111
3996 4203 8199
4040 4241 8281
4189 4201 8390
4050 4118 8168
4224 4257 8481
3995 4054 8049
4074 4160 8234
4073 4248 8321
4202 4205 8407
4166 4285 8451
4136 4206 8342
4029 4233 8262
4250 4286 8536
4117 4138 8255
4094 4227 8321
4073 4179 8252
4203 4272 8475
3968 4209 8177
4054 4089 8143
4180 4229 8409
4026 4225 8251
4195 4229 8424
3912 4166 8078
4099 4130 8229
4095 4199 8294
4235 4279 8514
4213 4239 8452
4107 4189 8296
4018 4183 8201
4042 4069 8111
4111 4233 8344
4205 4213 8418
4161 4170 8331
4107 4196 8303
4207 4250 8457
4062 4220 8282
4163 4183 8346
3983 4086 8069
4167 4256 8423
4166 4195 8361
4140 4235 8375
4018 4028 8046
4034 4204 8238
4087 4204 8291
4161 4218 8379
3973 4240 8213
4082 4097 8179
4240 4273 8513
4072 4092 8164
4089 4195 8284
4030 4053 8083
3922 4151 8073
3991 4067 8058
4093 4143 8236
4164 4172 8336
4222 4296 8518
4236 4266 8502
4185 4224 8409
4215 4216 8431
4203 4234 8437
4030 4117 8147
3938 4157 8095
4081 4122 8203
4093 4261 8354
4108 4252 8360
4198 4252 8450
4022 4249 8271
4069 4178 8247
4051 4106 8157
4129 4148 8277
4040 4153 8193
4018 4156 8174
4211 4233 8444
4234 4294 8528
4066 4223 8289
4148 4249 8397
3971 4166 8137
4128 4249 8377
4062 4095 8157
4053 4267 8320
4278 4296 8574
4117 4137 8254
4081 4109 8190
4124 4280 8404
4037 4081 8118
3952 3970 7922
4204 4242 8446
4193 4218 8411
4116 4159 8275
4069 4158 8227
3980 4129 8109
4036 4070 8106
4084 4088 8172
4061 4198 8259
3979 4168 8147
4083 4212 8295
4045 4180 8225
4101 4221 8322
3932 4202 8134
4039 4218 8257
4122 4130 8252
4111 4230 8341
4136 4140 8276
4046 4102 8148
4152 4216 8368
4115 4170 8285
4094 4098 8192
4157 4190 8347
4125 4220 8345
4135 4221 8356
4053 4080 8133
3987 4092 8079
4210 4239 8449
4204 4210 8414
4017 4047 8064
4147 4228 8375
4147 4208 8355
4049 4126 8175
4137 4169 8306
4075 4186 8261
4077 4108 8185
4225 4238 8463
3982 3989 7971
4074 4177 8251
4009 4121 8130
4162 4214 8376
4118 4167 8285
4119 4192 8311
4014 4188 8202
3964 4155 8119
4211 4225 8436
4079 4173 8252
4070 4153 8223
4083 4091 8174
4063 4240 8303
4081 4196 8277
4107 4113 8220
4268 4288 8556
4012 4023 8035
4162 4222 8384
4011 4159 8170
4124 4145 8269
4117 4237 8354
4041 4129 8170
4062 4136 8198
4017 4150 8167
4075 4185 8260
4217 4267 8484
4192 4204 8396
4115 4147 8262
4101 4183 8284
4223 4246 8469
3952 4179 8131
3965 4181 8146
4207 4212 8419
4203 4218 8421
4076 4226 8302
4177 4197 8374
4163 4177 8340
4020 4103 8123
3928 3949 7877
4127 4165 8292
4041 4070 8111
4055 4116 8171
4194 4266 8460
4070 4096 8166
4078 4147 8225
4160 4175 8335
4103 4262 8365
4060 4188 8248
4022 4121 8143
3991 4085 8076
4264 4287 8551
4209 4234 8443
3952 4042 7994
3948 4081 8029
4041 4207 8248
3947 4037 7984
4069 4178 8247
4019 4255 8274
4122 4209 8331
4158 4219 8377
4051 4091 8142
4030 4095 8125
4020 4204 8224
4243 4272 8515
4160 4238 8398
4066 4144 8210
4006 4120 8126
4088 4240 8328
4096 4223 8319
3995 4043 8038
4043 4159 8202
4153 4211 8364
4021 4128 8149
4228 4263 8491
3998 4024 8022
4131 4180 8311
4094 4246 8340
4000 4116 8116
4034 4079 8113
4075 4123 8198
4125 4163 8288
4079 4136 8215
4057 4176 8233
4065 4135 8200
4202 4254 8456
4161 4192 8353
3986 4038 8024
4140 4144 8284
4097 4183 8280
4231 4286 8517
4049 4142 8191
4087 4188 8275
4010 4105 8115
4153 4265 8418
4186 4226 8412
4088 4144 8232
4052 4077 8129
4233 4245 8478
4013 4237 8250
4200 4236 8436
4089 4287 8376
4089 4195 8284
3918 4109 8027
4204 4209 8413
4005 4178 8183
4170 4208 8378
4096 4209 8305
4172 4191 8363
4006 4129 8135
4039 4149 8188
4194 4249 8443
4177 4287 8464
4108 4202 8310
4067 4139 8206
4071 4246 8317
4031 4097 8128
4160 4181 8341
4082 4245 8327
4005 4178 8183
4054 4126 8180
4207 4238 8445
4116 4225 8341
4077 4136 8213
4000 4047 8047
4048 4069 8117
4081 4224 8305
4148 4154 8302
4164 4227 8391
3996 4209 8205
4139 4201 8340
3920 4129 8049
4095 4126 8221
4157 4269 8426
4114 4208 8322
4214 4277 8491
3964 4131 8095
3998 4106 8104
4149 4152 8301
4086 4089 8175
4222 4241 8463
4123 4236 8359
4019 4195 8214
4187 4228 8415
4060 4251 8311
4130 4158 8288
4049 4110 8159
4086 4089 8175
4160 4177 8337
4161 4188 8349
3946 4098 8044
3968 4240 8208
4227 4239 8466
4036 4168 8204
3969 4234 8203
4050 4178 8228
4006 4237 8243
4217 4243 8460
4262 4292 8554
4032 4233 8265
4196 4273 8469
4112 4138 8250
4175 4197 8372
4102 4187 8289
4052 4053 8105
4027 4136 8163
4071 4165 8236
4102 4156 8258
4090 4131 8221
4043 4189 8232
4066 4079 8145
4192 4253 8445
4193 4262 8455
4143 4158 8301
4095 4133 8228
4009 4182 8191
4144 4181 8325
4150 4260 8410
4066 4135 8201
4073 4121 8194
4006 4170 8176
4147 4275 8422
4001 4146 8147
4039 4079 8118
4249 4266 8515
4136 4203 8339
4231 4243 8474
4065 4232 8297
4109 4147 8256
4239 4274 8513
4216 4230 8446
4134 4162 8296
4287 4288 8575
3931 4104 8035
4118 4160 8278
3983 4126 8109
3933 4159 8092
3948 4125 8073
4087 4215 8302
4180 4269 8449
4095 4165 8260
4070 4247 8317
3978 4111 8089
4194 4202 8396
3982 3985 7967
4188 4261 8449
4235 4245 8480
4045 4090 8135
4093 4176 8269
4124 4159 8283
4213 4257 8470
4032 4109 8141
4191 4202 8393
4061 4196 8257
4094 4184 8278
4040 4189 8229
4217 4237 8454
4113 4242 8355
4050 4181 8231
4164 4186 8350
4024 4133 8157
4084 4251 8335
4125 4209 8334
4027 4126 8153
4065 4246 8311
4256 4269 8525
4236 4245 8481
4270 4284 8554
4105 4259 8364
4177 4186 8363
4054 4192 8246
4216 4225 8441
4016 4023 8039
4110 4150 8260
4108 4155 8263
3978 4093 8071
4100 4174 8274
4133 4215 8348
4107 4153 8260
3920 4098 8018
4202 4239 8441
4153 4193 8346
4131 4202 8333
4108 4124 8232
4158 4210 8368
4101 4259 8360
3969 4122 8091
4074 4106 8180
4096 4242 8338
4068 4276 8344
3989 4049 8038
4238 4244 8482
4273 4284 8557
4149 4216 8365
4073 4246 8319
4035 4138 8173
4163 4214 8377
4036 4099 8135
4142 4147 8289
4004 4143 8147
4203 4286 8489
4049 4149 8198
4270 4271 8541
4199 4209 8408
4016 4219 8235
4213 4221 8434
4059 4137 8196
4109 4123 8232
4228 4264 8492
4086 4174 8260
4040 4179 8219
4031 4120 8151
4136 4145 8281
4069 4084 8153
4148 4180 8328
4019 4114 8133
4051 4085 8136
4058 4219 8277
3988 4122 8110
4094 4178 8272
4056 4207 8263
4087 4271 8358
3970 4064 8034
4130 4251 8381
4120 4251 8371
4152 4251 8403
4173 4220 8393
4239 4287 8526
4210 4254 8464
4112 4171 8283
3935 4093 8028
4025 4161 8186
4108 4158 8266
4086 4136 8222
4270 4278 8548
4197 4228 8425
4080 4239 8319
4196 4255 8451
4120 4136 8256
4073 4215 8288
4145 4186 8331
4134 4263 8397
4107 4148 8255
4146 4225 8371
4146 4150 8296
3977 4198 8175
3974 4159 8133
4079 4209 8288
4090 4296 8386
4186 4240 8426
4046 4152 8198
4012 4246 8258
4017 4208 8225
4030 4215 8245
4137 4182 8319
4169 4180 8349
4042 4190 8232
4099 4194 8293
4263 4272 8535
3956 4162 8118
3948 3973 7921
4025 4113 8138
4124 4191 8315
4114 4143 8257
4041 4068 8109
3990 4076 8066
4060 4158 8218
3914 4055 7969
4106 4203 8309
4016 4277 8293
4145 4151 8296
4181 4205 8386
3977 4133 8110
3954 4188 8142
4041 4200 8241
4215 4253 8468
4027 4069 8096
4070 4130 8200
4175 4208 8383
4011 4111 8122
4163 4292 8455
4160 4178 8338
4224 4225 8449
4132 4270 8402
4075 4104 8179
4137 4285 8422
4145 4264 8409
4195 4224 8419
4177 4179 8356
4030 4178 8208
3983 4126 8109
4096 4194 8290
4205 4297 8502
4078 4171 8249
4092 4279 8371
4166 4179 8345
4061 4182 8243
4105 4128 8233
4061 4208 8269
4081 4215 8296
4047 4144 8191
4134 4201 8335
4120 4267 8387
4254 4259 8513
4021 4219 8240
3950 3979 7929
4074 4095 8169
4110 4127 8237
4092 4205 8297
4222 4266 8488
4167 4277 8444
4081 4175 8256
4068 4086 8154
4148 4254 8402
4052 4137 8189
4040 4243 8283
4128 4169 8297
4202 4260 8462
4191 4204 8395
4125 4239 8364
4125 4238 8363
4123 4205 8328
4085 4256 8341
4092 4229 8321
4124 4174 8298
4182 4191 8373
4189 4238 8427
4077 4128 8205
4217 4218 8435
4195 4240 8435
4284 4289 8573
4028 4163 8191
3927 4126 8053
4129 4146 8275
3999 4201 8200
4034 4088 8122
4100 4106 8206
3997 4228 8225
4170 4225 8395
4161 4267 8428
4151 4190 8341
4210 4288 8498
4058 4059 8117
4152 4217 8369
4251 4285 8536
4062 4139 8201
4077 4214 8291
3940 4244 8184
4080 4245 8325
4038 4043 8081
4177 4231 8408
4072 4144 8216
3919 4193 8112
4142 4250 8392
4094 4255 8349
3993 4034 8027
3977 4048 8025
4167 4253 8420
4195 4208 8403
3980 4016 7996
4020 4073 8093
4055 4239 8294
4059 4130 8189
4093 4176 8269
4181 4222 8403
4132 4169 8301
4054 4208 8262
4214 4253 8467
4041 4082 8123
4067 4237 8304
4002 4128 8130
4189 4216 8405
4126 4150 8276
4073 4114 8187
3972 4007 7979
4259 4263 8522
3925 4181 8106
3915 4087 8002
4142 4164 8306
4027 4123 8150
4158 4163 8321
4107 4179 8286
4152 4184 8336
4069 4203 8272
4160 4212 8372
4029 4122 8151
4177 4199 8376
4101 4154 8255
4110 4129 8239
4112 4249 8361
4012 4148 8160
4024 4062 8086
4136 4256 8392
4054 4094 8148
4123 4259 8382
4037 4275 8312
4211 4230 8441
4142 4177 8319
4065 4109 8174
3925 4124 8049
4185 4214 8399
4206 4253 8459
4039 4167 8206
4168 4173 8341
3972 4177 8149
4047 4077 8124
4002 4264 8266
4244 4273 8517
4157 4289 8446
4033 4264 8297
4008 4215 8223
3981 4062 8043
4120 4158 8278
4128 4227 8355
4091 4180 8271
4168 4221 8389
4206 4223 8429
4093 4145 8238
3972 4055 8027
4149 4263 8412
4138 4172 8310
4014 4126 8140
4181 4205 8386
4077 4107 8184
4158 4179 8337
4120 4148 8268
3947 4139 8086
4112 4175 8287
4057 4272 8329
4103 4238 8341
4085 4218 8303
4036 4133 8169
4183 4186 8369
4143 4257 8400
4162 4262 8424
4064 4216 8280
4058 4234 8292
4159 4184 8343
4115 4210 8325
4215 4274 8489
3931 4246 8177
4158 4264 8422
4078 4131 8209
4089 4090 8179
4102 4127 8229
4030 4139 8169
3959 4198 8157
4211 4292 8503
4015 4267 8282
4231 4243 8474
4261 4269 8530
4101 4285 8386
4098 4272 8370
3966 4144 8110
4055 4073 8128
3978 4132 8110
4198 4219 8417
4128 4228 8356
4168 4220 8388
3975 4059 8034
4120 4132 8252
4135 4217 8352
3963 4071 8034
4052 4079 8131
4190 4196 8386
4108 4264 8372
4132 4149 8281
4120 4172 8292
4189 4224 8413
4069 4239 8308
4241 4292 8533
4014 4173 8187
4044 4056 8100
4025 4105 8130
4242 4256 8498
4059 4114 8173
4045 4108 8153
4243 4261 8504
3999 4012 8011
4189 4201 8390
4174 4228 8402
4054 4256 8310
4088 4194 8282
4107 4162 8269
4009 4262 8271
3982 4049 8031
4115 4226 8341
4198 4208 8406
3989 4146 8135
3968 4025 7993
4120 4124 8244
4271 4277 8548
4117 4160 8277
4224 4236 8460
4200 4295 8495
3919 4246 8165
4073 4236 8309
4061 4065 8126
4074 4208 8282
4049 4174 8223
4214 4223 8437
4122 4165 8287
4150 4184 8334
4173 4236 8409
3969 3981 7950
4231 4266 8497
4047 4134 8181
4180 4186 8366
4129 4165 8294
4259 4260 8519
4071 4230 8301
4250 4263 8513
4047 4170 8217
4219 4257 8476
4098 4110 8208
4228 4231 8459
4076 4197 8273
4079 4149 8228
4133 4239 8372
4042 4160 8202
4035 4077 8112
4077 4178 8255
4045 4089 8134
4182 4226 8408
4080 4093 8173
4054 4055 8109
4139 4216 8355
4211 4250 8461
4235 4283 8518
4060 4122 8182
4231 4233 8464
4202 4223 8425
4212 4267 8479
3989 4014 8003
4191 4232 8423
4092 4201 8293
4162 4169 8331
4121 4252 8373
4113 4183 8296
4015 4192 8207
4177 4252 8429
4130 4157 8287
3939 3969 7908
4107 4211 8318
3986 4105 8091
4094 4122 8216
4233 4237 8470
4105 4293 8398
4080 4242 8322
4222 4226 8448
4038 4209 8247
4088 4145 8233
4272 4292 8564
4076 4149 8225
4089 4178 8267
4052 4108 8160
4164 4176 8340
3913 4074 7987
4096 4196 8292
4213 4270 8483
3960 4005 7965
4124 4215 8339
4056 4057 8113
3984 4244 8228
4064 4164 8228
4102 4147 8249
4119 4176 8295
4107 4132 8239
4013 4027 8040
3919 4108 8027
3941 4029 7970
3945 4002 7947
4216 4236 8452
3947 3988 7935
4166 4180 8346
4128 4213 8341
4099 4121 8220
4045 4140 8185
4090 4167 8257
4155 4168 8323
4074 4138 8212
4116 4152 8268
4023 4108 8131
3993 4248 8241
4029 4116 8145
4108 4185 8293
4214 4255 8469
4099 4111 8210
4064 4119 8183
4068 4142 8210
4182 4188 8370
4061 4174 8235
4285 4297 8582
4136 4231 8367
4038 4039 8077
4109 4233 8342
4090 4111 8201
4214 4216 8430
4090 4123 8213
4111 4149 8260
3969 4067 8036
4097 4130 8227
4180 4232 8412
4017 4118 8135
4016 4264 8280
4085 4086 8171
4272 4280 8552
4057 4229 8286
3977 4244 8221
3981 4226 8207
4094 4161 8255
3991 4277 8268
4088 4138 8226
4066 4198 8264
4013 4091 8104
4094 4117 8211
4151 4219 8370
4062 4157 8219
4192 4223 8415
4020 4111 8131
4075 4085 8160
3929 4089 8018
4258 4267 8525
4065 4100 8165
4103 4141 8244
4168 4226 8394
4092 4156 8248
4088 4197 8285
4125 4153 8278
4119 4144 8263
4171 4193 8364
4239 4255 8494
4208 4211 8419
4157 4175 8332
4034 4249 8283
4065 4179 8244
4146 4174 8320
4092 4170 8262
4085 4114 8199
4052 4282 8334
4112 4213 8325
4064 4107 8171
3939 4130 8069
4106 4153 8259
4067 4192 8259
4221 4224 8445
3988 4018 8006
4099 4278 8377
4013 4074 8087
4115 4175 8290
4173 4267 8440
4158 4183 8341
4082 4225 8307
4129 4264 8393
4051 4140 8191
4194 4266 8460
4130 4265 8395
4042 4214 8256
4191 4193 8384
4052 4084 8136
4036 4039 8075
4072 4186 8258
4134 4250 8384
3981 4063 8044
4114 4192 8306
4154 4170 8324
4060 4251 8311
4048 4087 8135
4113 4199 8312
4159 4162 8321
4061 4089 8150
4203 4222 8425
4144 4147 8291
4130 4166 8296
4101 4225 8326
4105 4189 8294
4030 4274 8304
4050 4131 8181

4146 4179 8320
4111 4180 8267
4193 4198 8357
4094 4120 8193
4144 4188 8293
4009 4174 8162
4138 4196 8310
4038 4079 8107
4123 4184 8280
4111 4141 8224
4014 4074 8069
4158 4180 8305
4095 4184 8278
4134 4188 8298
4058 4074 8105
4003 4066 8060
4160 4174 8327
4110 4150 8238
4038 4114 8147
4036 4074 8101
4196 4199 8381
4037 4120 8133
4128 4129 8226
4019 4198 8212
4044 4184 8201
4101 4172 8236
4024 4176 8184
4173 4200 8361
4146 4197 8336
4056 4099 8128
4088 4183 8238
4127 4128 8240
4001 4195 8176
4148 4175 8314
4044 4096 8131
4174 4189 8348
4060 4192 8244
4026 4111 8122
4045 4090 8100
4129 4135 8235
4167 4191 8346
4053 4175 8190
4144 4149 8290
4008 4100 8105
4152 4175 8325
4194 4198 8366
4066 4142 8179
4028 4089 8086
4084 4170 8233
4002 4068 8046
4032 4188 8208
4144 4174 8313
4081 4121 8188
4076 4117 8189
4068 4173 8234
4170 4175 8320
4131 4151 8279
4101 4131 8229
4064 4152 8189
4140 4197 8335
4122 4195 8293
4186 4194 8371
4025 4100 8115
4131 4185 8310
4060 4111 8166
4006 4034 8027
4185 4192 8371
4113 4191 8268
4105 4191 8282
4112 4116 8219
4027 4158 8184
4096 4104 8171
4072 4182 8238
4000 4123 8109
4160 4166 8320
4066 4071 8127
4145 4171 8303
4072 4116 8162
4088 4165 8241
4069 4127 8192
4038 4071 8086
4099 4100 8167
4001 4182 8173
4009 4125 8120
4074 4136 8187
4056 4137 8165
4199 4200 8392
4075 4094 8158
4169 4185 8318
4152 4176 8316
4167 4174 8339
4184 4196 8362
4150 4193 8309
4018 4053 8035
4169 4175 8325
4020 4186 8204
4038 4154 8166
4049 4122 8144
4010 4121 8094
4134 4136 8264
4146 4154 8272
4085 4121 8193
4098 4107 8187
4140 4194 8321
4035 4173 8187
4178 4199 8368
4066 4097 8142
4073 4112 8156
4120 4179 8290
4196 4200 8373
4183 4187 8347
4151 4190 8330
4077 4135 8206
4021 4042 8035
4199 4200 8365
4097 4123 8202
4005 4053 8051
4032 4140 8166
4039 4134 8162
4027 4113 8132
4130 4180 8305
4148 4151 8286
4159 4169 8308
4010 4090 8097
4047 4127 8164
4058 4182 8202
4023 4180 8190
4141 4145 8260
4053 4127 8170
4118 4154 8255
4116 4133 8216
4061 4168 8219
4044 4152 8161
4090 4145 8222
4036 4142 8166
4045 4136 8145
4158 4187 8330
4119 4183 8293
4018 4106 8100
4135 4163 8273
4047 4100 8111
4066 4134 8192
4034 4188 8206
4099 4177 8256
4123 4200 8310
4135 4167 8270
4064 4140 8179
4016 4147 8161
4057 4191 8216
4162 4196 8319
4130 4198 8322
4083 4162 8219
4100 4149 8227
4159 4188 8346
4173 4199 8368
4126 4129 8243
4056 4105 8141
4146 4188 8328
4027 4187 8185
4039 4047 8062
4137 4198 8320
4101 4166 8258
4121 4172 8258
4001 4169 8144
4082 4105 8183
4144 4167 8288
4178 4190 8364
4175 4188 8351
4019 4123 8125
4085 4149 8197
4080 4119 8179
4136 4191 8318
4142 4179 8306
4071 4158 8207
4054 4175 8209
4190 4195 8364
4029 4133 8136
4073 4095 8165
4017 4030 8026
4195 4197 8355
4117 4142 8227
4157 4197 8333
4023 4106 8100
4094 4188 8266
4112 4156 8249
4080 4129 8180
4049 4158 8203
4005 4022 7999
4163 4199 8345
4042 4051 8090
4123 4139 8251
4098 4104 8173
4004 4190 8186
4070 4132 8172
4157 4160 8309
4186 4187 8367
4177 4197 8355
4155 4191 8307
4147 4195 8306
4167 4178 8311
4196 4198 8375
4090 4198 8287
4007 4063 8058
4049 4081 8093
4179 4187 8351
4188 4199 8376
4151 4173 8305
4044 4183 8210
4066 4200 8246
4004 4050 8021
4083 4121 8172
4102 4194 8293
4045 4082 8094
4133 4138 8255
4179 4196 8339
4081 4148 8206
4182 4183 8361
4004 4160 8132
4079 4174 8216
4102 4115 8181
4068 4189 8232
4198 4199 8395
4141 4188 8291
4052 4107 8151
4043 4185 8223
4046 4061 8081
4019 4039 8052
4152 4153 8302
4098 4140 8221
4178 4199 8362
4051 4131 8178
4004 4102 8102
4048 4094 8109
4059 4181 8216
4127 4174 8264
4028 4074 8098
4036 4175 8197
4074 4185 8244
4131 4158 8274
4018 4171 8154
4134 4147 8261
4187 4193 8361
4193 4197 8357
4056 4171 8199
4049 4091 8105
4082 4191 8270
4154 4192 8328
4179 4187 8333
4066 4104 8159
4154 4171 8291
4106 4135 8227
4092 4169 8245
4066 4072 8105
4175 4178 8352
4120 4133 8250
4031 4108 8138
4088 4180 8240
4108 4109 8179
4077 4187 8252
4194 4196 8362
4031 4176 8183
4158 4169 8305
4161 4190 8326
4041 4066 8102
4130 4160 8264
4103 4190 8265
4082 4188 8247
4064 4185 8232
4182 4196 8371
4027 4120 8141
4020 4193 8209
4139 4144 8258
4014 4134 8117
4158 4162 8288
4048 4134 8171
4158 4175 8304
4026 4113 8112
4194 4200 8364
4181 4190 8337
4081 4100 8180
4118 4199 8283
4045 4082 8093
4054 4152 8205
4146 4197 8318
4116 4134 8215
4035 4138 8136
4097 4122 8181
4014 4096 8102
4169 4198 8357
4149 4153 8300
4030 4065 8057
4126 4138 8226
4151 4152 8274
4013 4141 8152
4031 4083 8108
4121 4124 8217
4184 4194 8360
4135 4180 8297
4162 4172 8328
4131 4132 8245
4009 4071 8068
4008 4035 8010
4175 4186 8335
4034 4036 8052
4010 4019 8009
4176 4184 8342
4011 4134 8133
4178 4182 8327
4128 4158 8282
4096 4176 8271
4103 4143 8231
4048 4052 8088
4064 4066 8129
4197 4199 8389
4122 4161 8254
4037 4045 8072
4039 4085 8107
4080 4194 8268
4004 4090 8087
4131 4141 8247
4092 4156 8220
4077 4114 8178
4102 4144 8236
4072 4093 8133
4025 4148 8171
4055 4188 8208
4165 4173 8314
4073 4184 8240
4109 4114 8193
4053 4170 8206
4126 4162 8262
4167 4193 8327
4019 4132 8132
4003 4153 8151
4197 4199 8391
4116 4138 8241
4162 4179 8325
4070 4122 8184
4112 4128 8229
4090 4188 8271
4078 4181 8240
4015 4027 8039
4012 4107 8109
4083 4119 8196
4097 4121 8199
4070 4173 8237
4146 4183 8324
4177 4198 8366
4107 4168 8256
4031 4073 8098
4115 4157 8250
4101 4130 8223
4177 4196 8353
4010 4200 8190
4092 4144 8224
4108 4125 8213
4141 4191 8306
4136 4167 8294
4116 4193 8302
4004 4078 8078
4139 4145 8272
4093 4198 8253
4107 4141 8216
4165 4199 8351
4065 4148 8211
4013 4124 8116
4107 4110 8199
4084 4132 8211
4132 4154 8283
4008 4165 8161
4076 4132 8170
4012 4095 8073
4051 4058 8072
4194 4198 8367
4184 4198 8348
4171 4199 8350
4082 4093 8155
4041 4184 8191
4062 4111 8139
4076 4081 8138
4088 4194 8260
4100 4193 8259
4086 4097 8174
4116 4144 8250
4194 4199 8364
4030 4038 8052
4023 4078 8087
4055 4068 8122
4127 4192 8313
4091 4168 8243
4180 4190 8362
4069 4141 8201
4198 4200 8388
4005 4054 8048
4116 4165 8260
4169 4196 8346
4169 4194 8361
4163 4178 8306
4046 4199 8217
4068 4130 8184
4090 4104 8166
4172 4183 8345
4175 4192 8346
4073 4169 8223
4075 4103 8174
4119 4145 8262
4127 4172 8282
4081 4122 8199
4012 4096 8077
4008 4032 8039
4125 4188 8296
4102 4131 8201
4039 4099 8120
4021 4200 8188
4167 4173 8319
4118 4157 8243
4068 4138 8183
4130 4181 8305
4046 4144 8164
4150 4199 8310
4197 4200 8368
4046 4146 8161
4119 4192 8279
4177 4196 8371
4088 4178 8240
4148 4161 8301
4028 4084 8085
4121 4180 8267
4114 4175 8255
4030 4178 8178
4023 4083 8072
4085 4098 8159
4129 4166 8267
4123 4171 8287
4107 4189 8266
4123 4153 8274
4044 4155 8172
4070 4108 8149
4184 4189 8360
4190 4194 8380
4048 4169 8214
4134 4153 8283
4072 4144 8205
4157 4185 8326
4019 4089 8100
4098 4124 8209
4180 4185 8336
4089 4178 8253
4135 4150 8279
4057 4156 8208
4124 4152 8270
4168 4176 8316
4120 4133 8234
4128 4177 8301
4190 4192 8363
4022 4132 8139
4073 4173 8217
4034 4090 8105
4007 4161 8149
4033 4063 8088
4053 4171 8198
4148 4173 8288
4181 4184 8361
4013 4189 8181
4015 4063 8055
4138 4159 8280
4020 4036 8021
4133 4178 8305
4164 4200 8330
4028 4095 8113
4065 4084 8121
4047 4070 8109
4174 4195 8340
4126 4132 8245
4109 4116 8210
4091 4134 8221
4012 4155 8159
4132 4181 8280
4142 4195 8331
4185 4199 8361
4137 4191 8303
4178 4191 8354
4122 4199 8306
4150 4198 8343
4168 4192 8351
4022 4148 8139
4144 4185 8295
4181 4187 8348
4156 4181 8300
4195 4199 8375
4184 4191 8372
4103 4113 8212
4139 4159 8274
4191 4193 8357
4086 4109 8163
4041 4146 8162
4118 4130 8214
4017 4147 8163
4102 4187 8280
4176 4184 8356
4095 4098 8174
4014 4029 8035
4192 4197 8382
4185 4188 8368
4062 4190 8225
4174 4182 8349
4143 4184 8319
4141 4163 8295
4040 4191 8206
4052 4176 8215
4155 4166 8282
4142 4185 8300
4011 4056 8056
4170 4171 8335
4178 4192 8361
4175 4181 8330
4019 4174 8185
4008 4069 8050
4118 4140 8237
4050 4167 8199
4053 4102 8136
4053 4100 8152
4156 4187 8321
4069 4178 8215
4173 4175 8322
4186 4200 8368
4069 4167 8214
4161 4174 8324
4001 4068 8046
4059 4153 8202
4133 4170 8297
4168 4179 8346
4134 4161 8272
4056 4136 8180
4191 4198 8381
4024 4178 8168
4113 4125 8228
4050 4149 8164
4145 4179 8303
4112 4124 8220
4050 4069 8110
4063 4089 8131
4099 4198 8273
4148 4177 8299
4068 4092 8155
4161 4167 8322
4107 4177 8282
4198 4200 8383
4193 4194 8364
4191 4192 8363
4139 4154 8292
4039 4093 8098
4012 4026 8033
4033 4139 8142
4062 4086 8112
4129 4167 8274
4194 4196 8370
4102 4143 8237
4173 4185 8332
4197 4198 8358
4123 4145 8244
4120 4187 8283
4110 4138 8227
4129 4170 8297
4173 4196 8354
4169 4192 8358
4095 4111 8171
4055 4144 8183
4051 4167 8189
4174 4183 8340
4167 4197 8331
4147 4200 8328
4053 4126 8145
4098 4165 8253
4077 4138 8211
4083 4136 8215
4105 4133 8218
4071 4098 8163
4065 4171 8202
4058 4118 8175
4185 4199 8350
4013 4146 8151
4002 4023 8019
4015 4111 8124
4099 4107 8197
4103 4110 8202
4139 4163 8285
4087 4093 8146
4004 4144 8127
4013 4115 8115
4076 4157 8219
4022 4200 8194
4180 4184 8334
4099 4135 8229
4053 4068 8106
4050 4166 8200
4136 4153 8256
4120 4194 8288
4111 4126 8221
4138 4157 8291
4127 4129 8233
4034 4051 8077
4121 4200 8308
4068 4184 8247
4176 4199 8366
4136 4177 8283
4017 4062 8054
4138 4196 8319
4052 4180 8201
4185 4194 8360
4090 4160 8243
4125 4181 8280
4001 4073 8071
4050 4182 8210
4176 4199 8352
4039 4103 8117
4148 4189 8307
4097 4126 8207
4017 4143 8127
4135 4158 8272
4024 4191 8192
4176 4187 8357
4075 4158 8204
4152 4156 8288
4174 4179 8339
4172 4178 8342
4041 4199 8218
4047 4067 8095
4027 4074 8066
4051 4173 8188
4189 4191 8344
4160 4196 8329
4127 4178 8270
4044 4125 8142
4018 4183 8193
4199 4200 8389
4114 4121 8212
4003 4185 8183
4098 4134 8213
4133 4187 8287
4156 4186 8328
4121 4152 8246
4192 4198 8354
4094 4118 8209
4140 4170 8287
4073 4182 8238
4051 4086 8129
4184 4189 8363
4159 4169 8302
4066 4175 8232
4195 4197 8358
4159 4161 8307
4184 4194 8377
4077 4113 8163
4008 4144 8145
4184 4189 8367
4080 4142 8185
4125 4130 8239
4145 4179 8312
4035 4183 8202
4085 4196 8278
4162 4171 8329
4176 4180 8348
4172 4191 8354
4050 4086 8101
4107 4157 8242
4178 4191 8335
4142 4156 8269
4068 4161 8195
4034 4195 8201
4031 4164 8174
4056 4107 8141
4089 4156 8233
4170 4187 8320
4000 4198 8192
4169 4196 8347
4173 4183 8335
4000 4016 7987
4022 4028 8021
4164 4200 8336
4117 4189 8282
4001 4024 7993
4070 4112 8159
4133 4184 8305
4148 4186 8331
4123 4194 8298
4092 4125 8192
4062 4112 8164
4056 4183 8204
4149 4198 8317
4077 4081 8144
4057 4171 8201
4018 4136 8124
4161 4198 8357
4162 4177 8338
4028 4111 8104
4037 4053 8069
4164 4189 8319
4008 4082 8061
4005 4156 8123
4070 4104 8145
4085 4197 8268
4184 4186 8369
4024 4114 8111
4117 4127 8212
4061 4105 8141
4117 4157 8235
4072 4180 8232
4120 4146 8259
4164 4187 8328
4111 4116 8198
4022 4150 8167
4060 4080 8128
4091 4110 8194
4101 4174 8249
4085 4095 8159
4050 4179 8221
4137 4185 8318
4156 4198 8316
4081 4084 8155
4137 4183 8318
4006 4084 8063
4106 4169 8274
4114 4153 8231
4136 4141 8265
4096 4194 8261
4057 4085 8126
4134 4141 8249
4055 4184 8235
4171 4175 8307
4190 4193 8362
4035 4183 8188
4100 4136 8198
4031 4108 8130
4093 4120 8196
4181 4185 8349
4082 4095 8160
4107 4170 8242
4116 4134 8236
4162 4182 8332
4024 4038 8051
4087 4189 8240
4142 4183 8302
4043 4097 8132
4154 4164 8300
4082 4163 8214
4163 4172 8316
4058 4070 8106
4002 4168 8141
4099 4149 8222
4119 4175 8271
4072 4176 8242
4063 4180 8240
4091 4125 8182
4189 4194 8374
4171 4196 8335
4098 4168 8229
4137 4138 8273
4083 4142 8208
4105 4126 8211
4088 4136 8205
4185 4191 8359
4031 4157 8181
4187 4194 8368
4028 4086 8110
4025 4036 8027
4032 4080 8080
4015 4046 8055
4003 4160 8148
4173 4195 8347
4093 4179 8261
4143 4144 8272
4187 4192 8353
4189 4199 8358
4173 4185 8332
4034 4142 8169
4114 4123 8210
4007 4182 8174
4189 4194 8358
4127 4170 8270
4092 4179 8247
4054 4131 8167
4033 4135 8165
4183 4185 8361
4012 4100 8100
4140 4150 8277
4121 4194 8288
4168 4170 8336
4059 4104 8158
4117 4151 8244
4122 4132 8241
4044 4173 8214
4149 4198 8318
4113 4190 8279
4043 4152 8193
4093 4133 8188
4154 4200 8343
4034 4036 8035
4011 4018 8016
4172 4193 8354
4031 4034 8046
4167 4200 8357
4117 4137 8238
4094 4179 8264
4162 4193 8321
4140 4149 8275
4010 4177 8169
4036 4071 8096
4122 4194 8311
4104 4188 8258
4031 4195 8211
4055 4059 8081
4165 4190 8348
4174 4177 8348
4161 4174 8309
4162 4181 8337
4194 4200 8364
4006 4147 8118
4112 4167 8260
4059 4084 8111
4125 4198 8291
4099 4193 8281
4129 4188 8310
4195 4196 8361
4123 4170 8284
4104 4179 8253
4031 4079 8081
4185 4194 8369
4026 4073 8072
4109 4189 8270
4081 4090 8145
4195 4199 8360
4131 4180 8284
4154 4183 8298
4057 4143 8172
4138 4189 8320
4079 4086 8163
4177 4188 8328
4130 4180 8287
4030 4135 8156
4051 4174 8205
4042 4086 8109
4079 4134 8183
4162 4169 8297
4052 4134 8153
4191 4199 8361
4104 4120 8196
4113 4151 8236
4126 4179 8291
4169 4175 8308
4138 4199 8312
4083 4174 8253
4162 4173 8321
4153 4186 8327
4199 4200 8361
4039 4098 8101
4092 4182 8259
4054 4197 8229
4165 4170 8310
4089 4191 8275
4053 4103 8120
4103 4142 8218
4172 4174 8342
4199 4200 8375
4019 4021 8009
4192 4199 8358
4012 4173 8178
4122 4164 8284
4150 4163 8302
4174 4196 8356
4104 4195 8291
4125 4151 8269
4088 4155 8221
4014 4046 8059
4175 4195 8339
4079 4183 8224
4166 4170 8327
4037 4102 8108
4076 4137 8195
4008 4088 8063
4044 4146 8186
4174 4185 8343
4001 4007 8006
4134 4148 8244
4052 4150 8198
4025 4168 8167
4108 4113 8191
4123 4157 8249
4126 4157 8278
4054 4071 8089
4058 4062 8102
4013 4035 8046
4019 4064 8048
4005 4086 8071
4176 4180 8342
4019 4025 8013
4069 4095 8143
4094 4135 8227
4034 4099 8118
4134 4174 8272
4088 4127 8194
4149 4175 8302
4091 4110 8174
4084 4137 8206
4114 4155 8236
4014 4165 8163
4087 4089 8159
4144 4176 8292
4178 4200 8362
4125 4132 8247
4077 4162 8208
4162 4173 8308
4089 4124 8200
4047 4117 8142
4191 4200 8362
4168 4196 8340
4031 4072 8095
4150 4186 8321
4042 4167 8194
4194 4198 8383
4016 4028 8042
4023 4091 8084
4051 4086 8107
4155 4193 8315
4173 4182 8324
4024 4051 8059
4110 4196 8271
4147 4161 8299
4189 4191 8350
4054 4200 8236
4020 4187 8197
4036 4191 8208
4053 4142 8164
4070 4188 8252
4160 4186 8313
4166 4193 8330
4008 4155 8142
4078 4105 8156
4060 4139 8198
4140 4166 8283
4156 4169 8323
4053 4132 8153
4012 4144 8132
4028 4161 8171
4164 4170 8332
4024 4134 8152
4168 4198 8341
4116 4128 8240
4109 4165 8262
4095 4125 8186
4108 4168 8269
4174 4178 8341
4156 4160 8306
4146 4157 8302
4120 4132 8231
4117 4125 8213
4112 4150 8225
4050 4164 8202
4109 4122 8228
4095 4107 8177
4161 4166 8289
4067 4186 8249
4073 4113 8164
4103 4111 8209
4023 4199 8195
4029 4162 8164
4162 4184 8316
4129 4155 8282
4020 4049 8063
4145 4197 8326
4035 4076 8091
4049 4077 8095
4176 4186 8338
4185 4193 8351
4143 4168 8300
4135 4196 8312
4082 4150 8226
4167 4186 8337
4169 4195 8355
4092 4151 8205
4123 4198 8282
4081 4137 8195
4080 4092 8147
4063 4149 8210
4128 4161 8281
4025 4038 8034
4066 4115 8158
4127 4168 8262
4159 4164 8302
4069 4139 8206
4036 4109 8116
4157 4193 8346
4098 4156 8247
4128 4134 8239
4053 4108 8130
4111 4113 8210
4032 4125 8155
4059 4096 8143
4126 4197 8304
4052 4091 8138

0.010000 0.630000
