1000
4279891
4053 4253 8306
3973 4011 7984
4195 4198 8393
4228 4232 8460
4116 4209 8325
4167 4174 8341
4138 4150 8288
4159 4181 8340
4107 4242 8349
4140 4204 8344
3964 4124 8088
4091 4114 8205
4021 4128 8149
4095 4248 8343
4269 4292 8561
4158 4208 8366
4186 4258 8444
4287 4293 8580
4152 4180 8332
4157 4266 8423
4150 4263 8413
4063 4081 8144
3969 4066 8035
4037 4151 8188
4183 4222 8405
4169 4246 8415
4120 4182 8302
4152 4274 8426
4023 4223 8246
4073 4255 8328
4052 4112 8164
4064 4281 8345
4057 4095 8152
4030 4106 8136
4083 4100 8183
3997 4116 8113
4076 4147 8223
4011 4095 8106
4237 4251 8488
4137 4199 8336
4178 4241 8419
4149 4241 8390
4098 4185 8283
4054 4145 8199
4028 4183 8211
4111 4181 8292
4023 4134 8157
4176 4246 8422
4061 4182 8243
4218 4225 8443
4092 4269 8361
4065 4209 8274
4211 4224 8435
4081 4182 8263
4151 4166 8317
4200 4285 8485
4180 4204 8384
4052 4145 8197
4091 4182 8273
4212 4281 8493
3954 4096 8050
4265 4271 8536
4042 4239 8281
4139 4166 8305
3980 4065 8045
4038 4199 8237
3956 4169 8125
4102 4135 8237
4227 4256 8483
4101 4126 8227
4230 4236 8466
4236 4253 8489
4121 4162 8283
4234 4236 8470
4055 4228 8283
4030 4094 8124
4037 4065 8102
4175 4245 8420
4021 4172 8193
4205 4212 8417
3921 4149 8070
3943 4104 8047
4174 4199 8373
4112 4208 8320
4035 4102 8137
4171 4225 8396
4061 4199 8260
4093 4125 8218
4118 4239 8357
4061 4201 8262
4119 4132 8251
4123 4213 8336
4187 4191 8378
4044 4155 8199
3923 4106 8029
4171 4189 8360
4078 4114 8192
4280 4287 8567
4178 4267 8445
4227 4271 8498
3956 4125 8081
4100 4161 8261
4064 4139 8203
4094 4227 8321
4075 4085 8160
4026 4123 8149
4247 4274 8521
4103 4171 8274
4113 4165 8278
4140 4192 8332
4077 4262 8339
4092 4133 8225
4113 4239 8352
4018 4030 8048
3922 4021 7943
4097 4234 8331
4215 4235 8450
3965 4087 8052
4062 4126 8188
3944 4119 8063
4066 4125 8191
4058 4180 8238
4126 4171 8297
3965 4207 8172
4212 4220 8432
4075 4143 8218
4014 4173 8187
3948 4037 7985
4014 4044 8058
4139 4157 8296
4046 4108 8154
4019 4157 8176
4089 4144 8233
4204 4213 8417
3967 4123 8090
4008 4158 8166
4123 4160 8283
4122 4165 8287
4171 4174 8345
4091 4138 8229
4232 4265 8497
4120 4240 8360
3981 4055 8036
4158 4277 8435
4174 4228 8402
3986 4164 8150
3977 4115 8092
3930 3948 7878
4106 4215 8321
3987 4157 8144
4096 4187 8283
4107 4239 8346
3946 4096 8042
3956 4063 8019
4071 4101 8172
4071 4224 8295
4097 4245 8342
4072 4249 8321
4050 4079 8129
4053 4119 8172
4191 4254 8445
4064 4138 8202
4132 4140 8272
4127 4231 8358
4069 4174 8243
3976 4200 8176
4132 4167 8299
4139 4143 8282
4120 4237 8357
4085 4190 8275
4130 4151 8281
4224 4260 8484
4225 4245 8470
4160 4187 8347
4238 4254 8492
4042 4068 8110
3953 4057 8010
4113 4167 8280
4100 4224 8324
4210 4243 8453
4058 4145 8203
4055 4104 8159
4040 4097 8137
4046 4154 8200
4053 4057 8110
4207 4208 8415
3907 4097 8004
4114 4162 8276
4064 4091 8155
4231 4297 8528
4111 4132 8243
4004 4183 8187
4174 4201 8375
4079 4261 8340
4094 4148 8242
4161 4229 8390
4168 4201 8369
4081 4144 8225
4034 4133 8167
4213 4253 8466
4175 4214 8389
4192 4195 8387
4070 4094 8164
4237 4288 8525
4114 4173 8287
4124 4223 8347
4150 4211 8361
4139 4148 8287
4048 4201 8249
4208 4250 8458
4125 4187 8312
4035 4196 8231
4115 4161 8276
3998 4281 8279
4107 4157 8264
4018 4096 8114
3988 4204 8192
4101 4205 8306
4227 4281 8508
3953 3990 7943
4033 4057 8090
4026 4098 8124
4114 4183 8297
4013 4165 8178
3936 4166 8102
3980 4162 8142
4080 4228 8308
4053 4112 8165
3985 4226 8211
3970 4105 8075
4140 4222 8362
4122 4254 8376
4114 4194 8308
4102 4151 8253
4149 4223 8372
4113 4143 8256
4153 4155 8308
4014 4066 8080
4109 4152 8261
3996 4151 8147
4137 4138 8275
4129 4234 8363
4028 4052 8080
4135 4241 8376
4005 4044 8049
3978 4138 8116
3970 4166 8136
4166 4173 8339
4013 4098 8111
4121 4158 8279
4157 4198 8355
4160 4164 8324
3930 4104 8034
4108 4160 8268
4210 4249 8459
4250 4258 8508
4081 4185 8266
4094 4096 8190
4145 4199 8344
4200 4225 8425
4163 4165 8328
4234 4257 8491
4087 4132 8219
4112 4127 8239
4203 4248 8451
4085 4202 8287
4153 4263 8416
4262 4265 8527
4045 4105 8150
4221 4234 8455
4179 4181 8360
4042 4043 8085
4091 4158 8249
4140 4157 8297
4161 4183 8344
4154 4167 8321
3960 3967 7927
4030 4213 8243
4006 4173 8179
4178 4228 8406
4152 4183 8335
4100 4183 8283
4119 4191 8310
4039 4053 8092
4113 4263 8376
4027 4051 8078
3950 4050 8000
4053 4259 8312
4144 4239 8383
4191 4231 8422
4121 4262 8383
4070 4113 8183
4047 4054 8101
4011 4230 8241
3948 4095 8043
4162 4239 8401
3966 4086 8052
4218 4290 8508
4129 4202 8331
4159 4195 8354
4110 4156 8266
4201 4208 8409
4040 4158 8198
4034 4172 8206
3999 4069 8068
4135 4143 8278
3992 4094 8086
4174 4191 8365
4025 4252 8277
4192 4258 8450
3977 4025 8002
4148 4213 8361
4028 4063 8091
4154 4184 8338
4013 4186 8199
4210 4241 8451
4221 4239 8460
4061 4128 8189
4109 4214 8323
4077 4111 8188
4099 4142 8241
4018 4135 8153
3983 4005 7988
4096 4141 8237
4131 4143 8274
4078 4107 8185
4100 4188 8288
4182 4195 8377
4232 4271 8503
4026 4184 8210
4177 4275 8452
4054 4263 8317
4179 4203 8382
4074 4130 8204
4085 4125 8210
3947 4142 8089
4113 4149 8262
4145 4260 8405
4143 4265 8408
4022 4264 8286
4247 4265 8512
4053 4178 8231
4161 4225 8386
4132 4206 8338
3948 4171 8119
4037 4131 8168
3982 4170 8152
4105 4114 8219
4041 4112 8153
4071 4217 8288
4208 4282 8490
4159 4211 8370
4116 4136 8252
4120 4166 8286
4029 4081 8110
3950 4123 8073
4116 4164 8280
4133 4230 8363
4130 4262 8392
4022 4244 8266
4226 4236 8462
4153 4183 8336
4139 4172 8311
4233 4270 8503
4250 4269 8519
4201 4242 8443
4093 4169 8262
4078 4101 8179
4129 4147 8276
4145 4277 8422
4222 4240 8462
4044 4260 8304
3944 4078 8022
4111 4154 8265
3995 4101 8096
4031 4035 8066
4228 4240 8468
4099 4144 8243
4064 4092 8156
4163 4194 8357
4106 4111 8217
4095 4109 8204
3966 4119 8085
4000 4095 8095
4125 4128 8253
4232 4257 8489
4126 4214 8340
3992 4017 8009
4180 4208 8388
4142 4179 8321
4135 4215 8350
4176 4241 8417
4131 4212 8343
4100 4177 8277
4245 4281 8526
4126 4271 8397
4085 4161 8246
3997 4075 8072
4074 4127 8201
4097 4167 8264
4178 4286 8464
4164 4258 8422
4146 4195 8341
4035 4128 8163
4219 4220 8439
4127 4143 8270
4021 4252 8273
4042 4195 8237
4214 4217 8431
4281 4299 8580
3971 4054 8025
4086 4276 8362
4097 4234 8331
4093 4132 8225
4171 4183 8354
4010 4057 8067
4081 4133 8214
4200 4277 8477
4007 4110 8117
4139 4231 8370
4189 4229 8418
3978 4176 8154
4046 4153 8199
4153 4283 8436
4090 4208 8298
4101 4293 8394
4090 4201 8291
4078 4139 8217
4120 4139 8259
4070 4138 8208
4158 4267 8425
4150 4222 8372
4078 4183 8261
4069 4185 8254
4166 4194 8360
4169 4192 8361
4076 4226 8302
4117 4228 8345
3935 4177 8112
4054 4149 8203
4126 4183 8309
4255 4258 8513
4071 4136 8207
4060 4088 8148
4132 4228 8360
4072 4185 8257
4212 4237 8449
4064 4177 8241
4088 4110 8198
3933 4187 8120
4008 4112 8120
3981 4038 8019
3973 4146 8119
4126 4268 8394
4072 4088 8160
4127 4213 8340
3974 3997 7971
4173 4238 8411
4118 4176 8294
3989 4142 8131
4063 4223 8286
3950 4175 8125
4157 4159 8316
4237 4243 8480
4026 4182 8208
4255 4272 8527
4095 4213 8308
4160 4234 8394
4031 4246 8277
3997 4019 8016
4110 4157 8267
4035 4141 8176
4145 4190 8335
4107 4215 8322
4148 4247 8395
4134 4230 8364
4062 4154 8216
4044 4285 8329
4172 4185 8357
3994 4232 8226
4051 4111 8162
4093 4101 8194
4237 4259 8496
4058 4138 8196
4135 4247 8382
4057 4088 8145
4152 4259 8411
4005 4079 8084
4109 4221 8330
4213 4227 8440
4068 4167 8235
3977 4159 8136
4098 4105 8203
4038 4100 8138
4191 4224 8415
3976 4056 8032
4022 4099 8121
3959 4062 8021
4055 4203 8258
4096 4194 8290
3979 4201 8180
4161 4240 8401
4030 4104 8134
4176 4189 8365
4140 4184 8324
4129 4258 8387
4220 4266 8486
4136 4141 8277
4132 4203 8335
3948 4110 8058
4101 4148 8249
4169 4226 8395
4103 4135 8238
4111 4281 8392
4161 4181 8342
4161 4231 8392
4222 4228 8450
4074 4178 8252
4162 4264 8426
4225 4235 8460
4281 4290 8571
4209 4285 8494
4212 4241 8453
4085 4188 8273
4006 4076 8082
4118 4137 8255
4036 4111 8147
4035 4256 8291
4196 4226 8422
4168 4230 8398
3993 4141 8134
3971 4032 8003
4070 4111 8181
4098 4141 8239
4225 4270 8495
4126 4251 8377
4072 4082 8154
4135 4145 8280
4127 4243 8370
3995 4249 8244
3961 4101 8062
4023 4240 8263
4202 4289 8491
4084 4179 8263
4161 4171 8332
4031 4148 8179
4199 4263 8462
4084 4120 8204
4024 4081 8105
4021 4247 8268
4085 4282 8367
4112 4128 8240
4158 4180 8338
4147 4261 8408
3988 4200 8188
4018 4148 8166
4015 4113 8128
3994 4156 8150
4188 4221 8409
4097 4133 8230
4148 4254 8402
4189 4273 8462
4121 4233 8354
3996 4064 8060
4093 4172 8265
4201 4228 8429
4080 4185 8265
4142 4255 8397
4080 4139 8219
3925 4069 7994
4107 4238 8345
4099 4247 8346
4070 4261 8331
4154 4243 8397
4246 4262 8508
4146 4202 8348
3980 4197 8177
4123 4260 8383
4011 4205 8216
3989 4016 8005
3971 4059 8030
4052 4199 8251
4070 4188 8258
4073 4078 8151
3980 4015 7995
4112 4163 8275
4106 4282 8388
4005 4174 8179
4137 4249 8386
3992 4091 8083
3971 4061 8032
4238 4244 8482
4116 4156 8272
4069 4136 8205
4163 4210 8373
4019 4127 8146
4167 4230 8397
3920 4156 8076
3961 3967 7928
4115 4154 8269
4160 4251 8411
4099 4127 8226
4086 4195 8281
3945 4224 8169
4135 4172 8307
4048 4162 8210
4046 4137 8183
4100 4126 8226
4236 4262 8498
4256 4267 8523
4082 4105 8187
4126 4144 8270
4004 4046 8050
4112 4216 8328
4052 4190 8242
4168 4281 8449
4107 4129 8236
4045 4088 8133
4270 4279 8549
4181 4269 8450
4143 4264 8407
4104 4217 8321
3917 4257 8174
4073 4241 8314
4201 4246 8447
4030 4088 8118
4053 4086 8139
4177 4187 8364
4123 4151 8274
4090 4227 8317
3979 4136 8115
4195 4223 8418
4098 4105 8203
4002 4018 8020
4031 4039 8070
4165 4189 8354
4042 4212 8254
4154 4212 8366
4136 4166 8302
4244 4269 8513
4021 4076 8097
4081 4197 8278
4157 4219 8376
4130 4269 8399
4273 4277 8550
4081 4172 8253
4136 4139 8275
4237 4243 8480
4156 4183 8339
4081 4094 8175
4116 4155 8271
4125 4148 8273
4217 4260 8477
4046 4084 8130
4192 4255 8447
4126 4199 8325
4095 4241 8336
4117 4199 8316
4269 4275 8544
4107 4278 8385
4104 4185 8289
4179 4210 8389
3958 4159 8117
4156 4170 8326
4070 4118 8188
3950 4100 8050
4011 4050 8061
4239 4241 8480
4209 4261 8470
4038 4054 8092
4011 4146 8157
4145 4242 8387
4084 4168 8252
4108 4130 8238
4137 4210 8347
3941 4178 8119
4035 4255 8290
4109 4154 8263
4104 4226 8330
4100 4133 8233
4127 4150 8277
3973 4116 8089
4199 4269 8468
4122 4150 8272
4083 4098 8181
4057 4263 8320
4061 4238 8299
3914 4208 8122
4211 4243 8454
4063 4228 8291
4050 4150 8200
4235 4250 8485
4197 4267 8464
4165 4198 8363
4023 4132 8155
4091 4135 8226
4176 4190 8366
4197 4211 8408
4112 4165 8277
4111 4112 8223
4159 4233 8392
4073 4119 8192
4088 4218 8306
4034 4158 8192
3924 4223 8147
4227 4249 8476
4054 4157 8211
4266 4277 8543
4119 4148 8267
4212 4278 8490
4065 4087 8152
4168 4181 8349
4070 4096 8166
4155 4158 8313
3989 4259 8248
4193 4228 8421
4106 4134 8240
4146 4211 8357
4135 4227 8362
4052 4139 8191
4065 4105 8170
4139 4168 8307
4257 4280 8537
4079 4172 8251
4052 4248 8300
4025 4280 8305
3970 4099 8069
3923 4232 8155
4108 4212 8320
4014 4154 8168
3967 3998 7965
4208 4252 8460
4092 4112 8204
4000 4101 8101
4181 4222 8403
4021 4107 8128
4179 4262 8441
4087 4236 8323
3974 4052 8026
4248 4250 8498
4223 4254 8477
4215 4260 8475
4228 4262 8490
4175 4275 8450
4098 4169 8267
4043 4104 8147
3950 4043 7993
4092 4227 8319
4119 4169 8288
4094 4194 8288
4222 4244 8466
3960 4142 8102
4166 4214 8380
4233 4262 8495
4127 4202 8329
4084 4145 8229
4240 4243 8483
4200 4238 8438
4000 4164 8164
4005 4035 8040
4060 4067 8127
4126 4145 8271
4020 4162 8182
4168 4206 8374
3946 4221 8167
4082 4142 8224
4096 4190 8286
4086 4105 8191
4237 4288 8525
3998 4207 8205
4076 4126 8202
4158 4212 8370
3973 4194 8167
4177 4187 8364
4118 4211 8329
4075 4146 8221
4078 4087 8165
4132 4173 8305
4040 4214 8254
4215 4264 8479
4090 4185 8275
4176 4294 8470
4196 4201 8397
4160 4188 8348
3944 4192 8136
4144 4206 8350
4187 4263 8450
4159 4180 8339
4196 4241 8437
4066 4113 8179
3978 4155 8133
4069 4138 8207
4022 4211 8233
4102 4238 8340
4130 4267 8397
4110 4203 8313
4258 4272 8530
4116 4130 8246
4089 4232 8321
4088 4210 8298
4165 4177 8342
4181 4212 8393
4138 4246 8384
4114 4124 8238
4121 4181 8302
4096 4178 8274
4223 4246 8469
4104 4212 8316
4026 4087 8113
4131 4136 8267
4091 4236 8327
4108 4157 8265
4108 4177 8285
4178 4205 8383
4107 4206 8313
4101 4130 8231
4051 4233 8284
4183 4220 8403
4217 4218 8435
4193 4216 8409
4155 4228 8383
4119 4165 8284
4251 4297 8548
4244 4276 8520
4191 4214 8405
4173 4270 8443
4251 4256 8507
4068 4079 8147
4151 4223 8374
4044 4247 8291
4010 4154 8164
4254 4265 8519
4043 4155 8198
4110 4251 8361
4043 4174 8217
4024 4270 8294
4245 4255 8500
4120 4186 8306
4110 4194 8304
4142 4269 8411
4194 4249 8443
4151 4182 8333
3937 4070 8007
4057 4141 8198
4266 4274 8540
4152 4202 8354
4150 4280 8430
4065 4092 8157
4074 4127 8201
4242 4243 8485
3986 4152 8138
4049 4175 8224
4193 4198 8391
4093 4244 8337
3944 4144 8088
4052 4110 8162
4072 4101 8173
4160 4191 8351
4051 4091 8142
4138 4267 8405
3969 4109 8078
4218 4244 8462
4107 4214 8321
4117 4147 8264
4142 4250 8392
4017 4118 8135
4245 4289 8534
4059 4214 8273
4118 4144 8262
4053 4067 8120
3926 4193 8119
4208 4209 8417
4075 4218 8293
4115 4142 8257
4096 4176 8272
4203 4242 8445
4266 4276 8542
4035 4126 8161
4145 4269 8414
4043 4248 8291
4062 4104 8166
3941 4095 8036
4001 4151 8152
4158 4278 8436
4132 4204 8336
4264 4279 8543
4022 4211 8233
4116 4188 8304
4073 4253 8326
4095 4140 8235
4100 4253 8353
4103 4112 8215
4173 4214 8387
4040 4085 8125
4130 4169 8299
4019 4035 8054
4150 4157 8307
4186 4217 8403
4098 4230 8328
4086 4141 8227
4124 4125 8249
4097 4141 8238
4169 4249 8418
3915 4098 8013
4182 4258 8440
4110 4150 8260
3949 4077 8026
4090 4141 8231
3947 3999 7946
3978 4023 8001
4105 4246 8351
4080 4119 8199
4006 4138 8144
4229 4252 8481
4119 4194 8313
4151 4165 8316
4160 4171 8331
4210 4228 8438
4197 4263 8460
4141 4208 8349
4131 4227 8358
4147 4204 8351
4008 4069 8077
4280 4281 8561
4124 4234 8358
4132 4254 8386
4034 4083 8117
3913 4040 7953
4270 4279 8549
4109 4137 8246
4041 4120 8161
4170 4187 8357
4027 4079 8106
4013 4086 8099
4099 4200 8299
4019 4277 8296
4016 4056 8072
4207 4229 8436
4098 4193 8291
4037 4057 8094
4152 4155 8307
4116 4186 8302
4039 4070 8109
3993 4056 8049
4201 4283 8484
4152 4228 8380
4023 4143 8166
4099 4167 8266
4103 4272 8375
4019 4115 8134
4105 4159 8264
4062 4172 8234
4168 4181 8349
4150 4290 8440
4117 4130 8247
4212 4234 8446
4265 4297 8562
4271 4276 8547
4044 4198 8242
4095 4211 8306
4115 4188 8303
4089 4150 8239
4114 4137 8251
4215 4277 8492
4068 4125 8193
4009 4070 8079
4080 4200 8280
4149 4180 8329
4174 4211 8385
4284 4291 8575
4087 4111 8198
4098 4153 8251
4150 4221 8371
4157 4230 8387
4056 4175 8231
4089 4175 8264
4187 4191 8378
4279 4291 8570
4176 4267 8443
4106 4168 8274
4160 4176 8336
4077 4128 8205
4124 4185 8309
4020 4101 8121
4157 4188 8345
4042 4090 8132
4032 4157 8189
3976 4105 8081
4129 4173 8302
4090 4180 8270
4127 4255 8382
4211 4246 8457
4093 4159 8252
4237 4252 8489
4112 4272 8384
4098 4174 8272
4149 4248 8397
4121 4249 8370
4244 4258 8502
4015 4018 8033

4015 4193 8201
4051 4111 8124
4110 4190 8271
4130 4132 8260
4125 4197 8308
4100 4170 8243
4054 4146 8198
4166 4196 8338
4171 4186 8335
4097 4160 8230
4028 4155 8173
4005 4091 8070
4097 4166 8243
4147 4190 8330
4193 4198 8357
4111 4165 8259
4167 4176 8339
4195 4199 8357
4156 4190 8327
4166 4189 8339
4178 4185 8357
4097 4104 8180
4050 4127 8150
4010 4090 8069
4089 4191 8260
4175 4187 8348
4058 4109 8140
4184 4194 8367
4095 4135 8201
4151 4191 8315
4074 4145 8187
4138 4188 8320
4147 4180 8300
4056 4175 8202
4109 4167 8253
4088 4197 8269
4029 4060 8081
4098 4114 8175
4162 4186 8320
4181 4186 8332
4137 4149 8282
4157 4187 8343
4055 4114 8165
4070 4082 8148
4058 4141 8198
4081 4119 8199
4084 4103 8173
4133 4159 8276
4127 4199 8302
4137 4166 8269
4172 4197 8335
4028 4132 8129
4120 4129 8246
4166 4187 8350
4121 4176 8268
4166 4190 8346
4091 4107 8170
4007 4107 8108
4189 4193 8367
4163 4185 8324
4051 4171 8188
4166 4184 8321
4087 4176 8229
4159 4177 8303
4071 4081 8137
4028 4113 8122
4045 4114 8151
4060 4103 8150
4183 4194 8373
4061 4199 8223
4134 4141 8264
4136 4200 8307
4128 4174 8277
4137 4139 8275
4125 4140 8238
4097 4139 8219
4115 4150 8239
4128 4161 8272
4038 4106 8117
4191 4198 8361
4016 4067 8059
4001 4043 8026
4144 4155 8297
4145 4182 8299
4002 4184 8175
4178 4198 8350
4059 4114 8138
4140 4177 8279
4062 4141 8199
4003 4157 8141
4069 4158 8218
4119 4178 8277
4177 4191 8339
4141 4164 8277
4023 4174 8173
4133 4171 8278
4087 4135 8197
4194 4200 8356
4144 4173 8315
4153 4200 8325
4043 4057 8095
4137 4140 8270
4062 4097 8153
4112 4170 8249
4008 4064 8038
4011 4193 8193
4153 4194 8326
4181 4188 8356
4058 4088 8136
4137 4139 8242
4132 4163 8294
4153 4165 8291
4014 4194 8171
4056 4098 8134
4014 4026 8015
4191 4200 8367
4119 4191 8307
4003 4012 8000
4139 4188 8306
4011 4132 8135
4093 4100 8192
4049 4178 8196
4097 4136 8203
4008 4196 8200
4121 4197 8295
4011 4082 8069
4106 4168 8256
4010 4025 8001
4080 4136 8203
4051 4063 8111
4076 4120 8190
4070 4128 8197
4027 4068 8073
4144 4157 8268
4025 4125 8133
4074 4142 8182
4086 4144 8192
4186 4192 8356
4087 4094 8176
4140 4199 8308
4160 4166 8302
4091 4190 8274
4078 4084 8145
4164 4191 8332
4082 4157 8222
4074 4148 8198
4014 4135 8127
4027 4038 8044
4119 4181 8275
4075 4193 8260
4149 4196 8336
4097 4172 8238
4030 4181 8189
4028 4080 8072
4000 4010 8003
4065 4145 8182
4175 4176 8314
4132 4182 8290
4095 4137 8208
4040 4050 8084
4151 4174 8320
4153 4156 8298
4194 4197 8388
4093 4189 8262
4009 4107 8113
4061 4122 8179
4041 4183 8201
4170 4196 8360
4030 4200 8209
4150 4199 8315
4073 4105 8167
4150 4173 8308
4152 4193 8309
4179 4192 8346
4179 4194 8340
4019 4030 8018
4027 4054 8043
4098 4127 8198
4062 4175 8228
4146 4167 8296
4031 4194 8215
4025 4161 8176
4037 4167 8186
4137 4156 8257
4044 4095 8133
4128 4173 8274
4003 4161 8144
4139 4191 8322
4160 4183 8317
4194 4198 8381
4066 4109 8169
4052 4098 8117
4108 4125 8226
4138 4164 8270
4119 4127 8208
4105 4171 8237
4074 4113 8150
4083 4129 8184
4011 4036 8019
4193 4194 8365
4157 4182 8300
4173 4184 8320
4081 4169 8238
4198 4200 8380
4154 4179 8316
4131 4154 8271
4126 4141 8261
4156 4159 8304
4123 4143 8241
4170 4200 8352
4184 4185 8367
4021 4105 8110
4084 4153 8220
4070 4187 8255
4191 4199 8378
4066 4186 8234
4014 4123 8113
4092 4174 8263
4187 4191 8343
4030 4077 8085
4032 4062 8079
4095 4113 8171
4051 4088 8133
4090 4199 8260
4011 4119 8108
4050 4187 8221
4120 4150 8251
4007 4034 8015
4033 4155 8171
4007 4032 8003
4052 4150 8180
4122 4175 8260
4113 4150 8258
4198 4199 8395
4177 4189 8347
4112 4120 8221
4087 4140 8206
4045 4066 8074
4166 4183 8323
4043 4126 8161
4092 4123 8206
4110 4175 8280
4048 4077 8101
4108 4150 8241
4088 4114 8174
4044 4066 8074
4055 4089 8139
4099 4115 8196
4044 4091 8101
4032 4075 8099
4099 4140 8231
4125 4139 8243
4014 4020 8014
4021 4174 8168
4156 4170 8289
4186 4194 8362
4019 4156 8150
4023 4048 8040
4126 4131 8241
4176 4196 8343
4177 4190 8329
4153 4163 8295
4007 4156 8136
4183 4184 8336
4155 4184 8318
4152 4161 8303
4146 4182 8296
4184 4196 8361
4019 4049 8034
4134 4162 8286
4184 4196 8345
4079 4112 8164
4066 4068 8106
4147 4163 8298
4084 4102 8148
4111 4122 8227
4007 4047 8044
4034 4178 8189
4068 4166 8217
4143 4158 8292
4069 4087 8142
4095 4135 8206
4072 4109 8159
4108 4148 8236
4156 4175 8293
4008 4124 8103
4039 4143 8162
4060 4188 8213
4110 4141 8216
4143 4154 8296
4189 4194 8375
4074 4185 8238
4015 4087 8064
4026 4200 8203
4036 4177 8200
4118 4166 8248
4045 4064 8071
4147 4191 8315
4068 4147 8188
4098 4107 8174
4042 4061 8091
4119 4143 8229
4119 4171 8257
4099 4110 8173
4088 4143 8218
4062 4119 8168
4002 4150 8137
4136 4164 8295
4110 4188 8268
4159 4171 8309
4060 4119 8141
4124 4141 8251
4063 4162 8202
4070 4099 8134
4108 4158 8262
4157 4165 8288
4189 4194 8358
4127 4195 8310
4152 4153 8290
4087 4159 8233
4080 4096 8153
4024 4117 8128
4031 4040 8060
4046 4137 8145
4177 4190 8346
4098 4117 8200
4091 4108 8178
4089 4114 8187
4188 4198 8365
4104 4105 8208
4152 4198 8326
4127 4165 8281
4079 4105 8150
4091 4099 8188
4163 4188 8325
4042 4129 8162
4018 4064 8067
4178 4188 8359
4107 4187 8292
4019 4195 8209
4173 4180 8324
4060 4130 8174
4195 4199 8361
4159 4173 8321
4015 4180 8166
4004 4083 8083
4080 4167 8235
4138 4187 8289
4044 4199 8231
4064 4134 8196
4190 4192 8377
4118 4158 8273
4074 4080 8117
4188 4198 8349
4060 4123 8154
4008 4143 8126
4126 4193 8317
4052 4184 8231
4146 4186 8302
4076 4159 8197
4145 4165 8276
4112 4198 8308
4060 4102 8149
4172 4176 8337
4166 4175 8307
4173 4191 8354
4165 4185 8337
4078 4122 8178
4084 4107 8162
4102 4190 8282
4173 4179 8338
4044 4191 8227
4039 4125 8136
4038 4124 8132
4051 4178 8191
4007 4027 8014
4182 4198 8368
4178 4200 8361
4069 4152 8203
4140 4177 8293
4022 4100 8096
4029 4070 8085
4034 4142 8151
4003 4058 8060
4064 4067 8099
4158 4168 8304
4107 4144 8216
4008 4026 8016
4106 4155 8248
4065 4110 8167
4177 4198 8369
4103 4160 8232
4082 4194 8274
4057 4173 8220
4180 4185 8363
4159 4173 8309
4146 4176 8301
4072 4139 8206
4035 4047 8080
4025 4150 8156
4187 4192 8376
4181 4192 8358
4155 4174 8322
4062 4111 8156
4163 4197 8338
4141 4181 8288
4082 4195 8247
4109 4114 8191
4164 4176 8326
4196 4199 8378
4060 4154 8184
4141 4192 8305
4120 4170 8264
4160 4191 8316
4078 4110 8151
4072 4092 8128
4007 4087 8065
4192 4196 8354
4004 4077 8068
4159 4199 8332
4157 4181 8332
4060 4081 8138
4019 4105 8111
4193 4200 8379
4161 4191 8347
4132 4198 8292
4115 4161 8267
4003 4080 8053
4197 4199 8391
4076 4093 8137
4193 4198 8377
4181 4186 8338
4119 4127 8216
4042 4137 8156
4069 4142 8181
4176 4179 8354
4050 4199 8233
4144 4167 8308
4006 4095 8098
4044 4131 8159
4116 4153 8254
4162 4177 8304
4011 4079 8073
4003 4007 7976
4091 4193 8268
4102 4153 8249
4125 4155 8273
4059 4087 8111
4047 4136 8171
4004 4142 8126
4105 4123 8198
4078 4097 8148
4051 4122 8162
4156 4176 8307
4156 4176 8301
4122 4134 8238
4030 4048 8064
4182 4184 8343
4096 4119 8204
4038 4128 8145
4070 4124 8165
4026 4152 8177
4124 4136 8255
4170 4181 8349
4060 4147 8200
4162 4185 8320
4185 4187 8336
4123 4149 8258
4069 4200 8256
4062 4114 8165
4024 4117 8104
4011 4159 8162
4121 4142 8252
4068 4165 8213
4151 4153 8268
4133 4181 8282
4059 4067 8102
4085 4199 8249
4110 4198 8279
4088 4147 8201
4027 4074 8066
4036 4107 8107
4139 4191 8308
4069 4137 8181
4065 4153 8195
4113 4162 8258
4121 4168 8265
4105 4154 8233
4075 4130 8187
4162 4172 8332
4076 4113 8184
4057 4122 8176
4066 4174 8225
4126 4138 8229
4194 4197 8360
4028 4133 8136
4095 4143 8204
4002 4009 7985
4154 4182 8326
4019 4112 8106
4008 4156 8128
4134 4149 8279
4025 4092 8115
4130 4143 8243
4154 4169 8318
4158 4190 8333
4181 4194 8341
4054 4107 8137
4039 4107 8137
4010 4082 8090
4034 4124 8123
4166 4167 8328
4188 4197 8353
4194 4195 8383
4108 4190 8261
4195 4199 8359
4129 4130 8251
4163 4171 8303
4113 4198 8291
4174 4195 8352
4182 4199 8370
4175 4189 8342
4139 4176 8287
4006 4176 8170
4021 4136 8121
4051 4081 8099
4072 4192 8249
4075 4184 8252
4181 4189 8345
4162 4198 8343
4034 4109 8117
4009 4028 8027
4129 4168 8264
4115 4166 8280
4189 4199 8358
4074 4168 8233
4112 4129 8222
4117 4134 8244
4146 4151 8281
4042 4161 8196
4050 4196 8245
4082 4182 8230
4178 4194 8364
4032 4150 8173
4084 4132 8195
4064 4154 8214
4104 4189 8282
4117 4181 8269
4071 4108 8150
4114 4174 8264
4136 4190 8312
4169 4194 8333
4072 4103 8141
4151 4178 8309
4005 4154 8126
4063 4079 8112
4009 4142 8130
4039 4147 8166
4184 4191 8357
4016 4040 8053
4125 4164 8278
4163 4195 8327
4123 4138 8239
4063 4125 8163
4081 4180 8241
4128 4198 8307
4071 4094 8148
4199 4200 8371
4014 4157 8149
4002 4084 8069
4071 4168 8224
4130 4148 8244
4157 4177 8317
4093 4146 8210
4183 4190 8346
4095 4162 8238
4062 4116 8168
4080 4188 8239
4106 4158 8251
4007 4053 8035
4012 4052 8057
4080 4198 8249
4161 4175 8305
4031 4139 8153
4021 4027 8029
4092 4198 8275
4199 4200 8360
4066 4143 8183
4103 4159 8254
4075 4187 8249
4062 4084 8143
4151 4189 8309
4028 4119 8110
4020 4197 8193
4089 4127 8196
4117 4174 8258
4195 4199 8390
4015 4114 8113
4023 4026 8041
4023 4099 8110
4164 4188 8330
4070 4104 8161
4168 4195 8326
4020 4142 8134
4061 4173 8210
4067 4184 8244
4075 4081 8150
4031 4062 8072
4139 4192 8298
4165 4200 8357
4019 4039 8025
4035 4115 8149
4014 4134 8139
4154 4199 8341
4042 4163 8180
4080 4198 8265
4030 4037 8055
4110 4129 8211
4193 4195 8377
4087 4182 8249
4148 4180 8308
4160 4179 8324
4007 4196 8194
4077 4175 8229
4141 4182 8315
4051 4140 8170
4144 4153 8295
4105 4118 8215
4042 4149 8180
4155 4164 8294
4033 4154 8176
4126 4157 8259
4097 4125 8218
4056 4073 8126
4039 4122 8129
4105 4113 8193
4071 4195 8234
4138 4157 8267
4074 4169 8233
4178 4182 8326
4033 4111 8135
4090 4121 8190
4112 4130 8228
4183 4199 8349
4196 4199 8366
4150 4154 8270
4174 4198 8352
4141 4156 8288
4125 4158 8276
4155 4169 8286
4069 4089 8120
4044 4050 8057
4196 4198 8357
4069 4163 8206
4162 4188 8329
4065 4198 8238
4102 4166 8242
4114 4151 8261
4182 4183 8361
4150 4192 8318
4153 4162 8288
4106 4114 8182
4007 4149 8131
4149 4198 8340
4095 4130 8212
4030 4171 8178
4039 4064 8076
4139 4142 8273
4134 4182 8289
4086 4145 8206
4010 4053 8058
4177 4183 8341
4162 4169 8303
4172 4174 8311
4051 4173 8200
4027 4181 8192
4092 4193 8253
4139 4170 8299
4186 4198 8369
4011 4075 8060
4138 4181 8301
4011 4200 8179
4165 4198 8336
4072 4098 8153
4116 4179 8269
4103 4200 8268
4097 4185 8269
4004 4192 8169
4183 4194 8372
4083 4171 8220
4059 4189 8215
4144 4157 8297
4155 4175 8293
4127 4169 8257
4029 4143 8138
4169 4173 8341
4115 4198 8297
4192 4196 8376
4092 4146 8231
4037 4091 8123
4169 4191 8343
4014 4028 8033
4108 4151 8225
4078 4193 8239
4021 4144 8145
4151 4168 8311
4085 4177 8245
4178 4179 8346
4073 4100 8166
4158 4184 8316
4016 4036 8036
4174 4198 8356
4094 4132 8189
4101 4138 8235
4022 4162 8147
4098 4138 8218
4070 4073 8133
4162 4170 8301
4059 4162 8214
4106 4147 8221
4006 4021 7991
4104 4107 8195
4197 4198 8373
4125 4156 8263
4151 4195 8334
4029 4189 8206
4064 4146 8180
4009 4194 8191
4033 4121 8121
4114 4189 8284
4045 4076 8089
4170 4182 8335
4045 4109 8139
4014 4067 8056
4133 4143 8274
4026 4038 8042
4161 4189 8348
4093 4166 8224
4023 4045 8036
4154 4189 8330
4151 4164 8292
4177 4189 8358
4174 4178 8322
4191 4199 8388
4175 4194 8353
4024 4158 8169
4012 4120 8130
4047 4150 8193
4133 4182 8294
4146 4191 8304
4160 4168 8309
4037 4153 8157
4110 4140 8232
4176 4183 8337
4113 4145 8255
4140 4148 8256
4173 4185 8348
4121 4169 8268
4004 4115 8114
4085 4088 8156
4056 4102 8151
4189 4192 8347
4071 4085 8154
4149 4155 8301
4016 4179 8180
4144 4178 8295
4090 4122 8199
4005 4191 8188
4196 4198 8367
4017 4109 8095
4018 4080 8089
4069 4155 8215
4051 4158 8177
4190 4199 8384
4127 4174 8293
4105 4154 8234
4097 4151 8226
4048 4147 8164
4094 4166 8226
4176 4177 8340
4166 4191 8346
4149 4196 8317
4145 4183 8327
4150 4159 8298
4032 4181 8179
4110 4120 8203
4090 4185 8268
4067 4114 8179
4161 4181 8308
4049 4089 8135
4063 4162 8214
4090 4092 8149
4093 4164 8240
4127 4139 8262
4033 4200 8208
4106 4174 8241
4169 4194 8338
4183 4190 8352
4139 4175 8300
4096 4114 8181
4126 4133 8221
4099 4156 8218
4149 4186 8297
4142 4197 8318
4127 4195 8314
4108 4125 8214
4130 4162 8279
4180 4199 8352
4044 4081 8104
4154 4200 8324
4113 4186 8287
4138 4141 8271
4057 4106 8142
4085 4141 8212
4195 4200 8356
4172 4188 8358
4128 4181 8273
4141 4173 8287
4175 4197 8369
4130 4176 8286
4153 4162 8306
4195 4197 8358
4199 4200 8376
4146 4176 8289
4189 4193 8380
4159 4200 8347
4159 4166 8304
4001 4118 8096
4125 4183 8302
4128 4156 8248
4011 4134 8110
4177 4184 8329
4074 4167 8212
4055 4151 8194
4089 4092 8172
4013 4190 8195
4198 4200 8363
4095 4140 8233
4107 4143 8220
4042 4177 8203
4173 4178 8323
4163 4175 8324
4032 4097 8092
4014 4059 8061
4179 4193 8360
4110 4111 8184
4172 4193 8335
4045 4183 8197
4073 4119 8170
4197 4199 8386
4006 4082 8079
4040 4191 8219
4129 4154 8273
4149 4185 8331
4038 4050 8081
4055 4168 8185
4036 4173 8195
4108 4186 8256
4151 4165 8285
4169 4197 8349
4014 4190 8178
4149 4156 8277
4073 4162 8201
4132 4134 8244
4144 4162 8287
4047 4063 8104
4148 4189 8319
4061 4146 8204
4026 4130 8152
4001 4108 8074
4004 4194 8184
4108 4112 8208
4097 4137 8207
4148 4180 8308
4190 4194 8350
4164 4166 8299
4197 4200 8383
4022 4050 8049
4154 4192 8322
4047 4189 8231
4026 4154 8176
4001 4069 8066
4094 4198 8290
4124 4181 8281
4046 4121 8129
4177 4181 8335
4108 4192 8278
4164 4170 8320
4139 4160 8285
4060 4141 8195
4046 4183 8202
4112 4134 8227
4100 4161 8240
4006 4171 8147
4168 4175 8330
4086 4104 8157
4126 4169 8265
4128 4131 8240
4168 4195 8353
4118 4120 8222
4032 4104 8106
4162 4173 8298
4165 4183 8311
4002 4087 8085
4154 4183 8333
4051 4130 8171
4016 4102 8084
4066 4130 8162
4017 4092 8091
4067 4069 8115
4107 4152 8220
4123 4148 8268
4043 4167 8194
4196 4198 8357
4169 4172 8302
4071 4074 8113
4063 4097 8124
4197 4200 8361
4120 4191 8283
4132 4189 8300
4187 4190 8374
4121 4196 8285
4039 4169 8207
4196 4198 8365
4060 4200 8234
4119 4181 8289
4042 4053 8093
4003 4080 8047
4193 4196 8360
4178 4182 8343
4114 4124 8210
4131 4152 8265
4013 4059 8041
4088 4137 8199
4014 4151 8149
4080 4196 8273
4042 4111 8148
4139 4154 8271
4088 4125 8190
4065 4093 8150
4070 4125 8193
4153 4175 8315
4016 4065 8061
4030 4048 8055
4144 4195 8318
4143 4146 8280
4067 4073 8121
4079 4101 8156
4036 4196 8217
4066 4145 8184
4058 4107 8146
4036 4123 8135
4181 4194 8352
4155 4196 8327
4049 4052 8067
4164 4172 8297
4166 4199 8341
4186 4187 8361
4062 4192 8238
4076 4164 8210
4127 4152 8250
4001 4066 8055
4091 4170 8239
4193 4200 8384
4047 4137 8170
4006 4152 8125
4110 4136 8238
4149 4165 8279
4091 4130 8187
4188 4195 8356
4087 4149 8218
4006 4063 8033
4171 4175 8342
4175 4176 8312
4004 4178 8151
4180 4183 8352
4095 4190 8255
4183 4191 8350
4125 4169 8255
4172 4181 8317
4119 4195 8311
4016 4094 8101
4199 4200 8384
4087 4197 8278
4068 4129 8161
4080 4176 8229
4069 4194 8250
4002 4087 8074
4075 4132 8192
4070 4199 8235
4182 4190 8358
4140 4180 8290
4092 4100 8164
4143 4197 8311
4090 4176 8252
4093 4194 8283
4192 4194 8363
4178 4200 8346
4167 4195 8350
4023 4029 8020

0.010000 0.520000
