1000
3456334
4129 4254 8383
4266 4295 8561
4091 4126 8217
3989 4134 8123
4117 4130 8247
4163 4242 8405
4099 4213 8312
4123 4139 8262
4173 4281 8454
4151 4226 8377
4004 4161 8165
4230 4258 8488
4119 4191 8310
3975 3978 7953
4086 4096 8182
4170 4284 8454
4045 4112 8157
4183 4224 8407
4132 4245 8377
4204 4235 8439
4058 4163 8221
4249 4253 8502
4088 4129 8217
4018 4069 8087
4257 4299 8556
4040 4207 8247
4094 4289 8383
4056 4282 8338
4206 4233 8439
3920 4080 8000
4184 4266 8450
4233 4272 8505
4126 4148 8274
4093 4145 8238
3953 4078 8031
4202 4224 8426
4164 4202 8366
4058 4187 8245
4237 4266 8503
3976 4189 8165
4002 4024 8026
4188 4194 8382
4223 4255 8478
4263 4288 8551
3981 4113 8094
4099 4100 8199
4234 4247 8481
4017 4135 8152
4108 4181 8289
4117 4283 8400
4151 4236 8387
4066 4237 8303
4171 4180 8351
4085 4165 8250
4208 4236 8444
4192 4252 8444
4176 4219 8395
4145 4186 8331
4149 4229 8378
4143 4277 8420
3985 4129 8114
4084 4132 8216
4240 4252 8492
4050 4255 8305
4034 4142 8176
4081 4132 8213
4175 4181 8356
4122 4197 8319
4045 4124 8169
4103 4128 8231
4000 4140 8140
4058 4128 8186
4207 4256 8463
4115 4156 8271
4110 4174 8284
4087 4179 8266
3961 4197 8158
4230 4256 8486
4067 4164 8231
4084 4232 8316
4167 4168 8335
4218 4261 8479
4075 4152 8227
4008 4200 8208
4060 4198 8258
4036 4078 8114
4018 4051 8069
4138 4244 8382
4274 4285 8559
4058 4151 8209
4163 4198 8361
3973 4092 8065
4077 4119 8196
4110 4283 8393
4161 4240 8401
4075 4101 8176
4057 4114 8171
4078 4129 8207
4022 4180 8202
4032 4066 8098
3973 4110 8083
4156 4190 8346
4150 4270 8420
4211 4291 8502
4079 4153 8232
4109 4188 8297
4201 4268 8469
4257 4295 8552
4175 4188 8363
4137 4234 8371
4066 4158 8224
4166 4273 8439
4145 4208 8353
3935 4084 8019
4207 4212 8419
4217 4235 8452
4244 4295 8539
3988 4132 8120
4105 4196 8301
4062 4121 8183
4043 4118 8161
4129 4190 8319
4135 4182 8317
3960 4061 8021
4004 4019 8023
4114 4240 8354
4061 4195 8256
4092 4093 8185
4032 4087 8119
4097 4252 8349
4124 4253 8377
4171 4283 8454
4114 4250 8364
4166 4187 8353
4106 4160 8266
4205 4231 8436
4143 4218 8361
3946 4229 8175
4063 4274 8337
4113 4139 8252
4018 4128 8146
4067 4182 8249
4209 4233 8442
4068 4147 8215
4125 4131 8256
4063 4265 8328
4083 4210 8293
3920 4006 7926
4024 4243 8267
4015 4089 8104
4166 4275 8441
4283 4297 8580
4119 4203 8322
4238 4272 8510
4055 4083 8138
4074 4118 8192
4007 4075 8082
4207 4244 8451
4083 4238 8321
4055 4123 8178
4055 4145 8200
4264 4277 8541
4122 4146 8268
4085 4099 8184
4100 4209 8309
4065 4185 8250
4048 4244 8292
4068 4077 8145
4075 4143 8218
3973 4009 7982
4183 4198 8381
4096 4112 8208
4079 4188 8267
4209 4233 8442
3970 4100 8070
4210 4249 8459
4243 4278 8521
4006 4169 8175
4135 4152 8287
4081 4190 8271
4004 4113 8117
3966 4041 8007
4121 4237 8358
4016 4126 8142
4115 4147 8262
3999 4112 8111
4145 4164 8309
4076 4218 8294
4098 4151 8249
3990 4043 8033
4208 4245 8453
4072 4157 8229
4130 4143 8273
4035 4271 8306
4288 4290 8578
4057 4118 8175
3961 4077 8038
4117 4161 8278
4118 4206 8324
4118 4218 8336
4060 4189 8249
4033 4266 8299
4063 4113 8176
4116 4169 8285
4083 4137 8220
4136 4267 8403
4157 4159 8316
3913 4240 8153
4046 4276 8322
4101 4133 8234
4073 4117 8190
4095 4258 8353
4142 4169 8311
4147 4207 8354
4219 4258 8477
4198 4215 8413
4021 4159 8180
4200 4206 8406
4181 4275 8456
4096 4175 8271
4081 4122 8203
4113 4284 8397
4000 4174 8174
4135 4141 8276
4130 4232 8362
4084 4131 8215
4161 4182 8343
3947 4064 8011
4066 4104 8170
4122 4260 8382
4061 4188 8249
4122 4146 8268
4024 4139 8163
4084 4091 8175
4120 4161 8281
3994 4061 8055
4046 4078 8124
4136 4152 8288
4148 4179 8327
4151 4171 8322
4206 4235 8441
4011 4253 8264
4035 4102 8137
4243 4272 8515
4090 4177 8267
3988 4134 8122
4146 4170 8316
4111 4147 8258
4100 4144 8244
4137 4238 8375
4136 4206 8342
4191 4209 8400
4144 4181 8325
4128 4129 8257
4144 4214 8358
4089 4133 8222
4190 4239 8429
4166 4235 8401
4106 4152 8258
4089 4119 8208
4274 4278 8552
4082 4118 8200
4077 4113 8190
4179 4188 8367
4065 4268 8333
4068 4175 8243
4184 4217 8401
4250 4264 8514
4028 4107 8135
4138 4186 8324
4006 4228 8234
4051 4179 8230
4092 4155 8247
3974 4157 8131
4106 4239 8345
4104 4211 8315
4144 4218 8362
3933 4218 8151
4091 4146 8237
4037 4091 8128
4138 4281 8419
4132 4210 8342
4073 4132 8205
4246 4255 8501
4050 4176 8226
4179 4199 8378
4087 4100 8187
4123 4234 8357
4196 4254 8450
4003 4166 8169
4032 4156 8188
4092 4122 8214
4079 4250 8329
3996 4262 8258
4012 4119 8131
4154 4212 8366
4162 4269 8431
4043 4044 8087
4109 4229 8338
4036 4189 8225
4006 4137 8143
4132 4140 8272
4127 4234 8361
4098 4139 8237
3961 4065 8026
4106 4240 8346
4033 4094 8127
4176 4229 8405
4071 4210 8281
4196 4230 8426
4129 4268 8397
4119 4122 8241
4187 4221 8408
4177 4207 8384
4076 4203 8279
4110 4173 8283
4150 4218 8368
4081 4176 8257
4061 4189 8250
4034 4235 8269
4018 4151 8169
4098 4164 8262
3957 4199 8156
4003 4213 8216
4129 4168 8297
4017 4118 8135
4252 4282 8534
3962 4103 8065
4071 4170 8241
4138 4209 8347
4170 4173 8343
4065 4163 8228
4179 4205 8384
4165 4245 8410
4046 4134 8180
4152 4168 8320
4196 4242 8438
3975 4132 8107
4108 4164 8272
4242 4252 8494
4076 4237 8313
4028 4171 8199
4153 4238 8391
4095 4156 8251
4197 4207 8404
4206 4269 8475
4181 4226 8407
4121 4149 8270
4200 4222 8422
4107 4280 8387
4013 4042 8055
3998 4055 8053
4087 4217 8304
4050 4248 8298
3968 4134 8102
4169 4214 8383
4137 4193 8330
4212 4257 8469
4034 4222 8256
4125 4156 8281
4236 4254 8490
4174 4264 8438
4134 4194 8328
4030 4221 8251
3947 4006 7953
4197 4252 8449
4252 4262 8514
4184 4196 8380
4042 4161 8203
4124 4160 8284
3957 4239 8196
3945 4146 8091
4148 4215 8363
3909 4203 8112
4195 4203 8398
4200 4206 8406
4184 4199 8383
4279 4294 8573
4168 4214 8382
4188 4229 8417
4224 4244 8468
4273 4297 8570
4176 4253 8429
4060 4234 8294
4102 4181 8283
4060 4106 8166
4097 4133 8230
4109 4159 8268
4089 4278 8367
3965 4135 8100
4077 4259 8336
4075 4199 8274
4206 4249 8455
4065 4221 8286
4022 4087 8109
4000 4206 8206
4066 4119 8185
4232 4259 8491
4155 4225 8380
4101 4266 8367
3977 4068 8045
4242 4295 8537
3955 4034 7989
4065 4119 8184
4272 4276 8548
4054 4083 8137
4092 4228 8320
4096 4114 8210
4028 4132 8160
4009 4036 8045
4035 4090 8125
4084 4129 8213
3939 4169 8108
4157 4230 8387
4068 4174 8242
4017 4124 8141
4180 4267 8447
3972 4169 8141
4104 4293 8397
4118 4217 8335
4212 4219 8431
4021 4088 8109
3941 4046 7987
4056 4261 8317
4071 4203 8274
3984 4187 8171
4101 4213 8314
4262 4268 8530
4132 4152 8284
4019 4167 8186
4161 4205 8366
4081 4101 8182
4138 4143 8281
3958 4119 8077
4092 4221 8313
4070 4165 8235
4081 4185 8266
4087 4191 8278
3936 4272 8208
4038 4153 8191
4010 4017 8027
4087 4213 8300
4032 4156 8188
4165 4276 8441
4123 4125 8248
4123 4183 8306
4128 4150 8278
4104 4125 8229
4244 4257 8501
4148 4256 8404
4019 4144 8163
4078 4145 8223
4171 4288 8459
4097 4100 8197
3994 4102 8096
4192 4247 8439
4171 4260 8431
4124 4190 8314
3993 4124 8117
4213 4288 8501
4028 4244 8272
4085 4106 8191
4092 4119 8211
4142 4237 8379
4154 4267 8421
4082 4258 8340
4057 4171 8228
4072 4282 8354
4126 4179 8305
4047 4298 8345
4051 4247 8298
4050 4224 8274
4062 4094 8156
4164 4196 8360
4106 4157 8263
4254 4275 8529
4090 4160 8250
4136 4191 8327
4127 4154 8281
4097 4160 8257
4160 4215 8375
4201 4204 8405
4266 4284 8550
3930 4176 8106
4028 4173 8201
4075 4256 8331
4151 4184 8335
4292 4293 8585
4033 4186 8219
4159 4208 8367
4239 4266 8505
4152 4195 8347
4115 4240 8355
4118 4289 8407
3980 4130 8110
4097 4218 8315
4134 4142 8276
4248 4261 8509
4092 4111 8203
3957 4127 8084
4051 4215 8266
4138 4175 8313
4162 4176 8338
4035 4137 8172
3967 4040 8007
4069 4139 8208
4090 4186 8276
4079 4083 8162
4050 4074 8124
4037 4079 8116
4279 4280 8559
4115 4135 8250
4127 4192 8319
4148 4268 8416
4137 4214 8351
4013 4116 8129
4084 4104 8188
4226 4272 8498
4261 4268 8529
4136 4180 8316
4077 4132 8209
4049 4113 8162
4136 4148 8284
4127 4153 8280
4048 4111 8159
4132 4204 8336
4041 4149 8190
4123 4215 8338
4136 4182 8318
4105 4249 8354
4046 4111 8157
4149 4213 8362
4117 4160 8277
4088 4200 8288
4212 4237 8449
4248 4292 8540
4013 4195 8208
4046 4223 8269
4092 4177 8269
4024 4228 8252
4155 4212 8367
4036 4134 8170
4242 4256 8498
4047 4085 8132
4047 4106 8153
4102 4135 8237
4092 4153 8245
4101 4163 8264
4067 4089 8156
4174 4241 8415
4149 4265 8414
4117 4141 8258
3964 4078 8042
4061 4235 8296
4017 4044 8061
4053 4177 8230
4229 4235 8464
4128 4212 8340
3938 4002 7940
3942 4235 8177
4011 4021 8032
4056 4136 8192
4224 4255 8479
4188 4197 8385
3955 4115 8070
4222 4225 8447
4184 4266 8450
4025 4143 8168
4184 4212 8396
3964 4148 8112
4099 4119 8218
3978 4033 8011
4210 4256 8466
4073 4119 8192
4117 4179 8296
4181 4256 8437
4147 4271 8418
4099 4209 8308
4076 4205 8281
4011 4235 8246
4205 4210 8415
3974 4242 8216
4071 4203 8274
4132 4138 8270
4209 4218 8427
4075 4109 8184
4074 4171 8245
4210 4269 8479
4192 4228 8420
4093 4157 8250
4169 4193 8362
4048 4118 8166
4218 4231 8449
4028 4193 8221
4003 4144 8147
4051 4106 8157
3919 4015 7934
4161 4166 8327
4190 4258 8448
4230 4285 8515
4238 4252 8490
4028 4235 8263
4206 4259 8465
4160 4239 8399
4079 4124 8203
4189 4192 8381
4193 4243 8436
4038 4091 8129
4218 4282 8500
4081 4199 8280
4114 4187 8301
3965 4061 8026
4099 4248 8347
4228 4249 8477
4090 4115 8205
4140 4210 8350
3978 4069 8047
4013 4058 8071
4085 4164 8249
4154 4156 8310
4022 4037 8059
3959 4098 8057
4174 4242 8416
3972 4124 8096
4055 4103 8158
4129 4234 8363
4080 4176 8256
4077 4175 8252
4109 4249 8358
4007 4248 8255
4148 4178 8326
4052 4149 8201
3984 4060 8044
3927 4206 8133
4142 4231 8373
4069 4152 8221
3981 3990 7971
4035 4091 8126
4155 4238 8393
4051 4064 8115
4167 4179 8346
4244 4259 8503
4030 4034 8064
4218 4232 8450
4126 4144 8270
4160 4233 8393
4078 4195 8273
4135 4180 8315
4129 4235 8364
4152 4285 8437
4117 4251 8368
4146 4193 8339
3980 4091 8071
4120 4221 8341
3946 4169 8115
4114 4181 8295
4105 4118 8223
4184 4216 8400
4055 4253 8308
4052 4235 8287
4118 4161 8279
4060 4160 8220
4122 4181 8303
4068 4075 8143
4058 4103 8161
4104 4155 8259
4080 4199 8279
4011 4049 8060
4072 4198 8270
4194 4235 8429
4177 4239 8416
4185 4241 8426
3935 4182 8117
3969 4085 8054
4161 4165 8326
4191 4265 8456
4084 4238 8322
4073 4098 8171
4117 4192 8309
4134 4175 8309
3954 4223 8177
4022 4233 8255
4160 4218 8378
4194 4296 8490
4069 4079 8148
4059 4271 8330
3936 4087 8023
4048 4063 8111
4113 4174 8287
4081 4157 8238
4037 4157 8194
4177 4264 8441
4200 4249 8449
4070 4161 8231
4072 4167 8239
4220 4244 8464
4066 4072 8138
4105 4119 8224
4170 4206 8376
4020 4022 8042
4074 4221 8295
4105 4233 8338
4146 4266 8412
4170 4181 8351
4142 4236 8378
4175 4219 8394
4142 4177 8319
4080 4164 8244
3962 4115 8077
4148 4172 8320
4009 4130 8139
3967 4114 8081
3966 4032 7998
4053 4105 8158
3990 4217 8207
4012 4163 8175
4142 4191 8333
4170 4239 8409
4114 4174 8288
4153 4168 8321
4147 4160 8307
4143 4229 8372
4132 4137 8269
4085 4284 8369
4098 4172 8270
4026 4238 8264
4090 4112 8202
3991 4224 8215
3900 4222 8122
4240 4290 8530
4263 4272 8535
4152 4192 8344
4091 4245 8336
3946 4162 8108
4031 4092 8123
4016 4207 8223
4265 4278 8543
4037 4266 8303
4139 4174 8313
4195 4271 8466
4219 4228 8447
4057 4130 8187
4209 4240 8449
3985 4194 8179
4048 4190 8238
4170 4216 8386
4099 4121 8220
4172 4269 8441
4133 4137 8270
4159 4178 8337
4150 4188 8338
3968 4077 8045
4079 4104 8183
4167 4182 8349
3937 4200 8137
3937 4155 8092
4185 4212 8397
4021 4062 8083
3987 4131 8118
4102 4162 8264
4060 4121 8181
3989 4093 8082
3997 4229 8226
4045 4185 8230
4159 4191 8350
4201 4251 8452
4051 4083 8134
4135 4223 8358
4064 4116 8180
4045 4091 8136
4192 4197 8389
4021 4083 8104
4023 4078 8101
3949 4143 8092
4049 4058 8107
4099 4283 8382
4184 4241 8425
4100 4250 8350
4166 4211 8377
4061 4112 8173
4012 4225 8237
4040 4116 8156
4165 4219 8384
4252 4289 8541
4141 4192 8333
4173 4223 8396
4238 4277 8515
4061 4106 8167
4132 4247 8379
4115 4121 8236
3975 4071 8046
4144 4264 8408
4048 4123 8171
4016 4075 8091
4077 4149 8226
4189 4254 8443
4069 4192 8261
4120 4123 8243
3943 4051 7994
4250 4286 8536
4023 4141 8164
4166 4195 8361
4207 4241 8448
4111 4157 8268
4126 4160 8286
4121 4181 8302
4109 4205 8314
4249 4252 8501
4069 4090 8159
4025 4076 8101
4208 4232 8440
4086 4203 8289
4110 4263 8373
4085 4144 8229
4064 4170 8234
4177 4283 8460
4041 4152 8193
4203 4257 8460
4146 4187 8333
4181 4196 8377
4123 4209 8332
4208 4227 8435
4008 4150 8158
4129 4142 8271
4141 4175 8316
4078 4245 8323
4156 4165 8321
4115 4278 8393
4071 4181 8252
4080 4172 8252
4125 4244 8369
4120 4135 8255
3985 4057 8042
4209 4226 8435
4089 4238 8327
4168 4239 8407
4111 4123 8234
4104 4230 8334
4092 4098 8190
3964 3977 7941
4148 4237 8385
4001 4131 8132
4029 4205 8234
4066 4213 8279
4055 4178 8233
4134 4158 8292
4092 4117 8209
4015 4051 8066
4072 4113 8185
4010 4087 8097
4209 4214 8423
4005 4186 8191
4184 4212 8396
4008 4158 8166
4058 4112 8170
4131 4152 8283
4121 4197 8318
4094 4206 8300
4173 4183 8356
4184 4237 8421
4200 4221 8421
4072 4121 8193
3959 4220 8179
4070 4186 8256
4112 4161 8273
3983 4207 8190
4176 4251 8427
4025 4086 8111
4085 4183 8268
4078 4084 8162
4087 4133 8220
4043 4121 8164
4013 4140 8153
4079 4256 8335
4014 4158 8172
4101 4177 8278
4098 4100 8198
4137 4242 8379
4053 4235 8288
4178 4223 8401
4128 4259 8387
4103 4166 8269
3963 4002 7965
4216 4261 8477
4123 4147 8270
4047 4136 8183
4002 4144 8146
4132 4152 8284
4064 4131 8195
4064 4170 8234
4148 4254 8402
4242 4263 8505
4183 4224 8407
4155 4203 8358
4079 4137 8216
4168 4195 8363
4238 4250 8488
4123 4247 8370
4106 4245 8351
4012 4128 8140
4045 4193 8238
4235 4243 8478
3998 4079 8077
4087 4204 8291
4104 4274 8378
3967 4188 8155
4061 4211 8272
4036 4076 8112
4103 4125 8228
3992 4147 8139
4194 4213 8407
4130 4220 8350
4223 4231 8454
4008 4168 8176
4176 4191 8367
4278 4282 8560
4169 4226 8395
3991 4242 8233
4157 4237 8394
4052 4143 8195
4111 4112 8223
4042 4137 8179
4107 4151 8258
4171 4181 8352
4189 4219 8408
3952 4074 8026
4008 4121 8129
4033 4232 8265
4216 4218 8434
4187 4269 8456
4078 4168 8246
4163 4216 8379
3994 4002 7996
4111 4197 8308
4081 4262 8343
4075 4145 8220
4238 4277 8515
4025 4112 8137
3950 4135 8085
4223 4268 8491
4040 4089 8129
3977 4071 8048
4138 4269 8407
3943 4086 8029
3987 4208 8195
3922 4055 7977
4265 4293 8558
4176 4186 8362
4155 4255 8410
4092 4198 8290
4007 4230 8237
3971 4121 8092
4207 4251 8458
4268 4280 8548
4145 4245 8390
4159 4229 8388
4225 4243 8468
4014 4126 8140
3998 4289 8287
4067 4081 8148
4117 4200 8317
4192 4275 8467
3979 4151 8130
4103 4140 8243
4092 4097 8189
4047 4187 8234
4161 4226 8387
4096 4176 8272
4067 4157 8224
3988 4016 8004
4014 4184 8198
4004 4211 8215
4180 4216 8396
4205 4255 8460
4126 4256 8382
4250 4258 8508
4062 4116 8178
4058 4119 8177
4196 4199 8395
4108 4114 8222
4208 4229 8437
4041 4140 8181
4080 4160 8240
4095 4255 8350
4043 4237 8280
4062 4275 8337
4085 4234 8319
4257 4263 8520
4197 4213 8410
3973 4116 8089
4037 4099 8136
3969 4228 8197
3971 4230 8201
4098 4196 8294
4026 4135 8161
4099 4109 8208
4133 4148 8281
4097 4168 8265
4190 4231 8421
4102 4165 8267

4107 4154 8260
4190 4199 8353
4074 4086 8148
4020 4149 8140
4043 4078 8095
4192 4195 8355
4186 4191 8345
4136 4148 8277
4177 4183 8335
4105 4134 8219
4072 4183 8240
4163 4176 8338
4175 4196 8352
4008 4010 8004
4031 4048 8066
4130 4192 8292
4056 4110 8152
4098 4133 8199
4089 4176 8253
4169 4196 8348
4132 4149 8243
4171 4194 8333
4054 4188 8241
4003 4028 8029
4193 4199 8363
4138 4147 8276
4031 4194 8207
4059 4188 8215
4174 4185 8331
4003 4104 8089
4192 4193 8371
4163 4177 8331
4085 4167 8217
4046 4054 8074
4006 4116 8104
4196 4198 8368
4087 4154 8240
4066 4129 8171
4162 4198 8331
4008 4095 8076
4061 4089 8120
4123 4138 8248
4160 4178 8327
4194 4196 8386
4038 4180 8216
4112 4158 8262
4160 4200 8355
4089 4177 8249
4155 4194 8322
4183 4195 8369
4191 4194 8355
4100 4190 8258
4080 4095 8169
4049 4095 8117
4108 4181 8264
4144 4174 8313
4187 4196 8369
4123 4182 8289
4126 4133 8244
4177 4186 8330
4085 4119 8170
4055 4077 8112
4188 4193 8380
4148 4187 8304
4065 4146 8196
4075 4107 8165
4087 4111 8183
4108 4183 8258
4063 4169 8228
4019 4076 8072
4089 4167 8223
4014 4102 8082
4175 4187 8352
4055 4059 8108
4068 4087 8145
4064 4084 8111
4027 4103 8116
4165 4199 8358
4119 4127 8245
4037 4176 8198
4147 4148 8256
4196 4197 8357
4082 4134 8188
4101 4118 8214
4059 4099 8147
4078 4110 8156
4089 4103 8166
4170 4198 8356
4177 4195 8334
4157 4179 8299
4103 4132 8230
4069 4184 8238
4059 4124 8181
4177 4187 8336
4171 4188 8327
4036 4128 8144
4154 4165 8284
4067 4071 8131
4046 4120 8154
4131 4164 8283
4008 4189 8176
4116 4126 8224
4092 4183 8272
4115 4200 8279
4068 4197 8241
4185 4196 8359
4146 4169 8294
4161 4196 8350
4096 4099 8165
4146 4160 8278
4089 4169 8253
4151 4198 8326
4098 4192 8261
4002 4110 8102
4161 4162 8284
4179 4199 8372
4146 4200 8332
4074 4121 8182
4187 4191 8349
4015 4081 8085
4083 4196 8263
4144 4148 8269
4097 4186 8257
4016 4066 8053
4036 4072 8088
4056 4169 8192
4113 4124 8217
4020 4092 8094
4086 4109 8177
4083 4180 8230
4104 4176 8264
4184 4197 8353
4053 4153 8168
4160 4186 8311
4084 4139 8214
4112 4142 8216
4155 4185 8305
4023 4143 8163
4101 4186 8265
4043 4121 8131
4036 4041 8048
4121 4171 8288
4132 4133 8251
4041 4061 8086
4057 4192 8248
4061 4188 8242
4107 4117 8220
4013 4054 8066
4095 4185 8245
4111 4155 8237
4186 4187 8351
4195 4198 8380
4165 4189 8352
4182 4189 8367
4004 4098 8095
4080 4195 8266
4060 4081 8125
4186 4190 8359
4140 4153 8265
4104 4109 8195
4083 4125 8187
4171 4192 8329
4122 4183 8272
4109 4153 8261
4151 4165 8286
4140 4195 8328
4100 4151 8231
4045 4173 8204
4051 4150 8165
4029 4031 8036
4165 4182 8326
4112 4156 8231
4094 4151 8231
4131 4144 8261
4019 4147 8163
4145 4184 8316
4165 4180 8307
4100 4172 8239
4091 4119 8189
4019 4102 8088
4059 4108 8159
4033 4105 8124
4189 4191 8366
4027 4141 8146
4135 4157 8264
4060 4093 8145
4092 4116 8182
4072 4146 8210
4160 4194 8324
4001 4037 8012
4182 4195 8358
4073 4124 8159
4038 4168 8186
4002 4199 8192
4194 4196 8366
4069 4107 8162
4034 4052 8054
4045 4083 8126
4130 4200 8317
4169 4179 8310
4134 4172 8273
4115 4181 8288
4035 4112 8118
4130 4194 8300
4017 4118 8118
4154 4173 8298
4102 4147 8235
4008 4196 8185
4140 4179 8303
4026 4099 8099
4167 4187 8349
4060 4199 8230
4142 4160 8278
4123 4131 8235
4131 4180 8302
4157 4172 8306
4116 4137 8247
4163 4180 8327
4114 4176 8287
4044 4139 8162
4008 4057 8030
4078 4197 8274
4078 4082 8128
4094 4170 8236
4152 4189 8332
4056 4065 8093
4124 4154 8263
4024 4065 8079
4148 4165 8299
4096 4181 8252
4146 4199 8332
4051 4118 8166
4010 4062 8035
4078 4088 8164
4072 4124 8184
4037 4056 8070
4012 4164 8159
4124 4191 8276
4188 4192 8370
4072 4089 8145
4172 4196 8347
4083 4158 8212
4004 4016 8018
4152 4179 8314
4042 4078 8092
4018 4041 8054
4062 4105 8137
4121 4136 8243
4033 4134 8129
4055 4193 8240
4193 4195 8386
4129 4157 8272
4135 4161 8288
4117 4197 8302
4195 4198 8374
4037 4160 8188
4183 4189 8339
4118 4200 8292
4186 4190 8339
4064 4186 8220
4188 4190 8342
4075 4091 8160
4158 4192 8349
4138 4164 8271
4098 4183 8262
4005 4193 8171
4194 4198 8378
4175 4179 8343
4040 4099 8112
4187 4195 8367
4078 4182 8235
4003 4135 8100
4169 4199 8362
4000 4094 8077
4016 4166 8151
4082 4183 8245
4148 4200 8319
4002 4155 8127
4126 4166 8255
4135 4177 8290
4114 4200 8302
4120 4135 8218
4044 4052 8065
4158 4166 8290
4066 4149 8212
4127 4150 8250
4123 4152 8254
4176 4187 8359
4105 4163 8251
4028 4153 8158
4125 4161 8275
4000 4038 8016
4169 4171 8301
4089 4194 8263
4050 4093 8134
4085 4156 8217
4173 4195 8364
4009 4114 8114
4132 4181 8300
4061 4125 8185
4101 4170 8252
4075 4105 8152
4103 4164 8250
4147 4159 8270
4002 4121 8107
4193 4199 8391
4006 4016 8001
4129 4135 8236
4156 4157 8294
4122 4161 8245
4121 4172 8255
4024 4058 8044
4184 4199 8375
4136 4190 8289
4079 4198 8256
4110 4118 8222
4082 4173 8246
4098 4130 8209
4161 4198 8332
4101 4176 8240
4004 4107 8079
4177 4185 8346
4008 4136 8135
4069 4183 8233
4099 4133 8230
4025 4069 8080
4184 4185 8356
4036 4159 8188
4102 4131 8232
4115 4119 8209
4101 4111 8182
4152 4196 8324
4146 4186 8318
4133 4179 8282
4059 4092 8113
4061 4154 8200
4122 4188 8307
4062 4125 8177
4076 4172 8245
4187 4199 8385
4111 4187 8281
4126 4190 8283
4139 4170 8290
4108 4142 8227
4100 4112 8187
4127 4199 8290
4169 4199 8357
4042 4191 8223
4112 4152 8243
4162 4194 8341
4037 4105 8129
4006 4093 8061
4105 4195 8277
4081 4169 8216
4013 4036 8022
4076 4150 8206
4166 4180 8339
4160 4171 8315
4055 4145 8188
4042 4124 8137
4183 4193 8344
4097 4170 8237
4155 4170 8309
4005 4147 8151
4009 4053 8059
4177 4178 8338
4165 4178 8332
4102 4137 8200
4046 4080 8088
4053 4088 8138
4045 4194 8235
4015 4163 8173
4132 4184 8304
4006 4132 8121
4141 4172 8312
4188 4196 8378
4137 4185 8306
4199 4200 8387
4113 4122 8205
4122 4133 8235
4128 4153 8245
4197 4199 8389
4094 4158 8243
4120 4152 8247
4047 4131 8155
4039 4161 8176
4089 4175 8250
4187 4188 8356
4160 4196 8342
4012 4112 8117
4034 4199 8213
4103 4144 8226
4149 4200 8339
4152 4161 8274
4117 4167 8264
4001 4120 8090
4015 4022 8006
4184 4194 8361
4092 4193 8263
4037 4199 8211
4034 4128 8150
4174 4198 8342
4020 4027 8015
4108 4165 8244
4179 4180 8330
4139 4140 8240
4117 4152 8250
4139 4196 8322
4032 4105 8130
4031 4059 8081
4018 4169 8154
4063 4181 8229
4000 4148 8126
4198 4199 8366
4144 4178 8309
4047 4053 8073
4136 4181 8303
4034 4172 8193
4064 4195 8240
4172 4200 8365
4139 4163 8286
4028 4093 8112
4009 4111 8088
4113 4163 8253
4021 4199 8209
4034 4177 8185
4184 4199 8359
4163 4169 8328
4099 4107 8172
4060 4164 8189
4165 4189 8346
4031 4071 8069
4190 4197 8371
4016 4059 8054
4138 4175 8292
4074 4130 8169
4172 4200 8346
4162 4169 8297
4008 4178 8163
4025 4067 8085
4060 4062 8095
4088 4142 8218
4084 4159 8220
4167 4185 8336
4074 4077 8148
4178 4179 8340
4028 4103 8116
4092 4133 8198
4177 4189 8336
4052 4190 8218
4082 4155 8208
4108 4117 8207
4193 4199 8358
4030 4095 8116
4066 4133 8187
4130 4171 8282
4122 4191 8282
4052 4102 8120
4058 4141 8198
4189 4190 8378
4021 4153 8139
4129 4142 8244
4159 4191 8332
4158 4159 8307
4197 4200 8372
4157 4194 8332
4122 4158 8263
4129 4198 8305
4075 4135 8201
4051 4199 8219
4045 4166 8207
4147 4161 8306
4075 4113 8161
4129 4139 8248
4122 4147 8257
4183 4196 8353
4087 4106 8179
4140 4164 8287
4189 4190 8370
4139 4180 8313
4098 4180 8266
4105 4131 8235
4177 4185 8323
4010 4094 8103
4057 4102 8134
4164 4194 8325
4103 4105 8175
4196 4197 8363
4024 4108 8127
4070 4165 8229
4183 4193 8367
4108 4118 8194
4096 4140 8222
4117 4190 8300
4037 4065 8089
4157 4161 8312
4199 4200 8396
4175 4188 8328
4161 4170 8310
4036 4129 8149
4005 4175 8161
4095 4157 8215
4190 4194 8348
4081 4181 8238
4023 4052 8066
4001 4099 8099
4083 4155 8222
4011 4144 8132
4028 4041 8052
4090 4094 8150
4192 4194 8357
4093 4137 8192
4180 4191 8348
4171 4193 8346
4124 4174 8295
4077 4105 8170
4048 4191 8228
4153 4192 8306
4178 4189 8339
4187 4198 8367
4067 4174 8237
4039 4062 8066
4100 4160 8258
4049 4078 8091
4143 4180 8285
4077 4141 8206
4040 4086 8097
4093 4184 8245
4089 4131 8191
4107 4169 8239
4102 4154 8247
4195 4196 8378
4036 4105 8127
4119 4121 8207
4131 4193 8312
4185 4197 8370
4069 4117 8160
4140 4188 8304
4104 4141 8214
4043 4169 8206
4129 4168 8273
4054 4098 8148
4145 4162 8303
4134 4170 8282
4029 4106 8103
4158 4164 8288
4011 4080 8083
4012 4082 8064
4122 4145 8249
4115 4189 8266
4165 4176 8312
4097 4188 8266
4022 4101 8114
4105 4157 8240
4080 4081 8137
4110 4163 8235
4155 4171 8322
4132 4185 8281
4036 4045 8044
4029 4139 8165
4032 4043 8065
4037 4063 8076
4135 4183 8302
4160 4170 8311
4023 4178 8163
4185 4187 8360
4107 4200 8280
4004 4112 8112
4084 4138 8217
4046 4055 8063
4022 4027 8015
4025 4112 8104
4180 4182 8357
4030 4074 8088
4049 4088 8122
4134 4161 8288
4140 4196 8319
4092 4117 8208
4151 4157 8296
4047 4172 8191
4136 4147 8276
4074 4169 8222
4143 4157 8263
4180 4182 8340
4194 4198 8387
4053 4102 8142
4059 4073 8109
4183 4200 8359
4120 4157 8261
4029 4142 8164
4072 4199 8233
4146 4172 8292
4178 4190 8337
4096 4097 8192
4050 4119 8137
4032 4125 8120
4015 4022 8013
4083 4156 8222
4195 4199 8373
4186 4190 8349
4163 4165 8295
4078 4186 8236
4129 4191 8313
4110 4187 8271
4136 4173 8275
4125 4145 8240
4166 4168 8296
4002 4029 8017
4157 4184 8305
4121 4133 8253
4048 4102 8116
4018 4081 8066
4103 4161 8230
4129 4175 8298
4056 4080 8118
4100 4168 8261
4025 4050 8065
4108 4131 8235
4015 4067 8074
4081 4163 8209
4098 4119 8192
4058 4064 8108
4116 4155 8261
4068 4091 8137
4092 4097 8177
4143 4168 8278
4094 4128 8215
4109 4143 8248
4123 4178 8267
4044 4161 8179
4098 4166 8233
4047 4057 8068
4069 4101 8158
4010 4131 8119
4146 4182 8321
4045 4088 8132
4002 4057 8027
4034 4186 8201
4119 4190 8286
4097 4116 8200
4104 4178 8263
4153 4159 8301
4079 4109 8181
4133 4143 8248
4178 4184 8340
4060 4191 8240
4127 4152 8240
4154 4170 8298
4194 4198 8381
4181 4197 8365
4133 4156 8271
4139 4174 8276
4062 4168 8206
4184 4197 8349
4025 4160 8148
4162 4171 8308
4140 4164 8284
4100 4152 8215
4150 4186 8325
4145 4169 8303
4101 4127 8225
4139 4188 8289
4022 4148 8143
4108 4111 8186
4029 4051 8052
4081 4131 8205
4157 4160 8299
4092 4100 8170
4171 4190 8331
4173 4191 8340
4194 4195 8358
4154 4174 8302
4010 4183 8172
4016 4075 8063
4114 4142 8220
4170 4196 8332
4143 4165 8295
4139 4166 8291
4091 4138 8208
4098 4196 8268
4048 4173 8209
4075 4151 8222
4087 4127 8199
4175 4198 8335
4137 4140 8254
4054 4198 8230
4035 4179 8185
4055 4150 8194
4044 4162 8197
4100 4177 8265
4071 4121 8179
4168 4175 8329
4167 4200 8354
4101 4180 8261
4034 4144 8161
4156 4161 8299
4101 4169 8265
4072 4098 8164
4112 4141 8235
4038 4068 8090
4151 4200 8343
4187 4191 8362
4150 4197 8333
4097 4167 8258
4129 4154 8256
4167 4174 8332
4189 4190 8357
4033 4106 8118
4014 4053 8063
4189 4200 8378
4046 4056 8083
4056 4191 8239
4059 4066 8087
4075 4099 8137
4046 4192 8211
4042 4189 8202
4098 4161 8255
4076 4191 8263
4198 4199 8373
4066 4079 8131
4197 4200 8385
4062 4130 8155
4046 4083 8125
4182 4188 8338
4157 4193 8323
4122 4147 8237
4178 4191 8330
4046 4160 8184
4000 4162 8129
4189 4192 8367
4182 4185 8350
4121 4169 8266
4155 4160 8299
4010 4117 8099
4029 4095 8093
4051 4133 8166
4184 4196 8365
4079 4167 8243
4048 4112 8141
4109 4197 8287
4122 4183 8282
4008 4065 8049
4174 4182 8331
4066 4150 8192
4109 4155 8252
4154 4155 8291
4182 4194 8350
4192 4193 8382
4193 4198 8369
4114 4118 8226
4180 4192 8357
4061 4177 8206
4052 4161 8202
4184 4189 8352
4002 4164 8151
4018 4107 8095
4132 4155 8258
4097 4099 8159
4049 4092 8129
4045 4086 8106
4068 4128 8185
4077 4079 8147
4058 4179 8228
4135 4157 8262
4178 4186 8359
4139 4185 8323
4000 4110 8095
4116 4123 8225
4016 4065 8068
4009 4106 8082
4095 4103 8191
4057 4075 8099
4006 4045 8024
4004 4101 8095
4068 4095 8126
4195 4198 8362
4131 4147 8242
4081 4165 8221
4167 4177 8328
4016 4125 8121
4088 4140 8214
4068 4123 8170
4192 4196 8376
4194 4198 8389
4042 4186 8209
4132 4144 8273
4197 4200 8371
4152 4182 8326
4134 4158 8290
4127 4142 8246
4054 4164 8196
4155 4165 8315
4146 4160 8277
4012 4079 8081
4041 4076 8094
4129 4174 8269
4123 4159 8253
4045 4140 8166
4021 4030 8014
4198 4199 8394
4079 4179 8241
4077 4119 8183
4126 4146 8242
4032 4083 8080
4109 4168 8272
4117 4198 8281
4011 4173 8153
4149 4172 8307
4062 4068 8103
4000 4006 7979
4165 4187 8319
4145 4196 8310
4185 4199 8350
4043 4090 8130
4045 4075 8101
4160 4193 8328
4052 4085 8121
4185 4193 8369
4095 4161 8236
4089 4099 8157
4169 4193 8352
4142 4144 8255
4006 4128 8101
4087 4098 8180
4122 4134 8244
4137 4147 8248
4186 4189 8356
4107 4189 8289
4021 4117 8116
4097 4142 8224
4092 4150 8209
4112 4127 8226
4065 4146 8197
4145 4152 8258
4003 4167 8141
4171 4183 8347
4182 4188 8363
4120 4179 8263
4135 4153 8269
4057 4073 8111
4093 4145 8202
4024 4037 8036
4045 4147 8190
4111 4140 8243
4091 4101 8188
4195 4200 8358
4072 4074 8120
4099 4127 8209
4006 4109 8088
4005 4029 8015
4163 4194 8327
4064 4193 8243
4187 4194 8354
4081 4196 8241
4102 4151 8232
4037 4074 8088
4055 4146 8177
4087 4124 8173
4079 4088 8152
4145 4150 8285
4135 4144 8245
4093 4108 8173
4047 4134 8170
4050 4091 8104
4062 4156 8190
4038 4177 8184
4189 4195 8361
4080 4081 8145
4058 4111 8141
4113 4178 8274
4012 4070 8054
4083 4177 8234
4001 4127 8115
4165 4176 8316
4086 4195 8277
4019 4100 8094
4186 4192 8372
4175 4187 8338
4091 4177 8241
4171 4194 8340
4185 4191 8361
4139 4165 8282
4000 4056 8018
4186 4187 8371
4047 4088 8131
4000 4122 8104
4043 4119 8132
4069 4142 8190
4021 4041 8032
4021 4178 8162
4124 4189 8310
4164 4197 8350
4083 4196 8242
4096 4109 8187
4058 4161 8196
4074 4139 8187
4162 4163 8290
4085 4170 8232
4140 4170 8293
4026 4146 8144
4130 4191 8301
4139 4191 8308
4046 4092 8116
4035 4123 8142
4035 4182 8189
4039 4187 8223
4080 4152 8207
4048 4123 8164
4027 4074 8072
4074 4136 8208
4123 4178 8297
4036 4194 8192
4147 4160 8271
4037 4094 8111
4187 4191 8362
4191 4197 8356
4124 4130 8235
4021 4150 8143
4096 4159 8231
4078 4171 8238
4106 4115 8203
4064 4078 8135
4106 4167 8247
4079 4082 8137
4130 4158 8272
4034 4121 8125
4052 4114 8134
4009 4168 8170
4169 4181 8337
4161 4172 8301
4174 4187 8326
4171 4173 8321
4033 4070 8097
4026 4183 8192
4159 4175 8308
4134 4153 8250
4185 4192 8356
4042 4168 8200
4027 4187 8181
4179 4181 8321
4137 4146 8264
4067 4165 8206
4153 4169 8317
4023 4104 8099
4019 4166 8181
4020 4106 8106
4191 4196 8370
4133 4148 8273
4145 4167 8295
4162 4182 8333
4052 4173 8200
4035 4084 8110
4169 4183 8316
4178 4199 8354
4055 4197 8232
4126 4191 8285
4131 4156 8258
4037 4184 8195
4075 4197 8265
4018 4019 7999
4155 4186 8334
4174 4181 8323
4015 4113 8119
4146 4158 8303
4068 4073 8124
4063 4187 8232
4188 4194 8375
4149 4164 8281
4044 4140 8147
4004 4098 8079
4081 4151 8218
4100 4162 8240
4094 4118 8209
4123 4196 8308
4148 4195 8334
4164 4168 8330
4150 4170 8312
4020 4094 8088
4130 4161 8283
4109 4126 8229
4195 4197 8364
4123 4184 8290
4113 4194 8305
4128 4162 8253
4029 4167 8195
4046 4186 8199
4120 4164 8283
4194 4199 8355
4102 4127 8203
4017 4062 8052
4072 4116 8159
4003 4134 8124
4024 4184 8173
4162 4193 8325
4069 4182 8227
4010 4164 8173
4035 4088 8089
4100 4126 8190
4132 4136 8247
4086 4147 8208

0.010000 0.420000
