1000
3538573
4016 4092 8108
4194 4196 8390
4070 4111 8181
4021 4203 8224
4056 4124 8180
4226 4239 8465
4151 4156 8307
4034 4180 8214
4141 4214 8355
4102 4241 8343
4116 4149 8265
4100 4192 8292
4015 4060 8075
4189 4230 8419
4074 4275 8349
4065 4107 8172
4162 4209 8371
4106 4171 8277
4054 4056 8110
3962 4057 8019
4057 4156 8213
4122 4246 8368
4031 4147 8178
4208 4261 8469
4191 4213 8404
4115 4227 8342
4092 4093 8185
4137 4257 8394
4088 4164 8252
4271 4273 8544
3926 4129 8055
4125 4161 8286
4233 4260 8493
4106 4173 8279
4130 4168 8298
3929 4064 7993
3996 4163 8159
4107 4253 8360
4080 4255 8335
4152 4175 8327
4220 4234 8454
3968 3989 7957
4167 4205 8372
4170 4184 8354
4236 4265 8501
4020 4220 8240
4270 4271 8541
4100 4119 8219
4108 4175 8283
4206 4261 8467
4161 4182 8343
4074 4105 8179
4193 4274 8467
4092 4184 8276
4091 4140 8231
4064 4191 8255
4275 4285 8560
4156 4196 8352
3972 4118 8090
3997 4241 8238
4014 4085 8099
4103 4146 8249
4052 4230 8282
4056 4089 8145
4079 4191 8270
4075 4119 8194
4019 4132 8151
4215 4220 8435
3925 4041 7966
4051 4104 8155
4057 4123 8180
4199 4206 8405
4135 4206 8341
3924 4079 8003
4023 4259 8282
4032 4039 8071
3982 4097 8079
4075 4106 8181
4120 4151 8271
4060 4080 8140
4117 4146 8263
4140 4187 8327
4029 4153 8182
4059 4146 8205
4075 4170 8245
3999 4177 8176
4058 4187 8245
4197 4229 8426
4222 4278 8500
4207 4247 8454
4153 4222 8375
4078 4130 8208
4101 4290 8391
4056 4081 8137
4121 4188 8309
4050 4211 8261
4091 4095 8186
4132 4215 8347
4014 4281 8295
4227 4244 8471
4195 4221 8416
4255 4268 8523
4154 4162 8316
4193 4213 8406
4121 4168 8289
4129 4197 8326
4020 4160 8180
4071 4232 8303
4098 4175 8273
3985 4017 8002
4040 4060 8100
3967 4036 8003
4140 4196 8336
4052 4222 8274
4058 4115 8173
3994 4152 8146
4136 4215 8351
3989 4148 8137
4270 4300 8570
4127 4173 8300
4107 4260 8367
4047 4177 8224
4033 4080 8113
4122 4212 8334
4103 4250 8353
4032 4044 8076
4165 4215 8380
4083 4175 8258
4097 4114 8211
3993 4032 8025
3976 4151 8127
4057 4082 8139
4104 4134 8238
4194 4201 8395
4082 4094 8176
3947 4169 8116
4150 4189 8339
4049 4100 8149
4119 4132 8251
4229 4251 8480
4133 4260 8393
4071 4134 8205
4045 4239 8284
4125 4245 8370
4124 4126 8250
4054 4188 8242
4207 4258 8465
4127 4141 8268
4085 4214 8299
4182 4221 8403
3997 4196 8193
3997 4031 8028
4133 4194 8327
4276 4277 8553
3963 4091 8054
4080 4103 8183
3967 3998 7965
4130 4208 8338
4168 4236 8404
4151 4212 8363
4058 4235 8293
4008 4010 8018
4104 4107 8211
4014 4076 8090
4186 4224 8410
3926 4258 8184
4029 4071 8100
4135 4161 8296
4123 4137 8260
4180 4202 8382
4068 4148 8216
4072 4108 8180
3945 4190 8135
4030 4098 8128
4147 4241 8388
4010 4094 8104
4145 4224 8369
4121 4218 8339
4111 4139 8250
4192 4208 8400
4070 4091 8161
3977 4116 8093
4147 4252 8399
4203 4217 8420
4205 4225 8430
4022 4172 8194
3983 4113 8096
4119 4176 8295
4046 4144 8190
4103 4258 8361
4023 4171 8194
3995 4030 8025
4140 4185 8325
4203 4211 8414
4138 4177 8315
4163 4284 8447
4064 4172 8236
4095 4157 8252
4022 4113 8135
4041 4197 8238
4071 4198 8269
4195 4210 8405
4137 4191 8328
4130 4196 8326
4078 4136 8214
4127 4153 8280
4075 4155 8230
4041 4057 8098
4156 4184 8340
4083 4126 8209
4150 4185 8335
4094 4154 8248
4192 4195 8387
3963 4266 8229
4022 4202 8224
4122 4269 8391
4030 4161 8191
3987 4150 8137
3971 4234 8205
3979 4072 8051
4060 4074 8134
4124 4202 8326
4137 4181 8318
4005 4046 8051
4076 4105 8181
4070 4216 8286
4046 4131 8177
4223 4273 8496
4204 4222 8426
3985 4098 8083
3942 4129 8071
4116 4151 8267
4104 4119 8223
4120 4132 8252
4073 4229 8302
4108 4217 8325
4125 4177 8302
4090 4270 8360
4251 4271 8522
3985 4127 8112
4090 4191 8281
4029 4144 8173
4184 4215 8399
4140 4267 8407
4256 4267 8523
4061 4222 8283
4264 4283 8547
4211 4224 8435
3977 4198 8175
4198 4272 8470
4256 4259 8515
4104 4240 8344
4226 4249 8475
4132 4166 8298
4054 4137 8191
4157 4196 8353
3997 4191 8188
4163 4283 8446
4058 4124 8182
3956 4235 8191
4264 4266 8530
4236 4263 8499
4246 4261 8507
4197 4266 8463
4030 4227 8257
4081 4129 8210
4176 4246 8422
4079 4184 8263
4226 4277 8503
4077 4110 8187
4141 4144 8285
4023 4243 8266
4214 4260 8474
4246 4291 8537
4070 4170 8240
3994 4222 8216
4222 4235 8457
4133 4237 8370
4012 4248 8260
3994 4075 8069
4076 4123 8199
4096 4272 8368
4163 4209 8372
4024 4202 8226
4240 4284 8524
4093 4130 8223
4127 4183 8310
4038 4181 8219
4067 4141 8208
4040 4272 8312
4143 4261 8404
4095 4227 8322
4155 4263 8418
4153 4178 8331
4077 4125 8202
4026 4071 8097
4080 4094 8174
4071 4259 8330
4154 4176 8330
4087 4272 8359
4220 4229 8449
4159 4165 8324
4013 4026 8039
4146 4178 8324
4240 4250 8490
4150 4206 8356
4135 4212 8347
4189 4229 8418
4187 4271 8458
4097 4242 8339
4119 4217 8336
4217 4263 8480
4008 4117 8125
4148 4167 8315
4189 4258 8447
4133 4213 8346
4141 4149 8290
4134 4240 8374
4218 4241 8459
4032 4087 8119
4202 4236 8438
4132 4175 8307
4029 4058 8087
4096 4263 8359
4173 4283 8456
4246 4253 8499
4205 4212 8417
4035 4051 8086
3958 4031 7989
4292 4299 8591
3935 4153 8088
4198 4201 8399
4106 4111 8217
4184 4206 8390
3974 4119 8093
4023 4133 8156
4050 4111 8161
4236 4267 8503
4155 4197 8352
4082 4143 8225
4117 4219 8336
4033 4133 8166
4126 4197 8323
3930 4120 8050
4062 4093 8155
4255 4260 8515
4080 4196 8276
4096 4163 8259
4087 4172 8259
4028 4098 8126
4184 4225 8409
4021 4080 8101
4091 4132 8223
4080 4138 8218
4087 4135 8222
4144 4159 8303
3979 4039 8018
4148 4206 8354
4137 4239 8376
4154 4193 8347
3995 4128 8123
4236 4254 8490
4105 4240 8345
4129 4202 8331
4094 4096 8190
4014 4145 8159
4047 4177 8224
4086 4210 8296
4117 4214 8331
4162 4234 8396
4193 4225 8418
4158 4163 8321
4086 4122 8208
4032 4230 8262
4080 4133 8213
3993 4213 8206
4034 4114 8148
3952 4069 8021
3940 4098 8038
4229 4242 8471
4069 4157 8226
4149 4163 8312
4106 4166 8272
3945 4163 8108
4078 4092 8170
4105 4189 8294
4087 4252 8339
4052 4104 8156
4015 4138 8153
4235 4297 8532
4124 4169 8293
4238 4246 8484
4127 4191 8318
4217 4274 8491
4157 4164 8321
3986 3987 7973
4063 4132 8195
4037 4137 8174
4255 4259 8514
4003 4159 8162
4068 4098 8166
4108 4168 8276
4084 4113 8197
3989 4175 8164
4083 4139 8222
4102 4219 8321
4229 4275 8504
4104 4193 8297
4122 4136 8258
4109 4185 8294
4032 4120 8152
4159 4244 8403
4189 4218 8407
4264 4276 8540
4033 4136 8169
3993 4218 8211
3972 4091 8063
4013 4085 8098
4096 4218 8314
4025 4036 8061
4183 4191 8374
3950 4155 8105
4044 4070 8114
4245 4285 8530
4113 4159 8272
4098 4107 8205
4147 4202 8349
3998 4081 8079
4162 4171 8333
3998 4026 8024
4166 4246 8412
4122 4176 8298
4112 4225 8337
4081 4110 8191
4196 4254 8450
4135 4151 8286
4167 4229 8396
4208 4227 8435
4224 4239 8463
4100 4125 8225
3934 4083 8017
4205 4252 8457
4108 4284 8392
4105 4154 8259
4060 4126 8186
4137 4146 8283
4213 4232 8445
4050 4061 8111
3958 4058 8016
4213 4218 8431
4032 4132 8164
3984 4161 8145
3955 4002 7957
4149 4254 8403
4065 4170 8235
3991 4042 8033
4072 4148 8220
4060 4079 8139
4056 4074 8130
4079 4190 8269
4262 4267 8529
4154 4221 8375
4142 4143 8285
4105 4212 8317
4067 4092 8159
4152 4201 8353
4113 4139 8252
4204 4214 8418
4219 4252 8471
4176 4227 8403
4081 4167 8248
4095 4140 8235
4100 4204 8304
3989 4159 8148
4145 4214 8359
4133 4155 8288
3998 4202 8200
4151 4165 8316
4044 4075 8119
4096 4102 8198
4032 4161 8193
4158 4167 8325
4115 4143 8258
4004 4124 8128
4243 4248 8491
4117 4252 8369
4254 4279 8533
3973 4030 8003
4180 4184 8364
4023 4077 8100
4257 4260 8517
4042 4196 8238
4093 4198 8291
4133 4238 8371
4093 4258 8351
4009 4123 8132
4252 4256 8508
4136 4236 8372
4120 4218 8338
4105 4194 8299
4240 4297 8537
4114 4161 8275
4055 4138 8193
4016 4217 8233
4093 4218 8311
4017 4213 8230
3941 4156 8097
4170 4225 8395
4039 4079 8118
4097 4132 8229
4130 4178 8308
4108 4110 8218
4105 4122 8227
4087 4160 8247
4138 4187 8325
4180 4209 8389
4016 4181 8197
4037 4154 8191
4036 4209 8245
3954 4073 8027
3938 4133 8071
4192 4262 8454
3999 4249 8248
4078 4097 8175
4193 4264 8457
4036 4087 8123
4121 4259 8380
4076 4213 8289
4062 4134 8196
4120 4196 8316
4231 4295 8526
4021 4140 8161
3972 4111 8083
4017 4229 8246
4079 4211 8290
3922 4211 8133
3995 4018 8013
4228 4236 8464
3999 4034 8033
4208 4266 8474
4102 4129 8231
4257 4284 8541
3948 4140 8088
4200 4277 8477
4134 4164 8298
4031 4198 8229
4158 4197 8355
4093 4151 8244
4221 4236 8457
4107 4117 8224
4171 4238 8409
4218 4219 8437
3906 4026 7932
4071 4273 8344
4008 4128 8136
4105 4125 8230
4062 4218 8280
4189 4280 8469
4048 4142 8190
4134 4138 8272
4066 4204 8270
4069 4236 8305
4008 4266 8274
3961 4125 8086
4159 4260 8419
4078 4137 8215
4087 4142 8229
4099 4136 8235
3990 4181 8171
4058 4161 8219
4147 4169 8316
4008 4189 8197
3987 4052 8039
4177 4203 8380
4072 4083 8155
4012 4173 8185
4079 4083 8162
4147 4189 8336
3927 4061 7988
4129 4168 8297
4059 4190 8249
4256 4287 8543
4095 4171 8266
4036 4090 8126
4140 4190 8330
4126 4140 8266
4201 4212 8413
4216 4263 8479
4024 4134 8158
4190 4252 8442
4270 4286 8556
4192 4212 8404
4078 4162 8240
4030 4214 8244
4020 4205 8225
4080 4103 8183
4250 4285 8535
4052 4252 8304
3961 4196 8157
3970 4248 8218
4280 4286 8566
4008 4153 8161
4102 4104 8206
4026 4117 8143
4014 4101 8115
4122 4142 8264
4011 4101 8112
4084 4138 8222
4111 4210 8321
4049 4126 8175
4075 4146 8221
4137 4209 8346
4140 4226 8366
4025 4188 8213
3972 4093 8065
4139 4231 8370
4102 4275 8377
4047 4142 8189
4061 4228 8289
4114 4284 8398
3950 4058 8008
4145 4151 8296
4141 4253 8394
4149 4219 8368
4088 4139 8227
4198 4239 8437
4144 4153 8297
4189 4286 8475
4126 4205 8331
3963 4121 8084
4000 4185 8185
4010 4070 8080
4186 4245 8431
4239 4261 8500
4127 4186 8313
3925 3950 7875
4165 4211 8376
4124 4132 8256
4242 4253 8495
3968 4192 8160
4152 4254 8406
4212 4270 8482
4003 4127 8130
4174 4180 8354
4091 4095 8186
4171 4188 8359
4134 4195 8329
4236 4247 8483
4129 4136 8265
4152 4205 8357
3980 4099 8079
4011 4090 8101
3966 4159 8125
4199 4214 8413
3937 4051 7988
4110 4223 8333
4105 4226 8331
4204 4261 8465
4175 4205 8380
4004 4158 8162
4078 4193 8271
3923 4196 8119
4268 4282 8550
3985 4162 8147
3991 4129 8120
4212 4271 8483
4098 4171 8269
4115 4152 8267
4062 4190 8252
3964 4022 7986
4022 4141 8163
4028 4207 8235
4061 4159 8220
4041 4060 8101
4096 4131 8227
4026 4166 8192
4063 4188 8251
4138 4202 8340
4108 4122 8230
4047 4124 8171
4080 4086 8166
4225 4235 8460
4031 4161 8192
4119 4120 8239
3912 3930 7842
4211 4244 8455
4137 4165 8302
4138 4215 8353
4085 4166 8251
4019 4190 8209
4211 4252 8463
4024 4091 8115
4211 4294 8505
4096 4212 8308
4214 4259 8473
4165 4215 8380
4065 4282 8347
4056 4082 8138
4225 4242 8467
4120 4144 8264
4005 4162 8167
4130 4239 8369
4229 4270 8499
4204 4230 8434
4111 4191 8302
4074 4182 8256
3988 4094 8082
4032 4162 8194
4031 4247 8278
4055 4140 8195
4061 4155 8216
4199 4203 8402
4237 4253 8490
4131 4150 8281
4209 4217 8426
4083 4109 8192
4116 4243 8359
4016 4221 8237
4035 4168 8203
4131 4217 8348
4226 4251 8477
4147 4168 8315
4115 4187 8302
3959 4087 8046
3968 4146 8114
4107 4179 8286
4168 4202 8370
4032 4233 8265
4114 4146 8260
4127 4206 8333
4019 4094 8113
4230 4280 8510
4107 4177 8284
4086 4157 8243
3995 4058 8053
4195 4203 8398
4154 4225 8379
4115 4144 8259
4201 4279 8480
4003 4233 8236
4076 4169 8245
3957 4041 7998
4061 4153 8214
4035 4087 8122
3974 4020 7994
4109 4195 8304
4225 4282 8507
4097 4216 8313
4095 4202 8297
4237 4268 8505
4126 4150 8276
4224 4244 8468
4248 4254 8502
4012 4162 8174
3994 4168 8162
4077 4092 8169
4186 4233 8419
4101 4137 8238
4074 4154 8228
4247 4260 8507
4009 4150 8159
3943 4217 8160
4004 4123 8127
4028 4111 8139
4018 4043 8061
4092 4144 8236
4053 4262 8315
4137 4231 8368
4199 4251 8450
4162 4219 8381
3984 4089 8073
4204 4255 8459
4118 4224 8342
4134 4168 8302
4254 4257 8511
4145 4147 8292
4062 4237 8299
4140 4150 8290
4196 4219 8415
4170 4232 8402
4082 4201 8283
4147 4192 8339
4021 4032 8053
3966 4075 8041
4225 4247 8472
4069 4154 8223
4088 4159 8247
4122 4234 8356
4096 4122 8218
4221 4242 8463
4190 4216 8406
4125 4208 8333
4270 4271 8541
4134 4237 8371
4221 4245 8466
4164 4237 8401
4132 4199 8331
4052 4211 8263
4027 4156 8183
4208 4289 8497
4083 4112 8195
4079 4161 8240
4119 4175 8294
4047 4234 8281
4146 4225 8371
4078 4140 8218
4114 4166 8280
4125 4130 8255
4164 4227 8391
4139 4253 8392
4042 4235 8277
4182 4183 8365
3970 4094 8064
4118 4125 8243
4084 4219 8303
4103 4137 8240
4000 4099 8099
3993 4084 8077
3990 4158 8148
4033 4159 8192
4106 4124 8230
4174 4230 8404
4027 4145 8172
3993 4258 8251
4279 4284 8563
3998 4152 8150
4212 4249 8461
4057 4117 8174
4180 4256 8436
4029 4141 8170
4074 4183 8257
4168 4179 8347
4191 4194 8385
4125 4131 8256
4091 4214 8305
4187 4260 8447
4133 4138 8271
4115 4263 8378
4041 4105 8146
4031 4226 8257
4110 4188 8298
3988 4146 8134
4217 4253 8470
4198 4220 8418
3941 4159 8100
4062 4171 8233
4108 4218 8326
4286 4294 8580
4158 4273 8431
4209 4234 8443
4010 4156 8166
4195 4274 8469
4033 4174 8207
4125 4149 8274
4220 4236 8456
4193 4223 8416
4069 4143 8212
4081 4107 8188
3964 3976 7940
4131 4199 8330
4185 4242 8427
4101 4104 8205
4137 4220 8357
4055 4231 8286
4052 4086 8138
4065 4069 8134
4222 4224 8446
4071 4263 8334
4008 4239 8247
4083 4201 8284
4070 4123 8193
4015 4047 8062
3969 4134 8103
4005 4197 8202
4142 4237 8379
4003 4220 8223
4166 4172 8338
4001 4123 8124
4136 4236 8372
4047 4061 8108
4062 4090 8152
4021 4123 8144
4070 4206 8276
4193 4204 8397
3981 4144 8125
4000 4197 8197
3971 4062 8033
4206 4216 8422
3991 4045 8036
4233 4268 8501
3990 4184 8174
4024 4058 8082
4127 4242 8369
3931 4242 8173
3931 4061 7992
3979 4192 8171
3993 4231 8224
3925 4209 8134
3980 4139 8119
3948 4144 8092
4087 4151 8238
4214 4233 8447
4187 4295 8482
3993 4056 8049
4162 4244 8406
4121 4244 8365
4112 4161 8273
4164 4231 8395
4152 4188 8340
4157 4252 8409
4246 4275 8521
4077 4277 8354
4214 4219 8433
4139 4186 8325
4053 4084 8137
4235 4261 8496
4105 4197 8302
4150 4206 8356
3975 3996 7971
4089 4099 8188
4079 4239 8318
4141 4196 8337
4068 4142 8210
4009 4041 8050
4151 4221 8372
4049 4147 8196
4227 4233 8460
4174 4191 8365
4181 4233 8414
4107 4174 8281
4255 4268 8523
4178 4217 8395
4144 4160 8304
4142 4150 8292
4111 4130 8241
4170 4248 8418
4072 4126 8198
4140 4271 8411
3973 4168 8141
4098 4168 8266
4077 4095 8172
4097 4234 8331
4092 4219 8311
4212 4213 8425
4064 4156 8220
4058 4134 8192
3936 4166 8102
4107 4185 8292
4142 4167 8309
4069 4211 8280
4277 4282 8559
4025 4071 8096
4155 4167 8322
4259 4271 8530
4089 4156 8245
4093 4111 8204
4220 4271 8491
4152 4184 8336
4138 4193 8331
4047 4191 8238
3988 4210 8198
4069 4093 8162
4028 4034 8062
4231 4256 8487
4199 4213 8412
4048 4126 8174
3977 4016 7993
3938 4188 8126
4020 4270 8290
4085 4182 8267
4002 4093 8095
4133 4155 8288
4150 4155 8305
4144 4153 8297
4010 4162 8172
4152 4155 8307
3958 4174 8132
4104 4278 8382
4136 4222 8358
4150 4208 8358
3963 4157 8120
4207 4223 8430
4068 4088 8156
4000 4090 8090
4052 4167 8219
3936 4208 8144
4129 4223 8352
4095 4136 8231
4117 4238 8355
4143 4152 8295
4188 4227 8415
4110 4114 8224
4110 4222 8332
4201 4209 8410
4096 4104 8200
4057 4172 8229
4270 4271 8541
4192 4256 8448
3975 4145 8120
4207 4217 8424

4003 4185 8170
4095 4126 8193
4144 4199 8338
4018 4113 8113
4084 4173 8226
4129 4167 8292
4124 4172 8276
4071 4127 8196
4160 4177 8306
4172 4182 8335
4142 4157 8285
4114 4139 8233
4066 4072 8108
4144 4190 8322
4164 4196 8358
4139 4190 8294
4118 4179 8276
4159 4194 8327
4125 4131 8223
4016 4138 8133
4126 4153 8264
4156 4160 8293
4068 4095 8127
4115 4169 8282
4106 4135 8203
4168 4171 8335
4068 4089 8126
4147 4199 8312
4182 4198 8361
4189 4193 8365
4019 4178 8160
4051 4067 8081
4196 4199 8359
4107 4116 8195
4149 4168 8313
4023 4117 8117
4056 4186 8219
4178 4182 8355
4017 4193 8198
4110 4119 8227
4136 4143 8262
4003 4074 8070
4123 4198 8303
4112 4130 8234
4189 4199 8356
4076 4178 8248
4172 4175 8319
4032 4086 8104
4118 4196 8288
4173 4188 8347
4116 4172 8257
4152 4180 8310
4196 4198 8373
4095 4191 8276
4123 4170 8267
4009 4119 8121
4178 4193 8368
4081 4128 8195
4030 4086 8082
4031 4172 8195
4111 4166 8253
4047 4093 8108
4026 4198 8216
4049 4106 8124
4033 4132 8150
4018 4043 8031
4116 4150 8256
4151 4199 8313
4016 4117 8108
4071 4078 8133
4126 4194 8283
4177 4200 8352
4145 4180 8315
4009 4132 8131
4043 4163 8169
4028 4101 8109
4048 4063 8088
4155 4189 8338
4090 4092 8170
4158 4173 8307
4033 4072 8085
4087 4138 8198
4059 4067 8094
4091 4121 8208
4137 4180 8286
4037 4088 8098
4078 4185 8256
4098 4177 8262
4168 4182 8319
4159 4188 8317
4096 4171 8244
4023 4086 8088
4160 4200 8331
4067 4119 8185
4199 4200 8394
4114 4191 8285
4032 4080 8081
4173 4184 8335
4096 4195 8254
4193 4198 8384
4157 4173 8295
4169 4198 8333
4161 4195 8337
4135 4168 8279
4034 4126 8128
4081 4097 8161
4109 4143 8243
4151 4154 8297
4190 4196 8362
4050 4059 8108
4130 4142 8254
4031 4080 8098
4045 4159 8184
4121 4161 8268
4088 4148 8215
4022 4127 8124
4186 4196 8363
4069 4080 8130
4199 4200 8373
4151 4189 8321
4055 4190 8234
4018 4174 8166
4051 4057 8078
4163 4173 8310
4128 4199 8325
4029 4033 8060
4148 4155 8273
4165 4166 8317
4084 4187 8263
4045 4071 8093
4054 4130 8163
4104 4112 8209
4051 4152 8200
4130 4147 8243
4077 4100 8159
4034 4156 8157
4059 4103 8151
4117 4169 8257
4020 4094 8078
4184 4190 8348
4181 4195 8370
4024 4190 8187
4102 4200 8263
4120 4193 8289
4133 4146 8275
4112 4130 8220
4149 4160 8301
4143 4173 8310
4035 4171 8200
4166 4169 8315
4090 4099 8164
4042 4062 8092
4066 4127 8174
4185 4195 8343
4031 4176 8171
4131 4132 8248
4035 4085 8082
4107 4140 8210
4175 4177 8351
4198 4199 8389
4113 4174 8261
4090 4096 8172
4118 4120 8236
4031 4142 8152
4179 4200 8351
4010 4177 8159
4056 4163 8184
4056 4088 8115
4025 4194 8194
4173 4198 8346
4155 4165 8297
4021 4105 8106
4024 4116 8117
4070 4100 8161
4127 4144 8263
4010 4077 8061
4069 4124 8179
4090 4148 8228
4119 4196 8309
4182 4188 8334
4119 4185 8288
4016 4036 8044
4092 4179 8238
4105 4185 8262
4135 4166 8267
4013 4075 8076
4001 4042 8010
4077 4158 8219
4143 4170 8302
4044 4196 8214
4119 4180 8272
4034 4095 8117
4155 4182 8317
4142 4164 8299
4091 4115 8187
4157 4187 8327
4016 4097 8109
4129 4145 8242
4038 4127 8151
4132 4180 8304
4111 4163 8257
4132 4160 8266
4092 4149 8204
4145 4194 8316
4130 4141 8248
4153 4158 8305
4054 4110 8133
4080 4099 8158
4142 4178 8300
4029 4061 8056
4059 4176 8223
4071 4099 8132
4194 4199 8385
4023 4184 8195
4055 4171 8207
4087 4188 8253
4110 4192 8283
4078 4083 8124
4041 4157 8176
4045 4160 8169
4030 4052 8070
4174 4176 8334
4118 4178 8294
4001 4130 8125
4015 4043 8034
4113 4120 8209
4035 4109 8123
4177 4184 8326
4175 4188 8333
4077 4112 8167
4023 4106 8096
4199 4200 8390
4150 4194 8327
4100 4108 8199
4108 4149 8249
4154 4198 8342
4037 4161 8195
4140 4177 8303
4191 4197 8375
4069 4102 8150
4027 4186 8183
4102 4156 8236
4184 4195 8350
4173 4182 8354
4172 4189 8328
4093 4165 8241
4182 4194 8344
4131 4198 8313
4019 4160 8171
4170 4187 8320
4193 4196 8358
4161 4178 8307
4137 4150 8281
4122 4161 8265
4086 4097 8164
4072 4113 8168
4027 4119 8129
4068 4200 8246
4057 4194 8244
4015 4169 8159
4182 4188 8337
4162 4177 8315
4171 4200 8342
4156 4175 8325
4018 4200 8192
4020 4089 8083
4138 4178 8292
4085 4093 8140
4132 4196 8326
4109 4162 8267
4160 4169 8296
4095 4151 8221
4146 4163 8270
4166 4196 8358
4113 4157 8249
4062 4164 8219
4154 4158 8310
4181 4192 8345
4022 4199 8218
4070 4158 8200
4059 4060 8091
4135 4175 8300
4182 4183 8355
4061 4114 8156
4187 4190 8363
4126 4160 8257
4094 4174 8236
4046 4159 8185
4050 4172 8188
4022 4174 8170
4121 4172 8288
4059 4174 8216
4142 4183 8288
4077 4151 8200
4075 4175 8236
4080 4090 8138
4076 4133 8199
4061 4195 8225
4150 4166 8298
4143 4172 8288
4120 4167 8251
4087 4172 8250
4074 4078 8140
4076 4078 8119
4155 4161 8298
4105 4148 8250
4192 4200 8383
4164 4167 8296
4179 4184 8342
4061 4172 8215
4113 4127 8230
4173 4189 8358
4011 4137 8131
4058 4087 8122
4197 4198 8365
4033 4131 8146
4128 4139 8232
4154 4187 8308
4171 4184 8340
4122 4145 8249
4137 4164 8267
4125 4142 8234
4042 4120 8156
4044 4198 8225
4178 4195 8335
4184 4193 8350
4116 4161 8248
4059 4061 8085
4040 4083 8116
4195 4199 8389
4000 4098 8069
4130 4149 8271
4068 4098 8162
4152 4184 8304
4046 4156 8164
4072 4077 8135
4000 4055 8024
4147 4185 8294
4139 4186 8309
4124 4176 8278
4157 4186 8327
4132 4137 8249
4129 4180 8303
4029 4174 8178
4060 4079 8103
4172 4179 8329
4105 4136 8208
4041 4106 8138
4053 4140 8160
4125 4129 8239
4157 4158 8314
4052 4075 8091
4074 4108 8154
4032 4108 8107
4099 4194 8256
4139 4172 8275
4024 4088 8088
4136 4148 8282
4177 4179 8355
4165 4188 8342
4087 4099 8170
4151 4177 8297
4148 4198 8327
4063 4127 8167
4038 4114 8129
4045 4124 8139
4106 4171 8250
4100 4112 8176
4107 4114 8220
4087 4170 8234
4148 4158 8274
4059 4073 8110
4000 4100 8072
4024 4150 8153
4064 4164 8226
4056 4157 8211
4034 4071 8069
4017 4165 8160
4022 4057 8047
4142 4143 8281
4107 4177 8269
4129 4146 8256
4010 4196 8199
4020 4156 8149
4098 4119 8187
4096 4131 8199
4175 4193 8338
4053 4174 8208
4028 4158 8183
4160 4197 8349
4145 4154 8293
4156 4172 8327
4079 4127 8169
4185 4190 8341
4070 4120 8160
4005 4083 8067
4159 4179 8312
4103 4160 8257
4197 4198 8368
4063 4087 8124
4050 4094 8143
4087 4152 8216
4011 4104 8112
4079 4194 8238
4055 4151 8175
4070 4174 8225
4166 4200 8358
4032 4116 8125
4072 4114 8170
4085 4128 8203
4033 4046 8047
4131 4148 8249
4107 4127 8200
4188 4192 8370
4080 4087 8150
4075 4122 8163
4019 4173 8168
4015 4074 8077
4122 4178 8262
4065 4069 8113
4197 4199 8372
4011 4187 8194
4045 4069 8083
4183 4192 8364
4097 4140 8205
4066 4179 8231
4140 4163 8268
4016 4072 8080
4147 4163 8276
4005 4017 8005
4198 4200 8368
4035 4110 8120
4031 4140 8154
4098 4185 8250
4145 4179 8306
4177 4198 8337
4143 4152 8274
4183 4198 8344
4195 4196 8357
4199 4200 8376
4023 4071 8077
4107 4188 8265
4183 4187 8360
4164 4171 8318
4031 4033 8037
4119 4190 8305
4127 4144 8234
4017 4069 8069
4054 4075 8100
4172 4191 8355
4017 4179 8195
4061 4110 8170
4043 4059 8073
4176 4179 8346
4073 4200 8255
4024 4087 8098
4075 4157 8198
4091 4127 8206
4077 4111 8152
4152 4197 8318
4177 4180 8349
4152 4190 8325
4147 4200 8308
4060 4140 8164
4018 4069 8049
4081 4124 8189
4143 4179 8284
4153 4156 8292
4188 4194 8367
4110 4129 8206
4044 4113 8155
4127 4190 8283
4032 4163 8173
4036 4197 8229
4162 4195 8345
4074 4149 8202
4000 4193 8190
4155 4198 8318
4132 4171 8272
4164 4174 8308
4095 4130 8209
4072 4108 8143
4021 4114 8098
4002 4071 8041
4195 4196 8375
4135 4161 8287
4176 4195 8333
4007 4057 8054
4125 4135 8253
4103 4129 8221
4188 4191 8356
4011 4109 8116
4073 4155 8206
4155 4173 8325
4161 4162 8287
4061 4104 8140
4166 4183 8311
4084 4192 8273
4140 4168 8269
4181 4184 8334
4181 4197 8346
4078 4091 8137
4050 4086 8134
4070 4153 8187
4050 4174 8192
4103 4130 8196
4025 4069 8058
4101 4130 8202
4121 4154 8251
4109 4169 8261
4093 4179 8252
4030 4042 8056
4177 4198 8349
4056 4166 8184
4163 4169 8313
4156 4157 8303
4061 4111 8145
4070 4122 8191
4099 4111 8187
4031 4079 8081
4035 4184 8200
4126 4197 8304
4028 4195 8218
4018 4024 8012
4146 4172 8295
4040 4138 8152
4115 4179 8257
4098 4122 8201
4011 4116 8102
4029 4184 8178
4194 4195 8360
4037 4193 8194
4044 4184 8192
4100 4154 8244
4035 4128 8128
4011 4193 8171
4037 4111 8147
4153 4158 8276
4047 4109 8124
4141 4192 8325
4189 4193 8360
4184 4192 8346
4029 4083 8083
4175 4185 8357
4063 4170 8203
4069 4104 8157
4096 4102 8190
4110 4118 8192
4155 4161 8291
4065 4072 8114
4147 4200 8313
4145 4192 8323
4005 4024 7992
4134 4199 8294
4022 4069 8066
4176 4199 8356
4013 4174 8162
4197 4198 8370
4070 4137 8198
4082 4189 8242
4067 4183 8224
4146 4154 8288
4073 4194 8235
4011 4100 8080
4191 4195 8364
4077 4133 8201
4061 4121 8169
4051 4068 8110
4085 4153 8236
4002 4138 8137
4099 4113 8191
4023 4189 8181
4078 4110 8187
4085 4198 8247
4031 4098 8112
4097 4106 8190
4040 4136 8141
4108 4117 8195
4024 4053 8055
4143 4181 8306
4050 4162 8203
4175 4188 8347
4191 4198 8360
4073 4188 8246
4069 4140 8191
4082 4200 8248
4111 4123 8225
4195 4200 8394
4094 4144 8212
4112 4183 8273
4193 4197 8383
4099 4190 8252
4165 4186 8313
4099 4173 8260
4028 4175 8190
4022 4138 8151
4195 4197 8361
4140 4174 8299
4011 4141 8138
4031 4173 8183
4189 4190 8358
4076 4160 8230
4007 4177 8163
4111 4197 8289
4065 4151 8184
4029 4111 8126
4022 4043 8047
4016 4157 8143
4112 4134 8226
4129 4158 8265
4111 4135 8241
4139 4193 8294
4092 4153 8216
4088 4155 8231
4062 4187 8241
4178 4182 8332
4179 4198 8360
4053 4079 8114
4114 4130 8223
4149 4199 8335
4027 4091 8105
4078 4138 8197
4166 4177 8306
4121 4129 8232
4175 4176 8324
4121 4161 8280
4192 4198 8358
4187 4198 8348
4104 4123 8222
4008 4119 8110
4099 4189 8270
4010 4018 8005
4176 4188 8360
4151 4181 8314
4123 4132 8246
4020 4036 8031
4170 4189 8332
4086 4095 8155
4151 4157 8303
4011 4184 8193
4143 4171 8279
4122 4188 8292
4077 4174 8221
4148 4175 8314
4106 4118 8192
4097 4098 8163
4111 4118 8214
4179 4199 8339
4039 4040 8043
4110 4117 8203
4068 4181 8234
4027 4123 8131
4044 4199 8209
4128 4161 8273
4033 4110 8112
4127 4149 8257
4140 4151 8269
4180 4190 8363
4143 4174 8280
4024 4076 8074
4005 4148 8119
4019 4172 8182
4189 4190 8375
4080 4197 8265
4016 4079 8088
4178 4191 8361
4038 4090 8117
4184 4198 8370
4098 4105 8196
4030 4099 8119
4067 4194 8245
4102 4139 8220
4027 4068 8059
4068 4087 8138
4126 4174 8261
4009 4180 8181
4149 4167 8285
4125 4198 8315
4188 4191 8363
4123 4183 8274
4045 4143 8153
4172 4198 8357
4067 4172 8202
4054 4126 8164
4001 4018 7981
4162 4191 8347
4051 4119 8142
4146 4152 8262
4118 4151 8232
4017 4159 8138
4147 4154 8291
4040 4069 8073
4159 4195 8347
4166 4184 8337
4189 4196 8381
4189 4192 8376
4125 4191 8305
4072 4076 8127
4172 4185 8323
4051 4127 8162
4045 4195 8204
4137 4181 8298
4153 4187 8305
4141 4147 8275
4084 4125 8175
4165 4172 8317
4012 4080 8091
4103 4151 8222
4011 4153 8160
4138 4153 8261
4143 4149 8269
4172 4181 8319
4160 4167 8321
4101 4172 8262
4161 4166 8300
4086 4186 8253
4042 4164 8171
4114 4151 8232
4023 4082 8097
4145 4155 8276
4127 4151 8243
4077 4087 8149
4066 4166 8195
4053 4120 8142
4003 4172 8162
4021 4093 8077
4158 4159 8306
4130 4143 8238
4096 4178 8265
4114 4186 8269
4026 4080 8071
4177 4182 8356
4176 4188 8334
4160 4164 8303
4018 4069 8065
4130 4177 8296
4172 4178 8347
4072 4086 8150
4178 4185 8347
4085 4167 8238
4086 4175 8257
4055 4105 8144
4010 4151 8129
4086 4101 8159
4048 4104 8138
4105 4165 8266
4149 4199 8320
4135 4138 8245
4011 4130 8129
4185 4197 8354
4165 4176 8328
4130 4144 8235
4172 4177 8318
4031 4124 8128
4067 4092 8129
4000 4103 8083
4100 4137 8213
4053 4147 8174
4114 4185 8260
4161 4194 8334
4038 4133 8164
4022 4172 8174
4035 4194 8228
4029 4068 8079
4061 4079 8120
4100 4199 8282
4116 4188 8284
4151 4158 8289
4164 4170 8307
4168 4185 8318
4029 4139 8166
4159 4174 8317
4163 4164 8311
4104 4140 8243
4171 4177 8311
4064 4070 8101
4092 4170 8235
4197 4199 8381
4111 4138 8211
4190 4197 8367
4115 4140 8241
4094 4186 8277
4011 4115 8113
4019 4069 8061
4173 4178 8321
4120 4158 8243
4137 4168 8283
4171 4178 8314
4112 4183 8260
4155 4171 8296
4100 4138 8235
4188 4200 8373
4173 4175 8333
4084 4168 8222
4123 4165 8276
4096 4172 8238
4120 4123 8217
4002 4143 8140
4120 4162 8280
4177 4200 8363
4113 4191 8302
4059 4144 8181
4035 4075 8104
4000 4165 8130
4065 4145 8195
4037 4053 8062
4061 4109 8147
4123 4199 8289
4073 4149 8199
4080 4159 8231
4086 4168 8243
4090 4117 8169
4000 4052 8017
4038 4041 8053
4086 4149 8234
4008 4119 8093
4033 4122 8134
4042 4179 8212
4022 4110 8129
4127 4179 8295
4196 4199 8394
4093 4134 8222
4016 4141 8149
4013 4199 8187
4185 4186 8351
4044 4149 8183
4116 4175 8280
4047 4053 8069
4080 4164 8222
4125 4200 8303
4068 4198 8239
4177 4185 8337
4103 4126 8222
4043 4181 8186
4124 4141 8261
4137 4175 8276
4161 4184 8326
4079 4195 8243
4006 4044 8014
4051 4185 8226
4138 4171 8308
4039 4098 8119
4183 4188 8340
4104 4178 8251
4039 4192 8227
4071 4099 8157
4010 4149 8135
4199 4200 8397
4190 4193 8353
4159 4191 8326
4047 4115 8124
4159 4183 8305
4024 4093 8103
4086 4196 8261
4160 4190 8341
4139 4192 8309
4024 4123 8109
4033 4132 8153
4014 4018 8020
4113 4126 8235
4098 4146 8208
4093 4199 8258
4140 4192 8315
4152 4178 8323
4102 4140 8209
4067 4074 8118
4123 4136 8229
4116 4182 8261
4090 4171 8259
4096 4193 8273
4159 4161 8319
4036 4077 8101
4058 4095 8131
4054 4100 8130
4070 4171 8231
4084 4170 8237
4187 4195 8375
4076 4170 8220
4182 4196 8339
4043 4134 8151
4129 4143 8234
4048 4084 8113
4036 4127 8127
4101 4110 8197
4041 4147 8179
4077 4172 8233
4000 4140 8139
4140 4174 8286
4091 4128 8190
4183 4193 8370
4040 4165 8193
4045 4147 8175
4180 4194 8357
4027 4194 8205
4028 4099 8120
4013 4190 8172
4042 4194 8232
4024 4131 8148
4071 4084 8134
4030 4191 8190
4060 4143 8200
4187 4195 8344
4172 4199 8349
4024 4082 8079
4133 4159 8256
4179 4181 8358
4097 4115 8197
4190 4193 8360
4069 4160 8204
4078 4196 8261
4149 4199 8347
4111 4193 8269
4141 4152 8281
4091 4117 8183
4145 4172 8307
4185 4191 8366
4111 4181 8283
4189 4191 8364
4018 4038 8019
4176 4193 8339
4138 4197 8306
4101 4131 8205
4099 4119 8204
4005 4128 8123
4154 4189 8337
4137 4140 8250
4159 4160 8305
4176 4191 8346
4114 4142 8232
4076 4081 8141
4159 4195 8346
4119 4169 8283
4135 4198 8314
4148 4182 8325
4060 4187 8245
4078 4156 8231
4042 4117 8132
4168 4191 8339
4066 4121 8174
4032 4115 8133
4025 4090 8089
4180 4185 8342
4110 4140 8236
4184 4186 8333
4024 4191 8202
4146 4180 8293
4012 4159 8167
4135 4186 8314
4168 4174 8328
4158 4197 8332
4182 4183 8351
4018 4140 8138
4193 4197 8371
4171 4193 8340
4096 4140 8203
4016 4057 8063
4170 4191 8354
4066 4110 8163
4138 4173 8310
4142 4189 8328
4037 4175 8203
4130 4155 8272
4053 4101 8121
4152 4157 8277
4101 4139 8234
4078 4142 8194
4017 4078 8061
4034 4096 8099
4070 4178 8244
4126 4198 8318
4099 4190 8285
4103 4109 8209
4123 4153 8262
4095 4164 8253
4106 4129 8221
4088 4126 8182
4057 4185 8210
4047 4200 8234
4113 4143 8232
4069 4152 8213
4063 4088 8115
4168 4169 8299
4156 4161 8311
4011 4164 8164
4051 4104 8128
4033 4173 8188
4081 4131 8204
4041 4121 8152
4135 4141 8258
4148 4181 8306
4161 4171 8309
4019 4046 8044
4079 4147 8189
4124 4167 8278
4059 4101 8139
4095 4155 8244
4190 4195 8376
4120 4182 8268
4000 4181 8170
4180 4189 8357

0.010000 0.430000
