1000
2634509
4207 4226 8433
4156 4214 8370
4066 4087 8153
4187 4206 8393
4210 4250 8460
4012 4177 8189
4108 4161 8269
4054 4144 8198
4125 4148 8273
4132 4149 8281
4109 4184 8293
4268 4299 8567
4251 4276 8527
4085 4169 8254
3961 4236 8197
4055 4193 8248
4032 4179 8211
4080 4130 8210
4003 4070 8073
4085 4165 8250
4111 4211 8322
4031 4042 8073
4221 4238 8459
4080 4225 8305
4166 4168 8334
4077 4189 8266
4154 4199 8353
4132 4136 8268
4109 4218 8327
4153 4180 8333
4105 4187 8292
4128 4235 8363
4212 4225 8437
4104 4207 8311
4082 4208 8290
4086 4140 8226
4084 4091 8175
4116 4143 8259
4084 4208 8292
4105 4191 8296
4088 4145 8233
4016 4017 8033
4247 4282 8529
4069 4093 8162
3974 4051 8025
4181 4253 8434
4171 4190 8361
4073 4161 8234
4127 4202 8329
4216 4221 8437
4044 4074 8118
4167 4222 8389
4095 4124 8219
4242 4248 8490
4051 4156 8207
4212 4291 8503
4081 4177 8258
4141 4256 8397
4181 4211 8392
4191 4227 8418
4177 4267 8444
4084 4245 8329
3972 4050 8022
3973 4071 8044
4177 4197 8374
4119 4237 8356
4166 4251 8417
4141 4164 8305
4084 4122 8206
4045 4218 8263
3967 4154 8121
4064 4096 8160
3949 4033 7982
4026 4193 8219
4089 4162 8251
4167 4189 8356
3979 4191 8170
3967 4113 8080
3935 4197 8132
4221 4240 8461
4055 4137 8192
4139 4210 8349
4094 4218 8312
4198 4202 8400
4238 4241 8479
4118 4204 8322
4199 4270 8469
4099 4114 8213
4192 4204 8396
4045 4111 8156
4102 4122 8224
4247 4255 8502
4092 4137 8229
4058 4229 8287
4266 4275 8541
4098 4188 8286
3910 4072 7982
4101 4231 8332
3976 4091 8067
4107 4138 8245
4161 4195 8356
4237 4253 8490
4044 4128 8172
4016 4139 8155
4081 4099 8180
4121 4232 8353
4124 4174 8298
4083 4263 8346
3997 4225 8222
4163 4185 8348
4065 4163 8228
4072 4107 8179
4066 4076 8142
4143 4279 8422
4049 4144 8193
4117 4286 8403
4044 4097 8141
4061 4142 8203
4224 4254 8478
4163 4173 8336
3970 4161 8131
4178 4238 8416
4184 4223 8407
4143 4192 8335
4052 4127 8179
4262 4265 8527
4062 4108 8170
4198 4221 8419
4062 4129 8191
4188 4229 8417
4121 4145 8266
4183 4233 8416
4119 4274 8393
4167 4274 8441
4105 4281 8386
4276 4291 8567
4142 4156 8298
4110 4181 8291
4213 4240 8453
4131 4244 8375
4150 4231 8381
4088 4202 8290
4164 4213 8377
4237 4240 8477
3960 4051 8011
4218 4219 8437
4125 4216 8341
3998 4102 8100
4209 4267 8476
4110 4204 8314
4120 4255 8375
4216 4269 8485
4077 4116 8193
3990 4143 8133
4080 4235 8315
4118 4150 8268
4059 4215 8274
4173 4226 8399
4005 4128 8133
4067 4130 8197
4043 4106 8149
4167 4224 8391
4168 4250 8418
4069 4162 8231
3943 4195 8138
4068 4129 8197
4058 4196 8254
3973 4138 8111
3999 4076 8075
4154 4185 8339
4103 4161 8264
4149 4157 8306
3969 4022 7991
4043 4201 8244
4131 4238 8369
4112 4253 8365
4059 4142 8201
4112 4163 8275
4091 4153 8244
3963 4104 8067
4196 4227 8423
4129 4299 8428
4065 4133 8198
4049 4138 8187
4230 4272 8502
4127 4270 8397
4103 4229 8332
4038 4224 8262
4093 4224 8317
4109 4275 8384
4017 4216 8233
3959 4076 8035
3951 4179 8130
4162 4165 8327
4084 4127 8211
4099 4182 8281
4211 4223 8434
4171 4274 8445
4005 4105 8110
4088 4217 8305
4108 4180 8288
4119 4137 8256
3995 4026 8021
4066 4135 8201
4066 4075 8141
4071 4203 8274
4066 4139 8205
4135 4208 8343
4049 4072 8121
4184 4277 8461
4141 4193 8334
4112 4210 8322
3932 4028 7960
4183 4241 8424
4018 4099 8117
4134 4199 8333
4171 4264 8435
4088 4251 8339
4059 4101 8160
4147 4170 8317
4164 4203 8367
3993 4162 8155
4046 4124 8170
3995 4135 8130
4074 4187 8261
4025 4183 8208
4063 4182 8245
4078 4189 8267
4025 4123 8148
4035 4160 8195
4116 4245 8361
4146 4262 8408
4062 4129 8191
4002 4254 8256
4143 4207 8350
4039 4229 8268
3937 4145 8082
4185 4234 8419
4233 4236 8469
4160 4238 8398
4018 4137 8155
4171 4194 8365
3978 4106 8084
4138 4201 8339
3938 4111 8049
4137 4249 8386
4148 4261 8409
4057 4189 8246
4114 4279 8393
4027 4140 8167
4016 4223 8239
4122 4238 8360
4179 4209 8388
4158 4215 8373
4061 4108 8169
3983 3996 7979
4278 4282 8560
4015 4111 8126
3990 4049 8039
3931 4283 8214
4097 4104 8201
4247 4263 8510
4133 4196 8329
4219 4267 8486
4168 4208 8376
4037 4169 8206
4043 4289 8332
4102 4118 8220
4045 4156 8201
3939 4190 8129
4146 4260 8406
4153 4189 8342
3912 4095 8007
4073 4135 8208
3937 4265 8202
4069 4187 8256
4086 4264 8350
4120 4131 8251
3973 4183 8156
4137 4174 8311
4088 4166 8254
4254 4293 8547
4122 4211 8333
4111 4144 8255
4112 4207 8319
4010 4241 8251
3979 4189 8168
4117 4213 8330
4099 4105 8204
4203 4253 8456
4210 4241 8451
4236 4262 8498
4054 4141 8195
4031 4147 8178
4150 4156 8306
4124 4175 8299
4092 4184 8276
4145 4156 8301
4012 4146 8158
4109 4125 8234
4200 4278 8478
4076 4177 8253
4159 4181 8340
4127 4146 8273
4165 4178 8343
3986 4035 8021
4143 4152 8295
4032 4095 8127
4135 4196 8331
4192 4218 8410
4063 4064 8127
4042 4172 8214
3953 4203 8156
4212 4281 8493
4170 4194 8364
4080 4186 8266
4156 4223 8379
4166 4258 8424
4073 4209 8282
4110 4150 8260
4110 4169 8279
3921 4102 8023
3957 4217 8174
4136 4180 8316
4167 4300 8467
3940 4119 8059
4108 4221 8329
4142 4199 8341
3990 4182 8172
4067 4087 8154
4017 4085 8102
4129 4251 8380
4147 4155 8302
4198 4206 8404
4058 4261 8319
4117 4186 8303
3981 4060 8041
4077 4254 8331
4190 4197 8387
4006 4115 8121
4136 4169 8305
4140 4243 8383
4039 4082 8121
4164 4205 8369
4280 4293 8573
4216 4230 8446
4089 4174 8263
4031 4044 8075
4041 4098 8139
4196 4241 8437
4056 4205 8261
4056 4146 8202
4012 4086 8098
4149 4198 8347
4168 4186 8354
3995 4085 8080
4114 4160 8274
4064 4246 8310
4015 4242 8257
3973 4169 8142
4169 4207 8376
4099 4120 8219
4136 4219 8355
4097 4213 8310
4240 4249 8489
4145 4254 8399
4100 4192 8292
4252 4273 8525
4101 4237 8338
4055 4143 8198
4166 4180 8346
4129 4209 8338
4094 4100 8194
4125 4194 8319
4069 4222 8291
4133 4186 8319
4150 4151 8301
3977 4140 8117
3930 4206 8136
4078 4156 8234
4131 4137 8268
4075 4096 8171
4179 4206 8385
4050 4231 8281
4240 4257 8497
4142 4143 8285
4188 4203 8391
4132 4207 8339
4044 4108 8152
4122 4156 8278
4109 4176 8285
4119 4284 8403
4091 4115 8206
4252 4266 8518
4001 4132 8133
4266 4297 8563
4108 4147 8255
4100 4102 8202
4132 4150 8282
4029 4211 8240
4018 4245 8263
4131 4253 8384
3968 4208 8176
4138 4254 8392
4037 4214 8251
4109 4227 8336
4173 4285 8458
4097 4251 8348
4153 4176 8329
4151 4171 8322
3979 4236 8215
4119 4183 8302
4083 4091 8174
4032 4184 8216
4236 4239 8475
4132 4224 8356
4106 4176 8282
4079 4204 8283
4070 4094 8164
4100 4176 8276
4272 4283 8555
4028 4145 8173
4173 4260 8433
4151 4243 8394
4068 4129 8197
4097 4128 8225
4043 4066 8109
3962 4133 8095
3986 4205 8191
3982 4120 8102
4052 4184 8236
4118 4144 8262
3989 4104 8093
4129 4177 8306
4057 4136 8193
3930 4049 7979
4149 4208 8357
4146 4185 8331
4049 4064 8113
4199 4287 8486
4082 4122 8204
4031 4079 8110
4102 4146 8248
4073 4219 8292
4102 4186 8288
4167 4246 8413
3934 4108 8042
4111 4160 8271
4207 4216 8423
4162 4267 8429
4034 4062 8096
4150 4205 8355
3963 4087 8050
4143 4153 8296
4127 4129 8256
4264 4276 8540
4192 4205 8397
3965 4112 8077
4077 4235 8312
4025 4113 8138
4209 4264 8473
4005 4251 8256
4071 4238 8309
4195 4268 8463
4045 4184 8229
4223 4235 8458
4205 4264 8469
4182 4254 8436
4141 4232 8373
4201 4206 8407
4225 4228 8453
4155 4172 8327
4197 4265 8462
4134 4256 8390
4142 4169 8311
4001 4041 8042
3986 4136 8122
4106 4166 8272
4168 4265 8433
4136 4198 8334
4194 4242 8436
4106 4269 8375
4105 4226 8331
4173 4180 8353
4172 4192 8364
4218 4246 8464
4200 4267 8467
4033 4292 8325
4122 4159 8281
4127 4189 8316
4194 4290 8484
4053 4139 8192
4066 4105 8171
4049 4108 8157
4160 4162 8322
3985 4158 8143
4075 4132 8207
4083 4133 8216
4024 4243 8267
4024 4048 8072
4024 4151 8175
4099 4277 8376
3971 4023 7994
4256 4263 8519
4126 4196 8322
4195 4267 8462
4014 4100 8114
4092 4163 8255
4164 4191 8355
4203 4234 8437
4118 4124 8242
4129 4142 8271
4162 4177 8339
4119 4206 8325
4123 4171 8294
4089 4245 8334
4160 4210 8370
4008 4207 8215
4008 4119 8127
4107 4294 8401
4183 4198 8381
4163 4218 8381
4049 4203 8252
4153 4177 8330
4111 4123 8234
4152 4174 8326
4121 4172 8293
4141 4200 8341
4134 4147 8281
4087 4113 8200
3994 4168 8162
4238 4248 8486
4029 4193 8222
4061 4073 8134
4227 4270 8497
4188 4214 8402
4049 4221 8270
4232 4233 8465
3941 4091 8032
4205 4209 8414
4095 4142 8237
4066 4158 8224
4122 4216 8338
4131 4261 8392
4054 4232 8286
4094 4103 8197
4199 4272 8471
4156 4264 8420
4124 4227 8351
4101 4256 8357
4022 4225 8247
4187 4206 8393
4150 4225 8375
4187 4207 8394
4149 4180 8329
4094 4180 8274
4051 4143 8194
3932 4060 7992
4029 4145 8174
4038 4133 8171
4113 4122 8235
4137 4209 8346
4236 4282 8518
4225 4264 8489
4060 4186 8246
4036 4223 8259
4088 4105 8193
4239 4242 8481
4098 4106 8204
4116 4185 8301
3996 4225 8221
4115 4147 8262
3971 4109 8080
4081 4175 8256
4204 4210 8414
4125 4206 8331
4229 4235 8464
4112 4207 8319
4250 4267 8517
4052 4195 8247
4055 4142 8197
4199 4221 8420
3976 4013 7989
4141 4211 8352
3960 4145 8105
4130 4167 8297
4196 4253 8449
4015 4171 8186
4226 4276 8502
4201 4210 8411
4158 4202 8360
4165 4200 8365
4117 4295 8412
4185 4227 8412
4134 4171 8305
4077 4135 8212
3981 4222 8203
4110 4128 8238
4163 4278 8441
3922 4202 8124
3977 4096 8073
4088 4232 8320
3983 4069 8052
4139 4183 8322
4055 4146 8201
4124 4158 8282
4107 4208 8315
4072 4188 8260
4134 4234 8368
4018 4050 8068
4289 4298 8587
3942 3966 7908
3979 4178 8157
3975 4081 8056
4191 4262 8453
4020 4107 8127
4045 4096 8141
4110 4112 8222
4094 4188 8282
3962 4100 8062
4026 4138 8164
4145 4265 8410
4236 4275 8511
4057 4087 8144
4119 4146 8265
4104 4138 8242
4146 4196 8342
4185 4216 8401
4004 4146 8150
4190 4200 8390
4258 4267 8525
4020 4139 8159
4119 4185 8304
4148 4252 8400
4163 4196 8359
4162 4163 8325
4066 4284 8350
4192 4195 8387
3999 4225 8224
4191 4235 8426
4104 4119 8223
4141 4188 8329
4067 4242 8309
4059 4257 8316
4070 4134 8204
4052 4267 8319
4080 4097 8177
4065 4227 8292
4006 4250 8256
4144 4193 8337
4017 4287 8304
3994 4234 8228
4264 4294 8558
4217 4233 8450
4180 4251 8431
4034 4205 8239
4060 4068 8128
4082 4270 8352
4036 4125 8161
4255 4278 8533
4037 4129 8166
4052 4067 8119
4084 4102 8186
4173 4291 8464
4098 4143 8241
4261 4278 8539
3951 4228 8179
4086 4114 8200
4096 4204 8300
4246 4255 8501
4125 4191 8316
4103 4189 8292
4041 4168 8209
3947 4121 8068
4118 4142 8260
4194 4231 8425
4055 4167 8222
4113 4151 8264
4015 4133 8148
4133 4158 8291
4194 4217 8411
4123 4141 8264
4165 4199 8364
3997 4067 8064
4099 4180 8279
4140 4194 8334
4082 4089 8171
4254 4265 8519
4089 4183 8272
4190 4228 8418
4021 4232 8253
4222 4243 8465
4055 4290 8345
4006 4025 8031
4135 4180 8315
4059 4187 8246
4141 4161 8302
4014 4220 8234
4183 4195 8378
4131 4196 8327
4179 4295 8474
3994 4210 8204
4036 4228 8264
4198 4260 8458
4222 4239 8461
4196 4215 8411
4075 4254 8329
4136 4273 8409
4272 4273 8545
4097 4188 8285
4122 4170 8292
4080 4099 8179
4137 4252 8389
3950 4239 8189
4055 4195 8250
3996 4009 8005
4096 4221 8317
4251 4279 8530
4110 4227 8337
4123 4276 8399
4001 4137 8138
4275 4281 8556
4025 4063 8088
4114 4239 8353
4190 4216 8406
4084 4096 8180
4017 4190 8207
4252 4263 8515
4012 4089 8101
4027 4110 8137
4162 4223 8385
4078 4147 8225
3996 4266 8262
4179 4186 8365
4202 4222 8424
4090 4186 8276
3985 4134 8119
4046 4113 8159
4198 4246 8444
3972 4007 7979
4146 4153 8299
4253 4257 8510
4073 4211 8284
4007 4244 8251
4233 4267 8500
4060 4216 8276
4027 4181 8208
4110 4142 8252
4106 4163 8269
4131 4191 8322
4152 4202 8354
4085 4252 8337
4203 4227 8430
4166 4215 8381
4091 4271 8362
4172 4205 8377
4211 4246 8457
4156 4261 8417
4006 4233 8239
4193 4257 8450
3998 4115 8113
4187 4236 8423
4086 4193 8279
3944 4083 8027
4102 4161 8263
4024 4029 8053
4138 4275 8413
4165 4224 8389
4009 4055 8064
4182 4218 8400
4201 4209 8410
4058 4114 8172
4172 4224 8396
4229 4244 8473
4071 4135 8206
4075 4117 8192
4086 4210 8296
4116 4181 8297
4211 4282 8493
3956 4037 7993
4113 4258 8371
4087 4150 8237
4241 4256 8497
3950 4141 8091
4056 4246 8302
4185 4215 8400
4048 4134 8182
4065 4125 8190
3966 3981 7947
4275 4283 8558
4150 4260 8410
4033 4121 8154
4010 4240 8250
4086 4109 8195
4221 4294 8515
4160 4224 8384
4047 4099 8146
4001 4172 8173
4016 4190 8206
4083 4162 8245
4016 4048 8064
4061 4120 8181
4005 4070 8075
4043 4124 8167
4110 4272 8382
4102 4107 8209
3998 4160 8158
4001 4288 8289
4144 4155 8299
4059 4218 8277
4234 4253 8487
4134 4242 8376
4219 4222 8441
3967 4008 7975
4079 4228 8307
4135 4136 8271
4166 4242 8408
4091 4145 8236
4146 4273 8419
4217 4281 8498
4049 4141 8190
4244 4263 8507
4269 4271 8540
4089 4118 8207
3932 3975 7907
4137 4177 8314
4099 4193 8292
4028 4109 8137
4112 4244 8356
4161 4242 8403
4108 4273 8381
4165 4180 8345
4083 4088 8171
4058 4158 8216
4210 4249 8459
4187 4247 8434
4174 4194 8368
4155 4240 8395
4087 4094 8181
4048 4116 8164
4074 4255 8329
4125 4197 8322
3956 4104 8060
4042 4189 8231
4121 4198 8319
4055 4236 8291
4140 4257 8397
4061 4177 8238
4059 4267 8326
4031 4137 8168
4040 4103 8143
4128 4252 8380
4002 4017 8019
4106 4119 8225
4017 4031 8048
4051 4150 8201
4261 4289 8550
3999 4151 8150
3983 4225 8208
4072 4173 8245
4061 4228 8289
4094 4229 8323
3913 4188 8101
4058 4181 8239
4175 4237 8412
4255 4257 8512
4265 4269 8534
4165 4237 8402
4150 4186 8336
4153 4205 8358
3939 4151 8090
4107 4174 8281
4186 4267 8453
4094 4278 8372
4040 4190 8230
4100 4177 8277
4088 4098 8186
4045 4058 8103
4101 4103 8204
4151 4207 8358
4073 4086 8159
4085 4268 8353
4117 4236 8353
4147 4262 8409
4105 4154 8259
4164 4226 8390
4034 4189 8223
4197 4237 8434
3916 4064 7980
4001 4194 8195
4130 4183 8313
4117 4233 8350
4042 4078 8120
4016 4088 8104
4166 4228 8394
4123 4124 8247
4257 4258 8515
4020 4085 8105
3982 4174 8156
4016 4178 8194
4209 4242 8451
4179 4257 8436
4096 4228 8324
4067 4118 8185
4126 4219 8345
4115 4123 8238
4054 4103 8157
4199 4218 8417
4226 4233 8459
3932 4079 8011
3948 4127 8075
4145 4270 8415
4005 4020 8025
4076 4080 8156
4034 4075 8109
4133 4153 8286
4130 4151 8281
4139 4177 8316
4127 4200 8327
3942 4133 8075
4185 4193 8378
4187 4217 8404
4054 4225 8279
4135 4289 8424
3958 4034 7992
4159 4246 8405
4003 4035 8038
4196 4238 8434
4131 4256 8387
3957 4082 8039
4109 4191 8300
4157 4199 8356
3948 4142 8090
4032 4050 8082
4064 4162 8226
4136 4256 8392
4044 4263 8307
4040 4106 8146
4228 4242 8470
4065 4282 8347
4127 4238 8365
4076 4227 8303
4019 4135 8154
4076 4176 8252
4058 4234 8292
4101 4209 8310
4117 4161 8278
4124 4174 8298
4077 4167 8244
4166 4282 8448
4012 4293 8305
4205 4249 8454
4119 4252 8371
4083 4112 8195
4054 4224 8278
4112 4128 8240
4276 4281 8557
3987 4217 8204
4082 4265 8347
4199 4254 8453
4169 4284 8453
4030 4145 8175
4187 4289 8476
4073 4186 8259
4195 4216 8411
4152 4230 8382
4182 4202 8384
4057 4102 8159
4038 4140 8178
4008 4180 8188
4006 4157 8163
4103 4150 8253
4168 4249 8417
4032 4067 8099
4041 4120 8161
4184 4215 8399
4127 4249 8376
4202 4220 8422
4230 4274 8504
4097 4165 8262
3979 4028 8007
4093 4162 8255
4067 4258 8325
3992 4133 8125
4173 4199 8372
4177 4190 8367
4098 4177 8275
4141 4161 8302
4237 4265 8502
3949 4113 8062
4126 4195 8321
4044 4252 8296
4109 4125 8234
4181 4261 8442
4050 4080 8130
4009 4066 8075
4141 4146 8287
4223 4273 8496
4129 4187 8316
4092 4132 8224

4148 4196 8327
4130 4153 8272
4100 4178 8260
4087 4121 8196
4198 4199 8394
4099 4143 8225
4182 4190 8352
4094 4129 8209
4088 4101 8165
4110 4130 8226
4039 4156 8185
4198 4200 8362
4175 4182 8331
4049 4100 8133
4034 4189 8194
4141 4150 8255
4069 4162 8220
4090 4125 8180
4051 4109 8137
4035 4144 8150
4087 4124 8176
4077 4121 8167
4125 4163 8283
4130 4165 8274
4135 4174 8289
4029 4112 8136
4139 4159 8260
4061 4070 8122
4058 4146 8166
4120 4133 8249
4076 4133 8198
4058 4137 8181
4169 4199 8358
4157 4180 8304
4027 4120 8125
4078 4081 8149
4182 4191 8356
4134 4138 8257
4068 4168 8232
4031 4183 8207
4027 4101 8124
4079 4100 8159
4198 4200 8374
4049 4117 8128
4044 4116 8140
4188 4192 8362
4164 4170 8330
4075 4161 8226
4130 4159 8263
4120 4122 8214
4134 4155 8280
4198 4200 8395
4134 4147 8262
4151 4169 8302
4129 4148 8252
4195 4197 8358
4108 4149 8237
4150 4184 8295
4099 4193 8268
4119 4137 8241
4130 4183 8278
4059 4165 8216
4033 4063 8081
4045 4161 8202
4153 4162 8277
4162 4199 8349
4152 4170 8308
4063 4148 8173
4082 4145 8195
4113 4139 8222
4022 4137 8132
4043 4160 8169
4009 4029 8003
4044 4194 8205
4036 4085 8120
4150 4159 8290
4069 4122 8164
4037 4144 8172
4005 4159 8155
4131 4162 8255
4002 4150 8144
4187 4191 8353
4191 4200 8369
4174 4193 8354
4139 4198 8334
4165 4187 8325
4172 4188 8333
4133 4136 8246
4132 4196 8306
4116 4171 8255
4145 4151 8270
4177 4195 8344
4108 4141 8221
4138 4150 8274
4197 4200 8396
4077 4115 8189
4005 4081 8071
4126 4154 8243
4015 4032 8021
4029 4144 8146
4125 4168 8276
4152 4157 8303
4056 4116 8142
4051 4183 8216
4070 4178 8231
4068 4134 8166
4047 4173 8187
4095 4176 8259
4068 4154 8216
4158 4171 8325
4125 4171 8272
4081 4141 8198
4117 4150 8234
4138 4188 8325
4071 4169 8228
4161 4199 8336
4035 4048 8047
4095 4102 8178
4153 4165 8311
4078 4174 8214
4049 4138 8151
4145 4199 8327
4087 4133 8214
4167 4179 8335
4071 4095 8145
4171 4186 8347
4068 4138 8187
4131 4142 8266
4125 4186 8288
4159 4163 8321
4120 4194 8288
4139 4165 8270
4133 4174 8290
4119 4192 8292
4166 4184 8333
4182 4197 8352
4115 4145 8247
4059 4114 8159
4133 4166 8265
4132 4167 8262
4115 4131 8209
4104 4133 8229
4145 4178 8292
4145 4197 8340
4033 4104 8125
4129 4133 8237
4152 4159 8294
4045 4130 8167
4142 4173 8290
4193 4195 8350
4042 4193 8225
4142 4191 8299
4077 4129 8192
4046 4188 8202
4122 4157 8265
4036 4081 8087
4159 4190 8327
4162 4164 8288
4066 4120 8154
4152 4168 8283
4006 4134 8135
4099 4131 8221
4118 4161 8278
4048 4064 8074
4029 4200 8228
4060 4074 8131
4085 4168 8249
4065 4149 8177
4007 4170 8148
4172 4200 8371
4092 4178 8244
4103 4175 8242
4024 4046 8056
4118 4169 8267
4163 4187 8339
4076 4160 8209
4022 4147 8145
4120 4170 8255
4102 4138 8237
4025 4147 8149
4185 4191 8348
4145 4199 8338
4081 4096 8157
4122 4150 8255
4146 4174 8315
4199 4200 8380
4134 4139 8259
4051 4131 8159
4101 4140 8234
4185 4192 8362
4087 4162 8243
4010 4050 8053
4027 4182 8182
4062 4073 8125
4093 4181 8262
4019 4142 8159
4116 4140 8225
4170 4181 8349
4066 4089 8151
4015 4153 8146
4126 4140 8244
4081 4104 8164
4023 4043 8062
4025 4162 8179
4112 4129 8234
4056 4151 8197
4131 4183 8298
4117 4170 8257
4019 4076 8074
4180 4200 8365
4060 4171 8218
4182 4193 8338
4023 4126 8130
4086 4169 8243
4003 4126 8093
4181 4188 8362
4195 4198 8360
4132 4167 8297
4013 4128 8125
4152 4153 8297
4184 4190 8367
4072 4138 8172
4135 4151 8260
4026 4154 8161
4124 4197 8301
4049 4097 8124
4065 4146 8198
4166 4178 8307
4077 4159 8222
4027 4136 8125
4042 4191 8197
4155 4168 8302
4147 4196 8305
4074 4167 8227
4047 4117 8161
4035 4171 8183
4030 4142 8135
4157 4168 8312
4137 4190 8302
4079 4138 8188
4084 4121 8184
4141 4142 8280
4010 4052 8031
4147 4152 8283
4003 4174 8168
4192 4198 8383
4160 4163 8297
4018 4100 8095
4176 4191 8360
4007 4133 8125
4066 4133 8175
4109 4178 8265
4098 4122 8217
4089 4169 8230
4081 4179 8231
4025 4061 8068
4196 4199 8372
4045 4103 8124
4012 4024 8030
4004 4188 8173
4090 4176 8234
4161 4170 8316
4132 4156 8257
4155 4176 8303
4123 4143 8251
4028 4156 8154
4141 4189 8325
4011 4185 8160
4139 4185 8304
4011 4195 8186
4176 4194 8361
4130 4197 8293
4001 4173 8150
4151 4180 8316
4017 4178 8180
4046 4196 8217
4077 4177 8233
4034 4100 8105
4022 4137 8143
4132 4148 8275
4110 4118 8207
4191 4200 8369
4049 4166 8214
4024 4047 8045
4181 4199 8354
4109 4198 8292
4046 4119 8150
4146 4171 8294
4198 4199 8385
4179 4192 8355
4110 4143 8249
4154 4185 8300
4065 4185 8237
4070 4102 8138
4127 4164 8280
4072 4085 8140
4057 4090 8139
4164 4165 8320
4077 4107 8164
4162 4189 8345
4139 4200 8330
4134 4156 8288
4132 4168 8267
4075 4158 8198
4115 4143 8225
4059 4110 8166
4131 4195 8287
4041 4069 8078
4165 4200 8362
4113 4180 8284
4088 4099 8166
4116 4180 8257
4048 4190 8234
4164 4183 8318
4184 4200 8370
4042 4103 8129
4161 4165 8304
4140 4186 8307
4072 4163 8202
4078 4139 8181
4047 4153 8181
4002 4189 8158
4048 4127 8150
4113 4169 8271
4184 4200 8377
4015 4022 8034
4080 4172 8242
4147 4156 8291
4013 4160 8165
4069 4130 8182
4072 4073 8123
4172 4187 8356
4153 4156 8298
4148 4171 8296
4072 4173 8232
4152 4184 8321
4051 4052 8092
4115 4154 8256
4091 4134 8207
4033 4117 8124
4106 4124 8223
4080 4172 8228
4017 4025 8020
4074 4114 8155
4191 4197 8384
4158 4161 8307
4003 4134 8108
4114 4135 8223
4011 4025 8004
4186 4197 8367
4138 4164 8298
4134 4151 8265
4047 4132 8165
4173 4177 8320
4076 4117 8160
4046 4184 8217
4028 4132 8139
4141 4153 8273
4016 4193 8190
4068 4095 8137
4152 4173 8317
4157 4175 8323
4069 4168 8211
4188 4193 8362
4153 4157 8303
4176 4185 8331
4157 4172 8305
4194 4198 8384
4120 4139 8223
4067 4100 8151
4159 4178 8336
4037 4150 8149
4089 4165 8224
4115 4148 8227
4141 4159 8263
4079 4168 8210
4053 4077 8115
4007 4133 8104
4024 4143 8161
4087 4134 8217
4093 4168 8236
4027 4036 8028
4081 4169 8223
4100 4175 8271
4189 4199 8385
4188 4193 8370
4097 4157 8224
4185 4196 8376
4049 4174 8214
4175 4200 8356
4011 4121 8123
4144 4194 8335
4112 4176 8249
4184 4194 8365
4067 4076 8132
4197 4198 8389
4015 4073 8086
4155 4196 8327
4062 4068 8100
4028 4121 8120
4028 4170 8170
4148 4158 8303
4062 4124 8166
4099 4177 8266
4093 4136 8206
4155 4165 8313
4109 4193 8275
4057 4152 8197
4060 4192 8244
4140 4173 8301
4078 4192 8238
4076 4178 8243
4172 4174 8312
4114 4134 8233
4159 4183 8324
4131 4185 8285
4148 4173 8282
4110 4193 8296
4050 4124 8151
4180 4198 8345
4182 4200 8351
4014 4188 8186
4122 4173 8264
4099 4151 8214
4038 4171 8201
4070 4087 8129
4106 4163 8248
4017 4113 8123
4072 4142 8210
4071 4155 8195
4054 4187 8233
4092 4169 8231
4009 4091 8083
4115 4165 8268
4080 4081 8132
4009 4097 8073
4185 4199 8378
4162 4190 8321
4138 4150 8275
4178 4189 8348
4082 4174 8220
4038 4089 8105
4018 4062 8059
4050 4187 8232
4197 4200 8396
4186 4190 8348
4032 4034 8053
4181 4183 8338
4153 4200 8326
4165 4167 8311
4004 4054 8035
4115 4143 8220
4025 4085 8085
4105 4192 8291
4161 4190 8339
4170 4189 8331
4145 4152 8277
4009 4183 8178
4065 4139 8188
4033 4066 8076
4193 4200 8379
4090 4165 8249
4132 4160 8267
4197 4199 8368
4056 4172 8223
4125 4191 8298
4155 4172 8307
4123 4179 8265
4124 4140 8245
4119 4177 8264
4162 4172 8308
4166 4186 8321
4117 4169 8247
4084 4172 8245
4077 4092 8146
4011 4021 8006
4051 4098 8140
4026 4150 8163
4106 4192 8273
4126 4185 8293
4136 4162 8274
4141 4194 8309
4044 4127 8144
4077 4100 8161
4179 4195 8338
4120 4178 8278
4184 4187 8340
4094 4200 8282
4040 4185 8220
4098 4151 8238
4164 4191 8337
4066 4095 8141
4158 4192 8311
4029 4031 8033
4137 4163 8269
4074 4160 8212
4001 4190 8184
4163 4194 8322
4101 4169 8267
4047 4060 8083
4018 4051 8042
4186 4191 8361
4001 4006 7991
4196 4200 8358
4035 4148 8172
4128 4186 8299
4029 4066 8072
4006 4087 8065
4162 4173 8314
4172 4191 8348
4113 4180 8263
4077 4192 8267
4114 4115 8198
4126 4156 8243
4152 4167 8292
4142 4168 8305
4102 4130 8203
4017 4170 8161
4108 4136 8211
4195 4199 8378
4112 4146 8223
4150 4167 8310
4135 4188 8305
4061 4199 8259
4025 4033 8041
4155 4198 8345
4129 4154 8257
4119 4171 8271
4083 4161 8220
4178 4190 8356
4070 4159 8195
4195 4197 8360
4082 4116 8192
4112 4142 8229
4136 4192 8319
4161 4168 8325
4080 4129 8180
4174 4199 8337
4034 4159 8156
4117 4129 8208
4034 4128 8125
4084 4114 8161
4126 4146 8270
4158 4197 8327
4085 4171 8249
4148 4169 8315
4153 4183 8301
4107 4180 8279
4103 4194 8272
4054 4184 8204
4101 4129 8198
4109 4126 8224
4092 4178 8256
4089 4121 8200
4079 4167 8224
4092 4152 8216
4067 4169 8223
4003 4060 8033
4056 4077 8106
4094 4176 8237
4021 4027 8039
4169 4181 8328
4154 4194 8311
4183 4191 8363
4109 4118 8203
4127 4171 8269
4167 4175 8336
4143 4170 8280
4126 4144 8243
4084 4103 8149
4071 4193 8242
4086 4108 8190
4071 4200 8238
4023 4121 8142
4137 4196 8295
4033 4162 8183
4137 4185 8295
4081 4188 8256
4162 4174 8299
4055 4130 8164
4034 4126 8144
4186 4194 8349
4048 4073 8103
4082 4115 8172
4043 4047 8084
4092 4140 8207
4098 4170 8245
4077 4097 8159
4185 4189 8372
4187 4198 8353
4117 4189 8281
4154 4162 8299
4161 4195 8352
4145 4161 8269
4189 4191 8375
4051 4113 8151
4040 4170 8197
4120 4126 8217
4151 4191 8338
4005 4151 8118
4048 4186 8221
4079 4180 8233
4045 4055 8069
4146 4160 8304
4040 4118 8141
4087 4123 8204
4079 4195 8236
4038 4154 8178
4134 4163 8296
4009 4120 8113
4193 4200 8371
4025 4036 8039
4076 4081 8131
4010 4032 8025
4140 4162 8285
4060 4105 8137
4072 4160 8200
4011 4035 8012
4180 4200 8368
4009 4063 8070
4039 4076 8097
4164 4165 8324
4180 4184 8332
4047 4084 8102
4072 4121 8170
4073 4104 8148
4108 4162 8260
4183 4189 8359
4068 4072 8116
4191 4195 8367
4171 4177 8328
4076 4154 8213
4024 4178 8192
4081 4171 8243
4171 4188 8337
4070 4085 8143
4104 4198 8292
4196 4198 8369
4071 4196 8261
4185 4198 8371
4185 4194 8352
4196 4200 8371
4141 4180 8292
4153 4192 8317
4105 4156 8255
4121 4175 8273
4153 4160 8288
4041 4142 8170
4066 4159 8201
4045 4114 8154
4073 4190 8237
4045 4182 8195
4194 4199 8356
4130 4136 8234
4158 4170 8319
4096 4138 8213
4004 4110 8096
4092 4185 8274
4018 4117 8101
4177 4183 8359
4121 4188 8304
4061 4108 8140
4163 4184 8311
4154 4197 8325
4118 4137 8237
4179 4190 8365
4027 4161 8183
4099 4199 8268
4170 4199 8356
4147 4178 8292
4109 4166 8266
4179 4193 8367
4084 4195 8253
4012 4062 8052
4060 4188 8218
4115 4148 8260
4032 4083 8103
4108 4111 8207
4061 4122 8164
4114 4164 8247
4141 4169 8292
4055 4182 8219
4180 4185 8357
4078 4098 8156
4094 4146 8219
4164 4174 8331
4134 4185 8283
4190 4197 8352
4125 4131 8220
4103 4136 8206
4099 4144 8217
4179 4189 8363
4062 4190 8234
4078 4098 8166
4150 4153 8297
4004 4180 8149
4051 4092 8123
4042 4173 8198
4086 4098 8158
4071 4179 8216
4189 4195 8371
4071 4126 8180
4136 4140 8269
4102 4173 8237
4192 4194 8365
4145 4155 8291
4068 4170 8231
4097 4184 8251
4182 4189 8347
4121 4148 8247
4083 4184 8251
4167 4175 8327
4127 4168 8268
4029 4163 8155
4037 4144 8147
4037 4052 8082
4169 4179 8316
4186 4198 8357
4198 4199 8392
4103 4185 8264
4089 4100 8168
4195 4196 8377
4008 4084 8074
4140 4172 8307
4143 4152 8279
4037 4159 8166
4113 4128 8240
4173 4195 8346
4003 4022 8002
4081 4200 8248
4108 4166 8242
4132 4197 8310
4090 4166 8254
4156 4161 8308
4104 4149 8221
4029 4191 8194
4053 4189 8228
4105 4143 8246
4115 4174 8274
4008 4070 8063
4066 4156 8202
4164 4193 8340
4151 4162 8284
4065 4196 8237
4136 4191 8296
4024 4145 8153
4112 4181 8256
4073 4088 8143
4030 4194 8214
4122 4180 8269
4171 4182 8334
4152 4184 8320
4119 4195 8301
4073 4180 8245
4113 4191 8284
4099 4111 8173
4166 4198 8334
4077 4164 8230
4078 4196 8238
4183 4198 8362
4032 4131 8134
4158 4194 8325
4157 4169 8310
4012 4097 8071
4079 4106 8163
4024 4033 8040
4179 4188 8362
4069 4183 8235
4000 4144 8132
4114 4161 8245
4164 4183 8313
4009 4035 8007
4075 4131 8187
4152 4175 8312
4039 4080 8108
4023 4064 8079
4183 4186 8333
4199 4200 8371
4162 4198 8348
4005 4136 8111
4086 4169 8225
4023 4088 8092
4157 4164 8320
4004 4111 8081
4051 4146 8188
4134 4172 8270
4145 4195 8317
4093 4155 8225
4045 4047 8065
4182 4199 8376
4192 4195 8372
4062 4189 8249
4086 4176 8229
4010 4047 8031
4186 4199 8364
4176 4190 8351
4051 4076 8109
4027 4103 8114
4114 4185 8273
4045 4142 8174
4064 4087 8142
4031 4142 8141
4093 4170 8249
4059 4093 8132
4124 4196 8308
4017 4061 8043
4091 4137 8207
4056 4194 8248
4156 4187 8339
4068 4179 8215
4152 4160 8296
4150 4153 8300
4125 4134 8236
4064 4066 8123
4125 4161 8265
4048 4130 8167
4088 4166 8225
4052 4143 8170
4177 4188 8363
4165 4190 8331
4053 4087 8127
4191 4192 8350
4179 4196 8359
4083 4122 8169
4002 4048 8013
4071 4183 8250
4020 4111 8124
4025 4096 8088
4149 4175 8313
4086 4142 8201
4186 4198 8354
4084 4150 8228
4114 4187 8280
4044 4061 8082
4153 4197 8318
4163 4167 8305
4117 4158 8252
4096 4142 8217
4019 4092 8073
4111 4131 8224
4131 4185 8293
4168 4178 8318
4040 4175 8194
4107 4141 8238
4036 4133 8134
4139 4172 8275
4137 4199 8299
4153 4178 8330
4041 4169 8201
4105 4196 8291
4020 4127 8119
4132 4177 8281
4038 4046 8077
4033 4085 8110
4059 4071 8108
4139 4148 8285
4195 4199 8355
4020 4063 8063
4050 4194 8218
4058 4112 8164
4109 4200 8294
4068 4173 8240
4004 4190 8184
4045 4181 8192
4134 4168 8277
4180 4193 8363
4198 4199 8383
4179 4185 8360
4050 4200 8216
4143 4178 8308
4021 4195 8213
4193 4194 8377
4146 4189 8334
4055 4195 8217
4056 4200 8242
4077 4139 8182
4016 4023 8027
4106 4120 8200
4080 4138 8199
4065 4143 8171
4161 4169 8295
4090 4200 8255
4116 4153 8263
4164 4168 8314
4100 4177 8254
4080 4152 8202
4115 4116 8209
4160 4164 8287
4009 4045 8035
4084 4178 8241
4046 4095 8123
4078 4140 8185
4035 4138 8167
4031 4071 8077
4130 4161 8289
4031 4190 8186
4159 4167 8318
4050 4057 8079
4050 4200 8231
4019 4081 8099
4183 4193 8357
4079 4168 8237
4191 4199 8369
4141 4178 8285
4084 4152 8216
4028 4158 8174
4024 4044 8038
4168 4184 8334
4142 4149 8263
4015 4179 8164
4006 4041 8046
4141 4196 8299
4013 4040 8044
4003 4106 8096
4087 4107 8158
4100 4105 8195
4086 4094 8142
4055 4079 8115
4135 4158 8269
4009 4043 8050
4167 4184 8324
4186 4194 8369
4138 4144 8260
4110 4194 8278
4058 4070 8117
4175 4181 8321
4018 4074 8054
4133 4153 8249
4122 4199 8290
4042 4050 8090
4122 4136 8251
4116 4165 8258
4043 4064 8103
4132 4150 8264
4125 4167 8285
4041 4159 8174
4039 4171 8205
4109 4124 8201
4138 4144 8251
4047 4186 8210
4118 4157 8241
4072 4146 8190
4049 4149 8170
4129 4167 8273
4128 4187 8312
4021 4119 8134
4025 4151 8140
4116 4133 8216
4070 4166 8229
4168 4189 8346
4015 4199 8210
4161 4166 8303
4159 4166 8289
4116 4148 8252
4123 4186 8294
4026 4039 8055
4199 4200 8379
4013 4192 8173
4152 4199 8339
4164 4188 8343
4077 4186 8232
4119 4194 8310
4186 4195 8371
4001 4142 8126
4101 4156 8245
4059 4166 8208
4094 4175 8253
4099 4162 8238
4058 4197 8228
4078 4171 8215
4087 4177 8226
4040 4061 8070
4098 4152 8229
4036 4147 8155
4120 4191 8279
4162 4180 8306
4145 4192 8302
4191 4194 8351
4176 4195 8336
4029 4091 8099
4017 4100 8111
4080 4192 8239
4044 4177 8192
4020 4145 8147
4098 4124 8198
4164 4174 8327
4051 4173 8201
4042 4185 8214
4192 4193 8376
4049 4085 8127
4171 4199 8354
4038 4156 8169
4123 4177 8268
4176 4197 8349
4011 4042 8015
4031 4136 8143
4047 4180 8224
4159 4197 8340
4174 4195 8363
4000 4039 8023

0.010000 0.320000
