100
552492
4204 4208 8412
4140 4225 8365
4168 4255 8423
4221 4271 8492
4033 4140 8173
4035 4182 8217
4137 4184 8321
4169 4215 8384
4083 4225 8308
4123 4239 8362
4010 4160 8170
3954 4121 8075
4003 4170 8173
4127 4291 8418
4120 4283 8403
3976 4179 8155
4274 4278 8552
3952 4145 8097
4137 4272 8409
4116 4145 8261
3977 4093 8070
4048 4067 8115
4231 4239 8470
4050 4270 8320
4196 4221 8417
4141 4221 8362
3985 4080 8065
4140 4195 8335
4008 4269 8277
4141 4286 8427
4127 4258 8385
4190 4205 8395
4240 4253 8493
3935 4153 8088
4033 4104 8137
4064 4129 8193
4251 4282 8533
4085 4215 8300
4098 4110 8208
4100 4236 8336
4241 4246 8487
4112 4168 8280
4189 4197 8386
4065 4096 8161
4048 4055 8103
4229 4245 8474
4142 4195 8337
3996 4159 8155
4016 4085 8101
4205 4244 8449
4127 4248 8375
4198 4212 8410
4231 4258 8489
4032 4224 8256
3970 4079 8049
4132 4242 8374
4159 4242 8401
4112 4154 8266
4219 4259 8478
4081 4209 8290
4031 4100 8131
3996 4155 8151
4196 4208 8404
4188 4189 8377
4145 4165 8310
4083 4096 8179
4088 4257 8345
4072 4250 8322
4153 4216 8369
4062 4241 8303
4154 4300 8454
4102 4161 8263
4143 4177 8320
4126 4182 8308
3983 4102 8085
3986 4088 8074
4037 4264 8301
4179 4245 8424
4159 4280 8439
4158 4281 8439
4125 4231 8356
3992 4099 8091
4091 4099 8190
4093 4222 8315
4220 4229 8449
4094 4296 8390
3912 4113 8025
4098 4238 8336
4182 4196 8378
4154 4220 8374
3915 4015 7930
4130 4229 8359
4092 4235 8327
4075 4101 8176
4005 4177 8182
4036 4066 8102
4009 4040 8049
4114 4204 8318
4006 4134 8140
4129 4226 8355

4115 4128 8209
4146 4188 8333
4124 4199 8292
4193 4194 8359
4038 4191 8222
4099 4129 8191
4188 4200 8381
4173 4184 8321
4023 4147 8137
4139 4185 8304
4029 4191 8190
4038 4179 8209
4070 4192 8232
4197 4200 8380
4187 4190 8368
4049 4180 8203
4176 4182 8319
4004 4120 8108
4176 4191 8346
4037 4078 8100
4046 4062 8107
4056 4141 8184
4177 4180 8319
4020 4175 8186
4160 4178 8301
4056 4144 8163
4018 4039 8044
4132 4200 8327
4040 4169 8190
4121 4197 8282
4065 4190 8236
4177 4199 8371
4153 4172 8296
4021 4150 8136
4120 4131 8222
4091 4143 8216
4179 4192 8342
4103 4160 8226
4159 4185 8320
4154 4197 8337
4199 4200 8381
4179 4198 8367
4194 4195 8360
4022 4127 8131
4048 4090 8133
4188 4189 8371
4195 4199 8356
4021 4070 8064
4116 4129 8224
4125 4162 8263
4104 4197 8269
4178 4200 8372
4139 4165 8289
4108 4184 8262
4027 4096 8108
4153 4194 8308
4193 4194 8355
4175 4199 8361
4154 4189 8327
4129 4195 8310
4051 4109 8128
4034 4198 8231
4112 4126 8237
4152 4161 8278
4146 4169 8299
4006 4030 8026
4136 4199 8308
4099 4165 8252
4113 4199 8297
4125 4154 8252
4057 4200 8220
4004 4172 8170
4087 4102 8176
4135 4154 8278
4033 4047 8044
4014 4094 8096
4091 4191 8268
4122 4162 8276
4187 4190 8368
4192 4198 8379
4195 4196 8352
4039 4186 8193
4085 4088 8142
4065 4175 8233
4177 4196 8365
4157 4200 8355
4001 4050 8046
4118 4185 8268
4087 4136 8204
4135 4175 8271
4002 4075 8067
4155 4185 8323
4127 4176 8264
4125 4168 8286
4026 4179 8193
4017 4060 8041
4102 4128 8214
4082 4114 8187
4001 4044 8043
4181 4194 8366

0.010000 0.670000
