100
616741
4069 4122 8191
4164 4254 8418
4100 4193 8293
4146 4228 8374
3992 4153 8145
4158 4166 8324
3980 4136 8116
3939 4241 8180
4224 4236 8460
4213 4226 8439
4172 4269 8441
4217 4236 8453
4026 4105 8131
4290 4294 8584
4003 4143 8146
4080 4187 8267
4264 4284 8548
4105 4273 8378
4062 4087 8149
3964 4193 8157
4167 4225 8392
4223 4286 8509
4049 4138 8187
4128 4191 8319
4142 4150 8292
4023 4245 8268
3969 4135 8104
4129 4165 8294
4095 4102 8197
4009 4187 8196
4147 4219 8366
4178 4226 8404
3975 4149 8124
4084 4092 8176
3999 4124 8123
4168 4193 8361
4071 4093 8164
4181 4228 8409
4090 4147 8237
4082 4177 8259
3949 4025 7974
4134 4179 8313
4267 4269 8536
4136 4184 8320
4258 4293 8551
4019 4245 8264
4038 4054 8092
4106 4144 8250
4138 4247 8385
4031 4223 8254
4072 4124 8196
4210 4246 8456
4164 4221 8385
4046 4123 8169
4197 4200 8397
4059 4144 8203
4060 4163 8223
4000 4117 8117
4102 4291 8393
4096 4099 8195
4149 4196 8345
4046 4061 8107
4174 4239 8413
3939 4105 8044
4017 4133 8150
4149 4183 8332
4180 4227 8407
4016 4192 8208
4021 4139 8160
3944 4182 8126
4089 4146 8235
4120 4129 8249
3974 4137 8111
4048 4179 8227
4062 4149 8211
4051 4229 8280
4187 4197 8384
4071 4175 8246
4034 4151 8185
4085 4101 8186
4176 4227 8403
4191 4199 8390
4174 4246 8420
4146 4163 8309
4145 4153 8298
4046 4158 8204
4093 4127 8220
4142 4223 8365
4068 4249 8317
4058 4154 8212
3967 3991 7958
4080 4083 8163
4228 4235 8463
3940 4155 8095
4026 4154 8180
3966 4129 8095
4193 4259 8452
4147 4208 8355
3950 4039 7989
4098 4187 8285

4010 4033 8014
4123 4169 8285
4105 4122 8196
4119 4154 8234
4066 4119 8161
4122 4143 8242
4001 4172 8150
4006 4181 8152
4130 4145 8265
4115 4135 8224
4195 4197 8373
4152 4195 8324
4011 4162 8139
4193 4199 8363
4033 4080 8088
4169 4184 8315
4184 4196 8346
4135 4180 8299
4090 4143 8218
4045 4118 8152
4147 4183 8317
4164 4186 8333
4104 4120 8196
4142 4179 8301
4164 4165 8328
4123 4164 8266
4058 4102 8136
4067 4126 8190
4081 4091 8167
4096 4101 8186
4117 4129 8207
4141 4146 8251
4000 4106 8097
4021 4058 8068
4004 4046 8021
4192 4198 8353
4107 4189 8289
4115 4144 8232
4178 4192 8350
4060 4104 8155
4028 4056 8053
4181 4194 8358
4171 4174 8331
4112 4124 8231
4162 4193 8330
4056 4163 8201
4019 4138 8119
4166 4185 8312
4041 4174 8208
4124 4183 8277
4155 4163 8315
4191 4196 8359
4091 4183 8244
4081 4154 8225
4174 4196 8334
4047 4080 8104
4064 4134 8181
4084 4111 8190
4184 4200 8346
4081 4166 8244
4093 4115 8203
4119 4133 8250
4196 4200 8372
4000 4182 8158
4008 4132 8114
4102 4181 8275
4097 4148 8243
4044 4112 8126
4050 4098 8111
4044 4199 8228
4166 4180 8337
4060 4139 8182
4072 4118 8161
4112 4125 8203
4048 4059 8101
4051 4147 8188
4090 4097 8173
4081 4108 8160
4046 4106 8121
4031 4087 8111
4160 4181 8335
4100 4177 8265
4075 4195 8262
4090 4099 8173
4189 4192 8366
4079 4098 8176
4032 4189 8198
4147 4171 8303
4111 4151 8255
4053 4093 8116
4067 4088 8144
4116 4137 8252
4174 4186 8329
4011 4121 8110
4031 4194 8222
4003 4198 8168
4129 4173 8265
4151 4182 8309
4035 4135 8139
4077 4112 8173

0.010000 0.750000
