100
387374
4292 4298 8590
4028 4042 8070
4035 4164 8199
3955 4209 8164
4079 4155 8234
3958 4218 8176
4210 4218 8428
4089 4121 8210
4127 4219 8346
4068 4090 8158
4106 4245 8351
4109 4167 8276
4107 4241 8348
4083 4220 8303
4097 4220 8317
4202 4234 8436
4088 4112 8200
4198 4225 8423
4025 4189 8214
4242 4255 8497
3948 4228 8176
4138 4203 8341
4145 4176 8321
4036 4093 8129
4072 4202 8274
4200 4240 8440
4222 4267 8489
4094 4219 8313
4051 4125 8176
4152 4251 8403
4063 4111 8174
4083 4215 8298
4093 4143 8236
4097 4183 8280
4040 4143 8183
4060 4146 8206
4095 4234 8329
4205 4289 8494
3995 4105 8100
4010 4133 8143
4028 4261 8289
4041 4147 8188
4088 4159 8247
3979 4230 8209
4165 4217 8382
4115 4242 8357
4143 4148 8291
4111 4126 8237
4110 4200 8310
4079 4185 8264
4216 4280 8496
4159 4262 8421
4095 4213 8308
3920 4113 8033
3987 4257 8244
4233 4259 8492
4191 4233 8424
4050 4246 8296
4087 4183 8270
4088 4102 8190
4164 4166 8330
4182 4243 8425
4238 4245 8483
4095 4175 8270
4060 4111 8171
4167 4290 8457
4096 4135 8231
4200 4255 8455
4146 4192 8338
4147 4162 8309
4227 4228 8455
4193 4219 8412
4169 4192 8361
4108 4170 8278
3993 4030 8023
4116 4193 8309
4056 4180 8236
4192 4195 8387
4047 4060 8107
4120 4153 8273
4128 4246 8374
4097 4222 8319
4031 4118 8149
4147 4200 8347
4204 4241 8445
4257 4258 8515
3947 4177 8124
4099 4285 8384
4094 4188 8282
3967 4241 8208
4206 4213 8419
4086 4154 8240
4095 4135 8230
3996 4052 8048
4274 4280 8554
4205 4236 8441
4146 4149 8295
4057 4140 8197
4013 4251 8264
4028 4225 8253

4195 4199 8373
4077 4082 8134
4058 4189 8242
4049 4187 8206
4160 4195 8344
4009 4144 8138
4127 4160 8271
4066 4155 8215
4050 4146 8189
4090 4180 8265
4137 4181 8287
4113 4190 8284
4016 4172 8163
4093 4164 8255
4100 4192 8253
4135 4144 8245
4072 4092 8152
4165 4184 8337
4085 4127 8207
4150 4162 8305
4030 4135 8149
4153 4157 8303
4098 4143 8220
4008 4121 8125
4041 4150 8181
4140 4158 8263
4183 4184 8347
4129 4173 8265
4138 4169 8273
4054 4170 8202
4015 4115 8125
4151 4166 8283
4092 4095 8151
4041 4156 8192
4077 4084 8137
4054 4087 8139
4118 4198 8306
4193 4198 8353
4020 4160 8156
4062 4183 8207
4108 4180 8257
4141 4176 8284
4156 4165 8304
4079 4168 8243
4183 4189 8350
4121 4174 8272
4195 4196 8364
4068 4070 8119
4029 4153 8161
4145 4156 8298
4150 4191 8305
4143 4173 8311
4190 4196 8364
4019 4185 8194
4078 4166 8220
4138 4171 8286
4189 4196 8360
4143 4162 8288
4032 4129 8149
4153 4175 8324
4143 4146 8278
4125 4143 8243
4176 4189 8331
4100 4172 8259
4062 4073 8122
4158 4199 8347
4099 4164 8255
4192 4196 8383
4096 4107 8174
4059 4082 8112
4175 4185 8355
4174 4188 8353
4148 4156 8285
4014 4139 8126
4012 4097 8074
4032 4168 8183
4053 4162 8198
4094 4124 8210
4032 4035 8053
4080 4153 8224
4119 4164 8245
4056 4139 8176
4047 4147 8181
4136 4166 8286
4145 4158 8280
4157 4166 8321
4008 4137 8118
4002 4188 8168
4070 4182 8250
4059 4184 8226
4175 4190 8335
4106 4108 8205
4129 4181 8290
4086 4147 8208
4179 4194 8354
4159 4187 8334
4181 4190 8369
4094 4142 8198
4087 4151 8211
4062 4151 8186

0.010000 0.470000
