100
609980
3963 4088 8051
4254 4261 8515
4098 4152 8250
3997 4151 8148
4008 4010 8018
4245 4246 8491
4044 4186 8230
4218 4259 8477
4252 4276 8528
4145 4205 8350
4044 4152 8196
4080 4084 8164
4197 4214 8411
4090 4117 8207
4186 4192 8378
4178 4261 8439
4137 4234 8371
4013 4157 8170
4148 4179 8327
4088 4255 8343
4035 4267 8302
4092 4103 8195
4044 4146 8190
4024 4153 8177
4223 4224 8447
4051 4236 8287
3924 4018 7942
3994 4085 8079
4053 4287 8340
4090 4205 8295
4170 4179 8349
4088 4210 8298
4117 4187 8304
4061 4243 8304
3933 4055 7988
4109 4227 8336
4085 4134 8219
4074 4240 8314
4046 4074 8120
4043 4162 8205
4157 4240 8397
4025 4060 8085
3948 4126 8074
4046 4146 8192
4156 4281 8437
4038 4185 8223
4167 4236 8403
4082 4171 8253
4199 4221 8420
4087 4156 8243
3987 4150 8137
4008 4049 8057
4170 4215 8385
4226 4294 8520
4140 4180 8320
4161 4279 8440
4018 4210 8228
4125 4176 8301
4219 4233 8452
4124 4281 8405
3996 4038 8034
4146 4197 8343
4070 4163 8233
4088 4282 8370
4133 4160 8293
4248 4278 8526
4133 4185 8318
4070 4112 8182
4139 4233 8372
4288 4291 8579
4093 4272 8365
4011 4238 8249
4126 4186 8312
4058 4099 8157
4183 4200 8383
4099 4143 8242
4026 4030 8056
4067 4180 8247
4166 4185 8351
4255 4265 8520
4199 4239 8438
3985 4000 7985
3986 4133 8119
4183 4252 8435
4000 4214 8214
4239 4264 8503
4116 4220 8336
4071 4101 8172
4090 4227 8317
4059 4139 8198
4000 4131 8131
4270 4275 8545
4115 4190 8305
4133 4270 8403
4062 4218 8280
4172 4195 8367
4101 4126 8227
4205 4208 8413
4079 4272 8351
4277 4289 8566

4049 4125 8142
4197 4198 8369
4193 4196 8371
4076 4140 8190
4049 4088 8105
4150 4157 8281
4031 4136 8137
4174 4199 8361
4168 4181 8329
4130 4150 8270
4132 4159 8289
4039 4101 8118
4128 4192 8293
4062 4166 8221
4101 4107 8204
4126 4162 8272
4194 4195 8355
4077 4086 8141
4058 4143 8164
4107 4193 8282
4083 4183 8244
4130 4187 8282
4041 4180 8211
4039 4141 8162
4194 4200 8381
4115 4141 8221
4009 4031 8008
4046 4147 8192
4001 4192 8171
4078 4180 8227
4155 4164 8309
4164 4181 8334
4161 4185 8312
4138 4174 8286
4001 4070 8069
4148 4176 8309
4170 4187 8322
4057 4186 8224
4141 4164 8291
4015 4178 8163
4111 4172 8255
4056 4116 8156
4036 4095 8124
4114 4123 8207
4196 4199 8382
4055 4145 8176
4122 4152 8238
4003 4118 8106
4176 4200 8364
4068 4090 8154
4076 4080 8124
4055 4084 8110
4072 4195 8233
4154 4195 8339
4076 4103 8158
4134 4181 8308
4050 4136 8157
4125 4197 8290
4159 4162 8305
4033 4185 8208
4004 4113 8088
4147 4176 8297
4117 4149 8257
4170 4198 8363
4106 4148 8225
4185 4198 8376
4143 4150 8280
4091 4138 8219
4132 4169 8272
4196 4199 8393
4027 4185 8207
4042 4190 8196
4104 4110 8182
4060 4181 8233
4166 4190 8318
4100 4110 8180
4008 4012 8018
4147 4172 8310
4117 4133 8217
4166 4173 8328
4152 4161 8307
4049 4088 8104
4035 4180 8187
4102 4169 8256
4021 4188 8191
4191 4193 8364
4095 4173 8241
4153 4167 8318
4188 4200 8354
4142 4198 8325
4035 4177 8201
4186 4191 8369
4178 4181 8347
4052 4173 8217
4058 4167 8203
4079 4156 8213
4105 4122 8211
4140 4165 8272
4141 4179 8303
4179 4190 8350

0.010000 0.740000
