200
428238
4073 4149 8222
4066 4098 8164
4040 4075 8115
4082 4181 8263
4118 4125 8243
4103 4137 8240
4176 4189 8365
4128 4141 8269
3955 4234 8189
4175 4219 8394
4247 4258 8505
4103 4140 8243
3949 4102 8051
3929 3987 7916
4233 4240 8473
4275 4287 8562
4018 4039 8057
4136 4248 8384
4156 4272 8428
4081 4176 8257
4122 4156 8278
4015 4227 8242
4059 4169 8228
4196 4211 8407
4079 4134 8213
4234 4251 8485
4077 4116 8193
4191 4201 8392
4076 4212 8288
3958 4258 8216
4060 4188 8248
4040 4172 8212
3970 4067 8037
4055 4276 8331
4073 4105 8178
4179 4190 8369
4150 4210 8360
4252 4274 8526
4077 4134 8211
4011 4148 8159
4011 4025 8036
4073 4153 8226
4024 4096 8120
4063 4200 8263
4076 4090 8166
4147 4162 8309
4096 4141 8237
4147 4183 8330
4118 4142 8260
4279 4284 8563
4030 4035 8065
4149 4222 8371
4133 4255 8388
3970 4009 7979
4104 4291 8395
4105 4185 8290
4198 4271 8469
4088 4173 8261
4231 4288 8519
4180 4197 8377
4104 4118 8222
4148 4155 8303
4162 4202 8364
4223 4287 8510
4060 4106 8166
4129 4294 8423
4100 4254 8354
4159 4266 8425
4055 4246 8301
4111 4247 8358
4086 4088 8174
4180 4289 8469
4206 4243 8449
4198 4251 8449
4179 4229 8408
4085 4099 8184
4041 4045 8086
3979 4056 8035
4185 4235 8420
4075 4255 8330
4088 4194 8282
4078 4256 8334
4156 4189 8345
4274 4282 8556
3925 4203 8128
4098 4263 8361
4158 4190 8348
4176 4274 8450
4265 4277 8542
4206 4239 8445
4160 4162 8322
4160 4221 8381
4259 4282 8541
3919 4136 8055
4049 4205 8254
4086 4112 8198
4097 4129 8226
3962 4150 8112
4193 4244 8437
4099 4188 8287
4155 4211 8366
4122 4254 8376
4082 4093 8175
4011 4055 8066
4004 4248 8252
4201 4208 8409
4132 4218 8350
3918 4128 8046
3992 3997 7989
4050 4192 8242
3995 4077 8072
4106 4292 8398
4174 4176 8350
4064 4137 8201
3985 4064 8049
4209 4226 8435
4064 4131 8195
4223 4226 8449
4150 4156 8306
4085 4243 8328
4188 4190 8378
4090 4120 8210
3949 4220 8169
4178 4202 8380
4261 4279 8540
4053 4165 8218
3981 4043 8024
4017 4242 8259
4104 4189 8293
4151 4211 8362
4019 4203 8222
4064 4257 8321
4180 4219 8399
4164 4242 8406
4010 4106 8116
3984 3996 7980
3973 4132 8105
4107 4233 8340
4113 4178 8291
3999 4153 8152
4188 4262 8450
4072 4144 8216
4060 4172 8232
3931 4091 8022
4022 4113 8135
4049 4123 8172
4076 4175 8251
4187 4281 8468
4177 4234 8411
4185 4200 8385
4064 4131 8195
4156 4221 8377
4036 4211 8247
4025 4108 8133
4168 4244 8412
3960 4183 8143
4104 4198 8302
3989 4123 8112
3987 4114 8101
4121 4160 8281
4084 4126 8210
4029 4149 8178
4173 4186 8359
3967 4022 7989
3994 4048 8042
3979 4145 8124
4031 4113 8144
4037 4236 8273
4215 4247 8462
4003 4080 8083
4131 4196 8327
4110 4236 8346
4100 4125 8225
4034 4098 8132
4209 4261 8470
4046 4173 8219
4095 4166 8261
4182 4213 8395
4119 4170 8289
4245 4248 8493
4219 4257 8476
4065 4283 8348
4095 4181 8276
4149 4228 8377
4064 4211 8275
4246 4298 8544
4032 4058 8090
3910 3957 7867
4081 4276 8357
4146 4264 8410
4007 4008 8015
4206 4261 8467
4235 4254 8489
4245 4246 8491
4118 4141 8259
3974 4001 7975
3965 4115 8080
4150 4178 8328
4061 4078 8139
4176 4274 8450

4147 4176 8317
4063 4153 8199
4107 4140 8241
4167 4183 8335
4026 4030 8030
4135 4180 8286
4156 4194 8337
4048 4120 8132
4018 4147 8151
4183 4192 8362
4187 4193 8349
4097 4115 8211
4019 4054 8042
4006 4087 8091
4177 4188 8353
4180 4189 8363
4016 4054 8058
4148 4154 8275
4128 4185 8302
4158 4194 8349
4071 4131 8169
4004 4177 8144
4008 4160 8167
4110 4113 8192
4145 4186 8327
4183 4194 8343
4044 4111 8149
4196 4199 8386
4128 4142 8251
4042 4177 8208
4091 4135 8203
4021 4142 8135
4044 4058 8078
4069 4176 8225
4139 4174 8304
4121 4135 8231
4153 4182 8332
4181 4189 8358
4093 4104 8185
4034 4176 8208
4028 4063 8060
4164 4179 8314
4056 4154 8175
4129 4154 8245
4146 4182 8324
4112 4134 8231
4128 4200 8309
4068 4097 8139
4052 4156 8183
4181 4190 8343
4078 4130 8199
4102 4161 8257
4174 4198 8344
4052 4108 8157
4156 4192 8344
4134 4148 8275
4106 4183 8256
4087 4166 8234
4188 4189 8363
4128 4172 8276
4038 4071 8071
4118 4189 8290
4195 4197 8382
4182 4196 8367
4018 4082 8085
4115 4197 8307
4072 4168 8227
4190 4197 8382
4147 4178 8310
4053 4161 8202
4125 4180 8276
4187 4189 8344
4164 4190 8316
4133 4177 8301
4145 4174 8293
4087 4185 8249
4106 4115 8182
4006 4018 7994
4170 4176 8311
4163 4199 8354
4100 4139 8202
4123 4182 8266
4120 4172 8278
4179 4185 8361
4015 4168 8168
4187 4191 8360
4167 4198 8349
4185 4189 8348
4167 4188 8335
4117 4155 8266
4064 4094 8122
4110 4132 8231
4196 4199 8357
4016 4131 8133
4092 4138 8205
4163 4189 8340
4150 4159 8288
4037 4122 8130
4199 4200 8384
4112 4161 8265
4175 4194 8330
4195 4196 8372
4174 4179 8350
4073 4104 8157
4098 4164 8250
4116 4117 8222
4086 4145 8215
4007 4136 8127
4065 4095 8149
4117 4139 8234
4008 4090 8076
4165 4200 8355
4145 4195 8308
4026 4066 8058
4082 4098 8165
4128 4146 8263
4045 4175 8215
4125 4178 8280
4174 4181 8351
4137 4184 8300
4176 4194 8369
4036 4168 8202
4035 4196 8200
4105 4182 8258
4192 4195 8385
4089 4196 8279
4022 4080 8072
4113 4194 8282
4084 4185 8251
4147 4149 8266
4099 4189 8265
4159 4170 8320
4181 4198 8377
4079 4157 8218
4107 4197 8282
4055 4060 8108
4029 4118 8116
4044 4156 8168
4113 4159 8268
4019 4087 8089
4171 4181 8339
4061 4099 8137
4067 4116 8176
4020 4120 8132
4070 4102 8155
4120 4188 8299
4049 4153 8173
4132 4183 8297
4097 4141 8228
4150 4172 8317
4109 4121 8221
4093 4181 8253
4056 4195 8244
4027 4043 8063
4136 4149 8275
4053 4164 8216
4044 4147 8186
4023 4142 8149
4087 4103 8171
4040 4151 8165
4001 4043 8023
4065 4114 8160
4151 4166 8290
4009 4018 8009
4043 4061 8097
4051 4117 8134
4005 4025 8020
4108 4148 8225
4118 4179 8270
4001 4124 8088
4109 4167 8249
4099 4179 8249
4040 4123 8145
4028 4129 8150
4140 4169 8273
4043 4077 8110
4066 4102 8137
4181 4195 8368
4172 4178 8329
4169 4170 8307
4194 4195 8371
4154 4184 8321
4030 4156 8183
4173 4183 8326
4137 4180 8278
4195 4198 8368
4002 4018 8007
4005 4015 8002
4092 4176 8243
4169 4181 8346
4017 4094 8100
4178 4194 8347
4160 4185 8336
4166 4194 8355
4150 4175 8315
4068 4100 8156
4008 4144 8132
4070 4084 8119
4027 4096 8091
4101 4195 8257

0.010000 0.260000
