200
1183791
4118 4233 8351
4149 4188 8337
4063 4125 8188
4225 4284 8509
3982 4126 8108
4146 4176 8322
4204 4233 8437
4077 4136 8213
3966 4158 8124
4108 4121 8229
4054 4084 8138
4103 4132 8235
4153 4235 8388
4056 4109 8165
4125 4186 8311
4170 4238 8408
4075 4208 8283
4198 4279 8477
4019 4094 8113
4051 4088 8139
3999 4181 8180
4053 4114 8167
4102 4118 8220
4079 4249 8328
4097 4162 8259
4095 4121 8216
4083 4099 8182
4158 4198 8356
4094 4153 8247
4208 4224 8432
4055 4190 8245
4277 4289 8566
4091 4244 8335
4161 4176 8337
3986 4109 8095
4044 4124 8168
4114 4224 8338
4063 4237 8300
4199 4279 8478
4077 4137 8214
4053 4144 8197
4013 4026 8039
4123 4184 8307
4130 4181 8311
4010 4229 8239
4084 4219 8303
4054 4113 8167
4199 4217 8416
4243 4255 8498
4200 4265 8465
4030 4205 8235
4230 4252 8482
4222 4228 8450
4089 4109 8198
4039 4120 8159
3978 4138 8116
4100 4253 8353
4102 4108 8210
3959 4198 8157
4206 4226 8432
3992 4014 8006
4070 4172 8242
4167 4267 8434
4063 4141 8204
4038 4109 8147
4267 4282 8549
4041 4067 8108
4044 4148 8192
4014 4106 8120
4089 4112 8201
4010 4208 8218
4016 4107 8123
4057 4178 8235
4183 4270 8453
4145 4238 8383
3990 4013 8003
4213 4253 8466
4088 4261 8349
4042 4081 8123
4100 4127 8227
4024 4181 8205
4181 4260 8441
4240 4290 8530
4205 4214 8419
4074 4079 8153
4173 4256 8429
4239 4261 8500
3958 3980 7938
4007 4255 8262
4194 4235 8429
4165 4209 8374
4084 4223 8307
4094 4139 8233
4058 4070 8128
4114 4159 8273
4074 4097 8171
3928 4162 8090
4083 4170 8253
4001 4119 8120
4078 4152 8230
4085 4198 8283
4125 4255 8380
4164 4223 8387
4052 4172 8224
4242 4249 8491
3950 4100 8050
4135 4145 8280
3950 4212 8162
4033 4108 8141
4068 4233 8301
4147 4161 8308
4061 4217 8278
4150 4164 8314
4036 4103 8139
4026 4217 8243
4031 4207 8238
4155 4225 8380
4083 4099 8182
4137 4150 8287
4063 4135 8198
4255 4266 8521
3970 4034 8004
4145 4153 8298
4205 4265 8470
4026 4080 8106
4114 4182 8296
4092 4185 8277
3974 4141 8115
4175 4181 8356
4162 4164 8326
4132 4245 8377
4231 4250 8481
4001 4116 8117
3980 4140 8120
4172 4178 8350
4194 4264 8458
4036 4194 8230
4259 4280 8539
4020 4246 8266
4066 4143 8209
3908 4077 7985
4053 4232 8285
3961 4162 8123
4109 4232 8341
4050 4137 8187
4144 4156 8300
4062 4152 8214
3990 4243 8233
3961 4130 8091
3993 4038 8031
4007 4058 8065
4066 4212 8278
4219 4239 8458
4252 4267 8519
4183 4226 8409
4036 4102 8138
4160 4259 8419
4143 4228 8371
4225 4250 8475
4091 4144 8235
4161 4179 8340
3928 4169 8097
3927 4145 8072
4064 4091 8155
4137 4284 8421
4135 4250 8385
4113 4191 8304
4009 4045 8054
4060 4120 8180
4092 4226 8318
4036 4140 8176
4085 4172 8257
4224 4240 8464
4079 4259 8338
3964 4035 7999
3951 4028 7979
4164 4222 8386
3969 4102 8071
4125 4209 8334
4035 4182 8217
4188 4211 8399
4071 4127 8198
4035 4055 8090
4115 4230 8345
4028 4135 8163
3941 4275 8216
4149 4212 8361
4041 4202 8243
4129 4261 8390
4062 4140 8202
4237 4281 8518
4044 4147 8191
4155 4284 8439
4057 4087 8144
4097 4200 8297
4085 4134 8219
4183 4189 8372
4092 4126 8218
4101 4129 8230
4038 4108 8146

4044 4168 8188
4136 4183 8288
4050 4112 8130
4137 4195 8302
4018 4079 8060
4118 4160 8243
4128 4161 8279
4158 4170 8289
4034 4108 8137
4037 4063 8077
4095 4144 8216
4059 4162 8218
4148 4186 8325
4076 4101 8141
4104 4110 8183
4144 4146 8279
4060 4112 8168
4193 4197 8369
4013 4019 8029
4125 4174 8292
4039 4118 8130
4013 4104 8087
4095 4173 8230
4151 4154 8282
4153 4193 8338
4100 4164 8257
4015 4045 8050
4070 4111 8168
4112 4164 8275
4141 4176 8287
4111 4200 8299
4199 4200 8367
4180 4190 8341
4092 4109 8188
4010 4034 8007
4107 4108 8185
4056 4143 8183
4019 4198 8216
4171 4200 8370
4092 4102 8171
4045 4187 8219
4049 4061 8106
4036 4124 8127
4176 4188 8348
4044 4131 8162
4106 4164 8267
4119 4149 8243
4184 4196 8377
4169 4197 8334
4155 4186 8313
4104 4135 8216
4188 4190 8374
4187 4194 8367
4027 4107 8123
4067 4094 8154
4030 4147 8148
4127 4199 8290
4119 4143 8254
4003 4181 8153
4160 4164 8290
4019 4042 8027
4117 4163 8247
4110 4184 8276
4125 4181 8270
4047 4066 8100
4194 4197 8389
4118 4163 8242
4008 4063 8044
4005 4174 8141
4032 4063 8089
4080 4160 8215
4060 4101 8156
4136 4194 8304
4122 4177 8288
4118 4143 8260
4084 4108 8161
4180 4198 8377
4090 4162 8231
4072 4099 8151
4076 4150 8189
4000 4127 8108
4198 4199 8381
4186 4197 8380
4176 4191 8345
4011 4077 8053
4088 4178 8230
4161 4181 8329
4028 4061 8081
4048 4188 8198
4123 4158 8270
4164 4171 8321
4024 4190 8201
4091 4185 8251
4021 4166 8149
4082 4084 8131
4092 4162 8222
4004 4070 8037
4152 4181 8311
4063 4102 8163
4039 4115 8118
4063 4110 8135
4156 4190 8337
4141 4181 8294
4025 4105 8105
4157 4172 8313
4004 4183 8179
4199 4200 8385
4036 4171 8192
4037 4143 8150
4168 4183 8316
4199 4200 8390
4061 4133 8191
4123 4124 8216
4067 4078 8131
4024 4128 8138
4028 4169 8191
4195 4197 8378
4055 4117 8168
4158 4163 8287
4038 4059 8063
4169 4196 8348
4047 4067 8077
4123 4135 8223
4147 4184 8298
4085 4122 8194
4063 4097 8131
4115 4142 8235
4053 4198 8225
4180 4182 8347
4089 4170 8237
4117 4148 8263
4168 4175 8337
4014 4032 8042
4036 4113 8120
4197 4200 8391
4152 4189 8332
4085 4142 8210
4169 4185 8346
4098 4180 8247
4039 4122 8154
4003 4122 8093
4141 4193 8333
4014 4138 8144
4140 4173 8303
4042 4072 8090
4046 4127 8154
4151 4160 8286
4049 4181 8222
4030 4043 8036
4082 4131 8179
4063 4146 8200
4008 4170 8167
4133 4177 8286
4169 4179 8321
4121 4131 8250
4001 4044 8041
4156 4164 8310
4161 4186 8312
4150 4191 8325
4017 4062 8056
4081 4171 8236
4028 4081 8079
4022 4107 8092
4076 4166 8209
4191 4199 8379
4037 4169 8205
4095 4115 8178
4010 4074 8055
4065 4191 8240
4060 4156 8184
4010 4193 8175
4118 4151 8268
4181 4191 8365
4163 4191 8322
4021 4093 8102
4042 4094 8135
4189 4193 8374
4031 4185 8189
4076 4124 8183
4097 4172 8249
4094 4196 8262
4010 4092 8097
4103 4110 8192
4140 4159 8277
4098 4102 8180
4026 4195 8189
4168 4193 8332
4112 4132 8212
4129 4195 8299
4130 4167 8290
4190 4194 8368
4051 4166 8196
4194 4198 8369
4003 4078 8060
4051 4131 8181
4003 4189 8170
4136 4148 8274
4048 4128 8138
4099 4162 8239
4136 4141 8242

0.010000 0.720000
