200
1152985
4210 4276 8486
3976 4220 8196
4034 4145 8179
3925 4029 7954
4191 4298 8489
4191 4205 8396
4176 4185 8361
4209 4258 8467
4151 4194 8345
3985 4048 8033
4110 4248 8358
4119 4178 8297
4055 4076 8131
4093 4112 8205
4021 4122 8143
4262 4280 8542
4083 4149 8232
3979 4098 8077
4164 4181 8345
4096 4180 8276
4029 4181 8210
4171 4214 8385
4283 4290 8573
4209 4225 8434
4249 4255 8504
4101 4250 8351
4246 4269 8515
4135 4220 8355
4165 4177 8342
3945 4090 8035
3989 4074 8063
4099 4221 8320
4175 4214 8389
4093 4185 8278
4085 4191 8276
3993 4008 8001
4134 4144 8278
3941 3971 7912
4270 4288 8558
4053 4173 8226
4124 4293 8417
4143 4217 8360
4094 4112 8206
4156 4165 8321
4064 4125 8189
4130 4295 8425
4151 4237 8388
4047 4249 8296
4200 4282 8482
4119 4272 8391
4097 4188 8285
4205 4257 8462
4240 4241 8481
3992 4082 8074
4054 4192 8246
4096 4245 8341
4152 4194 8346
4168 4288 8456
4032 4252 8284
4067 4127 8194
4147 4152 8299
4032 4077 8109
3987 4225 8212
4040 4182 8222
4074 4104 8178
3985 4176 8161
4212 4248 8460
4115 4242 8357
4052 4103 8155
4148 4188 8336
4073 4234 8307
4190 4237 8427
4162 4174 8336
4033 4268 8301
4208 4295 8503
4135 4178 8313
4214 4276 8490
4101 4216 8317
4221 4228 8449
4156 4242 8398
4280 4282 8562
4129 4157 8286
4212 4220 8432
4201 4294 8495
4163 4199 8362
4045 4068 8113
4002 4066 8068
4150 4175 8325
4158 4175 8333
4245 4265 8510
4099 4235 8334
4052 4244 8296
3941 3965 7906
4092 4222 8314
4150 4171 8321
3962 4098 8060
3983 4136 8119
4179 4199 8378
4184 4242 8426
4207 4234 8441
4183 4197 8380
4191 4203 8394
4122 4176 8298
3993 4137 8130
4068 4115 8183
3967 4037 8004
3919 4102 8021
4152 4213 8365
4225 4227 8452
3987 4284 8271
4096 4216 8312
4032 4160 8192
4080 4130 8210
4221 4249 8470
3980 4160 8140
4082 4112 8194
4011 4108 8119
4031 4054 8085
4170 4296 8466
4130 4137 8267
4104 4238 8342
4161 4181 8342
4197 4222 8419
3983 4152 8135
4121 4169 8290
4019 4191 8210
4125 4189 8314
4088 4089 8177
4155 4248 8403
4090 4287 8377
4072 4080 8152
4194 4202 8396
4012 4156 8168
4246 4252 8498
3944 4027 7971
4126 4274 8400
4003 4171 8174
4177 4260 8437
4241 4271 8512
4125 4175 8300
4005 4033 8038
4021 4130 8151
3999 4088 8087
4170 4246 8416
4118 4145 8263
4131 4231 8362
4027 4151 8178
4205 4211 8416
4081 4124 8205
4006 4145 8151
4137 4160 8297
4042 4209 8251
4176 4242 8418
4199 4207 8406
4130 4131 8261
4122 4149 8271
3994 4201 8195
4078 4094 8172
4252 4265 8517
4055 4146 8201
4037 4099 8136
4165 4214 8379
4123 4127 8250
4072 4179 8251
4116 4211 8327
4214 4258 8472
4006 4177 8183
4215 4220 8435
4150 4166 8316
4100 4108 8208
4111 4169 8280
4030 4248 8278
4135 4166 8301
3958 3987 7945
4077 4281 8358
4199 4241 8440
4113 4127 8240
4044 4068 8112
4114 4189 8303
4211 4251 8462
4042 4198 8240
4054 4205 8259
3920 4052 7972
4109 4179 8288
4168 4213 8381
4162 4178 8340
4114 4193 8307
4178 4265 8443
4249 4266 8515
3973 4120 8093
4073 4189 8262
4050 4180 8230
4114 4124 8238
4067 4116 8183
4087 4091 8178
4087 4275 8362
4037 4174 8211
4066 4140 8206
4113 4191 8304
4092 4146 8238

4192 4195 8373
4068 4147 8208
4105 4140 8215
4004 4058 8059
4199 4200 8391
4149 4197 8314
4076 4089 8160
4168 4174 8318
4106 4152 8223
4065 4126 8168
4165 4189 8335
4120 4162 8248
4121 4130 8224
4047 4077 8100
4081 4116 8180
4192 4198 8381
4076 4166 8214
4018 4104 8106
4085 4143 8218
4163 4188 8340
4086 4153 8223
4164 4197 8331
4188 4191 8374
4165 4185 8337
4177 4179 8354
4151 4173 8307
4170 4197 8352
4139 4168 8281
4102 4146 8227
4023 4107 8112
4065 4145 8198
4053 4156 8184
4175 4200 8356
4126 4195 8284
4072 4173 8229
4058 4089 8139
4111 4130 8208
4001 4050 8023
4182 4198 8354
4068 4095 8133
4172 4199 8332
4129 4145 8260
4180 4198 8341
4157 4167 8300
4024 4116 8116
4153 4196 8330
4093 4166 8230
4094 4160 8236
4168 4190 8341
4164 4180 8318
4108 4155 8244
4157 4187 8333
4154 4158 8289
4013 4024 8024
4133 4139 8267
4109 4179 8280
4132 4142 8266
4182 4190 8351
4099 4162 8223
4157 4189 8339
4064 4072 8112
4010 4108 8111
4061 4180 8229
4060 4172 8230
4004 4058 8056
4060 4090 8136
4194 4197 8364
4081 4143 8217
4106 4122 8194
4161 4176 8333
4125 4143 8238
4131 4171 8264
4089 4107 8183
4105 4189 8278
4184 4197 8349
4144 4158 8264
4140 4186 8294
4028 4157 8155
4181 4187 8355
4147 4168 8277
4181 4184 8349
4178 4198 8364
4144 4199 8341
4197 4200 8394
4139 4141 8245
4048 4062 8106
4059 4165 8206
4077 4083 8145
4084 4154 8203
4195 4199 8384
4076 4200 8252
4135 4181 8300
4027 4064 8054
4000 4122 8115
4051 4101 8147
4046 4147 8169
4074 4166 8220
4116 4122 8219
4119 4170 8264
4113 4168 8276
4094 4112 8183
4112 4154 8234
4187 4192 8377
4052 4155 8194
4052 4140 8173
4064 4109 8143
4010 4160 8145
4064 4137 8167
4185 4188 8336
4044 4184 8191
4169 4175 8310
4043 4170 8194
4013 4100 8094
4140 4183 8311
4080 4112 8172
4070 4165 8219
4047 4126 8162
4090 4112 8187
4174 4199 8336
4032 4046 8052
4129 4153 8267
4138 4168 8296
4118 4196 8285
4038 4094 8118
4034 4084 8103
4032 4095 8122
4074 4139 8183
4105 4135 8228
4125 4186 8292
4186 4188 8337
4052 4059 8088
4168 4175 8327
4019 4056 8046
4185 4196 8365
4043 4053 8092
4147 4195 8320
4008 4144 8129
4111 4161 8255
4192 4195 8359
4062 4108 8145
4005 4081 8056
4084 4100 8170
4019 4127 8122
4174 4191 8361
4176 4179 8324
4056 4149 8198
4074 4128 8198
4107 4178 8259
4012 4180 8168
4032 4073 8083
4135 4144 8269
4135 4137 8255
4109 4197 8289
4112 4123 8231
4194 4198 8391
4132 4172 8281
4086 4169 8219
4124 4125 8226
4162 4165 8323
4095 4117 8176
4069 4078 8117
4114 4161 8274
4140 4191 8298
4090 4121 8178
4195 4196 8377
4179 4196 8348
4072 4100 8145
4179 4183 8360
4106 4142 8236
4002 4010 7986
4170 4184 8351
4089 4192 8257
4081 4135 8179
4003 4051 8028
4124 4181 8300
4192 4200 8387
4024 4190 8189
4131 4132 8250
4073 4093 8129
4190 4191 8377
4004 4131 8102
4019 4158 8168
4006 4084 8084
4046 4096 8122
4095 4123 8215
4077 4081 8144
4174 4176 8332
4154 4183 8329
4171 4187 8328
4071 4170 8226
4166 4175 8305
4033 4083 8090
4146 4189 8318
4153 4197 8327
4141 4165 8296
4096 4193 8256
4006 4106 8103
4036 4196 8231
4187 4192 8351
4149 4155 8300

0.010000 0.700000
