200
1185245
4126 4164 8290
4108 4155 8263
3954 4100 8054
4230 4290 8520
4161 4183 8344
4078 4120 8198
4252 4265 8517
4113 4172 8285
4214 4230 8444
4036 4104 8140
4209 4214 8423
4087 4251 8338
4105 4266 8371
4213 4278 8491
4126 4219 8345
4147 4161 8308
4144 4234 8378
4024 4047 8071
4233 4261 8494
4221 4262 8483
4234 4237 8471
4101 4182 8283
4111 4133 8244
4117 4220 8337
4127 4266 8393
3961 3986 7947
4065 4084 8149
4131 4175 8306
4008 4048 8056
4143 4217 8360
4197 4206 8403
4139 4218 8357
4152 4181 8333
4133 4283 8416
4192 4241 8433
4070 4166 8236
4014 4057 8071
4071 4099 8170
3978 4077 8055
4044 4191 8235
4064 4158 8222
4044 4110 8154
4070 4109 8179
4167 4213 8380
4152 4155 8307
3939 4141 8080
3938 4150 8088
4163 4221 8384
4174 4214 8388
4129 4165 8294
4141 4243 8384
4014 4170 8184
4181 4210 8391
4156 4196 8352
4211 4252 8463
4118 4176 8294
4280 4281 8561
4137 4164 8301
3948 4107 8055
3954 4149 8103
4116 4134 8250
4106 4279 8385
4047 4103 8150
4168 4175 8343
4183 4250 8433
4101 4201 8302
4139 4226 8365
4155 4192 8347
4183 4243 8426
4030 4134 8164
4192 4211 8403
4166 4170 8336
4087 4211 8298
3968 4214 8182
4185 4188 8373
4250 4255 8505
4158 4162 8320
4102 4169 8271
4122 4159 8281
4048 4242 8290
4143 4261 8404
4142 4220 8362
3959 4066 8025
4108 4248 8356
4115 4185 8300
4195 4199 8394
4135 4193 8328
3971 4202 8173
3973 4049 8022
4179 4190 8369
3939 4199 8138
4080 4216 8296
4102 4273 8375
4194 4251 8445
4031 4107 8138
4173 4205 8378
4104 4214 8318
4087 4095 8182
4188 4252 8440
4018 4169 8187
4054 4067 8121
4233 4254 8487
4268 4300 8568
4208 4234 8442
4092 4188 8280
4222 4255 8477
4081 4144 8225
4062 4158 8220
4128 4130 8258
3993 4193 8186
4019 4172 8191
4220 4284 8504
4125 4185 8310
4196 4237 8433
4188 4257 8445
4240 4252 8492
3956 4252 8208
3963 4200 8163
4065 4081 8146
4262 4288 8550
4104 4167 8271
4129 4192 8321
4173 4199 8372
4132 4138 8270
4096 4143 8239
4151 4199 8350
4088 4170 8258
4182 4264 8446
4201 4249 8450
4068 4241 8309
3936 4099 8035
4099 4125 8224
4041 4060 8101
4026 4027 8053
3923 4062 7985
4132 4156 8288
4126 4138 8264
4134 4142 8276
4270 4273 8543
4227 4242 8469
4093 4124 8217
4121 4176 8297
4044 4056 8100
4094 4127 8221
4093 4229 8322
4024 4215 8239
3940 3983 7923
3972 4104 8076
4260 4289 8549
4075 4183 8258
4082 4127 8209
4006 4032 8038
4085 4183 8268
4137 4139 8276
4097 4145 8242
4114 4257 8371
4144 4287 8431
4142 4192 8334
4215 4241 8456
4100 4142 8242
4012 4117 8129
4107 4153 8260
3972 4072 8044
4131 4142 8273
4062 4153 8215
4150 4249 8399
4238 4251 8489
4051 4206 8257
3999 4084 8083
4064 4083 8147
3979 4187 8166
4114 4161 8275
4251 4270 8521
4087 4203 8290
4142 4169 8311
4131 4256 8387
4105 4166 8271
4043 4178 8221
3993 4127 8120
3972 4017 7989
4050 4171 8221
4104 4147 8251
4096 4239 8335
4138 4258 8396
4124 4158 8282
4263 4268 8531
4110 4171 8281
4137 4138 8275
4049 4222 8271
4179 4204 8383
4167 4178 8345
3949 4047 7996
4139 4157 8296
4067 4156 8223
4171 4275 8446
4203 4264 8467
4045 4185 8230
4172 4175 8347
4053 4202 8255
3987 4096 8083

4043 4107 8120
4068 4081 8132
4031 4077 8078
4145 4198 8322
4125 4148 8269
4134 4172 8278
4174 4181 8332
4109 4195 8272
4143 4162 8272
4034 4070 8089
4146 4168 8310
4140 4172 8289
4199 4200 8371
4180 4192 8366
4128 4134 8256
4086 4115 8186
4197 4198 8374
4026 4046 8042
4164 4190 8322
4187 4188 8339
4175 4197 8347
4156 4196 8343
4030 4035 8037
4192 4194 8374
4175 4176 8313
4015 4019 8010
4013 4122 8133
4053 4192 8238
4010 4088 8064
4102 4121 8206
4135 4142 8276
4062 4168 8214
4186 4197 8361
4135 4188 8284
4111 4169 8254
4041 4178 8206
4019 4072 8067
4034 4149 8164
4075 4097 8147
4128 4190 8303
4048 4115 8141
4057 4070 8094
4029 4052 8079
4127 4161 8266
4144 4179 8314
4028 4108 8108
4022 4189 8198
4184 4193 8339
4159 4165 8315
4175 4186 8354
4043 4164 8175
4071 4107 8140
4123 4134 8239
4108 4114 8210
4192 4199 8372
4148 4160 8280
4185 4189 8347
4069 4121 8178
4041 4050 8059
4003 4058 8046
4044 4172 8182
4102 4195 8292
4045 4111 8118
4191 4193 8348
4168 4174 8322
4090 4186 8263
4167 4193 8336
4123 4168 8287
4174 4177 8329
4060 4143 8192
4188 4191 8360
4177 4179 8339
4056 4125 8177
4064 4173 8234
4158 4196 8337
4193 4194 8373
4108 4193 8295
4031 4120 8126
4053 4191 8230
4062 4185 8229
4131 4175 8278
4113 4138 8226
4004 4095 8083
4066 4189 8245
4031 4109 8127
4110 4140 8214
4180 4181 8326
4042 4163 8197
4057 4064 8117
4199 4200 8373
4011 4163 8171
4103 4198 8271
4164 4198 8350
4172 4193 8327
4052 4190 8213
4086 4198 8278
4073 4145 8185
4026 4164 8181
4199 4200 8370
4035 4100 8128
4091 4131 8220
4147 4198 8334
4193 4200 8387
4126 4186 8311
4066 4180 8219
4126 4183 8304
4081 4106 8170
4154 4195 8333
4039 4070 8077
4072 4200 8257
4056 4155 8188
4198 4199 8372
4081 4129 8190
4107 4156 8257
4152 4169 8315
4162 4176 8312
4026 4168 8164
4006 4145 8150
4068 4125 8167
4177 4195 8370
4038 4072 8089
4115 4156 8249
4117 4128 8233
4125 4185 8301
4029 4065 8067
4101 4148 8231
4026 4096 8085
4120 4181 8262
4114 4178 8289
4144 4177 8309
4028 4152 8145
4011 4143 8139
4065 4102 8144
4053 4094 8115
4015 4162 8175
4055 4104 8142
4185 4190 8339
4080 4110 8181
4178 4185 8327
4173 4185 8357
4001 4034 8029
4181 4192 8340
4066 4155 8213
4092 4120 8190
4185 4188 8362
4087 4130 8205
4026 4037 8042
4007 4147 8133
4183 4192 8360
4090 4199 8283
4061 4094 8154
4004 4079 8048
4066 4170 8235
4066 4164 8202
4025 4081 8078
4108 4177 8250
4151 4194 8323
4150 4188 8324
4153 4163 8285
4011 4112 8087
4101 4166 8254
4047 4182 8196
4000 4116 8093
4112 4149 8244
4147 4176 8322
4145 4165 8301
4143 4159 8291
4083 4125 8183
4068 4070 8121
4117 4174 8288
4052 4131 8170
4073 4103 8168
4185 4195 8358
4128 4141 8255
4175 4178 8338
4176 4194 8335
4120 4172 8291
4117 4151 8267
4060 4105 8160
4039 4084 8092
4135 4146 8279
4069 4188 8233
4149 4199 8337
4127 4187 8296
4119 4134 8246
4169 4174 8331
4010 4113 8090
4173 4177 8323
4044 4186 8200
4089 4109 8174
4076 4090 8128
4013 4054 8032
4072 4077 8115
4156 4170 8323
4164 4179 8325
4150 4189 8332
4063 4144 8197
4075 4079 8130
4105 4179 8248
4021 4033 8046

0.010000 0.720000
