200
855509
4201 4239 8440
4144 4205 8349
4274 4281 8555
4004 4065 8069
3944 4115 8059
4118 4229 8347
4151 4234 8385
4228 4237 8465
4169 4185 8354
4194 4285 8479
4045 4063 8108
4166 4199 8365
4018 4214 8232
4129 4173 8302
4206 4274 8480
4088 4181 8269
4247 4257 8504
4126 4287 8413
4197 4258 8455
4112 4281 8393
4090 4171 8261
4220 4245 8465
4027 4035 8062
4214 4224 8438
4120 4153 8273
4213 4262 8475
4200 4268 8468
4069 4180 8249
4064 4091 8155
4078 4144 8222
4170 4223 8393
4047 4065 8112
4028 4134 8162
4209 4246 8455
3997 4112 8109
3980 4081 8061
4120 4216 8336
4206 4294 8500
4018 4049 8067
4091 4153 8244
3950 4157 8107
4153 4185 8338
4133 4265 8398
4034 4046 8080
4082 4265 8347
4186 4263 8449
4263 4274 8537
4048 4241 8289
4161 4170 8331
4290 4297 8587
3964 4209 8173
4053 4193 8246
3992 4089 8081
4086 4131 8217
4027 4174 8201
4191 4228 8419
4107 4265 8372
4107 4122 8229
3985 4008 7993
3960 3998 7958
4106 4216 8322
4081 4140 8221
4089 4264 8353
4067 4089 8156
4012 4070 8082
4046 4093 8139
4012 4165 8177
4096 4106 8202
4270 4271 8541
4027 4277 8304
4099 4119 8218
4235 4281 8516
3934 4241 8175
4098 4263 8361
4173 4247 8420
4182 4201 8383
4176 4275 8451
4105 4217 8322
4267 4273 8540
4094 4278 8372
4052 4235 8287
4259 4272 8531
4067 4261 8328
4099 4235 8334
4113 4134 8247
4127 4197 8324
4056 4134 8190
4005 4034 8039
4059 4156 8215
4091 4230 8321
4063 4148 8211
4031 4081 8112
4243 4245 8488
4072 4233 8305
4175 4189 8364
4134 4236 8370
4047 4065 8112
4101 4140 8241
4075 4178 8253
3990 4102 8092
4224 4248 8472
4032 4173 8205
4154 4270 8424
4068 4253 8321
4122 4130 8252
4131 4151 8282
4042 4198 8240
4091 4135 8226
4083 4181 8264
3980 4228 8208
4227 4270 8497
4042 4242 8284
4226 4262 8488
4162 4256 8418
4121 4231 8352
4222 4250 8472
4070 4226 8296
4093 4167 8260
4067 4168 8235
4168 4261 8429
4077 4208 8285
4111 4218 8329
4039 4171 8210
4079 4165 8244
4075 4179 8254
3970 4037 8007
3996 4061 8057
4122 4148 8270
4106 4164 8270
4080 4148 8228
4150 4258 8408
4035 4058 8093
4111 4208 8319
4071 4193 8264
4196 4204 8400
4127 4200 8327
4100 4223 8323
4182 4268 8450
4238 4256 8494
3998 4026 8024
4190 4227 8417
4151 4235 8386
4164 4200 8364
3979 4129 8108
4006 4058 8064
3991 4111 8102
4039 4235 8274
4008 4156 8164
4279 4280 8559
4131 4159 8290
4005 4180 8185
4043 4192 8235
4171 4186 8357
4237 4247 8484
4159 4215 8374
4044 4080 8124
4137 4180 8317
4103 4189 8292
3955 4200 8155
4008 4159 8167
4070 4159 8229
4110 4173 8283
4239 4263 8502
3996 4178 8174
4177 4275 8452
4112 4169 8281
4128 4151 8279
4180 4191 8371
4127 4134 8261
4090 4182 8272
4069 4115 8184
4125 4161 8286
4220 4282 8502
4231 4252 8483
4159 4260 8419
4079 4103 8182
4122 4150 8272
4104 4209 8313
4103 4262 8365
4111 4209 8320
4124 4166 8290
4102 4163 8265
4122 4167 8289
4161 4190 8351
4001 4226 8227
4150 4159 8309
4149 4208 8357
4143 4170 8313
4214 4253 8467
4006 4103 8109
3935 4219 8154
4076 4206 8282
4215 4229 8444
4009 4176 8185
4086 4257 8343
4159 4209 8368
4201 4253 8454
3940 4254 8194
4131 4169 8300
4201 4230 8431

4137 4190 8320
4164 4171 8323
4184 4190 8371
4061 4081 8111
4021 4079 8076
4108 4153 8241
4061 4191 8251
4144 4176 8296
4196 4200 8395
4102 4186 8272
4010 4129 8132
4138 4165 8289
4052 4167 8203
4063 4087 8140
4166 4174 8321
4104 4124 8206
4162 4168 8300
4160 4200 8341
4121 4172 8264
4196 4200 8383
4079 4149 8192
4188 4195 8377
4108 4134 8235
4164 4179 8335
4061 4092 8147
4147 4191 8306
4188 4191 8359
4017 4096 8091
4014 4031 8015
4028 4148 8149
4159 4197 8337
4013 4031 8008
4096 4145 8222
4161 4188 8322
4003 4028 8010
4047 4071 8080
4083 4185 8239
4185 4200 8383
4114 4129 8242
4092 4114 8182
4010 4066 8045
4077 4170 8218
4100 4165 8248
4035 4089 8112
4151 4199 8327
4133 4183 8292
4177 4189 8356
4137 4160 8274
4153 4160 8286
4194 4198 8374
4005 4150 8142
4109 4137 8210
4081 4140 8220
4004 4062 8058
4077 4099 8144
4128 4148 8258
4181 4185 8350
4074 4075 8148
4006 4025 8016
4010 4035 8036
4082 4133 8181
4017 4063 8052
4055 4191 8220
4007 4057 8031
4015 4088 8084
4054 4089 8112
4012 4116 8112
4044 4057 8063
4170 4193 8326
4005 4179 8158
4174 4182 8324
4135 4186 8292
4012 4146 8138
4086 4171 8234
4139 4191 8292
4133 4134 8240
4194 4196 8360
4193 4197 8379
4189 4200 8357
4121 4200 8304
4046 4141 8152
4183 4188 8358
4122 4172 8271
4159 4185 8307
4120 4190 8306
4072 4165 8216
4029 4058 8052
4064 4107 8135
4002 4170 8153
4115 4175 8262
4101 4191 8267
4064 4159 8207
4174 4183 8332
4136 4196 8301
4089 4128 8203
4111 4159 8240
4040 4106 8132
4090 4130 8216
4010 4126 8123
4038 4039 8057
4130 4187 8285
4066 4159 8215
4160 4171 8315
4079 4165 8224
4041 4110 8135
4139 4183 8300
4130 4154 8250
4107 4168 8267
4087 4145 8208
4032 4184 8192
4181 4182 8332
4002 4145 8145
4164 4170 8309
4183 4192 8366
4181 4189 8368
4156 4185 8310
4050 4166 8204
4002 4071 8043
4094 4117 8192
4161 4164 8292
4124 4195 8284
4120 4172 8258
4066 4103 8137
4092 4180 8253
4097 4117 8184
4040 4112 8121
4060 4085 8128
4097 4195 8279
4016 4066 8045
4100 4110 8204
4150 4162 8295
4010 4067 8041
4017 4163 8171
4171 4173 8332
4106 4112 8205
4075 4175 8237
4125 4168 8277
4126 4174 8282
4145 4187 8310
4012 4048 8053
4117 4128 8237
4148 4173 8287
4098 4200 8290
4027 4147 8139
4028 4061 8084
4001 4084 8081
4054 4143 8192
4009 4100 8082
4180 4188 8363
4032 4197 8200
4064 4189 8238
4118 4172 8283
4129 4148 8249
4162 4196 8322
4142 4169 8291
4074 4094 8151
4124 4146 8260
4081 4124 8179
4027 4130 8125
4018 4108 8091
4086 4089 8166
4133 4197 8302
4172 4199 8345
4025 4156 8172
4097 4176 8247
4118 4156 8240
4181 4190 8343
4090 4101 8170
4100 4129 8207
4189 4190 8374
4069 4110 8169
4053 4100 8137
4191 4199 8371
4168 4169 8326
4176 4197 8340
4079 4087 8140
4096 4106 8198
4196 4198 8382
4153 4197 8337
4164 4178 8322
4060 4125 8179
4049 4131 8156
4039 4139 8162
4164 4193 8344
4081 4183 8263
4080 4114 8179
4175 4187 8359
4063 4107 8165
4176 4178 8316
4013 4033 8034
4003 4190 8159
4112 4167 8264
4169 4178 8329
4037 4171 8170
4181 4192 8355
4114 4125 8201
4142 4176 8316
4039 4197 8223
4080 4093 8164
4131 4142 8263

0.010000 0.520000
