200
823419
4160 4226 8386
4011 4086 8097
4170 4244 8414
4006 4202 8208
4137 4166 8303
4083 4089 8172
4253 4266 8519
3951 4162 8113
4107 4202 8309
4223 4224 8447
4155 4193 8348
4253 4261 8514
4092 4160 8252
4088 4112 8200
4118 4208 8326
4124 4184 8308
4138 4208 8346
4205 4256 8461
4098 4116 8214
4227 4290 8517
4106 4128 8234
4264 4283 8547
4027 4117 8144
3994 4142 8136
4088 4180 8268
4179 4198 8377
4157 4252 8409
3981 4089 8070
4023 4135 8158
4121 4133 8254
4098 4201 8299
4131 4225 8356
4062 4165 8227
4071 4155 8226
3982 4139 8121
4060 4123 8183
4118 4259 8377
3954 4187 8141
4070 4133 8203
4124 4137 8261
4098 4142 8240
3957 4081 8038
4140 4176 8316
4096 4112 8208
4092 4164 8256
4057 4213 8270
4169 4180 8349
4132 4209 8341
4107 4134 8241
4104 4141 8245
4091 4126 8217
4063 4186 8249
4054 4257 8311
4247 4274 8521
4103 4184 8287
4228 4258 8486
4078 4252 8330
4125 4214 8339
4120 4144 8264
4088 4228 8316
4141 4148 8289
3994 4148 8142
3957 4067 8024
4112 4180 8292
4001 4085 8086
4074 4174 8248
4161 4176 8337
3948 4050 7998
4000 4159 8159
3930 4146 8076
4193 4236 8429
4118 4179 8297
4074 4174 8248
4018 4249 8267
4129 4253 8382
4292 4296 8588
4120 4170 8290
4000 4277 8277
4041 4222 8263
4170 4177 8347
3947 4077 8024
4067 4143 8210
4098 4271 8369
4096 4294 8390
4084 4085 8169
4163 4222 8385
3961 4122 8083
4196 4222 8418
4079 4080 8159
4170 4201 8371
4023 4284 8307
4131 4141 8272
4177 4187 8364
4134 4149 8283
4120 4251 8371
4185 4268 8453
4138 4176 8314
4068 4146 8214
4184 4239 8423
4055 4180 8235
4128 4181 8309
3990 4064 8054
4196 4200 8396
4079 4150 8229
3979 4138 8117
4191 4254 8445
4088 4106 8194
4242 4270 8512
4178 4208 8386
4015 4203 8218
4238 4253 8491
4176 4260 8436
4132 4229 8361
4229 4230 8459
4172 4252 8424
4082 4122 8204
4109 4239 8348
4220 4241 8461
4088 4175 8263
4104 4170 8274
4220 4278 8498
4253 4287 8540
4153 4274 8427
4188 4252 8440
4113 4231 8344
4150 4233 8383
4057 4150 8207
4172 4173 8345
4007 4157 8164
4171 4275 8446
4156 4245 8401
4179 4184 8363
4173 4265 8438
4029 4130 8159
4039 4053 8092
4086 4118 8204
4105 4200 8305
4096 4122 8218
4039 4238 8277
4104 4140 8244
4074 4252 8326
4016 4223 8239
4138 4187 8325
4011 4230 8241
4253 4295 8548
4026 4107 8133
4038 4121 8159
4043 4101 8144
4175 4214 8389
4018 4234 8252
4096 4141 8237
4047 4111 8158
4166 4279 8445
4244 4294 8538
4236 4244 8480
4229 4242 8471
4131 4213 8344
4101 4260 8361
3994 4086 8080
4088 4222 8310
4094 4199 8293
3935 4152 8087
4118 4169 8287
4078 4115 8193
4098 4104 8202
4076 4204 8280
4182 4183 8365
4034 4212 8246
4213 4264 8477
4003 4122 8125
4061 4078 8139
4066 4106 8172
4136 4139 8275
4076 4183 8259
4109 4114 8223
4108 4266 8374
4117 4207 8324
4190 4273 8463
4049 4097 8146
4133 4215 8348
4006 4143 8149
3984 4025 8009
4114 4183 8297
4006 4156 8162
4254 4269 8523
4126 4221 8347
4169 4196 8365
3979 4028 8007
4094 4247 8341
4078 4177 8255
4072 4195 8267
4099 4239 8338
4249 4264 8513
3969 4073 8042
4182 4242 8424
4136 4258 8394
4112 4138 8250
4159 4172 8331
4234 4247 8481
3966 4034 8000

4065 4182 8241
4061 4080 8107
4167 4184 8346
4089 4158 8217
4089 4091 8158
4126 4168 8285
4156 4181 8336
4002 4072 8042
4125 4150 8254
4125 4147 8269
4077 4123 8164
4166 4172 8335
4036 4169 8184
4090 4110 8189
4119 4129 8228
4035 4102 8130
4121 4149 8259
4123 4163 8259
4012 4034 8044
4180 4191 8335
4126 4139 8260
4169 4189 8348
4048 4109 8123
4084 4163 8212
4087 4090 8159
4182 4185 8333
4157 4184 8336
4071 4171 8216
4089 4112 8198
4112 4165 8246
4091 4126 8179
4179 4195 8372
4029 4121 8115
4081 4091 8147
4030 4160 8180
4047 4146 8159
4167 4180 8320
4051 4155 8185
4125 4157 8272
4091 4097 8178
4024 4086 8077
4014 4100 8081
4133 4163 8261
4145 4178 8287
4044 4064 8079
4153 4170 8301
4152 4156 8269
4109 4157 8255
4050 4069 8111
4015 4164 8163
4040 4090 8117
4127 4185 8279
4137 4193 8321
4158 4188 8311
4063 4159 8208
4187 4191 8351
4105 4187 8266
4102 4164 8253
4176 4185 8344
4185 4190 8341
4196 4200 8379
4055 4098 8138
4049 4145 8160
4191 4196 8383
4083 4089 8153
4136 4174 8306
4177 4200 8368
4014 4035 8020
4071 4101 8155
4025 4130 8122
4172 4198 8335
4042 4185 8205
4118 4157 8269
4011 4164 8163
4110 4183 8264
4193 4197 8364
4112 4154 8232
4087 4196 8258
4061 4155 8185
4195 4200 8388
4008 4047 8053
4058 4149 8183
4185 4199 8376
4138 4194 8299
4009 4107 8113
4153 4187 8305
4061 4088 8114
4123 4142 8229
4064 4073 8120
4072 4121 8160
4017 4200 8184
4193 4198 8381
4132 4168 8293
4087 4185 8263
4156 4186 8325
4177 4183 8349
4060 4140 8197
4001 4146 8120
4106 4172 8269
4103 4197 8274
4135 4139 8259
4050 4144 8164
4129 4146 8244
4003 4131 8132
4017 4189 8169
4188 4200 8378
4014 4025 8005
4171 4181 8340
4090 4157 8231
4103 4155 8241
4155 4164 8305
4190 4196 8381
4135 4139 8273
4174 4199 8354
4101 4164 8239
4003 4035 8015
4045 4141 8160
4193 4199 8355
4135 4191 8295
4096 4195 8288
4147 4180 8298
4167 4191 8328
4189 4193 8350
4164 4181 8332
4021 4186 8182
4090 4173 8242
4033 4063 8072
4080 4086 8128
4106 4121 8192
4167 4186 8320
4109 4176 8272
4141 4167 8273
4181 4184 8356
4129 4176 8284
4053 4067 8085
4015 4121 8112
4110 4147 8241
4077 4196 8271
4032 4138 8145
4176 4188 8339
4130 4180 8271
4070 4124 8184
4144 4182 8308
4082 4194 8271
4192 4197 8363
4033 4135 8165
4020 4129 8131
4010 4068 8075
4111 4120 8226
4099 4172 8267
4062 4144 8193
4013 4145 8149
4156 4197 8349
4182 4194 8355
4154 4164 8293
4153 4165 8309
4149 4187 8309
4152 4190 8306
4006 4092 8072
4168 4183 8345
4067 4141 8193
4022 4150 8139
4073 4128 8191
4088 4151 8204
4058 4086 8127
4171 4178 8337
4175 4186 8325
4117 4166 8279
4197 4199 8370
4054 4129 8147
4064 4081 8137
4104 4175 8270
4079 4081 8151
4108 4118 8218
4027 4093 8113
4195 4198 8376
4146 4185 8327
4120 4179 8274
4056 4136 8178
4151 4171 8309
4086 4146 8225
4059 4073 8102
4139 4144 8251
4036 4100 8101
4157 4180 8305
4191 4195 8366
4137 4187 8303
4007 4062 8057
4041 4196 8225
4159 4163 8304
4080 4163 8207
4088 4175 8242
4157 4172 8290
4016 4031 8013
4163 4200 8340
4161 4172 8317
4125 4168 8254
4078 4151 8216
4146 4192 8303
4032 4099 8113

0.010000 0.500000
