200
888215
4200 4222 8422
3947 4136 8083
4087 4100 8187
4018 4122 8140
3991 4197 8188
4106 4197 8303
3981 4070 8051
4169 4281 8450
4126 4140 8266
4259 4300 8559
4187 4268 8455
4103 4234 8337
4181 4247 8428
4104 4226 8330
4051 4094 8145
4174 4221 8395
3973 4098 8071
4050 4084 8134
4176 4225 8401
4107 4204 8311
4189 4202 8391
4027 4155 8182
4167 4199 8366
4058 4132 8190
4150 4196 8346
4058 4124 8182
4144 4217 8361
4090 4233 8323
4104 4169 8273
4177 4203 8380
4093 4158 8251
4151 4200 8351
4006 4246 8252
4152 4199 8351
4106 4254 8360
4134 4185 8319
3975 4138 8113
4267 4270 8537
4083 4090 8173
4132 4211 8343
4144 4215 8359
4126 4186 8312
4158 4210 8368
4112 4227 8339
4126 4135 8261
4108 4159 8267
4124 4153 8277
4046 4080 8126
4206 4266 8472
4065 4171 8236
4168 4182 8350
4154 4172 8326
4221 4270 8491
4020 4145 8165
4169 4222 8391
4025 4046 8071
4278 4283 8561
4062 4126 8188
4165 4182 8347
4135 4284 8419
3926 4096 8022
4117 4139 8256
4111 4191 8302
4158 4184 8342
4174 4189 8363
4186 4214 8400
3994 4039 8033
4143 4209 8352
4186 4191 8377
4161 4212 8373
4042 4061 8103
4018 4219 8237
4173 4270 8443
4117 4268 8385
4004 4118 8122
4140 4154 8294
4035 4084 8119
4146 4148 8294
4257 4289 8546
4170 4175 8345
4022 4087 8109
4132 4258 8390
4015 4123 8138
4186 4225 8411
4138 4221 8359
4022 4111 8133
4100 4169 8269
3986 4147 8133
4008 4232 8240
4089 4225 8314
4119 4193 8312
4132 4174 8306
3932 4044 7976
4099 4159 8258
4177 4237 8414
4043 4153 8196
3997 4007 8004
4084 4145 8229
4026 4221 8247
4046 4146 8192
4145 4161 8306
4055 4163 8218
4048 4088 8136
4021 4271 8292
4118 4128 8246
4107 4120 8227
3996 4215 8211
4098 4174 8272
4259 4266 8525
4183 4190 8373
4060 4107 8167
4127 4232 8359
4089 4137 8226
4024 4196 8220
4041 4208 8249
4044 4045 8089
4101 4183 8284
4117 4130 8247
4253 4261 8514
4012 4013 8025
4093 4258 8351
4198 4212 8410
4010 4034 8044
4271 4283 8554
4133 4172 8305
4043 4118 8161
4029 4215 8244
4003 4223 8226
4118 4193 8311
4099 4216 8315
4229 4282 8511
4062 4122 8184
4027 4140 8167
4107 4283 8390
4102 4151 8253
4044 4194 8238
4152 4227 8379
4066 4155 8221
4157 4199 8356
4135 4158 8293
4058 4103 8161
3965 3974 7939
4270 4276 8546
4013 4188 8201
4244 4249 8493
4207 4217 8424
4224 4242 8466
4031 4044 8075
4196 4228 8424
4021 4090 8111
4149 4202 8351
4075 4102 8177
4013 4107 8120
4082 4145 8227
4229 4265 8494
4039 4052 8091
4074 4122 8196
4080 4234 8314
4149 4194 8343
4235 4271 8506
4053 4223 8276
4083 4148 8231
4084 4150 8234
4043 4068 8111
3961 4138 8099
4077 4185 8262
4125 4126 8251
4023 4083 8106
4151 4265 8416
4157 4203 8360
4100 4228 8328
3927 4084 8011
4165 4239 8404
4102 4163 8265
4018 4196 8214
4122 4147 8269
3998 4089 8087
4146 4254 8400
4122 4244 8366
4158 4185 8343
4057 4120 8177
4042 4106 8148
4074 4092 8166
4087 4194 8281
4120 4149 8269
4120 4153 8273
4168 4258 8426
4054 4123 8177
4153 4162 8315
4031 4109 8140
3924 4097 8021
4219 4276 8495
4104 4203 8307
4157 4278 8435
4127 4149 8276
3943 4117 8060
4142 4171 8313
4196 4202 8398
3996 4194 8190
4265 4267 8532

4124 4167 8262
4025 4104 8128
4142 4200 8318
4083 4084 8158
4052 4127 8176
4111 4117 8208
4006 4154 8145
4158 4196 8345
4118 4161 8256
4191 4200 8354
4169 4186 8337
4034 4191 8220
4127 4162 8261
4010 4142 8121
4011 4043 8051
4074 4146 8212
4047 4145 8177
4049 4175 8196
4185 4194 8370
4012 4159 8143
4132 4200 8300
4055 4194 8219
4113 4122 8227
4119 4123 8211
4061 4106 8142
4097 4119 8183
4127 4135 8228
4183 4186 8340
4193 4194 8355
4194 4199 8377
4119 4190 8299
4172 4183 8336
4066 4163 8208
4064 4099 8125
4090 4178 8263
4071 4109 8171
4006 4114 8087
4187 4188 8367
4155 4189 8341
4165 4182 8326
4137 4183 8300
4120 4162 8251
4074 4162 8227
4142 4144 8259
4082 4111 8165
4190 4191 8349
4075 4153 8203
4069 4076 8128
4123 4174 8281
4071 4117 8156
4125 4191 8288
4172 4192 8352
4197 4198 8358
4014 4137 8138
4165 4170 8323
4046 4139 8184
4192 4197 8383
4001 4078 8051
4144 4169 8311
4193 4198 8361
4001 4151 8117
4088 4146 8203
4027 4092 8104
4089 4096 8171
4105 4118 8194
4089 4117 8182
4056 4079 8130
4110 4154 8241
4185 4194 8346
4178 4185 8339
4090 4099 8174
4107 4135 8203
4169 4174 8319
4161 4168 8327
4073 4136 8181
4155 4170 8324
4044 4063 8102
4177 4196 8350
4174 4193 8328
4146 4153 8268
4057 4068 8087
4175 4195 8338
4054 4117 8165
4137 4163 8270
4087 4142 8214
4097 4160 8253
4195 4198 8367
4070 4122 8155
4055 4139 8165
4026 4152 8149
4115 4118 8217
4147 4168 8303
4012 4125 8132
4156 4193 8319
4087 4196 8249
4082 4133 8206
4070 4087 8124
4064 4188 8226
4073 4194 8254
4006 4104 8074
4101 4157 8240
4107 4112 8186
4079 4137 8194
4086 4186 8257
4019 4028 8024
4027 4096 8088
4069 4115 8166
4016 4127 8122
4174 4190 8336
4111 4174 8262
4003 4144 8142
4185 4194 8343
4102 4126 8221
4043 4144 8165
4113 4120 8201
4044 4080 8091
4122 4185 8291
4170 4186 8350
4193 4200 8362
4007 4034 8030
4107 4199 8305
4195 4197 8357
4029 4077 8071
4187 4190 8354
4039 4155 8172
4057 4085 8112
4108 4161 8231
4019 4151 8162
4105 4107 8185
4122 4167 8258
4190 4199 8370
4103 4122 8210
4006 4196 8190
4087 4184 8243
4012 4059 8067
4095 4166 8228
4192 4193 8384
4010 4059 8066
4158 4174 8300
4153 4163 8278
4054 4191 8219
4008 4010 8002
4182 4193 8366
4086 4142 8225
4153 4154 8282
4115 4182 8290
4130 4144 8273
4071 4106 8152
4127 4136 8245
4005 4164 8165
4199 4200 8390
4005 4019 7995
4029 4031 8034
4071 4099 8146
4160 4193 8321
4021 4117 8100
4084 4099 8159
4043 4137 8143
4161 4178 8318
4162 4188 8313
4115 4126 8234
4011 4121 8098
4147 4180 8316
4124 4131 8242
4037 4172 8191
4104 4105 8195
4129 4156 8257
4054 4064 8110
4198 4200 8377
4065 4153 8189
4019 4134 8126
4008 4123 8100
4128 4198 8293
4087 4131 8205
4012 4117 8118
4043 4055 8065
4021 4119 8102
4093 4168 8253
4097 4159 8240
4090 4105 8178
4030 4043 8055
4052 4177 8206
4011 4168 8156
4057 4119 8149
4186 4192 8350
4041 4156 8186
4165 4176 8302
4051 4189 8228
4183 4196 8377
4027 4191 8200
4008 4134 8112
4180 4185 8358
4165 4175 8339
4130 4181 8289
4085 4115 8196
4029 4128 8130
4070 4168 8232
4166 4184 8314
4089 4146 8231
4167 4178 8312

0.010000 0.540000
