300
1308334
4241 4288 8529
4054 4122 8176
4088 4172 8260
4035 4150 8185
4182 4227 8409
4098 4270 8368
4139 4296 8435
4148 4166 8314
4196 4234 8430
3974 4189 8163
4160 4163 8323
4230 4277 8507
4133 4168 8301
4027 4212 8239
4120 4127 8247
4242 4270 8512
4134 4143 8277
4188 4213 8401
4091 4200 8291
4206 4263 8469
3975 4037 8012
4063 4251 8314
4175 4177 8352
4114 4207 8321
4238 4268 8506
4026 4195 8221
4079 4116 8195
4065 4183 8248
4245 4261 8506
3983 4273 8256
3977 4248 8225
4065 4208 8273
4088 4197 8285
4224 4232 8456
4081 4268 8349
4106 4160 8266
4282 4294 8576
3940 4110 8050
4098 4240 8338
4137 4176 8313
4202 4240 8442
4021 4217 8238
4120 4181 8301
4269 4288 8557
4100 4155 8255
4021 4160 8181
4115 4203 8318
4049 4193 8242
4161 4172 8333
4018 4099 8117
4036 4226 8262
3973 4103 8076
4076 4089 8165
4187 4206 8393
4033 4241 8274
4101 4213 8314
4264 4266 8530
4117 4148 8265
4138 4270 8408
4147 4191 8338
4087 4249 8336
4089 4099 8188
3956 4063 8019
4251 4255 8506
4060 4170 8230
3999 4144 8143
4125 4188 8313
4213 4228 8441
4030 4101 8131
4010 4025 8035
4095 4191 8286
4129 4244 8373
4166 4284 8450
4077 4120 8197
4071 4167 8238
3966 4037 8003
4121 4175 8296
4129 4247 8376
4020 4127 8147
4157 4193 8350
4157 4163 8320
4175 4209 8384
4162 4236 8398
4141 4195 8336
3938 4145 8083
4065 4220 8285
4118 4246 8364
4028 4149 8177
4189 4221 8410
4153 4173 8326
4177 4181 8358
4252 4270 8522
4154 4240 8394
4245 4250 8495
3991 4186 8177
4185 4196 8381
4150 4174 8324
4139 4146 8285
3979 4053 8032
4073 4236 8309
4089 4102 8191
4071 4107 8178
4034 4221 8255
4076 4189 8265
4096 4118 8214
4163 4266 8429
4031 4243 8274
4051 4187 8238
4085 4163 8248
4059 4077 8136
3979 4017 7996
4103 4167 8270
4078 4209 8287
4116 4138 8254
4091 4112 8203
4072 4173 8245
4056 4269 8325
4167 4234 8401
4274 4288 8562
4154 4215 8369
4174 4242 8416
4222 4265 8487
4223 4225 8448
4097 4135 8232
4152 4216 8368
4122 4247 8369
4003 4191 8194
4095 4186 8281
4106 4139 8245
4001 4070 8071
4132 4154 8286
4158 4195 8353
3987 4114 8101
4146 4159 8305
3980 4150 8130
4128 4244 8372
4081 4145 8226
4055 4108 8163
3975 4060 8035
4215 4294 8509
4203 4229 8432
4137 4216 8353
4178 4249 8427
4168 4213 8381
3944 4000 7944
3980 4152 8132
4132 4167 8299
4166 4210 8376
4238 4280 8518
4126 4141 8267
4109 4279 8388
4029 4086 8115
4117 4154 8271
4169 4230 8399
4175 4192 8367
4118 4200 8318
4230 4253 8483
4117 4143 8260
4098 4240 8338
4081 4188 8269
3938 4090 8028
4108 4237 8345
4112 4138 8250
3927 4146 8073
4062 4158 8220
4067 4084 8151
4031 4105 8136
4194 4266 8460
4075 4201 8276
4070 4084 8154
4106 4140 8246
4278 4284 8562
4108 4172 8280
4130 4219 8349
4255 4277 8532
4235 4256 8491
3942 4100 8042
4115 4148 8263
4161 4185 8346
4056 4170 8226
3914 4057 7971
4122 4201 8323
4059 4173 8232
4172 4191 8363
4132 4172 8304
4155 4252 8407
4087 4093 8180
4236 4242 8478
4001 4226 8227
4174 4270 8444
4079 4194 8273
4076 4196 8272
4065 4136 8201
4108 4272 8380
4186 4216 8402
4144 4205 8349
4151 4191 8342
3976 4066 8042
3993 4096 8089
4035 4105 8140
4138 4228 8366
4061 4148 8209
4118 4151 8269
4107 4151 8258
4093 4129 8222
4158 4205 8363
4118 4157 8275
4044 4167 8211
4149 4187 8336
4152 4250 8402
4012 4140 8152
3992 4095 8087
3975 4085 8060
3968 3997 7965
4214 4235 8449
4132 4150 8282
4035 4075 8110
4205 4280 8485
4154 4242 8396
3973 4048 8021
4124 4164 8288
4054 4072 8126
4247 4287 8534
4126 4230 8356
4187 4208 8395
4180 4200 8380
4199 4225 8424
4211 4273 8484
4105 4204 8309
4095 4111 8206
4125 4153 8278
4009 4113 8122
4257 4270 8527
3971 4170 8141
4128 4159 8287
3943 4206 8149
4024 4111 8135
4058 4209 8267
4236 4265 8501
3940 4089 8029
3942 4089 8031
4126 4164 8290
4067 4092 8159
4006 4012 8018
4045 4057 8102
4038 4170 8208
4113 4233 8346
4198 4255 8453
4058 4100 8158
4123 4163 8286
4084 4119 8203
4106 4170 8276
3986 4123 8109
4118 4195 8313
4017 4089 8106
3985 4018 8003
4181 4218 8399
4241 4279 8520
4155 4225 8380
4143 4199 8342
4023 4072 8095
4143 4154 8297
4148 4159 8307
4170 4261 8431
4200 4263 8463
4158 4258 8416
3986 4218 8204
4042 4103 8145
4005 4179 8184
4153 4155 8308
3956 4128 8084
4099 4267 8366
4115 4139 8254
4159 4268 8427
3992 4059 8051
4078 4127 8205
4193 4209 8402
4164 4279 8443
4199 4215 8414
4105 4131 8236
3993 4154 8147
4036 4181 8217
4066 4137 8203
4149 4272 8421
4049 4127 8176
4083 4102 8185
4101 4137 8238
3955 4295 8250
4136 4263 8399
4089 4194 8283
4052 4176 8228
4106 4210 8316
4003 4256 8259
4149 4173 8322
4181 4211 8392
3935 4214 8149
4044 4167 8211
4046 4101 8147
4041 4174 8215
4124 4251 8375

4184 4190 8342
4043 4085 8114
4084 4160 8218
4022 4124 8125
4181 4188 8347
4108 4171 8264
4125 4197 8293
4143 4156 8285
4118 4140 8236
4056 4194 8226
4064 4110 8155
4165 4199 8346
4111 4113 8212
4007 4176 8145
4102 4120 8192
4196 4198 8365
4144 4168 8299
4137 4176 8311
4032 4158 8153
4191 4199 8358
4025 4108 8123
4148 4198 8320
4076 4077 8139
4104 4172 8246
4182 4188 8336
4070 4121 8179
4022 4123 8123
4033 4178 8183
4162 4180 8330
4078 4174 8227
4054 4166 8217
4069 4129 8176
4065 4177 8235
4126 4140 8239
4029 4176 8191
4151 4175 8305
4198 4199 8390
4005 4192 8160
4126 4181 8303
4198 4200 8386
4118 4161 8243
4014 4150 8148
4064 4083 8123
4175 4195 8355
4008 4073 8072
4099 4197 8264
4180 4197 8372
4000 4140 8114
4088 4093 8168
4104 4119 8204
4094 4142 8212
4016 4060 8071
4015 4041 8050
4142 4152 8285
4103 4148 8226
4196 4197 8379
4169 4171 8328
4058 4067 8114
4152 4195 8346
4092 4116 8183
4046 4187 8218
4012 4099 8084
4055 4110 8143
4171 4181 8343
4046 4076 8089
4041 4092 8123
4141 4182 8314
4177 4180 8335
4043 4159 8168
4044 4083 8115
4038 4189 8200
4175 4180 8333
4172 4187 8327
4058 4166 8203
4091 4137 8215
4005 4026 8029
4047 4100 8130
4137 4159 8286
4028 4183 8206
4093 4111 8185
4139 4144 8275
4131 4176 8283
4103 4191 8279
4110 4135 8237
4018 4133 8123
4123 4179 8272
4189 4191 8341
4013 4088 8064
4153 4167 8299
4149 4159 8295
4090 4191 8270
4181 4192 8339
4156 4167 8314
4168 4198 8351
4040 4123 8148
4098 4162 8251
4101 4186 8283
4070 4146 8185
4065 4138 8194
4062 4149 8181
4030 4119 8141
4005 4058 8044
4074 4135 8196
4060 4200 8224
4146 4183 8305
4162 4182 8338
4101 4192 8257
4093 4189 8247
4077 4088 8151
4123 4175 8280
4060 4084 8116
4151 4160 8301
4132 4195 8316
4037 4040 8041
4038 4116 8137
4107 4132 8213
4095 4170 8238
4133 4141 8268
4179 4188 8365
4193 4197 8363
4081 4159 8222
4176 4180 8335
4150 4173 8304
4117 4120 8217
4144 4150 8258
4182 4194 8338
4039 4183 8195
4130 4139 8258
4094 4117 8203
4022 4108 8111
4052 4114 8133
4142 4154 8288
4005 4132 8114
4128 4169 8260
4031 4178 8192
4150 4200 8349
4117 4198 8291
4046 4125 8170
4027 4040 8050
4196 4197 8385
4155 4179 8311
4153 4164 8299
4094 4154 8239
4094 4196 8269
4029 4056 8066
4027 4163 8174
4081 4175 8218
4192 4195 8379
4170 4188 8324
4095 4158 8234
4147 4198 8343
4106 4125 8230
4051 4078 8121
4086 4144 8208
4098 4123 8199
4193 4197 8358
4138 4156 8280
4041 4090 8117
4165 4170 8329
4134 4137 8260
4018 4154 8142
4149 4155 8271
4078 4128 8177
4016 4136 8119
4046 4148 8189
4062 4121 8146
4042 4129 8158
4107 4173 8245
4160 4194 8338
4039 4073 8105
4110 4154 8241
4178 4187 8346
4095 4116 8177
4190 4198 8360
4164 4198 8357
4166 4193 8358
4016 4044 8048
4134 4138 8261
4195 4200 8366
4073 4128 8189
4013 4126 8132
4125 4171 8258
4086 4177 8242
4080 4175 8248
4160 4191 8338
4117 4190 8284
4150 4170 8315
4149 4167 8293
4071 4129 8173
4129 4193 8316
4154 4182 8304
4124 4149 8242
4105 4175 8251
4091 4173 8240
4104 4189 8277
4168 4197 8334
4182 4191 8372
4061 4160 8191
4020 4021 8023
4074 4089 8132
4087 4160 8241
4155 4159 8307
4037 4126 8140
4052 4093 8132
4088 4133 8207
4165 4171 8310
4096 4155 8213
4050 4135 8175
4080 4098 8170
4105 4200 8286
4043 4047 8076
4090 4096 8167
4055 4094 8145
4051 4058 8081
4151 4173 8291
4116 4192 8293
4027 4089 8098
4179 4182 8329
4081 4180 8247
4043 4051 8065
4078 4081 8158
4072 4114 8171
4168 4200 8337
4151 4196 8318
4164 4191 8340
4191 4198 8367
4157 4188 8325
4144 4190 8333
4024 4190 8208
4016 4095 8090
4157 4192 8331
4031 4049 8046
4162 4195 8322
4041 4163 8172
4065 4121 8152
4030 4130 8150
4110 4130 8220
4143 4144 8284
4197 4200 8359
4026 4084 8108
4003 4154 8150
4039 4121 8151
4024 4179 8183
4015 4024 8030
4069 4072 8107
4110 4139 8228
4183 4200 8344
4182 4198 8364
4131 4140 8256
4173 4187 8328
4104 4134 8203
4155 4198 8333
4044 4193 8234
4132 4143 8264
4020 4079 8098
4033 4062 8091
4144 4189 8312
4176 4196 8346
4127 4196 8297
4081 4115 8183
4008 4049 8031
4077 4121 8165
4119 4123 8241
4103 4174 8272
4193 4200 8367
4079 4197 8252
4044 4151 8166
4073 4083 8135
4025 4181 8195
4068 4134 8181
4000 4131 8130
4148 4196 8340
4059 4082 8131
4061 4179 8234
4024 4124 8137
4039 4051 8073
4108 4111 8187
4110 4185 8263
4159 4170 8321
4097 4154 8227
4006 4080 8061
4093 4175 8248
4066 4158 8220
4143 4200 8331
4046 4057 8098
4130 4187 8288
4139 4191 8301
4043 4199 8219
4141 4180 8283
4116 4148 8227
4045 4132 8154
4076 4111 8154
4060 4196 8251
4056 4177 8201
4093 4154 8238
4028 4190 8212
4034 4136 8151
4058 4176 8228
4099 4199 8275
4137 4172 8291

0.010000 0.530000
