300
716304
4190 4209 8399
3922 4105 8027
4142 4179 8321
4059 4190 8249
4175 4177 8352
4197 4223 8420
4191 4192 8383
4138 4143 8281
4147 4208 8355
4180 4237 8417
4061 4144 8205
4149 4175 8324
4124 4280 8404
4218 4223 8441
4161 4206 8367
4244 4298 8542
3930 4068 7998
4015 4054 8069
4234 4238 8472
4123 4170 8293
4068 4146 8214
3995 4120 8115
4135 4256 8391
4017 4068 8085
4089 4185 8274
4201 4230 8431
3981 4173 8154
4011 4172 8183
4105 4116 8221
4029 4033 8062
4166 4244 8410
4073 4155 8228
4070 4114 8184
4171 4221 8392
4083 4241 8324
4203 4273 8476
4237 4263 8500
4091 4161 8252
3956 4150 8106
4112 4193 8305
4193 4250 8443
4157 4180 8337
4121 4157 8278
4200 4220 8420
4218 4252 8470
4148 4256 8404
4001 4077 8078
4125 4207 8332
4160 4220 8380
4260 4262 8522
4052 4251 8303
4123 4243 8366
3928 4244 8172
4059 4080 8139
3989 4105 8094
4227 4251 8478
3954 4037 7991
4092 4142 8234
4155 4158 8313
3989 4039 8028
4091 4104 8195
4081 4116 8197
4241 4265 8506
4118 4241 8359
3993 4003 7996
4065 4182 8247
4130 4154 8284
3977 4088 8065
4008 4090 8098
3966 4066 8032
4013 4187 8200
3975 4186 8161
4100 4120 8220
4191 4263 8454
4176 4233 8409
4094 4217 8311
4197 4212 8409
4006 4151 8157
4188 4234 8422
4099 4248 8347
4187 4272 8459
3985 4269 8254
4112 4255 8367
4062 4153 8215
4219 4254 8473
4113 4211 8324
4147 4160 8307
4094 4133 8227
3926 4075 8001
4091 4227 8318
4081 4238 8319
3976 4040 8016
3969 4206 8175
4056 4224 8280
4094 4199 8293
4060 4204 8264
4065 4136 8201
4169 4181 8350
4179 4202 8381
3952 4025 7977
4081 4131 8212
4106 4185 8291
4133 4195 8328
4060 4226 8286
3985 4244 8229
4169 4173 8342
4003 4038 8041
4103 4108 8211
4218 4253 8471
4173 4180 8353
4187 4250 8437
4145 4235 8380
4079 4151 8230
4121 4143 8264
4176 4192 8368
4088 4186 8274
4214 4224 8438
4100 4179 8279
4133 4186 8319
4126 4227 8353
4199 4214 8413
4291 4294 8585
4069 4090 8159
4045 4099 8144
3990 4139 8129
4134 4165 8299
4187 4244 8431
4257 4262 8519
4130 4231 8361
4237 4258 8495
4141 4208 8349
4196 4244 8440
4188 4191 8379
4253 4285 8538
3983 4246 8229
4117 4162 8279
4086 4111 8197
4220 4264 8484
4020 4252 8272
4104 4171 8275
4009 4228 8237
4183 4187 8370
4058 4192 8250
4001 4025 8026
4078 4203 8281
4101 4205 8306
4126 4256 8382
4054 4246 8300
4243 4281 8524
4006 4093 8099
4065 4077 8142
4217 4255 8472
4123 4180 8303
4087 4146 8233
4087 4190 8277
4166 4226 8392
4157 4228 8385
4224 4226 8450
4026 4251 8277
4136 4145 8281
4139 4212 8351
4202 4260 8462
4002 4167 8169
4040 4168 8208
3971 4045 8016
4003 4039 8042
4053 4164 8217
3941 4076 8017
4265 4288 8553
4065 4214 8279
4101 4130 8231
4016 4130 8146
4192 4250 8442
4036 4253 8289
3999 4028 8027
3913 4122 8035
4183 4184 8367
4139 4183 8322
3996 4125 8121
4182 4187 8369
3942 4030 7972
4191 4210 8401
4126 4193 8319
3984 4169 8153
4098 4208 8306
4213 4228 8441
4085 4267 8352
3946 4153 8099
4148 4154 8302
4147 4217 8364
4142 4259 8401
4171 4218 8389
4090 4113 8203
4117 4243 8360
4123 4227 8350
4053 4257 8310
4177 4238 8415
4027 4211 8238
4081 4117 8198
3995 4088 8083
3999 4008 8007
4164 4197 8361
4103 4234 8337
4268 4287 8555
4060 4181 8241
4175 4216 8391
4063 4262 8325
4044 4202 8246
4092 4198 8290
4133 4144 8277
3963 4166 8129
4129 4172 8301
4189 4225 8414
4077 4129 8206
4258 4259 8517
4074 4157 8231
4105 4226 8331
4131 4132 8263
4048 4266 8314
4065 4099 8164
4106 4205 8311
4187 4202 8389
4231 4237 8468
4161 4162 8323
4205 4236 8441
4088 4204 8292
4004 4159 8163
4069 4215 8284
4027 4188 8215
4175 4182 8357
4042 4210 8252
4185 4187 8372
4145 4182 8327
3936 3998 7934
3946 4122 8068
4279 4281 8560
4174 4290 8464
3999 4017 8016
4026 4126 8152
3952 4104 8056
4044 4171 8215
4074 4091 8165
4040 4200 8240
4104 4230 8334
4065 4224 8289
4051 4184 8235
3958 4248 8206
4168 4171 8339
4129 4249 8378
4199 4204 8403
4086 4293 8379
4027 4106 8133
3997 4105 8102
4082 4112 8194
4175 4207 8382
4083 4271 8354
4087 4198 8285
4206 4222 8428
4043 4168 8211
4230 4285 8515
3990 4104 8094
4202 4220 8422
4084 4118 8202
4073 4096 8169
4101 4180 8281
4070 4132 8202
4205 4246 8451
4165 4279 8444
4203 4280 8483
4105 4142 8247
3968 4271 8239
4143 4265 8408
4086 4168 8254
4028 4160 8188
4108 4169 8277
4163 4279 8442
3950 4119 8069
3945 4021 7966
4088 4151 8239
4210 4238 8448
4137 4274 8411
4147 4150 8297
4112 4154 8266
4055 4162 8217
4153 4236 8389
4138 4255 8393
4102 4133 8235
4187 4233 8420
4203 4258 8461
4136 4195 8331
3982 4105 8087
3985 4110 8095
4044 4202 8246
4149 4207 8356
4093 4255 8348
4002 4036 8038
4078 4120 8198
4136 4147 8283
4040 4230 8270
4116 4137 8253

4110 4170 8278
4012 4100 8085
4042 4193 8203
4157 4158 8293
4083 4103 8184
4126 4134 8246
4095 4112 8202
4064 4170 8226
4107 4129 8235
4085 4164 8220
4148 4149 8276
4119 4137 8241
4149 4186 8325
4138 4153 8268
4195 4200 8360
4198 4200 8378
4022 4071 8067
4087 4135 8207
4155 4177 8328
4120 4123 8225
4167 4189 8333
4046 4047 8067
4185 4199 8347
4060 4127 8149
4175 4194 8362
4184 4196 8370
4025 4163 8184
4078 4147 8189
4110 4114 8215
4072 4120 8165
4196 4197 8384
4170 4190 8358
4101 4169 8253
4179 4187 8351
4136 4181 8288
4143 4179 8306
4172 4178 8316
4076 4137 8208
4007 4189 8158
4192 4197 8386
4161 4165 8296
4198 4200 8397
4158 4164 8296
4182 4184 8344
4148 4181 8294
4120 4178 8288
4085 4138 8201
4129 4138 8261
4169 4196 8338
4194 4199 8384
4145 4200 8319
4090 4186 8274
4011 4146 8156
4123 4149 8244
4032 4051 8051
4148 4156 8277
4031 4049 8061
4144 4155 8287
4133 4181 8297
4057 4103 8151
4068 4072 8138
4008 4016 8022
4172 4173 8337
4132 4170 8276
4055 4080 8107
4098 4112 8206
4098 4108 8169
4054 4183 8212
4005 4151 8132
4027 4116 8121
4030 4105 8112
4074 4171 8229
4080 4091 8167
4165 4182 8317
4161 4164 8291
4082 4147 8222
4156 4182 8325
4038 4162 8193
4163 4181 8316
4033 4185 8190
4107 4176 8279
4053 4193 8222
4102 4181 8259
4033 4073 8091
4160 4161 8311
4038 4167 8190
4142 4147 8254
4084 4164 8225
4007 4113 8106
4028 4170 8175
4091 4159 8221
4065 4138 8189
4032 4130 8126
4132 4156 8254
4033 4198 8198
4083 4168 8240
4055 4191 8209
4124 4198 8303
4152 4183 8315
4021 4106 8115
4007 4181 8158
4118 4144 8228
4045 4112 8146
4060 4189 8219
4080 4171 8238
4153 4161 8308
4026 4045 8046
4114 4124 8200
4141 4159 8291
4096 4149 8220
4176 4190 8364
4156 4184 8322
4087 4157 8228
4173 4188 8339
4179 4189 8336
4128 4134 8241
4189 4192 8351
4114 4134 8224
4102 4168 8256
4096 4129 8211
4198 4200 8361
4192 4195 8377
4133 4169 8282
4081 4157 8205
4040 4156 8180
4182 4188 8346
4129 4152 8252
4175 4190 8356
4197 4198 8362
4162 4193 8331
4140 4192 8314
4134 4144 8274
4129 4139 8264
4176 4200 8345
4073 4182 8218
4070 4189 8233
4009 4025 8029
4191 4194 8357
4014 4199 8189
4071 4171 8240
4056 4192 8220
4091 4104 8179
4066 4118 8182
4075 4095 8161
4123 4130 8249
4136 4143 8259
4140 4171 8277
4137 4174 8295
4162 4194 8335
4073 4094 8131
4041 4069 8076
4174 4178 8345
4097 4115 8192
4111 4122 8201
4096 4103 8170
4089 4144 8196
4145 4169 8295
4157 4186 8310
4106 4177 8271
4046 4098 8122
4180 4181 8345
4168 4187 8323
4009 4092 8091
4011 4070 8063
4004 4028 8022
4003 4090 8065
4064 4095 8156
4021 4049 8049
4182 4200 8357
4148 4159 8298
4124 4160 8248
4022 4176 8174
4189 4194 8378
4010 4163 8138
4010 4036 8008
4003 4106 8096
4149 4157 8295
4176 4178 8337
4034 4069 8087
4167 4175 8336
4024 4079 8070
4119 4175 8258
4094 4128 8211
4011 4072 8051
4181 4192 8352
4156 4180 8321
4013 4196 8180
4017 4155 8144
4143 4157 8264
4104 4175 8273
4098 4170 8247
4177 4196 8351
4174 4196 8339
4089 4191 8248
4124 4200 8287
4111 4192 8299
4113 4146 8224
4037 4146 8166
4005 4127 8131
4045 4054 8070
4068 4097 8129
4180 4199 8373
4073 4139 8176
4182 4195 8357
4040 4125 8157
4144 4163 8283
4132 4184 8289
4131 4172 8279
4033 4117 8125
4103 4190 8270
4028 4195 8195
4081 4084 8156
4124 4179 8273
4101 4109 8200
4179 4188 8342
4044 4175 8216
4052 4187 8216
4141 4145 8285
4037 4185 8186
4006 4196 8188
4099 4144 8238
4156 4192 8336
4176 4177 8336
4067 4106 8135
4126 4159 8264
4112 4187 8271
4014 4153 8146
4042 4140 8169
4045 4169 8176
4158 4181 8309
4112 4184 8273
4100 4147 8228
4139 4190 8292
4009 4017 7991
4013 4024 8002
4188 4198 8376
4179 4199 8343
4013 4057 8037
4026 4106 8130
4018 4176 8166
4011 4144 8141
4111 4147 8257
4044 4185 8198
4179 4183 8351
4158 4166 8316
4103 4104 8196
4058 4187 8208
4080 4109 8172
4104 4177 8256
4111 4132 8210
4045 4196 8205
4062 4171 8198
4042 4110 8125
4124 4125 8245
4174 4180 8323
4071 4171 8204
4151 4189 8314
4130 4133 8240
4142 4197 8334
4196 4197 8368
4020 4121 8130
4192 4194 8370
4141 4171 8306
4059 4105 8127
4053 4099 8149
4154 4190 8311
4182 4194 8348
4067 4192 8241
4186 4192 8345
4046 4081 8121
4041 4180 8213
4132 4173 8295
4079 4094 8158
4111 4192 8279
4035 4073 8080
4199 4200 8382
4035 4146 8161
4023 4117 8138
4041 4109 8118
4159 4172 8308
4173 4197 8343
4068 4074 8122
4032 4103 8103
4061 4104 8146
4066 4140 8205
4123 4172 8267
4006 4147 8125
4157 4185 8315
4151 4198 8314
4124 4195 8311
4013 4112 8122
4027 4186 8207
4016 4191 8193
4140 4186 8325
4168 4178 8321
4011 4101 8104
4122 4127 8216
4122 4128 8246
4062 4196 8253
4183 4192 8350

0.010000 0.290000
