300
1210568
4254 4266 8520
4104 4168 8272
4076 4255 8331
4178 4210 8388
4144 4193 8337
4202 4261 8463
4130 4134 8264
3996 4184 8180
4023 4168 8191
4185 4255 8440
4095 4147 8242
4170 4285 8455
4084 4200 8284
3976 4177 8153
4186 4285 8471
3969 4170 8139
4112 4264 8376
4147 4178 8325
4135 4221 8356
4112 4187 8299
4164 4174 8338
4146 4208 8354
4005 4042 8047
3977 4210 8187
4157 4205 8362
4173 4288 8461
4053 4279 8332
3922 4163 8085
4190 4198 8388
4227 4243 8470
4129 4142 8271
4248 4275 8523
4242 4254 8496
4073 4138 8211
4086 4141 8227
4095 4197 8292
4129 4137 8266
4176 4214 8390
4067 4147 8214
4040 4157 8197
4199 4281 8480
4259 4270 8529
4161 4271 8432
4137 4187 8324
3978 4129 8107
4256 4293 8549
4287 4293 8580
4273 4275 8548
4025 4082 8107
4165 4209 8374
4081 4206 8287
4107 4179 8286
4223 4267 8490
4026 4093 8119
4081 4178 8259
4011 4179 8190
4094 4233 8327
3952 4219 8171
3974 4074 8048
4222 4246 8468
4108 4168 8276
4243 4257 8500
3928 4121 8049
3992 4185 8177
4251 4258 8509
4093 4181 8274
4056 4111 8167
4085 4183 8268
4121 4215 8336
4064 4069 8133
4224 4229 8453
4092 4200 8292
4215 4229 8444
3915 3982 7897
3940 4154 8094
4215 4245 8460
4026 4153 8179
4130 4264 8394
4181 4198 8379
4167 4198 8365
4094 4106 8200
3946 4218 8164
4039 4052 8091
4117 4182 8299
4100 4172 8272
4066 4212 8278
4237 4250 8487
3965 4101 8066
4176 4266 8442
4275 4289 8564
4152 4170 8322
4189 4207 8396
4146 4150 8296
4106 4175 8281
4079 4108 8187
4177 4287 8464
4158 4165 8323
3935 3999 7934
4103 4150 8253
4002 4158 8160
4157 4236 8393
4100 4214 8314
4168 4199 8367
4205 4245 8450
4165 4193 8358
4216 4234 8450
4067 4112 8179
4243 4261 8504
4073 4207 8280
4130 4292 8422
4056 4144 8200
4167 4271 8438
4034 4185 8219
4066 4129 8195
4045 4117 8162
4127 4221 8348
4139 4273 8412
4108 4238 8346
4295 4298 8593
4108 4126 8234
4225 4226 8451
4192 4239 8431
4068 4099 8167
3964 3972 7936
3995 4141 8136
4055 4265 8320
4008 4140 8148
4036 4109 8145
4124 4255 8379
4200 4228 8428
3955 4035 7990
4136 4237 8373
4190 4259 8449
3954 4036 7990
3962 4131 8093
4007 4043 8050
4171 4186 8357
4018 4149 8167
4016 4105 8121
4138 4232 8370
4168 4190 8358
4119 4269 8388
4193 4209 8402
4048 4184 8232
4080 4169 8249
4143 4189 8332
4053 4117 8170
4110 4187 8297
3986 4142 8128
4234 4267 8501
4049 4261 8310
4114 4143 8257
4161 4217 8378
4007 4040 8047
4137 4199 8336
4029 4078 8107
4074 4150 8224
4101 4194 8295
4119 4145 8264
4148 4233 8381
3946 4050 7996
4196 4208 8404
4220 4263 8483
4143 4164 8307
4157 4211 8368
4116 4149 8265
4089 4123 8212
4015 4180 8195
4235 4252 8487
4053 4078 8131
4056 4077 8133
4136 4269 8405
4130 4143 8273
4073 4256 8329
3980 4211 8191
4106 4166 8272
4072 4208 8280
4106 4189 8295
4023 4032 8055
4122 4142 8264
4018 4163 8181
4036 4216 8252
4257 4277 8534
4087 4090 8177
4169 4267 8436
3977 4070 8047
4113 4203 8316
4169 4253 8422
4127 4169 8296
4092 4187 8279
4102 4121 8223
4187 4208 8395
4123 4176 8299
4105 4233 8338
4083 4137 8220
4129 4228 8357
4103 4127 8230
4137 4206 8343
3954 4156 8110
4017 4198 8215
3945 3955 7900
4036 4188 8224
4003 4167 8170
4034 4059 8093
3964 4275 8239
4084 4170 8254
4129 4137 8266
4074 4097 8171
4154 4213 8367
4017 4180 8197
4069 4119 8188
4260 4282 8542
4128 4177 8305
4080 4191 8271
4067 4119 8186
4091 4199 8290
4060 4119 8179
4032 4219 8251
3983 4122 8105
4087 4160 8247
4084 4181 8265
4092 4138 8230
4050 4225 8275
4113 4188 8301
3936 4159 8095
4162 4165 8327
3920 4016 7936
4106 4110 8216
4179 4289 8468
4123 4175 8298
3995 4153 8148
4171 4219 8390
4140 4208 8348
4035 4122 8157
3985 4212 8197
4092 4196 8288
4053 4128 8181
4160 4168 8328
4100 4231 8331
4038 4154 8192
4120 4177 8297
4017 4164 8181
4100 4198 8298
4279 4295 8574
4087 4123 8210
4086 4187 8273
3931 4106 8037
4002 4186 8188
4206 4252 8458
4226 4265 8491
4179 4200 8379
3910 4143 8053
4041 4223 8264
3925 4032 7957
4020 4069 8089
4260 4269 8529
4096 4286 8382
4022 4206 8228
3927 4169 8096
4180 4201 8381
4041 4231 8272
4103 4132 8235
4163 4238 8401
3984 4094 8078
4097 4190 8287
4077 4167 8244
4182 4288 8470
4133 4193 8326
4126 4134 8260
4122 4283 8405
4136 4247 8383
4110 4146 8256
4051 4137 8188
4186 4215 8401
4215 4233 8448
4052 4173 8225
4012 4125 8137
4059 4145 8204
4195 4218 8413
4155 4158 8313
4182 4234 8416
4015 4101 8116
4005 4253 8258
4105 4269 8374
4103 4124 8227
4045 4185 8230
4074 4154 8228
4061 4136 8197
4109 4184 8293
4098 4168 8266
4038 4110 8148
4240 4270 8510
4120 4183 8303
3977 4133 8110
4228 4286 8514
4193 4228 8421
4020 4148 8168
4097 4169 8266
4111 4221 8332
4171 4176 8347

4172 4190 8326
4191 4198 8388
4153 4192 8310
4110 4175 8278
4117 4178 8280
4161 4172 8311
4120 4162 8270
4045 4119 8139
4037 4123 8144
4174 4184 8330
4194 4196 8377
4099 4193 8274
4132 4145 8248
4043 4174 8200
4150 4190 8330
4069 4133 8198
4061 4171 8204
4098 4139 8200
4093 4190 8246
4138 4158 8260
4157 4180 8325
4163 4180 8317
4056 4120 8155
4062 4128 8165
4173 4192 8364
4081 4200 8254
4114 4191 8269
4005 4169 8136
4179 4193 8359
4166 4180 8337
4043 4052 8060
4198 4200 8380
4146 4162 8299
4120 4194 8276
4111 4154 8254
4187 4188 8371
4098 4127 8207
4118 4143 8244
4055 4066 8120
4132 4190 8307
4133 4192 8302
4176 4178 8324
4160 4197 8328
4195 4197 8370
4030 4070 8079
4170 4197 8354
4191 4196 8372
4191 4199 8385
4076 4097 8148
4163 4171 8306
4046 4120 8161
4051 4175 8210
4129 4175 8292
4118 4126 8242
4085 4131 8210
4058 4140 8188
4120 4139 8239
4015 4135 8148
4032 4129 8130
4184 4186 8359
4112 4158 8247
4163 4192 8345
4014 4183 8190
4019 4133 8129
4163 4164 8299
4162 4173 8314
4140 4158 8265
4033 4116 8131
4062 4162 8206
4040 4094 8100
4132 4154 8248
4188 4192 8341
4194 4199 8387
4007 4064 8066
4012 4177 8176
4115 4197 8292
4071 4092 8157
4149 4196 8324
4177 4188 8336
4157 4168 8303
4018 4023 8018
4003 4148 8131
4076 4111 8177
4162 4185 8342
4147 4194 8318
4108 4151 8223
4175 4195 8340
4053 4122 8153
4154 4185 8315
4190 4194 8363
4085 4119 8167
4113 4147 8255
4060 4073 8100
4077 4193 8235
4035 4068 8074
4157 4187 8308
4072 4184 8246
4018 4043 8046
4154 4199 8341
4087 4189 8258
4184 4196 8345
4166 4184 8335
4153 4162 8304
4184 4188 8369
4113 4117 8226
4161 4180 8323
4117 4171 8264
4176 4191 8365
4032 4114 8127
4137 4200 8323
4116 4184 8299
4147 4197 8331
4058 4190 8243
4078 4102 8158
4134 4170 8291
4100 4121 8214
4046 4199 8209
4097 4154 8241
4198 4199 8388
4094 4102 8170
4149 4168 8307
4106 4168 8266
4040 4067 8080
4025 4067 8086
4005 4105 8073
4031 4193 8221
4003 4109 8106
4040 4178 8208
4038 4198 8232
4182 4186 8350
4004 4052 8037
4180 4197 8363
4176 4196 8358
4009 4017 8022
4030 4171 8185
4018 4070 8078
4138 4183 8291
4086 4093 8167
4075 4120 8167
4156 4189 8342
4175 4197 8369
4143 4173 8308
4122 4130 8246
4145 4192 8328
4104 4115 8194
4092 4108 8185
4010 4079 8081
4101 4195 8275
4010 4105 8100
4181 4193 8352
4058 4186 8235
4145 4178 8287
4108 4137 8239
4016 4126 8114
4147 4149 8292
4054 4109 8153
4108 4115 8214
4002 4114 8096
4103 4128 8216
4073 4193 8237
4012 4076 8054
4120 4156 8252
4141 4195 8311
4184 4198 8349
4115 4117 8229
4054 4160 8202
4025 4066 8057
4080 4096 8160
4142 4153 8274
4043 4081 8108
4070 4105 8173
4186 4197 8382
4141 4195 8318
4162 4189 8323
4059 4145 8187
4124 4184 8271
4119 4194 8277
4150 4187 8329
4053 4103 8147
4167 4189 8334
4012 4196 8195
4043 4178 8194
4175 4187 8355
4171 4181 8319
4170 4186 8339
4068 4169 8209
4135 4142 8276
4157 4178 8330
4074 4157 8201
4156 4197 8324
4125 4177 8266
4099 4122 8187
4035 4139 8164
4121 4133 8221
4175 4185 8328
4065 4166 8205
4005 4070 8064
4143 4174 8293
4003 4152 8118
4113 4134 8211
4020 4023 8037
4069 4092 8134
4042 4102 8124
4059 4068 8126
4062 4179 8209
4062 4128 8166
4112 4147 8231
4174 4190 8340
4194 4200 8384
4000 4097 8080
4019 4057 8067
4177 4184 8330
4042 4152 8193
4111 4180 8276
4027 4085 8086
4025 4184 8180
4002 4049 8044
4091 4177 8249
4075 4198 8242
4055 4104 8153
4056 4168 8222
4099 4176 8253
4140 4155 8260
4032 4172 8179
4025 4108 8102
4121 4164 8260
4008 4106 8105
4013 4164 8159
4198 4200 8360
4030 4085 8093
4089 4188 8248
4110 4157 8254
4107 4160 8249
4123 4148 8261
4020 4157 8161
4160 4191 8345
4058 4194 8214
4138 4189 8296
4189 4197 8369
4121 4122 8226
4122 4148 8244
4089 4173 8257
4110 4135 8222
4197 4198 8366
4107 4141 8239
4132 4153 8281
4018 4104 8109
4082 4161 8224
4119 4159 8264
4188 4195 8363
4104 4119 8210
4006 4172 8161
4103 4191 8279
4007 4067 8059
4084 4169 8250
4187 4200 8358
4118 4189 8298
4024 4190 8210
4021 4079 8084
4087 4141 8218
4113 4162 8249
4123 4163 8270
4116 4139 8247
4041 4156 8167
4156 4177 8297
4036 4077 8077
4173 4191 8348
4169 4182 8328
4033 4184 8211
4193 4195 8352
4192 4199 8383
4017 4058 8066
4086 4192 8241
4097 4177 8239
4150 4168 8285
4073 4117 8168
4100 4157 8230
4034 4128 8129
4106 4127 8230
4134 4169 8298
4172 4189 8357
4008 4009 8007
4078 4190 8237
4175 4195 8344
4073 4195 8261
4059 4111 8161
4144 4151 8279
4040 4079 8113
4063 4114 8151
4045 4075 8106
4029 4135 8156
4190 4199 8362
4197 4200 8394
4006 4036 8007
4150 4190 8313
4097 4145 8238
4007 4094 8081
4135 4177 8277
4097 4199 8271
4088 4151 8208

0.010000 0.490000
