300
1777183
4230 4291 8521
4228 4252 8480
4032 4156 8188
4117 4203 8320
4165 4202 8367
4090 4095 8185
3985 4167 8152
4130 4201 8331
4188 4274 8462
4028 4213 8241
4118 4125 8243
4039 4166 8205
4128 4171 8299
4071 4225 8296
3978 4147 8125
4140 4187 8327
4141 4148 8289
4179 4227 8406
4180 4193 8373
4164 4176 8340
4093 4231 8324
4165 4182 8347
4111 4156 8267
4089 4191 8280
4190 4209 8399
4182 4264 8446
3966 4225 8191
4141 4165 8306
4163 4170 8333
4021 4205 8226
4013 4145 8158
3968 4155 8123
4118 4228 8346
4236 4240 8476
4088 4290 8378
4121 4125 8246
3982 4086 8068
4098 4121 8219
3976 4106 8082
4092 4190 8282
4091 4121 8212
4199 4262 8461
4197 4204 8401
4171 4214 8385
4029 4096 8125
4072 4217 8289
4075 4118 8193
4093 4260 8353
4174 4183 8357
4075 4108 8183
4066 4185 8251
4269 4273 8542
4215 4280 8495
4020 4216 8236
4035 4187 8222
4045 4198 8243
3987 4075 8062
4159 4220 8379
3972 4170 8142
4192 4223 8415
4187 4269 8456
4115 4148 8263
4169 4233 8402
4195 4292 8487
4240 4255 8495
4153 4167 8320
4089 4125 8214
4299 4300 8599
4094 4120 8214
3936 4179 8115
4185 4283 8468
4020 4264 8284
4089 4210 8299
4030 4148 8178
4215 4238 8453
4182 4224 8406
4084 4111 8195
4191 4235 8426
4011 4058 8069
4034 4037 8071
4008 4112 8120
4167 4174 8341
4128 4167 8295
4226 4285 8511
4151 4282 8433
4235 4272 8507
4118 4185 8303
4134 4179 8313
4187 4193 8380
4179 4267 8446
4071 4220 8291
3985 4153 8138
4114 4157 8271
4051 4176 8227
4184 4274 8458
4036 4151 8187
4150 4198 8348
4112 4219 8331
4105 4113 8218
4169 4273 8442
4036 4173 8209
4110 4199 8309
4044 4164 8208
4193 4235 8428
3973 3977 7950
4055 4233 8288
4083 4218 8301
4277 4289 8566
4041 4298 8339
4000 4272 8272
4037 4166 8203
4182 4189 8371
3990 4099 8089
4082 4190 8272
4052 4149 8201
4109 4210 8319
4248 4266 8514
4026 4250 8276
4110 4118 8228
4072 4109 8181
4094 4207 8301
4098 4141 8239
4047 4147 8194
3944 4240 8184
4125 4197 8322
4040 4235 8275
4089 4127 8216
4084 4128 8212
4096 4101 8197
3985 3987 7972
4066 4135 8201
4163 4217 8380
4064 4170 8234
4130 4174 8304
4125 4144 8269
4057 4132 8189
4137 4285 8422
4121 4144 8265
4030 4052 8082
4104 4165 8269
4111 4187 8298
4109 4208 8317
4149 4248 8397
4177 4189 8366
4104 4105 8209
4000 4157 8157
4021 4034 8055
4149 4196 8345
3963 4156 8119
4259 4284 8543
4155 4207 8362
4004 4157 8161
4031 4255 8286
3981 4090 8071
4152 4184 8336
4212 4249 8461
4044 4064 8108
4137 4192 8329
4239 4241 8480
4068 4220 8288
4076 4138 8214
4138 4147 8285
4080 4196 8276
4008 4068 8076
3920 4067 7987
3997 4120 8117
3994 4143 8137
4113 4202 8315
3933 4094 8027
4045 4175 8220
4005 4043 8048
4101 4136 8237
4102 4151 8253
4260 4277 8537
4081 4084 8165
4004 4027 8031
3981 4073 8054
4070 4177 8247
4113 4180 8293
4018 4078 8096
4036 4189 8225
4078 4229 8307
4099 4202 8301
4185 4197 8382
4202 4238 8440
4233 4250 8483
4156 4294 8450
4082 4161 8243
4240 4284 8524
4188 4204 8392
4055 4119 8174
4055 4062 8117
4121 4211 8332
4077 4220 8297
4167 4224 8391
4168 4212 8380
4111 4125 8236
3970 4125 8095
3994 4093 8087
4169 4207 8376
3965 4145 8110
4052 4156 8208
4048 4131 8179
4198 4199 8397
4082 4191 8273
4041 4231 8272
4120 4213 8333
3996 4140 8136
3975 4121 8096
4158 4168 8326
4032 4181 8213
4049 4109 8158
4178 4212 8390
4032 4093 8125
4104 4242 8346
4001 4185 8186
4107 4184 8291
4111 4134 8245
4128 4198 8326
4276 4281 8557
4227 4235 8462
4107 4128 8235
4176 4199 8375
3996 4142 8138
4150 4222 8372
4273 4275 8548
4159 4225 8384
4083 4115 8198
3993 4192 8185
4045 4151 8196
4022 4052 8074
4083 4153 8236
4085 4209 8294
4160 4163 8323
4021 4081 8102
4148 4207 8355
3991 4130 8121
4012 4014 8026
4069 4213 8282
3983 4127 8110
4000 4060 8060
4051 4171 8222
4057 4148 8205
4177 4179 8356
4065 4199 8264
4158 4274 8432
4105 4247 8352
4086 4189 8275
4195 4224 8419
4129 4188 8317
4119 4202 8321
4179 4229 8408
4109 4210 8319
4111 4190 8301
3953 4099 8052
4100 4186 8286
4113 4211 8324
4204 4246 8450
4107 4130 8237
4051 4257 8308
4105 4177 8282
4020 4072 8092
3909 4106 8015
4176 4233 8409
4093 4107 8200
4152 4248 8400
4064 4133 8197
4117 4196 8313
4234 4252 8486
4079 4139 8218
4006 4168 8174
4029 4258 8287
3983 4006 7989
4022 4152 8174
4133 4217 8350
4035 4217 8252
4221 4252 8473
4118 4261 8379
4137 4228 8365
4262 4271 8533
4005 4191 8196
4230 4248 8478
4070 4076 8146
4181 4250 8431
4180 4267 8447
4127 4178 8305
4040 4115 8155
4083 4242 8325
4019 4093 8112
4159 4281 8440
4038 4186 8224
4208 4245 8453
4033 4122 8155
4232 4272 8504
4167 4235 8402
4071 4152 8223
4181 4241 8422
4140 4223 8363
4069 4135 8204
4230 4267 8497

4182 4197 8347
4141 4154 8270
4092 4171 8247
4070 4188 8239
4193 4198 8374
4080 4101 8165
4061 4091 8126
4066 4152 8186
4141 4194 8298
4015 4124 8119
4110 4156 8262
4077 4149 8198
4067 4078 8141
4169 4185 8350
4064 4065 8124
4080 4129 8176
4103 4145 8225
4134 4178 8300
4182 4198 8357
4175 4177 8317
4113 4156 8256
4163 4185 8326
4068 4105 8159
4119 4126 8216
4116 4135 8225
4164 4165 8297
4054 4168 8187
4159 4179 8322
4091 4105 8166
4110 4139 8226
4052 4146 8197
4064 4172 8202
4119 4182 8273
4143 4145 8276
4135 4192 8303
4025 4027 8034
4066 4091 8154
4172 4190 8332
4074 4104 8147
4091 4110 8195
4063 4157 8191
4168 4174 8328
4135 4176 8289
4128 4162 8282
4120 4150 8260
4086 4194 8263
4115 4131 8238
4183 4200 8368
4092 4110 8174
4047 4106 8150
4130 4177 8298
4172 4194 8359
4189 4191 8349
4060 4195 8234
4055 4147 8185
4072 4149 8218
4030 4037 8063
4094 4139 8222
4041 4097 8127
4119 4175 8283
4126 4181 8275
4124 4146 8259
4170 4182 8345
4099 4198 8273
4180 4189 8351
4058 4076 8103
4012 4048 8058
4199 4200 8372
4117 4144 8250
4012 4157 8140
4189 4195 8363
4104 4199 8288
4025 4133 8150
4028 4073 8098
4192 4197 8383
4145 4162 8277
4157 4163 8284
4120 4165 8283
4034 4116 8117
4025 4062 8075
4020 4082 8100
4143 4189 8307
4057 4140 8172
4196 4197 8380
4192 4199 8388
4178 4188 8362
4029 4115 8120
4121 4122 8235
4118 4190 8275
4143 4173 8303
4117 4189 8284
4085 4172 8244
4103 4156 8247
4016 4080 8085
4165 4176 8306
4079 4173 8225
4100 4182 8250
4154 4182 8297
4017 4160 8149
4173 4190 8330
4104 4105 8181
4152 4169 8292
4128 4150 8254
4156 4178 8309
4027 4034 8058
4050 4157 8169
4140 4160 8275
4178 4192 8344
4134 4199 8307
4097 4194 8256
4041 4176 8179
4158 4166 8309
4090 4198 8258
4096 4149 8229
4013 4091 8079
4058 4187 8217
4168 4187 8351
4053 4180 8222
4026 4049 8070
4124 4194 8300
4060 4117 8162
4023 4045 8055
4081 4191 8260
4009 4170 8159
4149 4162 8299
4012 4199 8190
4063 4150 8182
4171 4190 8338
4024 4062 8085
4021 4026 8032
4103 4169 8248
4186 4190 8360
4160 4168 8311
4154 4176 8316
4138 4174 8298
4020 4137 8119
4080 4187 8248
4125 4136 8243
4082 4119 8185
4045 4118 8140
4026 4090 8086
4132 4180 8292
4161 4180 8315
4116 4131 8220
4100 4109 8195
4017 4182 8170
4102 4115 8192
4091 4102 8161
4008 4126 8109
4191 4198 8375
4124 4177 8269
4059 4082 8122
4039 4200 8222
4004 4184 8177
4166 4186 8341
4157 4183 8324
4081 4097 8150
4085 4191 8241
4165 4167 8314
4053 4177 8225
4028 4038 8062
4197 4198 8389
4175 4189 8347
4062 4096 8126
4019 4042 8036
4079 4106 8157
4042 4092 8108
4040 4119 8127
4033 4121 8132
4050 4158 8193
4082 4088 8169
4110 4141 8223
4174 4191 8364
4186 4189 8343
4104 4173 8240
4009 4127 8099
4012 4137 8140
4063 4077 8131
4143 4164 8299
4060 4113 8170
4120 4191 8288
4080 4173 8241
4037 4190 8189
4137 4146 8261
4124 4195 8285
4166 4177 8330
4194 4198 8365
4105 4190 8284
4199 4200 8395
4132 4156 8249
4036 4037 8071
4039 4078 8093
4053 4114 8138
4081 4134 8207
4142 4181 8316
4070 4126 8161
4116 4125 8237
4040 4104 8130
4009 4169 8145
4118 4134 8227
4039 4062 8063
4103 4142 8228
4021 4046 8047
4099 4139 8209
4046 4135 8169
4133 4199 8322
4110 4120 8219
4042 4164 8205
4028 4127 8144
4171 4200 8349
4055 4174 8196
4030 4064 8088
4199 4200 8365
4056 4093 8118
4190 4195 8369
4017 4188 8175
4101 4150 8235
4098 4106 8168
4194 4196 8369
4188 4192 8360
4192 4197 8357
4072 4196 8266
4138 4189 8311
4049 4194 8233
4103 4147 8213
4191 4200 8377
4077 4133 8173
4033 4041 8068
4086 4093 8145
4065 4135 8175
4012 4036 8036
4174 4190 8342
4006 4120 8124
4161 4162 8316
4010 4025 8000
4090 4110 8190
4013 4040 8038
4022 4114 8108
4146 4157 8264
4055 4150 8180
4073 4109 8173
4018 4152 8145
4019 4066 8068
4100 4200 8261
4159 4169 8291
4191 4196 8382
4056 4158 8179
4178 4199 8370
4163 4170 8330
4176 4187 8353
4057 4131 8157
4115 4166 8257
4160 4165 8311
4124 4153 8265
4002 4044 8019
4067 4132 8186
4057 4137 8169
4110 4169 8250
4177 4191 8336
4106 4194 8295
4020 4085 8073
4035 4165 8197
4000 4031 8027
4130 4171 8294
4006 4094 8062
4144 4150 8279
4135 4156 8259
4050 4096 8110
4164 4166 8307
4091 4128 8185
4011 4083 8068
4015 4199 8176
4008 4098 8080
4036 4068 8076
4044 4144 8158
4071 4185 8251
4159 4191 8340
4138 4191 8316
4135 4199 8331
4174 4175 8325
4055 4156 8177
4138 4154 8285
4156 4173 8312
4183 4190 8349
4174 4197 8369
4123 4178 8279
4057 4082 8106
4178 4179 8356
4066 4193 8228
4170 4192 8329
4005 4140 8117
4169 4178 8344
4131 4136 8245
4187 4193 8358
4151 4159 8285
4142 4155 8266
4159 4165 8296
4107 4125 8193
4078 4135 8194
4180 4187 8343

0.010000 0.720000
