300
987427
4096 4190 8286
4042 4146 8188
4038 4164 8202
4110 4198 8308
4070 4174 8244
4089 4169 8258
4201 4219 8420
4133 4278 8411
4010 4168 8178
4165 4267 8432
4051 4105 8156
3972 4041 8013
4185 4219 8404
4190 4285 8475
3984 3990 7974
4185 4194 8379
4004 4056 8060
4092 4250 8342
4139 4154 8293
4100 4133 8233
4152 4224 8376
4259 4267 8526
4154 4230 8384
4032 4158 8190
4026 4125 8151
4022 4106 8128
3990 4085 8075
4022 4088 8110
4226 4229 8455
4178 4222 8400
4165 4232 8397
3975 4075 8050
4167 4197 8364
4218 4219 8437
4239 4281 8520
4247 4266 8513
4178 4228 8406
3968 4185 8153
4000 4275 8275
4091 4273 8364
4205 4278 8483
4211 4266 8477
4100 4108 8208
4014 4020 8034
3967 4135 8102
4099 4256 8355
4294 4297 8591
4067 4085 8152
4081 4104 8185
4012 4043 8055
4092 4167 8259
4110 4133 8243
4157 4167 8324
4026 4189 8215
4077 4084 8161
4215 4284 8499
4103 4250 8353
4094 4178 8272
4159 4229 8388
4106 4196 8302
4119 4249 8368
4059 4095 8154
4097 4132 8229
4168 4228 8396
4088 4274 8362
3951 4085 8036
4232 4278 8510
4072 4173 8245
4064 4086 8150
4045 4223 8268
4092 4111 8203
4053 4076 8129
4196 4202 8398
4075 4103 8178
4135 4156 8291
4040 4061 8101
4011 4152 8163
4244 4280 8524
4106 4195 8301
4036 4214 8250
4017 4272 8289
4020 4054 8074
3977 4023 8000
3981 4173 8154
4056 4144 8200
4077 4093 8170
4177 4186 8363
3970 4116 8086
3960 4217 8177
4082 4223 8305
4242 4260 8502
4026 4215 8241
4100 4163 8263
3956 4130 8086
4106 4184 8290
4155 4238 8393
4266 4292 8558
4181 4214 8395
4061 4094 8155
3919 4216 8135
3954 4172 8126
4029 4101 8130
4060 4076 8136
4153 4239 8392
3976 4130 8106
4122 4258 8380
4048 4060 8108
4117 4223 8340
3991 4225 8216
4099 4105 8204
3981 4213 8194
4282 4291 8573
4017 4159 8176
4110 4113 8223
4140 4263 8403
4130 4148 8278
4150 4256 8406
4186 4247 8433
4181 4282 8463
3965 4122 8087
4188 4216 8404
4153 4245 8398
4004 4256 8260
4070 4073 8143
3989 4064 8053
4203 4255 8458
3985 4104 8089
4068 4191 8259
4129 4134 8263
4174 4232 8406
4077 4274 8351
4263 4277 8540
4046 4070 8116
4141 4197 8338
3993 4076 8069
4118 4251 8369
3982 4254 8236
4116 4136 8252
4114 4168 8282
4002 4103 8105
4047 4118 8165
4039 4201 8240
4215 4216 8431
4132 4165 8297
4183 4254 8437
4171 4268 8439
4076 4092 8168
4117 4132 8249
4094 4131 8225
3980 4185 8165
3996 4048 8044
4088 4128 8216
4269 4294 8563
3984 4065 8049
3982 4202 8184
4119 4242 8361
4093 4146 8239
4120 4166 8286
4269 4270 8539
4297 4299 8596
4081 4226 8307
4016 4129 8145
4118 4155 8273
4239 4242 8481
4039 4127 8166
4156 4186 8342
4103 4274 8377
4053 4144 8197
3956 4190 8146
4001 4084 8085
4178 4212 8390
4019 4110 8129
4095 4112 8207
4046 4132 8178
4087 4234 8321
4106 4148 8254
4260 4295 8555
4159 4201 8360
4096 4119 8215
4096 4268 8364
4063 4183 8246
4146 4167 8313
4104 4254 8358
4031 4052 8083
3959 4232 8191
4165 4253 8418
3908 4106 8014
4137 4216 8353
4073 4179 8252
4048 4260 8308
3997 4036 8033
3999 4046 8045
4076 4223 8299
4151 4179 8330
4090 4286 8376
4252 4265 8517
4182 4187 8369
4115 4149 8264
4132 4273 8405
4057 4066 8123
4108 4247 8355
4244 4286 8530
4091 4137 8228
4155 4257 8412
4135 4177 8312
4161 4207 8368
4170 4231 8401
4149 4201 8350
4164 4212 8376
4156 4214 8370
3953 4017 7970
4069 4201 8270
4116 4174 8290
4132 4186 8318
4171 4230 8401
4167 4183 8350
4042 4262 8304
4051 4080 8131
4161 4202 8363
3954 4042 7996
3903 4179 8082
4072 4161 8233
4008 4074 8082
4238 4243 8481
4166 4194 8360
4169 4227 8396
4235 4286 8521
4118 4173 8291
4136 4217 8353
4012 4114 8126
4135 4256 8391
4038 4132 8170
4056 4211 8267
3978 4137 8115
4111 4189 8300
4175 4225 8400
3970 4072 8042
4068 4234 8302
4065 4080 8145
4023 4108 8131
4116 4194 8310
4077 4091 8168
4100 4178 8278
4089 4177 8266
4098 4193 8291
4057 4181 8238
4041 4206 8247
3996 4123 8119
3975 4214 8189
4271 4280 8551
4160 4210 8370
4188 4239 8427
4097 4250 8347
4203 4227 8430
3923 3980 7903
4278 4284 8562
3956 4195 8151
4030 4143 8173
4243 4258 8501
4172 4296 8468
4195 4255 8450
4178 4198 8376
4104 4263 8367
4270 4272 8542
4028 4135 8163
4106 4272 8378
4027 4106 8133
4085 4190 8275
4095 4125 8220
4185 4270 8455
4054 4135 8189
4128 4143 8271
4084 4164 8248
3941 4146 8087
4152 4231 8383
4167 4177 8344
3981 4172 8153
4112 4152 8264
4129 4133 8262
4067 4215 8282
4078 4126 8204
4021 4130 8151
4106 4175 8281
4223 4281 8504
4277 4297 8574
4041 4152 8193
4128 4134 8262
3961 4223 8184
4146 4189 8335
3990 4115 8105
4129 4275 8404
4060 4097 8157
4125 4206 8331
4216 4220 8436
4102 4145 8247
3949 4102 8051
4090 4106 8196
4140 4243 8383
4056 4069 8125
4001 4018 8019

4134 4136 8242
4064 4066 8093
4025 4066 8065
4115 4121 8220
4078 4093 8166
4016 4136 8125
4104 4188 8266
4135 4196 8319
4069 4097 8160
4115 4181 8276
4070 4099 8162
4061 4070 8118
4141 4148 8287
4164 4195 8320
4040 4072 8100
4133 4168 8299
4028 4136 8142
4179 4180 8337
4079 4149 8219
4081 4154 8198
4161 4185 8327
4165 4192 8351
4168 4178 8322
4034 4075 8072
4045 4122 8154
4115 4183 8279
4056 4102 8137
4092 4101 8174
4185 4189 8342
4114 4166 8277
4078 4167 8209
4001 4094 8058
4128 4158 8261
4143 4147 8286
4148 4185 8312
4151 4197 8328
4114 4194 8272
4066 4168 8221
4051 4189 8235
4183 4199 8353
4173 4190 8324
4139 4187 8289
4071 4104 8139
4005 4069 8065
4011 4173 8180
4177 4194 8364
4199 4200 8385
4025 4078 8084
4011 4022 8011
4028 4141 8149
4006 4140 8123
4120 4165 8262
4180 4190 8341
4116 4128 8224
4116 4121 8208
4138 4195 8315
4179 4191 8334
4141 4175 8305
4095 4134 8192
4071 4116 8151
4125 4162 8253
4038 4109 8144
4180 4200 8351
4097 4146 8232
4083 4180 8245
4050 4151 8182
4170 4194 8355
4140 4168 8284
4137 4138 8260
4038 4192 8205
4070 4187 8236
4128 4136 8242
4151 4163 8294
4009 4038 8044
4100 4147 8238
4122 4132 8253
4102 4174 8248
4183 4199 8380
4167 4188 8353
4029 4144 8160
4006 4185 8160
4087 4091 8173
4006 4016 7994
4064 4112 8143
4014 4107 8110
4016 4019 8012
4159 4172 8309
4007 4138 8114
4009 4159 8152
4122 4132 8221
4164 4193 8336
4020 4187 8190
4125 4179 8273
4013 4078 8053
4175 4176 8317
4186 4196 8371
4186 4197 8357
4141 4184 8314
4078 4091 8166
4012 4126 8116
4050 4167 8205
4070 4092 8134
4075 4124 8170
4130 4150 8242
4010 4078 8054
4071 4186 8256
4120 4157 8268
4197 4198 8389
4049 4155 8186
4197 4200 8358
4054 4134 8179
4192 4193 8361
4028 4104 8125
4194 4197 8364
4137 4186 8309
4131 4184 8297
4199 4200 8397
4172 4193 8359
4191 4197 8364
4053 4137 8156
4141 4186 8289
4075 4152 8205
4022 4168 8178
4059 4142 8191
4031 4059 8071
4116 4179 8287
4032 4141 8170
4009 4189 8194
4190 4198 8356
4124 4170 8270
4021 4198 8203
4190 4197 8354
4143 4161 8290
4142 4158 8270
4064 4098 8141
4100 4175 8242
4055 4195 8217
4149 4188 8325
4154 4179 8316
4032 4152 8170
4026 4092 8093
4109 4163 8262
4147 4184 8328
4188 4200 8370
4176 4182 8355
4152 4188 8308
4073 4083 8126
4058 4105 8140
4129 4144 8239
4037 4157 8158
4015 4027 8028
4017 4063 8059
4199 4200 8380
4066 4159 8203
4044 4155 8168
4122 4150 8256
4009 4109 8109
4163 4176 8335
4173 4179 8313
4197 4200 8393
4119 4180 8282
4024 4170 8170
4042 4152 8174
4198 4199 8375
4095 4103 8172
4089 4106 8161
4196 4198 8382
4082 4141 8204
4008 4168 8162
4077 4114 8165
4081 4166 8230
4071 4198 8264
4036 4072 8083
4000 4042 8033
4153 4174 8313
4036 4075 8073
4175 4197 8354
4059 4185 8230
4006 4028 8003
4010 4174 8168
4054 4108 8143
4083 4169 8231
4198 4200 8381
4007 4033 8035
4027 4199 8190
4097 4160 8222
4004 4068 8058
4070 4179 8248
4168 4200 8362
4115 4177 8286
4030 4128 8141
4005 4085 8066
4145 4171 8289
4128 4198 8325
4153 4200 8338
4171 4200 8346
4094 4098 8189
4054 4150 8182
4195 4199 8391
4058 4079 8126
4109 4168 8257
4188 4198 8348
4068 4103 8133
4144 4179 8289
4038 4123 8157
4092 4144 8228
4070 4140 8208
4121 4149 8238
4113 4142 8252
4109 4139 8220
4032 4068 8068
4094 4137 8207
4130 4156 8280
4132 4175 8269
4075 4155 8220
4165 4186 8319
4041 4187 8210
4056 4061 8082
4094 4108 8170
4045 4058 8081
4003 4177 8143
4009 4157 8153
4029 4167 8178
4157 4176 8306
4118 4131 8232
4131 4184 8290
4188 4195 8372
4050 4089 8111
4168 4174 8325
4112 4193 8286
4132 4157 8278
4033 4178 8179
4089 4186 8253
4074 4177 8241
4169 4173 8308
4116 4159 8247
4025 4146 8149
4002 4140 8120
4073 4081 8148
4077 4089 8152
4160 4163 8305
4039 4142 8160
4125 4147 8235
4033 4122 8150
4187 4196 8367
4022 4094 8110
4091 4115 8205
4040 4129 8147
4023 4161 8162
4182 4199 8360
4199 4200 8389
4191 4197 8382
4062 4197 8224
4187 4199 8359
4006 4056 8047
4184 4193 8353
4048 4110 8123
4013 4081 8082
4145 4172 8297
4129 4200 8293
4143 4178 8316
4195 4200 8384
4148 4183 8323
4178 4184 8329
4011 4078 8072
4008 4172 8151
4084 4120 8202
4182 4196 8372
4013 4046 8033
4195 4199 8386
4097 4167 8239
4063 4189 8241
4183 4193 8351
4033 4144 8145
4157 4180 8303
4093 4124 8193
4049 4121 8146
4184 4197 8361
4045 4062 8103
4063 4156 8193
4083 4147 8219
4030 4087 8087
4196 4197 8378
4153 4200 8342
4199 4200 8383
4094 4119 8197
4065 4095 8125
4061 4168 8191
4089 4177 8255
4019 4199 8204
4187 4195 8359
4090 4195 8259
4189 4199 8356
4121 4129 8224
4061 4151 8180
4020 4034 8024
4161 4188 8338
4118 4182 8285
4130 4162 8271
4062 4104 8141

0.010000 0.400000
