300
1630643
4101 4124 8225
4178 4220 8398
4103 4160 8263
4099 4101 8200
4148 4190 8338
4218 4290 8508
4151 4186 8337
3976 4143 8119
4040 4221 8261
4007 4215 8222
4136 4198 8334
3989 4017 8006
4156 4264 8420
4209 4262 8471
4181 4275 8456
4184 4267 8451
4003 4189 8192
4201 4202 8403
4052 4191 8243
3980 4070 8050
3975 4145 8120
4241 4264 8505
4201 4241 8442
4213 4248 8461
3934 4005 7939
4114 4223 8337
4215 4253 8468
4123 4194 8317
3947 4134 8081
4055 4083 8138
4058 4172 8230
4099 4249 8348
4101 4249 8350
4023 4131 8154
4100 4265 8365
4211 4221 8432
4097 4238 8335
4160 4188 8348
4071 4109 8180
4142 4229 8371
4119 4187 8306
4055 4196 8251
4096 4199 8295
4061 4172 8233
3942 4168 8110
4125 4201 8326
4002 4149 8151
3938 4163 8101
3988 4129 8117
4083 4102 8185
4109 4158 8267
4183 4271 8454
3946 4102 8048
4098 4199 8297
4129 4155 8284
4048 4148 8196
4105 4165 8270
4166 4279 8445
4077 4081 8158
4175 4292 8467
4176 4193 8369
4102 4142 8244
4111 4141 8252
4142 4215 8357
4113 4190 8303
3977 4044 8021
4020 4278 8298
4187 4188 8375
4010 4216 8226
4054 4193 8247
4038 4183 8221
4115 4127 8242
3993 4002 7995
4159 4173 8332
4106 4130 8236
4236 4263 8499
4047 4093 8140
4185 4289 8474
3936 4123 8059
4041 4086 8127
4190 4269 8459
4210 4220 8430
4194 4251 8445
4161 4190 8351
4171 4197 8368
4209 4274 8483
4090 4223 8313
4048 4161 8209
4127 4191 8318
4038 4249 8287
3946 4037 7983
3993 4016 8009
4067 4195 8262
4194 4202 8396
4131 4227 8358
4151 4236 8387
4117 4161 8278
4189 4209 8398
4251 4288 8539
4025 4091 8116
4195 4208 8403
4107 4215 8322
4261 4278 8539
4099 4287 8386
4026 4164 8190
3972 4066 8038
4083 4178 8261
4017 4094 8111
4136 4205 8341
4156 4191 8347
4214 4242 8456
4109 4276 8385
4244 4275 8519
4042 4156 8198
4089 4099 8188
4190 4194 8384
4030 4133 8163
4185 4229 8414
4126 4294 8420
4157 4228 8385
4035 4139 8174
4136 4249 8385
4070 4295 8365
3961 4221 8182
4111 4152 8263
4189 4230 8419
4108 4298 8406
4041 4170 8211
4061 4066 8127
4100 4207 8307
4166 4217 8383
4119 4209 8328
4133 4137 8270
4016 4217 8233
4104 4283 8387
4170 4203 8373
4119 4158 8277
4073 4085 8158
4113 4243 8356
4186 4194 8380
4222 4287 8509
4097 4109 8206
4095 4169 8264
4240 4245 8485
4122 4136 8258
4103 4148 8251
4060 4256 8316
4091 4192 8283
4176 4265 8441
3959 4190 8149
4159 4176 8335
4066 4134 8200
4245 4261 8506
4013 4101 8114
4204 4215 8419
4025 4047 8072
4174 4242 8416
4114 4214 8328
4099 4191 8290
4047 4186 8233
3977 4100 8077
4078 4165 8243
3970 4191 8161
4107 4260 8367
4063 4169 8232
4133 4239 8372
4011 4265 8276
3987 4087 8074
4100 4187 8287
4025 4161 8186
4116 4255 8371
4156 4166 8322
4114 4152 8266
4202 4212 8414
4176 4177 8353
4179 4221 8400
4015 4078 8093
4229 4264 8493
4003 4231 8234
4000 4133 8133
4025 4291 8316
3993 4071 8064
4016 4111 8127
4102 4196 8298
4072 4159 8231
4070 4136 8206
3927 4254 8181
4012 4161 8173
4090 4097 8187
4088 4131 8219
4278 4298 8576
4092 4132 8224
4140 4150 8290
4174 4279 8453
4173 4234 8407
3936 4235 8171
4035 4162 8197
4133 4239 8372
4231 4263 8494
4069 4108 8177
4146 4196 8342
4023 4260 8283
4192 4264 8456
4078 4186 8264
4163 4183 8346
4029 4085 8114
4138 4183 8321
4028 4051 8079
4085 4108 8193
4268 4270 8538
4098 4112 8210
4211 4233 8444
4160 4165 8325
4117 4165 8282
4118 4209 8327
4077 4080 8157
4243 4277 8520
4115 4131 8246
4224 4247 8471
4193 4211 8404
4154 4174 8328
4193 4220 8413
4156 4246 8402
4138 4251 8389
4088 4116 8204
4182 4283 8465
4131 4227 8358
4035 4047 8082
4084 4147 8231
3957 4188 8145
4004 4071 8075
4240 4251 8491
4097 4214 8311
4267 4282 8549
4077 4105 8182
4194 4201 8395
4016 4153 8169
4018 4153 8171
4060 4183 8243
4061 4166 8227
4115 4130 8245
4193 4228 8421
4182 4239 8421
3954 4141 8095
4073 4104 8177
4136 4153 8289
4031 4044 8075
4014 4035 8049
4116 4145 8261
4119 4157 8276
4234 4281 8515
4033 4104 8137
4255 4286 8541
3975 4125 8100
4074 4163 8237
4046 4143 8189
4087 4173 8260
3956 4063 8019
4029 4038 8067
4166 4186 8352
3986 4250 8236
4186 4253 8439
4134 4153 8287
4129 4137 8266
4204 4272 8476
4104 4216 8320
4005 4195 8200
3982 4042 8024
4030 4207 8237
4058 4150 8208
4149 4249 8398
4143 4203 8346
3973 4077 8050
4043 4209 8252
4014 4044 8058
4240 4247 8487
4104 4118 8222
4011 4218 8229
4118 4227 8345
4116 4158 8274
4185 4210 8395
4125 4242 8367
4126 4258 8384
4053 4084 8137
3998 4237 8235
3963 4077 8040
4096 4187 8283
4112 4135 8247
4098 4148 8246
4061 4072 8133
4008 4239 8247
4124 4259 8383
3938 3978 7916
4194 4240 8434
4104 4252 8356
4117 4151 8268
4119 4273 8392
4113 4197 8310
4031 4073 8104
4202 4282 8484

4164 4186 8346
4088 4200 8282
4117 4161 8276
4181 4192 8370
4189 4195 8375
4153 4197 8333
4144 4147 8285
4040 4184 8190
4121 4159 8261
4065 4184 8240
4047 4148 8167
4031 4068 8061
4097 4187 8247
4174 4184 8344
4182 4194 8372
4160 4172 8298
4060 4123 8180
4188 4192 8364
4029 4185 8187
4017 4065 8065
4051 4121 8146
4154 4167 8302
4159 4162 8305
4146 4151 8275
4021 4058 8051
4143 4186 8295
4160 4185 8327
4070 4123 8184
4038 4083 8097
4044 4048 8068
4037 4115 8128
4151 4177 8301
4173 4179 8329
4119 4144 8243
4113 4190 8277
4134 4144 8258
4074 4171 8221
4145 4161 8270
4166 4190 8324
4107 4193 8269
4140 4186 8306
4154 4189 8312
4054 4128 8146
4103 4177 8271
4015 4103 8109
4043 4151 8161
4021 4185 8186
4020 4111 8098
4081 4092 8172
4074 4136 8205
4103 4149 8230
4145 4172 8286
4022 4074 8066
4081 4178 8240
4185 4197 8372
4136 4186 8301
4039 4165 8197
4193 4197 8368
4110 4118 8211
4186 4197 8369
4080 4112 8168
4110 4126 8207
4095 4154 8214
4156 4175 8300
4117 4176 8276
4035 4113 8129
4059 4198 8226
4101 4106 8170
4101 4155 8219
4136 4140 8256
4013 4156 8141
4173 4193 8339
4001 4093 8078
4109 4145 8235
4094 4135 8198
4163 4178 8316
4015 4164 8155
4114 4196 8277
4013 4199 8194
4121 4141 8249
4152 4182 8319
4191 4198 8381
4113 4175 8253
4150 4170 8286
4192 4194 8381
4113 4197 8280
4079 4167 8244
4074 4187 8251
4132 4154 8266
4104 4182 8272
4002 4057 8051
4066 4074 8129
4063 4175 8233
4168 4192 8349
4133 4146 8240
4192 4197 8354
4160 4178 8304
4115 4158 8249
4170 4190 8321
4040 4050 8082
4109 4124 8212
4185 4195 8361
4180 4186 8357
4194 4196 8352
4066 4093 8147
4035 4056 8065
4082 4098 8172
4012 4030 8010
4131 4137 8252
4094 4193 8277
4147 4156 8300
4184 4185 8338
4176 4192 8335
4032 4099 8130
4006 4011 7993
4096 4110 8195
4093 4126 8187
4186 4193 8358
4192 4194 8370
4124 4168 8268
4052 4063 8109
4112 4171 8269
4149 4199 8328
4026 4183 8190
4057 4063 8112
4192 4199 8352
4196 4198 8389
4098 4133 8194
4143 4147 8288
4103 4166 8247
4164 4171 8322
4161 4183 8321
4045 4055 8075
4044 4197 8239
4193 4195 8380
4139 4151 8266
4166 4190 8348
4083 4147 8225
4144 4157 8263
4183 4192 8364
4170 4187 8334
4037 4167 8174
4114 4115 8210
4199 4200 8388
4116 4134 8217
4051 4093 8142
4070 4169 8233
4088 4135 8208
4186 4198 8362
4003 4161 8148
4060 4093 8135
4127 4186 8279
4199 4200 8361
4067 4078 8130
4117 4131 8226
4066 4129 8171
4176 4190 8364
4127 4151 8240
4100 4110 8188
4118 4187 8273
4024 4173 8179
4020 4070 8057
4028 4166 8161
4116 4200 8282
4143 4147 8251
4133 4195 8325
4045 4190 8234
4082 4093 8158
4162 4183 8306
4081 4123 8188
4146 4196 8323
4060 4093 8143
4189 4194 8360
4176 4199 8357
4193 4199 8372
4142 4160 8275
4075 4160 8233
4166 4174 8306
4085 4143 8222
4051 4103 8153
4043 4200 8242
4075 4120 8160
4013 4128 8139
4195 4196 8373
4094 4170 8241
4147 4174 8315
4014 4191 8195
4047 4076 8113
4107 4184 8262
4050 4070 8116
4199 4200 8384
4081 4101 8169
4102 4175 8249
4080 4182 8230
4178 4190 8365
4001 4151 8117
4053 4090 8129
4064 4187 8236
4153 4182 8302
4086 4138 8201
4109 4116 8191
4115 4174 8279
4137 4178 8291
4028 4117 8111
4119 4157 8240
4040 4088 8109
4139 4198 8330
4022 4101 8104
4095 4102 8172
4191 4200 8387
4030 4056 8052
4186 4199 8374
4125 4157 8264
4068 4129 8179
4127 4167 8271
4120 4147 8239
4156 4188 8338
4027 4046 8038
4160 4171 8312
4135 4176 8291
4088 4092 8144
4126 4130 8244
4121 4173 8258
4083 4198 8247
4165 4199 8325
4150 4190 8318
4179 4196 8353
4006 4026 8028
4103 4166 8263
4050 4194 8208
4086 4114 8193
4188 4191 8340
4186 4190 8338
4170 4189 8344
4014 4021 8005
4139 4190 8298
4075 4156 8211
4098 4173 8250
4132 4174 8288
4088 4109 8184
4027 4070 8077
4120 4168 8280
4153 4194 8321
4042 4174 8206
4095 4198 8280
4049 4082 8103
4047 4059 8088
4005 4123 8093
4045 4068 8101
4052 4060 8107
4198 4200 8386
4001 4023 8007
4175 4199 8338
4019 4055 8069
4053 4194 8243
4118 4195 8298
4077 4088 8129
4032 4054 8067
4060 4062 8108
4182 4190 8359
4033 4173 8190
4169 4189 8349
4114 4177 8279
4049 4057 8081
4131 4188 8316
4033 4145 8150
4090 4110 8176
4054 4137 8188
4103 4150 8238
4029 4109 8116
4173 4194 8349
4125 4126 8225
4021 4065 8077
4132 4179 8299
4008 4138 8142
4152 4174 8314
4139 4147 8259
4089 4180 8265
4178 4188 8332
4078 4161 8218
4190 4195 8383
4059 4193 8226
4150 4181 8312
4145 4168 8308
4003 4198 8190
4040 4172 8199
4021 4164 8156
4197 4200 8375
4116 4127 8221
4125 4133 8249
4081 4169 8212
4181 4200 8360
4006 4048 8024
4099 4142 8212
4121 4171 8280
4022 4064 8067
4195 4196 8386
4040 4135 8166
4004 4133 8104
4176 4194 8331

0.010000 0.660000
