300
1532185
4085 4197 8282
3991 4203 8194
4100 4127 8227
4171 4185 8356
3919 4106 8025
4097 4205 8302
3998 4104 8102
4186 4232 8418
4097 4142 8239
4063 4082 8145
4148 4160 8308
4101 4115 8216
4235 4240 8475
4023 4086 8109
4207 4254 8461
4051 4112 8163
4022 4208 8230
4159 4277 8436
4027 4086 8113
4071 4262 8333
4102 4215 8317
4248 4257 8505
4026 4086 8112
4021 4053 8074
4029 4109 8138
4108 4137 8245
4044 4083 8127
4132 4164 8296
4064 4084 8148
4098 4193 8291
3984 4179 8163
4196 4215 8411
4159 4209 8368
4234 4275 8509
4126 4238 8364
4117 4250 8367
4030 4234 8264
4213 4215 8428
4097 4222 8319
4049 4169 8218
4111 4200 8311
4135 4204 8339
4194 4206 8400
4066 4089 8155
4181 4198 8379
4006 4086 8092
4227 4274 8501
4038 4155 8193
4131 4155 8286
4177 4186 8363
4226 4279 8505
4080 4128 8208
4094 4101 8195
4018 4097 8115
4168 4230 8398
4147 4290 8437
4151 4190 8341
3915 4012 7927
3986 4183 8169
4260 4264 8524
4202 4229 8431
4028 4156 8184
4245 4276 8521
4213 4252 8465
4130 4191 8321
4021 4076 8097
4226 4245 8471
4005 4106 8111
4034 4043 8077
4019 4160 8179
4049 4098 8147
4070 4198 8268
3940 4096 8036
4203 4282 8485
4039 4218 8257
4102 4103 8205
4179 4223 8402
4206 4218 8424
4147 4179 8326
3989 4134 8123
4078 4213 8291
4187 4209 8396
4032 4085 8117
4220 4273 8493
4100 4141 8241
4063 4086 8149
4061 4170 8231
4263 4267 8530
4105 4210 8315
4119 4259 8378
4015 4077 8092
4019 4039 8058
4225 4271 8496
4018 4288 8306
3935 4048 7983
3984 4173 8157
3988 4176 8164
4092 4133 8225
3986 4050 8036
4026 4226 8252
4174 4179 8353
4078 4156 8234
4160 4187 8347
4027 4084 8111
3964 4123 8087
4069 4141 8210
4016 4181 8197
4192 4260 8452
4038 4051 8089
4099 4182 8281
3994 4140 8134
4063 4218 8281
4045 4087 8132
4005 4097 8102
3990 4012 8002
4092 4190 8282
4155 4280 8435
4013 4051 8064
4094 4096 8190
4154 4199 8353
4081 4121 8202
3935 4056 7991
4081 4148 8229
4191 4194 8385
4145 4219 8364
3976 4037 8013
4180 4239 8419
4098 4255 8353
4212 4280 8492
4174 4206 8380
4079 4088 8167
4259 4268 8527
4172 4184 8356
4150 4249 8399
4023 4049 8072
4104 4181 8285
4208 4284 8492
4092 4216 8308
4209 4219 8428
3962 4122 8084
4158 4252 8410
4207 4211 8418
4015 4049 8064
4133 4184 8317
4165 4180 8345
4205 4222 8427
4131 4228 8359
4240 4281 8521
4271 4295 8566
4263 4277 8540
3931 4084 8015
4051 4101 8152
4022 4192 8214
4018 4108 8126
4120 4129 8249
4162 4255 8417
4146 4186 8332
4010 4193 8203
4202 4232 8434
4118 4212 8330
4150 4194 8344
4230 4273 8503
4101 4203 8304
4191 4268 8459
4055 4203 8258
4104 4209 8313
4128 4208 8336
4086 4293 8379
4139 4188 8327
4084 4105 8189
4168 4188 8356
4118 4150 8268
4040 4113 8153
4119 4143 8262
4281 4282 8563
4100 4178 8278
4132 4215 8347
4123 4139 8262
4157 4262 8419
4213 4295 8508
4059 4081 8140
4013 4180 8193
4086 4176 8262
4085 4193 8278
3995 4098 8093
4007 4243 8250
4094 4224 8318
4038 4270 8308
4057 4106 8163
4088 4161 8249
4216 4238 8454
4023 4082 8105
4129 4152 8281
4148 4180 8328
4160 4187 8347
4000 4158 8158
4014 4155 8169
3967 4142 8109
4106 4226 8332
4133 4172 8305
4131 4132 8263
4046 4162 8208
4040 4231 8271
4015 4088 8103
4151 4218 8369
4249 4285 8534
4162 4289 8451
4094 4161 8255
4188 4242 8430
4165 4213 8378
4114 4128 8242
3909 4149 8058
3986 4058 8044
4019 4030 8049
4128 4165 8293
4004 4195 8199
4243 4249 8492
4113 4256 8369
4006 4015 8021
4036 4196 8232
4149 4204 8353
4161 4249 8410
4084 4150 8234
4046 4280 8326
4223 4255 8478
4052 4126 8178
4191 4256 8447
4044 4236 8280
4202 4214 8416
4155 4233 8388
4027 4131 8158
4033 4112 8145
4056 4069 8125
4042 4045 8087
4205 4228 8433
4044 4048 8092
3997 4181 8178
4065 4193 8258
4165 4279 8444
4135 4150 8285
4212 4287 8499
4175 4278 8453
4139 4215 8354
4117 4151 8268
4113 4121 8234
4131 4151 8282
4183 4188 8371
4242 4284 8526
4063 4226 8289
4035 4054 8089
4054 4244 8298
4056 4114 8170
3968 4039 8007
4035 4202 8237
4246 4267 8513
4045 4080 8125
4084 4090 8174
4140 4208 8348
4264 4282 8546
4288 4293 8581
4132 4215 8347
4234 4237 8471
4088 4251 8339
3959 4232 8191
4163 4166 8329
4113 4269 8382
4164 4264 8428
4207 4233 8440
4013 4062 8075
4063 4241 8304
4136 4207 8343
4097 4278 8375
3994 4014 8008
4044 4070 8114
4071 4194 8265
3996 4213 8209
4077 4144 8221
4156 4209 8365
4190 4222 8412
4071 4099 8170
4127 4131 8258
3987 4044 8031
3986 4115 8101
4126 4230 8356
3984 4033 8017
4138 4232 8370
4045 4111 8156
4106 4164 8270
4216 4280 8496
3994 4063 8057
4030 4195 8225
4043 4122 8165
4139 4269 8408
4121 4224 8345
4056 4070 8126
4247 4260 8507
4042 4118 8160
4121 4129 8250
4024 4173 8197
4112 4154 8266

4163 4190 8314
4089 4126 8182
4003 4068 8053
4079 4091 8156
4013 4095 8096
4019 4154 8149
4090 4179 8246
4179 4191 8352
4008 4133 8108
4060 4086 8141
4136 4183 8307
4114 4139 8245
4168 4188 8348
4000 4174 8160
4144 4159 8289
4098 4197 8285
4053 4110 8145
4193 4198 8378
4062 4069 8126
4119 4189 8280
4142 4152 8281
4165 4167 8312
4108 4147 8243
4039 4148 8184
4021 4143 8153
4037 4056 8089
4004 4031 8021
4115 4136 8222
4037 4038 8060
4121 4177 8297
4065 4172 8199
4150 4154 8265
4098 4184 8267
4147 4190 8329
4196 4200 8388
4178 4194 8353
4129 4135 8245
4186 4196 8378
4072 4165 8203
4068 4093 8134
4085 4140 8190
4194 4200 8367
4099 4132 8204
4025 4162 8180
4125 4132 8248
4057 4136 8161
4198 4199 8385
4049 4179 8206
4185 4187 8366
4145 4181 8298
4156 4187 8342
4038 4100 8118
4002 4016 8006
4092 4146 8212
4154 4189 8306
4188 4193 8376
4089 4143 8219
4002 4022 8021
4055 4146 8171
4165 4187 8329
4178 4197 8348
4001 4125 8093
4168 4185 8339
4167 4178 8336
4116 4175 8279
4055 4103 8151
4177 4185 8324
4060 4193 8232
4018 4085 8093
4053 4108 8126
4026 4050 8072
4132 4138 8236
4013 4016 8019
4177 4184 8350
4065 4177 8226
4081 4086 8145
4194 4200 8359
4116 4127 8226
4170 4193 8336
4040 4137 8151
4136 4166 8300
4196 4198 8362
4126 4157 8254
4179 4188 8330
4136 4184 8283
4064 4067 8097
4071 4106 8149
4188 4196 8357
4117 4120 8230
4090 4197 8277
4105 4162 8228
4071 4132 8172
4196 4197 8387
4014 4194 8194
4000 4088 8083
4030 4189 8189
4014 4198 8192
4073 4158 8218
4040 4047 8052
4100 4161 8256
4139 4186 8305
4131 4192 8296
4095 4188 8270
4073 4156 8208
4046 4068 8080
4034 4155 8171
4109 4138 8229
4093 4188 8272
4075 4117 8174
4065 4144 8178
4034 4078 8104
4122 4128 8212
4065 4076 8103
4084 4139 8218
4023 4046 8042
4191 4196 8354
4195 4200 8381
4048 4082 8112
4018 4045 8050
4159 4190 8319
4157 4177 8319
4026 4128 8148
4114 4161 8236
4174 4180 8324
4154 4156 8277
4026 4114 8139
4170 4185 8335
4187 4188 8367
4181 4192 8355
4187 4191 8377
4169 4174 8316
4188 4194 8361
4173 4190 8347
4153 4184 8317
4031 4127 8140
4181 4186 8363
4190 4198 8359
4081 4122 8166
4170 4178 8343
4054 4163 8183
4197 4198 8360
4107 4141 8239
4035 4084 8100
4085 4129 8201
4130 4146 8248
4114 4135 8232
4098 4141 8238
4166 4194 8350
4195 4198 8383
4188 4189 8345
4003 4151 8136
4066 4136 8185
4116 4156 8266
4081 4192 8241
4041 4144 8182
4164 4172 8302
4100 4146 8217
4102 4137 8214
4161 4173 8328
4161 4195 8327
4162 4177 8306
4191 4197 8382
4143 4176 8305
4186 4187 8350
4130 4188 8280
4107 4168 8253
4068 4150 8189
4172 4200 8359
4175 4181 8338
4051 4056 8094
4154 4155 8281
4073 4191 8238
4138 4175 8298
4125 4127 8221
4182 4186 8350
4187 4195 8352
4136 4177 8300
4113 4165 8239
4086 4191 8260
4195 4200 8366
4039 4141 8171
4039 4157 8195
4181 4186 8329
4069 4183 8217
4036 4183 8199
4095 4174 8265
4042 4133 8156
4108 4171 8261
4083 4177 8236
4179 4183 8332
4129 4176 8289
4033 4166 8181
4071 4163 8200
4059 4141 8181
4121 4185 8299
4074 4088 8148
4006 4164 8151
4060 4097 8133
4053 4192 8211
4076 4194 8232
4124 4168 8283
4006 4171 8147
4075 4179 8220
4043 4044 8053
4098 4190 8253
4193 4197 8369
4084 4193 8259
4108 4198 8290
4114 4183 8278
4133 4158 8252
4042 4123 8155
4006 4178 8146
4069 4094 8143
4055 4094 8122
4083 4094 8169
4054 4171 8202
4143 4150 8272
4048 4180 8208
4100 4112 8199
4021 4193 8211
4053 4113 8132
4068 4177 8240
4138 4169 8276
4104 4192 8278
4123 4158 8268
4151 4194 8314
4170 4195 8346
4096 4194 8264
4150 4193 8327
4117 4136 8219
4100 4164 8246
4107 4176 8258
4097 4127 8219
4023 4128 8141
4198 4199 8359
4025 4053 8056
4031 4126 8134
4132 4157 8288
4181 4185 8354
4183 4196 8353
4161 4198 8326
4140 4188 8291
4131 4162 8265
4121 4129 8212
4080 4086 8164
4045 4115 8136
4084 4095 8143
4192 4194 8363
4156 4157 8291
4007 4070 8074
4128 4199 8288
4147 4189 8307
4011 4027 8034
4099 4106 8195
4184 4186 8355
4039 4071 8089
4039 4051 8067
4091 4138 8206
4184 4191 8353
4190 4193 8366
4185 4186 8361
4152 4178 8296
4093 4161 8250
4014 4169 8173
4141 4169 8297
4179 4183 8349
4110 4193 8271
4195 4196 8382
4099 4142 8218
4154 4162 8314
4128 4168 8278
4099 4191 8266
4060 4066 8095
4010 4129 8115
4025 4159 8153
4076 4194 8259
4015 4144 8125
4131 4155 8253
4116 4127 8233
4078 4155 8229
4199 4200 8391
4000 4044 8027
4067 4136 8196
4186 4187 8366
4037 4052 8067
4080 4185 8229
4073 4141 8196
4099 4102 8186
4169 4200 8352
4042 4123 8154
4119 4181 8275
4103 4170 8234
4102 4185 8267
4174 4180 8330
4105 4119 8221
4159 4175 8327
4005 4019 8011
4190 4197 8372
4116 4191 8298
4042 4163 8193

0.010000 0.620000
