400
2373284
4151 4211 8362
4115 4165 8280
4218 4279 8497
4266 4274 8540
4147 4162 8309
4202 4283 8485
4052 4172 8224
4110 4262 8372
4176 4204 8380
4148 4242 8390
4119 4217 8336
4123 4133 8256
4169 4196 8365
4064 4223 8287
3952 4104 8056
4081 4144 8225
4087 4259 8346
4062 4176 8238
4069 4135 8204
4145 4248 8393
4013 4148 8161
4152 4176 8328
4173 4230 8403
4042 4084 8126
4185 4289 8474
4218 4274 8492
3959 4136 8095
4288 4294 8582
4037 4159 8196
4197 4263 8460
4097 4107 8204
4112 4270 8382
4006 4155 8161
4141 4222 8363
4009 4100 8109
4024 4047 8071
4130 4244 8374
3976 4272 8248
4287 4292 8579
4169 4188 8357
4202 4231 8433
4089 4197 8286
4021 4178 8199
4076 4079 8155
3984 3994 7978
4101 4145 8246
4107 4126 8233
4148 4226 8374
4223 4234 8457
4132 4180 8312
4165 4235 8400
4060 4125 8185
4196 4199 8395
4080 4253 8333
4075 4291 8366
4270 4287 8557
3993 4006 7999
4256 4278 8534
3989 4134 8123
3989 4144 8133
4025 4136 8161
4132 4207 8339
4141 4180 8321
3999 4209 8208
4084 4105 8189
3957 4031 7988
4278 4295 8573
4002 4011 8013
4136 4188 8324
4058 4109 8167
4111 4247 8358
4085 4198 8283
3941 4047 7988
4092 4267 8359
4118 4136 8254
4020 4251 8271
3943 4289 8232
4065 4193 8258
3910 3975 7885
4138 4175 8313
4002 4147 8149
4136 4209 8345
4163 4204 8367
3948 4114 8062
4173 4261 8434
4177 4193 8370
4057 4125 8182
4088 4252 8340
4157 4205 8362
4153 4288 8441
4085 4259 8344
4082 4244 8326
4137 4158 8295
4097 4121 8218
4095 4149 8244
4105 4107 8212
4025 4221 8246
4105 4179 8284
3986 4040 8026
3988 4040 8028
4014 4112 8126
4207 4258 8465
4112 4167 8279
3978 4173 8151
4040 4131 8171
4258 4264 8522
4095 4097 8192
3962 4103 8065
3931 4104 8035
4210 4244 8454
4119 4170 8289
4162 4194 8356
4153 4242 8395
4098 4224 8322
4147 4221 8368
4120 4290 8410
4111 4230 8341
4076 4258 8334
4050 4065 8115
3926 3980 7906
4260 4274 8534
4159 4184 8343
4118 4266 8384
4203 4260 8463
4142 4145 8287
4041 4159 8200
4278 4284 8562
3918 4210 8128
4123 4127 8250
4252 4271 8523
4085 4170 8255
4193 4206 8399
4077 4154 8231
4159 4225 8384
4200 4215 8415
4237 4270 8507
4171 4172 8343
4159 4218 8377
4013 4083 8096
4243 4266 8509
4089 4098 8187
4081 4167 8248
4167 4168 8335
4141 4189 8330
4009 4193 8202
4185 4213 8398
4067 4198 8265
4113 4144 8257
4254 4264 8518
4089 4176 8265
4164 4238 8402
4147 4194 8341
4147 4185 8332
4072 4249 8321
4124 4178 8302
3962 4099 8061
3962 4118 8080
4124 4145 8269
4128 4178 8306
4125 4219 8344
4061 4178 8239
4097 4120 8217
4287 4298 8585
4032 4155 8187
4166 4221 8387
3916 4067 7983
4104 4114 8218
4019 4135 8154
4154 4216 8370
4103 4225 8328
4047 4239 8286
4170 4273 8443
4206 4218 8424
4152 4277 8429
4056 4171 8227
4167 4182 8349
3946 4279 8225
4184 4229 8413
3977 4165 8142
4042 4083 8125
4206 4214 8420
4164 4242 8406
4161 4223 8384
4047 4225 8272
4241 4242 8483
3980 4235 8215
4160 4177 8337
4206 4288 8494
4039 4195 8234
4071 4191 8262
4232 4257 8489
4195 4272 8467
4022 4263 8285
4086 4126 8212
4141 4285 8426
4057 4246 8303
4153 4217 8370
3974 4107 8081
4108 4195 8303
4124 4137 8261
4190 4285 8475
4155 4175 8330
4079 4148 8227
4117 4223 8340
4226 4253 8479
4107 4139 8246
4172 4198 8370
3928 4143 8071
4247 4292 8539
4185 4283 8468
4080 4244 8324
4124 4136 8260
4080 4206 8286
4120 4161 8281
3969 4103 8072
4017 4050 8067
4119 4138 8257
3930 4108 8038
4018 4285 8303
4216 4282 8498
4155 4184 8339
4216 4270 8486
4135 4193 8328
4060 4120 8180
4060 4179 8239
3941 4103 8044
4075 4215 8290
4028 4082 8110
4296 4299 8595
4087 4149 8236
4176 4223 8399
4165 4253 8418
4228 4249 8477
4037 4149 8186
4007 4030 8037
4216 4274 8490
4097 4115 8212
4051 4156 8207
4009 4034 8043
4062 4105 8167
4098 4118 8216
4098 4122 8220
4178 4188 8366
4106 4147 8253
3984 4160 8144
4135 4258 8393
4100 4136 8236
3927 4141 8068
4141 4150 8291
4174 4208 8382
4051 4104 8155
4115 4151 8266
4041 4157 8198
4093 4221 8314
4114 4118 8232
4010 4097 8107
4119 4126 8245
4023 4175 8198
4268 4283 8551
4003 4082 8085
4076 4131 8207
4263 4264 8527
4153 4155 8308
4154 4267 8421
4264 4281 8545
4235 4273 8508
4158 4198 8356
4226 4235 8461
4211 4231 8442
4038 4268 8306
4111 4159 8270
4099 4136 8235
4098 4216 8314
4079 4167 8246
4155 4238 8393
4196 4260 8456
4120 4140 8260
4250 4262 8512
4116 4150 8266
4155 4212 8367
4061 4180 8241
4219 4289 8508
4064 4195 8259
4196 4200 8396
4030 4150 8180
4173 4219 8392
4152 4284 8436
3980 4264 8244
4041 4088 8129
4115 4170 8285
4077 4137 8214
4183 4218 8401
4122 4200 8322
4247 4256 8503
4009 4182 8191
4263 4272 8535
4077 4158 8235
4201 4258 8459
4167 4229 8396
4148 4160 8308
4260 4269 8529
4263 4265 8528
4215 4232 8447
4234 4272 8506
4063 4112 8175
4144 4251 8395
4118 4282 8400
4184 4275 8459
4085 4237 8322
4152 4161 8313
4079 4204 8283
4186 4232 8418
4088 4207 8295
4134 4218 8352
4056 4181 8237
3972 4185 8157
4164 4204 8368
4012 4134 8146
4091 4243 8334
3929 3967 7896
4099 4166 8265
4091 4137 8228
4153 4154 8307
4074 4268 8342
4152 4188 8340
4125 4160 8285
4006 4174 8180
4166 4224 8390
4206 4215 8421
4121 4148 8269
4077 4216 8293
4061 4183 8244
4069 4166 8235
4083 4089 8172
3982 4080 8062
4134 4146 8280
4061 4201 8262
4106 4238 8344
4044 4161 8205
4059 4125 8184
4200 4206 8406
4132 4147 8279
4281 4284 8565
4252 4284 8536
4022 4205 8227
4242 4278 8520
3976 4056 8032
3965 4172 8137
3972 4139 8111
4028 4143 8171
4144 4221 8365
3982 4104 8086
3974 4216 8190
4051 4189 8240
4013 4165 8178
4097 4192 8289
3986 4193 8179
4233 4245 8478
4196 4269 8465
3967 4130 8097
4161 4217 8378
4244 4283 8527
4099 4255 8354
4038 4168 8206
4169 4212 8381
4184 4241 8425
3972 4257 8229
4134 4144 8278
4070 4103 8173
4175 4180 8355
4260 4294 8554
4100 4278 8378
4124 4228 8352
4105 4156 8261
4193 4263 8456
4075 4246 8321
4135 4144 8279
4266 4285 8551
3953 3968 7921
4214 4296 8510
3968 4177 8145
4147 4216 8363
4018 4020 8038
4127 4276 8403
4055 4161 8216
3951 4116 8067
4209 4276 8485
4028 4076 8104
4063 4181 8244
4084 4107 8191
4060 4201 8261
4118 4130 8248
4248 4259 8507
4122 4218 8340
3998 4184 8182
4125 4127 8252
4185 4239 8424
4062 4094 8156
3939 3978 7917
4132 4264 8396

4097 4146 8221
4174 4183 8352
4162 4196 8354
4175 4176 8344
4117 4143 8237
4187 4191 8360
4061 4109 8164
4033 4174 8194
4197 4198 8385
4174 4182 8343
4053 4171 8197
4044 4150 8172
4091 4110 8186
4152 4193 8311
4003 4048 8017
4007 4045 8026
4135 4171 8299
4129 4162 8269
4057 4103 8147
4158 4169 8312
4025 4059 8062
4053 4096 8114
4128 4189 8279
4041 4070 8086
4173 4191 8328
4185 4189 8369
4046 4078 8094
4194 4198 8367
4013 4112 8102
4124 4183 8292
4050 4100 8115
4186 4198 8364
4084 4166 8243
4162 4175 8334
4072 4153 8191
4055 4071 8106
4132 4144 8269
4058 4188 8238
4198 4199 8359
4180 4192 8360
4121 4200 8297
4056 4108 8132
4049 4109 8156
4011 4025 8013
4001 4059 8042
4104 4175 8262
4059 4161 8197
4091 4186 8247
4172 4188 8329
4085 4162 8232
4086 4183 8247
4089 4093 8158
4125 4168 8276
4038 4169 8173
4090 4197 8254
4191 4199 8353
4022 4086 8099
4189 4200 8372
4023 4035 8020
4065 4152 8181
4035 4141 8144
4110 4141 8246
4049 4144 8155
4054 4168 8194
4034 4073 8102
4039 4061 8087
4198 4199 8365
4015 4072 8073
4111 4184 8287
4053 4089 8106
4172 4186 8352
4120 4172 8262
4020 4038 8057
4159 4185 8340
4154 4160 8285
4002 4188 8158
4032 4199 8212
4124 4183 8285
4009 4024 7995
4194 4197 8369
4028 4063 8082
4121 4125 8234
4081 4137 8193
4016 4159 8138
4163 4191 8338
4168 4180 8320
4040 4126 8139
4120 4188 8271
4088 4197 8281
4122 4191 8306
4089 4195 8270
4134 4151 8257
4070 4191 8258
4120 4186 8284
4094 4194 8260
4016 4018 8029
4095 4193 8251
4066 4159 8197
4035 4104 8129
4010 4128 8106
4037 4117 8145
4164 4180 8338
4091 4143 8198
4046 4154 8189
4119 4141 8236
4165 4199 8355
4066 4136 8187
4056 4078 8131
4007 4130 8124
4120 4173 8288
4148 4154 8288
4142 4148 8281
4114 4154 8235
4111 4140 8241
4163 4200 8337
4199 4200 8364
4183 4187 8331
4118 4164 8258
4110 4164 8239
4020 4050 8043
4175 4177 8320
4198 4200 8388
4076 4186 8254
4161 4185 8345
4111 4134 8215
4073 4161 8233
4192 4199 8366
4016 4188 8174
4125 4151 8270
4189 4192 8375
4147 4155 8265
4149 4165 8311
4078 4200 8256
4116 4189 8281
4143 4159 8276
4169 4194 8326
4198 4200 8369
4123 4165 8252
4091 4175 8235
4156 4183 8327
4034 4102 8133
4133 4195 8297
4167 4180 8330
4144 4200 8329
4003 4140 8115
4199 4200 8363
4103 4193 8263
4075 4145 8201
4167 4174 8323
4119 4132 8233
4177 4186 8339
4116 4153 8253
4195 4197 8384
4165 4193 8323
4129 4131 8225
4006 4105 8078
4044 4195 8207
4184 4194 8362
4120 4174 8291
4172 4184 8349
4148 4193 8316
4086 4133 8194
4197 4199 8361
4041 4172 8178
4182 4188 8343
4016 4106 8100
4104 4160 8239
4027 4132 8142
4172 4192 8327
4133 4147 8241
4095 4161 8228
4120 4198 8312
4160 4177 8302
4186 4193 8363
4090 4154 8240
4082 4180 8261
4020 4181 8186
4129 4176 8278
4019 4130 8111
4097 4111 8170
4188 4198 8366
4128 4155 8272
4084 4179 8227
4068 4132 8182
4196 4198 8362
4064 4189 8227
4169 4184 8314
4177 4200 8358
4131 4176 8271
4153 4159 8295
4191 4200 8352
4126 4194 8302
4013 4197 8189
4013 4046 8054
4152 4191 8307
4045 4157 8190
4166 4186 8336
4055 4072 8108
4064 4123 8151
4041 4042 8075
4176 4200 8342
4154 4180 8298
4170 4187 8356
4181 4192 8340
4178 4197 8357
4047 4051 8084
4135 4149 8264
4024 4107 8107
4170 4196 8354
4127 4191 8310
4151 4200 8326
4054 4076 8126
4157 4192 8316
4185 4191 8348
4046 4084 8122
4105 4149 8231
4040 4054 8083
4005 4111 8105
4115 4185 8291
4172 4196 8358
4155 4198 8325
4162 4178 8316
4143 4149 8265
4156 4160 8289
4154 4191 8323
4002 4136 8122
4060 4190 8218
4038 4048 8065
4198 4199 8373
4161 4178 8309
4175 4177 8329
4150 4157 8268
4138 4152 8252
4001 4130 8118
4050 4092 8129
4176 4179 8318
4197 4199 8367
4089 4108 8174
4014 4089 8073
4061 4091 8148
4038 4174 8177
4180 4189 8333
4121 4124 8216
4101 4129 8220
4066 4186 8214
4090 4194 8253
4012 4085 8081
4017 4052 8062
4098 4101 8171
4096 4142 8227
4149 4151 8297
4075 4130 8185
4054 4111 8161
4160 4190 8348
4022 4054 8055
4051 4098 8122
4037 4166 8190
4053 4153 8184
4184 4185 8341
4040 4102 8124
4117 4151 8241
4174 4197 8341
4098 4186 8255
4132 4196 8323
4190 4199 8352
4158 4179 8335
4071 4098 8160
4197 4200 8380
4114 4147 8237
4016 4188 8200
4109 4132 8217
4001 4160 8144
4085 4117 8198
4078 4128 8198
4193 4200 8385
4123 4165 8250
4053 4061 8110
4167 4176 8335
4133 4149 8256
4167 4186 8339
4078 4112 8155
4142 4196 8320
4063 4118 8149
4106 4118 8207
4088 4119 8173
4113 4163 8260
4168 4193 8337
4049 4192 8222
4036 4116 8142
4107 4193 8299
4146 4186 8324
4083 4147 8228
4053 4165 8194
4165 4166 8318
4102 4159 8257
4175 4193 8359
4133 4160 8285
4195 4199 8360
4110 4161 8252
4133 4167 8264
4195 4197 8357
4168 4172 8310
4122 4158 8276
4192 4193 8365
4083 4166 8216
4088 4186 8253
4173 4183 8344
4091 4181 8266
4056 4154 8189
4167 4171 8327
4135 4187 8289
4121 4139 8245
4120 4181 8293
4136 4146 8280
4064 4180 8208
4016 4155 8136
4144 4167 8284
4042 4063 8081
4111 4159 8255
4003 4049 8045
4079 4117 8169
4104 4132 8228
4125 4180 8303
4063 4198 8243
4075 4095 8140
4079 4164 8232
4028 4093 8118
4131 4200 8323
4132 4161 8257
4118 4191 8281
4127 4140 8238
4156 4193 8312
4094 4117 8195
4052 4137 8159
4071 4135 8173
4171 4200 8360
4145 4169 8312
4140 4160 8299
4007 4142 8117
4098 4174 8247
4127 4163 8285
4045 4057 8070
4182 4187 8354
4198 4199 8380
4081 4129 8184
4189 4194 8356
4061 4099 8134
4019 4159 8162
4056 4091 8109
4122 4169 8287
4151 4198 8318
4035 4170 8202
4002 4184 8177
4132 4145 8241
4059 4157 8215
4172 4175 8324
4056 4111 8155
4190 4194 8354
4191 4200 8357
4015 4191 8198
4115 4133 8219
4178 4194 8355
4000 4172 8162
4045 4143 8178
4107 4191 8292
4140 4163 8299
4044 4199 8220
4084 4135 8198
4134 4142 8245
4154 4165 8308
4198 4200 8366
4130 4179 8288
4116 4167 8255
4018 4078 8073
4178 4190 8352
4079 4181 8238
4121 4123 8240
4168 4200 8335
4032 4067 8095
4196 4200 8359
4046 4196 8204
4136 4143 8240
4008 4109 8106
4162 4179 8305
4085 4157 8222
4026 4196 8215
4155 4186 8311
4093 4149 8227
4057 4089 8114
4091 4151 8206
4150 4151 8290
4083 4194 8260
4154 4161 8313
4135 4152 8278
4002 4104 8072
4041 4139 8147
4111 4154 8232
4157 4181 8299
4021 4054 8062
4192 4193 8347

0.010000 0.720000
