400
1448971
4104 4216 8320
4235 4283 8518
3909 3945 7854
4039 4184 8223
4071 4156 8227
4107 4147 8254
3970 4056 8026
4001 4031 8032
4224 4252 8476
4128 4186 8314
4070 4165 8235
4236 4239 8475
4210 4231 8441
4131 4139 8270
4126 4221 8347
4200 4275 8475
4186 4213 8399
3999 4214 8213
3995 4165 8160
4191 4217 8408
4093 4282 8375
3927 4116 8043
4069 4270 8339
4216 4240 8456
4057 4250 8307
4042 4242 8284
4174 4258 8432
4050 4226 8276
4037 4151 8188
3965 3983 7948
4096 4172 8268
4220 4239 8459
4271 4277 8548
4154 4159 8313
4019 4089 8108
4053 4171 8224
4132 4153 8285
4195 4261 8456
4039 4158 8197
4015 4113 8128
3969 4159 8128
4156 4228 8384
4075 4207 8282
4287 4291 8578
4093 4149 8242
4130 4173 8303
4133 4204 8337
4057 4089 8146
4158 4208 8366
3986 4221 8207
4156 4244 8400
4172 4196 8368
3951 4114 8065
4142 4196 8338
3994 4139 8133
4064 4243 8307
4020 4057 8077
4109 4176 8285
4063 4245 8308
4161 4258 8419
4052 4199 8251
3977 4101 8078
4097 4148 8245
4212 4275 8487
4127 4272 8399
4127 4176 8303
3942 4009 7951
4128 4137 8265
4107 4267 8374
4086 4147 8233
4037 4193 8230
4120 4194 8314
4023 4119 8142
4157 4267 8424
4138 4241 8379
4165 4207 8372
3988 4123 8111
4002 4177 8179
4036 4224 8260
4077 4096 8173
4109 4120 8229
4144 4174 8318
4065 4117 8182
3906 4147 8053
4133 4208 8341
4241 4263 8504
4119 4179 8298
4123 4149 8272
4023 4083 8106
4182 4183 8365
4048 4196 8244
4156 4191 8347
4234 4244 8478
4153 4184 8337
4125 4169 8294
4078 4124 8202
4047 4071 8118
4076 4107 8183
4174 4226 8400
4150 4220 8370
4200 4245 8445
4017 4140 8157
4197 4202 8399
4135 4228 8363
4192 4199 8391
4060 4233 8293
4219 4241 8460
4101 4188 8289
4151 4168 8319
4059 4141 8200
4164 4197 8361
4085 4103 8188
4136 4202 8338
4049 4157 8206
4139 4156 8295
4127 4199 8326
4169 4265 8434
4168 4258 8426
3972 4170 8142
4064 4097 8161
4049 4114 8163
4046 4292 8338
3979 4082 8061
4101 4108 8209
4003 4228 8231
3996 4076 8072
3922 4049 7971
4194 4252 8446
4236 4250 8486
3999 4036 8035
4052 4107 8159
4071 4106 8177
4011 4131 8142
4221 4264 8485
4095 4264 8359
4202 4234 8436
4140 4201 8341
4089 4126 8215
4063 4278 8341
4205 4228 8433
4090 4098 8188
4142 4155 8297
4069 4244 8313
3987 4253 8240
3987 4166 8153
4272 4276 8548
4090 4106 8196
4087 4107 8194
3987 4163 8150
4192 4194 8386
4089 4112 8201
4198 4252 8450
3948 4129 8077
4207 4255 8462
4008 4057 8065
4157 4163 8320
4033 4188 8221
4124 4244 8368
4170 4176 8346
4035 4255 8290
4029 4205 8234
3924 4187 8111
4029 4113 8142
4058 4116 8174
4270 4286 8556
4010 4105 8115
4164 4219 8383
4038 4199 8237
4116 4155 8271
3981 4082 8063
4098 4142 8240
3941 4137 8078
3999 4020 8019
4140 4157 8297
4205 4224 8429
4069 4169 8238
4055 4105 8160
4075 4267 8342
4111 4184 8295
4039 4044 8083
4180 4215 8395
3958 4053 8011
3996 4130 8126
4067 4103 8170
4170 4220 8390
4107 4193 8300
4102 4137 8239
4120 4139 8259
4081 4153 8234
4219 4242 8461
4190 4237 8427
4102 4137 8239
4145 4169 8314
4118 4264 8382
4163 4247 8410
4165 4214 8379
4190 4201 8391
3976 4022 7998
4019 4044 8063
4105 4210 8315
4267 4285 8552
4150 4219 8369
4236 4241 8477
4095 4196 8291
4003 4213 8216
4078 4236 8314
4077 4145 8222
4207 4219 8426
4135 4235 8370
4013 4131 8144
4062 4067 8129
3979 4159 8138
4105 4249 8354
4078 4226 8304
4098 4218 8316
4095 4170 8265
4159 4280 8439
4238 4258 8496
4191 4224 8415
4113 4289 8402
3947 4035 7982
4144 4187 8331
4099 4106 8205
4176 4229 8405
4207 4212 8419
4104 4215 8319
4081 4086 8167
4147 4252 8399
4235 4291 8526
4065 4117 8182
4122 4155 8277
4027 4242 8269
4167 4218 8385
3917 4093 8010
4000 4164 8164
4193 4246 8439
4067 4152 8219
4077 4115 8192
4097 4237 8334
4000 4110 8110
4017 4174 8191
4125 4189 8314
4115 4253 8368
4206 4210 8416
4005 4139 8144
4104 4170 8274
4031 4146 8177
3978 4038 8016
4069 4089 8158
4127 4183 8310
4145 4162 8307
4077 4131 8208
4066 4103 8169
4084 4213 8297
4251 4274 8525
4155 4204 8359
4135 4232 8367
4010 4137 8147
4185 4257 8442
4139 4294 8433
3987 4177 8164
4082 4154 8236
4165 4174 8339
3988 4023 8011
3972 4098 8070
4039 4142 8181
4222 4296 8518
3967 4118 8085
4022 4065 8087
4156 4266 8422
4229 4289 8518
4087 4255 8342
4124 4237 8361
4055 4250 8305
4136 4254 8390
4054 4133 8187
3983 4130 8113
4159 4162 8321
4135 4140 8275
4214 4246 8460
4069 4177 8246
4037 4047 8084
4119 4251 8370
4094 4183 8277
3962 4097 8059
4146 4176 8322
4101 4221 8322
4104 4125 8229
4038 4059 8097
4017 4086 8103
4076 4139 8215
4075 4134 8209
4038 4124 8162
4080 4225 8305
4111 4170 8281
4117 4203 8320
4146 4149 8295
4205 4230 8435
4138 4146 8284
4022 4224 8246
4108 4217 8325
4117 4179 8296
4130 4185 8315
4077 4175 8252
4055 4145 8200
4166 4254 8420
4138 4185 8323
4266 4272 8538
4043 4131 8174
3978 4038 8016
4182 4255 8437
4000 4130 8130
4222 4236 8458
4067 4275 8342
4096 4172 8268
4093 4125 8218
4033 4253 8286
4071 4085 8156
4216 4253 8469
4126 4144 8270
3959 4116 8075
4102 4250 8352
4076 4143 8219
3962 4227 8189
4085 4151 8236
3932 4190 8122
4074 4116 8190
4028 4194 8222
3938 4232 8170
4189 4203 8392
4205 4242 8447
4254 4284 8538
4252 4277 8529
4047 4152 8199
4000 4101 8101
4003 4157 8160
4152 4198 8350
4020 4235 8255
4007 4193 8200
4134 4162 8296
4082 4192 8274
3998 4132 8130
4050 4213 8263
4136 4190 8326
4105 4118 8223
4154 4219 8373
4091 4204 8295
4099 4178 8277
4120 4163 8283
3988 4009 7997
4060 4234 8294
3933 4113 8046
4079 4250 8329
4228 4249 8477
4098 4130 8228
4109 4118 8227
4061 4206 8267
4149 4219 8368
4219 4235 8454
4066 4215 8281
4079 4189 8268
4090 4113 8203
4089 4211 8300
4071 4162 8233
4206 4249 8455
4090 4169 8259
4254 4289 8543
4086 4208 8294
4110 4228 8338
4246 4288 8534
4091 4226 8317
4168 4203 8371
4167 4257 8424
4184 4203 8387
4140 4198 8338
4240 4246 8486
4257 4259 8516
4147 4180 8327
4258 4265 8523
4137 4205 8342
4228 4251 8479
4103 4173 8276
4165 4217 8382
4097 4134 8231
4001 4037 8038
4200 4207 8407
4150 4220 8370
4057 4265 8322
4059 4170 8229
4234 4241 8475
4104 4135 8239
4242 4272 8514
3969 4165 8134
4057 4110 8167
4047 4181 8228
4265 4285 8550
4113 4188 8301
4130 4199 8329
4059 4149 8208
4046 4180 8226

4099 4126 8213
4156 4193 8332
4004 4039 8033
4040 4096 8120
4047 4116 8132
4168 4179 8346
4001 4073 8056
4073 4106 8157
4191 4192 8345
4120 4175 8286
4063 4100 8148
4164 4172 8316
4173 4185 8324
4165 4174 8336
4147 4159 8305
4156 4180 8318
4152 4174 8295
4007 4178 8156
4024 4149 8154
4122 4159 8255
4183 4195 8343
4008 4179 8171
4070 4178 8244
4139 4144 8274
4085 4189 8262
4090 4153 8224
4154 4166 8301
4067 4172 8230
4008 4166 8150
4016 4035 8037
4003 4074 8066
4140 4158 8260
4173 4177 8326
4094 4116 8201
4044 4068 8106
4062 4073 8118
4127 4139 8253
4150 4168 8297
4005 4168 8135
4083 4090 8167
4065 4111 8174
4198 4199 8363
4075 4115 8175
4191 4195 8360
4191 4193 8374
4030 4091 8119
4064 4196 8238
4034 4104 8121
4132 4164 8278
4046 4129 8172
4117 4184 8276
4142 4159 8300
4039 4040 8068
4103 4172 8250
4086 4114 8168
4081 4144 8188
4085 4142 8220
4195 4197 8383
4115 4155 8238
4148 4183 8312
4139 4169 8280
4063 4182 8211
4091 4188 8241
4185 4190 8366
4196 4198 8364
4145 4187 8299
4014 4051 8054
4120 4124 8206
4169 4185 8333
4072 4181 8216
4032 4120 8151
4173 4189 8340
4034 4072 8081
4118 4177 8261
4148 4194 8310
4150 4167 8309
4033 4043 8071
4008 4092 8087
4016 4174 8189
4082 4134 8210
4103 4194 8262
4190 4194 8345
4081 4169 8236
4003 4173 8168
4116 4176 8283
4199 4200 8364
4091 4129 8204
4186 4188 8359
4001 4076 8052
4144 4190 8301
4017 4163 8173
4156 4180 8321
4149 4185 8298
4164 4175 8334
4184 4187 8369
4087 4142 8222
4041 4057 8096
4174 4180 8334
4118 4179 8286
4070 4124 8163
4158 4186 8338
4020 4160 8177
4186 4189 8351
4086 4190 8258
4187 4190 8347
4075 4180 8238
4163 4177 8313
4171 4172 8330
4086 4104 8152
4146 4194 8301
4184 4193 8343
4027 4088 8109
4193 4196 8378
4121 4199 8299
4142 4147 8273
4029 4119 8110
4182 4196 8351
4180 4190 8338
4035 4168 8191
4033 4174 8189
4112 4162 8242
4117 4196 8300
4002 4024 8009
4039 4139 8157
4076 4181 8237
4003 4172 8167
4017 4056 8054
4199 4200 8372
4194 4196 8354
4030 4062 8068
4095 4200 8283
4104 4181 8270
4015 4127 8108
4195 4198 8359
4150 4199 8316
4137 4167 8274
4168 4189 8354
4038 4047 8063
4133 4197 8291
4130 4148 8269
4062 4143 8183
4103 4104 8193
4015 4170 8155
4056 4195 8213
4087 4110 8186
4177 4192 8330
4000 4012 7982
4031 4051 8076
4021 4103 8103
4186 4195 8344
4132 4139 8235
4157 4200 8330
4047 4150 8161
4182 4194 8368
4064 4127 8160
4125 4153 8242
4062 4176 8232
4196 4200 8373
4114 4126 8220
4016 4167 8157
4085 4157 8236
4011 4093 8073
4125 4173 8262
4095 4175 8251
4186 4195 8356
4029 4083 8080
4180 4195 8369
4083 4109 8163
4053 4164 8185
4052 4054 8080
4026 4062 8055
4016 4120 8114
4060 4116 8145
4142 4165 8298
4137 4143 8268
4111 4140 8238
4135 4149 8269
4168 4184 8314
4087 4115 8195
4091 4100 8157
4119 4168 8279
4053 4092 8130
4069 4149 8204
4007 4061 8038
4088 4163 8221
4079 4198 8253
4161 4172 8310
4035 4060 8065
4011 4110 8120
4143 4186 8301
4098 4181 8257
4100 4123 8191
4064 4083 8115
4160 4178 8316
4073 4157 8224
4143 4187 8319
4134 4149 8244
4028 4030 8056
4100 4143 8222
4178 4181 8357
4193 4199 8381
4084 4195 8255
4148 4188 8321
4109 4134 8213
4031 4137 8153
4113 4141 8218
4133 4197 8294
4139 4183 8285
4120 4199 8281
4088 4168 8239
4154 4158 8284
4005 4147 8151
4120 4149 8253
4149 4173 8300
4195 4198 8392
4144 4167 8301
4164 4198 8342
4167 4171 8334
4165 4174 8301
4169 4198 8360
4024 4039 8061
4134 4187 8290
4026 4191 8205
4194 4199 8391
4126 4136 8243
4079 4143 8196
4001 4023 8000
4147 4163 8284
4190 4191 8373
4150 4189 8337
4105 4147 8232
4063 4200 8225
4120 4142 8255
4002 4031 8001
4078 4090 8135
4154 4185 8309
4054 4179 8212
4114 4117 8224
4044 4151 8173
4053 4180 8211
4089 4165 8238
4044 4132 8140
4147 4193 8321
4176 4178 8334
4029 4191 8199
4114 4190 8283
4110 4183 8262
4038 4080 8109
4058 4080 8116
4131 4199 8326
4163 4190 8314
4005 4105 8091
4085 4105 8168
4008 4147 8136
4199 4200 8390
4123 4188 8298
4051 4155 8168
4014 4109 8112
4152 4176 8318
4093 4195 8262
4014 4103 8105
4156 4189 8314
4084 4099 8168
4053 4114 8144
4067 4116 8165
4055 4089 8125
4196 4198 8385
4060 4085 8140
4057 4077 8131
4190 4199 8378
4165 4194 8346
4083 4195 8266
4155 4165 8312
4143 4166 8287
4130 4158 8264
4067 4090 8131
4035 4175 8196
4072 4115 8183
4141 4151 8266
4132 4177 8270
4011 4108 8118
4001 4081 8075
4169 4196 8350
4118 4142 8247
4031 4120 8149
4046 4143 8188
4127 4147 8249
4077 4086 8140
4091 4144 8230
4015 4042 8033
4123 4169 8289
4032 4087 8106
4113 4141 8236
4005 4147 8150
4041 4164 8200
4021 4120 8133
4102 4141 8236
4133 4134 8253
4130 4145 8262
4083 4165 8224
4183 4197 8372
4025 4129 8122
4062 4118 8174
4136 4178 8280
4070 4149 8185
4192 4193 8347
4142 4154 8261
4175 4200 8372
4065 4106 8145
4053 4097 8136
4124 4180 8300
4081 4199 8273
4180 4198 8362
4069 4184 8234
4196 4197 8376
4055 4166 8194
4088 4156 8219
4005 4006 8001
4132 4196 8298
4026 4067 8088
4039 4128 8164
4017 4183 8193
4067 4168 8211
4012 4143 8144
4167 4198 8355
4012 4141 8150
4166 4177 8329
4029 4103 8116
4032 4132 8139
4100 4162 8244
4159 4167 8292
4191 4198 8370
4152 4191 8312
4092 4131 8188
4067 4075 8124
4009 4113 8104
4111 4117 8201
4002 4144 8131
4010 4098 8073
4149 4180 8291
4048 4149 8183
4016 4110 8105
4135 4187 8290
4045 4139 8168
4013 4104 8114
4084 4123 8178
4117 4177 8266
4044 4102 8132
4067 4171 8234
4069 4090 8157
4130 4196 8288
4008 4130 8120
4170 4188 8342
4193 4194 8352
4177 4191 8356
4185 4198 8355
4110 4176 8268
4181 4189 8355
4133 4149 8253
4101 4148 8218
4120 4144 8232
4071 4089 8131
4188 4192 8348
4116 4133 8211
4190 4191 8369
4060 4105 8135
4190 4192 8372
4184 4196 8370
4159 4191 8326
4151 4194 8315
4126 4175 8280
4162 4190 8320
4140 4158 8282
4176 4198 8373
4057 4155 8198
4140 4183 8294
4170 4198 8344
4084 4113 8181
4164 4188 8321
4113 4124 8232
4177 4184 8327
4092 4175 8259
4154 4162 8312
4149 4159 8304
4083 4088 8141
4140 4166 8288
4133 4184 8303
4092 4198 8287
4064 4178 8233
4199 4200 8360
4083 4191 8273
4169 4176 8307
4021 4146 8147
4016 4093 8085
4070 4185 8235
4167 4200 8341
4150 4188 8308
4096 4138 8202
4048 4196 8234
4011 4090 8066

0.010000 0.440000
