400
1020596
3941 4205 8146
4063 4256 8319
4136 4178 8314
4081 4165 8246
4088 4105 8193
4152 4168 8320
4018 4190 8208
4137 4183 8320
4245 4266 8511
3960 4137 8097
4107 4127 8234
4057 4089 8146
4004 4200 8204
4258 4260 8518
4073 4258 8331
4009 4015 8024
4111 4169 8280
4273 4290 8563
4163 4281 8444
4037 4090 8127
4145 4152 8297
4133 4210 8343
4090 4094 8184
4115 4119 8234
4163 4190 8353
4145 4296 8441
4048 4213 8261
4012 4104 8116
4114 4130 8244
4120 4288 8408
4253 4295 8548
4018 4116 8134
4087 4125 8212
3950 4074 8024
4065 4157 8222
4057 4112 8169
4169 4221 8390
4176 4205 8381
4210 4271 8481
4185 4227 8412
4176 4179 8355
4032 4106 8138
4091 4182 8273
4006 4236 8242
4099 4129 8228
4182 4247 8429
4178 4237 8415
4233 4236 8469
4132 4246 8378
3995 4225 8220
4171 4208 8379
3955 4227 8182
4044 4047 8091
3986 4107 8093
4202 4259 8461
4286 4289 8575
4085 4140 8225
4169 4201 8370
4113 4139 8252
4201 4257 8458
4208 4276 8484
4064 4067 8131
3963 4099 8062
4147 4194 8341
4084 4173 8257
4107 4150 8257
4096 4109 8205
4109 4185 8294
4044 4103 8147
4162 4187 8349
4115 4279 8394
4092 4105 8197
4165 4178 8343
4082 4211 8293
4179 4231 8410
4056 4214 8270
4229 4274 8503
4017 4046 8063
4040 4043 8083
4102 4262 8364
3905 4086 7991
4130 4137 8267
4189 4272 8461
4044 4102 8146
4088 4134 8222
3986 3992 7978
3958 3979 7937
4031 4124 8155
4051 4250 8301
4223 4260 8483
4232 4241 8473
4164 4167 8331
4148 4213 8361
4124 4245 8369
4111 4235 8346
4214 4227 8441
4126 4274 8400
3982 4085 8067
4073 4269 8342
3973 4157 8130
4223 4265 8488
4152 4169 8321
4092 4213 8305
3969 4094 8063
4064 4068 8132
4064 4263 8327
4000 4063 8063
4164 4228 8392
4128 4201 8329
4080 4186 8266
4188 4220 8408
4109 4156 8265
3939 4132 8071
4071 4089 8160
4043 4127 8170
4024 4223 8247
4158 4258 8416
4099 4166 8265
4249 4260 8509
4020 4239 8259
3939 4098 8037
4037 4217 8254
4137 4222 8359
4092 4240 8332
3998 4199 8197
4152 4241 8393
4069 4119 8188
4105 4284 8389
4198 4238 8436
4098 4176 8274
3975 4136 8111
4091 4104 8195
3914 4186 8100
4074 4132 8206
4009 4191 8200
4083 4094 8177
3991 4117 8108
4091 4265 8356
4132 4233 8365
4181 4229 8410
4160 4168 8328
4115 4116 8231
3982 4091 8073
4089 4199 8288
4185 4217 8402
4080 4091 8171
4088 4098 8186
4172 4212 8384
4144 4208 8352
4015 4191 8206
4031 4164 8195
4114 4172 8286
4172 4190 8362
4039 4174 8213
4236 4240 8476
4020 4120 8140
4279 4288 8567
4095 4262 8357
4059 4096 8155
4114 4242 8356
4046 4121 8167
4014 4142 8156
4093 4105 8198
4000 4101 8101
4056 4210 8266
4039 4043 8082
4087 4242 8329
4075 4238 8313
4159 4178 8337
4174 4215 8389
4162 4200 8362
4245 4251 8496
4223 4256 8479
4039 4081 8120
4070 4091 8161
4047 4199 8246
4039 4262 8301
4085 4228 8313
4008 4063 8071
4149 4184 8333
4091 4264 8355
3924 4202 8126
4150 4156 8306
4108 4197 8305
4025 4093 8118
4156 4257 8413
4054 4152 8206
3974 4051 8025
4106 4165 8271
4233 4248 8481
3988 4108 8096
4141 4199 8340
3978 4056 8034
4085 4230 8315
3928 4064 7992
4138 4237 8375
4207 4235 8442
4015 4110 8125
4140 4151 8291
4159 4283 8442
4022 4158 8180
4152 4253 8405
4081 4096 8177
4092 4282 8374
4143 4160 8303
4209 4262 8471
4129 4142 8271
4084 4120 8204
4123 4218 8341
4117 4135 8252
3947 4253 8200
4078 4255 8333
4069 4204 8273
4088 4222 8310
4113 4246 8359
4172 4250 8422
4067 4268 8335
4034 4167 8201
4154 4213 8367
3999 4241 8240
4087 4187 8274
4094 4210 8304
4046 4213 8259
3983 4206 8189
4135 4222 8357
3944 4136 8080
4091 4117 8208
4116 4219 8335
4174 4213 8387
4247 4293 8540
3990 4039 8029
4210 4243 8453
4096 4245 8341
4278 4286 8564
3949 4062 8011
4148 4230 8378
3933 4052 7985
4000 4180 8180
4146 4187 8333
4016 4144 8160
4098 4165 8263
4146 4287 8433
4150 4249 8399
4062 4073 8135
4212 4214 8426
4161 4222 8383
3943 4067 8010
4105 4259 8364
4136 4163 8299
4014 4100 8114
4095 4122 8217
4064 4282 8346
4044 4204 8248
4248 4254 8502
4145 4230 8375
4015 4100 8115
4146 4210 8356
4070 4078 8148
4092 4111 8203
4119 4180 8299
4055 4157 8212
4033 4124 8157
4227 4232 8459
4064 4210 8274
4189 4228 8417
4177 4226 8403
4186 4246 8432
4106 4260 8366
4068 4247 8315
4116 4228 8344
4104 4235 8339
4057 4117 8174
4162 4241 8403
4198 4200 8398
4119 4157 8276
4126 4186 8312
4157 4206 8363
4222 4237 8459
4165 4200 8365
4053 4222 8275
4035 4150 8185
4128 4267 8395
4107 4162 8269
3957 4081 8038
4101 4127 8228
4019 4280 8299
4116 4271 8387
4123 4201 8324
3992 4143 8135
3988 4032 8020
4107 4208 8315
4186 4238 8424
4089 4141 8230
4113 4176 8289
4135 4146 8281
4230 4246 8476
4116 4140 8256
4154 4217 8371
4065 4137 8202
4062 4220 8282
4039 4273 8312
4150 4200 8350
4026 4112 8138
4014 4178 8192
4183 4263 8446
4224 4283 8507
4032 4120 8152
3944 4115 8059
4083 4246 8329
4126 4148 8274
4022 4233 8255
4181 4269 8450
3958 4245 8203
4001 4090 8091
4028 4155 8183
3923 3992 7915
4036 4110 8146
4127 4158 8285
4227 4232 8459
4126 4178 8304
4107 4195 8302
4152 4262 8414
3993 4037 8030
4074 4088 8162
3991 4144 8135
4054 4219 8273
4064 4158 8222
4125 4127 8252
4009 4227 8236
4134 4192 8326
4077 4226 8303
4211 4250 8461
4093 4259 8352
4003 4144 8147
3948 4092 8040
4147 4181 8328
4117 4148 8265
4271 4288 8559
4031 4131 8162
4092 4248 8340
4196 4228 8424
3981 4082 8063
4193 4214 8407
4076 4101 8177
4157 4226 8383
4171 4233 8404
4082 4193 8275
4105 4181 8286
4096 4123 8219
3996 4118 8114
4262 4274 8536
3999 4288 8287
4171 4196 8367
4087 4173 8260
4066 4141 8207
4074 4215 8289
4097 4253 8350
4187 4192 8379
4072 4194 8266
3957 4106 8063
4008 4089 8097
4167 4226 8393
4148 4262 8410
4098 4152 8250
4157 4200 8357
4060 4162 8222
4005 4095 8100
3978 4128 8106
4152 4192 8344
4084 4088 8172
3980 4235 8215
4073 4173 8246
4072 4107 8179
3961 4101 8062
4086 4101 8187
4237 4279 8516
4259 4264 8523
4159 4160 8319
4144 4213 8357
4070 4127 8197
4060 4131 8191
4105 4217 8322
4084 4238 8322
4121 4171 8292
4167 4176 8343
4226 4237 8463
4214 4224 8438
4048 4211 8259
4183 4256 8439
4133 4244 8377
4078 4204 8282
4099 4104 8203
4054 4131 8185
4117 4281 8398
3967 4103 8070
4027 4081 8108
4110 4177 8287
4106 4251 8357
4169 4249 8418
4087 4204 8291

4000 4195 8169
4129 4174 8264
4138 4152 8254
4026 4143 8141
4048 4078 8094
4139 4179 8302
4015 4147 8128
4086 4153 8216
4163 4183 8336
4043 4147 8163
4095 4121 8198
4108 4144 8239
4097 4189 8249
4169 4180 8331
4053 4189 8230
4020 4022 8040
4121 4130 8215
4184 4197 8357
4174 4193 8348
4004 4105 8075
4065 4067 8115
4143 4152 8271
4118 4123 8236
4039 4132 8158
4176 4181 8336
4188 4199 8374
4117 4179 8290
4068 4178 8214
4184 4198 8356
4197 4199 8368
4194 4198 8370
4079 4088 8145
4093 4175 8236
4014 4112 8092
4155 4192 8310
4094 4105 8164
4169 4188 8350
4152 4154 8290
4130 4176 8280
4146 4149 8275
4119 4196 8283
4068 4114 8165
4180 4195 8345
4100 4183 8262
4189 4197 8369
4193 4200 8381
4184 4200 8361
4182 4196 8358
4102 4190 8279
4055 4167 8209
4111 4172 8253
4017 4176 8158
4028 4032 8043
4078 4118 8172
4177 4180 8336
4186 4193 8365
4125 4172 8261
4198 4200 8369
4166 4187 8339
4192 4193 8356
4197 4199 8358
4011 4096 8071
4012 4190 8183
4198 4199 8387
4034 4175 8189
4165 4187 8317
4111 4115 8219
4078 4115 8178
4132 4170 8292
4155 4170 8322
4149 4181 8321
4136 4154 8260
4198 4200 8368
4157 4177 8311
4092 4140 8195
4129 4163 8285
4169 4180 8320
4001 4012 8007
4119 4141 8244
4157 4198 8328
4000 4154 8136
4060 4129 8165
4146 4188 8296
4086 4140 8209
4059 4140 8188
4018 4085 8076
4000 4058 8054
4000 4048 8041
4133 4184 8278
4145 4165 8306
4146 4148 8289
4086 4094 8143
4096 4195 8275
4169 4170 8303
4153 4185 8304
4131 4198 8303
4139 4178 8306
4032 4103 8110
4158 4195 8344
4072 4159 8219
4167 4173 8326
4065 4072 8130
4034 4150 8164
4031 4098 8117
4028 4076 8084
4140 4166 8275
4082 4148 8197
4146 4171 8292
4079 4117 8184
4037 4093 8128
4161 4188 8329
4057 4071 8102
4005 4098 8079
4075 4186 8248
4080 4193 8237
4040 4155 8157
4066 4167 8232
4137 4155 8273
4163 4181 8318
4085 4174 8236
4038 4054 8054
4131 4140 8239
4047 4180 8202
4117 4184 8297
4052 4135 8162
4102 4179 8256
4025 4135 8148
4031 4198 8218
4143 4193 8300
4038 4116 8132
4072 4146 8194
4181 4183 8340
4011 4172 8147
4068 4183 8232
4100 4175 8270
4039 4061 8090
4016 4017 8023
4048 4168 8185
4155 4189 8338
4148 4200 8313
4121 4123 8235
4039 4145 8176
4022 4026 8035
4119 4171 8289
4144 4189 8311
4067 4073 8126
4119 4144 8257
4146 4151 8279
4092 4116 8192
4054 4164 8194
4059 4182 8228
4064 4146 8203
4157 4181 8337
4029 4142 8157
4179 4200 8362
4066 4161 8220
4190 4191 8379
4189 4200 8388
4050 4076 8111
4155 4180 8317
4018 4046 8045
4095 4190 8258
4065 4122 8165
4043 4164 8197
4103 4115 8211
4090 4142 8206
4113 4175 8255
4154 4181 8315
4077 4102 8155
4178 4200 8372
4086 4131 8190
4196 4200 8395
4194 4197 8376
4016 4034 8048
4097 4159 8232
4103 4145 8236
4066 4166 8202
4029 4177 8203
4005 4113 8102
4062 4087 8119
4146 4188 8315
4008 4169 8164
4059 4061 8118
4037 4105 8117
4034 4059 8059
4162 4179 8328
4103 4145 8241
4041 4130 8151
4068 4133 8196
4146 4199 8322
4057 4185 8238
4132 4157 8284
4014 4102 8097
4156 4200 8344
4017 4046 8040
4149 4188 8325
4182 4184 8333
4105 4189 8282
4050 4055 8087
4145 4189 8318
4120 4197 8291
4134 4175 8276
4078 4185 8254
4173 4188 8334
4047 4060 8095
4191 4196 8383
4034 4076 8080
4140 4164 8280
4131 4132 8249
4070 4197 8240
4045 4171 8196
4026 4157 8154
4150 4194 8322
4094 4188 8254
4129 4163 8273
4183 4193 8375
4146 4186 8322
4110 4198 8297
4184 4195 8343
4095 4160 8237
4001 4097 8086
4073 4113 8154
4021 4129 8117
4050 4150 8198
4062 4142 8178
4014 4082 8066
4023 4052 8067
4135 4181 8296
4156 4178 8306
4198 4200 8362
4000 4050 8044
4170 4172 8329
4003 4179 8154
4179 4192 8354
4014 4089 8084
4058 4153 8179
4028 4132 8147
4084 4111 8191
4187 4197 8350
4059 4073 8112
4166 4191 8343
4172 4187 8328
4162 4186 8343
4084 4117 8163
4120 4170 8254
4119 4130 8213
4014 4110 8106
4028 4161 8174
4114 4199 8309
4033 4120 8138
4012 4150 8145
4020 4192 8186
4127 4175 8282
4199 4200 8365
4045 4150 8192
4039 4189 8208
4107 4110 8189
4007 4048 8043
4164 4192 8347
4074 4092 8130
4004 4126 8123
4013 4060 8039
4181 4183 8328
4162 4173 8331
4124 4133 8235
4107 4138 8235
4151 4197 8327
4166 4185 8329
4056 4171 8194
4125 4139 8234
4139 4155 8282
4045 4083 8121
4136 4183 8317
4115 4128 8218
4061 4136 8175
4059 4128 8166
4149 4162 8297
4134 4157 8261
4096 4140 8234
4131 4136 8238
4075 4155 8211
4178 4180 8334
4081 4089 8145
4036 4050 8072
4099 4121 8208
4075 4194 8252
4190 4200 8363
4195 4200 8367
4022 4194 8179
4015 4090 8090
4148 4182 8327
4169 4188 8348
4038 4189 8213
4107 4149 8236
4177 4199 8345
4168 4174 8339
4104 4127 8213
4089 4128 8197
4151 4166 8309
4060 4132 8154
4105 4175 8245
4074 4161 8206
4043 4052 8061
4036 4153 8159
4128 4191 8317
4132 4193 8308
4037 4153 8178
4019 4140 8143
4028 4148 8174
4047 4070 8088
4121 4164 8266
4176 4198 8367
4018 4163 8147
4005 4009 7995
4086 4096 8145
4023 4070 8061
4034 4159 8163
4122 4161 8249
4145 4153 8265
4092 4103 8181
4127 4175 8297
4156 4170 8298
4010 4121 8115
4112 4143 8217
4071 4087 8131
4047 4185 8229
4127 4162 8287
4112 4117 8207
4065 4183 8234
4128 4144 8243
4032 4137 8140
4131 4173 8300
4026 4193 8208
4058 4063 8099
4016 4152 8132
4194 4195 8384
4047 4107 8141
4197 4200 8396
4008 4159 8164
4156 4189 8328
4145 4190 8333
4060 4100 8154
4182 4193 8369
4175 4189 8361
4161 4186 8335
4152 4171 8297
4140 4172 8311
4069 4129 8171
4175 4193 8334
4028 4036 8057
4189 4191 8358
4000 4195 8183
4127 4136 8238
4004 4194 8175
4156 4161 8292
4129 4167 8290
4026 4158 8151
4164 4183 8345
4132 4187 8281
4028 4138 8153
4080 4110 8169
4118 4180 8269
4060 4192 8220
4090 4152 8236
4136 4197 8294
4006 4174 8159
4097 4122 8181
4034 4093 8114
4113 4169 8276
4084 4106 8175
4073 4169 8233
4068 4105 8151
4166 4191 8352
4040 4105 8127
4133 4140 8241
4170 4188 8319
4162 4164 8287
4094 4150 8219
4107 4143 8247
4018 4072 8054
4078 4084 8157
4178 4190 8332
4080 4142 8193
4133 4149 8274
4188 4196 8374
4156 4159 8304
4119 4190 8299
4005 4140 8130
4171 4182 8324
4137 4193 8320
4055 4167 8189
4110 4170 8252
4019 4083 8075
4198 4199 8371
4049 4147 8185
4104 4172 8255
4081 4113 8177
4077 4183 8238
4149 4170 8280
4096 4143 8237

0.010000 0.310000
