400
1873100
4196 4207 8403
4101 4231 8332
4045 4168 8213
4092 4102 8194
4052 4064 8116
3961 4226 8187
4182 4251 8433
4152 4269 8421
4078 4157 8235
4133 4180 8313
4257 4278 8535
3970 4072 8042
4118 4196 8314
4143 4147 8290
4012 4198 8210
4084 4283 8367
4210 4225 8435
4179 4252 8431
4034 4165 8199
4003 4108 8111
4217 4244 8461
3961 4020 7981
4054 4132 8186
4167 4233 8400
4006 4065 8071
4180 4220 8400
4118 4172 8290
4214 4249 8463
4112 4147 8259
4008 4127 8135
4116 4215 8331
4197 4243 8440
4085 4271 8356
4175 4202 8377
4141 4155 8296
3982 4152 8134
4018 4240 8258
4218 4232 8450
4258 4274 8532
4275 4276 8551
4168 4256 8424
4160 4250 8410
4218 4265 8483
4180 4236 8416
4117 4204 8321
4228 4232 8460
4234 4293 8527
4092 4155 8247
3944 4146 8090
4116 4169 8285
4076 4097 8173
4116 4175 8291
4059 4168 8227
4111 4128 8239
3970 4030 8000
4076 4226 8302
4100 4198 8298
4157 4164 8321
4072 4241 8313
4008 4288 8296
4048 4269 8317
4112 4187 8299
4099 4117 8216
3997 4198 8195
4234 4276 8510
4105 4171 8276
4215 4265 8480
4164 4241 8405
4178 4227 8405
4134 4229 8363
4164 4190 8354
4070 4190 8260
3914 4209 8123
4272 4286 8558
4024 4133 8157
4011 4190 8201
4038 4240 8278
4174 4212 8386
4115 4119 8234
4094 4124 8218
4245 4251 8496
4042 4207 8249
3978 4224 8202
3943 4071 8014
4026 4248 8274
4249 4258 8507
4166 4170 8336
4180 4226 8406
4089 4153 8242
4272 4299 8571
4070 4235 8305
4208 4282 8490
4141 4178 8319
4059 4157 8216
4181 4209 8390
4190 4205 8395
3939 4134 8073
4096 4132 8228
4133 4150 8283
4082 4232 8314
4139 4143 8282
4204 4212 8416
4074 4252 8326
4185 4210 8395
4187 4202 8389
3986 4031 8017
4118 4257 8375
4195 4264 8459
4142 4232 8374
4191 4285 8476
3980 4163 8143
4141 4199 8340
3951 3966 7917
4068 4212 8280
3954 4151 8105
4246 4255 8501
4167 4249 8416
4033 4169 8202
4074 4105 8179
4196 4223 8419
4092 4219 8311
3935 4110 8045
4207 4238 8445
4009 4170 8179
4001 4059 8060
3979 4175 8154
4002 4194 8196
4104 4164 8268
4005 4197 8202
4173 4255 8428
4095 4207 8302
4025 4110 8135
4207 4257 8464
4068 4095 8163
4206 4227 8433
4217 4218 8435
4089 4229 8318
4031 4096 8127
4090 4159 8249
4204 4239 8443
4201 4260 8461
4219 4268 8487
4072 4204 8276
4098 4132 8230
4039 4060 8099
4012 4144 8156
3940 4072 8012
4038 4125 8163
4051 4175 8226
4214 4267 8481
3939 3975 7914
3941 4252 8193
4041 4062 8103
3968 4082 8050
4054 4094 8148
4186 4287 8473
4160 4192 8352
4067 4174 8241
4073 4127 8200
4148 4222 8370
4031 4146 8177
4102 4134 8236
4117 4128 8245
4215 4262 8477
4016 4170 8186
3984 4185 8169
4052 4211 8263
4171 4195 8366
4030 4241 8271
4039 4097 8136
4157 4188 8345
4093 4114 8207
3982 4168 8150
4127 4181 8308
4077 4158 8235
4043 4159 8202
3947 4080 8027
4126 4149 8275
4058 4121 8179
4248 4268 8516
4150 4186 8336
3967 4112 8079
4093 4249 8342
4135 4237 8372
4031 4104 8135
4115 4182 8297
4077 4160 8237
4159 4207 8366
4028 4210 8238
4074 4143 8217
4041 4083 8124
3985 3999 7984
4060 4193 8253
3986 4137 8123
4030 4164 8194
4000 4147 8147
4023 4210 8233
4022 4236 8258
4126 4232 8358
4123 4151 8274
4136 4156 8292
4037 4062 8099
4119 4225 8344
3941 4197 8138
4084 4248 8332
3930 4108 8038
4220 4234 8454
4201 4211 8412
4095 4096 8191
4025 4163 8188
4121 4267 8388
4162 4181 8343
3992 4215 8207
3947 4152 8099
4017 4110 8127
4261 4282 8543
4117 4233 8350
3983 3984 7967
4072 4136 8208
4095 4161 8256
3999 4107 8106
4041 4211 8252
4044 4136 8180
4039 4101 8140
4126 4155 8281
4271 4283 8554
4235 4256 8491
4119 4141 8260
4183 4199 8382
4249 4257 8506
4022 4056 8078
4087 4204 8291
4085 4127 8212
3932 4066 7998
4202 4217 8419
4161 4210 8371
4198 4205 8403
4201 4204 8405
4035 4080 8115
4034 4066 8100
4031 4175 8206
4151 4194 8345
3945 4135 8080
4098 4134 8232
4077 4152 8229
4113 4237 8350
4081 4228 8309
4075 4169 8244
4070 4074 8144
4036 4108 8144
4083 4234 8317
4020 4121 8141
4147 4214 8361
3938 4252 8190
4243 4256 8499
4202 4237 8439
4065 4244 8309
4107 4171 8278
4143 4150 8293
4265 4274 8539
4094 4103 8197
4086 4204 8290
3993 4096 8089
4138 4175 8313
4096 4235 8331
4152 4160 8312
4054 4147 8201
4023 4099 8122
4035 4142 8177
4141 4177 8318
4248 4285 8533
4126 4164 8290
4049 4070 8119
4134 4190 8324
4104 4155 8259
3966 4071 8037
4065 4261 8326
3985 4108 8093
3983 3990 7973
4016 4198 8214
3974 4176 8150
4066 4260 8326
4110 4164 8274
3989 4179 8168
4076 4151 8227
4126 4225 8351
3978 4062 8040
4035 4204 8239
4112 4158 8270
4165 4277 8442
4125 4236 8361
4017 4021 8038
4078 4101 8179
4200 4201 8401
4099 4138 8237
4042 4165 8207
4021 4149 8170
4114 4245 8359
4028 4285 8313
4102 4235 8337
4148 4169 8317
3995 4011 8006
3950 4184 8134
4063 4212 8275
4141 4190 8331
4129 4226 8355
4188 4194 8382
4145 4192 8337
4080 4113 8193
4053 4265 8318
4055 4177 8232
3997 4195 8192
4155 4239 8394
4038 4158 8196
4019 4127 8146
4223 4285 8508
4202 4226 8428
4033 4213 8246
4163 4204 8367
4144 4157 8301
4209 4235 8444
4100 4134 8234
4284 4299 8583
4223 4240 8463
3967 4001 7968
3959 4151 8110
4095 4239 8334
4051 4068 8119
4152 4244 8396
4151 4216 8367
4198 4215 8413
4083 4219 8302
3944 4065 8009
4067 4143 8210
4197 4260 8457
4029 4245 8274
4009 4079 8088
4042 4180 8222
4119 4142 8261
4047 4219 8266
4038 4113 8151
4117 4253 8370
4058 4174 8232
4046 4077 8123
4287 4294 8581
3969 3979 7948
4132 4161 8293
4013 4176 8189
4152 4193 8345
4132 4170 8302
3999 4223 8222
4133 4165 8298
4181 4183 8364
4062 4207 8269
4037 4154 8191
4004 4190 8194
4127 4242 8369
4223 4283 8506
4054 4094 8148
4063 4134 8197
4111 4113 8224
4099 4151 8250
4050 4057 8107
3952 4111 8063
4024 4114 8138
4014 4118 8132
4209 4239 8448
4133 4140 8273
4078 4110 8188
4049 4197 8246
4107 4177 8284
3955 4129 8084
4195 4224 8419
3960 4177 8137
4167 4204 8371
4001 4115 8116
4261 4264 8525
4061 4121 8182
4068 4159 8227
4031 4237 8268
4259 4279 8538
4190 4219 8409
4109 4148 8257
4141 4262 8403
4023 4173 8196
4198 4242 8440
4050 4076 8126
4043 4160 8203
4143 4184 8327
4082 4207 8289
4027 4153 8180
4039 4082 8121
3974 4056 8030
4238 4272 8510
4052 4256 8308
4006 4153 8159
4065 4102 8167
4104 4166 8270
4006 4114 8120
4170 4262 8432

4130 4152 8272
4023 4167 8170
4048 4112 8146
4022 4066 8068
4001 4021 7990
4041 4163 8200
4151 4158 8301
4178 4200 8355
4088 4147 8203
4191 4192 8376
4193 4194 8349
4033 4038 8065
4140 4143 8249
4052 4172 8208
4055 4133 8153
4045 4189 8203
4113 4182 8270
4188 4189 8375
4029 4079 8072
4075 4144 8200
4136 4148 8245
4013 4079 8084
4046 4082 8120
4116 4195 8292
4052 4129 8180
4105 4171 8259
4173 4187 8354
4140 4153 8263
4098 4133 8222
4010 4066 8039
4177 4195 8366
4143 4172 8303
4146 4193 8311
4174 4182 8321
4176 4180 8346
4044 4196 8232
4113 4146 8233
4143 4190 8318
4171 4176 8324
4196 4197 8387
4124 4177 8296
4066 4164 8214
4180 4193 8364
4134 4194 8313
4107 4173 8261
4152 4195 8310
4152 4194 8326
4009 4138 8139
4012 4084 8076
4077 4088 8134
4130 4168 8270
4066 4114 8179
4046 4166 8182
4085 4163 8241
4046 4090 8117
4080 4194 8251
4093 4145 8204
4064 4065 8114
4048 4148 8189
4018 4193 8193
4141 4198 8301
4032 4161 8191
4003 4152 8117
4013 4179 8179
4139 4190 8328
4059 4140 8185
4178 4183 8339
4178 4191 8344
4173 4191 8327
4040 4175 8178
4078 4101 8146
4022 4137 8133
4012 4126 8126
4185 4190 8354
4025 4177 8175
4000 4122 8095
4010 4152 8153
4189 4190 8346
4015 4198 8195
4093 4094 8173
4197 4200 8395
4012 4189 8163
4070 4179 8219
4001 4132 8114
4018 4155 8153
4164 4192 8348
4086 4171 8241
4162 4170 8301
4012 4132 8125
4195 4200 8373
4032 4188 8207
4120 4192 8280
4136 4142 8256
4044 4187 8222
4127 4143 8256
4171 4193 8338
4006 4093 8088
4098 4135 8211
4167 4188 8334
4161 4194 8349
4043 4053 8088
4111 4124 8205
4058 4191 8236
4101 4153 8250
4121 4191 8282
4038 4100 8100
4172 4187 8348
4196 4199 8382
4065 4158 8209
4185 4188 8353
4028 4200 8209
4114 4172 8247
4008 4009 8009
4089 4159 8244
4033 4078 8095
4156 4172 8297
4071 4153 8222
4102 4124 8224
4059 4143 8170
4151 4163 8285
4095 4197 8259
4011 4199 8176
4166 4170 8312
4071 4080 8143
4012 4140 8132
4029 4076 8078
4015 4195 8207
4161 4196 8347
4032 4104 8112
4176 4182 8334
4005 4136 8111
4022 4053 8051
4187 4190 8374
4027 4056 8048
4145 4149 8282
4126 4188 8281
4021 4197 8210
4000 4168 8165
4043 4152 8162
4120 4176 8293
4141 4175 8288
4150 4170 8281
4081 4129 8179
4075 4112 8163
4058 4145 8191
4106 4150 8248
4006 4087 8084
4121 4199 8318
4057 4097 8152
4121 4196 8288
4014 4031 8025
4007 4152 8135
4004 4056 8047
4043 4160 8176
4129 4163 8254
4185 4194 8360
4154 4167 8303
4030 4165 8172
4156 4158 8296
4190 4195 8364
4043 4055 8070
4048 4148 8176
4192 4196 8363
4199 4200 8364
4090 4120 8202
4078 4183 8224
4128 4196 8294
4144 4178 8302
4050 4156 8187
4004 4024 8004
4092 4104 8175
4027 4069 8060
4048 4096 8123
4074 4090 8141
4008 4110 8100
4046 4097 8117
4030 4083 8096
4156 4164 8299
4037 4198 8228
4170 4181 8316
4128 4181 8273
4010 4056 8032
4035 4164 8168
4160 4166 8317
4004 4035 8021
4114 4128 8234
4125 4131 8249
4100 4167 8257
4101 4169 8237
4000 4080 8048
4076 4151 8224
4060 4071 8102
4022 4100 8092
4029 4191 8209
4070 4150 8217
4054 4069 8088
4082 4126 8179
4022 4151 8153
4128 4147 8274
4092 4145 8236
4044 4103 8143
4022 4029 8034
4132 4152 8255
4011 4180 8185
4184 4193 8367
4014 4020 8028
4184 4197 8371
4128 4166 8278
4008 4072 8066
4039 4119 8135
4187 4197 8379
4166 4173 8315
4064 4167 8219
4027 4061 8063
4059 4140 8181
4180 4191 8343
4190 4193 8362
4057 4082 8133
4033 4056 8052
4110 4130 8213
4048 4079 8101
4135 4141 8254
4045 4070 8089
4027 4069 8071
4140 4157 8286
4184 4185 8361
4146 4162 8304
4060 4099 8148
4093 4133 8211
4174 4177 8314
4089 4108 8162
4082 4181 8262
4011 4085 8062
4014 4164 8148
4136 4189 8314
4069 4127 8188
4127 4146 8253
4119 4121 8234
4114 4139 8234
4076 4163 8205
4080 4106 8165
4061 4138 8189
4037 4149 8148
4140 4153 8283
4123 4186 8278
4163 4185 8347
4091 4189 8269
4041 4097 8109
4000 4079 8053
4090 4151 8204
4118 4181 8285
4080 4125 8195
4055 4127 8154
4000 4153 8151
4188 4193 8360
4167 4177 8310
4099 4168 8242
4143 4144 8269
4151 4168 8312
4179 4180 8338
4107 4113 8182
4024 4113 8108
4054 4127 8165
4122 4126 8241
4193 4196 8358
4070 4078 8129
4104 4143 8242
4055 4197 8235
4114 4164 8243
4131 4167 8285
4194 4197 8377
4077 4166 8213
4149 4170 8294
4047 4107 8150
4178 4193 8335
4000 4028 8026
4135 4188 8316
4025 4034 8044
4013 4071 8081
4088 4107 8183
4036 4113 8145
4077 4164 8206
4010 4081 8071
4035 4108 8127
4045 4099 8109
4142 4164 8287
4039 4087 8093
4132 4137 8238
4113 4151 8241
4193 4199 8389
4149 4189 8325
4036 4068 8102
4050 4112 8156
4177 4190 8340
4043 4127 8162
4054 4080 8105
4001 4073 8062
4135 4190 8293
4098 4189 8258
4171 4188 8356
4153 4179 8302
4015 4094 8105
4024 4144 8147
4005 4123 8101
4190 4198 8354
4132 4199 8301
4126 4134 8239
4120 4162 8266
4032 4068 8086
4111 4190 8283
4094 4139 8196
4097 4109 8197
4189 4190 8355
4020 4102 8101
4100 4175 8236
4176 4187 8356
4112 4139 8219
4045 4120 8154
4088 4152 8215
4058 4095 8134
4125 4162 8258
4016 4179 8179
4193 4200 8373
4127 4173 8269
4005 4028 8031
4047 4132 8147
4053 4146 8186
4006 4079 8056
4197 4199 8366
4180 4190 8354
4186 4194 8352
4064 4129 8160
4002 4005 8006
4049 4107 8135
4109 4169 8273
4078 4191 8233
4047 4141 8168
4135 4138 8263
4026 4075 8091
4072 4194 8248
4110 4165 8260
4165 4180 8344
4012 4091 8099
4092 4130 8186
4189 4200 8366
4009 4063 8054
4048 4068 8095
4006 4188 8158
4063 4168 8225
4061 4103 8155
4087 4161 8226
4047 4079 8114
4128 4167 8266
4030 4116 8131
4072 4091 8146
4094 4166 8235
4184 4189 8336
4135 4186 8309
4005 4127 8096
4029 4088 8089
4049 4123 8138
4094 4112 8168
4137 4155 8274
4034 4163 8173
4102 4181 8245
4021 4187 8192
4136 4159 8267
4162 4196 8351
4059 4138 8169
4050 4104 8143
4132 4166 8262
4001 4079 8069
4191 4192 8344
4029 4184 8203
4146 4194 8333
4034 4140 8168
4173 4199 8333
4076 4130 8194
4012 4129 8121
4030 4151 8178
4185 4196 8373
4112 4154 8238
4109 4142 8223
4103 4184 8253
4090 4142 8201
4194 4199 8372
4010 4048 8020
4109 4200 8277
4197 4198 8364
4159 4177 8318
4075 4163 8220
4031 4044 8072
4001 4145 8127
4173 4200 8348
4108 4168 8266
4093 4112 8178
4071 4185 8233
4080 4127 8201
4070 4111 8172
4097 4171 8257

0.010000 0.570000
