400
1808951
4023 4044 8067
4158 4192 8350
4075 4196 8271
4020 4078 8098
4075 4159 8234
3995 4101 8096
4125 4144 8269
4062 4253 8315
3985 4098 8083
4116 4240 8356
4230 4264 8494
4063 4187 8250
4131 4226 8357
3995 4126 8121
4121 4153 8274
4063 4115 8178
4031 4056 8087
4082 4259 8341
4124 4168 8292
4061 4203 8264
4143 4165 8308
4062 4216 8278
4162 4258 8420
4080 4125 8205
4188 4224 8412
4236 4261 8497
4042 4082 8124
4127 4171 8298
4232 4235 8467
4261 4285 8546
4025 4041 8066
4135 4137 8272
4115 4171 8286
4016 4133 8149
4085 4256 8341
4008 4235 8243
4044 4070 8114
4049 4109 8158
4064 4106 8170
4114 4189 8303
3912 3965 7877
3936 3994 7930
3995 4214 8209
3989 4004 7993
4266 4283 8549
3998 4032 8030
3979 4044 8023
4093 4117 8210
4062 4172 8234
4082 4112 8194
4109 4168 8277
4150 4204 8354
3993 4211 8204
4229 4236 8465
4084 4223 8307
3940 4191 8131
4164 4248 8412
4120 4156 8276
3998 4194 8192
4000 4015 8015
3957 4184 8141
4017 4036 8053
4174 4255 8429
4004 4170 8174
4171 4254 8425
4088 4093 8181
4167 4218 8385
4062 4269 8331
4149 4157 8306
3997 4082 8079
4152 4259 8411
3988 4214 8202
4015 4246 8261
4136 4246 8382
4175 4191 8366
4242 4268 8510
4047 4131 8178
4188 4241 8429
3944 4094 8038
4219 4292 8511
4080 4117 8197
4058 4179 8237
3926 4111 8037
4071 4100 8171
3960 4116 8076
4051 4219 8270
3987 4046 8033
4223 4260 8483
4154 4237 8391
3991 4132 8123
4008 4164 8172
4116 4254 8370
3958 4187 8145
4183 4224 8407
3994 4072 8066
4003 4224 8227
3933 4191 8124
4080 4196 8276
4198 4220 8418
3938 4060 7998
3983 4135 8118
3968 4207 8175
4106 4109 8215
4148 4209 8357
4232 4254 8486
4008 4169 8177
4124 4176 8300
4128 4181 8309
4124 4140 8264
4229 4273 8502
4230 4233 8463
4063 4086 8149
4089 4264 8353
4113 4130 8243
4104 4217 8321
4057 4180 8237
4229 4237 8466
4210 4283 8493
3984 4090 8074
4187 4216 8403
4110 4223 8333
4156 4218 8374
4257 4285 8542
4080 4084 8164
4218 4221 8439
4183 4244 8427
4226 4235 8461
4257 4290 8547
4164 4171 8335
4203 4251 8454
4192 4204 8396
4185 4206 8391
4267 4272 8539
4184 4273 8457
4211 4268 8479
3948 4018 7966
3949 4234 8183
4185 4201 8386
4116 4241 8357
3984 4020 8004
4164 4221 8385
3996 4180 8176
4128 4260 8388
4033 4258 8291
3926 3990 7916
4133 4149 8282
4049 4107 8156
4192 4200 8392
4181 4205 8386
4080 4082 8162
4176 4242 8418
4018 4122 8140
4116 4149 8265
4266 4271 8537
4069 4182 8251
4102 4245 8347
4089 4263 8352
4131 4161 8292
4027 4074 8101
4115 4146 8261
4078 4224 8302
4045 4205 8250
4202 4224 8426
4019 4211 8230
4138 4168 8306
4036 4085 8121
4074 4187 8261
4024 4155 8179
4091 4189 8280
4053 4118 8171
3985 4178 8163
4015 4192 8207
4046 4238 8284
4153 4181 8334
3941 4091 8032
4001 4250 8251
3984 4190 8174
4035 4141 8176
4172 4184 8356
4124 4261 8385
4014 4101 8115
4078 4212 8290
4125 4191 8316
4125 4130 8255
4108 4242 8350
4213 4236 8449
4222 4253 8475
4144 4196 8340
4121 4190 8311
4092 4134 8226
4077 4180 8257
4202 4210 8412
3992 4203 8195
3903 4089 7992
3977 4185 8162
4231 4283 8514
3984 4229 8213
4023 4067 8090
4063 4274 8337
4049 4207 8256
4138 4254 8392
3959 4084 8043
4154 4187 8341
4145 4222 8367
4169 4206 8375
3979 4095 8074
4174 4189 8363
4009 4249 8258
4016 4052 8068
4024 4153 8177
4041 4210 8251
4091 4103 8194
4139 4145 8284
4174 4177 8351
3995 4203 8198
4017 4077 8094
4242 4269 8511
4094 4118 8212
4041 4268 8309
3971 4246 8217
4189 4250 8439
4164 4237 8401
3999 4072 8071
4100 4243 8343
4078 4193 8271
4107 4116 8223
4125 4160 8285
4212 4240 8452
4054 4140 8194
4053 4132 8185
4198 4207 8405
4175 4233 8408
4083 4097 8180
4144 4196 8340
4012 4186 8198
4101 4280 8381
4029 4083 8112
3979 4195 8174
4220 4239 8459
4233 4296 8529
4001 4107 8108
3953 4101 8054
4104 4158 8262
4154 4194 8348
4237 4278 8515
4066 4124 8190
4040 4054 8094
4116 4126 8242
4250 4254 8504
4146 4274 8420
4061 4106 8167
4079 4151 8230
4219 4254 8473
4176 4242 8418
4106 4214 8320
4128 4203 8331
4115 4136 8251
3984 4167 8151
4086 4274 8360
3929 3988 7917
4242 4250 8492
3977 4105 8082
4026 4056 8082
3976 4038 8014
4004 4132 8136
4244 4259 8503
4240 4262 8502
4104 4226 8330
4003 4099 8102
4141 4196 8337
4172 4216 8388
4094 4115 8209
3950 4077 8027
4061 4154 8215
4058 4159 8217
3981 4187 8168
4173 4269 8442
4277 4291 8568
4076 4129 8205
4077 4216 8293
3921 4233 8154
4091 4106 8197
4119 4208 8327
4082 4137 8219
4077 4093 8170
4170 4174 8344
4103 4117 8220
3936 4198 8134
3976 4043 8019
4035 4119 8154
4241 4261 8502
4054 4083 8137
4104 4230 8334
4115 4259 8374
4097 4123 8220
4065 4175 8240
4176 4199 8375
4225 4245 8470
4090 4124 8214
4117 4141 8258
4225 4295 8520
4004 4128 8132
3986 4114 8100
4165 4284 8449
4186 4199 8385
4131 4188 8319
3999 4080 8079
4018 4168 8186
4154 4214 8368
4066 4122 8188
4133 4187 8320
3934 3982 7916
4196 4247 8443
4131 4245 8376
4069 4116 8185
4077 4100 8177
4190 4268 8458
4013 4102 8115
4054 4103 8157
4151 4215 8366
4127 4156 8283
4258 4260 8518
4107 4260 8367
4030 4266 8296
3988 4200 8188
4226 4279 8505
4230 4272 8502
4179 4197 8376
4038 4050 8088
3980 4108 8088
4202 4252 8454
4021 4089 8110
4231 4256 8487
4011 4028 8039
4163 4205 8368
4130 4141 8271
4105 4138 8243
4172 4214 8386
4107 4144 8251
4135 4248 8383
4082 4259 8341
4089 4277 8366
4068 4274 8342
4071 4152 8223
4163 4227 8390
4203 4276 8479
4215 4248 8463
4115 4195 8310
4037 4164 8201
4064 4176 8240
3990 4247 8237
4117 4142 8259
4090 4280 8370
4042 4144 8186
4148 4158 8306
4093 4161 8254
4227 4258 8485
4052 4184 8236
4030 4124 8154
4016 4181 8197
4175 4233 8408
4099 4275 8374
4039 4212 8251
4066 4188 8254
4144 4200 8344
4155 4203 8358
4127 4198 8325
4133 4149 8282
4094 4233 8327
4152 4167 8319
4129 4145 8274
4129 4198 8327
4104 4111 8215
4151 4163 8314
4116 4158 8274
4075 4153 8228
4078 4084 8162
4074 4243 8317
4032 4143 8175
3967 4153 8120
4142 4258 8400
4188 4244 8432
4021 4118 8139
4133 4189 8322
4101 4110 8211
3944 4138 8082
3908 3944 7852
4250 4268 8518
4034 4076 8110
4051 4162 8213
4022 4150 8172
4135 4198 8333
4118 4152 8270
4163 4188 8351
4107 4195 8302
4085 4252 8337
4142 4177 8319
4100 4164 8264
4295 4298 8593
4116 4222 8338

4005 4071 8040
4165 4192 8337
4070 4188 8249
4014 4068 8073
4073 4109 8166
4000 4134 8127
4025 4067 8086
4141 4188 8324
4054 4153 8172
4169 4170 8325
4164 4183 8322
4089 4147 8200
4050 4146 8189
4011 4078 8061
4141 4165 8275
4029 4088 8095
4001 4006 8004
4178 4190 8353
4065 4122 8159
4005 4161 8152
4044 4122 8128
4106 4154 8222
4117 4191 8277
4104 4196 8291
4145 4152 8270
4152 4168 8312
4084 4136 8204
4185 4189 8360
4145 4149 8280
4187 4199 8377
4097 4126 8216
4119 4191 8303
4073 4109 8154
4068 4069 8122
4031 4171 8192
4048 4153 8163
4026 4087 8075
4120 4198 8289
4020 4108 8095
4157 4181 8310
4010 4063 8064
4014 4060 8039
4048 4161 8207
4004 4089 8091
4172 4189 8340
4011 4127 8106
4002 4040 8033
4086 4092 8177
4064 4074 8109
4008 4019 8010
4099 4108 8175
4061 4108 8147
4009 4132 8132
4168 4178 8337
4078 4141 8204
4033 4092 8115
4142 4189 8319
4181 4187 8342
4047 4141 8180
4027 4073 8088
4008 4118 8090
4026 4094 8106
4133 4159 8263
4046 4097 8114
4183 4190 8337
4099 4110 8180
4072 4167 8237
4002 4187 8154
4169 4194 8345
4061 4115 8167
4135 4165 8283
4082 4157 8205
4101 4199 8269
4046 4187 8220
4155 4175 8318
4176 4187 8355
4101 4121 8192
4142 4171 8298
4017 4111 8106
4175 4192 8328
4137 4146 8257
4142 4171 8277
4012 4154 8162
4147 4195 8306
4053 4142 8171
4110 4140 8229
4022 4093 8090
4157 4182 8311
4136 4196 8303
4075 4114 8159
4090 4191 8256
4160 4178 8308
4045 4112 8141
4140 4184 8307
4015 4028 8007
4068 4178 8208
4011 4112 8099
4174 4182 8336
4178 4180 8342
4017 4112 8099
4064 4122 8171
4014 4149 8130
4054 4190 8216
4052 4170 8220
4139 4163 8268
4047 4091 8116
4038 4117 8152
4118 4139 8253
4117 4168 8254
4141 4173 8292
4145 4165 8307
4042 4119 8153
4175 4189 8326
4047 4101 8126
4188 4200 8381
4046 4080 8089
4134 4149 8258
4158 4192 8339
4011 4040 8019
4166 4185 8319
4135 4172 8280
4060 4155 8202
4162 4195 8333
4044 4049 8056
4153 4175 8312
4191 4195 8348
4134 4184 8313
4158 4191 8325
4117 4155 8265
4188 4191 8349
4179 4193 8355
4100 4107 8206
4175 4192 8338
4128 4187 8298
4159 4175 8332
4001 4018 7993
4029 4189 8194
4118 4182 8266
4171 4178 8340
4015 4048 8032
4075 4129 8177
4086 4185 8254
4177 4181 8337
4088 4187 8261
4000 4047 8043
4147 4176 8320
4119 4186 8277
4113 4182 8274
4107 4186 8254
4000 4078 8075
4104 4186 8285
4045 4166 8175
4154 4161 8279
4183 4186 8340
4111 4144 8228
4004 4159 8145
4134 4174 8270
4170 4197 8334
4020 4036 8049
4091 4124 8177
4152 4164 8296
4073 4183 8233
4116 4159 8252
4110 4184 8278
4057 4158 8196
4053 4095 8127
4174 4198 8365
4102 4188 8286
4130 4199 8316
4064 4081 8135
4077 4123 8195
4050 4188 8223
4121 4139 8251
4100 4132 8212
4006 4064 8044
4099 4198 8294
4049 4114 8162
4035 4089 8115
4099 4134 8224
4057 4162 8194
4094 4104 8191
4089 4174 8262
4140 4159 8265
4067 4138 8171
4186 4199 8347
4140 4187 8311
4181 4196 8366
4187 4196 8344
4102 4107 8190
4048 4159 8184
4068 4124 8186
4111 4174 8277
4086 4189 8245
4003 4050 8031
4042 4176 8207
4185 4188 8335
4043 4162 8194
4069 4139 8171
4120 4190 8297
4125 4167 8279
4172 4198 8337
4051 4180 8226
4058 4184 8231
4136 4158 8268
4196 4200 8370
4078 4174 8217
4180 4193 8348
4100 4189 8286
4020 4139 8123
4030 4077 8085
4080 4114 8167
4043 4051 8076
4063 4066 8091
4075 4077 8117
4058 4195 8240
4076 4139 8183
4162 4184 8311
4017 4030 8023
4006 4168 8138
4028 4150 8165
4147 4154 8265
4186 4192 8361
4018 4050 8063
4137 4186 8319
4028 4162 8176
4033 4039 8063
4125 4126 8212
4181 4183 8333
4133 4135 8234
4014 4134 8123
4107 4160 8235
4154 4155 8305
4004 4142 8108
4083 4140 8204
4096 4160 8241
4140 4181 8319
4072 4148 8186
4072 4192 8238
4181 4185 8347
4187 4197 8366
4088 4196 8260
4015 4097 8095
4030 4190 8215
4165 4189 8339
4176 4194 8356
4024 4156 8167
4070 4150 8204
4016 4080 8086
4154 4167 8316
4115 4177 8290
4101 4199 8299
4129 4199 8308
4121 4160 8274
4175 4200 8345
4141 4147 8281
4107 4162 8267
4173 4177 8348
4004 4170 8148
4133 4199 8321
4013 4076 8083
4143 4174 8282
4069 4125 8175
4016 4098 8094
4040 4059 8077
4030 4036 8030
4192 4198 8383
4173 4185 8340
4084 4171 8249
4040 4192 8206
4146 4149 8257
4084 4177 8257
4190 4200 8368
4049 4060 8074
4036 4199 8198
4131 4157 8287
4010 4105 8083
4158 4193 8318
4183 4196 8340
4006 4029 8011
4148 4154 8291
4010 4194 8201
4004 4154 8143
4103 4128 8229
4152 4173 8321
4039 4150 8184
4079 4126 8176
4041 4124 8133
4031 4108 8116
4006 4057 8043
4004 4033 8009
4163 4175 8325
4025 4079 8074
4158 4170 8308
4178 4197 8338
4146 4191 8329
4111 4182 8289
4107 4165 8256
4190 4196 8348
4168 4183 8327
4028 4150 8154
4153 4196 8330
4020 4171 8154
4010 4071 8077
4158 4188 8317
4100 4109 8172
4075 4094 8160
4067 4081 8111
4089 4123 8180
4113 4170 8268
4141 4153 8263
4180 4195 8347
4023 4059 8073
4161 4171 8305
4083 4176 8256
4100 4102 8190
4026 4099 8120
4175 4196 8354
4004 4155 8138
4052 4185 8210
4051 4118 8168
4177 4196 8335
4161 4177 8308
4091 4191 8280
4118 4172 8261
4084 4126 8175
4172 4185 8318
4166 4191 8319
4121 4177 8263
4027 4062 8068
4010 4014 8008
4135 4184 8285
4098 4165 8260
4180 4195 8345
4038 4043 8051
4099 4106 8198
4097 4162 8249
4163 4171 8318
4136 4147 8264
4051 4068 8117
4145 4151 8261
4172 4192 8353
4140 4187 8300
4115 4181 8288
4163 4196 8342
4119 4139 8253
4181 4200 8379
4159 4182 8306
4105 4113 8193
4079 4115 8180
4030 4194 8213
4004 4173 8159
4126 4196 8284
4173 4200 8336
4078 4137 8209
4136 4141 8242
4147 4182 8298
4154 4193 8335
4023 4120 8125
4030 4052 8049
4055 4140 8166
4146 4172 8310
4188 4192 8350
4046 4116 8138
4086 4132 8201
4114 4164 8242
4110 4152 8239
4164 4188 8335
4041 4059 8079
4099 4138 8200
4178 4200 8376
4187 4195 8349
4196 4199 8384
4150 4189 8312
4059 4109 8156
4019 4061 8044
4018 4053 8057
4003 4025 8013
4117 4179 8258
4118 4140 8219
4047 4180 8208
4165 4186 8335
4194 4196 8357
4054 4058 8086
4094 4132 8219
4058 4169 8213
4008 4120 8100
4003 4037 8004
4162 4179 8320
4055 4057 8091
4044 4185 8205
4009 4143 8138
4103 4118 8194
4055 4200 8229
4080 4101 8180
4196 4198 8376
4141 4154 8262
4071 4133 8195
4143 4167 8279
4198 4199 8390
4157 4171 8319

0.010000 0.550000
