400
987788
4181 4206 8387
4113 4220 8333
4155 4172 8327
4016 4141 8157
4169 4255 8424
3964 4136 8100
4121 4170 8291
4031 4237 8268
4088 4134 8222
4060 4252 8312
4156 4242 8398
4109 4114 8223
4262 4268 8530
4152 4201 8353
3996 4023 8019
4100 4208 8308
4130 4195 8325
4045 4150 8195
4081 4120 8201
4045 4227 8272
4081 4232 8313
4073 4118 8191
4069 4142 8211
4091 4169 8260
3980 4034 8014
4235 4244 8479
4035 4261 8296
4115 4233 8348
4031 4061 8092
3982 4230 8212
4045 4052 8097
4075 4111 8186
3935 4000 7935
3967 4073 8040
4139 4223 8362
4084 4158 8242
4163 4279 8442
4121 4169 8290
4029 4223 8252
4109 4227 8336
4171 4179 8350
4007 4137 8144
4083 4150 8233
4065 4246 8311
4026 4040 8066
3993 4101 8094
3925 4144 8069
4187 4208 8395
4090 4197 8287
4066 4159 8225
4112 4263 8375
4007 4140 8147
4156 4225 8381
4027 4219 8246
4194 4210 8404
4222 4239 8461
4075 4165 8240
4183 4214 8397
3988 4018 8006
4226 4242 8468
4087 4172 8259
4226 4237 8463
4079 4091 8170
4150 4167 8317
4253 4263 8516
4197 4234 8431
4050 4131 8181
4097 4254 8351
4134 4251 8385
4186 4217 8403
4031 4130 8161
4081 4191 8272
4118 4241 8359
4224 4240 8464
4063 4156 8219
4083 4146 8229
4035 4171 8206
4108 4180 8288
4044 4153 8197
4199 4228 8427
4113 4139 8252
4135 4240 8375
4034 4060 8094
4005 4022 8027
4196 4259 8455
3965 3988 7953
4179 4219 8398
4196 4245 8441
4098 4168 8266
3967 4194 8161
4268 4276 8544
4168 4222 8390
4035 4038 8073
4235 4239 8474
4218 4283 8501
4072 4094 8166
4126 4163 8289
4022 4204 8226
4118 4121 8239
4192 4275 8467
4057 4102 8159
4269 4282 8551
4119 4165 8284
3947 3969 7916
4057 4219 8276
4040 4104 8144
4034 4064 8098
4056 4098 8154
4096 4143 8239
4118 4203 8321
4087 4095 8182
4164 4255 8419
3996 4171 8167
4085 4141 8226
4073 4165 8238
4157 4240 8397
4130 4229 8359
4009 4143 8152
3965 4172 8137
4277 4280 8557
4081 4268 8349
4200 4213 8413
4013 4097 8110
4134 4183 8317
4075 4268 8343
4167 4284 8451
4174 4190 8364
4080 4124 8204
4146 4160 8306
3922 4168 8090
4224 4276 8500
4232 4299 8531
4063 4121 8184
3968 4137 8105
4100 4244 8344
4052 4122 8174
4273 4274 8547
4000 4064 8064
4236 4269 8505
4045 4122 8167
4122 4175 8297
4010 4237 8247
4019 4205 8224
4026 4167 8193
4058 4174 8232
4047 4169 8216
4064 4176 8240
3955 4089 8044
4128 4277 8405
4259 4278 8537
4186 4229 8415
4125 4204 8329
4296 4298 8594
4185 4237 8422
4071 4146 8217
4154 4157 8311
4045 4109 8154
4132 4149 8281
4242 4282 8524
4090 4270 8360
3934 3986 7920
4213 4229 8442
4090 4154 8244
4143 4207 8350
4148 4278 8426
4144 4180 8324
4102 4189 8291
4194 4270 8464
4059 4136 8195
4051 4244 8295
4075 4077 8152
4089 4197 8286
4023 4117 8140
4012 4045 8057
3962 4129 8091
4212 4263 8475
4090 4124 8214
4042 4154 8196
4208 4254 8462
3977 4095 8072
4259 4261 8520
3982 4127 8109
4033 4036 8069
4162 4173 8335
4138 4210 8348
4074 4144 8218
4175 4268 8443
4043 4129 8172
4091 4097 8188
4096 4105 8201
4057 4090 8147
4130 4132 8262
4148 4172 8320
4131 4220 8351
4134 4170 8304
4098 4176 8274
4106 4163 8269
4203 4205 8408
4101 4262 8363
4178 4195 8373
4125 4164 8289
4043 4052 8095
4145 4149 8294
4198 4224 8422
4211 4235 8446
4199 4270 8469
4052 4172 8224
4229 4261 8490
4039 4192 8231
4113 4134 8247
4130 4135 8265
4111 4190 8301
4126 4135 8261
4021 4147 8168
4039 4051 8090
4126 4187 8313
4110 4173 8283
4239 4242 8481
3980 4269 8249
3978 4032 8010
4094 4152 8246
4122 4273 8395
4115 4183 8298
4139 4163 8302
4065 4189 8254
4078 4273 8351
4094 4104 8198
4084 4088 8172
4001 4068 8069
3964 4000 7964
4158 4276 8434
4021 4230 8251
4062 4117 8179
4144 4198 8342
4196 4221 8417
4156 4266 8422
4111 4254 8365
4069 4134 8203
3939 4175 8114
4188 4240 8428
4044 4103 8147
4174 4199 8373
4039 4139 8178
4003 4027 8030
4109 4140 8249
3940 4070 8010
4033 4175 8208
4091 4122 8213
3976 4187 8163
3965 4155 8120
4122 4269 8391
4056 4232 8288
4152 4188 8340
4146 4182 8328
4032 4216 8248
3973 4144 8117
4105 4280 8385
4031 4201 8232
4127 4134 8261
4243 4257 8500
4100 4108 8208
4175 4256 8431
3999 4122 8121
3992 4037 8029
4071 4083 8154
3955 4142 8097
4240 4262 8502
3973 4265 8238
4079 4170 8249
4110 4206 8316
3960 4042 8002
4116 4188 8304
4049 4089 8138
4109 4211 8320
4005 4199 8204
4004 4193 8197
4161 4200 8361
4238 4272 8510
4280 4281 8561
4214 4218 8432
4170 4241 8411
4053 4101 8154
3991 4187 8178
4221 4231 8452
4256 4268 8524
4128 4141 8269
4131 4151 8282
4087 4230 8317
3969 4094 8063
4204 4256 8460
4217 4247 8464
3995 4157 8152
4138 4195 8333
4098 4100 8198
3997 4233 8230
4183 4196 8379
4154 4230 8384
3941 4053 7994
4051 4181 8232
4154 4160 8314
4239 4242 8481
4164 4225 8389
3960 4104 8064
4134 4212 8346
4088 4217 8305
3969 3982 7951
4095 4263 8358
4201 4280 8481
4139 4164 8303
4091 4161 8252
4199 4221 8420
4141 4221 8362
3985 4270 8255
4192 4215 8407
4144 4175 8319
4098 4105 8203
4194 4204 8398
4090 4160 8250
4032 4116 8148
4090 4098 8188
4066 4135 8201
4123 4166 8289
4009 4215 8224
4074 4091 8165
4068 4155 8223
4064 4124 8188
4119 4172 8291
4084 4090 8174
4076 4150 8226
4183 4222 8405
4018 4196 8214
3980 4061 8041
4148 4149 8297
4271 4279 8550
4269 4277 8546
4030 4092 8122
3972 4191 8163
3977 4010 7987
4195 4283 8478
4284 4292 8576
4122 4231 8353
4127 4208 8335
4141 4262 8403
4073 4151 8224
4014 4044 8058
4229 4291 8520
4096 4154 8250
4063 4158 8221
4071 4204 8275
4120 4149 8269
4016 4160 8176
4117 4151 8268
4015 4077 8092
4095 4144 8239
3957 4120 8077
4132 4166 8298
4065 4088 8153
4004 4055 8059
4039 4190 8229
4102 4104 8206
4125 4264 8389
3949 4049 7998
4024 4238 8262
4269 4274 8543
4125 4266 8391
4096 4136 8232
3982 4132 8114
4076 4123 8199
4262 4286 8548
3956 3987 7943
4280 4282 8562
4004 4202 8206
4139 4277 8416
4079 4227 8306
4121 4249 8370
4070 4111 8181
4127 4165 8292
3994 4185 8179
4162 4174 8336
4193 4211 8404
4048 4161 8209
4168 4169 8337
4200 4272 8472
4028 4177 8205
4222 4266 8488
4048 4101 8149
4075 4106 8181
3975 4038 8013
4200 4231 8431
4209 4238 8447
4261 4276 8537
3986 4162 8148
4160 4174 8334
4060 4064 8124
4057 4133 8190
4106 4112 8218
4231 4248 8479
4216 4275 8491
4203 4284 8487
4120 4289 8409

4177 4191 8341
4107 4153 8223
4079 4185 8236
4015 4047 8040
4194 4198 8359
4023 4059 8071
4094 4111 8197
4066 4182 8218
4031 4053 8081
4018 4185 8168
4096 4149 8233
4028 4139 8137
4187 4196 8364
4094 4173 8242
4003 4017 7984
4163 4179 8309
4162 4187 8330
4025 4072 8092
4152 4161 8296
4126 4180 8267
4159 4174 8295
4160 4187 8319
4004 4061 8059
4015 4155 8144
4028 4091 8094
4188 4200 8350
4132 4177 8297
4121 4142 8231
4068 4149 8209
4078 4192 8254
4002 4119 8090
4060 4137 8193
4030 4042 8041
4047 4152 8161
4119 4178 8278
4135 4189 8314
4164 4193 8325
4080 4111 8178
4032 4189 8217
4104 4132 8206
4129 4130 8223
4104 4192 8274
4086 4166 8240
4106 4146 8249
4022 4103 8093
4002 4086 8074
4005 4174 8149
4169 4173 8337
4105 4161 8253
4157 4187 8341
4124 4165 8260
4089 4095 8167
4174 4179 8348
4024 4158 8150
4124 4176 8270
4181 4198 8365
4060 4181 8236
4150 4163 8275
4007 4073 8047
4136 4149 8268
4034 4074 8079
4195 4197 8376
4046 4144 8159
4079 4117 8180
4159 4181 8336
4165 4188 8330
4069 4106 8152
4133 4191 8293
4167 4193 8350
4158 4186 8332
4019 4103 8117
4155 4165 8299
4093 4199 8256
4128 4156 8276
4156 4175 8293
4137 4154 8260
4044 4176 8192
4059 4150 8208
4046 4169 8188
4145 4151 8280
4054 4163 8187
4046 4172 8207
4111 4141 8217
4020 4036 8027
4172 4173 8321
4037 4063 8085
4121 4186 8285
4162 4173 8317
4067 4193 8237
4046 4133 8143
4172 4181 8351
4126 4148 8258
4123 4128 8245
4184 4189 8371
4179 4198 8375
4053 4101 8121
4077 4135 8189
4088 4131 8209
4058 4076 8128
4177 4185 8348
4116 4152 8267
4181 4190 8366
4082 4131 8191
4006 4063 8044
4127 4187 8303
4022 4047 8034
4119 4140 8228
4067 4163 8205
4150 4176 8303
4187 4188 8343
4159 4168 8305
4109 4167 8275
4092 4195 8273
4103 4142 8229
4009 4133 8126
4102 4160 8223
4044 4140 8171
4062 4185 8245
4015 4152 8138
4191 4193 8364
4153 4192 8334
4131 4200 8301
4107 4130 8225
4035 4089 8111
4153 4173 8325
4153 4190 8339
4138 4192 8312
4059 4178 8210
4073 4187 8228
4021 4199 8187
4194 4200 8356
4197 4199 8384
4111 4130 8238
4034 4039 8072
4152 4173 8294
4014 4153 8164
4183 4185 8360
4004 4033 8030
4162 4173 8300
4006 4027 8021
4108 4129 8223
4088 4138 8195
4048 4188 8208
4042 4103 8125
4033 4175 8201
4064 4106 8143
4009 4106 8101
4040 4053 8065
4186 4187 8357
4164 4190 8334
4177 4196 8355
4100 4104 8169
4199 4200 8388
4131 4167 8290
4108 4112 8184
4137 4158 8275
4022 4065 8063
4059 4102 8131
4186 4194 8367
4087 4170 8241
4027 4079 8099
4189 4197 8382
4107 4193 8295
4129 4167 8283
4175 4179 8352
4119 4159 8248
4055 4089 8123
4155 4196 8340
4149 4178 8289
4135 4180 8277
4136 4146 8259
4162 4174 8299
4009 4158 8145
4086 4125 8175
4025 4192 8181
4141 4198 8316
4119 4172 8254
4121 4147 8240
4116 4160 8244
4052 4166 8217
4172 4183 8318
4066 4178 8243
4122 4131 8234
4156 4176 8299
4101 4110 8177
4042 4049 8074
4157 4192 8338
4067 4095 8128
4117 4146 8256
4032 4112 8140
4113 4144 8244
4039 4165 8180
4114 4171 8265
4064 4147 8188
4061 4118 8161
4104 4151 8224
4115 4173 8261
4146 4178 8288
4057 4175 8210
4101 4163 8249
4192 4198 8385
4079 4137 8209
4098 4102 8187
4131 4195 8307
4175 4177 8317
4148 4191 8324
4012 4128 8129
4186 4190 8362
4113 4194 8294
4186 4189 8336
4033 4149 8178
4081 4151 8207
4113 4186 8290
4021 4108 8112
4078 4145 8188
4063 4087 8120
4153 4164 8286
4141 4176 8282
4056 4185 8204
4022 4082 8099
4188 4195 8354
4095 4180 8265
4048 4189 8224
4167 4177 8312
4118 4156 8256
4033 4184 8216
4049 4051 8091
4007 4037 8010
4060 4153 8205
4061 4081 8123
4121 4198 8309
4019 4140 8135
4052 4167 8192
4065 4103 8152
4198 4200 8396
4076 4188 8261
4146 4199 8331
4137 4180 8302
4029 4163 8167
4166 4187 8321
4095 4166 8233
4165 4187 8338
4008 4094 8085
4047 4072 8104
4079 4137 8202
4034 4040 8061
4046 4154 8192
4026 4150 8155
4001 4146 8121
4046 4066 8100
4168 4196 8330
4113 4181 8273
4055 4153 8194
4125 4174 8263
4093 4121 8194
4065 4066 8115
4115 4190 8299
4075 4189 8259
4095 4103 8170
4161 4178 8326
4013 4051 8048
4141 4197 8316
4058 4150 8174
4063 4094 8132
4013 4032 8023
4017 4068 8061
4179 4183 8331
4032 4189 8215
4150 4153 8276
4099 4129 8194
4002 4009 7992
4189 4199 8355
4045 4054 8089
4133 4160 8283
4007 4160 8160
4007 4119 8118
4105 4108 8180
4172 4175 8322
4185 4188 8341
4145 4158 8264
4164 4180 8331
4058 4139 8183
4047 4189 8213
4124 4145 8249
4198 4199 8374
4085 4169 8249
4082 4084 8150
4150 4161 8299
4004 4094 8060
4199 4200 8360
4179 4191 8352
4044 4101 8144
4103 4120 8194
4106 4110 8207
4016 4161 8140
4087 4184 8239
4147 4178 8314
4023 4129 8125
4077 4083 8139
4116 4185 8271
4157 4185 8322
4195 4200 8381
4057 4199 8220
4114 4129 8233
4166 4175 8309
4057 4082 8118
4114 4184 8276
4104 4199 8280
4066 4116 8162
4162 4163 8298
4120 4171 8255
4103 4156 8251
4027 4184 8188
4133 4181 8309
4197 4199 8373
4190 4199 8350
4104 4123 8225
4122 4126 8209
4026 4178 8198
4168 4176 8306
4078 4148 8191
4188 4198 8364
4102 4166 8266
4005 4079 8046
4061 4117 8140
4088 4198 8259
4169 4189 8325
4130 4168 8275
4073 4143 8197
4134 4137 8253
4113 4144 8229
4008 4147 8142
4126 4172 8287
4176 4190 8329
4192 4196 8383
4053 4106 8136
4021 4176 8168
4041 4072 8083
4125 4186 8289
4188 4193 8379
4190 4198 8373
4071 4160 8207
4131 4198 8321
4168 4179 8341
4012 4135 8128
4190 4199 8383
4080 4133 8192
4123 4168 8268
4065 4155 8202
4175 4186 8327
4021 4153 8167
4020 4164 8158
4111 4136 8231
4118 4146 8257
4028 4188 8211
4154 4169 8322
4090 4092 8172
4060 4106 8129
4094 4163 8245
4111 4114 8204
4154 4166 8301
4038 4049 8074
4077 4159 8229
4179 4188 8344
4173 4190 8362
4044 4069 8088
4082 4135 8197
4076 4122 8184
4185 4194 8340
4052 4087 8134
4190 4200 8383
4066 4107 8161
4185 4190 8367
4061 4176 8234
4076 4190 8239
4007 4154 8144
4100 4163 8233
4002 4175 8146
4182 4187 8331
4168 4190 8335
4091 4099 8175
4084 4088 8146
4171 4191 8338
4084 4089 8155
4173 4182 8344
4070 4165 8214
4166 4187 8327
4002 4058 8051
4170 4194 8353
4178 4188 8327
4181 4183 8333
4079 4080 8157
4199 4200 8393
4000 4066 8039
4082 4116 8188
4054 4188 8214
4161 4177 8309
4145 4189 8299
4177 4188 8364
4186 4189 8341

0.010000 0.300000
