400
1711651
4174 4183 8357
4114 4233 8347
4148 4283 8431
4096 4234 8330
4020 4172 8192
4114 4148 8262
4054 4142 8196
3981 4083 8064
3929 4213 8142
4246 4276 8522
4229 4278 8507
4030 4125 8155
4073 4207 8280
4082 4153 8235
4081 4249 8330
4167 4207 8374
4256 4259 8515
3988 4046 8034
4082 4140 8222
4042 4275 8317
4109 4112 8221
4188 4207 8395
4131 4225 8356
4094 4154 8248
4019 4073 8092
4060 4095 8155
4124 4160 8284
4209 4244 8453
4045 4282 8327
4059 4119 8178
4126 4141 8267
4046 4192 8238
3944 4098 8042
4116 4194 8310
4045 4176 8221
4063 4247 8310
4118 4144 8262
4176 4234 8410
3975 4078 8053
4130 4184 8314
4117 4239 8356
4053 4211 8264
4036 4136 8172
4056 4112 8168
4115 4127 8242
4052 4146 8198
4135 4172 8307
4107 4273 8380
4197 4221 8418
3983 4023 8006
4005 4138 8143
4173 4278 8451
4211 4260 8471
3952 3959 7911
4188 4232 8420
4003 4037 8040
3955 4098 8053
4054 4160 8214
3964 4142 8106
4231 4260 8491
3966 4185 8151
4071 4194 8265
4128 4259 8387
3987 4192 8179
4213 4244 8457
4099 4255 8354
4120 4233 8353
4232 4233 8465
4023 4146 8169
4132 4259 8391
4165 4170 8335
4284 4290 8574
3987 4047 8034
4095 4099 8194
3981 4213 8194
4169 4220 8389
4050 4122 8172
4118 4219 8337
4082 4086 8168
4083 4181 8264
4185 4283 8468
4213 4247 8460
4213 4256 8469
3950 4143 8093
4119 4145 8264
4235 4248 8483
4133 4271 8404
4105 4124 8229
4079 4150 8229
3995 4173 8168
4076 4125 8201
3973 4044 8017
4092 4195 8287
4179 4264 8443
4218 4224 8442
4126 4183 8309
4073 4133 8206
4123 4173 8296
4002 4140 8142
4121 4263 8384
3988 4149 8137
4211 4215 8426
4158 4162 8320
4057 4199 8256
4004 4102 8106
4223 4237 8460
4163 4249 8412
4147 4217 8364
4205 4222 8427
4266 4277 8543
4283 4291 8574
4038 4238 8276
4102 4111 8213
4107 4138 8245
4186 4207 8393
4097 4178 8275
4085 4095 8180
4187 4249 8436
3968 4042 8010
4186 4266 8452
4146 4178 8324
4139 4152 8291
4046 4246 8292
3972 4210 8182
4050 4198 8248
4089 4119 8208
4135 4193 8328
4104 4136 8240
4280 4285 8565
4124 4136 8260
4089 4177 8266
4167 4223 8390
4189 4217 8406
4182 4222 8404
4059 4126 8185
4006 4242 8248
4150 4206 8356
4002 4154 8156
4131 4147 8278
4052 4164 8216
4099 4177 8276
4072 4216 8288
4016 4064 8080
4199 4201 8400
4106 4239 8345
4075 4186 8261
3928 3998 7926
4120 4173 8293
4107 4233 8340
4078 4165 8243
3981 4040 8021
4151 4155 8306
4031 4208 8239
4079 4223 8302
4043 4099 8142
4088 4188 8276
4197 4248 8445
4190 4227 8417
4133 4184 8317
4111 4221 8332
4177 4275 8452
4115 4207 8322
4130 4239 8369
4036 4146 8182
4012 4222 8234
4053 4098 8151
4001 4119 8120
4028 4110 8138
4180 4205 8385
3959 4234 8193
4159 4239 8398
4029 4118 8147
4074 4265 8339
4128 4132 8260
4061 4104 8165
4265 4287 8552
4249 4259 8508
4118 4138 8256
4030 4135 8165
4262 4290 8552
3960 4053 8013
4079 4199 8278
3948 4088 8036
4146 4212 8358
3986 4075 8061
4200 4267 8467
4146 4188 8334
4066 4211 8277
4056 4121 8177
3955 4150 8105
4098 4182 8280
4121 4190 8311
4196 4223 8419
3939 4045 7984
4206 4280 8486
4091 4103 8194
4089 4194 8283
4003 4199 8202
4021 4070 8091
4174 4180 8354
4038 4111 8149
4071 4275 8346
4210 4279 8489
4101 4245 8346
4156 4173 8329
4189 4224 8413
4148 4157 8305
4218 4270 8488
4002 4042 8044
4284 4285 8569
4206 4210 8416
4194 4248 8442
4172 4255 8427
3975 4009 7984
4074 4111 8185
4017 4109 8126
4056 4067 8123
4171 4257 8428
4204 4262 8466
4041 4067 8108
4077 4144 8221
4035 4145 8180
4073 4224 8297
4155 4242 8397
4057 4082 8139
4175 4228 8403
4097 4276 8373
4157 4180 8337
4024 4025 8049
4124 4227 8351
4247 4297 8544
3988 4062 8050
4010 4210 8220
4228 4260 8488
4001 4109 8110
4002 4160 8162
4146 4233 8379
4114 4218 8332
3961 3980 7941
4239 4248 8487
4037 4272 8309
3907 4098 8005
4070 4142 8212
4049 4275 8324
4050 4111 8161
3945 4145 8090
4222 4225 8447
4237 4246 8483
4129 4215 8344
4011 4040 8051
4109 4214 8323
4112 4287 8399
3968 4157 8125
4143 4253 8396
3917 4037 7954
4089 4106 8195
4183 4190 8373
4170 4186 8356
4112 4291 8403
4121 4186 8307
4125 4177 8302
4139 4210 8349
3982 4086 8068
4089 4100 8189
4242 4256 8498
4099 4168 8267
4123 4150 8273
4017 4176 8193
4109 4182 8291
4091 4101 8192
4188 4194 8382
4112 4117 8229
4074 4220 8294
4257 4275 8532
4124 4179 8303
3945 4070 8015
3967 4177 8144
4220 4276 8496
4125 4184 8309
4089 4115 8204
4218 4253 8471
4003 4171 8174
4263 4269 8532
4031 4095 8126
4084 4129 8213
3997 4152 8149
4148 4157 8305
4049 4220 8269
3971 4045 8016
4098 4123 8221
4128 4198 8326
4060 4166 8226
4131 4201 8332
4211 4281 8492
4128 4280 8408
4142 4251 8393
3948 4043 7991
4134 4135 8269
4010 4185 8195
3996 4035 8031
4114 4164 8278
4050 4190 8240
4102 4138 8240
4056 4153 8209
4185 4194 8379
4216 4291 8507
4157 4254 8411
4121 4158 8279
4247 4290 8537
4045 4247 8292
4080 4252 8332
4098 4183 8281
4074 4175 8249
4197 4218 8415
4148 4253 8401
4282 4283 8565
3966 4057 8023
4103 4118 8221
4172 4256 8428
3916 4041 7957
4107 4300 8407
4034 4143 8177
4086 4123 8209
4130 4215 8345
4098 4180 8278
4096 4097 8193
4103 4203 8306
4044 4130 8174
4170 4176 8346
4072 4194 8266
4068 4230 8298
4034 4110 8144
4111 4142 8253
4128 4244 8372
4070 4116 8186
3969 4087 8056
4208 4241 8449
4193 4200 8393
4136 4232 8368
4057 4079 8136
4040 4204 8244
4198 4203 8401
4149 4187 8336
4041 4172 8213
4179 4198 8377
4216 4297 8513
4130 4222 8352
4119 4155 8274
4161 4211 8372
4032 4129 8161
4140 4218 8358
4002 4144 8146
4128 4137 8265
4101 4134 8235
4281 4285 8566
4082 4216 8298
4092 4151 8243
4177 4215 8392
4214 4250 8464
4102 4257 8359
4161 4238 8399
4123 4239 8362
4008 4230 8238
4070 4205 8275
3969 4073 8042
4006 4124 8130
3967 4051 8018
4078 4261 8339
4128 4215 8343
4102 4161 8263
4130 4257 8387
4174 4176 8350
4160 4178 8338
4131 4156 8287
4035 4185 8220
4178 4228 8406
4007 4029 8036
4143 4224 8367
4048 4064 8112
4193 4221 8414
3949 4023 7972
3944 4149 8093
4123 4147 8270
4139 4198 8337
4095 4106 8201
4056 4218 8274
4102 4117 8219
4066 4150 8216
4290 4293 8583
4072 4167 8239
4251 4266 8517
4015 4093 8108
3970 4028 7998
4099 4244 8343
4133 4263 8396
3921 4086 8007
3927 4004 7931
4022 4231 8253
4187 4256 8443
3996 4104 8100

4095 4149 8216
4197 4199 8371
4177 4188 8327
4155 4167 8306
4115 4118 8212
4076 4120 8183
4049 4142 8185
4022 4054 8059
4008 4176 8177
4148 4180 8321
4183 4193 8362
4080 4159 8235
4164 4195 8337
4075 4192 8238
4159 4196 8340
4086 4109 8166
4186 4200 8364
4046 4108 8129
4004 4096 8085
4058 4191 8233
4028 4148 8155
4099 4114 8183
4048 4154 8201
4025 4101 8111
4020 4057 8061
4066 4108 8152
4053 4074 8120
4140 4174 8278
4014 4197 8209
4005 4080 8084
4169 4195 8353
4013 4199 8185
4012 4094 8096
4174 4191 8338
4085 4088 8138
4140 4153 8274
4031 4121 8132
4080 4179 8226
4074 4124 8177
4154 4167 8316
4127 4185 8302
4102 4186 8267
4126 4160 8280
4073 4117 8173
4162 4193 8324
4035 4062 8065
4070 4104 8144
4116 4182 8296
4138 4140 8274
4042 4118 8126
4036 4093 8094
4193 4200 8360
4171 4179 8323
4043 4044 8067
4107 4133 8207
4061 4101 8160
4043 4121 8135
4083 4147 8203
4064 4137 8187
4172 4194 8328
4043 4132 8158
4117 4166 8280
4177 4189 8358
4018 4123 8115
4187 4190 8368
4169 4180 8339
4139 4148 8265
4144 4172 8291
4036 4170 8183
4128 4166 8280
4074 4191 8259
4190 4191 8371
4045 4111 8144
4010 4017 7993
4008 4198 8170
4099 4155 8217
4089 4152 8226
4160 4181 8320
4096 4144 8203
4041 4106 8131
4198 4200 8363
4193 4196 8362
4168 4179 8316
4033 4143 8160
4053 4082 8120
4172 4198 8361
4187 4194 8370
4029 4032 8047
4178 4196 8355
4074 4075 8140
4051 4078 8092
4001 4054 8037
4033 4184 8193
4189 4191 8351
4124 4195 8280
4044 4115 8148
4075 4077 8124
4155 4160 8291
4060 4081 8131
4077 4187 8254
4003 4167 8165
4157 4187 8311
4099 4111 8173
4144 4158 8278
4042 4058 8098
4175 4181 8338
4176 4183 8335
4175 4188 8350
4161 4165 8308
4172 4183 8327
4186 4199 8347
4102 4195 8269
4017 4024 8037
4107 4136 8215
4174 4185 8336
4083 4130 8195
4054 4099 8122
4166 4181 8333
4033 4134 8162
4090 4189 8274
4167 4178 8321
4083 4084 8146
4125 4182 8295
4008 4173 8173
4063 4187 8246
4030 4075 8094
4073 4108 8147
4177 4190 8356
4184 4193 8375
4047 4123 8167
4186 4194 8347
4086 4139 8189
4106 4196 8275
4142 4192 8306
4044 4052 8086
4043 4142 8152
4154 4166 8289
4059 4062 8111
4166 4169 8310
4058 4090 8126
4121 4188 8299
4146 4188 8333
4049 4127 8159
4139 4141 8267
4167 4174 8312
4135 4138 8239
4011 4013 8006
4074 4153 8213
4159 4165 8322
4074 4099 8139
4021 4030 8031
4055 4140 8189
4086 4166 8226
4079 4152 8196
4113 4137 8215
4147 4177 8307
4143 4154 8291
4142 4189 8301
4145 4149 8277
4063 4167 8214
4146 4195 8337
4082 4184 8256
4172 4193 8351
4101 4129 8214
4107 4190 8291
4134 4193 8312
4029 4104 8127
4051 4099 8122
4171 4176 8315
4039 4187 8212
4107 4190 8267
4013 4072 8083
4131 4184 8306
4029 4127 8148
4081 4192 8237
4187 4197 8352
4164 4166 8325
4083 4105 8186
4030 4116 8143
4194 4198 8373
4031 4143 8165
4026 4160 8167
4026 4076 8077
4054 4128 8170
4079 4135 8182
4151 4168 8285
4122 4124 8230
4106 4159 8253
4080 4085 8145
4007 4166 8152
4090 4119 8202
4071 4168 8228
4117 4175 8287
4038 4129 8135
4151 4199 8315
4134 4161 8272
4127 4136 8262
4087 4119 8197
4088 4156 8230
4164 4198 8326
4096 4199 8258
4167 4177 8307
4126 4195 8287
4079 4164 8231
4060 4188 8241
4137 4171 8277
4062 4070 8106
4175 4188 8339
4008 4138 8140
4185 4195 8363
4133 4194 8325
4097 4152 8248
4192 4195 8358
4022 4063 8064
4120 4125 8234
4057 4198 8235
4011 4018 8014
4106 4188 8292
4116 4195 8279
4090 4156 8242
4063 4164 8213
4024 4120 8110
4129 4140 8259
4198 4200 8393
4024 4110 8126
4189 4190 8374
4183 4186 8346
4081 4175 8238
4020 4053 8056
4103 4133 8215
4190 4200 8386
4033 4061 8081
4031 4135 8150
4159 4186 8323
4079 4171 8247
4085 4140 8190
4050 4173 8212
4055 4156 8184
4003 4071 8062
4181 4189 8351
4011 4200 8173
4002 4190 8169
4027 4152 8178
4065 4185 8234
4095 4160 8237
4005 4169 8151
4185 4195 8341
4143 4153 8282
4029 4121 8118
4061 4100 8144
4196 4200 8368
4148 4195 8333
4061 4126 8150
4192 4194 8348
4016 4137 8142
4045 4176 8206
4196 4197 8377
4124 4191 8300
4173 4196 8342
4134 4159 8276
4048 4124 8163
4193 4194 8351
4074 4101 8145
4167 4180 8313
4161 4178 8326
4120 4193 8277
4044 4182 8203
4113 4125 8231
4122 4132 8219
4077 4134 8194
4176 4191 8341
4184 4197 8360
4117 4154 8265
4184 4199 8349
4056 4081 8133
4008 4018 7996
4037 4154 8186
4178 4179 8334
4139 4172 8272
4008 4026 8009
4158 4187 8334
4085 4088 8136
4182 4190 8369
4051 4113 8141
4180 4185 8352
4066 4174 8206
4055 4102 8131
4024 4138 8149
4041 4111 8147
4002 4043 8030
4180 4186 8345
4077 4190 8265
4035 4185 8215
4186 4189 8355
4165 4183 8343
4199 4200 8389
4043 4055 8069
4158 4168 8306
4109 4141 8211
4089 4127 8187
4103 4151 8220
4119 4174 8279
4164 4178 8339
4100 4200 8287
4106 4171 8241
4151 4193 8329
4107 4159 8248
4049 4166 8194
4185 4200 8379
4046 4169 8179
4121 4163 8283
4020 4145 8154
4053 4083 8127
4117 4131 8241
4143 4175 8290
4196 4197 8372
4021 4123 8131
4123 4162 8271
4146 4184 8293
4011 4101 8081
4187 4200 8366
4124 4175 8261
4004 4023 8015
4076 4162 8227
4086 4188 8249
4152 4182 8322
4111 4116 8219
4117 4151 8244
4087 4090 8144
4071 4149 8203
4027 4132 8156
4013 4193 8197
4153 4163 8309
4138 4166 8274
4034 4179 8185
4023 4183 8184
4189 4190 8348
4175 4178 8317
4140 4199 8307
4034 4057 8065
4065 4185 8219
4133 4200 8312
4131 4142 8243
4007 4072 8051
4180 4189 8348
4147 4198 8306
4198 4199 8383
4184 4194 8357
4172 4179 8318
4090 4149 8225
4168 4181 8316
4037 4049 8050
4038 4136 8148
4115 4119 8214
4191 4192 8358
4061 4190 8242
4130 4175 8299
4087 4198 8271
4156 4174 8295
4076 4180 8231
4176 4182 8345
4024 4171 8178
4016 4137 8151
4034 4148 8169
4018 4085 8075
4018 4156 8154
4050 4080 8099
4084 4171 8223
4177 4181 8346
4084 4169 8222
4141 4191 8331
4084 4106 8167
4112 4116 8193
4097 4131 8215
4123 4200 8290
4127 4177 8265
4096 4126 8189
4169 4194 8324
4040 4148 8169
4189 4192 8370
4015 4085 8086
4043 4193 8223
4023 4047 8061
4111 4127 8214
4142 4147 8276
4147 4192 8320
4048 4073 8083
4047 4059 8085
4195 4197 8388
4057 4069 8097
4165 4197 8326
4039 4108 8120
4003 4091 8093
4004 4188 8158
4073 4175 8237
4007 4104 8093
4021 4071 8072
4015 4137 8119
4145 4166 8286
4052 4119 8165

0.010000 0.520000
