400
1516591
4236 4270 8506
3945 3983 7928
4070 4077 8147
4123 4282 8405
4128 4153 8281
4071 4141 8212
4017 4138 8155
4054 4147 8201
4095 4241 8336
4191 4219 8410
4232 4271 8503
3991 4055 8046
4201 4240 8441
4090 4275 8365
4022 4148 8170
4211 4274 8485
3984 4115 8099
4258 4288 8546
4140 4246 8386
3997 4025 8022
4105 4169 8274
4046 4134 8180
4119 4186 8305
4054 4116 8170
4155 4237 8392
4081 4220 8301
4233 4258 8491
4134 4176 8310
4176 4225 8401
4047 4227 8274
4007 4121 8128
4092 4186 8278
4165 4187 8352
4149 4276 8425
3987 4209 8196
3995 4064 8059
4106 4150 8256
4204 4215 8419
4108 4205 8313
4033 4104 8137
4032 4044 8076
4249 4270 8519
4208 4299 8507
4089 4124 8213
4114 4134 8248
3998 4015 8013
4075 4199 8274
4271 4278 8549
3984 4201 8185
4129 4234 8363
4144 4256 8400
4057 4071 8128
4147 4226 8373
4228 4245 8473
4118 4185 8303
4017 4111 8128
4175 4229 8404
4184 4250 8434
4234 4266 8500
4086 4112 8198
4151 4175 8326
4036 4106 8142
4140 4256 8396
4086 4105 8191
4264 4279 8543
4087 4132 8219
4189 4233 8422
4087 4169 8256
4075 4208 8283
4190 4221 8411
4090 4124 8214
4152 4179 8331
4079 4136 8215
4078 4161 8239
4148 4183 8331
4127 4144 8271
4068 4171 8239
4234 4250 8484
4108 4135 8243
4070 4091 8161
4072 4109 8181
4180 4181 8361
3990 4273 8263
4189 4236 8425
4073 4162 8235
4225 4234 8459
4256 4258 8514
4203 4266 8469
3983 4192 8175
4021 4179 8200
4042 4225 8267
4034 4223 8257
4186 4234 8420
4062 4116 8178
3987 4038 8025
4201 4224 8425
4060 4147 8207
4069 4077 8146
4059 4094 8153
4109 4191 8300
4177 4217 8394
4107 4214 8321
4200 4259 8459
4117 4134 8251
4068 4193 8261
4007 4197 8204
4213 4263 8476
4199 4227 8426
4139 4147 8286
4099 4142 8241
4177 4258 8435
4153 4203 8356
4211 4245 8456
4028 4280 8308
3982 4242 8224
4266 4279 8545
4100 4234 8334
3929 4049 7978
4196 4259 8455
4170 4197 8367
4146 4224 8370
4117 4183 8300
4249 4263 8512
3956 4145 8101
4071 4172 8243
4079 4115 8194
4018 4108 8126
4128 4164 8292
4191 4196 8387
4015 4164 8179
4206 4243 8449
4189 4216 8405
4131 4214 8345
4213 4253 8466
4202 4214 8416
4118 4173 8291
4101 4120 8221
3922 4198 8120
4065 4248 8313
4200 4224 8424
4010 4251 8261
4104 4125 8229
4039 4163 8202
4263 4283 8546
4118 4194 8312
4187 4233 8420
3930 3984 7914
4003 4209 8212
4220 4234 8454
4186 4209 8395
4140 4194 8334
4135 4165 8300
4106 4268 8374
4072 4157 8229
3976 4143 8119
3909 4174 8083
4211 4245 8456
4168 4174 8342
4078 4228 8306
4246 4258 8504
4216 4286 8502
4117 4152 8269
4038 4106 8144
4184 4269 8453
4197 4266 8463
4119 4244 8363
4089 4241 8330
3967 4089 8056
4193 4228 8421
4026 4095 8121
3998 4169 8167
4028 4090 8118
3986 4093 8079
3994 4148 8142
4042 4239 8281
4103 4251 8354
4238 4260 8498
3980 4242 8222
4105 4128 8233
4195 4284 8479
4251 4263 8514
3947 4091 8038
4188 4247 8435
4053 4161 8214
4059 4138 8197
4010 4206 8216
4026 4184 8210
4106 4143 8249
4074 4096 8170
4255 4262 8517
4194 4255 8449
4266 4270 8536
4175 4229 8404
4076 4217 8293
4011 4094 8105
4104 4258 8362
4125 4153 8278
4127 4251 8378
4134 4210 8344
4140 4153 8293
4241 4244 8485
4105 4278 8383
4167 4172 8339
4100 4109 8209
4018 4044 8062
4060 4068 8128
4055 4220 8275
4077 4116 8193
4131 4218 8349
3985 4153 8138
4102 4120 8222
4084 4131 8215
4259 4282 8541
4190 4264 8454
4114 4253 8367
4250 4270 8520
4279 4284 8563
3988 4094 8082
3948 3989 7937
4143 4230 8373
4056 4091 8147
4196 4201 8397
4187 4243 8430
4099 4146 8245
4010 4203 8213
4116 4150 8266
3981 4117 8098
4221 4258 8479
4035 4070 8105
4149 4236 8385
4145 4264 8409
4296 4300 8596
4056 4137 8193
4127 4128 8255
3987 4121 8108
3919 4078 7997
4238 4267 8505
4206 4208 8414
4027 4127 8154
3980 4085 8065
3989 4198 8187
3986 4224 8210
4139 4156 8295
4142 4197 8339
4211 4244 8455
3979 4070 8049
4159 4212 8371
4224 4247 8471
4095 4155 8250
3975 4209 8184
4176 4261 8437
4154 4161 8315
4196 4231 8427
4141 4222 8363
4151 4269 8420
3930 4110 8040
4088 4144 8232
4037 4139 8176
4112 4172 8284
4134 4230 8364
4104 4152 8256
4170 4233 8403
3978 4146 8124
4126 4196 8322
3952 4085 8037
4165 4263 8428
4128 4213 8341
4202 4260 8462
4117 4239 8356
4094 4190 8284
4071 4075 8146
4111 4163 8274
4223 4269 8492
4158 4188 8346
4130 4205 8335
4138 4252 8390
4074 4146 8220
4270 4292 8562
4183 4245 8428
4121 4207 8328
4121 4124 8245
4103 4168 8271
4206 4220 8426
4108 4110 8218
4187 4262 8449
4193 4270 8463
4115 4245 8360
3953 4177 8130
4018 4105 8123
4021 4153 8174
4139 4229 8368
4099 4115 8214
4031 4109 8140
4185 4282 8467
4294 4299 8593
4290 4294 8584
4072 4148 8220
4101 4151 8252
4181 4257 8438
4166 4178 8344
4105 4230 8335
4098 4225 8323
4005 4066 8071
4133 4193 8326
4202 4260 8462
4115 4273 8388
4212 4214 8426
4126 4157 8283
4072 4133 8205
4100 4162 8262
4123 4213 8336
4018 4251 8269
4143 4199 8342
4055 4088 8143
4009 4042 8051
4150 4181 8331
4030 4137 8167
4202 4240 8442
4218 4252 8470
4160 4247 8407
4162 4164 8326
4016 4081 8097
4183 4257 8440
4087 4114 8201
4043 4270 8313
3973 4209 8182
4043 4156 8199
4144 4179 8323
4094 4252 8346
4144 4149 8293
4113 4115 8228
4120 4142 8262
4070 4103 8173
4199 4276 8475
3943 4226 8169
4261 4281 8542
4110 4232 8342
4038 4117 8155
4096 4185 8281
4175 4217 8392
4000 4237 8237
4157 4209 8366
3980 4067 8047
4157 4177 8334
4069 4262 8331
3976 4034 8010
4034 4143 8177
4094 4252 8346
4025 4282 8307
3983 4098 8081
4119 4140 8259
4119 4199 8318
4072 4266 8338
4168 4236 8404
3966 4099 8065
4043 4237 8280
3951 3992 7943
4147 4273 8420
4116 4153 8269
4173 4192 8365
4092 4126 8218
3956 3998 7954
4109 4221 8330
4095 4163 8258
4019 4040 8059
4148 4233 8381
3920 4198 8118
4131 4158 8289
4098 4118 8216
4173 4272 8445
4133 4188 8321
4282 4294 8576
3968 4001 7969
4093 4204 8297
4121 4284 8405
4082 4150 8232
4109 4124 8233
4267 4281 8548
4102 4263 8365
4203 4257 8460
3993 4049 8042
4193 4227 8420
4125 4159 8284
4171 4236 8407
3999 4100 8099
4049 4078 8127
4200 4219 8419
4260 4292 8552
4028 4171 8199
4129 4170 8299
4173 4218 8391
4158 4197 8355
4101 4231 8332
4185 4218 8403
4105 4226 8331
4134 4135 8269
4230 4254 8484
4111 4229 8340
4082 4145 8227
3968 4181 8149

4155 4193 8322
4008 4069 8065
4101 4149 8236
4069 4188 8234
4070 4098 8161
4012 4044 8023
4098 4172 8250
4048 4102 8116
4187 4188 8341
4104 4120 8193
4163 4197 8340
4024 4128 8140
4167 4177 8324
4169 4195 8335
4064 4119 8180
4148 4193 8339
4070 4144 8212
4171 4200 8347
4163 4188 8319
4087 4088 8156
4108 4137 8233
4005 4103 8082
4049 4107 8121
4084 4123 8187
4196 4199 8368
4134 4143 8256
4165 4177 8316
4124 4146 8267
4134 4190 8312
4081 4130 8200
4085 4143 8225
4064 4141 8183
4173 4200 8351
4194 4200 8392
4041 4172 8175
4094 4149 8241
4088 4100 8186
4192 4194 8385
4050 4124 8149
4110 4176 8284
4036 4143 8158
4150 4170 8297
4188 4200 8357
4001 4177 8161
4129 4130 8251
4016 4081 8090
4100 4115 8198
4172 4179 8331
4084 4131 8186
4169 4198 8332
4078 4175 8251
4062 4113 8141
4067 4159 8210
4173 4181 8328
4023 4087 8080
4051 4170 8189
4086 4157 8208
4175 4186 8339
4199 4200 8389
4049 4145 8164
4164 4171 8303
4002 4093 8072
4185 4200 8360
4006 4034 8016
4184 4196 8379
4066 4190 8228
4186 4192 8366
4029 4186 8190
4113 4178 8252
4168 4178 8318
4126 4185 8283
4112 4138 8244
4074 4132 8174
4080 4087 8151
4155 4173 8302
4106 4107 8205
4007 4086 8075
4148 4156 8289
4036 4050 8049
4022 4103 8103
4082 4110 8187
4191 4196 8355
4065 4177 8221
4166 4168 8321
4037 4176 8195
4133 4141 8238
4179 4181 8358
4160 4182 8311
4037 4127 8127
4107 4188 8280
4131 4142 8234
4127 4176 8279
4132 4182 8277
4155 4167 8297
4033 4070 8090
4115 4168 8255
4136 4157 8263
4110 4157 8255
4053 4079 8111
4043 4141 8177
4113 4190 8264
4129 4140 8239
4170 4175 8335
4190 4198 8382
4106 4161 8262
4049 4128 8168
4133 4167 8289
4101 4161 8241
4103 4111 8187
4153 4187 8312
4159 4189 8325
4088 4109 8178
4134 4189 8313
4065 4191 8218
4057 4164 8189
4173 4199 8366
4146 4196 8338
4014 4145 8152
4104 4161 8248
4103 4106 8179
4113 4148 8222
4017 4179 8166
4165 4169 8300
4048 4082 8093
4026 4075 8087
4120 4133 8247
4113 4168 8272
4158 4191 8310
4120 4182 8283
4066 4091 8127
4147 4199 8320
4118 4173 8261
4194 4195 8360
4121 4158 8266
4138 4139 8261
4091 4151 8209
4004 4111 8106
4020 4172 8167
4159 4183 8327
4133 4161 8277
4094 4168 8255
4151 4173 8303
4028 4069 8073
4178 4185 8328
4114 4185 8270
4156 4158 8300
4019 4056 8063
4009 4188 8162
4188 4198 8352
4164 4199 8362
4184 4196 8371
4135 4172 8306
4157 4175 8330
4075 4128 8174
4024 4064 8062
4004 4090 8062
4160 4190 8334
4079 4083 8135
4143 4161 8265
4166 4172 8299
4196 4197 8362
4035 4181 8215
4044 4049 8085
4196 4198 8371
4098 4200 8295
4134 4194 8290
4174 4184 8321
4004 4150 8149
4183 4196 8367
4068 4192 8251
4019 4174 8182
4010 4114 8115
4041 4114 8150
4017 4123 8121
4090 4187 8249
4102 4156 8251
4158 4199 8354
4053 4162 8191
4143 4183 8317
4095 4192 8263
4193 4199 8385
4040 4130 8155
4172 4182 8321
4125 4198 8309
4009 4072 8066
4105 4158 8244
4120 4171 8272
4027 4123 8119
4169 4181 8322
4160 4193 8335
4161 4170 8299
4186 4197 8378
4084 4171 8225
4159 4168 8297
4061 4133 8162
4091 4158 8216
4045 4053 8092
4103 4190 8260
4144 4156 8275
4110 4111 8185
4149 4165 8291
4185 4188 8360
4194 4195 8379
4186 4194 8362
4013 4129 8107
4025 4048 8048
4056 4142 8184
4086 4195 8262
4167 4176 8309
4030 4121 8146
4017 4043 8046
4095 4147 8237
4194 4197 8372
4138 4188 8289
4137 4197 8325
4170 4198 8340
4182 4193 8341
4068 4123 8160
4017 4051 8056
4169 4170 8335
4035 4070 8094
4195 4199 8388
4195 4199 8393
4026 4176 8195
4070 4162 8201
4156 4182 8318
4063 4123 8150
4129 4168 8269
4083 4119 8198
4109 4198 8301
4191 4195 8376
4199 4200 8396
4068 4101 8134
4142 4147 8250
4047 4181 8191
4016 4149 8162
4161 4168 8315
4146 4147 8270
4127 4165 8265
4033 4148 8171
4038 4120 8144
4083 4140 8211
4135 4151 8284
4051 4166 8188
4137 4192 8296
4065 4134 8163
4175 4187 8332
4173 4199 8337
4084 4164 8211
4064 4161 8210
4083 4171 8253
4055 4062 8083
4145 4162 8298
4105 4178 8280
4195 4197 8354
4018 4186 8185
4084 4160 8232
4009 4179 8167
4188 4197 8375
4187 4199 8381
4057 4198 8242
4083 4145 8212
4078 4123 8174
4143 4192 8306
4003 4032 8023
4119 4165 8253
4114 4126 8222
4186 4187 8354
4172 4191 8348
4138 4162 8264
4020 4023 8018
4106 4144 8219
4170 4171 8306
4076 4103 8166
4159 4162 8293
4189 4198 8372
4031 4147 8161
4182 4198 8342
4153 4196 8329
4054 4148 8173
4129 4184 8297
4129 4191 8305
4149 4153 8270
4069 4181 8221
4155 4165 8300
4173 4181 8341
4135 4195 8307
4015 4087 8083
4030 4092 8105
4024 4169 8165
4048 4155 8197
4008 4156 8147
4032 4169 8174
4146 4195 8337
4198 4199 8372
4197 4200 8389
4064 4067 8110
4051 4057 8103
4166 4191 8352
4152 4153 8276
4038 4164 8197
4172 4199 8338
4021 4087 8072
4141 4186 8300
4148 4172 8282
4190 4191 8377
4132 4184 8289
4081 4119 8177
4104 4152 8255
4177 4198 8339
4107 4114 8197
4080 4192 8249
4071 4178 8241
4150 4173 8318
4088 4102 8187
4073 4117 8165
4043 4090 8099
4139 4141 8278
4187 4195 8345
4128 4192 8312
4179 4180 8320
4009 4010 8008
4184 4193 8371
4014 4067 8054
4129 4190 8312
4072 4166 8207
4038 4149 8153
4044 4187 8226
4056 4162 8200
4168 4199 8344
4073 4121 8157
4163 4195 8344
4027 4136 8145
4140 4195 8313
4007 4186 8158
4179 4181 8336
4010 4150 8144
4112 4167 8263
4187 4191 8375
4172 4197 8353
4084 4177 8232
4170 4194 8360
4029 4160 8156
4156 4165 8317
4037 4196 8223
4012 4123 8129
4074 4160 8216
4152 4162 8276
4122 4182 8295
4060 4120 8146
4120 4149 8232
4151 4163 8311
4055 4192 8240
4169 4193 8354
4037 4159 8182
4107 4178 8275
4028 4068 8083
4070 4181 8223
4092 4122 8186
4176 4182 8348
4153 4157 8295
4018 4048 8053
4186 4193 8374
4143 4159 8276
4010 4035 8035
4198 4199 8362
4019 4115 8132
4084 4121 8191
4007 4076 8060
4185 4200 8359
4079 4169 8221
4195 4199 8392
4026 4093 8087
4174 4182 8350
4187 4194 8376
4042 4081 8100
4015 4026 8027
4182 4196 8347
4187 4191 8345
4144 4177 8302
4012 4149 8138
4197 4199 8385
4066 4183 8246
4199 4200 8382
4099 4120 8184
4036 4115 8119
4176 4191 8341
4175 4193 8330
4106 4139 8243
4029 4116 8120
4121 4176 8258
4099 4153 8240
4099 4198 8293
4091 4136 8222
4195 4200 8394
4077 4181 8255
4191 4193 8354
4019 4192 8198
4166 4193 8345
4020 4163 8162

0.010000 0.460000
