400
1118992
4251 4261 8512
4189 4198 8387
4269 4300 8569
4059 4195 8254
4088 4138 8226
4032 4099 8131
4072 4102 8174
4230 4235 8465
4168 4272 8440
4263 4274 8537
4260 4280 8540
4149 4207 8356
4029 4167 8196
3988 4075 8063
4153 4228 8381
4171 4286 8457
4179 4232 8411
4008 4147 8155
4069 4202 8271
4037 4052 8089
4187 4285 8472
4088 4162 8250
4249 4252 8501
4095 4128 8223
4089 4152 8241
4156 4261 8417
3974 4116 8090
4177 4181 8358
4154 4196 8350
4145 4221 8366
4163 4194 8357
4066 4085 8151
4186 4206 8392
4088 4210 8298
3917 4056 7973
4082 4190 8272
4187 4212 8399
4135 4288 8423
4136 4216 8352
3999 4234 8233
3986 4104 8090
4137 4148 8285
4062 4154 8216
4023 4182 8205
3975 4014 7989
4056 4131 8187
4255 4265 8520
3933 4249 8182
4024 4201 8225
4090 4248 8338
4036 4101 8137
4027 4088 8115
4049 4255 8304
4087 4163 8250
4042 4129 8171
4040 4054 8094
4064 4090 8154
4064 4195 8259
4188 4210 8398
4221 4253 8474
4210 4263 8473
4219 4278 8497
4090 4212 8302
4029 4254 8283
4227 4234 8461
4098 4170 8268
4065 4168 8233
3940 4219 8159
4132 4143 8275
4133 4201 8334
4170 4202 8372
4104 4122 8226
4009 4057 8066
4123 4185 8308
4055 4103 8158
4064 4078 8142
4123 4197 8320
4125 4191 8316
4034 4148 8182
3946 4069 8015
4004 4121 8125
4057 4198 8255
4066 4184 8250
4163 4192 8355
4066 4226 8292
4144 4196 8340
4061 4114 8175
4272 4275 8547
4078 4229 8307
4226 4267 8493
4020 4125 8145
4134 4246 8380
4147 4155 8302
4253 4269 8522
4008 4225 8233
4080 4235 8315
4098 4227 8325
3948 4086 8034
4116 4185 8301
4134 4223 8357
4125 4151 8276
4033 4095 8128
3987 4137 8124
4004 4194 8198
3938 3959 7897
4092 4133 8225
4197 4259 8456
4171 4177 8348
4095 4203 8298
3999 4017 8016
4136 4235 8371
4071 4158 8229
4132 4268 8400
4111 4211 8322
4085 4138 8223
4061 4084 8145
4186 4228 8414
4134 4143 8277
4189 4225 8414
4163 4186 8349
4086 4097 8183
4091 4243 8334
4236 4257 8493
4082 4110 8192
3981 4089 8070
4146 4171 8317
4240 4274 8514
4059 4278 8337
4030 4142 8172
4024 4148 8172
4145 4164 8309
4215 4223 8438
4045 4170 8215
4151 4161 8312
4061 4156 8217
4131 4192 8323
4109 4261 8370
4044 4183 8227
4003 4059 8062
4131 4240 8371
4038 4210 8248
4096 4215 8311
4201 4206 8407
4023 4229 8252
3921 4008 7929
3930 4104 8034
4019 4040 8059
4211 4251 8462
4020 4188 8208
4088 4143 8231
4096 4197 8293
4087 4236 8323
3982 4249 8231
4140 4226 8366
4157 4234 8391
4159 4275 8434
4098 4118 8216
4130 4293 8423
4068 4176 8244
4133 4264 8397
4034 4171 8205
4081 4112 8193
4131 4155 8286
3979 3988 7967
4163 4200 8363
4011 4181 8192
4081 4125 8206
3982 4109 8091
4114 4192 8306
4093 4142 8235
4054 4244 8298
4172 4272 8444
4202 4246 8448
4160 4257 8417
4077 4082 8159
4073 4132 8205
4111 4145 8256
4011 4115 8126
4120 4275 8395
4187 4189 8376
4027 4030 8057
4133 4167 8300
4039 4154 8193
4224 4269 8493
4147 4232 8379
4109 4167 8276
3985 4006 7991
4094 4234 8328
4083 4121 8204
4016 4103 8119
4064 4203 8267
4105 4153 8258
4107 4292 8399
4116 4236 8352
4105 4291 8396
4097 4193 8290
4070 4129 8199
4114 4232 8346
4063 4187 8250
4005 4073 8078
4081 4222 8303
4122 4168 8290
4136 4145 8281
4139 4160 8299
4252 4279 8531
3930 4051 7981
4162 4204 8366
4140 4161 8301
4042 4109 8151
4127 4159 8286
4153 4198 8351
4180 4254 8434
4130 4149 8279
4130 4134 8264
4102 4244 8346
4198 4227 8425
4160 4263 8423
4045 4228 8273
4192 4207 8399
4069 4198 8267
4100 4126 8226
3947 4014 7961
4078 4136 8214
3970 4080 8050
4090 4128 8218
4051 4283 8334
3962 4172 8134
4151 4245 8396
4109 4158 8267
4041 4147 8188
4020 4045 8065
4215 4253 8468
4200 4220 8420
4041 4081 8122
4095 4179 8274
4119 4132 8251
4039 4267 8306
4106 4188 8294
4068 4186 8254
4113 4213 8326
4112 4129 8241
4091 4161 8252
4107 4175 8282
4048 4251 8299
3976 4064 8040
4073 4106 8179
4163 4206 8369
4172 4173 8345
4154 4258 8412
4101 4238 8339
3963 3996 7959
4261 4287 8548
4037 4258 8295
4171 4211 8382
4097 4153 8250
4015 4091 8106
4158 4201 8359
4043 4222 8265
4183 4210 8393
4187 4211 8398
4215 4232 8447
4246 4247 8493
4082 4204 8286
4223 4262 8485
4166 4168 8334
4224 4246 8470
4158 4242 8400
4123 4125 8248
4080 4286 8366
4126 4169 8295
4022 4202 8224
4067 4207 8274
4036 4161 8197
3956 4165 8121
4057 4135 8192
4039 4262 8301
4051 4267 8318
4063 4141 8204
4057 4210 8267
4004 4191 8195
4147 4180 8327
4142 4185 8327
4145 4161 8306
4129 4165 8294
4085 4127 8212
4240 4259 8499
4005 4195 8200
4136 4145 8281
4122 4128 8250
4055 4122 8177
3973 4187 8160
4092 4188 8280
4109 4177 8286
4213 4259 8472
4048 4114 8162
4166 4197 8363
4128 4137 8265
4112 4113 8225
3993 4034 8027
4039 4151 8190
4187 4231 8418
4084 4240 8324
4009 4148 8157
4107 4215 8322
4091 4189 8280
4188 4209 8397
4222 4278 8500
4093 4122 8215
4072 4170 8242
4118 4276 8394
4150 4254 8404
4146 4154 8300
4124 4196 8320
4084 4231 8315
4015 4120 8135
4232 4241 8473
4015 4174 8189
4139 4142 8281
4069 4120 8189
3964 4157 8121
4094 4169 8263
4018 4208 8226
3929 3984 7913
4046 4238 8284
4034 4227 8261
4046 4121 8167
4194 4258 8452
4135 4267 8402
4102 4116 8218
4063 4117 8180
4152 4174 8326
4139 4253 8392
3922 4105 8027
4268 4269 8537
4125 4170 8295
4046 4147 8193
3908 4251 8159
4016 4097 8113
4157 4198 8355
3990 4094 8084
4002 4011 8013
4135 4230 8365
4112 4179 8291
4133 4169 8302
4078 4124 8202
3986 4084 8070
4009 4166 8175
4209 4246 8455
3962 4198 8160
4179 4218 8397
4109 4146 8255
4126 4176 8302
4190 4239 8429
4207 4243 8450
4067 4131 8198
4012 4153 8165
4240 4287 8527
4128 4207 8335
4113 4118 8231
3991 4126 8117
4161 4218 8379
4054 4146 8200
3985 4144 8129
4042 4126 8168
4185 4280 8465
3915 4097 8012
3932 4227 8159
4096 4114 8210
4167 4176 8343
4152 4219 8371
4147 4229 8376
4102 4175 8277
4186 4199 8385
4149 4238 8387
4207 4235 8442
4258 4261 8519
4012 4110 8122
4159 4255 8414
4196 4231 8427
4223 4250 8473
4064 4101 8165
4081 4176 8257
4122 4167 8289
4041 4203 8244
4026 4095 8121
3989 4103 8092
4066 4103 8169
4080 4188 8268
4086 4139 8225
4198 4225 8423
4081 4211 8292
4155 4171 8326
4093 4184 8277
4025 4150 8175
3965 4208 8173
4093 4144 8237
4043 4192 8235
4037 4144 8181
3983 4057 8040
4040 4271 8311

4193 4199 8391
4129 4137 8241
4199 4200 8375
4110 4151 8231
4105 4157 8248
4102 4129 8213
4009 4111 8083
4146 4168 8295
4197 4199 8357
4178 4188 8362
4167 4189 8351
4137 4176 8274
4047 4179 8223
4030 4047 8052
4187 4192 8373
4127 4193 8290
4088 4136 8212
4021 4195 8180
4017 4108 8107
4003 4075 8044
4163 4192 8344
4053 4106 8146
4186 4198 8381
4070 4084 8132
4047 4070 8102
4131 4175 8287
4006 4078 8072
4105 4114 8211
4195 4198 8385
4082 4142 8192
4086 4144 8198
4020 4146 8128
4165 4198 8333
4089 4140 8210
4007 4087 8087
4120 4182 8294
4146 4153 8285
4188 4199 8369
4183 4187 8342
4094 4160 8250
4038 4152 8154
4110 4179 8267
4122 4199 8305
4108 4191 8270
4015 4059 8060
4047 4174 8212
4189 4197 8357
4020 4190 8190
4077 4121 8181
4006 4180 8162
4017 4140 8135
4074 4140 8197
4110 4162 8259
4088 4173 8234
4009 4181 8171
4102 4105 8168
4125 4154 8263
4078 4128 8178
4182 4188 8342
4191 4200 8352
4172 4190 8359
4186 4193 8347
4168 4169 8334
4095 4186 8246
4136 4173 8279
4040 4108 8116
4113 4119 8203
4037 4144 8152
4143 4171 8287
4043 4142 8174
4167 4172 8312
4004 4051 8022
4023 4026 8044
4100 4190 8252
4127 4185 8306
4160 4166 8304
4038 4156 8193
4056 4174 8212
4063 4166 8213
4044 4148 8187
4030 4161 8159
4118 4158 8259
4078 4155 8204
4190 4196 8360
4068 4178 8222
4135 4200 8330
4041 4055 8063
4177 4193 8358
4108 4148 8219
4195 4198 8365
4027 4103 8099
4147 4160 8286
4114 4140 8240
4199 4200 8362
4031 4158 8154
4168 4198 8336
4085 4176 8223
4024 4130 8125
4142 4152 8281
4038 4178 8214
4109 4169 8252
4054 4083 8132
4069 4159 8208
4077 4191 8240
4014 4016 8003
4188 4194 8375
4124 4173 8268
4109 4189 8293
4082 4103 8170
4009 4072 8071
4077 4154 8224
4061 4062 8119
4128 4170 8275
4060 4169 8212
4055 4198 8250
4124 4154 8268
4170 4179 8325
4165 4177 8328
4121 4189 8272
4079 4109 8155
4023 4037 8041
4189 4192 8367
4188 4189 8369
4166 4180 8334
4023 4182 8190
4046 4075 8088
4186 4199 8356
4146 4183 8310
4039 4089 8122
4064 4098 8129
4052 4195 8229
4116 4126 8222
4077 4105 8156
4116 4186 8295
4038 4063 8074
4172 4194 8352
4124 4168 8280
4031 4138 8162
4047 4056 8094
4101 4152 8244
4062 4111 8149
4039 4190 8197
4192 4197 8377
4110 4185 8259
4008 4102 8107
4005 4066 8058
4101 4133 8223
4148 4186 8309
4080 4179 8229
4148 4185 8320
4097 4126 8221
4186 4192 8365
4041 4185 8198
4195 4196 8388
4182 4198 8349
4160 4185 8326
4027 4060 8086
4101 4200 8278
4147 4158 8302
4135 4197 8300
4074 4100 8171
4072 4131 8169
4168 4196 8331
4046 4080 8107
4078 4164 8219
4018 4199 8185
4126 4145 8239
4014 4097 8099
4168 4189 8345
4163 4169 8325
4150 4172 8306
4198 4200 8367
4132 4164 8277
4098 4191 8274
4021 4179 8172
4080 4092 8145
4038 4095 8117
4036 4044 8076
4152 4181 8324
4088 4092 8144
4002 4081 8075
4198 4199 8385
4004 4165 8147
4172 4175 8327
4190 4193 8347
4034 4088 8120
4048 4071 8087
4019 4171 8186
4024 4127 8129
4039 4155 8161
4106 4147 8242
4152 4156 8290
4071 4195 8241
4156 4184 8339
4159 4192 8330
4177 4185 8355
4146 4200 8309
4103 4139 8217
4038 4155 8184
4050 4142 8160
4082 4140 8208
4074 4124 8177
4052 4076 8124
4106 4166 8248
4161 4186 8314
4030 4059 8082
4168 4178 8321
4063 4135 8164
4103 4143 8238
4198 4199 8393
4065 4146 8187
4127 4154 8254
4057 4071 8102
4052 4171 8195
4197 4200 8361
4118 4185 8283
4189 4193 8366
4066 4186 8238
4195 4198 8369
4119 4136 8237
4106 4181 8268
4047 4083 8097
4097 4172 8253
4067 4095 8133
4162 4181 8317
4145 4198 8322
4045 4123 8135
4173 4194 8361
4160 4185 8328
4056 4091 8119
4028 4042 8051
4167 4186 8330
4144 4190 8297
4103 4177 8251
4098 4200 8290
4051 4080 8096
4064 4191 8235
4075 4164 8207
4159 4173 8315
4131 4191 8286
4027 4043 8052
4070 4125 8185
4113 4128 8239
4129 4161 8254
4007 4015 7986
4072 4138 8202
4086 4129 8210
4087 4096 8157
4159 4192 8324
4086 4177 8249
4044 4070 8091
4177 4187 8360
4061 4161 8210
4106 4197 8301
4091 4162 8227
4007 4150 8154
4060 4152 8187
4102 4137 8212
4108 4182 8271
4124 4153 8250
4136 4149 8283
4188 4196 8359
4179 4196 8347
4124 4165 8275
4120 4189 8304
4158 4179 8312
4173 4189 8332
4100 4110 8209
4176 4191 8352
4070 4084 8152
4007 4121 8094
4099 4144 8236
4046 4190 8199
4013 4180 8158
4025 4177 8188
4081 4192 8247
4120 4190 8276
4050 4090 8126
4066 4199 8249
4043 4101 8112
4136 4152 8259
4125 4190 8314
4195 4199 8357
4060 4079 8101
4046 4078 8109
4172 4183 8321
4104 4128 8199
4040 4126 8136
4178 4191 8349
4014 4083 8081
4040 4118 8132
4107 4147 8233
4075 4104 8168
4132 4194 8294
4044 4086 8097
4142 4164 8277
4103 4128 8215
4070 4186 8221
4039 4073 8084
4076 4131 8193
4132 4169 8299
4156 4160 8312
4035 4103 8121
4163 4170 8297
4095 4116 8201
4098 4185 8251
4190 4198 8377
4108 4183 8270
4110 4115 8193
4147 4176 8304
4115 4158 8246
4048 4059 8106
4116 4155 8246
4159 4162 8315
4059 4077 8110
4140 4145 8275
4092 4199 8257
4042 4044 8066
4005 4150 8136
4031 4174 8192
4114 4166 8244
4039 4139 8157
4029 4075 8085
4060 4146 8178
4129 4178 8271
4027 4182 8207
4141 4169 8285
4187 4188 8359
4042 4048 8084
4130 4139 8246
4068 4108 8162
4068 4197 8229
4010 4064 8037
4171 4172 8315
4054 4164 8201
4085 4169 8246
4002 4196 8194
4081 4103 8171
4126 4189 8289
4074 4075 8130
4024 4103 8090
4046 4154 8165
4174 4198 8364
4083 4181 8258
4011 4083 8071
4061 4098 8151
4080 4098 8171
4166 4167 8307
4011 4170 8158
4132 4146 8240
4076 4191 8239
4184 4197 8377
4136 4151 8254
4182 4188 8367
4130 4189 8281
4009 4132 8104
4179 4195 8353
4099 4186 8257
4102 4125 8192
4007 4196 8182
4139 4143 8253
4151 4190 8305
4019 4131 8116
4025 4026 8015
4140 4187 8301
4011 4073 8055
4002 4175 8148
4147 4163 8291
4168 4177 8330
4136 4197 8323
4127 4138 8237
4049 4125 8163
4094 4177 8246
4179 4190 8365
4111 4179 8279
4185 4191 8347
4003 4049 8020
4193 4196 8381
4158 4180 8305
4184 4189 8367
4086 4168 8238
4032 4085 8091
4059 4189 8237
4134 4163 8262
4041 4048 8087
4054 4167 8189
4144 4184 8314
4133 4166 8267
4032 4068 8078
4187 4189 8370
4059 4120 8143
4064 4126 8183
4167 4178 8344
4010 4086 8077
4030 4110 8119
4158 4173 8303
4086 4140 8193
4034 4109 8133
4003 4125 8109
4113 4195 8275

0.010000 0.340000
