500
1276298
4068 4081 8149
4017 4118 8135
3943 4203 8146
4003 4107 8110
4080 4126 8206
4063 4103 8166
4182 4194 8376
4182 4265 8447
4075 4181 8256
4159 4276 8435
4238 4254 8492
4072 4216 8288
4106 4127 8233
4029 4151 8180
4190 4217 8407
4113 4139 8252
4042 4070 8112
4226 4232 8458
4008 4186 8194
4241 4252 8493
4116 4259 8375
3999 4153 8152
4062 4097 8159
4077 4270 8347
3981 4169 8150
3945 4038 7983
4164 4187 8351
3975 4206 8181
4009 4012 8021
4043 4124 8167
4229 4235 8464
4064 4121 8185
4133 4173 8306
4120 4228 8348
4216 4225 8441
4122 4145 8267
4209 4280 8489
4115 4214 8329
3968 4248 8216
4015 4076 8091
3940 4072 8012
4223 4263 8486
4041 4180 8221
4211 4234 8445
4265 4267 8532
4158 4242 8400
4093 4259 8352
4128 4197 8325
4255 4271 8526
4130 4161 8291
4120 4125 8245
4127 4157 8284
3935 4189 8124
4026 4218 8244
4003 4154 8157
4135 4162 8297
4168 4225 8393
4011 4273 8284
4077 4201 8278
4195 4203 8398
3970 3993 7963
4094 4176 8270
4128 4263 8391
3979 4060 8039
4176 4246 8422
4150 4258 8408
4073 4244 8317
4169 4257 8426
4225 4229 8454
4236 4271 8507
4155 4235 8390
4126 4246 8372
4001 4197 8198
4063 4069 8132
4168 4222 8390
4048 4139 8187
4090 4256 8346
4025 4135 8160
4087 4093 8180
3966 4226 8192
4094 4124 8218
4115 4232 8347
4098 4188 8286
4004 4190 8194
4116 4185 8301
4114 4165 8279
3936 4147 8083
4175 4294 8469
4107 4134 8241
4056 4220 8276
4195 4294 8489
4227 4264 8491
4048 4182 8230
3921 4152 8073
4062 4147 8209
4075 4216 8291
4110 4221 8331
4155 4272 8427
4042 4127 8169
3986 4105 8091
4228 4289 8517
4096 4235 8331
4107 4183 8290
4190 4191 8381
4131 4190 8321
4229 4278 8507
4036 4158 8194
4114 4197 8311
4109 4157 8266
4289 4291 8580
4156 4191 8347
4214 4261 8475
4165 4192 8357
3994 4090 8084
4076 4235 8311
3972 4059 8031
4121 4220 8341
4058 4178 8236
3944 4119 8063
4049 4185 8234
4173 4188 8361
4097 4282 8379
4041 4045 8086
4195 4252 8447
4177 4291 8468
4259 4261 8520
4025 4038 8063
4180 4258 8438
4157 4188 8345
4054 4150 8204
4041 4213 8254
4196 4215 8411
4127 4158 8285
4232 4242 8474
4165 4241 8406
4156 4291 8447
4141 4150 8291
4155 4213 8368
4104 4196 8300
4202 4245 8447
4144 4178 8322
4240 4287 8527
4179 4279 8458
4022 4108 8130
3949 4105 8054
3985 4241 8226
4082 4111 8193
4217 4279 8496
4052 4186 8238
4172 4253 8425
4177 4224 8401
4215 4264 8479
4182 4233 8415
4113 4158 8271
4005 4281 8286
3947 4142 8089
4006 4155 8161
4078 4269 8347
4168 4269 8437
4052 4075 8127
4113 4190 8303
4121 4151 8272
3999 4179 8178
4111 4120 8231
4088 4118 8206
4075 4182 8257
4260 4271 8531
4101 4180 8281
4118 4158 8276
4230 4289 8519
4127 4238 8365
4148 4259 8407
4006 4103 8109
4068 4150 8218
4185 4253 8438
4218 4287 8505
4189 4249 8438
4184 4192 8376
4028 4218 8246
4141 4146 8287
4164 4221 8385
4053 4113 8166
4203 4220 8423
4169 4221 8390
3973 4022 7995
4155 4246 8401
4169 4191 8360
4136 4261 8397
4170 4221 8391
4176 4275 8451
4276 4277 8553
4065 4155 8220
4071 4207 8278
4205 4235 8440
4170 4183 8353
4042 4061 8103
4145 4188 8333
4016 4122 8138
4168 4274 8442
4026 4162 8188
4141 4243 8384
4175 4232 8407
3950 4205 8155
4139 4146 8285
4140 4202 8342
4032 4137 8169
4168 4175 8343
4215 4221 8436
4140 4154 8294
4136 4181 8317
4007 4014 8021
4041 4238 8279
4121 4203 8324
4104 4145 8249
4137 4245 8382
4017 4184 8201
4243 4262 8505
4132 4273 8405
4019 4095 8114
4146 4299 8445
4091 4146 8237
4050 4177 8227
3961 4132 8093
4152 4200 8352
4093 4123 8216
4178 4197 8375
4182 4227 8409
4118 4156 8274
4076 4182 8258
4068 4138 8206
4257 4284 8541
4090 4115 8205
4108 4130 8238
4081 4095 8176
4178 4222 8400
4158 4199 8357
4217 4226 8443
4083 4255 8338
4128 4196 8324
4007 4045 8052
4084 4100 8184
4045 4097 8142
4258 4288 8546
3978 3994 7972
4260 4261 8521
4130 4161 8291
4140 4151 8291
4109 4127 8236
4163 4165 8328
4140 4174 8314
4070 4186 8256
3975 4043 8018
3978 4184 8162
4185 4275 8460
4075 4233 8308
4188 4200 8388
3958 4090 8048
4209 4279 8488
4027 4073 8100
4235 4264 8499
3986 4127 8113
4201 4233 8434
4163 4241 8404
4174 4242 8416
4154 4297 8451
3981 4118 8099
4053 4116 8169
4210 4224 8434
4103 4266 8369
4147 4266 8413
4079 4144 8223
4179 4219 8398
4094 4265 8359
4109 4161 8270
4055 4173 8228
4143 4244 8387
4128 4203 8331
4249 4258 8507
3950 4135 8085
4150 4192 8342
4154 4203 8357
3949 4018 7967
4104 4118 8222
4113 4197 8310
4077 4161 8238
4217 4241 8458
3976 4115 8091
4258 4267 8525
4163 4180 8343
3995 4187 8182
4105 4120 8225
4132 4192 8324
4204 4209 8413
4029 4114 8143
4078 4085 8163
4073 4236 8309
4250 4291 8541
4041 4220 8261
4207 4230 8437
4087 4096 8183
4036 4211 8247
4065 4128 8193
4119 4240 8359
4004 4141 8145
4170 4238 8408
4039 4114 8153
4181 4248 8429
3955 4234 8189
4135 4179 8314
4096 4177 8273
4161 4236 8397
4124 4244 8368
4073 4117 8190
4219 4244 8463
3972 4240 8212
3967 4128 8095
4095 4232 8327
4011 4098 8109
3958 4141 8099
4243 4289 8532
3918 4132 8050
4116 4146 8262
4032 4127 8159
4050 4204 8254
4113 4130 8243
4255 4284 8539
4090 4192 8282
3919 4150 8069
4276 4280 8556
4114 4236 8350
4246 4250 8496
4110 4195 8305
4128 4210 8338
4180 4182 8362
4161 4246 8407
4136 4181 8317
4027 4134 8161
4125 4135 8260
4148 4153 8301
3991 4182 8173
4051 4136 8187
4141 4196 8337
4081 4112 8193
4003 4209 8212
4022 4100 8122
4098 4210 8308
4107 4151 8258
4050 4084 8134
4031 4046 8077
3920 4225 8145
3976 4144 8120
3905 4170 8075
4074 4144 8218
4234 4263 8497
4177 4206 8383
4135 4169 8304
4003 4137 8140
4022 4182 8204
4196 4259 8455
4106 4283 8389
4109 4149 8258
4125 4223 8348
4065 4114 8179
4118 4169 8287
4151 4163 8314
4080 4106 8186
4121 4265 8386
4017 4187 8204
4083 4113 8196
4117 4126 8243
4074 4107 8181
4032 4145 8177
4065 4132 8197
4223 4225 8448
4096 4134 8230
4132 4207 8339
4100 4197 8297
3966 4099 8065
4236 4249 8485
4067 4074 8141
4100 4144 8244
4136 4286 8422
4242 4272 8514
4162 4166 8328
4019 4228 8247
4077 4267 8344
4116 4149 8265
4091 4174 8265
4065 4160 8225
4153 4203 8356
3978 4056 8034
4110 4174 8284
4024 4116 8140
4073 4147 8220
4204 4252 8456
4225 4281 8506
4157 4160 8317
4119 4124 8243
4131 4158 8289
4073 4239 8312
4058 4263 8321
4017 4224 8241
4047 4179 8226
4097 4139 8236
4044 4245 8289
3989 4110 8099
4077 4132 8209
3971 4040 8011
4042 4159 8201
4082 4109 8191
4083 4161 8244
4191 4223 8414
4090 4109 8199
4088 4274 8362
4124 4271 8395
4027 4145 8172
3952 4039 7991
3945 4100 8045
3980 4134 8114
3940 4020 7960
4178 4203 8381
4137 4181 8318
4033 4139 8172
4245 4297 8542
4085 4158 8243
3958 3969 7927
4011 4118 8129
4012 4088 8100
4076 4142 8218
4207 4266 8473
4189 4242 8431
4126 4128 8254
4259 4265 8524
4018 4176 8194
4051 4133 8184
3951 4104 8055
4165 4270 8435
3994 4098 8092
3961 4152 8113
4001 4163 8164
4138 4197 8335
4205 4208 8413
4073 4124 8197
4084 4094 8178
4034 4138 8172
4121 4185 8306
3952 4077 8029
3997 4074 8071
4011 4155 8166
4187 4211 8398
4040 4076 8116
4040 4094 8134
4073 4132 8205
4057 4246 8303
4130 4237 8367
4111 4196 8307
4225 4272 8497
4241 4278 8519
4282 4293 8575
4027 4061 8088
4114 4247 8361
4089 4225 8314
4213 4227 8440
4133 4186 8319
3976 4130 8106
4121 4159 8280
4022 4121 8143
4151 4192 8343
4010 4127 8137
4233 4243 8476
4044 4076 8120
3910 4143 8053
4159 4192 8351
4156 4234 8390
4162 4173 8335
4084 4088 8172
3928 4204 8132
4078 4249 8327
4026 4256 8282
4157 4231 8388
4229 4236 8465
4053 4138 8191
4108 4171 8279
4206 4250 8456
4006 4130 8136
4019 4122 8141
4086 4221 8307
4176 4200 8376
4076 4107 8183
4252 4256 8508
4057 4083 8140
4201 4259 8460
4037 4137 8174
4188 4267 8455
4066 4171 8237
4191 4292 8483
4091 4189 8280
4071 4127 8198
4108 4143 8251
4232 4244 8476

4022 4028 8018
4086 4197 8278
4010 4166 8139
4017 4041 8057
4010 4143 8115
4094 4101 8158
4159 4169 8293
4182 4194 8354
4163 4164 8319
4153 4199 8350
4196 4199 8369
4112 4189 8298
4058 4072 8101
4086 4166 8238
4110 4194 8301
4080 4110 8189
4073 4108 8165
4158 4167 8300
4092 4192 8278
4183 4200 8368
4144 4186 8329
4062 4086 8111
4149 4192 8323
4103 4184 8276
4037 4075 8074
4005 4073 8075
4178 4193 8366
4036 4141 8161
4036 4041 8066
4045 4073 8113
4151 4166 8289
4023 4103 8109
4093 4118 8199
4119 4133 8214
4151 4171 8298
4082 4188 8259
4174 4189 8355
4163 4172 8300
4024 4160 8159
4073 4146 8185
4037 4162 8178
4136 4172 8292
4122 4123 8233
4121 4165 8250
4184 4187 8340
4065 4190 8254
4184 4196 8372
4103 4167 8254
4175 4195 8334
4173 4176 8312
4173 4194 8341
4105 4123 8215
4001 4192 8160
4036 4142 8167
4068 4087 8133
4081 4162 8208
4185 4187 8340
4069 4193 8248
4137 4163 8278
4095 4122 8190
4044 4064 8079
4013 4170 8153
4119 4200 8301
4048 4066 8112
4100 4183 8264
4159 4180 8309
4162 4195 8339
4152 4188 8320
4167 4179 8324
4145 4173 8312
4179 4199 8374
4145 4189 8300
4090 4112 8197
4112 4150 8253
4162 4171 8296
4049 4127 8162
4130 4166 8285
4029 4200 8217
4090 4122 8193
4006 4143 8124
4142 4156 8272
4149 4169 8292
4071 4133 8183
4048 4145 8155
4025 4189 8197
4060 4155 8187
4007 4109 8106
4193 4200 8368
4051 4069 8096
4090 4189 8276
4193 4198 8354
4127 4195 8296
4092 4110 8193
4012 4123 8113
4117 4152 8258
4112 4198 8276
4150 4180 8306
4100 4180 8260
4032 4068 8084
4020 4132 8146
4186 4200 8367
4005 4137 8114
4088 4151 8231
4096 4121 8179
4146 4195 8321
4157 4190 8317
4030 4077 8099
4051 4134 8173
4035 4121 8133
4198 4200 8365
4096 4125 8207
4154 4169 8304
4074 4164 8220
4002 4011 7993
4160 4189 8325
4029 4153 8172
4042 4159 8174
4152 4200 8332
4036 4190 8194
4075 4138 8194
4146 4194 8311
4174 4195 8350
4053 4120 8168
4122 4183 8294
4149 4191 8338
4164 4170 8319
4008 4072 8078
4125 4165 8270
4163 4188 8330
4100 4200 8285
4101 4200 8271
4192 4193 8353
4185 4198 8376
4185 4189 8351
4109 4151 8234
4198 4200 8387
4189 4199 8367
4066 4155 8186
4127 4193 8288
4149 4164 8286
4163 4167 8323
4187 4198 8357
4181 4189 8358
4084 4127 8199
4042 4181 8186
4019 4175 8189
4126 4197 8300
4189 4195 8372
4128 4142 8253
4151 4196 8308
4151 4177 8309
4195 4199 8362
4093 4181 8248
4112 4147 8249
4019 4181 8181
4010 4169 8164
4092 4198 8271
4087 4177 8240
4120 4170 8286
4107 4153 8256
4021 4123 8135
4169 4190 8320
4067 4144 8181
4114 4158 8244
4027 4066 8061
4079 4131 8188
4184 4185 8365
4010 4147 8123
4130 4176 8295
4184 4189 8353
4093 4146 8228
4055 4195 8216
4049 4116 8147
4071 4103 8144
4128 4189 8289
4193 4194 8372
4170 4172 8314
4110 4112 8192
4030 4158 8161
4091 4111 8197
4116 4150 8255
4063 4165 8213
4188 4194 8362
4169 4184 8352
4001 4018 8013
4102 4191 8268
4147 4160 8304
4142 4188 8317
4106 4182 8257
4119 4197 8307
4176 4185 8354
4162 4174 8297
4109 4110 8190
4153 4162 8310
4115 4135 8246
4014 4046 8057
4071 4179 8235
4080 4088 8154
4150 4174 8287
4079 4091 8138
4133 4186 8285
4144 4180 8315
4047 4142 8175
4172 4193 8361
4072 4117 8152
4056 4199 8230
4199 4200 8396
4116 4152 8235
4055 4070 8120
4038 4111 8137
4040 4073 8100
4107 4171 8247
4169 4190 8358
4112 4149 8257
4081 4163 8206
4071 4150 8212
4167 4199 8336
4189 4190 8367
4070 4193 8237
4148 4199 8340
4156 4157 8304
4018 4148 8150
4008 4116 8090
4158 4164 8311
4191 4192 8346
4117 4158 8250
4118 4167 8277
4025 4109 8131
4166 4171 8301
4155 4200 8350
4157 4196 8350
4053 4130 8154
4134 4151 8260
4026 4063 8082
4172 4198 8357
4073 4167 8221
4120 4168 8266
4116 4199 8296
4076 4174 8240
4055 4087 8107
4134 4179 8290
4118 4174 8263
4179 4189 8347
4055 4056 8078
4170 4173 8317
4096 4126 8217
4115 4124 8229
4156 4160 8301
4088 4139 8210
4161 4178 8319
4018 4152 8162
4001 4053 8037
4029 4120 8119
4179 4180 8341
4084 4170 8253
4103 4112 8203
4018 4055 8058
4124 4192 8277
4011 4147 8152
4153 4176 8306
4000 4101 8069
4135 4141 8246
4191 4194 8380
4098 4166 8236
4193 4200 8384
4006 4173 8167
4071 4078 8147
4139 4156 8264
4135 4181 8283
4095 4175 8263
4104 4156 8256
4080 4127 8187
4117 4183 8278
4107 4113 8202
4137 4195 8294
4120 4172 8276
4059 4117 8162
4153 4177 8300
4024 4077 8076
4107 4155 8258
4095 4126 8189
4001 4019 8002
4034 4038 8064
4129 4164 8281
4112 4128 8222
4136 4153 8264
4023 4044 8031
4159 4167 8307
4091 4153 8225
4063 4162 8197
4018 4050 8066
4156 4179 8332
4189 4200 8366
4069 4137 8188
4017 4031 8046
4126 4156 8248
4181 4193 8356
4071 4132 8192
4126 4143 8268
4182 4196 8362
4123 4140 8225
4062 4123 8177
4164 4186 8311
4079 4146 8194
4141 4188 8322
4030 4042 8056
4113 4153 8235
4049 4177 8193
4080 4098 8140
4127 4175 8277
4114 4144 8255
4065 4169 8205
4150 4179 8294
4119 4158 8245
4062 4172 8232
4043 4110 8142
4039 4192 8204
4023 4128 8125
4042 4057 8073
4198 4200 8375
4009 4197 8183
4080 4095 8148
4105 4124 8216
4131 4132 8260
4014 4030 8024
4184 4188 8369
4132 4182 8306
4002 4083 8051
4184 4199 8348
4065 4176 8231
4160 4162 8319
4143 4199 8309
4115 4160 8236
4085 4136 8203
4183 4189 8361
4077 4169 8239
4082 4165 8228
4172 4177 8340
4108 4139 8236
4013 4140 8134
4146 4185 8316
4117 4120 8214
4154 4196 8322
4072 4124 8159
4054 4082 8104
4116 4117 8209
4099 4153 8248
4002 4086 8072
4051 4129 8145
4005 4149 8130
4040 4052 8073
4000 4123 8088
4140 4159 8279
4197 4198 8359
4192 4197 8354
4079 4120 8178
4044 4180 8187
4069 4091 8129
4193 4199 8379
4178 4191 8350
4026 4068 8090
4111 4173 8277
4081 4192 8247
4114 4179 8271
4152 4199 8318
4097 4104 8179
4172 4191 8333
4021 4130 8127
4113 4150 8261
4064 4138 8168
4165 4194 8322
4079 4174 8230
4042 4139 8143
4191 4192 8367
4005 4168 8172
4063 4192 8248
4033 4155 8158
4038 4113 8118
4143 4178 8304
4081 4137 8205
4114 4127 8227
4136 4187 8321
4150 4189 8308
4181 4195 8372
4110 4176 8283
4022 4198 8188
4113 4124 8219
4133 4155 8249
4133 4197 8328
4149 4157 8272
4054 4074 8126
4159 4169 8323
4040 4067 8073
4157 4194 8329
4174 4183 8343
4150 4181 8308
4086 4161 8224
4029 4060 8067
4173 4185 8347
4157 4174 8296
4046 4180 8204
4077 4200 8243
4114 4132 8217
4103 4181 8256
4135 4197 8312
4045 4176 8204
4148 4186 8297
4064 4126 8157
4107 4117 8196
4113 4127 8230
4159 4193 8329
4163 4180 8335
4090 4104 8173
4157 4198 8350
4087 4198 8273
4015 4184 8180
4024 4056 8046
4005 4100 8070
4078 4149 8196
4009 4011 7995
4104 4119 8210
4043 4186 8217
4072 4137 8174
4170 4198 8340
4110 4144 8226
4039 4064 8068
4050 4114 8158
4062 4149 8205
4111 4124 8220
4173 4193 8330
4124 4176 8264
4184 4187 8345
4191 4196 8351
4103 4157 8248
4047 4090 8111
4050 4141 8162
4119 4181 8281
4050 4069 8096
4030 4163 8191
4087 4184 8234
4153 4194 8346
4134 4190 8321
4059 4128 8173
4156 4179 8304
4075 4109 8150
4184 4185 8338
4018 4059 8055
4011 4016 7995
4022 4069 8075
4113 4200 8301
4113 4176 8287
4028 4053 8069
4015 4135 8127
4145 4173 8279
4103 4180 8250
4080 4104 8150
4147 4184 8326
4195 4196 8378
4191 4194 8378
4126 4160 8249
4019 4185 8171
4115 4173 8274
4155 4160 8305
4033 4105 8109
4028 4063 8060
4131 4164 8263
4081 4164 8224
4055 4140 8177
4029 4075 8083
4159 4185 8322
4001 4054 8032
4001 4125 8095
4162 4181 8320
4172 4176 8323
4073 4115 8156
4068 4156 8193
4026 4141 8142
4175 4182 8343
4040 4192 8231
4159 4179 8310
4148 4158 8302
4017 4180 8195
4144 4183 8314
4133 4155 8277
4026 4055 8078
4006 4066 8039
4118 4164 8274
4120 4188 8279
4004 4124 8116
4168 4176 8325
4137 4157 8271
4139 4164 8273
4085 4128 8186
4167 4177 8305
4157 4190 8308
4126 4195 8300
4136 4192 8326
4112 4172 8279
4075 4079 8143
4132 4149 8258

0.010000 0.310000
