500
1728512
4099 4206 8305
4076 4261 8337
4145 4252 8397
4211 4247 8458
4093 4152 8245
3905 4014 7919
4127 4140 8267
3972 4131 8103
4093 4094 8187
4027 4062 8089
4159 4237 8396
4121 4174 8295
4089 4196 8285
4239 4245 8484
3980 4009 7989
4064 4071 8135
4054 4173 8227
3979 4173 8152
3965 4183 8148
4167 4232 8399
3986 4249 8235
4102 4142 8244
4181 4196 8377
4039 4107 8146
4209 4213 8422
4208 4255 8463
4094 4293 8387
4231 4271 8502
3943 4168 8111
4133 4173 8306
4119 4195 8314
4104 4263 8367
4186 4238 8424
4082 4172 8254
4162 4217 8379
4039 4187 8226
4180 4239 8419
4231 4261 8492
4198 4250 8448
4069 4089 8158
3961 4097 8058
3989 4201 8190
4087 4221 8308
4097 4127 8224
4055 4222 8277
4021 4131 8152
4045 4140 8185
4191 4212 8403
4163 4181 8344
4125 4151 8276
3966 4115 8081
4065 4169 8234
4176 4230 8406
4132 4198 8330
4160 4221 8381
4072 4122 8194
4064 4200 8264
4041 4113 8154
4023 4174 8197
4050 4055 8105
4123 4245 8368
3970 4141 8111
4230 4253 8483
4135 4216 8351
4254 4287 8541
4186 4250 8436
4186 4248 8434
4146 4153 8299
4056 4172 8228
4144 4181 8325
4111 4149 8260
3980 4078 8058
4040 4225 8265
4171 4201 8372
4018 4110 8128
4141 4178 8319
3999 4135 8134
4073 4095 8168
4046 4107 8153
4195 4241 8436
4035 4124 8159
4060 4138 8198
4202 4236 8438
3970 4161 8131
4193 4268 8461
4004 4164 8168
3976 4082 8058
4078 4117 8195
3986 4225 8211
4184 4235 8419
4038 4088 8126
4108 4210 8318
4109 4146 8255
4047 4073 8120
4098 4108 8206
4216 4225 8441
4116 4206 8322
4052 4223 8275
4135 4183 8318
4063 4248 8311
4072 4265 8337
4200 4231 8431
4177 4231 8408
4095 4237 8332
4056 4132 8188
4104 4147 8251
4048 4151 8199
4126 4154 8280
4186 4270 8456
4111 4138 8249
4149 4261 8410
4072 4198 8270
4108 4203 8311
4188 4291 8479
3953 4042 7995
4078 4226 8304
4226 4252 8478
4225 4279 8504
4002 4007 8009
3959 4004 7963
4000 4110 8110
4036 4044 8080
3968 4058 8026
4215 4264 8479
4082 4140 8222
4118 4207 8325
4277 4278 8555
4019 4094 8113
4014 4095 8109
4078 4239 8317
4221 4244 8465
4278 4279 8557
3915 4180 8095
4086 4091 8177
4286 4287 8573
4056 4089 8145
3978 4168 8146
4022 4130 8152
4081 4119 8200
4071 4202 8273
4018 4058 8076
4195 4281 8476
4077 4221 8298
4093 4276 8369
4092 4099 8191
4172 4222 8394
4070 4198 8268
3993 4036 8029
4136 4184 8320
4120 4124 8244
4155 4222 8377
4042 4123 8165
4157 4279 8436
4197 4223 8420
4059 4119 8178
4030 4051 8081
4113 4206 8319
4089 4273 8362
4025 4038 8063
4187 4203 8390
3982 4188 8170
4049 4139 8188
4074 4221 8295
4048 4126 8174
4062 4117 8179
4190 4253 8443
3939 4077 8016
4174 4201 8375
4008 4076 8084
3998 4266 8264
4221 4222 8443
4270 4281 8551
3975 4106 8081
4219 4254 8473
4021 4057 8078
4078 4098 8176
4077 4275 8352
4090 4102 8192
4085 4101 8186
4036 4088 8124
4116 4265 8381
4121 4151 8272
4002 4153 8155
4203 4205 8408
4071 4114 8185
4219 4249 8468
4066 4140 8206
3961 4174 8135
4051 4065 8116
4141 4186 8327
4144 4187 8331
4114 4190 8304
4102 4159 8261
3990 4177 8167
4028 4078 8106
4044 4061 8105
4046 4126 8172
4081 4146 8227
4153 4197 8350
4192 4208 8400
4097 4196 8293
4007 4151 8158
4068 4268 8336
4102 4190 8292
4081 4083 8164
3946 4116 8062
4217 4259 8476
3988 4180 8168
4145 4163 8308
4029 4229 8258
4090 4250 8340
4075 4125 8200
3978 4041 8019
4052 4202 8254
4136 4202 8338
4118 4148 8266
4091 4113 8204
4128 4213 8341
4207 4225 8432
4061 4115 8176
4002 4144 8146
4049 4105 8154
4140 4152 8292
4114 4248 8362
4056 4169 8225
4066 4079 8145
4193 4218 8411
4116 4136 8252
4096 4261 8357
4102 4248 8350
4076 4165 8241
3962 4199 8161
4234 4273 8507
4093 4170 8263
4163 4198 8361
3961 4047 8008
4220 4269 8489
3984 4162 8146
4109 4252 8361
3968 3999 7967
4167 4169 8336
4007 4091 8098
4070 4104 8174
4182 4215 8397
4102 4179 8281
4038 4065 8103
4061 4225 8286
4118 4169 8287
4033 4248 8281
4041 4049 8090
4087 4211 8298
4261 4283 8544
4139 4174 8313
4025 4104 8129
4094 4163 8257
4100 4178 8278
3985 4097 8082
4224 4282 8506
4140 4177 8317
3972 4047 8019
3992 4038 8030
4034 4118 8152
3934 4057 7991
4007 4072 8079
4105 4234 8339
4269 4282 8551
4128 4205 8333
4055 4114 8169
4103 4146 8249
4162 4203 8365
4191 4264 8455
4043 4081 8124
4122 4215 8337
4147 4273 8420
4234 4283 8517
4107 4146 8253
4026 4187 8213
4179 4246 8425
4233 4283 8516
3959 4243 8202
4067 4081 8148
4116 4163 8279
4108 4175 8283
4130 4254 8384
4077 4291 8368
4242 4277 8519
4000 4028 8028
4161 4246 8407
3961 4207 8168
4154 4168 8322
4217 4228 8445
4197 4259 8456
4111 4235 8346
4151 4204 8355
4262 4266 8528
4252 4279 8531
4258 4261 8519
4016 4122 8138
4051 4127 8178
4203 4256 8459
4016 4234 8250
3982 3994 7976
4069 4095 8164
4115 4247 8362
3968 4160 8128
4143 4150 8293
3967 4175 8142
4142 4173 8315
4175 4199 8374
4010 4092 8102
4112 4119 8231
4118 4163 8281
4181 4257 8438
4004 4179 8183
4118 4278 8396
4230 4257 8487
3972 4260 8232
4019 4195 8214
4192 4249 8441
4066 4131 8197
3965 4158 8123
4181 4237 8418
4095 4141 8236
4064 4087 8151
4101 4179 8280
4171 4217 8388
4077 4211 8288
4070 4099 8169
4025 4170 8195
4124 4208 8332
4006 4110 8116
4091 4238 8329
4144 4248 8392
4115 4272 8387
4103 4202 8305
4081 4198 8279
4025 4165 8190
4002 4132 8134
4096 4188 8284
4003 4282 8285
4179 4257 8436
4107 4260 8367
3975 4086 8061
4140 4180 8320
4134 4205 8339
4271 4289 8560
4188 4255 8443
3947 4181 8128
4116 4178 8294
4079 4244 8323
4183 4199 8382
4076 4084 8160
4208 4220 8428
4275 4291 8566
4099 4178 8277
4208 4248 8456
4288 4290 8578
4050 4090 8140
3955 4136 8091
4082 4149 8231
4166 4179 8345
4105 4170 8275
4082 4199 8281
4210 4218 8428
4170 4186 8356
4133 4197 8330
4077 4168 8245
4216 4283 8499
4008 4124 8132
4209 4233 8442
4144 4244 8388
4118 4234 8352
4079 4085 8164
4006 4160 8166
4077 4109 8186
4010 4116 8126
4070 4172 8242
4056 4189 8245
4163 4176 8339
4256 4257 8513
4154 4204 8358
3982 4257 8239
4097 4166 8263
4272 4290 8562
4201 4231 8432
4142 4221 8363
4094 4123 8217
4083 4196 8279
4044 4054 8098
4089 4223 8312
4101 4163 8264
4229 4253 8482
4032 4102 8134
4107 4245 8352
4100 4218 8318
4112 4149 8261
4107 4121 8228
4157 4208 8365
4011 4159 8170
4173 4218 8391
4122 4223 8345
4203 4248 8451
4172 4186 8358
3964 4032 7996
4236 4255 8491
4031 4109 8140
4131 4195 8326
3969 4146 8115
4130 4192 8322
3982 4279 8261
4225 4244 8469
4111 4173 8284
4140 4199 8339
4074 4149 8223
4178 4251 8429
4190 4205 8395
4096 4113 8209
4103 4158 8261
4156 4179 8335
4010 4101 8111
4057 4121 8178
4214 4261 8475
4012 4210 8222
4065 4219 8284
4099 4179 8278
4095 4132 8227
4184 4186 8370
4064 4107 8171
4082 4286 8368
4260 4270 8530
4266 4268 8534
4112 4204 8316
4004 4120 8124
4186 4276 8462
4089 4241 8330
4092 4200 8292
4029 4199 8228
4012 4243 8255
4148 4158 8306
4052 4276 8328
4034 4166 8200
4210 4285 8495
4111 4132 8243
4130 4183 8313
4137 4150 8287
4093 4228 8321
4087 4125 8212
4122 4229 8351
3976 4264 8240
4128 4166 8294
4000 4111 8111
4091 4119 8210
4270 4280 8550
3990 4201 8191
4043 4209 8252
4100 4255 8355
4145 4270 8415
4092 4129 8221
4098 4193 8291
4114 4159 8273
4019 4218 8237
4204 4251 8455
4226 4289 8515
4089 4202 8291
4147 4171 8318
3970 4055 8025
4070 4166 8236
4235 4244 8479
3970 4036 8006
4189 4202 8391
3969 4029 7998
3970 4138 8108
4041 4094 8135
4231 4274 8505
4099 4163 8262
4125 4238 8363
4096 4171 8267
3982 4130 8112
4176 4220 8396
4161 4276 8437
3939 4102 8041
4033 4249 8282
4037 4158 8195
4001 4019 8020
3989 4229 8218
4000 4198 8198
4126 4235 8361
4007 4145 8152
4152 4154 8306
4088 4130 8218
4085 4099 8184
4173 4213 8386
4159 4271 8430
4178 4179 8357
4273 4282 8555
4023 4164 8187
4141 4150 8291
3973 3997 7970
4100 4233 8333
4043 4046 8089

4135 4176 8285
4112 4189 8265
4121 4164 8266
4120 4164 8268
4089 4105 8165
4001 4112 8096
4139 4173 8276
4034 4149 8146
4000 4013 7993
4087 4159 8242
4108 4183 8286
4118 4146 8248
4053 4125 8156
4161 4165 8288
4026 4032 8036
4087 4136 8186
4141 4172 8277
4034 4152 8166
4054 4159 8180
4080 4175 8235
4017 4175 8170
4044 4071 8091
4090 4112 8186
4061 4158 8216
4179 4188 8339
4186 4188 8364
4088 4198 8285
4140 4196 8308
4019 4102 8109
4079 4184 8236
4181 4192 8341
4152 4172 8322
4181 4192 8358
4093 4104 8162
4190 4198 8365
4048 4132 8161
4167 4192 8338
4172 4177 8327
4103 4166 8246
4168 4183 8336
4038 4111 8138
4036 4192 8217
4037 4186 8212
4192 4198 8368
4103 4190 8274
4053 4067 8107
4081 4158 8204
4125 4139 8241
4091 4152 8239
4033 4118 8120
4049 4055 8069
4025 4155 8175
4129 4199 8289
4169 4171 8325
4103 4131 8225
4039 4165 8167
4117 4131 8234
4053 4093 8108
4087 4186 8247
4019 4091 8078
4163 4183 8340
4023 4085 8088
4161 4184 8328
4142 4163 8286
4158 4187 8317
4177 4185 8324
4190 4191 8354
4071 4084 8147
4147 4155 8275
4187 4189 8344
4168 4192 8359
4003 4098 8096
4095 4167 8229
4149 4199 8330
4062 4174 8228
4082 4140 8195
4051 4059 8077
4060 4070 8118
4003 4014 7987
4177 4178 8325
4013 4073 8049
4105 4173 8266
4123 4140 8238
4037 4105 8109
4196 4198 8358
4080 4087 8131
4003 4083 8072
4066 4093 8125
4026 4177 8181
4192 4197 8353
4056 4061 8087
4020 4126 8139
4028 4102 8128
4082 4170 8228
4049 4141 8163
4144 4162 8294
4151 4172 8285
4042 4181 8196
4053 4089 8126
4131 4189 8283
4066 4187 8249
4114 4153 8257
4142 4174 8296
4133 4159 8274
4045 4085 8098
4197 4198 8364
4078 4144 8203
4184 4186 8333
4164 4197 8349
4026 4048 8042
4150 4171 8298
4148 4157 8294
4022 4118 8115
4196 4197 8373
4053 4115 8130
4143 4157 8268
4128 4184 8310
4181 4200 8356
4029 4059 8068
4059 4097 8126
4088 4179 8263
4099 4124 8195
4057 4147 8188
4187 4199 8359
4027 4199 8209
4172 4195 8354
4184 4189 8364
4051 4189 8234
4114 4161 8238
4108 4142 8236
4159 4173 8294
4185 4187 8351
4008 4162 8161
4023 4024 8020
4189 4190 8358
4154 4182 8320
4006 4102 8107
4055 4170 8215
4069 4197 8228
4087 4149 8226
4004 4049 8048
4191 4200 8373
4065 4143 8200
4162 4186 8343
4031 4177 8205
4112 4127 8216
4081 4109 8153
4057 4125 8161
4152 4171 8318
4134 4189 8290
4124 4191 8288
4072 4148 8190
4191 4194 8360
4177 4189 8355
4099 4116 8185
4036 4138 8145
4105 4144 8233
4171 4197 8365
4003 4107 8098
4185 4200 8371
4023 4137 8122
4098 4200 8285
4081 4122 8201
4063 4153 8184
4059 4151 8188
4156 4190 8313
4023 4164 8161
4164 4182 8333
4048 4176 8189
4091 4190 8255
4180 4198 8370
4194 4195 8382
4052 4091 8135
4150 4154 8270
4023 4068 8069
4006 4044 8036
4010 4198 8185
4010 4028 8016
4156 4191 8319
4052 4159 8207
4178 4190 8352
4121 4187 8297
4089 4160 8224
4103 4110 8183
4073 4095 8150
4194 4199 8379
4131 4180 8288
4059 4077 8119
4110 4118 8207
4104 4110 8212
4180 4198 8352
4171 4186 8353
4108 4185 8269
4035 4084 8091
4076 4133 8204
4030 4115 8141
4035 4164 8189
4161 4177 8313
4108 4132 8226
4198 4200 8390
4121 4135 8254
4031 4167 8174
4168 4179 8333
4167 4188 8330
4004 4081 8056
4036 4043 8052
4187 4191 8364
4022 4095 8101
4046 4095 8137
4025 4186 8207
4063 4195 8249
4104 4156 8246
4006 4052 8041
4118 4150 8239
4093 4112 8195
4084 4100 8179
4092 4184 8251
4153 4195 8344
4109 4132 8233
4124 4192 8286
4023 4120 8134
4009 4055 8051
4124 4173 8294
4066 4163 8224
4090 4108 8183
4166 4172 8301
4182 4183 8364
4030 4147 8164
4140 4200 8307
4112 4150 8223
4020 4086 8068
4000 4102 8081
4143 4184 8321
4146 4179 8313
4121 4133 8249
4017 4048 8064
4182 4183 8353
4027 4073 8068
4177 4179 8329
4042 4053 8072
4080 4173 8245
4061 4184 8214
4141 4191 8298
4165 4171 8315
4048 4082 8114
4050 4138 8162
4075 4161 8217
4159 4167 8305
4118 4167 8255
4019 4045 8061
4168 4181 8315
4173 4194 8343
4069 4082 8114
4053 4116 8157
4077 4177 8249
4166 4192 8342
4021 4189 8180
4174 4197 8349
4046 4153 8174
4043 4104 8121
4090 4119 8187
4073 4124 8193
4026 4116 8111
4038 4100 8127
4017 4181 8169
4184 4196 8350
4164 4190 8333
4028 4118 8137
4041 4124 8158
4102 4108 8177
4193 4198 8372
4006 4146 8114
4112 4137 8224
4181 4194 8338
4188 4192 8352
4118 4119 8213
4052 4198 8240
4153 4163 8298
4197 4200 8393
4048 4151 8165
4036 4140 8138
4195 4196 8368
4101 4160 8242
4057 4174 8199
4140 4200 8331
4185 4194 8354
4089 4112 8197
4172 4178 8335
4016 4160 8154
4073 4138 8175
4171 4174 8309
4131 4177 8298
4147 4188 8322
4183 4191 8344
4174 4194 8365
4195 4200 8365
4159 4161 8296
4084 4120 8181
4041 4153 8180
4199 4200 8394
4077 4159 8207
4057 4085 8132
4113 4190 8273
4165 4185 8332
4007 4173 8173
4064 4119 8168
4008 4135 8128
4085 4160 8213
4142 4157 8294
4000 4173 8135
4129 4171 8270
4169 4191 8344
4155 4198 8317
4100 4133 8198
4148 4199 8337
4144 4182 8313
4025 4163 8157
4002 4146 8131
4182 4200 8381
4091 4113 8195
4005 4198 8173
4191 4192 8345
4008 4042 8037
4059 4070 8094
4117 4164 8249
4091 4139 8213
4157 4196 8344
4003 4068 8061
4065 4082 8130
4113 4133 8208
4055 4093 8126
4120 4198 8307
4046 4191 8225
4107 4179 8260
4076 4136 8187
4086 4121 8195
4000 4114 8082
4054 4150 8180
4083 4198 8274
4094 4182 8256
4158 4196 8332
4121 4187 8279
4003 4059 8040
4056 4158 8176
4171 4183 8334
4183 4198 8378
4196 4200 8374
4013 4178 8167
4121 4151 8238
4103 4176 8269
4130 4132 8250
4147 4161 8270
4198 4199 8389
4183 4193 8361
4051 4088 8106
4154 4186 8327
4194 4195 8363
4016 4031 8011
4021 4101 8113
4059 4176 8234
4076 4084 8136
4030 4158 8180
4130 4161 8280
4112 4120 8201
4114 4119 8207
4191 4197 8372
4109 4194 8272
4171 4183 8322
4074 4184 8229
4135 4198 8329
4191 4199 8360
4104 4136 8221
4005 4174 8170
4019 4100 8111
4152 4154 8287
4033 4055 8074
4038 4158 8175
4141 4185 8309
4131 4134 8245
4164 4191 8331
4198 4199 8384
4015 4197 8206
4162 4174 8319
4175 4190 8330
4143 4153 8280
4142 4169 8272
4095 4182 8246
4162 4196 8356
4060 4103 8132
4099 4123 8217
4013 4081 8071
4158 4185 8328
4101 4176 8253
4178 4191 8332
4178 4192 8338
4110 4123 8217
4073 4181 8223
4117 4189 8285
4061 4194 8252
4164 4167 8309
4028 4189 8179
4184 4191 8370
4191 4192 8362
4016 4030 8008
4143 4162 8266
4096 4170 8231
4068 4132 8174
4038 4063 8084
4162 4199 8352
4033 4179 8203
4134 4147 8262
4164 4177 8338
4067 4181 8231
4110 4135 8244
4133 4171 8295
4104 4156 8257
4021 4049 8057
4198 4200 8387
4156 4188 8323
4077 4143 8209
4067 4140 8189
4139 4173 8309
4040 4159 8197
4156 4165 8316
4092 4150 8206
4158 4161 8288
4133 4149 8244
4049 4064 8075
4037 4197 8217
4186 4197 8351
4166 4185 8333
4198 4199 8395
4047 4131 8162
4178 4181 8344
4145 4159 8298
4019 4168 8151
4007 4122 8128
4105 4173 8266
4068 4072 8133
4114 4196 8303
4068 4072 8118
4151 4189 8310
4046 4065 8075
4080 4098 8145
4084 4089 8156
4009 4184 8185
4052 4104 8137
4162 4190 8336
4065 4165 8211
4150 4189 8336
4033 4186 8185
4131 4181 8292
4170 4180 8344
4083 4160 8214
4131 4150 8262
4096 4171 8231
4180 4184 8338
4005 4070 8068
4177 4182 8344
4029 4119 8133
4087 4123 8190
4170 4176 8330
4175 4194 8337
4101 4163 8238
4158 4160 8292
4016 4024 8006
4034 4121 8141
4177 4182 8324
4070 4075 8109
4135 4151 8265
4020 4086 8100
4038 4108 8115
4010 4044 8041
4183 4199 8373
4120 4132 8215
4096 4141 8212
4190 4197 8362
4075 4079 8128
4144 4155 8280
4147 4192 8300
4026 4198 8204
4125 4181 8291
4020 4140 8147
4039 4056 8073
4044 4168 8207
4085 4121 8177
4079 4188 8235
4088 4091 8162
4145 4186 8304
4064 4161 8214
4064 4138 8185
4172 4186 8322
4153 4176 8323
4085 4120 8198
4188 4199 8368
4115 4151 8264
4110 4116 8207
4032 4061 8080
4127 4137 8248
4015 4105 8110

0.010000 0.420000
