500
1687181
4080 4144 8224
4146 4162 8308
4077 4187 8264
4184 4227 8411
3989 4145 8134
4156 4191 8347
4042 4221 8263
4217 4235 8452
3949 4173 8122
4072 4173 8245
4064 4103 8167
4127 4151 8278
4080 4130 8210
3977 4129 8106
4192 4218 8410
4176 4206 8382
4008 4130 8138
4181 4209 8390
4255 4270 8525
3990 3991 7981
4102 4165 8267
4049 4175 8224
4113 4220 8333
4145 4162 8307
4072 4247 8319
4149 4232 8381
4146 4244 8390
4061 4204 8265
4080 4159 8239
3970 4143 8113
4115 4193 8308
4246 4278 8524
4103 4114 8217
4106 4257 8363
4066 4105 8171
4033 4057 8090
4160 4214 8374
3996 4131 8127
4055 4224 8279
4281 4282 8563
4021 4190 8211
3990 4040 8030
4097 4128 8225
4131 4184 8315
4028 4200 8228
4108 4220 8328
4164 4227 8391
4058 4060 8118
4140 4258 8398
4014 4040 8054
4162 4243 8405
4049 4087 8136
3976 3995 7971
3969 4122 8091
4153 4175 8328
4109 4170 8279
3955 4034 7989
4135 4140 8275
4002 4182 8184
3976 4082 8058
4141 4246 8387
3990 4201 8191
4238 4252 8490
4018 4142 8160
4238 4277 8515
4142 4178 8320
4122 4261 8383
4233 4254 8487
4205 4237 8442
4122 4134 8256
4157 4201 8358
4186 4229 8415
4166 4205 8371
4054 4110 8164
4163 4260 8423
4162 4163 8325
4120 4270 8390
4182 4223 8405
4093 4246 8339
4025 4097 8122
4122 4276 8398
3984 4150 8134
4067 4262 8329
4193 4237 8430
4081 4111 8192
4126 4209 8335
4073 4269 8342
4112 4130 8242
4000 4242 8242
4018 4099 8117
4239 4273 8512
4081 4232 8313
4064 4072 8136
4127 4256 8383
4223 4238 8461
4118 4161 8279
3988 4097 8085
4109 4114 8223
4073 4251 8324
4105 4213 8318
4006 4069 8075
4110 4195 8305
4033 4188 8221
4260 4284 8544
4032 4136 8168
4041 4109 8150
3985 4101 8086
4020 4111 8131
4086 4124 8210
4233 4277 8510
3941 4073 8014
3917 4217 8134
4091 4159 8250
4048 4270 8318
4033 4095 8128
4036 4212 8248
3953 4098 8051
4082 4272 8354
4122 4152 8274
4075 4184 8259
4025 4140 8165
4010 4112 8122
4207 4214 8421
4223 4231 8454
4090 4234 8324
3961 4152 8113
4228 4252 8480
4170 4247 8417
4105 4251 8356
4077 4110 8187
4102 4107 8209
4050 4186 8236
4068 4282 8350
4201 4285 8486
4064 4142 8206
4112 4133 8245
4154 4210 8364
4059 4286 8345
4170 4207 8377
4031 4039 8070
3978 4174 8152
4137 4254 8391
4200 4204 8404
4040 4228 8268
4080 4265 8345
4135 4173 8308
4124 4134 8258
3998 4114 8112
4153 4250 8403
4137 4193 8330
3999 4208 8207
4123 4126 8249
4111 4212 8323
4046 4126 8172
4035 4133 8168
4135 4224 8359
4025 4193 8218
4184 4267 8451
4101 4150 8251
3943 3966 7909
4095 4138 8233
4149 4186 8335
4058 4120 8178
4191 4237 8428
4108 4226 8334
4024 4076 8100
4092 4171 8263
4105 4292 8397
4154 4168 8322
4077 4106 8183
3963 4043 8006
4004 4066 8070
4102 4118 8220
4226 4260 8486
4050 4082 8132
4215 4293 8508
4021 4023 8044
4068 4168 8236
4038 4167 8205
4135 4161 8296
4133 4150 8283
4009 4128 8137
4070 4166 8236
3942 4060 8002
3930 4065 7995
4073 4095 8168
4123 4263 8386
4022 4230 8252
4097 4230 8327
4033 4109 8142
4089 4206 8295
4048 4121 8169
4156 4238 8394
4225 4234 8459
4133 4263 8396
4065 4127 8192
4123 4262 8385
4136 4221 8357
4064 4127 8191
4167 4175 8342
4102 4113 8215
4083 4133 8216
4154 4222 8376
4093 4228 8321
4132 4169 8301
4074 4106 8180
4254 4255 8509
4232 4276 8508
4026 4048 8074
4210 4237 8447
4141 4228 8369
4123 4206 8329
4033 4116 8149
4082 4181 8263
4033 4083 8116
4059 4114 8173
4143 4187 8330
4098 4189 8287
4051 4128 8179
4112 4275 8387
4097 4214 8311
4070 4153 8223
4080 4098 8178
4115 4131 8246
4077 4164 8241
4215 4251 8466
4047 4156 8203
3920 4077 7997
4203 4264 8467
4090 4128 8218
4169 4234 8403
4011 4083 8094
4083 4212 8295
4272 4275 8547
4012 4271 8283
4124 4207 8331
4146 4175 8321
4102 4195 8297
4133 4137 8270
4059 4077 8136
4024 4244 8268
4115 4178 8293
4056 4231 8287
4137 4154 8291
4059 4205 8264
4062 4206 8268
4051 4121 8172
4095 4118 8213
4007 4198 8205
4111 4131 8242
4106 4180 8286
4018 4138 8156
4054 4284 8338
4164 4195 8359
4021 4161 8182
3978 4267 8245
4218 4265 8483
3971 4160 8131
4017 4155 8172
4223 4240 8463
4098 4138 8236
4015 4079 8094
4093 4247 8340
4249 4273 8522
3958 4144 8102
4138 4172 8310
4115 4227 8342
3950 4187 8137
4149 4206 8355
4126 4157 8283
4096 4255 8351
4082 4121 8203
4102 4125 8227
4071 4150 8221
4125 4198 8323
3926 4104 8030
4172 4251 8423
4024 4231 8255
3958 4124 8082
4132 4137 8269
4181 4202 8383
4128 4157 8285
4094 4250 8344
4099 4284 8383
4136 4142 8278
4210 4255 8465
3988 4005 7993
4251 4252 8503
4130 4209 8339
4071 4157 8228
4066 4212 8278
4049 4174 8223
4098 4252 8350
4166 4203 8369
4023 4124 8147
4106 4112 8218
4092 4255 8347
4160 4186 8346
4059 4259 8318
4083 4232 8315
4074 4211 8285
3915 4051 7966
4148 4214 8362
4090 4189 8279
4089 4117 8206
4091 4096 8187
4105 4224 8329
4153 4201 8354
4052 4139 8191
3995 4012 8007
3994 4239 8233
4123 4166 8289
4030 4160 8190
4013 4117 8130
4276 4277 8553
4071 4174 8245
4099 4172 8271
4174 4222 8396
4115 4175 8290
4011 4226 8237
4160 4210 8370
4001 4062 8063
4151 4206 8357
4208 4261 8469
4134 4168 8302
4171 4271 8442
4164 4208 8372
3925 4219 8144
4097 4109 8206
4142 4170 8312
3951 4063 8014
4124 4133 8257
4116 4176 8292
3912 3987 7899
3950 4016 7966
4076 4104 8180
4134 4143 8277
4129 4197 8326
4082 4211 8293
4023 4142 8165
4129 4206 8335
4107 4182 8289
4097 4108 8205
3974 4087 8061
4172 4211 8383
4061 4102 8163
4232 4276 8508
4163 4197 8360
4115 4120 8235
4091 4095 8186
4058 4179 8237
4231 4255 8486
4147 4149 8296
4166 4273 8439
4108 4275 8383
4176 4218 8394
4143 4265 8408
4082 4101 8183
4121 4242 8363
4241 4249 8490
4174 4285 8459
4037 4079 8116
4207 4247 8454
4150 4257 8407
4065 4237 8302
4159 4190 8349
4045 4244 8289
4100 4158 8258
4177 4200 8377
4076 4155 8231
4076 4278 8354
4108 4162 8270
4128 4175 8303
4128 4185 8313
4079 4208 8287
3992 4128 8120
4152 4193 8345
4081 4162 8243
4248 4295 8543
4088 4121 8209
4247 4281 8528
3963 4155 8118
3951 4078 8029
4015 4062 8077
4047 4112 8159
4063 4140 8203
4063 4128 8191
4153 4229 8382
4079 4200 8279
4210 4224 8434
4224 4225 8449
3964 4161 8125
4242 4268 8510
3975 4121 8096
4117 4127 8244
4121 4250 8371
4078 4111 8189
4054 4199 8253
4267 4283 8550
4246 4260 8506
4142 4216 8358
4103 4175 8278
4194 4221 8415
4072 4118 8190
4178 4225 8403
4104 4251 8355
4039 4169 8208
4053 4155 8208
4204 4284 8488
4085 4253 8338
4157 4219 8376
4019 4247 8266
3934 4069 8003
4173 4194 8367
4107 4272 8379
4127 4136 8263
4154 4158 8312
4162 4164 8326
4032 4064 8096
4145 4228 8373
4144 4236 8380
4066 4194 8260
4196 4198 8394
4069 4249 8318
4092 4120 8212
4211 4240 8451
4214 4272 8486
3975 4209 8184
4089 4163 8252
4033 4189 8222
4053 4271 8324
4166 4257 8423
4057 4224 8281
4026 4177 8203
3920 4059 7979
4124 4261 8385
4083 4145 8228
4102 4272 8374
4043 4137 8180
3953 4098 8051
4161 4189 8350
4016 4179 8195
4156 4276 8432
4083 4151 8234
4199 4216 8415
4160 4227 8387
4101 4152 8253
4112 4239 8351
4279 4286 8565
4208 4237 8445
4074 4265 8339
4118 4148 8266
4166 4195 8361
3961 4001 7962
4104 4133 8237
4191 4216 8407
4141 4212 8353
4022 4030 8052
4017 4081 8098
4073 4122 8195
4103 4273 8376
4032 4081 8113
4276 4290 8566
4090 4118 8208
4131 4149 8280
4050 4267 8317
4272 4283 8555
4104 4154 8258
4077 4121 8198
4203 4212 8415
4058 4083 8141
4045 4112 8157
4139 4269 8408
4013 4094 8107
4117 4149 8266
4095 4109 8204
3973 4083 8056
4280 4287 8567
4242 4250 8492
4011 4208 8219
4033 4105 8138
3916 4061 7977
4215 4278 8493
4236 4264 8500
3946 4200 8146
4090 4157 8247
4203 4255 8458
4238 4288 8526
4101 4182 8283
4002 4016 8018
4045 4150 8195
3941 4182 8123
4201 4255 8456
3993 4090 8083
3981 4140 8121
4082 4136 8218
4249 4274 8523
4149 4207 8356
4121 4201 8322
4091 4275 8366

4154 4187 8317
4057 4067 8106
4067 4125 8159
4142 4146 8256
4059 4099 8138
4074 4111 8160
4008 4198 8168
4158 4168 8298
4005 4196 8191
4163 4167 8321
4038 4187 8213
4028 4090 8104
4069 4157 8214
4042 4085 8097
4127 4156 8260
4170 4200 8366
4054 4072 8124
4126 4188 8294
4162 4188 8338
4071 4089 8134
4111 4157 8229
4086 4127 8188
4068 4120 8182
4083 4105 8171
4151 4154 8275
4151 4166 8310
4194 4196 8370
4003 4176 8163
4053 4197 8221
4020 4173 8192
4141 4154 8280
4156 4192 8346
4016 4018 8032
4178 4193 8353
4001 4013 7993
4061 4080 8129
4077 4168 8229
4068 4186 8224
4042 4148 8169
4191 4193 8351
4065 4185 8220
4003 4055 8048
4152 4162 8275
4123 4174 8259
4080 4128 8185
4112 4136 8233
4093 4130 8206
4090 4112 8189
4180 4191 8370
4018 4020 8018
4095 4165 8239
4138 4142 8255
4044 4080 8113
4023 4062 8061
4064 4159 8216
4016 4147 8127
4049 4108 8145
4157 4161 8304
4055 4110 8160
4010 4117 8101
4129 4177 8279
4074 4105 8145
4156 4181 8317
4003 4100 8085
4171 4198 8345
4147 4149 8295
4143 4173 8291
4169 4184 8330
4156 4162 8279
4181 4186 8356
4175 4181 8351
4193 4200 8362
4086 4116 8168
4052 4131 8147
4162 4170 8328
4171 4187 8328
4107 4194 8282
4106 4196 8264
4130 4193 8306
4063 4197 8245
4028 4197 8203
4014 4125 8114
4132 4185 8312
4130 4192 8286
4143 4149 8254
4133 4192 8308
4068 4188 8234
4130 4198 8299
4068 4158 8223
4072 4182 8241
4185 4200 8355
4066 4156 8186
4012 4036 8032
4143 4193 8313
4125 4152 8276
4187 4197 8345
4067 4075 8126
4015 4016 8011
4172 4183 8331
4127 4189 8300
4006 4049 8018
4076 4108 8150
4059 4128 8150
4160 4189 8347
4071 4174 8233
4030 4132 8130
4075 4088 8151
4116 4142 8231
4093 4094 8179
4155 4198 8322
4008 4112 8111
4004 4194 8190
4068 4184 8225
4104 4189 8269
4067 4124 8188
4135 4151 8252
4020 4176 8178
4179 4185 8341
4035 4181 8211
4156 4190 8317
4110 4155 8229
4108 4163 8261
4120 4151 8270
4141 4187 8303
4171 4197 8367
4055 4066 8118
4171 4185 8324
4167 4182 8314
4116 4186 8295
4070 4091 8143
4063 4090 8116
4044 4153 8159
4056 4185 8206
4179 4186 8330
4085 4174 8226
4063 4078 8122
4169 4178 8316
4064 4199 8255
4074 4157 8210
4073 4111 8153
4013 4142 8133
4172 4180 8318
4163 4194 8342
4067 4176 8218
4178 4198 8356
4044 4081 8099
4153 4164 8295
4090 4111 8176
4188 4198 8375
4074 4096 8145
4010 4152 8146
4103 4111 8207
4049 4184 8207
4051 4080 8129
4028 4147 8145
4103 4168 8250
4037 4136 8163
4187 4191 8372
4070 4189 8221
4007 4045 8035
4129 4142 8255
4057 4088 8111
4111 4132 8212
4177 4184 8326
4100 4191 8269
4076 4104 8156
4150 4198 8310
4186 4195 8369
4147 4192 8305
4014 4114 8117
4031 4037 8038
4081 4119 8192
4174 4184 8331
4158 4175 8313
4076 4105 8167
4192 4198 8365
4068 4095 8144
4143 4182 8322
4133 4177 8298
4122 4180 8264
4085 4089 8169
4056 4194 8242
4054 4081 8122
4004 4144 8119
4012 4014 7990
4141 4195 8318
4068 4197 8263
4079 4169 8220
4141 4190 8330
4055 4105 8130
4182 4183 8335
4074 4126 8191
4167 4183 8342
4171 4183 8324
4137 4172 8284
4156 4188 8343
4192 4195 8351
4101 4135 8223
4029 4145 8150
4160 4187 8322
4010 4049 8041
4082 4149 8212
4175 4176 8346
4104 4138 8212
4044 4127 8141
4064 4136 8190
4156 4174 8302
4180 4192 8366
4011 4117 8111
4129 4161 8268
4117 4147 8234
4137 4179 8306
4131 4191 8283
4108 4138 8221
4133 4141 8260
4015 4150 8157
4091 4140 8228
4196 4199 8390
4057 4143 8183
4163 4199 8331
4074 4124 8177
4135 4162 8277
4173 4187 8349
4026 4035 8024
4007 4099 8101
4127 4172 8268
4138 4172 8302
4015 4042 8019
4141 4166 8288
4095 4172 8232
4116 4179 8270
4019 4134 8145
4111 4128 8200
4179 4182 8347
4031 4192 8206
4177 4185 8333
4120 4129 8245
4178 4195 8364
4138 4174 8287
4146 4156 8266
4083 4167 8242
4067 4079 8108
4140 4142 8275
4072 4108 8173
4144 4154 8282
4029 4119 8127
4041 4187 8201
4052 4069 8120
4091 4152 8227
4125 4145 8244
4068 4106 8151
4038 4048 8080
4116 4200 8286
4078 4160 8203
4100 4180 8253
4045 4195 8216
4155 4175 8300
4012 4062 8037
4053 4192 8225
4126 4197 8311
4055 4086 8126
4001 4019 7994
4160 4163 8299
4189 4191 8378
4038 4161 8180
4045 4147 8179
4075 4175 8233
4000 4115 8093
4197 4198 8372
4094 4136 8198
4085 4163 8244
4048 4066 8077
4136 4173 8285
4152 4190 8339
4156 4190 8345
4002 4079 8060
4154 4178 8318
4077 4145 8211
4046 4195 8226
4124 4191 8294
4124 4196 8302
4196 4199 8365
4050 4198 8217
4066 4185 8217
4042 4051 8061
4172 4180 8326
4025 4038 8051
4160 4183 8339
4051 4117 8134
4101 4105 8193
4132 4133 8230
4144 4174 8311
4065 4176 8229
4080 4120 8176
4032 4171 8179
4007 4015 8020
4158 4191 8335
4124 4183 8285
4134 4193 8319
4004 4139 8130
4003 4139 8115
4001 4092 8090
4067 4130 8162
4122 4123 8226
4125 4175 8293
4003 4013 7995
4155 4182 8303
4121 4144 8237
4082 4143 8190
4066 4073 8122
4052 4193 8229
4133 4148 8278
4044 4116 8136
4056 4154 8192
4179 4194 8364
4170 4175 8331
4187 4200 8348
4103 4196 8279
4125 4185 8295
4111 4170 8275
4118 4163 8257
4033 4151 8171
4115 4116 8210
4151 4200 8340
4158 4172 8291
4162 4182 8305
4104 4199 8293
4020 4193 8180
4087 4105 8175
4126 4190 8308
4023 4148 8158
4151 4196 8346
4023 4122 8132
4006 4024 8017
4007 4027 8025
4127 4158 8252
4066 4100 8156
4121 4122 8213
4106 4155 8234
4017 4173 8182
4040 4130 8138
4036 4183 8201
4023 4079 8092
4036 4176 8177
4080 4155 8213
4044 4063 8079
4170 4181 8326
4096 4119 8202
4106 4135 8208
4095 4129 8214
4109 4151 8233
4164 4166 8293
4186 4190 8348
4170 4173 8327
4181 4188 8330
4126 4160 8270
4167 4200 8365
4115 4121 8210
4118 4183 8281
4162 4164 8288
4121 4196 8279
4033 4072 8093
4190 4197 8380
4114 4188 8266
4135 4190 8295
4164 4180 8306
4137 4167 8280
4142 4152 8264
4093 4174 8256
4115 4133 8233
4008 4196 8178
4070 4115 8164
4129 4184 8287
4177 4179 8336
4084 4196 8255
4055 4181 8199
4183 4190 8362
4067 4089 8122
4193 4198 8384
4073 4102 8160
4177 4194 8365
4062 4091 8119
4008 4130 8127
4032 4056 8060
4056 4057 8077
4118 4155 8236
4021 4124 8126
4194 4198 8356
4103 4192 8283
4174 4182 8345
4161 4198 8339
4021 4074 8091
4168 4184 8315
4047 4148 8166
4023 4061 8067
4175 4191 8364
4025 4029 8028
4061 4170 8193
4174 4189 8331
4185 4198 8359
4145 4173 8311
4160 4161 8313
4112 4137 8233
4020 4108 8097
4150 4195 8309
4123 4166 8272
4026 4116 8117
4036 4173 8203
4196 4197 8391
4133 4156 8258
4157 4172 8320
4105 4180 8274
4020 4030 8039
4128 4191 8303
4160 4200 8353
4167 4182 8319
4124 4138 8225
4170 4175 8324
4040 4043 8073
4120 4131 8222
4172 4189 8347
4018 4104 8096
4100 4185 8269
4158 4190 8316
4045 4058 8102
4184 4194 8362
4122 4193 8282
4050 4173 8208
4132 4145 8263
4001 4109 8074
4001 4179 8160
4087 4160 8227
4089 4190 8276
4090 4198 8284
4005 4131 8099
4100 4195 8273
4054 4068 8116
4080 4190 8237
4137 4174 8279
4031 4103 8125
4197 4199 8379
4056 4154 8188
4186 4191 8356
4116 4197 8290
4151 4184 8316
4102 4151 8216
4142 4171 8288
4152 4167 8296
4190 4191 8357
4166 4198 8341
4167 4187 8348
4113 4161 8272
4103 4125 8191
4053 4092 8135
4159 4198 8353
4131 4181 8299
4101 4173 8258
4034 4100 8115
4044 4125 8146
4136 4177 8291
4199 4200 8372
4033 4064 8089
4177 4196 8337
4000 4076 8056
4048 4088 8111
4149 4169 8306
4195 4198 8381
4195 4196 8369
4119 4128 8240
4128 4172 8298
4065 4074 8114
4052 4055 8101
4195 4199 8366
4036 4107 8141
4151 4189 8305
4038 4050 8058
4059 4070 8119
4189 4196 8359
4163 4199 8336
4038 4126 8151
4058 4095 8118
4007 4156 8130
4174 4195 8339
4188 4199 8381
4021 4102 8089
4008 4199 8203
4179 4188 8363
4193 4198 8369
4052 4099 8149
4030 4115 8108
4072 4188 8226
4040 4173 8184
4164 4196 8327
4007 4112 8093
4072 4122 8161
4111 4142 8252
4168 4184 8326
4175 4181 8323
4134 4178 8308
4178 4191 8358

0.010000 0.410000
