600
1482404
4197 4230 8427
4159 4189 8348
4133 4241 8374
3996 4187 8183
3949 4192 8141
4078 4247 8325
4177 4190 8367
4121 4253 8374
4006 4243 8249
4055 4188 8243
4116 4179 8295
4100 4231 8331
4034 4198 8232
3978 4172 8150
4103 4132 8235
4171 4286 8457
4168 4178 8346
4238 4283 8521
4116 4216 8332
4156 4162 8318
4126 4130 8256
4212 4263 8475
4226 4277 8503
4149 4175 8324
4134 4203 8337
4223 4262 8485
4082 4162 8244
4060 4135 8195
4160 4212 8372
4178 4195 8373
4209 4283 8492
4099 4111 8210
4113 4252 8365
4100 4164 8264
3964 3999 7963
4236 4262 8498
4040 4185 8225
4096 4235 8331
4038 4080 8118
4223 4232 8455
4142 4291 8433
4035 4102 8137
4049 4165 8214
3965 4071 8036
4192 4252 8444
4003 4087 8090
4225 4258 8483
3962 3979 7941
4078 4138 8216
4128 4186 8314
3946 4153 8099
4228 4249 8477
3918 4198 8116
3964 4175 8139
4111 4164 8275
4216 4219 8435
4184 4255 8439
3977 4118 8095
4222 4276 8498
4056 4216 8272
4052 4250 8302
4204 4233 8437
4063 4143 8206
4135 4209 8344
4080 4137 8217
4052 4183 8235
4188 4218 8406
4154 4172 8326
4131 4257 8388
3953 4103 8056
4071 4158 8229
4079 4165 8244
4048 4231 8279
4050 4069 8119
4070 4214 8284
4130 4203 8333
4259 4277 8536
4210 4235 8445
4185 4238 8423
4142 4211 8353
4007 4150 8157
4249 4263 8512
3996 4070 8066
4040 4177 8217
4208 4253 8461
4113 4248 8361
4225 4235 8460
4159 4211 8370
3951 4073 8024
4215 4219 8434
4076 4097 8173
4089 4210 8299
4007 4094 8101
4062 4106 8168
3942 4120 8062
4106 4122 8228
4186 4263 8449
4060 4151 8211
4132 4255 8387
4280 4283 8563
4158 4242 8400
4160 4298 8458
4210 4219 8429
4098 4204 8302
4077 4222 8299
4070 4213 8283
4096 4202 8298
4271 4284 8555
4135 4260 8395
4075 4266 8341
4276 4282 8558
3978 4162 8140
4151 4292 8443
3981 4108 8089
4149 4221 8370
4100 4146 8246
4068 4080 8148
4011 4065 8076
4153 4208 8361
4060 4210 8270
4204 4213 8417
4023 4127 8150
4079 4257 8336
4178 4183 8361
4088 4134 8222
4133 4197 8330
3961 4001 7962
3955 4196 8151
4105 4229 8334
4150 4177 8327
4040 4175 8215
4092 4125 8217
3996 4241 8237
4110 4164 8274
4148 4268 8416
4071 4139 8210
4203 4224 8427
4103 4170 8273
4134 4202 8336
4116 4169 8285
3985 4140 8125
4175 4229 8404
4240 4287 8527
4090 4148 8238
4070 4197 8267
4221 4288 8509
4246 4265 8511
4216 4275 8491
4277 4286 8563
4021 4133 8154
4089 4104 8193
4252 4285 8537
4071 4089 8160
4198 4203 8401
3979 4137 8116
4164 4165 8329
3978 4192 8170
4085 4096 8181
4207 4253 8460
4116 4129 8245
4055 4112 8167
4041 4229 8270
4036 4159 8195
4163 4233 8396
4146 4214 8360
4006 4057 8063
3966 4107 8073
4105 4146 8251
4202 4226 8428
4036 4108 8144
4107 4143 8250
4041 4193 8234
4085 4115 8200
4101 4286 8387
4014 4066 8080
4228 4286 8514
4188 4215 8403
4084 4145 8229
4117 4275 8392
4210 4227 8437
4248 4285 8533
4192 4202 8394
4090 4104 8194
4122 4282 8404
4091 4163 8254
4156 4192 8348
4039 4178 8217
4073 4138 8211
4256 4285 8541
3988 4206 8194
4063 4106 8169
4169 4258 8427
3919 3972 7891
4081 4154 8235
3967 4051 8018
4143 4148 8291
4087 4139 8226
3938 4034 7972
4235 4274 8509
4140 4159 8299
3961 3990 7951
4023 4174 8197
4067 4083 8150
4082 4095 8177
4106 4112 8218
4042 4136 8178
3996 4099 8095
4074 4116 8190
4052 4060 8112
4216 4284 8500
3972 4179 8151
4023 4241 8264
4085 4091 8176
4036 4219 8255
4104 4141 8245
4024 4275 8299
4135 4262 8397
4058 4174 8232
4200 4260 8460
4052 4156 8208
4212 4214 8426
4088 4154 8242
4095 4185 8280
4105 4189 8294
4254 4264 8518
3946 4138 8084
4060 4142 8202
4176 4205 8381
4091 4280 8371
3995 4108 8103
4047 4104 8151
4081 4107 8188
4244 4263 8507
4069 4234 8303
4188 4242 8430
4090 4122 8212
4102 4261 8363
4203 4228 8431
4143 4157 8300
4012 4119 8131
4154 4226 8380
3980 4119 8099
4008 4114 8122
3996 4122 8118
3994 4155 8149
4012 4032 8044
4058 4110 8168
4130 4184 8314
4193 4215 8408
4062 4143 8205
4001 4120 8121
4020 4078 8098
4012 4141 8153
3911 4136 8047
4098 4102 8200
4065 4165 8230
4216 4217 8433
4011 4157 8168
4198 4247 8445
4135 4245 8380
4002 4102 8104
4039 4223 8262
4066 4142 8208
4042 4097 8139
4034 4161 8195
4176 4208 8384
4001 4085 8086
4126 4245 8371
4217 4234 8451
4018 4143 8161
4028 4185 8213
4053 4054 8107
4063 4246 8309
4166 4213 8379
4012 4247 8259
4186 4253 8439
4077 4271 8348
4102 4262 8364
4149 4225 8374
4124 4147 8271
4124 4274 8398
3987 4104 8091
4100 4185 8285
4121 4151 8272
4156 4219 8375
4104 4143 8247
4131 4225 8356
4117 4210 8327
4166 4171 8337
4021 4114 8135
3980 4027 8007
3971 4211 8182
4056 4084 8140
4183 4188 8371
4086 4131 8217
3995 4032 8027
4146 4154 8300
4029 4046 8075
3999 4067 8066
3931 4066 7997
4097 4165 8262
4195 4242 8437
4012 4224 8236
4082 4216 8298
4163 4271 8434
4058 4062 8120
3996 4171 8167
4061 4099 8160
4056 4130 8186
4007 4158 8165
4024 4178 8202
4055 4186 8241
4120 4124 8244
3969 4229 8198
4077 4253 8330
4057 4236 8293
4214 4245 8459
4073 4120 8193
4062 4140 8202
4139 4190 8329
4019 4217 8236
4089 4209 8298
4003 4235 8238
3938 4032 7970
4015 4103 8118
4030 4083 8113
3978 4037 8015
4179 4204 8383
4026 4126 8152
4200 4220 8420
4030 4282 8312
4241 4252 8493
4026 4144 8170
4118 4154 8272
4175 4229 8404
4087 4243 8330
4130 4210 8340
3971 4211 8182
4140 4281 8421
4021 4051 8072
4059 4097 8156
4201 4212 8413
4125 4233 8358
4148 4216 8364
4030 4244 8274
4140 4166 8306
4104 4185 8289
4178 4268 8446
4067 4218 8285
4237 4281 8518
4003 4134 8137
4007 4067 8074
3997 4056 8053
4198 4238 8436
4124 4160 8284
4103 4108 8211
4193 4220 8413
4213 4227 8440
4092 4131 8223
4117 4186 8303
3935 4080 8015
4077 4215 8292
4140 4169 8309
4045 4197 8242
4068 4231 8299
3978 4120 8098
3919 4178 8097
4111 4155 8266
4106 4227 8333
4111 4259 8370
4138 4152 8290
4143 4184 8327
4156 4194 8350
4038 4160 8198
4045 4271 8316
4023 4231 8254
4123 4235 8358
4133 4154 8287
4184 4269 8453
4076 4160 8236
4190 4236 8426
4134 4153 8287
4075 4231 8306
4007 4150 8157
4037 4249 8286
4084 4136 8220
4258 4264 8522
4234 4292 8526
4023 4081 8104
4118 4276 8394
4199 4249 8448
4018 4082 8100
4032 4236 8268
4180 4181 8361
4234 4252 8486
4082 4247 8329
4013 4070 8083
4079 4220 8299
4163 4176 8339
4137 4270 8407
4079 4263 8342
4116 4119 8235
4011 4238 8249
4123 4164 8287
4250 4278 8528
4166 4215 8381
4076 4246 8322
4175 4177 8352
4030 4041 8071
4163 4194 8357
4131 4151 8282
4092 4203 8295
4145 4191 8336
4134 4177 8311
4138 4163 8301
4141 4174 8315
4074 4167 8241
4042 4110 8152
4075 4200 8275
3953 4125 8078
4135 4210 8345
4154 4196 8350
4087 4104 8191
4020 4068 8088
4125 4156 8281
4198 4200 8398
4176 4211 8387
4046 4138 8184
4068 4174 8242
4006 4103 8109
4117 4203 8320
3972 4029 8001
4096 4247 8343
4190 4283 8473
4137 4185 8322
4207 4211 8418
4132 4146 8278
4229 4291 8520
3957 4110 8067
4009 4080 8089
4088 4129 8217
4111 4129 8240
4050 4094 8144
4124 4219 8343
4154 4207 8361
3946 4166 8112
4269 4282 8551
4063 4114 8177
4145 4219 8364
4070 4079 8149
4059 4151 8210
4089 4126 8215
4118 4221 8339
3989 4009 7998
4103 4206 8309
4216 4218 8434
4223 4265 8488
4212 4234 8446
4124 4168 8292
4259 4272 8531
4075 4142 8217
4201 4232 8433
4120 4223 8343
4041 4179 8220
4110 4134 8244
4220 4281 8501
4055 4186 8241
4015 4220 8235
4118 4125 8243
4013 4051 8064
4033 4165 8198
4183 4243 8426
3948 4218 8166
4106 4163 8269
4006 4199 8205
4235 4247 8482
4270 4275 8545
4196 4263 8459
4039 4221 8260
4077 4099 8176
4074 4154 8228
4142 4167 8309
4139 4214 8353
4097 4258 8355
4219 4266 8485
4114 4293 8407
4154 4231 8385
4165 4193 8358
4077 4205 8282
4157 4193 8350
4029 4248 8277
4039 4096 8135
4130 4216 8346
4029 4216 8245
4196 4243 8439
3948 4120 8068
4204 4206 8410
3946 4209 8155
4050 4209 8259
4099 4149 8248
4180 4259 8439
4249 4279 8528
4149 4188 8337
4143 4264 8407
3980 4138 8118
4063 4244 8307
4142 4166 8308
3967 4146 8113
4190 4268 8458
4179 4208 8387
4102 4201 8303
4128 4155 8283
4169 4196 8365
4002 4084 8086
4131 4226 8357
4100 4267 8367
4212 4228 8440
3982 4193 8175
4133 4166 8299
4017 4209 8226
4013 4059 8072
4208 4245 8453
4223 4234 8457
4100 4225 8325
4024 4221 8245
4071 4217 8288
4050 4185 8235
4104 4151 8255
3982 4142 8124
4117 4195 8312
4034 4105 8139
4154 4227 8381
4163 4226 8389
4218 4272 8490
4143 4216 8359
4045 4173 8218
4106 4122 8228
4114 4163 8277
4013 4260 8273
4056 4287 8343
4177 4273 8450
4129 4149 8278
3942 4125 8067
4208 4220 8428
4062 4085 8147
4185 4219 8404
4089 4245 8334
4031 4139 8170
4173 4176 8349
4104 4222 8326
4123 4167 8290
4060 4120 8180
4027 4134 8161
4153 4221 8374
4079 4102 8181
4116 4248 8364
4159 4244 8403
4228 4277 8505
4220 4237 8457
4121 4227 8348
4184 4252 8436
4197 4228 8425
4080 4159 8239
4128 4152 8280
4161 4237 8398
4226 4264 8490
4065 4207 8272
4063 4074 8137
4224 4263 8487
4102 4241 8343
4080 4093 8173
4076 4242 8318
4252 4267 8519
4116 4142 8258
4119 4148 8267
4097 4099 8196
4137 4172 8309
4121 4130 8251
3967 3994 7961
3977 4191 8168
4119 4164 8283
3946 4124 8070
4219 4232 8451
4060 4138 8198
4082 4153 8235
4158 4199 8357
4119 4130 8249
4159 4161 8320
4099 4104 8203
4229 4262 8491
4083 4158 8241
4231 4265 8496
4153 4178 8331
4042 4064 8106
4264 4278 8542
4008 4142 8150
4221 4263 8484
4100 4160 8260
4030 4202 8232
4098 4134 8232

4129 4161 8266
4176 4184 8354
4086 4190 8264
4052 4121 8168
4010 4173 8164
4127 4158 8258
4124 4129 8252
4058 4163 8209
4057 4179 8223
4083 4193 8275
4129 4189 8287
4196 4199 8381
4087 4099 8155
4009 4130 8103
4110 4130 8205
4172 4195 8366
4086 4088 8166
4197 4199 8374
4079 4172 8244
4159 4172 8325
4068 4070 8119
4166 4181 8315
4198 4199 8359
4095 4137 8209
4096 4184 8254
4175 4177 8342
4038 4135 8154
4082 4137 8202
4171 4195 8355
4093 4095 8178
4157 4196 8317
4030 4047 8066
4040 4182 8215
4076 4162 8217
4018 4071 8056
4176 4179 8350
4049 4176 8209
4089 4149 8206
4002 4137 8109
4127 4146 8262
4175 4193 8332
4134 4143 8238
4003 4075 8063
4055 4131 8152
4149 4166 8294
4017 4019 8031
4158 4171 8292
4012 4069 8059
4115 4175 8288
4190 4192 8367
4042 4182 8213
4172 4189 8326
4003 4131 8098
4018 4125 8115
4013 4090 8078
4119 4121 8211
4195 4200 8380
4049 4111 8123
4138 4200 8332
4154 4157 8280
4066 4152 8193
4136 4163 8277
4152 4178 8315
4049 4117 8153
4051 4075 8103
4104 4149 8238
4131 4162 8276
4122 4197 8317
4120 4169 8255
4015 4041 8021
4154 4159 8281
4026 4189 8185
4090 4166 8223
4009 4146 8149
4067 4124 8162
4117 4194 8298
4173 4183 8335
4137 4149 8267
4173 4190 8334
4126 4162 8249
4040 4098 8120
4195 4199 8371
4003 4056 8055
4041 4125 8141
4142 4165 8306
4083 4193 8249
4154 4161 8307
4096 4124 8212
4006 4137 8123
4132 4151 8278
4173 4194 8358
4115 4193 8273
4037 4103 8103
4129 4169 8267
4031 4085 8107
4162 4195 8346
4134 4182 8292
4086 4185 8264
4052 4187 8213
4184 4194 8371
4093 4171 8235
4194 4199 8364
4189 4198 8357
4136 4189 8305
4147 4150 8295
4014 4150 8139
4118 4146 8250
4177 4189 8332
4040 4164 8192
4156 4183 8336
4180 4182 8324
4077 4112 8170
4163 4197 8328
4031 4177 8173
4111 4164 8237
4004 4052 8020
4021 4097 8116
4100 4155 8217
4077 4169 8238
4011 4144 8130
4197 4200 8387
4035 4130 8140
4115 4171 8255
4132 4187 8315
4020 4080 8064
4068 4176 8243
4047 4067 8076
4006 4183 8188
4027 4146 8146
4072 4079 8139
4046 4113 8135
4022 4066 8076
4033 4184 8213
4044 4176 8215
4144 4190 8295
4157 4172 8302
4158 4180 8313
4076 4181 8235
4110 4145 8245
4069 4077 8117
4051 4128 8146
4128 4190 8306
4167 4195 8359
4076 4174 8212
4054 4136 8160
4179 4197 8337
4185 4197 8365
4130 4196 8316
4195 4198 8355
4010 4166 8145
4137 4140 8275
4183 4190 8336
4030 4181 8198
4184 4200 8380
4009 4127 8118
4114 4125 8219
4077 4167 8227
4002 4157 8126
4124 4155 8250
4041 4141 8155
4102 4195 8275
4084 4163 8234
4099 4125 8223
4120 4174 8262
4081 4186 8253
4098 4139 8214
4057 4091 8114
4007 4158 8143
4141 4178 8307
4120 4152 8255
4124 4129 8231
4084 4155 8210
4101 4103 8192
4124 4188 8289
4051 4116 8150
4179 4199 8347
4111 4121 8231
4127 4156 8253
4130 4187 8292
4143 4153 8261
4153 4197 8333
4172 4175 8315
4112 4194 8286
4174 4200 8337
4184 4192 8348
4127 4162 8262
4114 4148 8256
4015 4149 8149
4166 4186 8324
4000 4176 8144
4091 4127 8209
4189 4197 8366
4013 4048 8054
4090 4188 8250
4066 4109 8168
4060 4071 8126
4027 4083 8090
4030 4120 8122
4193 4194 8354
4092 4103 8164
4013 4085 8094
4096 4097 8156
4103 4181 8258
4047 4195 8227
4027 4162 8166
4006 4151 8122
4018 4189 8202
4056 4130 8150
4128 4148 8264
4135 4198 8324
4000 4127 8109
4098 4189 8252
4150 4176 8297
4048 4136 8147
4072 4132 8179
4116 4192 8289
4182 4199 8366
4135 4180 8286
4129 4170 8271
4095 4174 8259
4193 4199 8373
4135 4184 8288
4175 4179 8341
4125 4173 8279
4163 4170 8297
4029 4041 8043
4030 4136 8135
4100 4114 8180
4174 4186 8354
4073 4075 8135
4045 4128 8170
4031 4044 8056
4174 4198 8363
4071 4140 8194
4158 4176 8324
4017 4170 8162
4156 4183 8331
4187 4198 8348
4095 4129 8198
4047 4124 8148
4098 4186 8251
4073 4157 8216
4036 4134 8150
4058 4190 8225
4065 4195 8257
4091 4113 8166
4028 4083 8100
4098 4187 8283
4139 4181 8313
4098 4174 8244
4063 4065 8122
4039 4052 8061
4027 4050 8051
4004 4174 8166
4186 4189 8351
4074 4080 8132
4170 4172 8340
4097 4155 8217
4116 4160 8268
4127 4173 8292
4006 4022 8012
4061 4147 8187
4039 4138 8154
4115 4155 8257
4104 4178 8253
4111 4127 8234
4073 4088 8152
4116 4169 8277
4129 4191 8311
4050 4153 8185
4028 4186 8202
4056 4060 8109
4140 4188 8314
4095 4137 8206
4051 4192 8231
4160 4190 8319
4068 4187 8231
4008 4190 8165
4117 4172 8266
4120 4196 8308
4131 4194 8295
4056 4168 8197
4150 4165 8278
4051 4129 8163
4138 4142 8253
4022 4159 8146
4119 4126 8238
4047 4146 8172
4067 4176 8212
4026 4129 8148
4015 4086 8066
4066 4128 8192
4031 4109 8136
4133 4173 8302
4033 4121 8133
4064 4129 8155
4100 4144 8225
4044 4127 8165
4019 4166 8175
4011 4149 8150
4178 4198 8339
4182 4186 8331
4048 4175 8197
4163 4193 8329
4176 4192 8342
4060 4111 8151
4052 4111 8129
4042 4188 8206
4097 4181 8250
4107 4184 8279
4033 4123 8142
4052 4176 8219
4103 4132 8216
4009 4160 8160
4164 4180 8317
4114 4148 8259
4134 4168 8265
4048 4097 8113
4026 4070 8066
4077 4176 8217
4098 4162 8251
4131 4140 8270
4074 4166 8234
4028 4097 8117
4046 4196 8237
4061 4086 8109
4025 4079 8097
4100 4123 8220
4109 4185 8255
4136 4168 8273
4129 4183 8308
4150 4164 8308
4064 4169 8198
4180 4199 8365
4110 4189 8273
4170 4178 8322
4061 4188 8240
4071 4197 8230
4185 4200 8376
4070 4150 8213
4058 4194 8225
4146 4181 8316
4098 4134 8199
4164 4170 8312
4111 4153 8249
4080 4100 8145
4070 4183 8221
4176 4181 8352
4124 4186 8291
4190 4193 8363
4086 4150 8221
4016 4084 8064
4088 4118 8204
4199 4200 8398
4177 4184 8338
4196 4197 8357
4111 4141 8245
4189 4199 8376
4157 4158 8309
4066 4090 8122
4020 4047 8062
4165 4173 8334
4146 4200 8334
4123 4138 8240
4159 4166 8312
4003 4126 8091
4013 4092 8067
4171 4183 8338
4119 4146 8227
4166 4167 8296
4102 4144 8215
4183 4186 8355
4075 4114 8157
4126 4178 8298
4126 4180 8283
4106 4173 8251
4140 4152 8274
4050 4060 8083
4181 4190 8359
4093 4131 8196
4119 4172 8254
4193 4194 8360
4159 4172 8319
4054 4121 8157
4117 4186 8294
4073 4186 8227
4177 4178 8324
4186 4198 8347
4079 4135 8179
4034 4193 8203
4164 4167 8299
4034 4144 8159
4037 4139 8165
4102 4108 8184
4186 4196 8358
4144 4172 8309
4064 4091 8129
4169 4182 8323
4065 4141 8186
4195 4200 8367
4099 4196 8285
4057 4058 8084
4010 4143 8152
4121 4140 8248
4194 4195 8367
4098 4181 8270
4131 4153 8245
4109 4112 8204
4032 4055 8064
4123 4142 8226
4052 4139 8182
4021 4119 8117
4128 4197 8301
4196 4200 8384
4090 4093 8181
4128 4192 8287
4041 4082 8111
4063 4162 8220
4104 4111 8206
4017 4194 8180
4165 4182 8332
4129 4163 8274
4078 4128 8195
4028 4031 8036
4059 4137 8187
4161 4163 8288
4112 4135 8231
4029 4071 8092
4008 4130 8134
4073 4149 8186
4051 4183 8204
4051 4111 8155
4074 4162 8227
4108 4195 8292
4164 4173 8326
4194 4198 8377
4161 4196 8342
4193 4195 8354
4000 4178 8151
4021 4055 8056
4168 4172 8317
4176 4184 8348
4089 4134 8196
4040 4187 8218
4189 4197 8365
4025 4193 8190
4196 4197 8374
4118 4131 8232
4156 4166 8315
4032 4086 8087
4065 4083 8144
4101 4180 8279
4160 4185 8317
4036 4097 8115
4151 4181 8331
4122 4184 8291
4196 4197 8364
4134 4152 8270
4091 4175 8232
4198 4200 8381
4011 4101 8108
4160 4193 8336
4044 4158 8198
4116 4142 8220
4126 4139 8231
4179 4182 8337
4078 4172 8236
4062 4178 8210
4021 4029 8016
4083 4113 8173
4083 4138 8203
4180 4200 8369
4023 4142 8136
4105 4181 8257
4103 4171 8247
4191 4195 8378
4173 4189 8347
4098 4191 8261
4003 4193 8172
4163 4174 8336
4010 4171 8154
4169 4193 8336
4049 4120 8168
4194 4200 8356
4196 4200 8374
4196 4199 8364
4062 4168 8224
4144 4150 8279
4150 4161 8303
4106 4148 8224
4128 4198 8322
4058 4186 8225
4133 4150 8257
4072 4198 8255
4173 4179 8333
4021 4124 8108
4108 4113 8186
4003 4144 8127
4137 4164 8282
4158 4177 8330
4199 4200 8395
4188 4192 8376
4158 4187 8317
4173 4189 8336
4031 4116 8129
4093 4172 8234
4157 4170 8315
4046 4147 8169
4188 4195 8375
4147 4171 8286
4168 4191 8339
4098 4122 8217
4083 4115 8191
4066 4137 8179
4083 4187 8244
4173 4180 8318
4145 4190 8304
4054 4194 8228
4196 4199 8373
4078 4185 8235
4084 4131 8182
4143 4165 8302
4162 4181 8326
4010 4156 8152
4116 4125 8233
4060 4196 8226
4131 4182 8291
4101 4140 8228
4043 4071 8111
4093 4106 8178
4057 4124 8164
4102 4177 8278
4160 4179 8335
4140 4190 8294
4199 4200 8394
4129 4149 8239
4173 4189 8326
4022 4154 8152
4087 4182 8238
4075 4187 8230
4115 4191 8301
4074 4101 8173
4024 4122 8131
4140 4151 8256
4121 4143 8258
4170 4196 8351
4157 4175 8324
4021 4082 8085
4136 4169 8272
4077 4135 8199
4088 4143 8213
4020 4180 8193
4100 4135 8228
4199 4200 8398
4025 4077 8076
4141 4155 8291
4138 4185 8321
4165 4195 8350
4189 4195 8370
4024 4158 8145
4105 4171 8264
4124 4132 8249
4179 4190 8335
4171 4197 8357
4171 4178 8348
4180 4185 8342
4069 4144 8177
4068 4121 8151
4184 4187 8340
4167 4184 8345
4050 4079 8123
4135 4180 8280
4157 4181 8308
4084 4172 8250
4051 4104 8139
4105 4138 8208
4037 4180 8190
4111 4120 8210
4040 4082 8118
4068 4111 8168
4028 4105 8113
4012 4045 8021
4133 4191 8315
4026 4175 8166
4004 4092 8085
4078 4100 8158
4041 4123 8127
4141 4149 8268
4142 4147 8288
4164 4182 8339
4132 4176 8281
4169 4197 8341
4102 4118 8191
4066 4141 8203
4175 4186 8330
4008 4169 8151
4164 4189 8315
4056 4060 8102
4104 4138 8231
4196 4200 8362

0.010000 0.300000
