600
2764655
4219 4221 8440
3935 4130 8065
4113 4187 8300
4190 4217 8407
4177 4187 8364
4128 4205 8333
4074 4126 8200
4063 4212 8275
4142 4223 8365
4157 4161 8318
4080 4282 8362
4249 4273 8522
4037 4086 8123
4088 4130 8218
4046 4077 8123
4018 4052 8070
4067 4094 8161
4238 4250 8488
4056 4068 8124
4011 4187 8198
3984 4170 8154
4043 4249 8292
4190 4217 8407
4039 4249 8288
4192 4209 8401
3966 3980 7946
4009 4186 8195
4186 4272 8458
4071 4104 8175
4140 4189 8329
4136 4182 8318
3965 4137 8102
4057 4132 8189
4104 4110 8214
4128 4234 8362
4065 4183 8248
4097 4174 8271
4119 4245 8364
4015 4156 8171
4117 4281 8398
4243 4271 8514
4031 4190 8221
3984 4123 8107
4168 4188 8356
4119 4221 8340
4070 4189 8259
4116 4201 8317
4134 4271 8405
4062 4193 8255
4201 4211 8412
4012 4107 8119
4179 4181 8360
4148 4179 8327
4007 4101 8108
3949 4025 7974
4053 4110 8163
4173 4215 8388
3974 3982 7956
4155 4221 8376
3955 4168 8123
4080 4125 8205
4160 4180 8340
4129 4174 8303
4152 4167 8319
4183 4242 8425
4060 4212 8272
3972 4123 8095
4153 4178 8331
4027 4100 8127
4054 4087 8141
4001 4094 8095
4063 4087 8150
4114 4221 8335
4056 4097 8153
4262 4282 8544
3944 4285 8229
4143 4157 8300
3997 4037 8034
4093 4198 8291
4063 4179 8242
4197 4248 8445
4232 4246 8478
4160 4218 8378
4106 4272 8378
4096 4113 8209
3953 4087 8040
4040 4173 8213
4259 4295 8554
4109 4165 8274
4113 4277 8390
4035 4290 8325
3938 3962 7900
4171 4206 8377
4071 4090 8161
4226 4276 8502
4087 4106 8193
4104 4144 8248
4050 4052 8102
4192 4240 8432
4096 4186 8282
4036 4123 8159
4161 4204 8365
4174 4222 8396
4173 4188 8361
4270 4279 8549
4092 4139 8231
4081 4113 8194
4047 4141 8188
4123 4156 8279
4151 4255 8406
4272 4292 8564
4042 4085 8127
4071 4189 8260
4046 4187 8233
4145 4240 8385
4238 4255 8493
4097 4152 8249
4153 4226 8379
4134 4263 8397
4005 4122 8127
4025 4084 8109
4022 4078 8100
3996 4068 8064
4101 4159 8260
4034 4042 8076
4140 4233 8373
4139 4258 8397
4226 4228 8454
4169 4290 8459
4185 4227 8412
4114 4251 8365
4043 4089 8132
4247 4261 8508
4000 4187 8187
4152 4199 8351
3942 4195 8137
4136 4233 8369
4258 4276 8534
4094 4162 8256
4063 4274 8337
4114 4158 8272
4060 4156 8216
4114 4188 8302
4169 4214 8383
3944 4259 8203
4078 4100 8178
4176 4197 8373
4126 4155 8281
3974 4067 8041
4083 4174 8257
4001 4185 8186
4248 4253 8501
3934 3960 7894
4062 4200 8262
4220 4225 8445
3948 4243 8191
4190 4253 8443
3959 4266 8225
4204 4220 8424
3947 4181 8128
4149 4167 8316
4073 4118 8191
4239 4240 8479
4197 4199 8396
3991 4040 8031
4260 4291 8551
4121 4240 8361
4203 4213 8416
4083 4156 8239
4187 4250 8437
4125 4192 8317
4193 4205 8398
4023 4221 8244
4111 4281 8392
4131 4281 8412
3984 4141 8125
4169 4186 8355
3940 4138 8078
3981 4118 8099
4227 4292 8519
4162 4179 8341
4086 4112 8198
4149 4158 8307
4035 4081 8116
4113 4128 8241
4123 4179 8302
4271 4285 8556
4032 4188 8220
3967 4036 8003
3981 4068 8049
3967 4193 8160
3960 4103 8063
3999 4046 8045
4053 4081 8134
4132 4181 8313
3951 4063 8014
3942 4069 8011
4123 4208 8331
4027 4255 8282
4200 4230 8430
4118 4251 8369
3995 4202 8197
4095 4175 8270
4131 4277 8408
4163 4207 8370
4033 4236 8269
4183 4188 8371
4090 4092 8182
4190 4191 8381
4233 4260 8493
4127 4195 8322
4184 4285 8469
4104 4141 8245
4006 4117 8123
3978 4096 8074
4031 4119 8150
4159 4165 8324
4053 4207 8260
4091 4164 8255
4021 4214 8235
4068 4126 8194
4228 4274 8502
4153 4189 8342
3992 4051 8043
4179 4252 8431
4111 4126 8237
4139 4215 8354
4250 4259 8509
4180 4221 8401
4127 4218 8345
4175 4194 8369
4091 4116 8207
4159 4275 8434
4214 4259 8473
4098 4180 8278
4063 4187 8250
4197 4247 8444
4179 4266 8445
4262 4276 8538
3957 4175 8132
4111 4115 8226
4162 4268 8430
4180 4200 8380
3982 4066 8048
4231 4238 8469
4045 4119 8164
4120 4202 8322
4076 4129 8205
4152 4198 8350
4188 4208 8396
4085 4207 8292
3974 4155 8129
4129 4144 8273
4081 4134 8215
4004 4222 8226
4121 4179 8300
4141 4152 8293
4148 4175 8323
4203 4294 8497
4140 4189 8329
3942 4134 8076
4102 4268 8370
4147 4253 8400
3952 4120 8072
4077 4210 8287
3964 4153 8117
4293 4295 8588
4268 4279 8547
4145 4202 8347
4235 4264 8499
4163 4178 8341
4001 4196 8197
4086 4145 8231
3931 4002 7933
4052 4090 8142
4140 4149 8289
4182 4186 8368
4060 4116 8176
4157 4191 8348
4062 4126 8188
4183 4217 8400
4190 4258 8448
4106 4164 8270
3961 4264 8225
4051 4084 8135
4034 4131 8165
4244 4274 8518
4182 4244 8426
4119 4120 8239
3936 4133 8069
4029 4035 8064
4126 4137 8263
4284 4291 8575
4067 4068 8135
4228 4284 8512
4235 4266 8501
4137 4254 8391
4170 4212 8382
3966 4152 8118
4091 4150 8241
4099 4163 8262
4055 4213 8268
4004 4105 8109
4078 4146 8224
3985 4122 8107
4108 4203 8311
4193 4262 8455
4203 4211 8414
4146 4227 8373
3960 4043 8003
4264 4289 8553
4127 4231 8358
4210 4275 8485
3913 4226 8139
4243 4247 8490
4051 4241 8292
4106 4181 8287
4259 4297 8556
3976 4118 8094
4123 4133 8256
4089 4200 8289
4090 4195 8285
4064 4070 8134
4106 4125 8231
4095 4144 8239
4097 4119 8216
4192 4236 8428
4286 4296 8582
4207 4208 8415
4087 4128 8215
4121 4166 8287
3945 3994 7939
4051 4194 8245
3977 4156 8133
4164 4193 8357
3989 4179 8168
4011 4119 8130
3998 4164 8162
4151 4170 8321
4086 4139 8225
4050 4177 8227
4004 4045 8049
3986 4042 8028
4182 4196 8378
4009 4239 8248
4155 4191 8346
4015 4138 8153
4140 4234 8374
3974 4132 8106
4049 4153 8202
4030 4079 8109
4100 4102 8202
4092 4277 8369
3962 4100 8062
4063 4077 8140
4193 4204 8397
4110 4242 8352
4060 4164 8224
4079 4216 8295
4135 4254 8389
4000 4087 8087
4055 4185 8240
4061 4210 8271
4144 4254 8398
4228 4249 8477
4104 4182 8286
4160 4186 8346
3970 3988 7958
4154 4278 8432
4109 4154 8263
4004 4103 8107
4088 4178 8266
4173 4255 8428
4036 4201 8237
4046 4164 8210
4089 4190 8279
4055 4086 8141
4183 4213 8396
4248 4261 8509
4189 4191 8380
4034 4185 8219
4040 4144 8184
3942 4036 7978
4113 4133 8246
4090 4183 8273
4101 4116 8217
4073 4075 8148
4088 4219 8307
4121 4135 8256
4138 4236 8374
4233 4237 8470
4154 4279 8433
4094 4150 8244
4092 4146 8238
4080 4206 8286
4084 4242 8326
4061 4134 8195
4083 4157 8240
4072 4148 8220
4042 4163 8205
4128 4223 8351
4136 4207 8343
4148 4178 8326
4118 4140 8258
4238 4267 8505
3973 4106 8079
4082 4218 8300
4065 4251 8316
4178 4250 8428
4094 4155 8249
4061 4156 8217
4092 4219 8311
4139 4149 8288
3928 4127 8055
4034 4211 8245
4066 4245 8311
4227 4233 8460
4117 4237 8354
4070 4111 8181
4218 4260 8478
3942 4144 8086
4076 4138 8214
4144 4246 8390
4056 4172 8228
3985 4192 8177
4161 4171 8332
4140 4159 8299
4043 4128 8171
4089 4121 8210
4098 4161 8259
4193 4264 8457
4183 4275 8458
4212 4245 8457
4001 4113 8114
4180 4223 8403
3926 4163 8089
4151 4271 8422
4040 4209 8249
4083 4121 8204
4091 4093 8184
3922 4078 8000
4233 4255 8488
4038 4201 8239
4200 4267 8467
4101 4221 8322
4150 4151 8301
3930 4246 8176
4047 4184 8231
4133 4178 8311
3928 4027 7955
4137 4203 8340
4108 4226 8334
4039 4119 8158
3936 4295 8231
4005 4167 8172
4049 4095 8144
4000 4203 8203
4011 4064 8075
4105 4170 8275
4231 4264 8495
4104 4115 8219
4107 4136 8243
4221 4228 8449
4070 4074 8144
4008 4048 8056
3973 4127 8100
4152 4167 8319
4095 4133 8228
4096 4267 8363
4085 4265 8350
4123 4200 8323
4195 4243 8438
4021 4211 8232
3942 4104 8046
4086 4118 8204
4061 4185 8246
4207 4251 8458
4143 4206 8349
4110 4247 8357
4112 4120 8232
4100 4166 8266
4186 4224 8410
4025 4293 8318
4136 4218 8354
4001 4184 8185
4187 4211 8398
4085 4189 8274
4100 4196 8296
4172 4191 8363
4134 4145 8279
4023 4214 8237
4081 4093 8174
4070 4224 8294
4020 4180 8200
4291 4293 8584
3920 4031 7951
4180 4181 8361
4054 4160 8214
4175 4211 8386
4228 4231 8459
4045 4149 8194
4090 4108 8198
4025 4085 8110
4070 4200 8270
4109 4160 8269
4091 4149 8240
3969 3980 7949
4085 4110 8195
4113 4127 8240
4088 4148 8236
4070 4176 8246
4225 4259 8484
4125 4276 8401
4142 4180 8322
3979 3980 7959
4010 4019 8029
4026 4200 8226
4069 4111 8180
4058 4285 8343
4068 4173 8241
4122 4213 8335
4211 4215 8426
4110 4144 8254
4020 4144 8164
4131 4257 8388
4208 4279 8487
4038 4050 8088
4150 4214 8364
4160 4176 8336
4143 4157 8300
4208 4227 8435
4083 4137 8220
4089 4194 8283
4278 4288 8566
4035 4207 8242
4037 4228 8265
3925 4168 8093
4077 4154 8231
3946 4198 8144
4180 4183 8363
3969 4143 8112
4187 4248 8435
4075 4151 8226
4161 4266 8427
4128 4146 8274
4211 4259 8470
4123 4190 8313
4093 4102 8195
4017 4247 8264
3976 4140 8116
4001 4110 8111
4113 4161 8274
4068 4173 8241
4099 4230 8329
3985 4110 8095
4216 4271 8487
4155 4156 8311
4025 4093 8118
4100 4273 8373
4038 4086 8124
4114 4116 8230
4187 4231 8418
4131 4264 8395
4124 4256 8380
4089 4239 8328
4078 4101 8179
4232 4268 8500
4138 4150 8288
4208 4216 8424
4240 4266 8506
4108 4156 8264
4057 4216 8273
4092 4098 8190
4151 4281 8432
4036 4075 8111
4206 4222 8428
4058 4082 8140
3974 4120 8094
4019 4192 8211
4203 4268 8471
4094 4169 8263
4171 4185 8356
4064 4094 8158
4256 4294 8550
4105 4224 8329
4195 4254 8449
4028 4165 8193
4010 4159 8169
4078 4151 8229
4020 4039 8059
4074 4127 8201
4220 4258 8478
4143 4203 8346
4154 4217 8371
4025 4098 8123
4084 4196 8280
4069 4119 8188
4195 4198 8393
4031 4037 8068
4130 4273 8403

4141 4161 8280
4016 4167 8148
4145 4195 8303
4113 4121 8208
4180 4193 8347
4087 4133 8183
4049 4136 8154
4094 4188 8269
4112 4158 8261
4136 4189 8313
4135 4197 8328
4165 4191 8350
4028 4051 8066
4085 4146 8202
4006 4045 8015
4067 4097 8154
4092 4136 8197
4172 4193 8349
4115 4147 8234
4016 4115 8125
4070 4120 8157
4003 4149 8117
4179 4190 8363
4010 4163 8163
4115 4149 8257
4032 4053 8056
4004 4142 8116
4101 4187 8259
4029 4048 8046
4125 4149 8241
4160 4200 8322
4055 4140 8158
4017 4140 8152
4129 4152 8268
4190 4196 8375
4089 4190 8261
4143 4167 8302
4190 4198 8351
4112 4198 8272
4185 4199 8356
4147 4173 8282
4060 4192 8215
4063 4105 8143
4183 4193 8369
4044 4186 8208
4118 4145 8229
4057 4180 8203
4121 4192 8308
4115 4165 8253
4173 4181 8332
4107 4141 8224
4111 4152 8229
4100 4104 8166
4042 4096 8123
4035 4068 8097
4080 4169 8219
4181 4189 8337
4026 4035 8030
4065 4183 8228
4038 4199 8217
4042 4048 8087
4068 4096 8153
4078 4188 8242
4076 4182 8242
4116 4164 8267
4101 4170 8248
4041 4164 8172
4091 4140 8193
4086 4094 8172
4002 4139 8103
4100 4115 8182
4125 4155 8247
4060 4141 8198
4078 4164 8205
4181 4192 8353
4016 4191 8175
4084 4107 8161
4053 4132 8152
4030 4127 8146
4096 4129 8223
4112 4187 8260
4177 4195 8370
4070 4144 8180
4090 4184 8255
4132 4161 8273
4031 4086 8096
4129 4137 8262
4196 4199 8365
4015 4068 8064
4115 4199 8303
4026 4196 8200
4002 4052 8037
4112 4118 8208
4014 4038 8034
4156 4183 8303
4059 4117 8156
4031 4166 8183
4049 4073 8117
4128 4172 8262
4111 4190 8271
4030 4086 8078
4163 4165 8292
4081 4131 8196
4124 4152 8255
4173 4179 8338
4043 4083 8094
4024 4033 8020
4125 4196 8283
4080 4153 8204
4112 4162 8255
4191 4199 8362
4110 4122 8226
4071 4141 8194
4007 4182 8170
4151 4186 8319
4169 4193 8359
4042 4178 8202
4179 4193 8361
4174 4191 8359
4099 4101 8168
4116 4138 8229
4069 4131 8194
4085 4152 8222
4099 4182 8268
4023 4132 8150
4059 4172 8211
4054 4161 8206
4126 4160 8265
4190 4195 8364
4143 4158 8293
4070 4176 8237
4004 4161 8141
4188 4190 8374
4099 4200 8265
4076 4132 8190
4038 4160 8167
4153 4161 8284
4196 4197 8385
4111 4188 8282
4065 4190 8225
4134 4177 8287
4070 4121 8162
4177 4187 8359
4114 4117 8201
4031 4185 8197
4108 4145 8251
4139 4162 8265
4185 4188 8336
4068 4140 8182
4047 4099 8110
4055 4155 8204
4197 4199 8375
4010 4052 8058
4052 4100 8129
4128 4129 8249
4033 4177 8208
4151 4164 8287
4055 4186 8207
4136 4154 8256
4015 4166 8149
4133 4140 8254
4097 4111 8198
4189 4196 8384
4109 4132 8230
4050 4089 8125
4180 4196 8369
4053 4144 8180
4157 4160 8309
4105 4144 8220
4192 4199 8377
4145 4192 8318
4125 4140 8241
4039 4136 8150
4197 4198 8362
4140 4197 8315
4045 4119 8154
4077 4099 8154
4005 4132 8109
4050 4161 8207
4131 4195 8325
4111 4139 8221
4156 4168 8289
4049 4063 8091
4083 4133 8188
4044 4094 8113
4195 4200 8369
4190 4192 8374
4127 4138 8226
4026 4027 8032
4018 4070 8081
4024 4173 8195
4007 4045 8042
4013 4022 8008
4002 4021 8001
4080 4129 8198
4049 4059 8101
4014 4058 8060
4141 4187 8326
4023 4187 8186
4172 4177 8318
4057 4177 8203
4060 4103 8161
4089 4142 8198
4064 4195 8244
4066 4118 8155
4116 4173 8270
4171 4185 8345
4003 4056 8044
4136 4195 8297
4172 4200 8367
4183 4191 8354
4176 4192 8365
4045 4073 8107
4094 4181 8267
4013 4139 8116
4035 4106 8137
4070 4098 8165
4130 4150 8242
4165 4185 8321
4097 4189 8250
4000 4072 8048
4185 4186 8338
4074 4103 8143
4014 4101 8082
4094 4162 8252
4030 4189 8207
4099 4122 8183
4190 4195 8356
4117 4126 8220
4149 4161 8283
4086 4180 8248
4085 4187 8239
4142 4195 8300
4146 4164 8285
4169 4184 8324
4122 4163 8260
4169 4200 8343
4113 4167 8266
4175 4177 8320
4026 4194 8207
4153 4161 8279
4173 4185 8335
4097 4114 8188
4027 4035 8050
4183 4199 8370
4029 4041 8032
4087 4138 8193
4168 4190 8331
4147 4164 8288
4104 4135 8237
4072 4173 8207
4063 4128 8173
4071 4095 8139
4123 4159 8280
4081 4140 8207
4036 4162 8171
4052 4056 8093
4121 4143 8255
4134 4198 8322
4100 4108 8171
4042 4170 8193
4023 4200 8193
4169 4175 8310
4002 4159 8141
4105 4149 8236
4017 4064 8048
4197 4200 8392
4186 4200 8384
4152 4191 8338
4151 4181 8309
4064 4079 8125
4034 4199 8209
4028 4200 8207
4024 4064 8058
4122 4173 8269
4060 4164 8193
4100 4105 8186
4022 4032 8025
4122 4145 8252
4112 4120 8204
4129 4134 8226
4138 4196 8313
4150 4161 8290
4040 4178 8205
4024 4071 8082
4065 4080 8127
4180 4187 8331
4144 4171 8299
4193 4194 8385
4035 4142 8140
4068 4102 8156
4109 4134 8218
4196 4198 8366
4001 4166 8129
4183 4185 8343
4173 4180 8343
4153 4200 8341
4090 4185 8254
4029 4165 8183
4138 4143 8272
4154 4169 8311
4106 4113 8183
4049 4174 8195
4076 4154 8207
4083 4150 8222
4170 4185 8331
4147 4174 8292
4143 4187 8303
4070 4147 8205
4003 4134 8126
4182 4197 8364
4081 4194 8252
4116 4177 8257
4011 4148 8135
4143 4158 8297
4137 4170 8278
4049 4139 8154
4199 4200 8398
4055 4150 8187
4044 4094 8100
4081 4127 8184
4042 4174 8215
4031 4159 8171
4056 4164 8199
4049 4062 8092
4034 4125 8156
4168 4179 8344
4194 4199 8373
4159 4188 8320
4027 4055 8059
4108 4154 8254
4033 4045 8048
4018 4124 8130
4039 4100 8114
4135 4169 8289
4022 4154 8154
4011 4080 8057
4073 4134 8178
4100 4132 8207
4038 4135 8166
4116 4179 8261
4041 4058 8084
4075 4135 8172
4105 4121 8205
4023 4171 8164
4070 4112 8157
4010 4192 8187
4065 4146 8199
4046 4083 8123
4103 4155 8247
4039 4176 8204
4113 4140 8233
4115 4189 8268
4049 4160 8193
4121 4134 8223
4110 4192 8275
4152 4190 8315
4080 4185 8261
4120 4196 8302
4129 4166 8288
4036 4064 8068
4012 4137 8146
4150 4155 8269
4084 4183 8244
4199 4200 8362
4010 4103 8096
4083 4105 8181
4040 4074 8109
4151 4178 8328
4073 4198 8268
4090 4161 8230
4021 4137 8143
4160 4194 8318
4107 4115 8193
4146 4171 8310
4093 4095 8163
4004 4092 8060
4164 4194 8346
4182 4199 8374
4182 4194 8356
4120 4160 8277
4121 4169 8261
4013 4113 8123
4103 4104 8197
4104 4119 8207
4146 4184 8326
4030 4041 8070
4168 4182 8314
4094 4103 8172
4145 4171 8309
4175 4188 8360
4137 4182 8296
4193 4199 8388
4164 4191 8335
4080 4179 8224
4132 4167 8289
4057 4115 8141
4152 4164 8281
4145 4146 8282
4122 4159 8280
4199 4200 8389
4155 4158 8308
4148 4151 8275
4030 4184 8187
4162 4170 8316
4073 4074 8145
4173 4195 8333
4020 4180 8199
4137 4193 8311
4165 4189 8319
4133 4170 8290
4162 4182 8307
4139 4181 8288
4005 4138 8132
4128 4167 8263
4147 4161 8303
4128 4136 8226
4128 4137 8256
4031 4184 8203
4137 4197 8300
4007 4198 8201
4046 4083 8094
4153 4194 8324
4116 4142 8253
4057 4100 8148
4088 4093 8151
4168 4198 8360
4071 4081 8120
4189 4200 8369
4017 4134 8122
4138 4187 8312
4131 4182 8284
4125 4179 8274
4047 4195 8241
4190 4197 8379
4019 4092 8095
4199 4200 8380
4018 4193 8174
4150 4154 8268
4008 4009 8011
4006 4088 8087
4154 4191 8334
4006 4167 8167
4181 4186 8355
4038 4186 8200
4135 4152 8281
4013 4183 8172
4103 4126 8203
4165 4170 8309
4000 4078 8043
4056 4154 8186
4157 4176 8298
4137 4140 8265
4035 4198 8196
4034 4075 8091
4119 4121 8221
4036 4178 8206
4083 4106 8168
4195 4196 8367
4198 4199 8364
4112 4127 8222
4104 4159 8260
4154 4163 8304
4092 4174 8249
4019 4144 8135
4036 4040 8059
4110 4137 8209
4164 4172 8325
4128 4189 8286
4167 4195 8336
4182 4186 8343
4193 4200 8378
4012 4179 8180
4009 4184 8172
4004 4041 8015
4032 4138 8155
4146 4163 8299
4182 4193 8345
4144 4194 8305
4067 4083 8116
4073 4103 8168
4161 4180 8322
4026 4199 8187
4119 4172 8285
4078 4144 8199
4099 4128 8208
4120 4170 8270
4094 4113 8178
4153 4174 8315
4086 4131 8187
4003 4185 8182
4033 4121 8150
4141 4189 8305
4015 4175 8166
4198 4199 8382
4009 4034 8010
4164 4196 8354
4025 4131 8131
4151 4168 8294
4163 4172 8330
4004 4097 8100
4091 4191 8275
4019 4051 8052
4138 4156 8267
4058 4130 8165
4061 4115 8154
4008 4010 7982
4168 4194 8347
4177 4192 8354
4108 4117 8212
4155 4161 8292
4154 4162 8304
4135 4189 8301
4072 4147 8193
4027 4074 8064
4067 4098 8147
4009 4127 8104
4136 4161 8277
4135 4189 8290
4092 4126 8182
4125 4170 8277
4160 4193 8332
4043 4160 8191
4028 4157 8175
4195 4198 8362
4139 4197 8297
4040 4042 8070
4157 4173 8298
4198 4200 8378
4143 4173 8308
4138 4187 8287
4094 4153 8225
4039 4164 8177
4199 4200 8367
4075 4128 8176
4085 4188 8250
4001 4175 8158
4054 4059 8080
4030 4127 8155
4129 4160 8282
4029 4116 8142
4186 4193 8377
4145 4155 8274
4070 4178 8222
4039 4069 8095
4176 4186 8343
4091 4157 8243
4010 4149 8152
4098 4162 8232
4007 4154 8156
4010 4130 8139
4149 4193 8328
4049 4184 8218
4041 4168 8196
4054 4133 8174
4134 4198 8309
4181 4194 8339
4113 4152 8237
4067 4198 8246
4112 4120 8220
4017 4073 8085
4190 4191 8351
4187 4190 8358
4176 4187 8358
4111 4140 8230
4029 4200 8215
4157 4184 8336
4066 4195 8242
4153 4186 8314
4166 4176 8308
4073 4151 8199
4140 4195 8320
4161 4180 8332
4197 4200 8386
4120 4124 8207
4130 4190 8318
4133 4172 8290
4008 4070 8067
4052 4156 8187
4131 4175 8296
4059 4130 8172
4082 4096 8169
4043 4078 8089
4173 4199 8361
4183 4192 8352
4107 4167 8260
4032 4141 8153
4045 4134 8175
4161 4186 8345
4014 4068 8075
4064 4068 8104
4182 4197 8350
4179 4198 8346
4057 4148 8203
4061 4087 8116
4043 4120 8158
4108 4137 8241
4133 4163 8288
4047 4114 8131
4110 4183 8268

0.010000 0.560000
