600
3604959
4188 4222 8410
4145 4265 8410
4119 4159 8278
4206 4248 8454
3994 4209 8203
4153 4259 8412
3979 4086 8065
4201 4223 8424
4260 4261 8521
4174 4244 8418
4201 4256 8457
4274 4293 8567
4129 4206 8335
4100 4261 8361
4102 4164 8266
4097 4150 8247
4159 4209 8368
4032 4240 8272
4127 4183 8310
4084 4177 8261
4053 4105 8158
4010 4178 8188
3985 4088 8073
3975 4153 8128
4172 4241 8413
4097 4259 8356
4098 4125 8223
4174 4263 8437
4078 4229 8307
4175 4193 8368
4161 4233 8394
4033 4139 8172
4018 4223 8241
4137 4147 8284
4119 4233 8352
4076 4145 8221
4149 4190 8339
4109 4123 8232
4089 4202 8291
4069 4109 8178
4164 4254 8418
4001 4022 8023
4093 4240 8333
4073 4227 8300
4089 4106 8195
4112 4137 8249
4040 4229 8269
3982 4210 8192
4044 4270 8314
4113 4218 8331
3925 4085 8010
4090 4265 8355
3941 4221 8162
4247 4283 8530
4168 4239 8407
3984 4270 8254
4072 4221 8293
4122 4197 8319
4109 4201 8310
4148 4162 8310
4033 4097 8130
4138 4254 8392
4214 4284 8498
4137 4227 8364
4037 4180 8217
4156 4294 8450
4196 4216 8412
4092 4128 8220
3975 4117 8092
4049 4148 8197
4062 4191 8253
4178 4199 8377
4156 4254 8410
4129 4145 8274
4089 4156 8245
4057 4212 8269
4111 4124 8235
3998 4192 8190
4031 4034 8065
4045 4052 8097
3993 4073 8066
4224 4261 8485
4095 4210 8305
4235 4283 8518
3913 3977 7890
4117 4122 8239
4008 4062 8070
4113 4212 8325
4075 4152 8227
4016 4127 8143
4110 4252 8362
3935 4005 7940
4109 4113 8222
3956 3975 7931
4196 4271 8467
4092 4249 8341
4021 4092 8113
4235 4274 8509
3957 4219 8176
4083 4183 8266
3959 4183 8142
4125 4255 8380
4046 4175 8221
3929 4027 7956
4100 4130 8230
4112 4130 8242
4081 4094 8175
4090 4186 8276
4092 4166 8258
4236 4252 8488
4121 4194 8315
4081 4257 8338
4066 4131 8197
4238 4242 8480
4135 4173 8308
3923 4057 7980
4176 4194 8370
4081 4226 8307
4103 4216 8319
4162 4243 8405
4044 4138 8182
4149 4235 8384
4229 4253 8482
4023 4082 8105
3955 4086 8041
4133 4163 8296
4099 4257 8356
4107 4144 8251
4038 4087 8125
4170 4201 8371
4203 4266 8469
4142 4166 8308
4099 4134 8233
4089 4104 8193
4041 4104 8145
4138 4233 8371
3971 3985 7956
4055 4148 8203
4048 4217 8265
3976 4182 8158
4254 4265 8519
4268 4270 8538
4212 4274 8486
4139 4229 8368
3988 4078 8066
4033 4034 8067
4162 4281 8443
4038 4070 8108
4020 4184 8204
4256 4276 8532
4064 4141 8205
4182 4273 8455
4075 4139 8214
4170 4192 8362
4006 4251 8257
4209 4247 8456
4149 4279 8428
3991 4152 8143
4031 4163 8194
4216 4233 8449
4164 4178 8342
4108 4151 8259
4053 4074 8127
4016 4121 8137
4136 4147 8283
4146 4157 8303
4169 4171 8340
4079 4084 8163
4126 4231 8357
4137 4253 8390
4062 4082 8144
4255 4265 8520
3968 4159 8127
4045 4185 8230
4089 4116 8205
4046 4116 8162
4165 4233 8398
4035 4248 8283
3982 4113 8095
4141 4243 8384
3997 4211 8208
4098 4273 8371
4160 4236 8396
4170 4210 8380
4088 4117 8205
3953 4064 8017
4009 4065 8074
4152 4182 8334
4171 4199 8370
4085 4212 8297
4012 4184 8196
4076 4261 8337
4175 4251 8426
3981 4250 8231
4128 4203 8331
4044 4130 8174
4051 4158 8209
4220 4238 8458
4266 4299 8565
4021 4131 8152
4239 4241 8480
4121 4212 8333
4210 4227 8437
4098 4127 8225
4061 4260 8321
3935 4013 7948
4252 4280 8532
4076 4133 8209
4098 4190 8288
4241 4245 8486
4046 4240 8286
4154 4222 8376
4016 4238 8254
4113 4114 8227
4044 4203 8247
4038 4044 8082
4032 4248 8280
4206 4219 8425
3909 4234 8143
4015 4215 8230
4095 4138 8233
4126 4135 8261
4064 4142 8206
4141 4146 8287
4203 4219 8422
3976 4225 8201
4066 4162 8228
3965 4030 7995
4087 4131 8218
4095 4122 8217
3985 3995 7980
4035 4123 8158
4076 4118 8194
4024 4139 8163
4199 4230 8429
4156 4166 8322
4235 4262 8497
4266 4277 8543
4183 4246 8429
4099 4246 8345
4125 4217 8342
4207 4216 8423
4222 4269 8491
4116 4125 8241
4178 4237 8415
4030 4248 8278
4190 4235 8425
4188 4264 8452
4116 4179 8295
4071 4160 8231
4082 4241 8323
4163 4199 8362
4181 4183 8364
4050 4188 8238
4069 4173 8242
4086 4279 8365
4128 4200 8328
4206 4211 8417
4188 4225 8413
4120 4165 8285
4032 4291 8323
4042 4062 8104
4284 4296 8580
4104 4272 8376
4036 4187 8223
4068 4239 8307
4138 4183 8321
4104 4271 8375
4068 4121 8189
4115 4119 8234
4016 4158 8174
4160 4181 8341
4016 4160 8176
4210 4257 8467
4100 4259 8359
4125 4131 8256
3947 4200 8147
4078 4199 8277
4194 4200 8394
3920 4234 8154
3984 4218 8202
4148 4166 8314
4058 4073 8131
3927 3968 7895
4057 4145 8202
4036 4145 8181
4073 4080 8153
4114 4178 8292
4020 4232 8252
4177 4182 8359
4124 4138 8262
4017 4169 8186
4006 4257 8263
3960 4188 8148
4118 4215 8333
4123 4300 8423
4105 4164 8269
4151 4156 8307
4055 4217 8272
4192 4196 8388
4023 4238 8261
4059 4198 8257
4029 4188 8217
4031 4067 8098
4172 4212 8384
4088 4221 8309
4188 4215 8403
4072 4250 8322
4049 4150 8199
4106 4179 8285
4179 4262 8441
4050 4171 8221
3932 4149 8081
4159 4267 8426
4140 4179 8319
4214 4235 8449
4063 4112 8175
4037 4070 8107
4062 4188 8250
3984 4094 8078
3966 4072 8038
4074 4256 8330
4126 4212 8338
3945 4127 8072
4108 4142 8250
4024 4095 8119
4116 4252 8368
4184 4186 8370
4127 4157 8284
4174 4202 8376
4078 4215 8293
4179 4256 8435
3985 4276 8261
4078 4174 8252
4024 4077 8101
4192 4207 8399
4108 4113 8221
4012 4145 8157
4029 4141 8170
4074 4263 8337
4115 4145 8260
4032 4054 8086
4040 4205 8245
4058 4089 8147
4140 4250 8390
4021 4159 8180
4003 4145 8148
4125 4189 8314
4091 4141 8232
4119 4134 8253
4142 4155 8297
4031 4074 8105
4217 4264 8481
4114 4148 8262
4246 4298 8544
4096 4199 8295
4091 4213 8304
4254 4272 8526
4250 4267 8517
3908 4145 8053
4152 4175 8327
4079 4136 8215
3964 4138 8102
4106 4248 8354
4179 4249 8428
4008 4051 8059
4136 4192 8328
4036 4136 8172
4003 4201 8204
3973 4209 8182
4061 4279 8340
4172 4208 8380
3956 3985 7941
3936 4210 8146
4100 4140 8240
4136 4146 8282
4046 4149 8195
4145 4150 8295
4057 4152 8209
4095 4168 8263
4019 4254 8273
4111 4124 8235
4208 4224 8432
4128 4286 8414
4079 4109 8188
4020 4276 8296
4064 4148 8212
3992 4051 8043
3946 4043 7989
4088 4120 8208
3988 4035 8023
4125 4203 8328
4154 4171 8325
4175 4208 8383
4165 4252 8417
4106 4196 8302
4078 4103 8181
4177 4235 8412
4159 4179 8338
4151 4181 8332
4155 4201 8356
4184 4295 8479
4172 4232 8404
4188 4220 8408
4002 4119 8121
3995 4167 8162
4181 4217 8398
4100 4208 8308
4217 4288 8505
4052 4090 8142
4270 4281 8551
4144 4271 8415
4073 4164 8237
4249 4285 8534
4224 4295 8519
3957 4272 8229
4179 4218 8397
4070 4107 8177
4082 4117 8199
4046 4174 8220
4218 4259 8477
4033 4186 8219
4081 4151 8232
4117 4199 8316
4087 4240 8327
4089 4226 8315
3935 4159 8094
4090 4168 8258
4189 4259 8448
4119 4298 8417
4077 4129 8206
4163 4289 8452
4058 4121 8179
4153 4157 8310
4032 4115 8147
3961 4110 8071
3992 4230 8222
4078 4156 8234
4108 4125 8233
4093 4098 8191
4169 4201 8370
3969 4198 8167
4080 4087 8167
4246 4252 8498
3954 3973 7927
4069 4073 8142
4010 4249 8259
4081 4205 8286
4241 4246 8487
4080 4169 8249
4112 4223 8335
4037 4099 8136
4235 4259 8494
4062 4180 8242
4017 4228 8245
4023 4208 8231
4131 4160 8291
4169 4221 8390
4102 4103 8205
4004 4228 8232
4080 4197 8277
4081 4194 8275
4287 4291 8578
4026 4136 8162
4084 4202 8286
4087 4284 8371
4019 4074 8093
4228 4261 8489
4014 4101 8115
4207 4273 8480
4133 4211 8344
3976 4071 8047
3988 4056 8044
4067 4251 8318
4074 4083 8157
4112 4216 8328
4087 4115 8202
4128 4139 8267
4120 4202 8322
4074 4211 8285
4229 4262 8491
4054 4173 8227
4161 4246 8407
4149 4163 8312
4030 4229 8259
4180 4246 8426
4178 4270 8448
4107 4223 8330
4174 4265 8439
4049 4127 8176
4201 4228 8429
4039 4061 8100
4095 4134 8229
4011 4270 8281
4110 4160 8270
4146 4175 8321
4073 4082 8155
3969 4145 8114
4157 4172 8329
4146 4186 8332
3952 4272 8224
4175 4211 8386
4047 4183 8230
4086 4247 8333
4221 4224 8445
4135 4222 8357
4232 4257 8489
4098 4120 8218
4135 4194 8329
4044 4084 8128
4036 4126 8162
4052 4112 8164
4111 4118 8229
4192 4250 8442
4076 4104 8180
4101 4132 8233
4088 4251 8339
4189 4264 8453
4010 4171 8181
4045 4105 8150
4018 4046 8064
4214 4224 8438
4055 4188 8243
4105 4188 8293
4235 4266 8501
4045 4104 8149
4109 4187 8296
4070 4231 8301
4108 4138 8246
4134 4150 8284
4092 4163 8255
3977 4112 8089
4187 4188 8375
4130 4134 8264
4095 4213 8308
4088 4111 8199
3979 4077 8056
4033 4114 8147
4016 4151 8167
4067 4096 8163
4048 4108 8156
4005 4069 8074
4100 4222 8322
4062 4169 8231
4158 4192 8350
4005 4228 8233
4189 4284 8473
4020 4200 8220
4168 4275 8443
4201 4269 8470
4247 4271 8518
4096 4174 8270
4233 4255 8488
4239 4242 8481
4277 4289 8566
3939 4117 8056
4008 4222 8230
4089 4095 8184
4288 4289 8577
4159 4238 8397
3963 4108 8071
4182 4193 8375
4204 4248 8452
4043 4091 8134
4052 4182 8234
4087 4233 8320
4192 4233 8425
4080 4098 8178
4059 4149 8208
4109 4192 8301
4230 4249 8479
4136 4241 8377
4107 4167 8274
4158 4245 8403
4210 4241 8451
3974 4214 8188
4154 4157 8311
3970 4118 8088
4057 4066 8123
4053 4229 8282
4092 4226 8318
4087 4247 8334
4073 4104 8177
4272 4286 8558
3977 4182 8159
3956 4047 8003
4029 4214 8243
4219 4229 8448
4199 4241 8440
4210 4217 8427
4279 4294 8573
4093 4192 8285
4165 4175 8340
3953 3975 7928
4097 4125 8222
4176 4200 8376
4076 4103 8179
4120 4160 8280
4025 4030 8055
3963 4018 7981

4171 4196 8328
4159 4179 8328
4120 4122 8225
4199 4200 8395
4063 4190 8237
4142 4191 8316
4003 4103 8078
4179 4196 8336
4160 4164 8309
4196 4197 8387
4132 4196 8327
4189 4196 8364
4114 4190 8277
4046 4190 8224
4004 4115 8115
4075 4099 8173
4170 4198 8366
4062 4143 8200
4107 4145 8245
4003 4149 8140
4064 4156 8195
4103 4154 8224
4079 4182 8253
4010 4121 8103
4186 4199 8346
4114 4199 8275
4005 4120 8116
4126 4179 8267
4061 4164 8192
4124 4134 8255
4072 4182 8244
4087 4132 8193
4108 4146 8238
4039 4174 8182
4155 4160 8297
4120 4127 8235
4134 4153 8259
4099 4191 8268
4132 4161 8258
4149 4154 8273
4118 4180 8294
4076 4087 8144
4178 4195 8363
4082 4131 8187
4116 4170 8278
4013 4191 8173
4007 4195 8169
4041 4142 8152
4134 4181 8306
4086 4131 8189
4023 4083 8072
4105 4167 8240
4006 4195 8177
4188 4196 8368
4180 4185 8351
4039 4186 8216
4153 4190 8318
4079 4164 8239
4116 4148 8235
4191 4195 8383
4101 4181 8255
4149 4190 8319
4183 4199 8356
4142 4155 8295
4098 4182 8246
4145 4196 8332
4190 4192 8373
4041 4047 8071
4008 4190 8178
4032 4192 8222
4159 4191 8347
4099 4117 8204
4128 4190 8298
4097 4105 8191
4176 4184 8334
4014 4136 8124
4021 4032 8024
4073 4172 8223
4010 4101 8110
4135 4147 8244
4050 4166 8210
4189 4195 8361
4173 4187 8347
4159 4190 8336
4004 4010 7991
4164 4193 8341
4061 4135 8188
4164 4173 8332
4086 4122 8184
4068 4069 8107
4180 4185 8360
4004 4020 8000
4090 4112 8199
4022 4033 8022
4117 4181 8285
4117 4155 8237
4036 4087 8085
4135 4182 8302
4040 4134 8152
4035 4165 8196
4013 4098 8110
4087 4160 8226
4049 4167 8189
4027 4118 8135
4009 4111 8100
4059 4111 8135
4120 4162 8254
4096 4128 8197
4075 4175 8223
4171 4182 8335
4028 4101 8109
4011 4196 8204
4023 4111 8112
4173 4188 8356
4188 4199 8359
4007 4085 8068
4099 4112 8173
4103 4155 8224
4164 4186 8317
4199 4200 8385
4074 4152 8199
4103 4136 8218
4158 4175 8295
4123 4152 8265
4046 4158 8171
4082 4099 8168
4092 4174 8265
4042 4140 8178
4010 4015 7993
4085 4125 8182
4178 4179 8319
4158 4170 8301
4030 4170 8191
4006 4143 8143
4033 4110 8122
4160 4183 8340
4033 4076 8100
4009 4051 8047
4038 4142 8177
4069 4126 8170
4156 4195 8334
4169 4171 8338
4149 4176 8312
4110 4177 8257
4017 4122 8120
4002 4097 8078
4081 4187 8259
4082 4127 8182
4026 4171 8164
4162 4194 8351
4035 4137 8138
4126 4190 8291
4013 4076 8056
4164 4174 8326
4062 4170 8207
4172 4176 8343
4184 4190 8369
4073 4194 8255
4122 4155 8246
4145 4162 8289
4172 4194 8356
4010 4071 8056
4099 4124 8185
4074 4116 8166
4043 4093 8126
4087 4177 8259
4161 4174 8296
4042 4143 8170
4135 4151 8248
4115 4199 8283
4087 4136 8197
4167 4196 8330
4034 4102 8109
4077 4173 8248
4141 4175 8279
4132 4146 8261
4120 4147 8234
4113 4189 8266
4072 4167 8210
4052 4154 8199
4088 4164 8248
4166 4197 8338
4194 4196 8373
4129 4138 8265
4002 4073 8069
4009 4127 8118
4031 4055 8066
4063 4189 8240
4154 4174 8319
4010 4197 8181
4099 4196 8282
4162 4199 8337
4168 4174 8339
4016 4191 8174
4174 4193 8346
4140 4179 8284
4111 4188 8296
4140 4159 8284
4199 4200 8374
4069 4174 8210
4140 4141 8276
4030 4190 8203
4185 4189 8366
4028 4176 8198
4045 4181 8203
4026 4086 8083
4180 4193 8368
4017 4174 8182
4006 4106 8082
4145 4155 8275
4072 4160 8214
4074 4167 8239
4084 4195 8274
4046 4129 8159
4143 4167 8283
4072 4106 8174
4010 4187 8171
4197 4199 8359
4006 4198 8191
4070 4139 8183
4018 4124 8112
4114 4178 8256
4031 4058 8054
4066 4162 8192
4170 4199 8346
4052 4184 8226
4139 4179 8315
4014 4092 8104
4085 4098 8148
4062 4138 8166
4050 4083 8123
4032 4083 8109
4025 4107 8127
4005 4105 8093
4114 4138 8217
4163 4169 8322
4158 4162 8302
4180 4195 8372
4167 4169 8310
4130 4171 8297
4197 4198 8379
4173 4190 8337
4181 4198 8342
4018 4037 8036
4162 4177 8337
4110 4150 8234
4190 4191 8362
4192 4197 8362
4149 4159 8294
4130 4179 8299
4013 4165 8174
4120 4143 8258
4159 4165 8319
4136 4165 8282
4033 4142 8152
4176 4182 8336
4120 4126 8234
4192 4193 8367
4156 4175 8305
4113 4135 8222
4030 4196 8217
4025 4026 8023
4193 4198 8373
4181 4187 8363
4019 4160 8143
4161 4198 8350
4165 4191 8335
4141 4185 8316
4063 4123 8168
4020 4098 8081
4029 4065 8093
4114 4187 8296
4066 4075 8114
4155 4162 8289
4193 4195 8383
4081 4190 8258
4038 4125 8135
4123 4137 8238
4132 4181 8286
4004 4145 8115
4029 4147 8161
4094 4128 8210
4098 4127 8218
4004 4036 8033
4129 4181 8294
4089 4112 8190
4014 4017 8014
4149 4162 8286
4065 4160 8220
4137 4170 8277
4110 4122 8212
4066 4138 8176
4018 4163 8153
4030 4088 8108
4132 4165 8260
4194 4200 8366
4027 4110 8124
4058 4097 8131
4020 4148 8134
4113 4134 8242
4018 4156 8152
4116 4152 8247
4029 4145 8154
4072 4125 8167
4124 4125 8236
4055 4165 8218
4133 4139 8264
4077 4186 8230
4073 4080 8139
4174 4187 8322
4103 4183 8250
4105 4171 8249
4010 4114 8097
4131 4199 8298
4159 4189 8339
4124 4161 8254
4139 4160 8273
4076 4138 8206
4121 4152 8256
4006 4051 8019
4062 4126 8165
4073 4169 8236
4198 4199 8395
4001 4172 8164
4039 4159 8183
4015 4155 8142
4190 4191 8355
4089 4098 8153
4085 4095 8164
4177 4193 8339
4148 4166 8277
4085 4197 8250
4085 4187 8252
4120 4123 8228
4118 4153 8251
4102 4115 8191
4036 4053 8088
4005 4106 8078
4056 4182 8206
4164 4185 8332
4033 4051 8054
4021 4045 8049
4078 4139 8191
4078 4135 8188
4167 4186 8331
4045 4076 8089
4081 4092 8151
4079 4169 8220
4070 4127 8171
4039 4136 8149
4174 4189 8358
4107 4116 8207
4166 4183 8342
4051 4152 8176
4159 4200 8358
4000 4134 8106
4022 4146 8143
4182 4188 8358
4171 4193 8346
4001 4112 8081
4141 4166 8302
4028 4047 8068
4032 4055 8076
4194 4197 8357
4170 4185 8354
4045 4053 8073
4155 4191 8319
4116 4143 8220
4071 4119 8168
4029 4195 8219
4026 4190 8180
4119 4158 8249
4025 4040 8040
4022 4120 8119
4021 4149 8166
4037 4055 8073
4108 4119 8207
4086 4177 8248
4085 4160 8244
4056 4124 8171
4115 4169 8253
4011 4105 8091
4113 4162 8269
4190 4199 8377
4159 4175 8309
4059 4188 8212
4031 4076 8076
4005 4095 8067
4031 4055 8071
4107 4115 8183
4015 4119 8096
4124 4161 8274
4175 4198 8359
4161 4179 8329
4162 4172 8301
4113 4128 8234
4006 4011 8007
4169 4179 8332
4140 4150 8256
4146 4165 8296
4175 4187 8334
4199 4200 8398
4115 4167 8268
4122 4167 8276
4041 4184 8210
4052 4073 8113
4106 4118 8213
4126 4148 8248
4170 4188 8335
4063 4163 8194
4181 4199 8350
4173 4193 8358
4042 4073 8105
4191 4199 8381
4129 4196 8294
4051 4200 8235
4183 4187 8358
4143 4157 8294
4088 4132 8207
4105 4169 8259
4184 4186 8369
4108 4124 8195
4046 4087 8127
4075 4195 8259
4138 4152 8280
4035 4131 8147
4012 4196 8187
4160 4173 8296
4183 4187 8343
4178 4198 8341
4169 4178 8319
4161 4196 8345
4146 4192 8313
4128 4135 8257
4088 4138 8188
4025 4196 8217
4002 4183 8159
4145 4172 8294
4163 4197 8359
4018 4081 8065
4090 4104 8192
4041 4103 8140
4138 4172 8277
4180 4190 8360
4042 4055 8095
4007 4020 7990
4107 4183 8262
4098 4156 8247
4178 4189 8361
4082 4154 8230
4020 4147 8154
4093 4166 8225
4144 4170 8294
4111 4127 8237
4025 4187 8184
4010 4157 8156
4098 4180 8241
4094 4126 8202
4188 4192 8365
4038 4158 8179
4110 4114 8190
4001 4153 8124
4197 4200 8370
4074 4200 8258
4098 4146 8241
4185 4196 8367
4037 4077 8107
4164 4166 8323
4087 4112 8190
4142 4195 8329
4118 4158 8246
4055 4128 8162
4038 4086 8118
4156 4168 8315
4113 4121 8198
4041 4171 8190
4121 4191 8295
4130 4134 8261
4038 4140 8163
4150 4191 8339
4137 4174 8297
4089 4134 8212
4074 4188 8236
4057 4094 8135
4092 4138 8197
4178 4182 8329
4121 4175 8276
4108 4154 8231
4165 4195 8336
4039 4083 8086
4112 4165 8247
4019 4127 8109
4036 4056 8088
4081 4172 8237
4079 4135 8205
4107 4186 8292
4090 4126 8207
4011 4170 8168
4196 4197 8358
4128 4199 8301
4038 4200 8221
4126 4149 8253
4018 4140 8123
4001 4179 8147
4146 4153 8281
4094 4127 8194
4183 4184 8347
4150 4192 8303
4083 4095 8145
4067 4077 8131
4101 4108 8189
4148 4192 8318
4145 4166 8303
4189 4195 8371
4050 4148 8174
4022 4171 8180
4170 4192 8358
4198 4199 8379
4003 4132 8133
4029 4059 8052
4104 4125 8217
4144 4146 8272
4126 4200 8291
4053 4104 8152
4137 4169 8273
4124 4173 8263
4125 4151 8269
4127 4140 8264
4078 4147 8213
4141 4170 8276
4009 4071 8077
4039 4186 8195
4089 4177 8244
4033 4039 8050
4018 4164 8161
4020 4028 8017
4031 4133 8135
4112 4121 8196
4103 4159 8255
4107 4144 8232
4072 4191 8227
4062 4083 8131
4136 4179 8295
4102 4125 8210
4116 4121 8212
4046 4161 8201
4169 4188 8349
4096 4169 8234
4153 4185 8305
4181 4184 8347
4176 4198 8367
4161 4195 8341
4141 4161 8284
4163 4166 8294
4180 4199 8347
4005 4169 8156
4106 4167 8262
4049 4069 8113
4190 4198 8353
4101 4153 8241
4040 4125 8145
4158 4166 8298
4187 4199 8384
4122 4175 8278
4080 4184 8260
4106 4162 8238
4181 4200 8378
4163 4184 8332
4137 4170 8268
4152 4179 8302
4138 4191 8297
4048 4163 8193
4153 4188 8308
4187 4194 8378
4160 4175 8312
4043 4179 8184
4135 4145 8253
4040 4174 8200
4028 4063 8086
4081 4151 8212
4173 4184 8337
4088 4153 8229
4027 4126 8140
4189 4193 8376
4075 4200 8242
4003 4094 8089
4122 4128 8231
4121 4154 8238
4193 4195 8362
4110 4120 8217
4189 4199 8374
4072 4112 8171
4100 4177 8259
4010 4073 8050
4068 4159 8206
4192 4195 8380
4039 4059 8075
4170 4184 8326
4100 4129 8198
4007 4077 8066

0.010000 0.730000
