600
1480545
4003 4129 8132
4186 4211 8397
4262 4274 8536
3962 4045 8007
4064 4192 8256
4085 4211 8296
4077 4143 8220
3976 4132 8108
4024 4127 8151
4024 4117 8141
4191 4207 8398
4197 4204 8401
4042 4204 8246
4220 4261 8481
3926 4135 8061
4093 4129 8222
4169 4263 8432
4144 4159 8303
3930 4179 8109
4037 4096 8133
4099 4215 8314
4120 4223 8343
4004 4163 8167
4266 4294 8560
4184 4215 8399
4150 4171 8321
3948 4116 8064
4037 4057 8094
4054 4110 8164
4123 4194 8317
4136 4284 8420
4115 4258 8373
4121 4127 8248
4118 4253 8371
3981 4079 8060
4087 4172 8259
3991 4210 8201
4102 4126 8228
4073 4241 8314
4017 4071 8088
4009 4152 8161
4000 4091 8091
4193 4265 8458
3992 4024 8016
4055 4244 8299
4175 4213 8388
4088 4266 8354
4145 4283 8428
4082 4276 8358
4009 4104 8113
4006 4080 8086
4115 4196 8311
4117 4241 8358
4194 4214 8408
4085 4203 8288
3980 3999 7979
4060 4202 8262
4079 4275 8354
4188 4261 8449
4201 4211 8412
4079 4175 8254
4009 4139 8148
4108 4185 8293
4121 4145 8266
4099 4119 8218
4136 4261 8397
4132 4138 8270
3996 4109 8105
4028 4079 8107
4103 4133 8236
4059 4171 8230
4116 4173 8289
4017 4074 8091
4004 4103 8107
4124 4194 8318
4019 4090 8109
4002 4178 8180
4113 4220 8333
4000 4118 8118
4145 4290 8435
4014 4074 8088
4034 4187 8221
3985 4156 8141
3995 4178 8173
4121 4233 8354
4135 4224 8359
4186 4216 8402
4069 4140 8209
4061 4107 8168
4248 4249 8497
4126 4168 8294
3990 4041 8031
4101 4182 8283
4129 4251 8380
3982 4136 8118
4116 4168 8284
4107 4130 8237
4084 4201 8285
4192 4268 8460
4220 4249 8469
4029 4152 8181
4108 4176 8284
4099 4211 8310
4075 4227 8302
4055 4148 8203
4111 4236 8347
4165 4227 8392
4154 4209 8363
4070 4083 8153
4193 4262 8455
4198 4276 8474
4041 4297 8338
4074 4105 8179
4108 4200 8308
4061 4197 8258
4087 4240 8327
4103 4162 8265
4174 4182 8356
4156 4181 8337
4119 4126 8245
4012 4049 8061
3994 4107 8101
4175 4208 8383
4081 4137 8218
4227 4281 8508
3974 4045 8019
4214 4262 8476
4036 4117 8153
4149 4193 8342
4099 4143 8242
4242 4254 8496
4042 4252 8294
4211 4230 8441
3993 4084 8077
4087 4266 8353
4193 4202 8395
4207 4248 8455
4008 4042 8050
3923 4121 8044
4183 4283 8466
4143 4232 8375
4200 4232 8432
4088 4292 8380
3994 4018 8012
3987 4026 8013
4225 4238 8463
4227 4275 8502
3974 4028 8002
4055 4164 8219
3941 4092 8033
4190 4214 8404
4159 4179 8338
4068 4078 8146
4207 4280 8487
4126 4163 8289
4092 4251 8343
4045 4148 8193
4005 4051 8056
4115 4236 8351
4033 4162 8195
4069 4122 8191
3958 4088 8046
4167 4242 8409
4065 4211 8276
4011 4047 8058
4209 4291 8500
4106 4131 8237
4087 4203 8290
4093 4196 8289
4213 4238 8451
3963 4091 8054
4106 4126 8232
4144 4280 8424
4186 4234 8420
4212 4278 8490
4162 4183 8345
3991 4125 8116
3988 4159 8147
3988 4179 8167
3951 4213 8164
4064 4131 8195
4007 4199 8206
4143 4219 8362
4082 4190 8272
3943 4153 8096
4135 4251 8386
4202 4212 8414
3997 4056 8053
4006 4099 8105
4077 4078 8155
4115 4177 8292
4240 4244 8484
4061 4178 8239
4191 4216 8407
4195 4241 8436
4148 4167 8315
4085 4204 8289
3971 4223 8194
4029 4051 8080
4199 4289 8488
3990 4085 8075
3978 4197 8175
4071 4259 8330
4206 4211 8417
4180 4254 8434
4208 4238 8446
4226 4247 8473
3990 4073 8063
4202 4299 8501
4140 4167 8307
4133 4190 8323
4038 4068 8106
4269 4290 8559
4104 4238 8342
4190 4200 8390
4042 4157 8199
4055 4151 8206
3992 4150 8142
4026 4122 8148
4264 4288 8552
4229 4243 8472
4080 4148 8228
4258 4282 8540
4119 4162 8281
4001 4035 8036
4117 4166 8283
4128 4224 8352
4080 4193 8273
4079 4214 8293
3996 4064 8060
3955 4100 8055
4101 4117 8218
4170 4190 8360
4026 4107 8133
4089 4218 8307
3972 4185 8157
4123 4233 8356
4049 4130 8179
4036 4040 8076
4083 4127 8210
4188 4227 8415
4049 4138 8187
3982 4035 8017
4163 4181 8344
4022 4139 8161
4270 4288 8558
4056 4193 8249
4167 4202 8369
4231 4236 8467
4195 4220 8415
4086 4153 8239
4008 4042 8050
4091 4144 8235
4159 4281 8440
4190 4203 8393
3978 4277 8255
4229 4253 8482
4193 4220 8413
4096 4203 8299
4009 4220 8229
4164 4225 8389
4034 4194 8228
3992 4136 8128
4113 4173 8286
4005 4240 8245
4088 4099 8187
4086 4268 8354
4149 4275 8424
4109 4141 8250
4051 4135 8186
3934 4219 8153
3979 4049 8028
4212 4218 8430
4115 4140 8255
4293 4299 8592
4271 4290 8561
4154 4259 8413
4121 4244 8365
4184 4275 8459
4186 4262 8448
4209 4274 8483
4202 4216 8418
4043 4138 8181
4016 4113 8129
4091 4254 8345
4123 4215 8338
4079 4093 8172
4084 4165 8249
4169 4290 8459
4123 4177 8300
4055 4125 8180
4232 4257 8489
4074 4261 8335
4071 4278 8349
4221 4282 8503
4029 4146 8175
4058 4110 8168
4077 4133 8210
4033 4139 8172
4160 4164 8324
4136 4248 8384
4269 4272 8541
4150 4207 8357
3956 4212 8168
3939 4176 8115
4157 4194 8351
4022 4210 8232
4137 4195 8332
4051 4184 8235
4127 4221 8348
4023 4154 8177
4222 4223 8445
4077 4092 8169
4245 4254 8499
4125 4127 8252
3993 4092 8085
4082 4142 8224
4192 4196 8388
4110 4232 8342
4089 4098 8187
4088 4131 8219
4105 4250 8355
4005 4007 8012
4259 4273 8532
4057 4123 8180
4103 4189 8292
4156 4214 8370
4104 4133 8237
4139 4163 8302
4245 4255 8500
3992 4074 8066
4060 4224 8284
4098 4120 8218
4139 4207 8346
4190 4202 8392
4150 4189 8339
4058 4236 8294
4151 4189 8340
4081 4152 8233
4163 4202 8365
4173 4254 8427
4088 4096 8184
4180 4224 8404
4146 4192 8338
4076 4123 8199
4038 4271 8309
4243 4244 8487
4201 4254 8455
4107 4199 8306
3950 4041 7991
4113 4162 8275
4232 4279 8511
4179 4278 8457
4052 4196 8248
4209 4264 8473
4131 4134 8265
4193 4207 8400
3927 4262 8189
4028 4062 8090
3963 4004 7967
4102 4124 8226
4048 4143 8191
4031 4184 8215
3989 4156 8145
4004 4058 8062
4035 4226 8261
4155 4272 8427
3984 4176 8160
4084 4147 8231
4180 4187 8367
4062 4174 8236
4181 4226 8407
4041 4130 8171
4130 4168 8298
4178 4251 8429
4169 4250 8419
4101 4104 8205
4136 4145 8281
4096 4214 8310
4127 4177 8304
4032 4129 8161
4087 4173 8260
4157 4159 8316
4093 4200 8293
4196 4209 8405
4026 4259 8285
4157 4236 8393
4006 4136 8142
4017 4138 8155
4063 4090 8153
4195 4206 8401
4156 4208 8364
4085 4137 8222
4068 4228 8296
3964 4098 8062
4077 4259 8336
3997 4192 8189
4098 4235 8333
3950 4210 8160
4042 4156 8198
4109 4155 8264
4269 4278 8547
4237 4290 8527
4165 4244 8409
4114 4118 8232
4060 4109 8169
3988 4104 8092
4116 4168 8284
4258 4269 8527
4032 4129 8161
4094 4145 8239
4160 4241 8401
4089 4295 8384
4192 4289 8481
4037 4247 8284
4048 4107 8155
4078 4113 8191
4029 4149 8178
4200 4227 8427
4003 4165 8168
4141 4231 8372
4136 4199 8335
4114 4152 8266
4268 4296 8564
4061 4151 8212
4149 4162 8311
4044 4075 8119
4241 4280 8521
4096 4277 8373
4120 4194 8314
4107 4135 8242
3987 4129 8116
4121 4136 8257
3942 4145 8087
3939 4088 8027
4124 4209 8333
4049 4162 8211
4082 4184 8266
4081 4167 8248
4228 4259 8487
4168 4218 8386
4143 4220 8363
4056 4149 8205
4025 4100 8125
4068 4277 8345
4200 4266 8466
4110 4202 8312
3940 4088 8028
3977 4157 8134
4115 4235 8350
4169 4175 8344
3955 4179 8134
4142 4176 8318
4185 4207 8392
4142 4201 8343
4175 4202 8377
4107 4195 8302
4107 4138 8245
4010 4147 8157
4030 4221 8251
4073 4112 8185
3985 4073 8058
4098 4273 8371
4216 4252 8468
4127 4223 8350
4269 4287 8556
4109 4131 8240
4108 4147 8255
4025 4029 8054
3955 4223 8178
3954 4121 8075
4158 4189 8347
4075 4141 8216
4039 4127 8166
4130 4190 8320
4182 4284 8466
4014 4097 8111
4035 4243 8278
4056 4153 8209
4130 4175 8305
4143 4211 8354
4139 4178 8317
4049 4235 8284
4157 4269 8426
4201 4279 8480
4105 4111 8216
4167 4173 8340
4100 4128 8228
4154 4189 8343
4094 4135 8229
4131 4213 8344
4159 4214 8373
4034 4184 8218
4016 4175 8191
4116 4191 8307
4131 4147 8278
3981 4202 8183
4246 4267 8513
4217 4228 8445
4205 4277 8482
4084 4131 8215
4090 4141 8231
4116 4200 8316
4109 4127 8236
4119 4198 8317
3994 4046 8040
4134 4186 8320
4009 4088 8097
4155 4161 8316
4059 4256 8315
4257 4271 8528
4029 4185 8214
4011 4056 8067
4077 4262 8339
4095 4187 8282
3939 4295 8234
4177 4191 8368
4063 4067 8130
4119 4190 8309
3964 4241 8205
4077 4149 8226
4146 4223 8369
4184 4232 8416
4062 4086 8148
4050 4098 8148
4141 4149 8290
4201 4288 8489
4067 4128 8195
4225 4232 8457
4017 4113 8130
4180 4270 8450
4098 4238 8336
4128 4144 8272
4168 4214 8382
4028 4067 8095
4088 4135 8223
4256 4299 8555
4064 4235 8299
4126 4149 8275
4095 4200 8295
4089 4160 8249
4170 4265 8435
4243 4254 8497
3966 4101 8067
3998 4019 8017
4157 4167 8324
4161 4273 8434
4021 4153 8174
3960 4177 8137
3982 4246 8228
4166 4206 8372
4143 4180 8323
4154 4258 8412
4232 4236 8468
4085 4248 8333
4073 4138 8211
4134 4255 8389
4264 4292 8556
4159 4209 8368
4092 4215 8307
4245 4249 8494
4066 4117 8183
4171 4226 8397
4100 4173 8273
4058 4135 8193
4130 4256 8386
4095 4169 8264
4089 4133 8222
4166 4231 8397
3969 4090 8059
4010 4096 8106
4220 4240 8460
4191 4258 8449
4122 4229 8351
3992 4009 8001
4185 4195 8380
3939 3984 7923
4203 4254 8457
4072 4119 8191
4000 4043 8043
4089 4216 8305
4226 4267 8493
4119 4231 8350
4173 4202 8375
4102 4145 8247
4247 4274 8521
3955 4177 8132
4106 4131 8237
4088 4144 8232
4069 4090 8159
4131 4133 8264
3978 4151 8129
4147 4210 8357
4182 4226 8408
3949 4049 7998
4140 4224 8364
4100 4276 8376
4209 4282 8491
4014 4080 8094
4165 4239 8404

4020 4149 8132
4090 4167 8231
4165 4190 8344
4062 4082 8108
4128 4142 8233
4129 4182 8275
4158 4177 8319
4065 4093 8154
4071 4134 8182
4059 4172 8214
4144 4171 8291
4189 4191 8362
4125 4132 8229
4141 4161 8275
4016 4096 8100
4023 4049 8037
4084 4183 8239
4074 4103 8148
4004 4113 8090
4046 4175 8203
4157 4176 8309
4082 4141 8205
4058 4156 8191
4197 4200 8384
4096 4133 8227
4088 4092 8146
4025 4032 8042
4107 4130 8202
4136 4147 8256
4047 4162 8175
4196 4197 8391
4129 4159 8251
4057 4063 8111
4163 4179 8331
4040 4116 8149
4080 4088 8159
4088 4182 8240
4125 4138 8238
4140 4155 8272
4038 4075 8093
4077 4080 8153
4001 4044 8016
4153 4182 8329
4008 4051 8042
4015 4147 8155
4077 4156 8218
4151 4190 8323
4190 4195 8360
4079 4199 8245
4036 4161 8184
4004 4122 8094
4185 4186 8369
4157 4162 8294
4163 4185 8314
4100 4152 8234
4063 4066 8109
4067 4140 8192
4030 4182 8203
4135 4176 8301
4117 4121 8209
4044 4100 8119
4039 4053 8076
4062 4098 8134
4038 4046 8047
4113 4135 8237
4075 4186 8257
4156 4197 8352
4068 4096 8135
4114 4152 8236
4078 4183 8236
4145 4177 8310
4119 4183 8268
4008 4024 7994
4103 4140 8218
4039 4172 8179
4012 4013 8012
4011 4176 8167
4165 4188 8337
4044 4078 8119
4161 4190 8334
4020 4084 8075
4041 4126 8134
4029 4111 8123
4055 4161 8181
4117 4136 8216
4121 4158 8261
4158 4174 8315
4158 4165 8304
4060 4118 8151
4153 4155 8298
4029 4192 8219
4035 4062 8079
4152 4161 8308
4169 4172 8329
4077 4116 8173
4193 4198 8366
4159 4188 8325
4182 4195 8365
4149 4185 8317
4154 4190 8315
4047 4159 8200
4041 4126 8137
4039 4118 8130
4148 4179 8305
4018 4135 8123
4154 4159 8311
4071 4189 8223
4129 4157 8271
4002 4047 8027
4148 4171 8306
4180 4183 8326
4089 4200 8256
4086 4200 8266
4058 4105 8138
4035 4159 8172
4155 4189 8335
4106 4189 8257
4096 4098 8166
4115 4186 8293
4105 4194 8260
4107 4119 8199
4018 4052 8042
4154 4172 8307
4120 4136 8249
4171 4181 8345
4003 4126 8101
4187 4189 8352
4013 4058 8056
4067 4111 8173
4178 4189 8357
4155 4159 8312
4141 4196 8329
4138 4162 8284
4061 4099 8155
4157 4176 8304
4132 4147 8241
4111 4197 8280
4077 4091 8166
4003 4094 8088
4086 4185 8243
4069 4156 8211
4147 4169 8307
4035 4198 8227
4040 4112 8116
4011 4080 8074
4143 4166 8278
4178 4188 8339
4003 4031 8003
4126 4149 8264
4010 4131 8139
4120 4170 8289
4109 4112 8188
4030 4092 8120
4158 4180 8305
4064 4155 8199
4077 4169 8242
4117 4127 8213
4061 4068 8093
4146 4188 8296
4040 4199 8237
4114 4147 8258
4020 4165 8150
4166 4179 8311
4029 4165 8184
4048 4144 8188
4191 4192 8363
4143 4151 8290
4020 4198 8205
4133 4155 8282
4199 4200 8376
4028 4180 8170
4049 4120 8167
4077 4188 8248
4139 4141 8245
4181 4194 8370
4110 4162 8262
4065 4118 8167
4014 4081 8064
4045 4130 8173
4033 4198 8204
4122 4184 8271
4046 4126 8168
4138 4153 8255
4149 4181 8305
4032 4142 8159
4055 4164 8185
4179 4183 8347
4023 4145 8157
4054 4057 8105
4119 4174 8268
4150 4166 8299
4158 4164 8285
4038 4142 8167
4141 4197 8313
4106 4157 8228
4115 4127 8225
4179 4184 8354
4060 4164 8207
4110 4127 8226
4157 4191 8326
4037 4091 8111
4038 4098 8099
4152 4159 8272
4116 4137 8241
4142 4154 8274
4121 4166 8257
4157 4174 8320
4031 4092 8104
4198 4200 8383
4193 4200 8387
4199 4200 8366
4053 4066 8115
4183 4192 8339
4019 4191 8172
4135 4184 8313
4102 4158 8224
4055 4131 8162
4092 4186 8252
4113 4179 8261
4168 4190 8330
4185 4199 8372
4023 4168 8183
4180 4186 8346
4046 4141 8171
4006 4010 7988
4181 4199 8363
4067 4191 8231
4058 4118 8140
4139 4158 8278
4022 4147 8149
4020 4095 8078
4013 4170 8154
4079 4144 8210
4028 4175 8176
4148 4161 8295
4048 4186 8212
4130 4173 8271
4007 4069 8054
4004 4107 8110
4021 4187 8189
4123 4197 8292
4023 4043 8064
4046 4071 8108
4063 4190 8244
4107 4142 8214
4190 4191 8361
4036 4094 8093
4160 4182 8318
4134 4138 8236
4185 4199 8355
4108 4164 8248
4047 4127 8147
4044 4046 8065
4097 4182 8245
4091 4104 8194
4040 4195 8231
4197 4199 8389
4100 4130 8223
4070 4146 8203
4017 4180 8192
4068 4127 8173
4042 4157 8170
4000 4038 8022
4046 4175 8197
4003 4176 8142
4007 4062 8039
4181 4196 8356
4181 4185 8337
4109 4132 8234
4062 4067 8121
4010 4121 8117
4003 4084 8064
4170 4192 8343
4057 4096 8118
4199 4200 8361
4187 4193 8360
4086 4185 8257
4145 4192 8299
4121 4175 8287
4138 4177 8283
4188 4194 8363
4199 4200 8384
4124 4195 8315
4057 4082 8107
4134 4186 8285
4114 4132 8218
4129 4141 8252
4173 4195 8343
4092 4190 8253
4084 4085 8155
4063 4065 8120
4160 4176 8325
4163 4190 8345
4115 4196 8276
4133 4198 8297
4098 4165 8229
4059 4105 8138
4124 4147 8266
4043 4108 8124
4177 4180 8331
4125 4193 8280
4193 4194 8350
4074 4151 8188
4026 4135 8152
4015 4151 8151
4135 4178 8310
4016 4129 8108
4067 4134 8164
4026 4169 8170
4149 4179 8307
4099 4129 8191
4151 4189 8327
4132 4138 8245
4172 4183 8347
4027 4069 8066
4048 4104 8144
4013 4067 8063
4104 4142 8242
4086 4165 8239
4078 4147 8206
4015 4162 8175
4132 4153 8280
4005 4081 8052
4164 4177 8338
4060 4183 8224
4151 4195 8308
4064 4179 8225
4137 4158 8267
4070 4074 8117
4157 4163 8303
4034 4102 8127
4037 4146 8161
4191 4198 8379
4058 4127 8171
4101 4102 8189
4104 4114 8185
4114 4161 8269
4140 4167 8283
4125 4146 8240
4084 4105 8172
4106 4164 8257
4029 4041 8055
4155 4192 8324
4175 4199 8349
4104 4138 8210
4075 4173 8242
4161 4199 8328
4190 4191 8354
4179 4184 8335
4037 4120 8152
4045 4062 8078
4197 4198 8356
4177 4188 8341
4051 4099 8148
4179 4195 8344
4173 4196 8344
4168 4182 8334
4022 4188 8196
4007 4136 8105
4010 4017 8015
4196 4200 8389
4087 4139 8216
4088 4090 8161
4052 4175 8198
4066 4137 8177
4057 4152 8208
4169 4180 8325
4014 4174 8153
4007 4155 8128
4156 4183 8331
4040 4102 8106
4167 4170 8306
4097 4111 8195
4095 4117 8193
4186 4197 8357
4124 4172 8273
4187 4190 8362
4198 4200 8374
4016 4183 8171
4135 4147 8270
4037 4176 8203
4017 4120 8108
4065 4069 8131
4059 4121 8173
4167 4168 8302
4039 4194 8199
4176 4196 8349
4010 4057 8052
4081 4116 8165
4080 4111 8170
4141 4166 8274
4090 4198 8283
4070 4167 8215
4029 4139 8140
4033 4158 8169
4172 4194 8327
4007 4177 8155
4152 4174 8299
4007 4189 8174
4057 4114 8153
4095 4106 8164
4179 4182 8341
4157 4197 8322
4117 4157 8249
4024 4070 8086
4078 4085 8155
4005 4144 8126
4124 4132 8240
4178 4199 8373
4095 4108 8184
4103 4129 8203
4103 4148 8218
4178 4195 8359
4160 4196 8317
4134 4152 8262
4043 4178 8183
4059 4092 8129
4101 4160 8222
4120 4129 8241
4019 4181 8185
4052 4140 8168
4109 4136 8239
4149 4173 8302
4192 4197 8362
4130 4191 8283
4195 4200 8377
4081 4171 8242
4194 4196 8368
4185 4197 8375
4162 4189 8314
4148 4156 8288
4082 4175 8243
4028 4171 8172
4029 4150 8154
4010 4064 8056
4065 4181 8213
4043 4145 8151
4143 4158 8298
4056 4118 8162
4162 4172 8304
4163 4184 8344
4084 4172 8218
4138 4179 8287
4045 4060 8078
4166 4188 8351
4191 4198 8351
4107 4144 8228
4001 4157 8133
4056 4169 8210
4025 4182 8206
4167 4190 8342
4049 4172 8185
4094 4157 8214
4102 4107 8208
4177 4185 8329
4089 4120 8189
4091 4103 8192
4044 4104 8132
4082 4144 8211
4066 4123 8163
4102 4137 8203
4076 4131 8186
4193 4195 8369
4169 4184 8343
4090 4125 8196
4169 4187 8351
4029 4071 8062
4142 4164 8292
4099 4110 8199
4044 4127 8159
4000 4062 8032
4127 4161 8253
4002 4051 8047
4016 4043 8022
4199 4200 8370
4133 4195 8304
4070 4133 8165
4132 4144 8260
4085 4097 8147
4074 4095 8162
4081 4115 8184
4150 4171 8307
4119 4154 8270
4129 4200 8320
4185 4198 8373
4035 4191 8208
4069 4128 8182
4195 4199 8388
4109 4171 8249
4011 4066 8074
4126 4169 8289
4124 4162 8274
4021 4190 8195
4057 4099 8135
4041 4091 8108
4033 4062 8088
4007 4154 8129
4158 4184 8337
4169 4193 8326
4195 4198 8386
4012 4031 8027
4034 4113 8144
4128 4136 8230
4174 4175 8348
4149 4166 8303
4061 4117 8167
4054 4128 8167
4051 4063 8076
4080 4136 8201
4140 4190 8302
4197 4199 8364
4096 4166 8241
4067 4128 8160
4124 4165 8282
4079 4115 8184
4013 4195 8196
4173 4175 8311
4038 4142 8176
4160 4182 8336
4046 4156 8180
4055 4087 8140
4143 4171 8308
4132 4178 8271
4016 4033 8020
4083 4084 8163
4134 4150 8254
4162 4196 8320
4108 4127 8229
4185 4193 8365
4065 4158 8222
4173 4184 8343
4017 4182 8197
4131 4169 8294
4165 4196 8356
4006 4146 8119
4001 4131 8124
4198 4200 8395
4001 4156 8125
4165 4185 8329
4099 4150 8221
4047 4098 8109
4188 4200 8363
4197 4199 8382
4040 4151 8169
4007 4110 8108
4105 4175 8257
4123 4190 8307
4065 4096 8127
4030 4161 8156
4040 4200 8203
4154 4183 8308
4191 4194 8347
4179 4181 8358
4196 4199 8377
4046 4151 8190
4100 4136 8198
4060 4185 8241
4192 4196 8358
4081 4110 8171
4171 4180 8338
4175 4198 8349
4011 4054 8045
4197 4200 8362
4015 4080 8088
4109 4165 8247
4133 4190 8296
4054 4138 8157
4015 4033 8035
4128 4141 8252
4024 4036 8023
4022 4071 8066
4154 4189 8305
4195 4198 8387
4142 4181 8301
4053 4083 8125
4157 4189 8325
4032 4071 8099
4122 4191 8282
4006 4054 8029
4076 4089 8144
4087 4152 8229
4199 4200 8394
4064 4175 8229
4119 4160 8248
4081 4192 8239
4190 4194 8349
4002 4199 8171
4043 4061 8084
4134 4139 8259
4032 4067 8076
4180 4182 8359
4077 4141 8185
4101 4120 8215
4153 4154 8286
4041 4103 8107
4051 4127 8165
4021 4199 8213
4146 4183 8297
4010 4014 7992
4082 4141 8186

0.010000 0.300000
