600
2913273
4137 4157 8294
4028 4124 8152
4137 4140 8277
3980 4171 8151
4215 4280 8495
4216 4282 8498
4116 4141 8257
4208 4261 8469
4091 4162 8253
4114 4140 8254
4072 4112 8184
4137 4182 8319
4009 4102 8111
3925 4144 8069
4074 4277 8351
3972 4248 8220
4141 4216 8357
4237 4297 8534
4142 4240 8382
4099 4220 8319
4174 4214 8388
3918 4201 8119
4008 4174 8182
4208 4233 8441
4116 4223 8339
4109 4185 8294
4106 4162 8268
4192 4230 8422
4018 4058 8076
4156 4223 8379
3952 4006 7958
4126 4250 8376
4072 4253 8325
4191 4290 8481
4195 4234 8429
3923 4163 8086
4188 4224 8412
4145 4214 8359
3998 4218 8216
4154 4211 8365
4074 4225 8299
4203 4236 8439
3936 4099 8035
4057 4119 8176
4124 4152 8276
4103 4204 8307
4139 4251 8390
4119 4252 8371
4011 4183 8194
4095 4115 8210
4067 4205 8272
4056 4232 8288
4195 4197 8392
4182 4212 8394
4085 4175 8260
4197 4252 8449
4090 4188 8278
4087 4109 8196
4020 4081 8101
4238 4239 8477
4042 4269 8311
4243 4244 8487
4108 4185 8293
3972 4042 8014
3970 4183 8153
4212 4235 8447
4182 4256 8438
4012 4256 8268
4005 4079 8084
4124 4131 8255
4098 4270 8368
4070 4077 8147
4025 4149 8174
4154 4242 8396
4151 4248 8399
4180 4222 8402
3978 4258 8236
4102 4106 8208
4111 4174 8285
4078 4157 8235
3929 4098 8027
4155 4248 8403
4125 4205 8330
4116 4143 8259
4033 4080 8113
4208 4239 8447
4017 4218 8235
4035 4078 8113
4132 4175 8307
4095 4141 8236
4140 4160 8300
4148 4164 8312
4088 4282 8370
4124 4218 8342
4207 4268 8475
4149 4252 8401
4095 4124 8219
4014 4097 8111
4101 4165 8266
4119 4145 8264
4041 4244 8285
4150 4165 8315
4125 4229 8354
4004 4189 8193
3928 4065 7993
4031 4111 8142
4060 4101 8161
4136 4192 8328
4057 4189 8246
4052 4241 8293
4101 4105 8206
4245 4280 8525
4209 4294 8503
4250 4274 8524
4161 4208 8369
4022 4258 8280
4183 4300 8483
4081 4172 8253
4194 4203 8397
4164 4209 8373
3977 4019 7996
4029 4101 8130
3986 4169 8155
4089 4168 8257
4236 4259 8495
3998 4249 8247
4039 4218 8257
4143 4225 8368
4147 4173 8320
4165 4208 8373
4193 4219 8412
4226 4292 8518
4036 4124 8160
4016 4202 8218
4197 4266 8463
4105 4225 8330
4277 4287 8564
4058 4264 8322
3904 4092 7996
4085 4109 8194
4062 4166 8228
4126 4167 8293
4097 4205 8302
4195 4235 8430
4217 4245 8462
4046 4079 8125
4159 4202 8361
4173 4289 8462
4227 4247 8474
4155 4272 8427
4148 4157 8305
3978 4136 8114
4160 4225 8385
4109 4126 8235
4018 4269 8287
4179 4181 8360
4161 4212 8373
4045 4101 8146
4082 4197 8279
4075 4107 8182
4129 4254 8383
4159 4196 8355
4189 4219 8408
4202 4212 8414
4131 4196 8327
4138 4191 8329
4076 4241 8317
4130 4230 8360
4127 4248 8375
4040 4173 8213
4010 4019 8029
4158 4167 8325
4140 4190 8330
4067 4096 8163
3951 4204 8155
4110 4133 8243
4174 4181 8355
4123 4166 8289
4196 4223 8419
4153 4236 8389
4132 4265 8397
4179 4290 8469
4077 4179 8256
4259 4267 8526
4115 4260 8375
4187 4223 8410
4202 4273 8475
3973 4065 8038
3975 3981 7956
4085 4124 8209
3984 4096 8080
4137 4202 8339
4110 4213 8323
4123 4260 8383
4167 4223 8390
4060 4256 8316
4041 4078 8119
4040 4167 8207
4091 4244 8335
4137 4174 8311
3929 4066 7995
4256 4262 8518
3955 4021 7976
4000 4145 8145
4060 4128 8188
4000 4176 8176
4151 4167 8318
4288 4292 8580
3940 4105 8045
4091 4127 8218
3955 4123 8078
4156 4189 8345
4116 4117 8233
3951 4024 7975
4152 4257 8409
4144 4230 8374
4012 4211 8223
4105 4195 8300
4044 4058 8102
4093 4241 8334
4130 4167 8297
4004 4024 8028
4155 4173 8328
4100 4200 8300
3965 4186 8151
4025 4059 8084
4056 4236 8292
4112 4224 8336
4090 4139 8229
4232 4283 8515
4088 4109 8197
3939 4078 8017
4087 4154 8241
4127 4214 8341
4230 4278 8508
4046 4162 8208
4151 4287 8438
4164 4237 8401
3979 4069 8048
4051 4137 8188
4071 4133 8204
4072 4249 8321
4071 4174 8245
4215 4255 8470
3978 4064 8042
4023 4226 8249
4142 4164 8306
4261 4266 8527
4094 4127 8221
4238 4280 8518
4240 4248 8488
4058 4144 8202
4203 4232 8435
4031 4147 8178
4216 4226 8442
4087 4111 8198
4061 4202 8263
4162 4166 8328
4284 4293 8577
4098 4107 8205
4126 4200 8326
4006 4152 8158
4023 4078 8101
4098 4103 8201
4136 4174 8310
4041 4115 8156
4078 4089 8167
4001 4170 8171
4070 4203 8273
4086 4106 8192
4016 4119 8135
4197 4204 8401
4246 4261 8507
4144 4270 8414
4074 4185 8259
4076 4150 8226
4246 4262 8508
4112 4205 8317
4203 4235 8438
4101 4133 8234
4004 4029 8033
3917 4146 8063
4026 4114 8140
4247 4250 8497
4079 4126 8205
4195 4225 8420
4022 4154 8176
3971 4144 8115
4022 4166 8188
4044 4152 8196
4184 4215 8399
4235 4257 8492
4101 4276 8377
4085 4127 8212
4122 4227 8349
4202 4239 8441
4162 4262 8424
4058 4219 8277
4161 4182 8343
4103 4158 8261
4166 4288 8454
4222 4271 8493
3973 4084 8057
4041 4071 8112
4143 4166 8309
4126 4180 8306
4138 4170 8308
4106 4174 8280
4115 4131 8246
4049 4116 8165
4177 4273 8450
3971 4065 8036
4084 4142 8226
4196 4250 8446
4107 4119 8226
4058 4132 8190
4085 4225 8310
4252 4275 8527
4115 4126 8241
4147 4214 8361
4276 4300 8576
4211 4226 8437
4109 4121 8230
3964 3976 7940
4076 4116 8192
4287 4299 8586
4131 4266 8397
4186 4197 8383
4134 4139 8273
4017 4070 8087
4089 4091 8180
4077 4266 8343
4064 4113 8177
4032 4148 8180
4050 4134 8184
4157 4176 8333
3980 4214 8194
4081 4174 8255
4096 4161 8257
4079 4086 8165
4067 4102 8169
4136 4196 8332
4255 4260 8515
4190 4248 8438
4093 4099 8192
4016 4234 8250
4191 4222 8413
4116 4123 8239
4100 4270 8370
4157 4186 8343
4167 4241 8408
3990 4154 8144
4065 4144 8209
4138 4139 8277
4110 4157 8267
4107 4227 8334
4223 4268 8491
4090 4158 8248
4045 4056 8101
4174 4185 8359
4286 4288 8574
4106 4204 8310
4099 4261 8360
4100 4273 8373
3955 4042 7997
3911 4067 7978
4007 4040 8047
4168 4189 8357
4100 4144 8244
4066 4159 8225
4196 4199 8395
4021 4096 8117
4094 4179 8273
4025 4211 8236
4168 4190 8358
4230 4250 8480
4144 4180 8324
4138 4164 8302
4029 4123 8152
4101 4135 8236
3946 4194 8140
4028 4125 8153
4141 4275 8416
3926 4036 7962
4123 4184 8307
4211 4239 8450
4081 4084 8165
4130 4168 8298
4160 4197 8357
3985 4078 8063
4091 4132 8223
4197 4258 8455
4032 4128 8160
4169 4236 8405
4253 4282 8535
4085 4246 8331
4059 4190 8249
4097 4219 8316
4164 4177 8341
4114 4158 8272
4261 4276 8537
4054 4088 8142
4176 4194 8370
4039 4203 8242
3945 4163 8108
4042 4204 8246
4128 4142 8270
4159 4193 8352
3978 4014 7992
4087 4105 8192
4049 4051 8100
4047 4204 8251
4268 4274 8542
4228 4257 8485
4158 4189 8347
3950 4039 7989
3986 4053 8039
4070 4152 8222
4117 4151 8268
4084 4234 8318
4169 4200 8369
4165 4229 8394
4079 4249 8328
4097 4295 8392
4277 4292 8569
4181 4221 8402
4151 4205 8356
3994 4125 8119
4127 4263 8390
3961 4042 8003
4036 4152 8188
4105 4223 8328
4095 4188 8283
4021 4148 8169
3942 4088 8030
4099 4118 8217
4067 4146 8213
4179 4221 8400
4077 4199 8276
4095 4204 8299
4191 4230 8421
4143 4147 8290
4027 4087 8114
3998 4048 8046
4101 4108 8209
4250 4261 8511
4146 4281 8427
4181 4188 8369
4165 4210 8375
4137 4220 8357
4148 4217 8365
4207 4227 8434
4040 4294 8334
4072 4136 8208
4033 4046 8079
4136 4203 8339
4151 4181 8332
3985 4236 8221
4037 4071 8108
4061 4129 8190
4101 4268 8369
4002 4135 8137
4131 4179 8310
4050 4093 8143
4108 4220 8328
4113 4147 8260
4073 4173 8246
4031 4129 8160
4128 4219 8347
4004 4046 8050
4084 4121 8205
4176 4207 8383
4124 4227 8351
4227 4233 8460
4029 4231 8260
4143 4147 8290
4051 4103 8154
4127 4152 8279
4224 4233 8457
4011 4031 8042
4023 4120 8143
4194 4258 8452
4139 4149 8288
4123 4181 8304
3961 4278 8239
3978 4134 8112
3942 4222 8164
4255 4273 8528
4171 4253 8424
4082 4202 8284
4010 4049 8059
4076 4123 8199
4183 4201 8384
4069 4099 8168
4104 4116 8220
4270 4276 8546
4162 4183 8345
4201 4278 8479
4048 4124 8172
4147 4260 8407
4117 4200 8317
4102 4136 8238
4130 4166 8296
4261 4266 8527
4079 4180 8259
4020 4022 8042
4150 4180 8330
4171 4246 8417
4133 4182 8315
4059 4195 8254
4057 4229 8286
4046 4170 8216
4116 4186 8302
4212 4246 8458
4063 4237 8300
4197 4239 8436
4054 4184 8238
4122 4238 8360
4043 4088 8131
4159 4215 8374
4026 4038 8064
4029 4110 8139
4082 4208 8290
4076 4128 8204
4157 4270 8427
4069 4175 8244
4076 4231 8307
4088 4167 8255
4242 4274 8516
4134 4225 8359
4059 4098 8157
4036 4186 8222
4059 4231 8290
4051 4169 8220
4020 4044 8064
4124 4191 8315
4138 4184 8322
4050 4079 8129
4150 4272 8422
4019 4113 8132
4046 4149 8195
4045 4281 8326
4165 4209 8374
4034 4148 8182
3992 4096 8088
4122 4246 8368
4118 4144 8262
4018 4154 8172
4173 4215 8388
3979 4049 8028
4129 4281 8410
4099 4206 8305
4232 4241 8473
4133 4183 8316
4225 4252 8477
4042 4226 8268
4164 4192 8356
3970 3992 7962
3974 4111 8085
3980 4176 8156
4110 4128 8238
4060 4075 8135
4097 4155 8252
3968 4172 8140
4152 4178 8330
4254 4274 8528
4264 4267 8531
4196 4284 8480
4092 4100 8192
4099 4224 8323
4101 4178 8279
4061 4182 8243
4095 4153 8248
3946 4044 7990
4055 4251 8306
4079 4251 8330
4017 4106 8123
4029 4038 8067
4168 4173 8341
4114 4165 8279
4076 4088 8164
4172 4191 8363
4109 4188 8297
4132 4146 8278
4134 4170 8304
4137 4185 8322
4270 4294 8564
4101 4237 8338
4188 4280 8468
4236 4282 8518
4281 4282 8563
4073 4077 8150
4112 4134 8246
4081 4119 8200
4168 4225 8393
4076 4222 8298
4084 4179 8263
4182 4250 8432
4085 4184 8269
4104 4112 8216

4116 4130 8218
4031 4094 8101
4077 4101 8145
4035 4187 8206
4177 4180 8351
4187 4199 8380
4032 4181 8200
4140 4185 8317
4181 4194 8358
4066 4197 8251
4048 4194 8228
4117 4195 8310
4090 4101 8154
4002 4102 8069
4131 4178 8302
4054 4173 8212
4155 4158 8310
4198 4200 8378
4184 4197 8371
4091 4182 8250
4114 4117 8193
4009 4162 8159
4106 4193 8295
4132 4133 8246
4037 4196 8228
4173 4183 8342
4019 4144 8156
4162 4198 8358
4078 4126 8181
4107 4148 8228
4006 4101 8074
4135 4188 8297
4160 4161 8309
4199 4200 8393
4128 4149 8267
4002 4128 8123
4199 4200 8395
4058 4185 8234
4088 4162 8246
4112 4198 8273
4127 4146 8263
4135 4137 8252
4023 4146 8161
4104 4199 8285
4141 4146 8259
4177 4200 8352
4198 4199 8381
4140 4165 8297
4108 4200 8273
4046 4050 8093
4152 4162 8292
4122 4141 8262
4115 4175 8280
4162 4190 8314
4065 4162 8211
4105 4158 8234
4121 4188 8288
4045 4051 8073
4109 4154 8228
4156 4158 8302
4126 4171 8263
4180 4184 8345
4021 4119 8108
4044 4127 8133
4022 4085 8074
4156 4168 8304
4102 4193 8268
4056 4199 8247
4001 4036 8014
4146 4182 8300
4137 4170 8303
4073 4074 8135
4042 4160 8194
4179 4193 8357
4132 4188 8306
4167 4197 8358
4018 4169 8168
4017 4060 8045
4045 4181 8225
4161 4194 8345
4027 4087 8085
4117 4175 8278
4157 4158 8313
4129 4161 8277
4019 4031 8027
4184 4196 8366
4044 4144 8159
4013 4177 8156
4121 4134 8219
4030 4055 8068
4057 4129 8173
4082 4105 8154
4001 4191 8189
4055 4146 8188
4136 4172 8273
4162 4176 8302
4182 4183 8332
4038 4115 8118
4027 4152 8166
4068 4073 8103
4033 4175 8186
4096 4097 8158
4193 4194 8378
4084 4196 8262
4020 4066 8085
4033 4136 8168
4091 4106 8163
4142 4163 8296
4077 4185 8241
4055 4145 8193
4031 4072 8073
4151 4187 8333
4116 4198 8280
4162 4191 8349
4077 4179 8222
4029 4196 8212
4198 4200 8369
4015 4100 8082
4172 4188 8350
4160 4163 8301
4019 4079 8093
4083 4131 8210
4008 4160 8164
4058 4116 8156
4166 4176 8328
4083 4188 8235
4036 4176 8188
4100 4168 8229
4074 4152 8199
4148 4183 8292
4172 4194 8364
4187 4194 8379
4033 4102 8115
4087 4187 8272
4188 4189 8340
4085 4191 8262
4181 4188 8343
4069 4175 8237
4004 4037 8030
4085 4124 8191
4043 4118 8124
4082 4094 8164
4001 4189 8164
4128 4185 8291
4139 4162 8265
4058 4107 8150
4148 4159 8290
4152 4192 8338
4187 4189 8362
4196 4198 8378
4153 4162 8288
4007 4050 8024
4121 4142 8239
4068 4134 8197
4078 4174 8242
4156 4175 8329
4155 4173 8317
4000 4153 8137
4182 4186 8330
4061 4131 8191
4181 4186 8342
4086 4197 8273
4184 4189 8352
4112 4113 8200
4124 4139 8237
4155 4195 8344
4175 4185 8323
4174 4176 8338
4119 4151 8256
4108 4189 8279
4058 4105 8151
4152 4157 8288
4122 4126 8235
4131 4186 8313
4028 4114 8135
4028 4050 8071
4081 4090 8157
4044 4084 8104
4107 4186 8257
4109 4161 8254
4180 4185 8329
4188 4198 8375
4060 4093 8138
4190 4198 8355
4144 4191 8328
4100 4163 8233
4159 4196 8325
4066 4150 8182
4059 4080 8106
4028 4076 8073
4022 4100 8098
4147 4159 8286
4100 4152 8226
4163 4195 8344
4114 4143 8238
4102 4190 8283
4024 4134 8144
4115 4144 8227
4125 4146 8236
4079 4132 8178
4002 4003 7992
4179 4190 8356
4018 4031 8036
4022 4109 8104
4027 4103 8120
4087 4146 8208
4068 4170 8207
4194 4198 8364
4030 4149 8144
4086 4130 8179
4016 4060 8047
4134 4152 8266
4143 4188 8328
4005 4073 8050
4197 4199 8372
4143 4192 8322
4033 4172 8175
4089 4116 8200
4008 4047 8033
4122 4167 8288
4126 4167 8258
4034 4122 8153
4064 4105 8158
4119 4164 8246
4060 4137 8194
4086 4101 8154
4089 4173 8253
4076 4177 8245
4110 4159 8253
4154 4191 8316
4101 4180 8271
4001 4044 8014
4071 4162 8199
4090 4117 8176
4130 4193 8288
4088 4135 8218
4158 4192 8340
4107 4144 8245
4008 4010 8002
4131 4156 8253
4073 4145 8211
4113 4168 8273
4073 4196 8244
4191 4197 8354
4012 4045 8054
4024 4158 8163
4060 4087 8123
4186 4189 8365
4110 4199 8281
4199 4200 8387
4196 4198 8367
4107 4198 8304
4199 4200 8376
4122 4195 8292
4120 4183 8299
4181 4200 8347
4115 4184 8281
4087 4196 8248
4192 4200 8366
4007 4074 8050
4130 4176 8286
4066 4072 8126
4017 4127 8127
4054 4075 8104
4167 4197 8363
4121 4152 8239
4062 4150 8203
4081 4192 8236
4123 4193 8277
4098 4169 8234
4103 4135 8200
4105 4106 8181
4189 4191 8347
4176 4180 8340
4115 4118 8196
4175 4192 8350
4147 4173 8282
4182 4189 8358
4127 4161 8286
4020 4060 8077
4036 4064 8086
4005 4142 8136
4023 4136 8132
4158 4179 8305
4043 4195 8214
4179 4183 8331
4021 4062 8068
4055 4170 8192
4091 4173 8260
4112 4156 8238
4116 4124 8206
4172 4175 8337
4172 4186 8322
4030 4039 8066
4174 4189 8344
4157 4170 8291
4115 4165 8248
4123 4146 8231
4125 4136 8246
4004 4078 8051
4189 4194 8355
4154 4172 8324
4003 4066 8066
4091 4117 8197
4049 4071 8093
4037 4096 8102
4095 4099 8186
4110 4117 8189
4057 4117 8137
4008 4084 8068
4195 4197 8372
4010 4094 8097
4048 4072 8088
4180 4197 8339
4043 4086 8106
4030 4166 8175
4132 4142 8240
4184 4200 8345
4111 4146 8239
4128 4130 8257
4197 4200 8392
4196 4199 8360
4131 4179 8297
4008 4036 8020
4106 4107 8186
4197 4199 8393
4173 4186 8349
4118 4161 8244
4156 4161 8291
4005 4146 8137
4057 4144 8184
4170 4175 8324
4047 4132 8169
4072 4148 8182
4135 4146 8260
4126 4137 8257
4078 4187 8235
4074 4075 8126
4096 4121 8200
4072 4078 8136
4100 4108 8191
4156 4191 8318
4156 4170 8309
4130 4156 8251
4004 4011 7995
4098 4153 8219
4110 4185 8272
4161 4172 8326
4125 4183 8273
4069 4171 8239
4150 4200 8318
4018 4121 8104
4070 4191 8258
4134 4197 8293
4084 4097 8168
4086 4139 8214
4153 4171 8303
4088 4126 8210
4041 4132 8153
4109 4177 8265
4192 4196 8352
4100 4124 8205
4001 4187 8159
4179 4190 8351
4010 4061 8047
4004 4107 8097
4034 4100 8099
4193 4194 8362
4146 4193 8326
4101 4189 8273
4177 4181 8328
4030 4194 8195
4084 4154 8210
4021 4126 8134
4094 4107 8187
4155 4181 8303
4075 4191 8263
4056 4198 8225
4069 4190 8243
4181 4190 8364
4010 4106 8091
4048 4156 8195
4145 4196 8304
4006 4037 8013
4117 4120 8213
4124 4169 8268
4001 4119 8115
4067 4069 8103
4151 4175 8321
4027 4043 8050
4075 4137 8175
4153 4181 8313
4110 4195 8277
4144 4175 8301
4160 4196 8342
4147 4160 8268
4097 4139 8228
4102 4129 8224
4178 4196 8364
4052 4164 8210
4195 4196 8367
4049 4066 8087
4105 4134 8210
4077 4198 8251
4005 4186 8170
4011 4189 8171
4152 4166 8311
4135 4159 8274
4064 4091 8131
4161 4168 8296
4130 4144 8270
4104 4137 8206
4176 4189 8349
4131 4157 8277
4091 4100 8188
4017 4111 8095
4057 4127 8153
4063 4133 8160
4087 4143 8226
4144 4153 8284
4184 4193 8357
4134 4182 8288
4174 4189 8334
4154 4198 8320
4194 4200 8391
4093 4136 8219
4150 4196 8339
4028 4139 8132
4148 4178 8303
4044 4130 8160
4130 4171 8287
4155 4185 8322
4035 4119 8130
4093 4174 8262
4040 4174 8183
4035 4098 8119
4021 4058 8070
4109 4132 8225
4042 4141 8147
4084 4152 8198
4123 4168 8277
4159 4173 8314
4044 4160 8173
4026 4043 8038
4082 4103 8163
4173 4194 8341
4180 4196 8352
4166 4167 8307
4098 4178 8258
4138 4146 8256
4174 4179 8316
4135 4178 8281
4044 4197 8224
4087 4105 8158
4043 4107 8132
4134 4163 8292
4108 4119 8209
4042 4180 8187
4005 4022 8007
4076 4141 8201
4069 4199 8233
4082 4092 8144
4052 4156 8205
4075 4125 8197
4057 4161 8215
4092 4094 8164
4134 4149 8246
4055 4060 8104
4070 4148 8182
4040 4102 8121
4157 4176 8298
4157 4190 8310
4084 4129 8203
4142 4146 8283
4030 4159 8157
4163 4167 8303
4052 4183 8221
4075 4154 8226
4157 4193 8344
4023 4050 8048
4075 4142 8204
4119 4164 8281
4050 4127 8164
4045 4111 8144
4034 4181 8196
4019 4127 8109
4038 4177 8201
4176 4187 8334
4138 4180 8289
4114 4154 8264
4015 4032 8013
4121 4169 8281
4109 4169 8263
4146 4149 8276
4012 4017 8020
4195 4197 8355
4109 4127 8206
4154 4193 8331
4056 4076 8096
4113 4193 8273
4090 4154 8218
4156 4171 8312
4177 4186 8361
4161 4174 8331
4109 4119 8199
4045 4052 8073
4069 4142 8179
4158 4171 8314
4169 4193 8342
4002 4097 8085
4126 4129 8231
4026 4141 8143
4047 4123 8147
4163 4170 8296
4007 4146 8148
4183 4193 8365
4120 4166 8258
4101 4151 8237
4048 4130 8148
4064 4145 8187
4027 4077 8067
4054 4167 8208
4105 4192 8258
4163 4176 8338
4104 4197 8281
4140 4192 8297
4147 4188 8323
4081 4089 8150
4160 4187 8313
4089 4162 8218
4140 4169 8279
4027 4135 8127
4047 4133 8155
4147 4185 8311
4052 4056 8086
4132 4158 8287
4175 4200 8361
4123 4135 8246
4157 4172 8300
4090 4138 8206
4104 4178 8267
4119 4200 8308
4123 4136 8223
4059 4077 8135
4088 4161 8245
4199 4200 8369
4098 4181 8257
4037 4158 8185
4102 4151 8233
4041 4110 8127
4146 4186 8304
4007 4164 8155
4138 4175 8312
4197 4199 8388
4143 4161 8268
4056 4140 8182
4127 4151 8252
4060 4076 8119
4052 4121 8152
4047 4178 8224
4104 4167 8241
4118 4161 8267
4101 4182 8245
4037 4162 8187
4142 4150 8254
4154 4185 8336
4192 4194 8356
4187 4190 8349
4190 4195 8369
4079 4135 8193
4059 4103 8140
4019 4088 8070
4008 4065 8062
4020 4134 8139
4032 4168 8199
4049 4164 8192
4042 4159 8173
4012 4138 8134
4091 4171 8224
4085 4122 8182
4016 4033 8048
4143 4144 8254
4103 4162 8231
4055 4117 8167
4098 4147 8225
4037 4101 8113
4186 4195 8344
4185 4190 8366
4161 4199 8329
4140 4186 8317
4194 4195 8381
4013 4014 8007
4173 4182 8334
4016 4087 8066
4139 4200 8330
4057 4162 8193
4028 4101 8106
4138 4184 8291
4087 4125 8195
4190 4192 8371

0.010000 0.590000
