600
3109574
3982 4074 8056
4251 4278 8529
4139 4212 8351
3971 4082 8053
4236 4280 8516
4200 4254 8454
4262 4269 8531
4295 4298 8593
4049 4181 8230
4125 4134 8259
4063 4074 8137
4005 4186 8191
4030 4112 8142
4065 4162 8227
4164 4234 8398
4154 4175 8329
4138 4198 8336
4095 4203 8298
4064 4099 8163
4094 4125 8219
4185 4189 8374
4131 4132 8263
4178 4231 8409
4132 4160 8292
4125 4145 8270
4145 4217 8362
4153 4165 8318
4039 4122 8161
4090 4145 8235
4060 4181 8241
3989 4041 8030
4085 4150 8235
4036 4191 8227
3967 4104 8071
4131 4291 8422
4257 4258 8515
4089 4122 8211
4004 4222 8226
4247 4256 8503
4113 4126 8239
4035 4043 8078
4129 4209 8338
3984 4115 8099
3914 4031 7945
4206 4264 8470
4194 4198 8392
4146 4243 8389
4277 4295 8572
4081 4213 8294
4234 4239 8473
4139 4209 8348
4085 4149 8234
4184 4231 8415
4088 4097 8185
4223 4259 8482
4094 4109 8203
4071 4185 8256
3988 4046 8034
4165 4213 8378
4052 4093 8145
4073 4234 8307
4038 4173 8211
4134 4164 8298
4063 4206 8269
4105 4225 8330
4165 4228 8393
4210 4230 8440
4083 4154 8237
4096 4247 8343
4194 4249 8443
4146 4206 8352
4053 4122 8175
4152 4278 8430
4168 4171 8339
4058 4103 8161
4035 4105 8140
4128 4167 8295
4027 4273 8300
4152 4202 8354
4182 4193 8375
4054 4056 8110
4055 4205 8260
4025 4082 8107
4135 4215 8350
4153 4250 8403
4035 4142 8177
4175 4192 8367
4084 4098 8182
4234 4277 8511
4087 4144 8231
4111 4251 8362
4150 4262 8412
4099 4133 8232
4046 4180 8226
4044 4232 8276
3986 4213 8199
4044 4115 8159
4066 4097 8163
4008 4253 8261
4083 4127 8210
3975 4123 8098
4150 4170 8320
4238 4281 8519
4036 4185 8221
4021 4156 8177
4148 4230 8378
4101 4136 8237
4264 4285 8549
3973 4084 8057
3930 4083 8013
4260 4275 8535
4136 4165 8301
4191 4268 8459
4009 4254 8263
4198 4259 8457
4201 4250 8451
4232 4240 8472
3945 4116 8061
4138 4241 8379
4014 4115 8129
4240 4275 8515
4080 4222 8302
4124 4173 8297
4090 4192 8282
4206 4245 8451
4154 4273 8427
4152 4258 8410
4113 4176 8289
4115 4209 8324
3981 4133 8114
3931 4058 7989
4163 4172 8335
4071 4103 8174
3995 4138 8133
4137 4144 8281
4022 4194 8216
4039 4072 8111
4123 4177 8300
4159 4188 8347
4002 4096 8098
4203 4251 8454
4025 4135 8160
3941 4068 8009
3957 4016 7973
4067 4137 8204
4046 4105 8151
4028 4138 8166
4007 4117 8124
4051 4152 8203
4016 4107 8123
4075 4097 8172
4115 4212 8327
4007 4115 8122
4182 4213 8395
4180 4258 8438
4132 4201 8333
3943 4001 7944
4016 4163 8179
4238 4266 8504
4057 4151 8208
4057 4138 8195
3938 4095 8033
4193 4224 8417
4248 4252 8500
4057 4281 8338
4100 4208 8308
4089 4158 8247
3999 4077 8076
4165 4201 8366
4014 4116 8130
4161 4171 8332
4130 4219 8349
4097 4152 8249
4013 4033 8046
4148 4217 8365
4233 4246 8479
3992 4147 8139
4072 4251 8323
4082 4151 8233
4097 4113 8210
4200 4244 8444
4044 4229 8273
4061 4278 8339
4059 4183 8242
4168 4219 8387
4091 4123 8214
3997 4024 8021
4095 4191 8286
4024 4114 8138
4042 4175 8217
4024 4237 8261
4070 4189 8259
4025 4088 8113
4146 4253 8399
4034 4132 8166
4112 4245 8357
4170 4262 8432
4209 4235 8444
4276 4288 8564
4271 4280 8551
4033 4226 8259
4134 4210 8344
4096 4250 8346
4223 4245 8468
4151 4180 8331
4148 4256 8404
4023 4215 8238
4074 4112 8186
4205 4294 8499
4144 4206 8350
4197 4284 8481
4069 4211 8280
4054 4166 8220
4080 4185 8265
4141 4204 8345
4075 4120 8195
4109 4241 8350
4052 4062 8114
4152 4229 8381
4160 4191 8351
4046 4120 8166
3919 4159 8078
4025 4138 8163
4118 4164 8282
4063 4141 8204
4039 4222 8261
4100 4105 8205
4166 4214 8380
4049 4095 8144
3998 4050 8048
4197 4222 8419
4130 4146 8276
4149 4169 8318
4170 4174 8344
3992 4217 8209
3990 4083 8073
3931 3972 7903
4169 4175 8344
4069 4191 8260
4291 4299 8590
3929 4196 8125
4052 4191 8243
4222 4266 8488
4084 4155 8239
4114 4230 8344
4103 4135 8238
4104 4187 8291
4057 4084 8141
4096 4241 8337
4170 4215 8385
4168 4200 8368
4177 4224 8401
3993 4060 8053
4115 4155 8270
4059 4114 8173
4232 4273 8505
4028 4081 8109
4160 4210 8370
4095 4232 8327
4126 4160 8286
4092 4124 8216
4021 4111 8132
4058 4095 8153
4003 4058 8061
3966 4183 8149
4129 4234 8363
4122 4259 8381
4244 4286 8530
3954 3963 7917
4038 4098 8136
4060 4253 8313
4023 4072 8095
4089 4118 8207
4185 4190 8375
3986 4235 8221
4033 4136 8169
4185 4191 8376
3961 4237 8198
4108 4250 8358
3987 4149 8136
4158 4238 8396
4264 4269 8533
4081 4180 8261
4126 4207 8333
4077 4180 8257
3961 4076 8037
4080 4108 8188
4222 4258 8480
4198 4233 8431
4160 4212 8372
4225 4236 8461
4133 4227 8360
4162 4257 8419
4162 4290 8452
4165 4173 8338
4141 4229 8370
3917 4186 8103
4119 4204 8323
4075 4214 8289
3991 4102 8093
4101 4150 8251
4010 4081 8091
4088 4280 8368
4147 4230 8377
3940 3957 7897
4102 4132 8234
4186 4245 8431
4181 4189 8370
4110 4259 8369
4204 4254 8458
4142 4259 8401
3954 4135 8089
4084 4094 8178
4224 4272 8496
4072 4100 8172
4184 4219 8403
4034 4147 8181
4057 4195 8252
4067 4179 8246
4070 4182 8252
4052 4088 8140
4288 4289 8577
4103 4235 8338
4068 4194 8262
4066 4122 8188
4160 4179 8339
4258 4289 8547
4009 4053 8062
4052 4198 8250
4155 4223 8378
4117 4231 8348
4056 4080 8136
4171 4251 8422
4069 4225 8294
4020 4194 8214
4196 4243 8439
4009 4135 8144
4030 4090 8120
4210 4250 8460
3979 4063 8042
4005 4168 8173
4249 4257 8506
4168 4205 8373
4211 4289 8500
4081 4092 8173
4210 4250 8460
4107 4168 8275
4245 4264 8509
4096 4107 8203
4028 4046 8074
4136 4220 8356
4104 4167 8271
4161 4245 8406
4144 4207 8351
3940 4128 8068
4167 4250 8417
3971 4110 8081
4040 4181 8221
4070 4224 8294
3945 4105 8050
3975 4059 8034
4046 4162 8208
4200 4252 8452
4029 4191 8220
4201 4221 8422
4025 4097 8122
4106 4181 8287
4049 4181 8230
3989 4071 8060
3990 4171 8161
4091 4198 8289
4188 4265 8453
4066 4292 8358
4033 4091 8124
4197 4267 8464
4145 4199 8344
4113 4123 8236
4012 4039 8051
4094 4274 8368
3957 4001 7958
4126 4166 8292
3964 4112 8076
4157 4201 8358
4077 4185 8262
4091 4099 8190
4108 4160 8268
3979 4176 8155
4160 4182 8342
4264 4275 8539
4101 4226 8327
4089 4168 8257
4258 4270 8528
4069 4078 8147
4104 4153 8257
4062 4160 8222
4084 4160 8244
4011 4278 8289
3976 4120 8096
3915 4063 7978
4140 4175 8315
3957 4067 8024
4119 4158 8277
4164 4200 8364
4181 4204 8385
4167 4178 8345
4026 4186 8212
4057 4072 8129
4143 4159 8302
4234 4251 8485
4266 4272 8538
3944 4206 8150
3923 4038 7961
4143 4202 8345
4024 4161 8185
4140 4153 8293
4129 4228 8357
4100 4288 8388
4166 4186 8352
4021 4056 8077
4059 4119 8178
4080 4192 8272
4090 4188 8278
4107 4223 8330
4085 4118 8203
4142 4182 8324
4036 4209 8245
4115 4127 8242
4025 4232 8257
4251 4286 8537
4113 4135 8248
4146 4193 8339
4163 4216 8379
4104 4170 8274
4089 4095 8184
4145 4146 8291
3929 4198 8127
4132 4134 8266
4107 4173 8280
4216 4235 8451
4174 4244 8418
4187 4273 8460
4123 4147 8270
4111 4138 8249
4253 4278 8531
4214 4253 8467
4191 4249 8440
4216 4244 8460
4077 4175 8252
4092 4106 8198
4174 4184 8358
4232 4291 8523
4056 4200 8256
4229 4281 8510
4167 4238 8405
4143 4199 8342
3949 4124 8073
4105 4223 8328
4126 4155 8281
4102 4138 8240
4066 4229 8295
3989 4075 8064
4122 4129 8251
4020 4067 8087
4100 4240 8340
3959 4043 8002
4255 4272 8527
4091 4247 8338
4152 4219 8371
4131 4152 8283
4170 4211 8381
4268 4288 8556
4112 4259 8371
4171 4193 8364
4006 4179 8185
4159 4216 8375
3941 4115 8056
4023 4065 8088
4181 4192 8373
3977 3998 7975
3977 4180 8157
4077 4139 8216
4133 4219 8352
4101 4199 8300
4086 4144 8230
4039 4086 8125
4133 4237 8370
4155 4171 8326
4020 4141 8161
4118 4201 8319
4111 4192 8303
4201 4272 8473
4055 4189 8244
4196 4248 8444
4194 4208 8402
4128 4167 8295
4048 4083 8131
3931 4203 8134
3965 3975 7940
4081 4246 8327
4138 4156 8294
4007 4155 8162
4059 4247 8306
4046 4075 8121
3981 4010 7991
3991 4198 8189
4041 4062 8103
4188 4263 8451
4104 4124 8228
4115 4168 8283
3945 4058 8003
4133 4162 8295
4008 4039 8047
3995 4184 8179
4203 4208 8411
4002 4245 8247
4150 4195 8345
4149 4270 8419
4182 4246 8428
4182 4237 8419
4180 4181 8361
4032 4264 8296
4108 4245 8353
4031 4197 8228
3954 4161 8115
4085 4244 8329
3916 4196 8112
3987 4016 8003
4211 4232 8443
4081 4145 8226
4090 4118 8208
4159 4235 8394
4089 4110 8199
3981 4254 8235
3939 4117 8056
4132 4210 8342
4097 4218 8315
4036 4089 8125
4173 4277 8450
4163 4208 8371
3965 4054 8019
4084 4089 8173
4100 4255 8355
4163 4166 8329
4146 4162 8308
4134 4237 8371
4023 4067 8090
4088 4245 8333
4171 4189 8360
4127 4244 8371
4158 4230 8388
4070 4089 8159
4247 4256 8503
4092 4253 8345
4221 4235 8456
4116 4147 8263
4127 4213 8340
4158 4197 8355
4111 4161 8272
4197 4227 8424
4020 4163 8183
4134 4166 8300
3961 4079 8040
4022 4164 8186
3963 4006 7969
4103 4144 8247
4019 4160 8179
4161 4168 8329
3973 4099 8072
3967 4154 8121
4055 4165 8220
3957 4113 8070
3976 4244 8220
3925 4046 7971
4216 4273 8489
4036 4064 8100
4019 4081 8100
4084 4142 8226
4228 4284 8512
4183 4289 8472
4106 4159 8265
4155 4162 8317
4112 4174 8286
4145 4204 8349
4206 4248 8454
4029 4102 8131
4111 4191 8302
3968 4258 8226
4119 4141 8260
4139 4180 8319
4146 4179 8325
3966 4032 7998
3982 4088 8070
3978 4164 8142
4194 4214 8408
3952 4053 8005
4203 4278 8481
4086 4184 8270
3978 4016 7994
4105 4165 8270
4220 4232 8452

4040 4150 8166
4197 4200 8372
4120 4125 8209
4030 4135 8133
4164 4181 8327
4106 4177 8249
4169 4170 8308
4199 4200 8371
4013 4145 8126
4118 4124 8229
4001 4042 8025
4095 4194 8285
4121 4130 8223
4115 4199 8284
4110 4180 8253
4093 4157 8216
4077 4154 8208
4009 4122 8114
4016 4081 8078
4011 4071 8080
4103 4147 8211
4046 4079 8112
4105 4164 8245
4070 4132 8174
4106 4171 8258
4105 4129 8216
4053 4130 8150
4017 4047 8047
4147 4195 8338
4043 4084 8097
4061 4115 8161
4050 4062 8082
4116 4167 8275
4018 4189 8179
4069 4199 8265
4174 4193 8331
4161 4170 8317
4103 4181 8267
4173 4190 8358
4083 4103 8175
4058 4070 8118
4150 4153 8295
4079 4104 8158
4000 4058 8036
4133 4179 8273
4175 4194 8333
4057 4179 8218
4188 4197 8358
4141 4166 8290
4194 4197 8354
4177 4199 8360
4023 4081 8070
4144 4177 8292
4068 4160 8209
4142 4196 8331
4032 4059 8076
4124 4166 8270
4076 4113 8176
4105 4172 8267
4106 4162 8248
4154 4158 8295
4080 4119 8178
4038 4086 8089
4094 4169 8238
4091 4127 8198
4109 4197 8301
4123 4154 8247
4073 4116 8165
4146 4175 8296
4148 4169 8286
4114 4172 8258
4024 4057 8060
4171 4189 8352
4104 4107 8180
4059 4107 8142
4051 4053 8090
4103 4161 8248
4096 4174 8248
4152 4182 8297
4124 4127 8217
4006 4061 8034
4031 4197 8194
4046 4169 8200
4069 4132 8184
4164 4195 8330
4134 4197 8308
4077 4138 8201
4104 4178 8246
4171 4186 8347
4101 4129 8217
4157 4168 8306
4177 4195 8357
4073 4088 8124
4129 4165 8282
4091 4180 8248
4058 4162 8190
4041 4067 8079
4122 4193 8301
4107 4196 8282
4022 4108 8129
4012 4057 8048
4095 4119 8203
4189 4199 8378
4128 4139 8235
4104 4138 8204
4154 4166 8307
4018 4120 8132
4166 4192 8339
4025 4090 8109
4030 4153 8146
4167 4194 8346
4094 4147 8228
4154 4175 8293
4100 4155 8246
4141 4176 8297
4168 4171 8310
4138 4175 8288
4002 4149 8144
4130 4142 8249
4005 4024 7998
4179 4198 8367
4179 4200 8342
4123 4189 8286
4097 4160 8223
4176 4186 8351
4166 4178 8323
4150 4181 8294
4026 4163 8188
4101 4156 8237
4033 4067 8093
4000 4092 8079
4148 4180 8324
4031 4046 8075
4035 4105 8120
4063 4071 8096
4116 4132 8229
4124 4169 8276
4103 4178 8253
4159 4178 8324
4094 4180 8255
4128 4169 8281
4094 4189 8277
4017 4041 8057
4025 4031 8029
4167 4179 8344
4026 4177 8197
4034 4155 8157
4023 4051 8068
4113 4146 8256
4068 4200 8266
4099 4130 8215
4098 4118 8187
4100 4154 8236
4098 4164 8244
4086 4197 8251
4179 4197 8367
4028 4065 8065
4084 4156 8236
4151 4177 8307
4126 4159 8280
4103 4185 8261
4031 4153 8181
4099 4195 8261
4171 4192 8350
4076 4185 8229
4158 4168 8290
4106 4119 8187
4088 4104 8180
4109 4121 8223
4020 4080 8067
4128 4153 8269
4109 4170 8260
4197 4200 8369
4084 4132 8212
4068 4155 8192
4156 4187 8307
4069 4140 8191
4142 4197 8314
4010 4150 8138
4153 4172 8311
4198 4199 8394
4011 4199 8190
4039 4197 8224
4095 4156 8234
4114 4151 8239
4046 4086 8124
4061 4080 8138
4070 4128 8190
4022 4110 8100
4052 4147 8171
4034 4151 8169
4031 4117 8127
4002 4132 8100
4105 4181 8261
4000 4092 8082
4096 4159 8229
4111 4163 8244
4146 4152 8265
4197 4198 8373
4193 4194 8385
4091 4180 8270
4087 4185 8239
4156 4189 8318
4129 4153 8256
4139 4176 8303
4160 4162 8290
4048 4200 8222
4100 4144 8218
4129 4197 8306
4170 4185 8330
4159 4189 8335
4061 4129 8182
4103 4139 8233
4013 4130 8110
4105 4187 8289
4007 4197 8173
4113 4192 8300
4022 4083 8099
4188 4196 8380
4198 4200 8363
4011 4076 8058
4014 4188 8173
4121 4138 8233
4141 4170 8301
4161 4178 8324
4123 4143 8242
4126 4195 8320
4194 4198 8381
4133 4167 8262
4017 4081 8062
4170 4184 8344
4104 4177 8272
4083 4154 8230
4074 4133 8200
4069 4137 8195
4083 4117 8181
4016 4049 8047
4084 4095 8157
4051 4118 8154
4198 4200 8380
4008 4163 8150
4089 4148 8213
4152 4180 8319
4168 4171 8329
4148 4194 8337
4176 4190 8360
4190 4193 8359
4038 4068 8104
4114 4190 8287
4148 4174 8295
4088 4110 8191
4192 4199 8378
4059 4062 8090
4018 4098 8092
4135 4160 8264
4171 4200 8357
4038 4043 8043
4166 4167 8314
4037 4163 8171
4139 4183 8288
4024 4139 8140
4036 4105 8110
4099 4120 8194
4029 4060 8056
4034 4175 8193
4114 4137 8236
4091 4174 8255
4183 4188 8344
4034 4062 8068
4047 4108 8142
4159 4184 8307
4020 4106 8089
4056 4124 8145
4124 4129 8223
4039 4146 8157
4077 4183 8223
4099 4177 8250
4007 4175 8147
4180 4190 8346
4041 4177 8200
4151 4156 8292
4171 4178 8319
4171 4177 8309
4151 4185 8304
4071 4094 8141
4010 4098 8076
4092 4188 8272
4177 4192 8345
4182 4188 8363
4136 4187 8320
4180 4196 8364
4153 4194 8329
4136 4160 8294
4079 4192 8248
4153 4170 8318
4132 4149 8254
4015 4192 8186
4079 4126 8196
4126 4186 8307
4079 4088 8139
4118 4161 8256
4002 4129 8123
4169 4193 8327
4081 4140 8187
4038 4039 8052
4054 4097 8139
4170 4195 8328
4087 4139 8213
4189 4199 8355
4184 4187 8342
4047 4172 8195
4003 4111 8096
4014 4028 8032
4148 4196 8314
4049 4063 8109
4147 4175 8285
4070 4116 8180
4048 4126 8156
4059 4183 8229
4056 4191 8241
4023 4051 8040
4196 4197 8391
4008 4191 8163
4107 4152 8228
4055 4061 8079
4089 4091 8161
4185 4196 8349
4033 4103 8104
4011 4176 8164
4154 4180 8328
4111 4137 8225
4132 4149 8261
4135 4186 8314
4124 4128 8227
4004 4096 8082
4130 4174 8293
4088 4135 8197
4087 4173 8231
4183 4187 8356
4002 4074 8043
4085 4177 8238
4156 4185 8317
4084 4108 8157
4198 4200 8383
4025 4116 8112
4158 4196 8316
4112 4194 8303
4193 4197 8386
4062 4087 8129
4101 4106 8205
4177 4186 8343
4198 4199 8386
4175 4178 8339
4176 4192 8361
4034 4097 8095
4144 4165 8286
4053 4096 8121
4121 4136 8227
4094 4168 8243
4002 4064 8065
4021 4081 8084
4086 4146 8213
4167 4194 8347
4010 4175 8176
4195 4198 8371
4103 4173 8256
4173 4178 8312
4038 4140 8177
4089 4125 8182
4062 4140 8192
4049 4116 8154
4166 4185 8347
4162 4198 8348
4044 4151 8158
4137 4179 8286
4114 4149 8240
4148 4187 8314
4017 4025 8014
4096 4186 8246
4044 4098 8124
4043 4148 8155
4039 4082 8099
4196 4198 8381
4099 4168 8245
4111 4188 8276
4138 4144 8272
4045 4131 8156
4109 4112 8191
4197 4198 8367
4038 4154 8178
4136 4159 8272
4165 4200 8351
4094 4116 8174
4103 4129 8207
4114 4170 8270
4116 4120 8217
4065 4196 8257
4034 4105 8118
4004 4097 8070
4111 4187 8283
4019 4105 8115
4105 4135 8219
4129 4144 8267
4094 4119 8197
4078 4095 8135
4020 4132 8139
4070 4115 8171
4083 4143 8211
4193 4196 8375
4185 4194 8374
4002 4115 8086
4022 4058 8052
4090 4199 8270
4091 4142 8199
4058 4164 8207
4167 4188 8348
4034 4192 8220
4098 4162 8230
4042 4156 8176
4071 4172 8209
4120 4151 8246
4129 4177 8277
4096 4125 8218
4165 4187 8322
4104 4198 8274
4057 4184 8217
4114 4153 8241
4119 4191 8275
4171 4189 8354
4084 4134 8207
4089 4131 8188
4107 4132 8216
4146 4151 8278
4025 4066 8055
4051 4054 8069
4024 4127 8133
4123 4164 8252
4132 4188 8306
4185 4193 8339
4074 4197 8265
4176 4198 8351
4042 4054 8074
4082 4155 8227
4182 4186 8343
4125 4172 8267
4179 4196 8358
4188 4196 8357
4121 4172 8263
4146 4182 8316
4124 4146 8255
4199 4200 8363
4076 4157 8197
4175 4185 8343
4102 4153 8241
4153 4194 8313
4035 4057 8073
4088 4137 8210
4160 4190 8346
4072 4077 8111
4002 4154 8121
4048 4079 8089
4101 4168 8246
4046 4154 8174
4199 4200 8374
4058 4069 8103
4181 4192 8339
4103 4169 8255
4056 4139 8192
4159 4194 8333
4135 4160 8292
4179 4193 8345
4129 4189 8309
4141 4168 8308
4102 4127 8218
4116 4137 8214
4006 4035 8031
4016 4066 8063
4112 4133 8207
4008 4061 8068
4005 4086 8085
4097 4153 8239
4078 4192 8240
4045 4167 8194
4093 4124 8186
4069 4158 8196
4066 4168 8216
4113 4130 8231
4051 4077 8095
4083 4177 8249
4097 4121 8182
4185 4189 8346
4147 4152 8272
4112 4152 8253
4144 4179 8320
4154 4158 8309
4136 4137 8255
4017 4104 8120
4002 4052 8053
4100 4196 8264
4107 4118 8222
4008 4190 8191
4033 4159 8185
4038 4114 8120
4006 4075 8071
4089 4099 8173
4034 4113 8127
4186 4190 8341
4056 4068 8102
4043 4071 8112
4004 4034 8030
4137 4149 8265
4058 4086 8123
4029 4106 8098
4141 4185 8306
4073 4152 8211
4173 4183 8340
4126 4174 8266
4096 4171 8246
4089 4171 8231
4101 4115 8207
4090 4179 8236
4158 4194 8335
4105 4179 8261
4045 4199 8233
4162 4178 8329
4005 4193 8197
4022 4043 8056
4145 4165 8274
4149 4163 8301
4109 4128 8219
4161 4189 8319
4158 4179 8326
4043 4190 8217
4018 4164 8144
4162 4185 8324
4175 4187 8329
4043 4103 8131
4196 4198 8390
4114 4141 8231
4004 4038 8030
4167 4174 8320
4151 4176 8312
4083 4114 8184
4159 4177 8303
4124 4161 8268
4014 4078 8060
4015 4179 8178
4114 4200 8294
4157 4175 8296
4140 4155 8263
4069 4175 8217
4184 4199 8344
4031 4182 8179
4128 4160 8273
4019 4087 8076
4168 4186 8353
4141 4195 8315
4068 4182 8242
4119 4143 8240
4001 4173 8156
4194 4196 8370
4013 4176 8185
4033 4090 8086
4021 4079 8073
4164 4188 8324
4082 4151 8199
4080 4096 8175
4023 4033 8030
4051 4054 8073
4131 4135 8241
4010 4182 8183
4067 4151 8211
4018 4133 8114
4134 4197 8323
4019 4108 8117
4012 4123 8121
4045 4085 8125
4184 4189 8354
4134 4190 8289
4056 4105 8149
4164 4194 8349
4131 4174 8269
4120 4182 8285
4196 4198 8387
4095 4163 8256
4020 4120 8120
4000 4176 8148
4171 4189 8351
4139 4141 8263
4101 4112 8186
4021 4030 8029
4058 4176 8233
4066 4099 8154
4111 4124 8225
4033 4089 8116
4151 4199 8320
4143 4178 8282
4020 4066 8069
4155 4174 8325
4149 4198 8338

0.010000 0.630000
