600
3211900
4116 4188 8304
4057 4214 8271
4006 4023 8029
4023 4151 8174
4098 4187 8285
4233 4256 8489
3981 4204 8185
4168 4176 8344
4099 4133 8232
3992 4123 8115
4130 4206 8336
4179 4263 8442
4087 4238 8325
4156 4195 8351
4273 4281 8554
4118 4145 8263
4157 4223 8380
3965 4162 8127
4230 4260 8490
4117 4145 8262
4071 4077 8148
3992 4105 8097
4084 4187 8271
4021 4168 8189
4156 4171 8327
4212 4277 8489
4140 4270 8410
4102 4198 8300
3906 4019 7925
4069 4188 8257
4081 4150 8231
3972 4245 8217
4152 4215 8367
4000 4183 8183
4076 4188 8264
4060 4115 8175
4248 4271 8519
4097 4153 8250
4253 4262 8515
3944 4077 8021
4079 4116 8195
4111 4224 8335
4172 4198 8370
4093 4168 8261
4252 4296 8548
4156 4223 8379
4210 4226 8436
4124 4181 8305
4193 4217 8410
4119 4175 8294
4028 4033 8061
4052 4118 8170
4170 4264 8434
4273 4292 8565
4151 4288 8439
3920 4010 7930
4217 4222 8439
4023 4281 8304
4266 4288 8554
4105 4132 8237
4201 4256 8457
4049 4146 8195
4150 4283 8433
4185 4268 8453
4051 4243 8294
4107 4219 8326
4020 4201 8221
4274 4293 8567
4055 4212 8267
4253 4285 8538
4214 4239 8453
4008 4102 8110
4038 4169 8207
4036 4238 8274
4146 4163 8309
4059 4162 8221
4063 4151 8214
4080 4252 8332
4061 4119 8180
3958 4172 8130
4024 4180 8204
3959 3981 7940
4143 4228 8371
4175 4276 8451
4193 4242 8435
4210 4239 8449
4179 4183 8362
4138 4257 8395
4053 4173 8226
3980 4000 7980
4096 4218 8314
4210 4273 8483
4021 4141 8162
4033 4080 8113
4004 4169 8173
3990 4027 8017
4015 4179 8194
4110 4241 8351
4211 4234 8445
4109 4138 8247
4001 4122 8123
4084 4130 8214
4109 4153 8262
4222 4254 8476
4003 4084 8087
4145 4204 8349
4113 4283 8396
4058 4226 8284
3933 4011 7944
3935 3968 7903
4101 4128 8229
4001 4083 8084
4036 4092 8128
4091 4113 8204
4048 4118 8166
4076 4244 8320
4068 4102 8170
4116 4124 8240
4162 4233 8395
4103 4105 8208
4027 4081 8108
4072 4161 8233
4228 4242 8470
3979 4171 8150
4133 4181 8314
4050 4110 8160
4231 4235 8466
4137 4142 8279
4171 4211 8382
4039 4242 8281
4146 4179 8325
4120 4142 8262
4048 4179 8227
4028 4220 8248
4028 4133 8161
4034 4188 8222
3919 4204 8123
4145 4256 8401
4232 4241 8473
4107 4127 8234
3999 4029 8028
4040 4100 8140
4112 4133 8245
4072 4093 8165
4160 4184 8344
4112 4157 8269
4275 4282 8557
4063 4198 8261
4134 4173 8307
4012 4104 8116
3931 4142 8073
4042 4083 8125
3950 4073 8023
4108 4185 8293
4132 4240 8372
4037 4057 8094
4245 4264 8509
3938 4153 8091
4223 4272 8495
4207 4210 8417
4116 4182 8298
4096 4244 8340
4149 4157 8306
3954 4033 7987
4012 4126 8138
4132 4140 8272
4124 4161 8285
4017 4038 8055
4064 4087 8151
4185 4203 8388
4130 4155 8285
4006 4217 8223
4138 4256 8394
4119 4138 8257
4211 4225 8436
4070 4086 8156
4138 4156 8294
4184 4233 8417
4080 4192 8272
3942 4254 8196
4108 4220 8328
4092 4195 8287
4032 4179 8211
4002 4205 8207
4082 4099 8181
4069 4144 8213
4181 4203 8384
4071 4083 8154
4001 4163 8164
4020 4098 8118
4007 4191 8198
4091 4200 8291
4010 4259 8269
4212 4280 8492
3934 4198 8132
4063 4084 8147
4134 4136 8270
4133 4287 8420
3977 4220 8197
4185 4258 8443
3994 4167 8161
4115 4141 8256
4017 4212 8229
4232 4275 8507
4093 4103 8196
4204 4222 8426
4226 4284 8510
4101 4151 8252
4026 4260 8286
4063 4214 8277
4152 4267 8419
4251 4279 8530
4064 4240 8304
4165 4166 8331
4049 4181 8230
4066 4119 8185
4110 4190 8300
4194 4197 8391
4180 4210 8390
3973 4095 8068
4093 4236 8329
4259 4289 8548
3985 4179 8164
3923 4087 8010
4234 4239 8473
4248 4285 8533
4113 4274 8387
4150 4159 8309
4192 4222 8414
4150 4206 8356
4134 4243 8377
4251 4256 8507
4257 4261 8518
4145 4186 8331
4033 4052 8085
4005 4070 8075
4175 4217 8392
3967 4269 8236
4108 4233 8341
4121 4259 8380
4085 4235 8320
4090 4200 8290
3995 4076 8071
4010 4198 8208
4164 4173 8337
3939 4091 8030
4086 4265 8351
4258 4273 8531
4062 4254 8316
4082 4127 8209
4094 4138 8232
4138 4195 8333
4036 4126 8162
3998 4236 8234
4097 4246 8343
4244 4264 8508
4034 4145 8179
4048 4252 8300
4062 4136 8198
4195 4203 8398
4012 4227 8239
4031 4074 8105
4090 4142 8232
4062 4167 8229
4051 4130 8181
4218 4219 8437
4209 4230 8439
4248 4267 8515
3973 4040 8013
4160 4244 8404
4103 4232 8335
4163 4180 8343
4107 4249 8356
4200 4237 8437
4105 4129 8234
4235 4284 8519
4047 4175 8222
4102 4182 8284
4120 4230 8350
3949 4058 8007
4176 4252 8428
4198 4242 8440
4055 4223 8278
4067 4149 8216
4208 4234 8442
4115 4289 8404
4141 4277 8418
4004 4049 8053
4088 4124 8212
4134 4260 8394
4107 4218 8325
4161 4243 8404
4094 4247 8341
4085 4248 8333
4148 4187 8335
4163 4175 8338
4067 4088 8155
4040 4249 8289
4164 4181 8345
4110 4207 8317
4164 4247 8411
4140 4158 8298
4113 4121 8234
4069 4106 8175
4055 4125 8180
4101 4163 8264
4118 4148 8266
4128 4261 8389
4041 4247 8288
4068 4234 8302
4043 4135 8178
4171 4173 8344
4034 4257 8291
4016 4112 8128
3997 4205 8202
4032 4136 8168
4189 4197 8386
3986 4156 8142
4125 4234 8359
4007 4145 8152
4167 4182 8349
3969 4121 8090
3998 4038 8036
4216 4265 8481
4155 4233 8388
4112 4251 8363
4051 4211 8262
4189 4216 8405
4172 4180 8352
4085 4137 8222
4027 4255 8282
3911 4000 7911
4161 4177 8338
3970 4130 8100
4013 4136 8149
4084 4130 8214
4042 4082 8124
3962 4097 8059
4118 4184 8302
4114 4228 8342
4076 4163 8239
4088 4188 8276
3997 4160 8157
4061 4125 8186
4036 4203 8239
4121 4161 8282
4094 4217 8311
4195 4280 8475
4050 4059 8109
4170 4240 8410
4014 4157 8171
4070 4090 8160
4087 4152 8239
3987 4175 8162
4027 4276 8303
4100 4137 8237
4121 4251 8372
4114 4161 8275
4134 4141 8275
4007 4184 8191
3997 4054 8051
4172 4249 8421
4124 4215 8339
4123 4257 8380
4062 4185 8247
4023 4171 8194
3964 4165 8129
4170 4197 8367
4161 4169 8330
4106 4205 8311
4078 4091 8169
4024 4152 8176
4115 4124 8239
3988 4214 8202
4250 4262 8512
4200 4269 8469
4135 4169 8304
4012 4080 8092
3978 4113 8091
4245 4247 8492
4066 4198 8264
4160 4249 8409
4154 4198 8352
4066 4080 8146
4165 4186 8351
3999 4067 8066
4139 4291 8430
3988 4135 8123
4066 4114 8180
3991 4226 8217
4215 4243 8458
4032 4216 8248
3974 4046 8020
4167 4261 8428
4195 4246 8441
4198 4226 8424
3945 4222 8167
4085 4139 8224
4052 4059 8111
4040 4112 8152
3971 4157 8128
4147 4262 8409
4152 4241 8393
4218 4264 8482
3964 4005 7969
4000 4212 8212
4132 4207 8339
4195 4201 8396
4004 4189 8193
4038 4249 8287
4081 4093 8174
4184 4206 8390
4121 4193 8314
4085 4250 8335
4173 4249 8422
4164 4228 8392
3951 4216 8167
4057 4090 8147
4108 4136 8244
4017 4093 8110
4183 4235 8418
4209 4292 8501
4193 4264 8457
4097 4141 8238
3996 4104 8100
4152 4169 8321
4028 4234 8262
4160 4227 8387
4120 4181 8301
4126 4159 8285
4017 4098 8115
4166 4181 8347
4086 4156 8242
4100 4116 8216
4179 4274 8453
4142 4248 8390
4206 4274 8480
4115 4173 8288
4091 4113 8204
4078 4144 8222
4136 4139 8275
4148 4158 8306
4070 4229 8299
4073 4177 8250
4159 4188 8347
4188 4272 8460
4220 4234 8454
4188 4233 8421
4133 4187 8320
4097 4261 8358
4094 4208 8302
4227 4254 8481
4256 4275 8531
4032 4265 8297
4247 4300 8547
3994 4200 8194
4108 4183 8291
4176 4232 8408
3986 4140 8126
4124 4266 8390
4153 4169 8322
4232 4240 8472
4143 4192 8335
4112 4169 8281
3972 4170 8142
4122 4165 8287
4235 4249 8484
4111 4237 8348
4123 4176 8299
4163 4186 8349
3988 4106 8094
4201 4265 8466
4168 4258 8426
4073 4284 8357
4210 4259 8469
4038 4194 8232
3972 4240 8212
4018 4079 8097
4133 4189 8322
4051 4174 8225
4097 4234 8331
4128 4138 8266
4070 4244 8314
4257 4278 8535
4143 4189 8332
4114 4198 8312
4244 4254 8498
3954 4049 8003
4141 4188 8329
4239 4254 8493
4138 4160 8298
4138 4173 8311
3958 4082 8040
4089 4090 8179
4114 4172 8286
4123 4157 8280
4237 4264 8501
4088 4109 8197
4108 4131 8239
4212 4245 8457
4021 4146 8167
4199 4275 8474
4064 4182 8246
4221 4235 8456
4115 4116 8231
4182 4192 8374
3927 4051 7978
4208 4237 8445
4150 4183 8333
4009 4165 8174
4281 4286 8567
4166 4201 8367
4177 4205 8382
4255 4280 8535
4148 4194 8342
4151 4217 8368
4246 4250 8496
4111 4139 8250
3965 4021 7986
4063 4216 8279
4011 4222 8233
4119 4179 8298
4272 4290 8562
4168 4250 8418
3990 4089 8079
4092 4183 8275
4182 4195 8377
4094 4101 8195
3992 4143 8135
4036 4054 8090
4180 4211 8391
4131 4195 8326
4076 4186 8262
4143 4209 8352
4228 4268 8496
4258 4265 8523
4207 4266 8473
4144 4148 8292
4190 4246 8436
4107 4257 8364
3910 4167 8077
4020 4111 8131
4060 4121 8181
4068 4145 8213
4149 4180 8329
3906 3918 7824
4045 4085 8130
4114 4240 8354
4178 4284 8462
4103 4181 8284
4210 4244 8454
4046 4050 8096
4129 4185 8314
4096 4151 8247
4031 4114 8145
4133 4147 8280
4194 4208 8402
4183 4198 8381
4093 4229 8322
4226 4245 8471
4171 4268 8439
4096 4163 8259
4126 4142 8268
4029 4140 8169
4032 4163 8195
4159 4271 8430
4056 4103 8159
4217 4218 8435
4076 4232 8308
4171 4216 8387
4082 4169 8251
4026 4096 8122
4017 4175 8192
4164 4165 8329
3987 4172 8159
3951 4174 8125
4061 4194 8255
4053 4109 8162
4106 4145 8251
4067 4128 8195
4187 4199 8386
4230 4265 8495
4157 4298 8455
4129 4191 8320
4109 4147 8256
4116 4267 8383
4101 4208 8309
4135 4146 8281
4181 4199 8380
4065 4238 8303
3971 4007 7978
4065 4120 8185
4077 4246 8323
3948 4116 8064
4122 4231 8353
4077 4188 8265
4209 4226 8435
4157 4274 8431
4036 4218 8254
3997 4108 8105

4143 4181 8322
4135 4191 8287
4004 4046 8035
4063 4098 8125
4032 4127 8146
4197 4199 8382
4037 4111 8130
4124 4155 8274
4190 4196 8352
4018 4179 8166
4132 4169 8300
4143 4163 8280
4047 4176 8221
4076 4130 8198
4184 4186 8337
4172 4174 8316
4173 4182 8340
4005 4107 8103
4174 4198 8359
4065 4120 8156
4065 4092 8134
4068 4184 8225
4011 4091 8100
4107 4137 8207
4191 4200 8386
4198 4199 8388
4137 4176 8299
4081 4128 8181
4002 4091 8057
4023 4142 8130
4063 4073 8113
4048 4184 8218
4157 4192 8325
4028 4107 8104
4000 4125 8102
4072 4111 8153
4192 4194 8360
4048 4094 8107
4162 4200 8347
4014 4072 8056
4013 4045 8052
4141 4160 8269
4117 4137 8247
4134 4168 8285
4198 4199 8360
4076 4150 8200
4129 4181 8293
4063 4117 8169
4113 4126 8220
4061 4110 8165
4103 4125 8196
4105 4126 8207
4169 4180 8326
4183 4199 8346
4198 4199 8375
4004 4039 8008
4177 4195 8334
4042 4185 8225
4196 4197 8378
4190 4195 8355
4153 4175 8292
4096 4143 8202
4197 4199 8372
4128 4179 8291
4063 4195 8236
4096 4173 8253
4077 4194 8259
4194 4200 8387
4110 4195 8301
4172 4187 8345
4123 4153 8251
4106 4110 8206
4061 4180 8235
4036 4182 8189
4112 4182 8282
4011 4091 8071
4034 4199 8206
4145 4190 8330
4051 4150 8172
4022 4154 8145
4078 4109 8182
4019 4073 8060
4090 4159 8230
4192 4198 8367
4182 4190 8360
4135 4175 8287
4094 4100 8174
4171 4188 8342
4056 4189 8222
4073 4095 8148
4094 4119 8203
4188 4192 8365
4087 4144 8211
4017 4098 8077
4095 4105 8176
4029 4066 8084
4066 4143 8194
4174 4178 8340
4150 4179 8292
4076 4144 8188
4004 4044 8026
4029 4038 8047
4175 4182 8323
4174 4191 8328
4081 4180 8235
4113 4137 8236
4160 4184 8317
4066 4170 8203
4017 4085 8070
4005 4030 8005
4009 4038 8010
4019 4165 8155
4099 4118 8209
4052 4098 8141
4116 4122 8233
4110 4166 8261
4146 4167 8286
4101 4146 8237
4134 4172 8274
4121 4198 8281
4023 4124 8112
4005 4093 8076
4147 4166 8281
4026 4142 8132
4079 4131 8178
4141 4197 8307
4189 4199 8377
4192 4193 8355
4159 4193 8329
4096 4175 8259
4163 4171 8295
4099 4121 8199
4143 4197 8330
4124 4147 8237
4038 4086 8105
4090 4151 8208
4009 4187 8182
4181 4193 8365
4135 4141 8253
4195 4199 8369
4085 4129 8195
4000 4039 8009
4033 4091 8103
4058 4081 8127
4119 4179 8262
4031 4122 8124
4180 4190 8365
4112 4155 8256
4084 4094 8165
4036 4135 8151
4002 4082 8054
4067 4077 8117
4001 4065 8043
4015 4129 8108
4197 4200 8391
4088 4115 8195
4174 4200 8364
4025 4125 8130
4193 4199 8389
4143 4196 8328
4026 4119 8138
4139 4195 8300
4112 4133 8229
4011 4033 8018
4005 4133 8106
4083 4149 8229
4112 4148 8258
4110 4127 8200
4130 4141 8267
4119 4146 8251
4059 4181 8228
4072 4124 8184
4188 4200 8362
4122 4166 8278
4154 4184 8327
4022 4139 8151
4197 4200 8378
4180 4184 8358
4158 4187 8316
4035 4157 8161
4117 4168 8277
4047 4117 8158
4132 4164 8290
4075 4137 8179
4000 4069 8049
4090 4186 8239
4118 4126 8221
4097 4146 8208
4009 4114 8105
4062 4161 8188
4024 4190 8199
4148 4155 8270
4087 4173 8233
4174 4187 8351
4027 4176 8195
4160 4177 8321
4072 4112 8155
4196 4197 8360
4037 4192 8227
4133 4185 8304
4070 4176 8208
4039 4162 8178
4105 4157 8238
4143 4188 8324
4142 4152 8290
4131 4146 8266
4189 4191 8371
4084 4142 8214
4046 4181 8196
4156 4187 8341
4144 4167 8296
4178 4193 8351
4131 4200 8297
4068 4122 8181
4081 4118 8178
4114 4161 8266
4072 4146 8214
4176 4200 8339
4087 4110 8171
4012 4131 8130
4057 4173 8228
4186 4199 8379
4071 4155 8218
4016 4145 8157
4151 4157 8274
4197 4198 8394
4120 4184 8298
4182 4191 8350
4120 4153 8267
4078 4183 8236
4100 4149 8227
4166 4175 8305
4179 4197 8351
4065 4121 8156
4052 4069 8106
4002 4031 8018
4083 4125 8186
4028 4194 8185
4181 4191 8369
4113 4162 8263
4099 4172 8261
4114 4179 8273
4030 4111 8120
4004 4177 8143
4175 4181 8352
4023 4104 8100
4184 4186 8365
4175 4184 8336
4119 4197 8289
4150 4195 8322
4024 4128 8150
4134 4148 8281
4063 4115 8147
4073 4193 8229
4170 4195 8364
4176 4185 8350
4093 4124 8193
4094 4153 8235
4052 4071 8103
4130 4140 8240
4000 4145 8129
4084 4109 8181
4024 4078 8081
4028 4183 8190
4031 4130 8145
4149 4183 8326
4155 4178 8329
4172 4199 8357
4001 4101 8101
4199 4200 8378
4168 4177 8314
4110 4157 8243
4181 4185 8337
4115 4156 8241
4023 4189 8182
4166 4193 8327
4117 4184 8270
4041 4123 8146
4085 4172 8249
4011 4115 8106
4193 4195 8386
4104 4143 8211
4089 4192 8254
4036 4129 8145
4189 4200 8365
4170 4193 8339
4104 4192 8283
4025 4137 8126
4125 4139 8249
4118 4173 8265
4159 4200 8332
4085 4143 8207
4073 4191 8250
4151 4162 8275
4110 4157 8265
4194 4197 8372
4031 4136 8154
4110 4159 8255
4131 4137 8251
4065 4152 8210
4104 4164 8261
4116 4162 8273
4061 4135 8188
4007 4027 8032
4094 4152 8209
4006 4097 8099
4129 4152 8259
4079 4188 8229
4119 4160 8271
4119 4182 8279
4045 4178 8192
4138 4177 8286
4033 4185 8217
4101 4186 8281
4054 4178 8194
4046 4187 8220
4092 4099 8185
4079 4194 8262
4090 4134 8206
4059 4167 8202
4127 4161 8276
4035 4053 8059
4067 4111 8148
4156 4176 8298
4160 4188 8344
4172 4189 8344
4045 4120 8161
4190 4192 8381
4082 4090 8170
4011 4101 8099
4021 4183 8189
4007 4057 8040
4188 4197 8349
4017 4137 8135
4040 4066 8094
4086 4095 8145
4123 4133 8254
4053 4184 8210
4044 4110 8125
4174 4198 8367
4023 4071 8075
4159 4195 8336
4086 4126 8194
4044 4191 8233
4030 4110 8111
4084 4162 8218
4004 4117 8088
4197 4198 8362
4138 4140 8257
4168 4180 8335
4089 4198 8279
4021 4039 8048
4088 4200 8254
4045 4124 8146
4059 4185 8223
4181 4188 8362
4187 4198 8364
4114 4139 8245
4109 4125 8233
4096 4120 8214
4066 4097 8143
4073 4171 8231
4028 4192 8199
4096 4189 8266
4024 4126 8147
4009 4176 8162
4058 4179 8232
4090 4146 8218
4131 4197 8312
4096 4149 8244
4028 4133 8151
4082 4125 8180
4129 4172 8274
4047 4126 8145
4163 4175 8309
4180 4193 8349
4054 4194 8210
4055 4094 8132
4023 4054 8045
4196 4199 8377
4060 4184 8223
4137 4185 8289
4114 4122 8234
4122 4144 8261
4108 4119 8213
4036 4044 8061
4124 4200 8314
4073 4088 8129
4063 4135 8189
4064 4146 8185
4171 4178 8339
4098 4177 8256
4053 4105 8134
4198 4200 8389
4141 4177 8299
4155 4189 8305
4038 4175 8211
4084 4139 8209
4118 4133 8241
4076 4087 8162
4035 4196 8215
4155 4199 8330
4142 4196 8337
4182 4185 8361
4014 4067 8078
4095 4156 8216
4060 4181 8208
4153 4175 8296
4097 4191 8265
4058 4175 8218
4071 4125 8162
4116 4141 8223
4057 4102 8138
4170 4187 8346
4138 4181 8286
4146 4186 8330
4023 4171 8186
4084 4100 8158
4112 4138 8231
4116 4122 8204
4195 4200 8368
4199 4200 8396
4158 4184 8330
4019 4094 8082
4056 4057 8110
4141 4146 8284
4107 4162 8238
4169 4180 8330
4023 4143 8164
4176 4183 8343
4032 4195 8208
4125 4182 8278
4046 4154 8186
4164 4174 8315
4183 4191 8352
4090 4190 8266
4151 4198 8328
4036 4081 8116
4087 4173 8256
4148 4199 8333
4103 4117 8184
4184 4185 8338
4004 4137 8132
4040 4085 8122
4112 4194 8286
4162 4184 8345
4148 4178 8299
4184 4195 8345
4052 4091 8113
4190 4195 8366
4060 4194 8236
4172 4200 8356
4193 4196 8374
4111 4190 8294
4164 4200 8327
4048 4169 8180
4115 4153 8235
4117 4139 8224
4001 4154 8140
4151 4172 8304
4057 4122 8162
4170 4194 8344
4131 4139 8269
4111 4164 8269
4066 4119 8170
4150 4185 8326
4171 4191 8358
4031 4178 8207
4091 4145 8214
4196 4199 8372
4073 4103 8145
4185 4191 8367
4086 4179 8239
4159 4193 8316
4196 4200 8365
4130 4191 8311
4061 4181 8236
4029 4038 8044
4180 4190 8351
4078 4188 8259
4170 4191 8333
4067 4083 8112
4063 4174 8213
4179 4186 8358
4133 4155 8264
4167 4194 8360
4191 4199 8357
4004 4130 8100
4074 4140 8211
4170 4199 8349
4102 4176 8259
4040 4079 8085
4033 4117 8144
4079 4140 8211
4053 4090 8115
4069 4088 8131
4168 4170 8324
4090 4092 8161
4015 4057 8063
4164 4200 8345
4090 4150 8223
4122 4191 8300
4119 4176 8261
4175 4189 8349
4023 4028 8035
4167 4181 8340
4013 4074 8075
4150 4153 8271
4186 4196 8371
4055 4076 8104
4197 4199 8379
4127 4178 8289
4128 4150 8251
4170 4187 8329
4087 4138 8191
4106 4184 8276
4161 4178 8335
4021 4152 8147
4061 4090 8150
4076 4152 8205
4011 4127 8122
4145 4200 8343
4190 4195 8360
4121 4189 8278
4025 4176 8187
4094 4144 8201
4195 4199 8389
4024 4032 8052
4025 4081 8087
4026 4143 8157
4101 4143 8221
4196 4199 8378
4126 4168 8277
4069 4109 8149
4128 4172 8263
4198 4199 8388
4133 4184 8309
4199 4200 8363
4127 4163 8280
4146 4185 8313
4000 4137 8112
4010 4012 7996
4025 4193 8217
4149 4197 8307
4153 4191 8337
4000 4016 7980
4072 4107 8155
4094 4166 8257
4186 4187 8346
4182 4189 8338
4192 4199 8378
4130 4141 8268
4107 4191 8285
4018 4190 8197
4034 4190 8217
4158 4182 8322
4185 4191 8349
4107 4179 8248
4129 4194 8318
4157 4167 8300
4157 4182 8333
4192 4200 8357
4050 4109 8127
4018 4128 8111
4115 4152 8257
4133 4190 8300
4002 4149 8115
4119 4124 8230
4013 4165 8150
4164 4182 8315
4147 4186 8328
4007 4039 8024
4059 4097 8120
4109 4158 8244
4021 4190 8197
4025 4137 8142
4038 4170 8207
4139 4148 8277
4090 4103 8163
4077 4120 8191
4113 4130 8231
4166 4192 8323
4105 4198 8284
4178 4179 8338
4014 4092 8095
4093 4176 8244
4172 4187 8335
4192 4200 8372
4093 4140 8227
4121 4186 8306
4026 4036 8034
4037 4197 8223
4151 4193 8309
4008 4107 8092
4151 4154 8292
4128 4194 8287
4178 4189 8363
4086 4175 8224
4136 4140 8239
4096 4197 8262

0.010000 0.650000
