700
2993798
4054 4123 8177
4240 4280 8520
4012 4088 8100
3935 4003 7938
4007 4167 8174
4137 4150 8287
4276 4282 8558
4189 4285 8474
4044 4054 8098
4184 4197 8381
4013 4122 8135
4243 4287 8530
4104 4145 8249
4076 4189 8265
4089 4198 8287
4107 4169 8276
4166 4221 8387
4203 4238 8441
4177 4185 8362
4044 4137 8181
4239 4243 8482
4156 4274 8430
4048 4179 8227
4155 4279 8434
4118 4122 8240
4109 4265 8374
4056 4135 8191
4194 4209 8403
4098 4137 8235
4222 4259 8481
4048 4092 8140
4176 4188 8364
4101 4139 8240
3933 4136 8069
4168 4188 8356
4254 4265 8519
4159 4235 8394
4047 4071 8118
4074 4175 8249
4093 4235 8328
4132 4142 8274
3941 4019 7960
4130 4244 8374
4080 4106 8186
4128 4144 8272
4076 4237 8313
4194 4258 8452
4149 4160 8309
3988 4244 8232
4197 4240 8437
4226 4229 8455
4285 4287 8572
4076 4183 8259
4252 4272 8524
4110 4211 8321
4185 4228 8413
4099 4155 8254
4199 4215 8414
4068 4149 8217
4044 4158 8202
3995 4135 8130
4046 4227 8273
4236 4271 8507
4181 4183 8364
4230 4238 8468
4086 4188 8274
4268 4269 8537
4014 4163 8177
4143 4186 8329
4035 4250 8285
3981 4145 8126
4229 4255 8484
4120 4131 8251
4033 4129 8162
3960 4128 8088
4078 4185 8263
4145 4147 8292
4124 4173 8297
4131 4167 8298
4062 4136 8198
4089 4121 8210
4165 4285 8450
4125 4152 8277
4086 4139 8225
4182 4215 8397
4176 4229 8405
4144 4179 8323
4176 4239 8415
4136 4205 8341
4049 4165 8214
3961 3975 7936
3978 4076 8054
4119 4142 8261
4131 4212 8343
4105 4235 8340
4163 4178 8341
4074 4089 8163
4030 4190 8220
4027 4099 8126
4078 4149 8227
4033 4111 8144
4077 4108 8185
3960 4209 8169
3922 4134 8056
4106 4151 8257
4073 4176 8249
3929 4041 7970
4144 4152 8296
4071 4113 8184
4162 4233 8395
4054 4071 8125
3972 4178 8150
4024 4189 8213
4153 4208 8361
4082 4127 8209
4077 4092 8169
4189 4250 8439
4087 4154 8241
4165 4209 8374
4001 4072 8073
4020 4050 8070
4246 4270 8516
4274 4288 8562
4020 4161 8181
4176 4242 8418
4131 4177 8308
4224 4230 8454
4196 4213 8409
4078 4207 8285
4053 4056 8109
4222 4261 8483
3950 4085 8035
4062 4084 8146
4244 4289 8533
4194 4244 8438
4012 4095 8107
3937 4144 8081
3981 4170 8151
4085 4248 8333
4012 4187 8199
4039 4217 8256
4068 4111 8179
4179 4280 8459
4083 4136 8219
4091 4116 8207
4157 4289 8446
4081 4131 8212
4232 4271 8503
4205 4250 8455
4167 4279 8446
4226 4264 8490
4099 4115 8214
4154 4266 8420
3986 4050 8036
4075 4115 8190
4030 4130 8160
3962 4115 8077
4085 4213 8298
3963 4113 8076
4089 4129 8218
4096 4097 8193
4192 4219 8411
4035 4275 8310
4072 4236 8308
4191 4242 8433
4143 4268 8411
4061 4149 8210
4020 4202 8222
4040 4053 8093
3953 4126 8079
4108 4158 8266
3985 4118 8103
4246 4276 8522
4020 4091 8111
4102 4235 8337
4066 4158 8224
4103 4113 8216
4108 4172 8280
4190 4206 8396
4176 4261 8437
3943 4036 7979
4094 4207 8301
4026 4112 8138
3962 4102 8064
4088 4136 8224
4084 4096 8180
3964 4147 8111
4031 4071 8102
3965 4276 8241
4109 4232 8341
4270 4287 8557
4071 4162 8233
4152 4252 8404
4128 4290 8418
4239 4288 8527
4214 4225 8439
4074 4140 8214
4197 4286 8483
4025 4111 8136
4216 4254 8470
4154 4255 8409
3998 4070 8068
4138 4166 8304
4139 4174 8313
3924 4171 8095
4016 4102 8118
4030 4155 8185
4159 4214 8373
4175 4259 8434
4066 4221 8287
3986 4040 8026
4037 4216 8253
4167 4194 8361
4120 4148 8268
4068 4114 8182
4162 4169 8331
4106 4260 8366
3992 4169 8161
4065 4080 8145
4028 4082 8110
4233 4254 8487
3958 4018 7976
4060 4110 8170
4090 4198 8288
4135 4289 8424
4119 4202 8321
4016 4051 8067
3988 4146 8134
4035 4176 8211
3908 4278 8186
4156 4199 8355
4113 4259 8372
4190 4194 8384
3940 4211 8151
3951 3992 7943
4135 4171 8306
3981 4182 8163
4105 4162 8267
3942 4118 8060
4190 4250 8440
4123 4206 8329
4063 4183 8246
4094 4135 8229
4184 4234 8418
4067 4098 8165
4204 4259 8463
4114 4128 8242
3970 4054 8024
4195 4227 8422
4042 4095 8137
3980 4005 7985
4279 4283 8562
4130 4196 8326
4217 4241 8458
4028 4067 8095
4103 4138 8241
4124 4215 8339
3969 4129 8098
4124 4219 8343
4007 4118 8125
4146 4256 8402
4075 4091 8166
4025 4167 8192
4043 4181 8224
4053 4133 8186
4160 4171 8331
4203 4272 8475
4049 4125 8174
4115 4236 8351
4000 4066 8066
4000 4289 8289
4194 4230 8424
4068 4144 8212
4084 4123 8207
4016 4065 8081
4100 4124 8224
3962 4233 8195
4211 4240 8451
4030 4149 8179
4091 4223 8314
4096 4212 8308
4077 4121 8198
3959 4203 8162
4076 4119 8195
4070 4118 8188
4018 4065 8083
4010 4230 8240
4024 4090 8114
4026 4158 8184
3947 4045 7992
4068 4154 8222
4163 4238 8401
4056 4209 8265
4078 4185 8263
4113 4185 8298
4143 4275 8418
4060 4074 8134
4117 4159 8276
4035 4063 8098
3945 4276 8221
4102 4191 8293
4116 4221 8337
4267 4287 8554
4049 4114 8163
4125 4267 8392
4087 4138 8225
3982 4114 8096
4057 4275 8332
4245 4254 8499
4139 4187 8326
4083 4280 8363
4115 4155 8270
3985 4110 8095
4106 4188 8294
4061 4173 8234
3981 4061 8042
4197 4221 8418
4147 4251 8398
4157 4180 8337
4183 4218 8401
4122 4215 8337
4149 4158 8307
4011 4129 8140
4087 4088 8175
4252 4258 8510
4046 4250 8296
4166 4233 8399
3988 4125 8113
4161 4244 8405
4266 4269 8535
4132 4161 8293
3953 4064 8017
4114 4137 8251
4146 4296 8442
4167 4233 8400
4245 4264 8509
3951 4185 8136
3947 4128 8075
4075 4260 8335
4024 4157 8181
4228 4251 8479
4066 4130 8196
4106 4114 8220
4127 4147 8274
4029 4104 8133
4105 4153 8258
4152 4263 8415
4084 4138 8222
4132 4191 8323
4228 4232 8460
4078 4229 8307
3994 4139 8133
3977 4159 8136
4153 4155 8308
3992 4230 8222
4225 4233 8458
3964 4050 8014
3981 4072 8053
4015 4066 8081
4074 4190 8264
4150 4173 8323
4098 4192 8290
4166 4230 8396
4227 4248 8475
4078 4086 8164
4086 4143 8229
4088 4237 8325
4150 4221 8371
4091 4264 8355
4208 4276 8484
3988 4200 8188
4069 4081 8150
4000 4214 8214
4293 4297 8590
4009 4016 8025
4130 4191 8321
4162 4286 8448
4120 4160 8280
4052 4071 8123
4050 4158 8208
4190 4252 8442
4037 4180 8217
4149 4214 8363
4057 4281 8338
4053 4192 8245
4211 4243 8454
4199 4291 8490
4020 4217 8237
4101 4244 8345
4158 4159 8317
4019 4135 8154
4069 4157 8226
4021 4237 8258
4102 4157 8259
3940 4213 8153
4210 4257 8467
4054 4089 8143
4198 4221 8419
4068 4180 8248
4208 4287 8495
4086 4105 8191
3978 4025 8003
4244 4274 8518
4120 4278 8398
4004 4018 8022
4047 4143 8190
4174 4233 8407
4074 4137 8211
4066 4177 8243
4029 4098 8127
4044 4075 8119
4226 4287 8513
4013 4136 8149
3966 4062 8028
4009 4079 8088
4132 4229 8361
4231 4252 8483
4042 4163 8205
4093 4145 8238
4083 4272 8355
4093 4109 8202
4194 4200 8394
4070 4210 8280
3947 4081 8028
4149 4196 8345
3973 4136 8109
4008 4147 8155
4193 4232 8425
4164 4191 8355
4167 4265 8432
4059 4091 8150
4111 4252 8363
3942 4040 7982
3982 4022 8004
4146 4274 8420
4165 4189 8354
3983 4268 8251
4056 4061 8117
4011 4143 8154
4116 4163 8279
3985 4161 8146
3969 4068 8037
4077 4145 8222
4188 4232 8420
4196 4225 8421
4078 4086 8164
4223 4269 8492
4108 4147 8255
4137 4163 8300
4113 4249 8362
4136 4219 8355
3956 4146 8102
4092 4145 8237
4056 4151 8207
4123 4145 8268
4146 4173 8319
4140 4230 8370
4065 4184 8249
4001 4042 8043
4006 4138 8144
4021 4066 8087
4211 4216 8427
4099 4199 8298
4083 4206 8289
4134 4165 8299
4249 4254 8503
4088 4133 8221
4024 4186 8210
4144 4263 8407
4191 4254 8445
4114 4277 8391
4014 4238 8252
4003 4110 8113
4137 4197 8334
4107 4220 8327
4102 4138 8240
3967 4057 8024
4175 4278 8453
3993 4163 8156
3908 4078 7986
4200 4237 8437
4219 4286 8505
4176 4183 8359
4255 4282 8537
4082 4172 8254
4110 4201 8311
4241 4263 8504
4079 4147 8226
4097 4216 8313
3928 4105 8033
4066 4101 8167
4124 4232 8356
4015 4097 8112
4127 4178 8305
4202 4225 8427
4091 4098 8189
4134 4175 8309
4057 4171 8228
3979 4136 8115
4176 4193 8369
4111 4112 8223
3985 4033 8018
4146 4176 8322
4181 4252 8433
4123 4254 8377
3920 4101 8021
4191 4225 8416
4048 4238 8286
4056 4063 8119
4021 4130 8151
3918 4086 8004
4085 4269 8354
4015 4140 8155
4272 4297 8569
4131 4163 8294
4221 4291 8512
4136 4146 8282
4132 4213 8345
3986 4097 8083
3979 3998 7977
4055 4131 8186
4210 4234 8444
4049 4120 8169
4221 4256 8477
4142 4158 8300
3996 4150 8146
4020 4224 8244
4034 4158 8192
4155 4255 8410
4217 4236 8453
4203 4237 8440
4176 4184 8360
4106 4270 8376
4162 4230 8392
4121 4129 8250
4146 4159 8305
4198 4241 8439
4098 4231 8329
4167 4271 8438
4111 4174 8285
4159 4182 8341
4083 4085 8168
4169 4201 8370
4051 4116 8167
4095 4144 8239
4184 4279 8463
4109 4199 8308
3952 3957 7909
4268 4277 8545
4106 4191 8297
4066 4215 8281
4028 4100 8128
3977 4071 8048
4238 4261 8499
4104 4161 8265
3964 4022 7986
4076 4184 8260
4103 4192 8295
4079 4246 8325
4029 4082 8111
4061 4123 8184
4124 4215 8339
4270 4276 8546
4059 4120 8179
4017 4107 8124
4060 4111 8171
4065 4234 8299
4045 4052 8097
4164 4221 8385
4037 4164 8201
4188 4246 8434
4154 4208 8362
4037 4222 8259
3999 4180 8179
3958 4117 8075
4179 4268 8447
4178 4225 8403
4149 4213 8362
4122 4264 8386
4056 4214 8270
3928 4232 8160
4129 4246 8375
4092 4224 8316
4090 4155 8245
4106 4156 8262
4160 4167 8327
4131 4245 8376
4111 4213 8324
4151 4203 8354
3960 4098 8058
4116 4139 8255
4177 4206 8383
3986 3990 7976
4101 4152 8253
3920 4015 7935
4098 4140 8238
4075 4180 8255
4204 4223 8427
4133 4198 8331
4055 4248 8303
3938 4155 8093
4055 4147 8202
4112 4135 8247
4183 4252 8435
4059 4247 8306
3946 4092 8038
4089 4162 8251
4036 4063 8099
4234 4270 8504
3932 4107 8039
4064 4084 8148
4165 4171 8336
4171 4231 8402
4102 4187 8289
4267 4271 8538
4050 4132 8182
3919 4231 8150
4157 4275 8432
4106 4147 8253
4057 4116 8173
4074 4112 8186
4244 4262 8506
3966 4028 7994
4059 4069 8128
4293 4298 8591
4022 4085 8107
4144 4214 8358
4238 4254 8492
4096 4243 8339
4162 4224 8386
4288 4299 8587
4057 4217 8274
4144 4214 8358
4282 4289 8571
4089 4102 8191
3924 4084 8008
4058 4125 8183
4080 4112 8192
4114 4203 8317
4055 4154 8209
4252 4270 8522
4073 4076 8149
4014 4246 8260
4238 4279 8517
4112 4131 8243
4267 4274 8541
4190 4192 8382
4071 4164 8235
3949 4133 8082
4103 4115 8218
4031 4081 8112
4056 4126 8182
4053 4102 8155
4059 4119 8178
4166 4213 8379
4088 4092 8180
4097 4198 8295
4229 4234 8463
4101 4201 8302
4051 4111 8162
4115 4179 8294
4140 4169 8309
3980 4164 8144
4057 4127 8184
4202 4225 8427
4030 4134 8164
4166 4255 8421
4160 4270 8430
3986 4093 8079
3989 4110 8099
4098 4151 8249
3955 4164 8119
4093 4101 8194
4150 4233 8383
4105 4255 8360
3992 4159 8151
4212 4214 8426
4031 4107 8138
4132 4199 8331
4122 4232 8354
4256 4271 8527
4166 4287 8453
4046 4231 8277
4096 4101 8197
4094 4223 8317
3988 4182 8170
4047 4233 8280
4019 4274 8293
4130 4150 8280
4075 4102 8177
3925 4152 8077
4145 4183 8328
4084 4161 8245
4099 4111 8210
4111 4204 8315
3999 4121 8120
4267 4273 8540
4281 4286 8567
4195 4231 8426
4190 4252 8442

4033 4035 8032
4194 4195 8377
4038 4048 8049
4018 4081 8084
4070 4119 8182
4041 4068 8087
4179 4196 8353
4191 4200 8357
4030 4082 8085
4103 4189 8263
4007 4170 8147
4173 4197 8347
4060 4081 8122
4065 4149 8186
4184 4197 8358
4093 4104 8190
4068 4155 8199
4112 4197 8291
4188 4194 8354
4042 4139 8168
4141 4144 8277
4068 4190 8232
4057 4104 8146
4140 4193 8316
4158 4200 8330
4080 4186 8235
4112 4120 8213
4187 4189 8349
4141 4198 8325
4190 4198 8371
4042 4183 8195
4165 4188 8326
4174 4192 8327
4026 4053 8070
4070 4099 8157
4160 4197 8324
4164 4199 8329
4091 4099 8161
4099 4159 8253
4093 4192 8281
4045 4086 8126
4038 4112 8133
4173 4179 8323
4029 4143 8159
4122 4197 8281
4163 4183 8316
4101 4168 8230
4075 4125 8169
4044 4165 8175
4173 4191 8350
4187 4190 8375
4189 4194 8347
4055 4193 8246
4176 4184 8344
4116 4166 8256
4094 4177 8259
4081 4129 8200
4126 4186 8295
4070 4184 8233
4031 4064 8060
4049 4187 8214
4021 4155 8169
4158 4182 8310
4144 4158 8281
4163 4187 8325
4034 4119 8118
4179 4187 8348
4092 4168 8254
4170 4172 8312
4119 4162 8253
4058 4059 8085
4186 4190 8341
4070 4177 8216
4058 4089 8116
4015 4130 8144
4072 4194 8243
4132 4172 8275
4086 4145 8227
4076 4117 8186
4040 4166 8183
4180 4185 8328
4198 4199 8368
4121 4182 8300
4100 4192 8274
4135 4168 8297
4197 4198 8375
4093 4152 8217
4121 4154 8258
4137 4178 8291
4024 4091 8105
4045 4049 8075
4025 4169 8178
4024 4070 8086
4122 4184 8275
4104 4161 8262
4084 4125 8177
4043 4057 8095
4034 4196 8207
4036 4083 8102
4065 4066 8107
4037 4054 8074
4111 4124 8209
4054 4164 8215
4006 4131 8131
4134 4190 8307
4011 4112 8085
4028 4033 8051
4047 4193 8206
4145 4154 8269
4108 4154 8231
4032 4084 8090
4017 4135 8143
4085 4176 8248
4082 4127 8207
4084 4122 8189
4000 4184 8172
4166 4192 8344
4177 4187 8353
4117 4147 8227
4009 4052 8057
4017 4018 8007
4153 4171 8289
4196 4197 8356
4025 4147 8165
4098 4184 8253
4137 4190 8302
4195 4198 8361
4129 4175 8290
4090 4172 8256
4002 4112 8113
4138 4190 8297
4017 4121 8107
4155 4160 8279
4191 4200 8366
4108 4188 8268
4082 4190 8235
4021 4187 8191
4060 4091 8120
4000 4185 8170
4083 4192 8248
4049 4152 8167
4020 4039 8050
4162 4195 8342
4166 4179 8309
4103 4110 8177
4191 4200 8360
4038 4137 8166
4140 4188 8291
4155 4163 8312
4174 4184 8323
4166 4175 8302
4041 4159 8178
4147 4175 8317
4058 4091 8142
4003 4049 8022
4058 4161 8202
4011 4120 8101
4111 4158 8234
4032 4189 8211
4151 4159 8281
4066 4156 8187
4157 4170 8290
4079 4190 8256
4126 4190 8292
4138 4154 8270
4176 4188 8333
4161 4194 8331
4001 4181 8166
4012 4110 8097
4044 4197 8215
4050 4183 8215
4017 4146 8134
4188 4189 8362
4087 4169 8221
4127 4147 8246
4014 4153 8164
4114 4150 8242
4166 4179 8339
4150 4189 8318
4171 4200 8360
4001 4065 8057
4149 4198 8329
4041 4158 8165
4045 4189 8219
4132 4178 8280
4101 4103 8173
4047 4048 8057
4076 4127 8202
4014 4194 8177
4154 4183 8299
4193 4200 8380
4089 4143 8206
4075 4191 8256
4189 4191 8347
4198 4200 8388
4127 4136 8257
4048 4125 8148
4186 4193 8360
4026 4069 8064
4143 4162 8297
4113 4176 8271
4054 4073 8122
4182 4192 8373
4151 4191 8311
4007 4099 8100
4057 4111 8136
4125 4126 8236
4139 4190 8308
4159 4183 8340
4033 4169 8200
4000 4058 8049
4089 4198 8267
4181 4189 8357
4073 4094 8164
4088 4158 8225
4148 4152 8290
4171 4187 8349
4087 4175 8237
4094 4121 8189
4020 4037 8047
4151 4183 8317
4014 4016 8025
4050 4062 8099
4089 4171 8245
4117 4191 8297
4134 4174 8300
4102 4113 8210
4031 4104 8106
4051 4183 8200
4004 4186 8172
4188 4191 8340
4172 4192 8361
4168 4192 8359
4011 4121 8108
4035 4036 8069
4084 4194 8263
4014 4085 8078
4039 4090 8122
4022 4142 8148
4155 4194 8347
4041 4115 8134
4063 4088 8126
4094 4099 8172
4105 4180 8251
4080 4088 8147
4176 4185 8329
4037 4095 8120
4067 4075 8123
4194 4199 8367
4040 4074 8083
4043 4084 8116
4199 4200 8363
4119 4134 8222
4131 4158 8264
4082 4163 8207
4100 4155 8240
4047 4117 8139
4015 4122 8108
4069 4173 8228
4048 4141 8175
4104 4174 8276
4046 4094 8105
4050 4152 8170
4045 4166 8191
4003 4182 8166
4089 4191 8250
4150 4186 8320
4061 4071 8118
4163 4182 8315
4020 4048 8043
4089 4190 8248
4182 4199 8359
4009 4055 8030
4060 4088 8123
4002 4127 8116
4101 4142 8239
4021 4193 8210
4143 4153 8272
4071 4117 8170
4157 4164 8300
4170 4177 8341
4144 4175 8313
4036 4138 8145
4157 4191 8332
4029 4156 8154
4038 4146 8167
4064 4135 8197
4107 4180 8282
4020 4077 8092
4037 4080 8093
4147 4173 8309
4172 4177 8336
4037 4150 8170
4167 4190 8319
4065 4085 8128
4153 4181 8330
4079 4083 8147
4087 4197 8258
4084 4139 8215
4005 4182 8167
4069 4094 8134
4124 4128 8250
4178 4187 8358
4073 4082 8137
4142 4168 8272
4079 4121 8199
4076 4123 8196
4055 4177 8229
4182 4192 8349
4061 4090 8143
4036 4184 8212
4069 4095 8145
4013 4182 8169
4022 4101 8091
4142 4161 8275
4074 4115 8156
4196 4197 8373
4073 4196 8262
4130 4140 8235
4104 4129 8195
4169 4170 8329
4079 4081 8151
4085 4170 8223
4119 4133 8233
4171 4188 8345
4131 4193 8293
4081 4146 8203
4021 4134 8137
4155 4175 8301
4180 4183 8357
4166 4185 8326
4032 4077 8081
4112 4148 8241
4060 4200 8222
4076 4146 8207
4154 4172 8322
4001 4090 8073
4021 4058 8074
4092 4171 8259
4053 4197 8236
4153 4169 8298
4070 4144 8209
4020 4097 8079
4078 4081 8132
4031 4100 8119
4052 4073 8090
4077 4178 8218
4137 4155 8283
4131 4132 8254
4134 4136 8234
4013 4194 8175
4066 4194 8234
4034 4131 8138
4059 4195 8234
4033 4140 8137
4165 4181 8317
4031 4083 8095
4076 4132 8195
4001 4070 8062
4057 4124 8167
4050 4086 8124
4076 4173 8221
4174 4194 8352
4159 4180 8301
4114 4175 8263
4091 4123 8208
4164 4181 8337
4111 4199 8277
4129 4168 8288
4164 4191 8331
4084 4117 8173
4087 4113 8194
4029 4187 8209
4199 4200 8395
4060 4084 8131
4164 4178 8331
4081 4187 8247
4057 4110 8163
4077 4116 8161
4058 4137 8172
4113 4155 8263
4013 4089 8086
4049 4161 8177
4108 4186 8292
4099 4129 8216
4112 4177 8278
4171 4192 8337
4111 4126 8234
4032 4184 8214
4084 4094 8175
4028 4197 8220
4167 4170 8336
4080 4184 8249
4131 4152 8244
4039 4175 8195
4185 4188 8368
4101 4116 8203
4126 4150 8263
4103 4132 8218
4170 4200 8334
4043 4133 8171
4037 4107 8141
4192 4200 8366
4197 4198 8381
4089 4094 8146
4126 4154 8271
4177 4182 8331
4083 4103 8165
4113 4144 8235
4124 4177 8263
4112 4145 8239
4126 4188 8290
4064 4124 8184
4038 4060 8078
4059 4071 8095
4166 4181 8318
4180 4190 8332
4016 4176 8186
4066 4086 8127
4158 4174 8308
4121 4129 8248
4099 4120 8192
4011 4151 8160
4025 4177 8180
4098 4173 8238
4016 4042 8037
4077 4091 8156
4185 4187 8362
4141 4170 8276
4194 4197 8364
4135 4141 8261
4122 4180 8263
4007 4013 8012
4008 4010 7989
4187 4194 8353
4144 4195 8334
4069 4178 8219
4022 4143 8136
4044 4195 8226
4137 4141 8260
4020 4112 8098
4029 4163 8173
4030 4146 8159
4160 4164 8294
4187 4197 8355
4000 4023 8005
4190 4193 8361
4016 4129 8122
4070 4090 8123
4113 4171 8261
4166 4177 8305
4040 4162 8173
4134 4171 8267
4124 4150 8265
4025 4049 8045
4090 4161 8223
4190 4195 8378
4110 4163 8260
4093 4118 8176
4079 4105 8166
4062 4090 8134
4118 4196 8291
4120 4130 8226
4099 4145 8242
4075 4136 8194
4191 4192 8360
4078 4128 8175
4090 4193 8253
4103 4188 8252
4186 4190 8370
4167 4194 8340
4097 4154 8239
4038 4058 8068
4081 4199 8279
4065 4189 8238
4072 4075 8117
4040 4069 8093
4127 4190 8300
4086 4155 8214
4003 4148 8144
4172 4191 8357
4162 4195 8338
4195 4197 8359
4199 4200 8371
4032 4111 8140
4040 4141 8164
4174 4200 8339
4070 4080 8144
4158 4166 8293
4013 4039 8021
4157 4177 8313
4176 4197 8356
4005 4130 8107
4061 4155 8196
4177 4191 8367
4144 4167 8282
4153 4175 8299
4095 4131 8190
4057 4138 8163
4160 4166 8291
4126 4137 8244
4030 4067 8082
4169 4178 8319
4133 4186 8302
4129 4165 8279
4005 4103 8104
4130 4151 8266
4076 4167 8235
4123 4156 8258
4058 4084 8124
4006 4154 8134
4006 4170 8173
4040 4050 8087
4194 4199 8365
4082 4184 8229
4199 4200 8391
4058 4067 8112
4060 4134 8159
4031 4090 8102
4013 4022 8005
4080 4130 8207
4146 4186 8331
4014 4148 8150
4171 4175 8328
4128 4171 8261
4050 4074 8092
4082 4141 8220
4085 4096 8155
4130 4190 8292
4124 4150 8235
4124 4169 8283
4171 4187 8350
4074 4181 8243
4147 4148 8286
4073 4084 8134
4095 4117 8202
4177 4181 8334
4183 4186 8363
4175 4179 8327
4091 4120 8186
4085 4105 8175
4131 4134 8237
4160 4169 8313
4094 4099 8157
4177 4191 8353
4169 4180 8344
4151 4157 8269
4021 4035 8050
4196 4197 8362
4131 4157 8270
4106 4146 8213
4112 4196 8283
4055 4092 8116
4195 4198 8377
4071 4120 8187
4006 4019 8022
4098 4159 8230
4155 4198 8341
4066 4147 8212
4104 4112 8199
4152 4193 8316
4077 4154 8199
4170 4180 8339
4000 4135 8130
4069 4192 8244
4032 4050 8067
4018 4187 8189
4004 4033 8002
4087 4176 8249
4021 4108 8112
4093 4170 8259
4093 4161 8233
4046 4195 8203
4089 4112 8191
4025 4172 8172
4181 4198 8367
4107 4163 8259
4168 4190 8346
4093 4179 8255
4130 4162 8264
4026 4173 8187
4136 4167 8300
4076 4144 8212
4155 4167 8291
4043 4082 8097
4147 4197 8336
4057 4155 8189
4154 4171 8291
4112 4146 8244
4016 4101 8088
4069 4121 8182
4087 4184 8234
4056 4080 8105
4195 4197 8382
4016 4046 8051
4025 4177 8192
4108 4186 8278
4130 4156 8259
4047 4149 8192
4152 4194 8340
4008 4073 8056
4049 4145 8164
4146 4150 8265
4123 4155 8275
4138 4199 8306
4037 4121 8123
4109 4173 8251
4020 4034 8052
4142 4200 8334
4013 4108 8110
4050 4071 8104
4110 4139 8243
4105 4171 8237
4080 4120 8192
4190 4199 8369
4098 4161 8226
4017 4177 8159
4173 4189 8342
4138 4179 8314
4123 4150 8262
4009 4076 8068
4175 4185 8327
4020 4031 8030
4080 4116 8181
4193 4198 8386
4051 4119 8141
4106 4169 8267
4150 4159 8294
4193 4199 8360
4131 4169 8277
4193 4199 8360
4059 4150 8178
4053 4178 8203
4192 4196 8381
4023 4057 8077
4021 4078 8075
4111 4134 8230
4097 4184 8277
4120 4190 8280
4096 4133 8215
4193 4196 8358
4036 4084 8100
4069 4168 8235
4179 4190 8350
4098 4167 8251
4194 4198 8365
4110 4176 8274
4006 4114 8111
4041 4090 8112
4133 4139 8269
4032 4134 8128
4094 4114 8203
4146 4192 8336
4071 4114 8156
4093 4130 8195
4102 4183 8246
4121 4132 8234
4159 4196 8324
4013 4108 8114
4097 4195 8288
4069 4083 8119
4092 4148 8204
4031 4160 8166
4045 4146 8162
4116 4183 8295
4019 4127 8120
4068 4172 8238
4162 4200 8346
4084 4094 8159
4040 4048 8062
4014 4163 8151
4017 4124 8113
4115 4173 8250
4120 4137 8226
4192 4199 8356
4024 4200 8221
4128 4135 8228
4087 4119 8172
4033 4114 8111
4106 4194 8290
4184 4194 8344
4118 4199 8291
4097 4159 8246
4155 4200 8343
4054 4167 8183
4001 4085 8048
4140 4141 8268
4112 4182 8278
4161 4186 8316
4010 4034 8023
4001 4068 8068
4151 4187 8321
4103 4197 8264
4070 4104 8148
4181 4184 8364
4018 4079 8077
4196 4200 8358
4194 4198 8379
4105 4162 8240
4137 4178 8311

0.010000 0.520000
