700
2590665
4048 4103 8151
4157 4168 8325
4017 4110 8127
4074 4104 8178
3971 4123 8094
4100 4244 8344
3971 4175 8146
4107 4216 8323
4210 4219 8429
4046 4089 8135
4037 4253 8290
4000 4143 8143
3988 4128 8116
4215 4220 8435
4102 4209 8311
4207 4271 8478
3979 4072 8051
4059 4090 8149
4263 4266 8529
4039 4080 8119
4143 4189 8332
4041 4163 8204
4037 4175 8212
4102 4193 8295
4098 4131 8229
4085 4202 8287
4182 4204 8386
4137 4139 8276
4276 4281 8557
4273 4295 8568
4088 4191 8279
4163 4230 8393
4157 4202 8359
4071 4080 8151
4116 4290 8406
4190 4271 8461
4013 4129 8142
3960 4175 8135
4067 4223 8290
4277 4283 8560
4175 4177 8352
4056 4110 8166
4122 4222 8344
4185 4238 8423
4192 4231 8423
3976 4269 8245
4114 4285 8399
3968 4221 8189
4123 4224 8347
4153 4183 8336
4007 4210 8217
4140 4201 8341
4133 4217 8350
4134 4196 8330
4097 4169 8266
4062 4179 8241
4178 4233 8411
4242 4280 8522
4096 4195 8291
4114 4133 8247
4214 4231 8445
4284 4290 8574
4011 4150 8161
4102 4134 8236
4232 4235 8467
4159 4219 8378
4133 4166 8299
4034 4127 8161
4016 4123 8139
4068 4159 8227
4086 4109 8195
4008 4287 8295
4062 4184 8246
4045 4167 8212
4216 4225 8441
4047 4249 8296
3970 4230 8200
4091 4185 8276
4055 4203 8258
4106 4213 8319
3958 4067 8025
4061 4234 8295
4088 4135 8223
4017 4026 8043
4174 4212 8386
4037 4173 8210
4114 4136 8250
4082 4189 8271
4025 4224 8249
4040 4267 8307
4110 4128 8238
4147 4241 8388
4154 4196 8350
3980 4009 7989
4093 4209 8302
4054 4215 8269
4101 4137 8238
4215 4220 8435
4046 4162 8208
4071 4212 8283
4111 4214 8325
4194 4246 8440
4116 4279 8395
4084 4274 8358
4158 4222 8380
4195 4198 8393
4108 4238 8346
4002 4123 8125
4163 4238 8401
4026 4237 8263
3996 4069 8065
4060 4170 8230
4217 4278 8495
4202 4260 8462
4121 4145 8266
4104 4257 8361
4031 4062 8093
4084 4139 8223
4180 4232 8412
4164 4218 8382
4101 4161 8262
4049 4088 8137
4054 4196 8250
3999 4284 8283
4030 4194 8224
4103 4197 8300
4125 4214 8339
4026 4092 8118
4090 4110 8200
4037 4160 8197
4091 4211 8302
4156 4209 8365
4011 4140 8151
3997 4133 8130
4117 4192 8309
4044 4143 8187
4107 4116 8223
4019 4076 8095
4154 4180 8334
3979 4005 7984
4083 4293 8376
3937 3970 7907
4054 4157 8211
4155 4171 8326
4136 4225 8361
4109 4189 8298
4142 4144 8286
4032 4082 8114
3989 4124 8113
4104 4176 8280
3989 4189 8178
4249 4259 8508
4203 4237 8440
4133 4179 8312
4133 4223 8356
3966 4221 8187
4114 4118 8232
3998 4056 8054
4100 4175 8275
4151 4225 8376
4111 4175 8286
4055 4152 8207
4010 4082 8092
4025 4098 8123
4015 4100 8115
4091 4159 8250
4096 4116 8212
4028 4209 8237
4107 4192 8299
4175 4194 8369
4106 4194 8300
4199 4200 8399
4091 4198 8289
4015 4099 8114
4193 4254 8447
4150 4183 8333
4186 4195 8381
4051 4249 8300
4223 4253 8476
4097 4170 8267
3964 4110 8074
4093 4189 8282
4226 4243 8469
4075 4116 8191
4127 4237 8364
4043 4169 8212
4150 4218 8368
3999 4086 8085
3984 4080 8064
4073 4162 8235
3954 4195 8149
4149 4180 8329
4045 4134 8179
4173 4245 8418
3992 4190 8182
4095 4154 8249
3977 4167 8144
3927 4122 8049
4109 4234 8343
4089 4168 8257
3966 3972 7938
4121 4219 8340
4098 4172 8270
4058 4194 8252
4152 4221 8373
4160 4168 8328
4111 4189 8300
4033 4149 8182
4115 4191 8306
3916 4180 8096
4085 4147 8232
4036 4112 8148
4101 4105 8206
4116 4211 8327
4116 4247 8363
4017 4144 8161
4161 4176 8337
3950 4067 8017
4048 4113 8161
3942 4040 7982
3914 4255 8169
4022 4098 8120
4112 4259 8371
4012 4204 8216
4024 4123 8147
4079 4128 8207
4101 4171 8272
3971 4216 8187
4121 4204 8325
4123 4216 8339
4032 4099 8131
4204 4224 8428
4041 4145 8186
4151 4211 8362
4192 4226 8418
4116 4198 8314
4067 4073 8140
4187 4239 8426
4152 4200 8352
4233 4252 8485
4162 4203 8365
4215 4228 8443
4010 4143 8153
3996 4026 8022
4126 4193 8319
4071 4134 8205
4262 4292 8554
3999 4233 8232
4196 4211 8407
4072 4230 8302
4032 4174 8206
4249 4274 8523
4200 4216 8416
4213 4272 8485
4047 4104 8151
4024 4125 8149
4063 4077 8140
4224 4251 8475
4113 4118 8231
4232 4273 8505
3936 4269 8205
3950 4020 7970
4007 4127 8134
4025 4190 8215
3993 4085 8078
4129 4234 8363
4015 4016 8031
4089 4240 8329
4172 4193 8365
3958 4202 8160
4259 4282 8541
4115 4170 8285
4057 4180 8237
4047 4069 8116
3955 3974 7929
4190 4224 8414
4008 4213 8221
4159 4164 8323
4296 4299 8595
4166 4220 8386
4226 4232 8458
4037 4203 8240
4133 4222 8355
4206 4254 8460
4012 4258 8270
4019 4094 8113
4117 4270 8387
4079 4103 8182
4078 4079 8157
4037 4097 8134
4127 4212 8339
4065 4082 8147
4252 4270 8522
4134 4166 8300
4065 4096 8161
3975 4029 8004
4244 4281 8525
4234 4245 8479
4188 4227 8415
4059 4135 8194
4238 4253 8491
4179 4215 8394
3980 4034 8014
4106 4219 8325
4129 4171 8300
4099 4259 8358
4046 4101 8147
4046 4202 8248
4159 4209 8368
4057 4252 8309
4142 4260 8402
4230 4233 8463
3945 4173 8118
4069 4231 8300
4216 4285 8501
4100 4212 8312
4123 4295 8418
4227 4264 8491
4087 4228 8315
4139 4215 8354
4242 4268 8510
4175 4179 8354
3942 4200 8142
4050 4204 8254
4059 4252 8311
4089 4156 8245
4100 4126 8226
4080 4128 8208
4103 4224 8327
4003 4231 8234
4075 4256 8331
3943 4092 8035
4096 4279 8375
4197 4235 8432
4096 4194 8290
4092 4143 8235
4266 4267 8533
4052 4200 8252
4010 4105 8115
4050 4101 8151
4144 4196 8340
4177 4184 8361
4051 4190 8241
4220 4260 8480
4082 4109 8191
4060 4201 8261
4061 4280 8341
4186 4210 8396
4043 4106 8149
4130 4168 8298
4033 4180 8213
4000 4183 8183
4168 4224 8392
3955 4253 8208
3979 4002 7981
3991 4149 8140
4067 4127 8194
3961 4073 8034
4091 4218 8309
4085 4091 8176
4002 4247 8249
4113 4121 8234
4216 4244 8460
3995 4264 8259
4023 4111 8134
4158 4292 8450
4045 4247 8292
4098 4185 8283
4077 4129 8206
3978 4091 8069
4082 4174 8256
4016 4242 8258
3962 4175 8137
4072 4250 8322
4238 4250 8488
4168 4204 8372
4207 4219 8426
4022 4201 8223
4056 4277 8333
4004 4180 8184
3973 4155 8128
4025 4172 8197
4011 4149 8160
4094 4166 8260
3943 4070 8013
3994 4219 8213
4236 4252 8488
4176 4197 8373
4169 4170 8339
4175 4272 8447
4102 4109 8211
4007 4062 8069
4080 4108 8188
4129 4249 8378
4005 4049 8054
4182 4271 8453
4059 4084 8143
4102 4119 8221
4141 4142 8283
4021 4040 8061
4119 4159 8278
3995 4031 8026
3985 4166 8151
4045 4159 8204
4218 4245 8463
4078 4150 8228
4029 4228 8257
4178 4188 8366
4050 4065 8115
4099 4189 8288
4237 4247 8484
3985 4059 8044
4289 4295 8584
4001 4052 8053
4003 4269 8272
4103 4230 8333
4017 4169 8186
4109 4165 8274
3997 4026 8023
3989 4142 8131
4017 4100 8117
4149 4205 8354
4021 4069 8090
4066 4124 8190
4070 4102 8172
4009 4089 8098
4263 4297 8560
3974 4191 8165
4102 4157 8259
4176 4245 8421
4200 4266 8466
3999 4114 8113
3984 4187 8171
4139 4156 8295
3960 4208 8168
4134 4174 8308
4089 4188 8277
4182 4278 8460
4116 4146 8262
4122 4214 8336
4060 4188 8248
4075 4180 8255
4176 4236 8412
4195 4268 8463
4030 4084 8114
4039 4049 8088
4051 4163 8214
4094 4180 8274
4251 4291 8542
4118 4179 8297
4082 4144 8226
4149 4193 8342
4121 4209 8330
4228 4260 8488
4055 4141 8196
3939 4069 8008
3906 4099 8005
4168 4267 8435
4120 4136 8256
4161 4234 8395
4224 4271 8495
4227 4271 8498
4217 4269 8486
4089 4282 8371
3931 4030 7961
3955 4055 8010
4063 4143 8206
4199 4221 8420
4134 4234 8368
4014 4095 8109
3980 4064 8044
4006 4122 8128
3960 4159 8119
4101 4102 8203
4037 4054 8091
4038 4107 8145
4037 4096 8133
4097 4177 8274
4157 4233 8390
4147 4196 8343
4154 4171 8325
4038 4189 8227
3999 4113 8112
4099 4184 8283
4098 4245 8343
4118 4201 8319
4156 4173 8329
3965 4025 7990
4164 4257 8421
4127 4179 8306
4077 4141 8218
4164 4194 8358
4113 4241 8354
4206 4255 8461
4179 4211 8390
4065 4273 8338
4049 4079 8128
3942 4068 8010
4173 4197 8370
3928 4104 8032
4178 4222 8400
4003 4138 8141
4248 4263 8511
4004 4150 8154
3980 4089 8069
4099 4120 8219
4184 4262 8446
4195 4197 8392
4186 4191 8377
4034 4158 8192
4073 4188 8261
4103 4150 8253
4130 4292 8422
4153 4207 8360
4065 4183 8248
3988 4201 8189
3989 4002 7991
4021 4073 8094
4053 4169 8222
4134 4145 8279
4199 4224 8423
4198 4241 8439
4111 4161 8272
4021 4062 8083
4169 4258 8427
4235 4259 8494
4058 4263 8321
4265 4297 8562
4075 4115 8190
4199 4270 8469
4278 4279 8557
4099 4223 8322
4067 4149 8216
4226 4264 8490
4100 4149 8249
3914 4170 8084
4164 4183 8347
4198 4255 8453
3985 4057 8042
3969 4068 8037
4109 4207 8316
4262 4291 8553
4026 4196 8222
4131 4144 8275
4232 4282 8514
4092 4273 8365
4109 4200 8309
4085 4087 8172
4073 4234 8307
4076 4094 8170
4253 4267 8520
4239 4278 8517
4027 4140 8167
4089 4142 8231
4240 4265 8505
4061 4101 8162
4106 4119 8225
4043 4161 8204
4160 4224 8384
4103 4233 8336
4028 4073 8101
4104 4122 8226
4101 4115 8216
4096 4234 8330
4053 4149 8202
3919 4160 8079
4042 4142 8184
4218 4253 8471
4148 4160 8308
3910 4247 8157
4149 4258 8407
4170 4197 8367
4124 4245 8369
4080 4273 8353
4177 4184 8361
3967 4221 8188
4081 4139 8220
4065 4191 8256
4014 4070 8084
4073 4269 8342
4079 4226 8305
4102 4144 8246
4047 4238 8285
4023 4082 8105
4024 4238 8262
4090 4195 8285
4039 4165 8204
4180 4236 8416
4210 4235 8445
4150 4196 8346
4106 4110 8216
4161 4263 8424
3976 4263 8239
4085 4183 8268
4149 4214 8363
3946 4177 8123
3960 4123 8083
4068 4101 8169
4073 4120 8193
4048 4134 8182
3970 4022 7992
4046 4234 8280
3919 4107 8026
3907 4031 7938
3959 4131 8090
4153 4186 8339
4154 4198 8352
4115 4174 8289
4204 4231 8435
4036 4131 8167
4093 4129 8222
4127 4207 8334
4159 4171 8330
4179 4218 8397
4115 4217 8332
4082 4265 8347
4117 4231 8348
4008 4055 8063
4153 4283 8436
4093 4118 8211
4006 4190 8196
4004 4151 8155
3988 4243 8231
4019 4169 8188
3996 4192 8188
4113 4126 8239
4072 4243 8315
4105 4151 8256
4190 4229 8419
3962 4012 7974
4266 4290 8556
4151 4205 8356
4162 4249 8411
4082 4159 8241
4077 4115 8192
4116 4210 8326
4139 4269 8408
4111 4134 8245
4245 4251 8496
4133 4193 8326
4114 4249 8363
4022 4144 8166
4106 4112 8218
4118 4251 8369
4183 4234 8417
4068 4153 8221
4146 4154 8300
4090 4128 8218
4096 4201 8297
4152 4254 8406
3966 4135 8101
4001 4026 8027
3972 4027 7999
4167 4295 8462
4137 4251 8388
4001 4126 8127
4028 4126 8154
4194 4293 8487
4213 4270 8483
4125 4143 8268
3938 4137 8075
4081 4147 8228
4106 4111 8217
4047 4187 8234
3995 4122 8117
3979 4179 8158
4199 4210 8409
4232 4261 8493
4068 4213 8281
3904 4098 8002
4130 4131 8261
4257 4299 8556
4115 4196 8311
4090 4162 8252
4036 4135 8171
4071 4079 8150
4126 4205 8331
4079 4092 8171
4162 4225 8387
4110 4175 8285
4182 4267 8449
4060 4168 8228
4250 4260 8510
4106 4117 8223
4049 4158 8207
4126 4237 8363
4068 4074 8142
4125 4201 8326
4111 4126 8237
4050 4069 8119
4064 4152 8216
4273 4291 8564
4226 4232 8458
4108 4200 8308
4078 4118 8196
4059 4064 8123
4081 4132 8213
4132 4184 8316
4155 4283 8438
4050 4064 8114

4131 4155 8278
4151 4195 8337
4006 4013 7987
4064 4154 8208
4020 4199 8189
4135 4162 8262
4012 4155 8154
4072 4135 8182
4153 4168 8298
4140 4177 8294
4115 4154 8241
4091 4093 8149
4031 4128 8122
4130 4177 8279
4160 4176 8297
4133 4186 8302
4019 4130 8126
4022 4115 8105
4185 4193 8343
4012 4071 8066
4165 4174 8304
4066 4149 8182
4006 4155 8125
4036 4162 8160
4103 4196 8285
4065 4188 8240
4153 4166 8303
4166 4190 8337
4194 4196 8371
4197 4198 8378
4105 4115 8197
4189 4193 8355
4087 4166 8231
4068 4159 8220
4156 4193 8333
4184 4187 8367
4055 4151 8192
4002 4151 8125
4149 4160 8281
4185 4187 8364
4144 4192 8319
4052 4124 8141
4194 4196 8371
4192 4194 8367
4188 4193 8346
4074 4188 8230
4183 4195 8354
4026 4197 8206
4137 4186 8286
4074 4098 8163
4049 4183 8201
4147 4150 8295
4067 4179 8216
4158 4175 8296
4045 4075 8100
4084 4198 8258
4096 4192 8281
4171 4184 8321
4038 4183 8200
4049 4123 8167
4158 4172 8295
4194 4198 8376
4023 4121 8106
4121 4134 8247
4171 4195 8349
4065 4149 8212
4097 4106 8172
4004 4162 8165
4075 4158 8217
4037 4137 8150
4109 4187 8287
4069 4199 8234
4004 4194 8193
4136 4145 8262
4149 4180 8298
4062 4153 8194
4032 4175 8176
4069 4096 8163
4088 4196 8250
4083 4125 8176
4014 4048 8053
4123 4164 8249
4066 4113 8174
4000 4006 7991
4085 4170 8217
4025 4078 8088
4105 4183 8285
4064 4186 8218
4123 4126 8236
4087 4198 8254
4150 4172 8286
4140 4178 8289
4191 4198 8383
4008 4101 8108
4185 4191 8368
4072 4187 8230
4046 4054 8088
4119 4193 8308
4133 4147 8254
4120 4143 8248
4035 4190 8192
4147 4168 8281
4133 4185 8303
4178 4199 8348
4127 4129 8226
4149 4191 8319
4148 4152 8262
4056 4067 8103
4147 4179 8288
4013 4170 8180
4020 4104 8086
4045 4110 8146
4160 4186 8336
4156 4178 8302
4050 4154 8201
4084 4180 8254
4055 4086 8117
4131 4154 8267
4154 4176 8312
4181 4189 8352
4143 4194 8312
4105 4119 8221
4091 4127 8205
4087 4185 8265
4081 4195 8249
4060 4123 8160
4161 4192 8346
4079 4133 8178
4047 4081 8103
4004 4197 8179
4158 4176 8324
4184 4193 8350
4002 4174 8155
4057 4169 8192
4117 4196 8303
4040 4135 8173
4083 4103 8153
4113 4117 8229
4181 4194 8340
4050 4056 8076
4134 4195 8321
4001 4024 7997
4085 4086 8167
4056 4153 8187
4065 4189 8220
4111 4139 8218
4129 4161 8289
4058 4138 8182
4088 4113 8192
4127 4139 8243
4057 4138 8165
4160 4191 8312
4135 4155 8269
4147 4163 8271
4077 4164 8208
4023 4159 8178
4056 4199 8225
4008 4020 7995
4062 4195 8226
4093 4130 8199
4077 4110 8153
4043 4069 8108
4019 4037 8034
4083 4101 8172
4077 4128 8176
4177 4183 8355
4099 4150 8233
4116 4132 8227
4155 4166 8310
4098 4147 8243
4041 4138 8150
4102 4166 8253
4080 4139 8212
4096 4113 8173
4141 4154 8286
4137 4175 8283
4091 4098 8185
4002 4187 8184
4146 4156 8269
4138 4147 8255
4016 4080 8076
4073 4158 8213
4191 4194 8375
4011 4024 8023
4154 4166 8290
4063 4084 8135
4117 4143 8225
4009 4155 8157
4033 4038 8052
4035 4068 8065
4021 4107 8108
4109 4183 8289
4123 4128 8234
4101 4187 8267
4028 4181 8179
4012 4064 8040
4070 4098 8138
4016 4097 8090
4151 4195 8322
4067 4125 8162
4049 4054 8085
4080 4137 8200
4136 4141 8264
4150 4181 8312
4159 4166 8288
4166 4184 8330
4125 4127 8219
4034 4168 8192
4048 4185 8206
4006 4114 8089
4102 4115 8199
4019 4137 8128
4179 4195 8343
4174 4179 8340
4145 4185 8316
4023 4079 8097
4167 4178 8331
4037 4090 8110
4094 4105 8196
4021 4094 8084
4006 4157 8142
4078 4087 8146
4188 4196 8362
4045 4106 8131
4096 4165 8259
4155 4195 8329
4195 4196 8368
4055 4194 8239
4038 4119 8155
4152 4175 8323
4045 4199 8229
4192 4197 8353
4101 4187 8259
4192 4195 8380
4173 4191 8335
4061 4103 8153
4083 4162 8210
4180 4187 8344
4181 4200 8346
4185 4191 8358
4085 4163 8228
4154 4164 8290
4082 4158 8206
4046 4109 8136
4142 4193 8309
4012 4079 8074
4193 4200 8364
4028 4196 8215
4192 4197 8356
4156 4176 8327
4045 4108 8119
4166 4179 8341
4161 4180 8311
4148 4200 8335
4019 4055 8055
4093 4107 8197
4108 4175 8275
4169 4188 8342
4034 4046 8067
4136 4198 8300
4021 4181 8168
4038 4069 8091
4005 4101 8074
4094 4153 8246
4012 4077 8086
4058 4147 8184
4077 4085 8126
4186 4196 8373
4139 4188 8323
4012 4142 8134
4186 4187 8354
4050 4075 8095
4134 4154 8280
4036 4050 8068
4009 4051 8026
4165 4168 8299
4108 4136 8205
4068 4176 8235
4197 4199 8359
4141 4152 8266
4157 4171 8304
4073 4193 8228
4081 4186 8230
4174 4199 8335
4025 4177 8187
4108 4115 8220
4197 4200 8376
4145 4187 8328
4009 4013 7999
4030 4060 8063
4183 4194 8364
4016 4042 8038
4185 4191 8370
4188 4193 8348
4006 4017 8021
4058 4124 8165
4175 4183 8347
4135 4146 8271
4088 4153 8221
4098 4196 8258
4148 4162 8294
4122 4161 8261
4016 4055 8038
4147 4181 8295
4152 4158 8302
4169 4193 8349
4044 4146 8159
4043 4127 8133
4113 4138 8236
4011 4161 8142
4131 4176 8278
4130 4158 8259
4012 4170 8152
4080 4135 8212
4178 4185 8347
4111 4122 8210
4199 4200 8373
4173 4174 8345
4138 4141 8255
4120 4137 8247
4163 4182 8313
4092 4100 8171
4028 4148 8164
4130 4196 8319
4120 4155 8264
4169 4184 8331
4071 4195 8229
4075 4198 8259
4128 4176 8272
4040 4161 8192
4071 4184 8252
4026 4030 8030
4183 4192 8360
4117 4161 8253
4195 4200 8391
4162 4186 8320
4182 4197 8364
4048 4142 8156
4013 4031 8038
4000 4017 7979
4178 4187 8347
4104 4107 8185
4099 4112 8185
4158 4185 8308
4107 4159 8233
4025 4124 8113
4116 4191 8293
4093 4160 8250
4035 4094 8109
4197 4199 8384
4005 4124 8123
4025 4192 8208
4128 4169 8272
4024 4192 8202
4078 4093 8145
4008 4076 8051
4038 4137 8150
4042 4065 8073
4098 4130 8210
4083 4170 8230
4079 4196 8263
4167 4179 8338
4191 4193 8347
4084 4174 8239
4096 4119 8209
4162 4195 8343
4011 4171 8177
4117 4167 8247
4124 4154 8256
4002 4010 7983
4147 4193 8315
4099 4176 8272
4042 4121 8155
4111 4182 8283
4158 4163 8282
4153 4160 8284
4182 4189 8352
4025 4111 8130
4070 4192 8239
4036 4080 8113
4071 4145 8185
4113 4171 8261
4102 4190 8283
4051 4182 8222
4012 4078 8088
4090 4184 8243
4176 4192 8337
4086 4118 8178
4152 4197 8329
4180 4191 8353
4178 4192 8332
4008 4051 8037
4003 4069 8044
4152 4189 8331
4014 4116 8112
4143 4179 8315
4003 4116 8117
4016 4071 8063
4062 4131 8174
4043 4113 8119
4130 4157 8264
4035 4072 8080
4021 4080 8079
4046 4098 8139
4160 4175 8334
4160 4177 8320
4038 4173 8184
4128 4168 8291
4066 4074 8116
4009 4136 8114
4169 4177 8344
4016 4092 8076
4196 4198 8358
4042 4045 8082
4003 4184 8169
4158 4166 8297
4034 4170 8166
4181 4192 8371
4061 4070 8128
4059 4140 8178
4029 4151 8178
4147 4156 8275
4116 4121 8231
4149 4170 8317
4168 4169 8324
4012 4044 8034
4196 4198 8385
4039 4094 8124
4187 4200 8382
4152 4196 8316
4164 4169 8298
4001 4042 8025
4084 4184 8244
4199 4200 8370
4029 4166 8170
4133 4135 8260
4140 4181 8291
4157 4192 8336
4057 4064 8094
4133 4176 8289
4083 4115 8168
4139 4165 8275
4144 4177 8314
4136 4177 8276
4064 4175 8203
4082 4098 8175
4024 4079 8081
4138 4184 8300
4192 4194 8382
4175 4181 8339
4038 4106 8134
4190 4198 8364
4110 4157 8237
4173 4182 8334
4070 4113 8163
4009 4021 8014
4005 4115 8083
4183 4197 8349
4178 4191 8359
4194 4197 8359
4167 4187 8321
4134 4199 8310
4163 4199 8357
4092 4186 8242
4017 4109 8101
4029 4109 8105
4072 4174 8233
4155 4196 8323
4056 4178 8207
4019 4088 8105
4039 4114 8129
4023 4050 8061
4039 4164 8186
4050 4139 8166
4069 4136 8196
4066 4133 8184
4044 4057 8066
4102 4141 8217
4181 4194 8350
4176 4178 8328
4055 4077 8115
4108 4199 8274
4036 4159 8172
4189 4195 8368
4163 4170 8319
4125 4161 8273
4175 4197 8347
4021 4032 8041
4188 4192 8350
4070 4125 8170
4170 4181 8332
4171 4178 8311
4020 4183 8181
4160 4180 8327
4084 4125 8179
4092 4191 8264
4110 4162 8253
4038 4068 8086
4097 4110 8169
4016 4058 8045
4147 4148 8292
4043 4140 8162
4157 4164 8314
4001 4200 8195
4002 4037 8027
4168 4195 8328
4170 4184 8323
4191 4197 8373
4114 4125 8219
4110 4111 8187
4163 4199 8338
4127 4170 8290
4177 4192 8340
4125 4190 8287
4041 4132 8138
4061 4194 8229
4065 4095 8146
4078 4106 8161
4118 4158 8240
4066 4084 8134
4137 4144 8254
4146 4196 8336
4044 4172 8180
4038 4042 8047
4160 4166 8321
4175 4183 8335
4105 4176 8266
4195 4199 8387
4000 4175 8162
4113 4181 8283
4190 4193 8378
4049 4170 8192
4082 4180 8227
4184 4190 8353
4016 4078 8086
4010 4098 8095
4090 4103 8167
4196 4199 8363
4047 4148 8159
4027 4122 8141
4190 4191 8342
4196 4198 8381
4095 4139 8203
4084 4107 8173
4188 4190 8365
4080 4189 8236
4043 4170 8177
4148 4165 8290
4139 4174 8302
4126 4132 8231
4157 4188 8342
4169 4193 8351
4011 4180 8155
4073 4196 8242
4165 4171 8297
4133 4195 8290
4162 4176 8337
4110 4131 8220
4098 4147 8231
4128 4161 8285
4006 4139 8121
4030 4080 8081
4021 4026 8039
4148 4149 8296
4100 4188 8250
4009 4139 8144
4026 4150 8160
4151 4179 8316
4094 4162 8246
4006 4157 8155
4141 4162 8300
4103 4119 8211
4174 4180 8335
4129 4181 8274
4114 4127 8206
4067 4164 8216
4067 4094 8138
4101 4128 8200
4005 4028 8005
4018 4194 8177
4021 4130 8132
4078 4193 8258
4101 4187 8282
4031 4130 8126
4071 4178 8233
4188 4200 8354
4093 4174 8246
4194 4196 8353
4124 4178 8283
4083 4117 8177
4164 4185 8322
4143 4164 8286
4053 4189 8234
4115 4122 8214
4059 4170 8206
4036 4135 8154
4030 4111 8134
4031 4182 8186
4020 4048 8039
4122 4124 8207
4008 4031 8024
4118 4184 8276
4003 4007 7982
4001 4010 8002
4003 4181 8174
4166 4193 8348
4142 4159 8294
4092 4099 8155
4109 4144 8250
4010 4063 8042
4030 4041 8067
4090 4157 8221
4065 4084 8144
4110 4138 8223
4170 4175 8334
4048 4180 8226
4152 4177 8290
4017 4110 8095
4135 4199 8324
4153 4200 8328
4019 4105 8104
4006 4157 8147
4069 4165 8229
4101 4128 8211
4071 4115 8155
4070 4177 8211
4107 4188 8285
4031 4142 8149
4098 4174 8262
4019 4023 8026
4176 4195 8339
4116 4125 8224
4135 4163 8272
4005 4070 8064
4078 4105 8150
4191 4192 8375
4112 4181 8282
4167 4168 8300
4168 4187 8325
4085 4195 8243
4115 4200 8306
4035 4063 8088
4098 4101 8175
4181 4195 8339
4176 4189 8338
4057 4070 8125
4090 4175 8237
4122 4147 8237
4090 4111 8170
4149 4199 8321
4063 4097 8130
4008 4030 8017
4019 4068 8055
4096 4200 8269
4129 4171 8268
4057 4165 8206
4030 4113 8114
4142 4199 8336
4171 4178 8313
4098 4197 8270
4033 4062 8070
4022 4137 8127
4048 4196 8213
4054 4172 8200
4027 4200 8192
4052 4186 8201
4181 4188 8337
4134 4183 8278
4126 4137 8233
4001 4154 8131
4045 4115 8140
4160 4199 8354
4127 4168 8287
4052 4144 8165
4004 4106 8094
4078 4098 8151
4118 4194 8282
4061 4098 8135
4105 4136 8230
4077 4086 8149
4187 4191 8353
4067 4197 8262
4158 4160 8297
4126 4147 8265
4094 4191 8262
4105 4182 8272
4066 4095 8142
4052 4139 8166
4012 4126 8119
4071 4152 8218
4064 4075 8129
4186 4192 8348
4131 4141 8260
4072 4127 8185
4049 4069 8108
4000 4122 8103
4083 4169 8225
4033 4128 8139
4118 4188 8295
4032 4036 8030

0.010000 0.450000
