700
3918529
4057 4126 8183
4260 4269 8529
4072 4109 8181
4132 4204 8336
3954 4089 8043
4222 4226 8448
3990 4072 8062
4124 4137 8261
4244 4245 8489
3981 4004 7985
4047 4117 8164
3920 4174 8094
4104 4105 8209
4027 4112 8139
4096 4166 8262
4091 4109 8200
4034 4145 8179
4114 4219 8333
4052 4106 8158
4120 4200 8320
4169 4258 8427
4168 4253 8421
4190 4219 8409
4085 4129 8214
4085 4099 8184
4094 4252 8346
4068 4073 8141
3941 4088 8029
4045 4139 8184
4089 4103 8192
4178 4250 8428
4196 4253 8449
3983 4137 8120
4024 4275 8299
4051 4191 8242
4002 4259 8261
4155 4269 8424
4060 4063 8123
4238 4242 8480
3975 4121 8096
4201 4212 8413
4178 4194 8372
4058 4202 8260
4136 4176 8312
4177 4215 8392
4179 4184 8363
4070 4222 8292
4201 4256 8457
4078 4194 8272
4171 4178 8349
4192 4253 8445
4159 4199 8358
4182 4226 8408
4050 4273 8323
4160 4188 8348
3955 4022 7977
4109 4237 8346
4047 4063 8110
4098 4125 8223
4203 4244 8447
4086 4140 8226
4101 4151 8252
4277 4289 8566
4026 4212 8238
4103 4166 8269
4212 4258 8470
4152 4153 8305
4227 4241 8468
4066 4151 8217
4172 4235 8407
4187 4274 8461
4163 4203 8366
4144 4251 8395
4157 4190 8347
4052 4202 8254
4162 4212 8374
4147 4228 8375
4071 4109 8180
4192 4278 8470
4209 4256 8465
4019 4216 8235
3956 4146 8102
4166 4176 8342
4058 4081 8139
4098 4166 8264
4208 4232 8440
4156 4166 8322
3982 4146 8128
4063 4157 8220
3999 4119 8118
4076 4251 8327
4248 4266 8514
4187 4236 8423
4174 4196 8370
4095 4204 8299
4166 4278 8444
4048 4251 8299
4025 4077 8102
4118 4154 8272
4085 4197 8282
3980 4176 8156
4135 4137 8272
4126 4163 8289
4140 4243 8383
4124 4183 8307
4037 4052 8089
4075 4087 8162
4096 4249 8345
4131 4190 8321
4242 4250 8492
4187 4204 8391
4231 4290 8521
3999 4202 8201
4068 4096 8164
4233 4235 8468
4227 4280 8507
4195 4263 8458
4051 4136 8187
4116 4121 8237
4117 4162 8279
4106 4180 8286
4006 4290 8296
4025 4166 8191
3979 4169 8148
4000 4181 8181
4046 4185 8231
4022 4180 8202
4081 4172 8253
4226 4243 8469
4158 4212 8370
4121 4141 8262
4122 4191 8313
4241 4242 8483
3981 4168 8149
4148 4169 8317
4200 4251 8451
3977 4268 8245
4133 4230 8363
3930 4079 8009
4173 4207 8380
4041 4117 8158
4123 4282 8405
3957 4116 8073
4092 4178 8270
4244 4268 8512
4182 4230 8412
4178 4259 8437
4249 4288 8537
4137 4174 8311
3986 4272 8258
3980 4067 8047
4004 4146 8150
4118 4156 8274
4020 4101 8121
4187 4281 8468
4231 4259 8490
4072 4102 8174
4021 4247 8268
4241 4266 8507
4185 4233 8418
4074 4079 8153
4090 4155 8245
4017 4086 8103
4256 4290 8546
4005 4171 8176
4042 4192 8234
4078 4130 8208
4048 4076 8124
4074 4133 8207
4047 4198 8245
4206 4223 8429
4185 4272 8457
4067 4232 8299
3995 4152 8147
4085 4208 8293
4109 4146 8255
4086 4196 8282
4123 4133 8256
4242 4274 8516
3946 4235 8181
4210 4252 8462
4050 4133 8183
4036 4240 8276
4119 4138 8257
3979 4131 8110
4130 4187 8317
4226 4264 8490
4150 4168 8318
4091 4187 8278
4167 4185 8352
4106 4125 8231
4156 4280 8436
4018 4286 8304
3958 4089 8047
4028 4125 8153
4039 4132 8171
4052 4181 8233
4097 4133 8230
4098 4175 8273
4044 4045 8089
3947 4106 8053
4106 4180 8286
4164 4265 8429
4100 4217 8317
4073 4203 8276
4061 4080 8141
4187 4191 8378
3987 4118 8105
4145 4215 8360
4074 4205 8279
4085 4086 8171
4163 4242 8405
4103 4107 8210
4208 4252 8460
4091 4136 8227
4110 4127 8237
3920 4078 7998
4131 4283 8414
4098 4232 8330
4036 4173 8209
4076 4245 8321
4167 4194 8361
4110 4143 8253
3991 4100 8091
4191 4213 8404
4016 4201 8217
4128 4225 8353
4084 4187 8271
4055 4126 8181
4004 4136 8140
4069 4180 8249
4012 4044 8056
4109 4180 8289
4211 4249 8460
4117 4190 8307
4162 4259 8421
4004 4164 8168
4139 4183 8322
4126 4270 8396
4188 4243 8431
4051 4134 8185
4033 4108 8141
4072 4096 8168
4021 4214 8235
4053 4105 8158
3976 4219 8195
4097 4151 8248
4059 4148 8207
4070 4149 8219
4122 4144 8266
4201 4210 8411
3994 4185 8179
4000 4150 8150
4175 4207 8382
3995 4061 8056
4029 4200 8229
3953 4150 8103
4137 4140 8277
4099 4101 8200
3938 4173 8111
4254 4270 8524
4127 4133 8260
3970 4042 8012
4071 4120 8191
4088 4253 8341
4201 4217 8418
4190 4212 8402
4146 4149 8295
4093 4136 8229
4126 4146 8272
3960 4094 8054
4063 4150 8213
4243 4288 8531
4130 4132 8262
4139 4206 8345
4130 4175 8305
4261 4288 8549
4066 4110 8176
4122 4177 8299
4010 4027 8037
4051 4208 8259
4030 4144 8174
4101 4182 8283
4266 4272 8538
4131 4154 8285
4046 4085 8131
4088 4135 8223
4114 4128 8242
3992 4113 8105
3982 4141 8123
4138 4209 8347
4151 4180 8331
4130 4150 8280
4226 4286 8512
4106 4206 8312
4192 4295 8487
3939 4149 8088
4091 4093 8184
3996 4125 8121
4071 4106 8177
4068 4246 8314
3984 4199 8183
4209 4249 8458
4215 4272 8487
4065 4131 8196
4144 4188 8332
4067 4128 8195
4039 4134 8173
4180 4275 8455
4207 4215 8422
4182 4225 8407
4045 4108 8153
4110 4198 8308
4008 4159 8167
4130 4208 8338
4206 4223 8429
3994 4189 8183
4059 4184 8243
4122 4127 8249
4027 4151 8178
4166 4219 8385
4096 4209 8305
3927 4258 8185
4081 4278 8359
4068 4226 8294
4035 4116 8151
4106 4292 8398
4210 4272 8482
4163 4201 8364
4020 4160 8180
4072 4195 8267
4189 4263 8452
4035 4044 8079
3943 4180 8123
4234 4270 8504
4154 4167 8321
4201 4224 8425
4086 4100 8186
4020 4161 8181
4129 4229 8358
4191 4219 8410
4126 4170 8296
4188 4221 8409
3986 4120 8106
4220 4235 8455
4079 4179 8258
4072 4111 8183
4182 4227 8409
4047 4059 8106
4112 4123 8235
4050 4139 8189
4266 4274 8540
4196 4233 8429
4075 4211 8286
4065 4279 8344
4079 4233 8312
4207 4294 8501
4060 4206 8266
3952 4170 8122
4024 4123 8147
4129 4197 8326
4136 4221 8357
4080 4082 8162
4214 4265 8479
4023 4170 8193
4063 4105 8168
4192 4195 8387
4180 4251 8431
4244 4250 8494
4204 4244 8448
4092 4276 8368
4083 4234 8317
4192 4220 8412
4066 4261 8327
4226 4229 8455
4237 4251 8488
4172 4227 8399
4188 4229 8417
4084 4255 8339
4244 4259 8503
4080 4183 8263
3982 4051 8033
4113 4138 8251
4051 4171 8222
4020 4244 8264
4012 4163 8175
4066 4121 8187
4054 4075 8129
4035 4152 8187
3984 4040 8024
4134 4200 8334
4088 4177 8265
4074 4212 8286
4151 4220 8371
4158 4164 8322
4178 4259 8437
4076 4210 8286
4043 4123 8166
4079 4183 8262
4084 4106 8190
4141 4239 8380
4191 4207 8398
4062 4228 8290
4055 4062 8117
4103 4137 8240
4121 4207 8328
3982 4087 8069
4089 4210 8299
4101 4182 8283
4023 4067 8090
4168 4257 8425
4100 4164 8264
4013 4197 8210
3970 4127 8097
4092 4113 8205
4208 4220 8428
4146 4277 8423
4188 4263 8451
4033 4116 8149
3964 4176 8140
4141 4171 8312
4045 4172 8217
4128 4148 8276
4057 4082 8139
3986 4173 8159
4006 4026 8032
4139 4215 8354
4127 4182 8309
4125 4176 8301
4040 4173 8213
3993 4250 8243
4139 4232 8371
4162 4180 8342
4126 4201 8327
4097 4189 8286
4064 4212 8276
4108 4173 8281
4093 4184 8277
4144 4196 8340
3989 4134 8123
4178 4204 8382
4026 4154 8180
4162 4256 8418
4116 4232 8348
4089 4157 8246
4094 4199 8293
4029 4226 8255
4067 4179 8246
4123 4186 8309
4021 4174 8195
3996 4067 8063
4023 4094 8117
3919 4003 7922
3973 4180 8153
4088 4176 8264
4087 4213 8300
4106 4246 8352
4123 4203 8326
4035 4263 8298
4179 4182 8361
4109 4173 8282
4201 4211 8412
4149 4223 8372
4235 4237 8472
4050 4168 8218
4117 4227 8344
4268 4292 8560
3987 4128 8115
4069 4103 8172
3987 4120 8107
4025 4258 8283
4028 4172 8200
4154 4255 8409
3959 4064 8023
4061 4146 8207
4173 4249 8422
4135 4223 8358
3979 4115 8094
4119 4166 8285
4154 4173 8327
4066 4180 8246
4199 4213 8412
4037 4128 8165
4247 4276 8523
3983 4175 8158
4089 4149 8238
4178 4244 8422
4141 4144 8285
3980 4017 7997
4043 4052 8095
4146 4190 8336
4241 4249 8490
4096 4136 8232
4099 4200 8299
4004 4113 8117
4202 4217 8419
4011 4107 8118
4055 4198 8253
4170 4261 8431
4130 4212 8342
3980 4155 8135
4134 4204 8338
4239 4249 8488
4233 4262 8495
4062 4197 8259
4017 4090 8107
4042 4179 8221
4180 4229 8409
3963 4093 8056
4116 4218 8334
4124 4288 8412
4071 4103 8174
4153 4198 8351
4005 4128 8133
4152 4160 8312
4131 4160 8291
3985 4118 8103
4208 4215 8423
4038 4205 8243
4065 4102 8167
4113 4270 8383
4056 4070 8126
4246 4276 8522
3957 4111 8068
3965 4076 8041
4140 4241 8381
4015 4077 8092
3929 4081 8010
4124 4222 8346
4105 4118 8223
4102 4105 8207
3977 4096 8073
4091 4171 8262
4002 4195 8197
4205 4249 8454
4056 4135 8191
4111 4220 8331
3941 4217 8158
4064 4219 8283
4158 4249 8407
4144 4198 8342
4012 4181 8193
4129 4207 8336
4157 4158 8315
4221 4237 8458
4089 4109 8198
4224 4259 8483
4182 4242 8424
3967 4020 7987
4149 4157 8306
4067 4069 8136
4284 4292 8576
4117 4153 8270
4163 4212 8375
4065 4219 8284
4114 4263 8377
4032 4227 8259
4166 4211 8377
4093 4222 8315
4093 4261 8354
4102 4129 8231
3957 4115 8072
4143 4210 8353
4193 4225 8418
4127 4175 8302
4010 4105 8115
4034 4186 8220
4029 4143 8172
4145 4167 8312
4106 4192 8298
4215 4243 8458
4056 4146 8202
4216 4232 8448
3930 4078 8008
4184 4254 8438
4178 4223 8401
4030 4171 8201
4085 4154 8239
4159 4175 8334
4104 4181 8285
4009 4121 8130
4266 4288 8554
4125 4148 8273
4060 4102 8162
4119 4187 8306
4210 4223 8433
4269 4287 8556
4080 4167 8247
3949 4019 7968
4257 4270 8527
4070 4197 8267
4103 4235 8338
4135 4289 8424
4078 4220 8298
4065 4278 8343
4028 4233 8261
4125 4278 8403
4078 4113 8191
3995 4028 8023
4229 4250 8479
4143 4173 8316
4172 4200 8372
4125 4243 8368
4226 4275 8501
4066 4246 8312
4118 4243 8361
4081 4101 8182
4016 4139 8155
4109 4245 8354
4148 4207 8355
4071 4094 8165
4193 4266 8459
4077 4267 8344
3996 4085 8081
4055 4072 8127
3965 4035 8000
4133 4182 8315
4190 4195 8385
4126 4186 8312
4179 4210 8389
3981 4208 8189
4183 4188 8371
4156 4192 8348
4225 4250 8475
4110 4224 8334
4257 4265 8522
4198 4229 8427
4168 4200 8368
4251 4271 8522
4015 4164 8179
4014 4171 8185
4191 4239 8430
4266 4277 8543
4217 4226 8443
4212 4277 8489
4084 4144 8228
4258 4264 8522
4110 4154 8264
4169 4246 8415
4269 4291 8560
4017 4113 8130
4087 4210 8297
4028 4117 8145
4090 4151 8241
3993 4109 8102
4016 4113 8129
4216 4222 8438
4269 4278 8547
4097 4266 8363
4137 4164 8301
3914 3956 7870
4103 4180 8283
4154 4187 8341
4155 4169 8324
4079 4117 8196
4145 4146 8291
4182 4229 8411
4204 4221 8425
3997 4249 8246
4087 4149 8236
4054 4091 8145
4163 4197 8360
3969 4106 8075
4171 4192 8363
4229 4235 8464
4238 4276 8514
4148 4195 8343
4045 4281 8326
4100 4124 8224
3969 4098 8067
4052 4064 8116
4136 4275 8411
4157 4213 8370
4160 4251 8411
4131 4219 8350
4123 4125 8248
4161 4264 8425
4106 4163 8269
4226 4260 8486
4202 4256 8458
4209 4225 8434
4220 4256 8476
4055 4095 8150
4044 4084 8128
4257 4284 8541
4055 4101 8156
4064 4109 8173
4212 4250 8462
4111 4200 8311
3917 4045 7962
4042 4088 8130
4098 4124 8222
4113 4137 8250
3945 4083 8028
4121 4139 8260
4052 4181 8233
4130 4237 8367
4009 4261 8270
4078 4150 8228
4235 4272 8507

4017 4036 8033
4183 4196 8361
4001 4058 8024
4171 4199 8336
4036 4182 8211
4123 4132 8225
4019 4133 8137
4156 4158 8291
4162 4169 8311
4075 4098 8162
4054 4073 8100
4003 4151 8117
4138 4162 8282
4092 4159 8230
4164 4197 8354
4027 4040 8061
4132 4197 8291
4188 4192 8362
4003 4126 8093
4179 4198 8352
4175 4198 8358
4152 4154 8298
4140 4155 8260
4106 4195 8288
4030 4163 8165
4173 4188 8346
4027 4045 8045
4026 4039 8044
4040 4064 8088
4058 4085 8115
4150 4151 8296
4175 4187 8355
4079 4192 8265
4089 4191 8251
4138 4184 8300
4100 4187 8259
4168 4180 8337
4009 4148 8120
4178 4186 8326
4035 4179 8192
4137 4153 8280
4136 4183 8305
4122 4126 8227
4082 4176 8245
4099 4152 8232
4079 4197 8251
4111 4154 8246
4192 4195 8363
4088 4136 8189
4078 4091 8159
4179 4193 8360
4160 4178 8325
4095 4167 8258
4080 4176 8242
4194 4195 8352
4011 4038 8036
4058 4181 8201
4060 4064 8107
4101 4183 8261
4151 4169 8281
4109 4127 8210
4012 4077 8080
4182 4189 8342
4010 4195 8204
4072 4191 8231
4165 4184 8348
4138 4187 8300
4166 4184 8346
4036 4063 8071
4118 4166 8260
4089 4187 8264
4171 4176 8345
4176 4181 8353
4119 4168 8248
4002 4125 8108
4190 4192 8364
4118 4184 8275
4040 4151 8162
4184 4186 8364
4185 4192 8374
4081 4156 8199
4040 4093 8115
4079 4174 8232
4061 4178 8232
4118 4141 8226
4179 4187 8355
4093 4097 8180
4050 4177 8221
4083 4152 8217
4007 4055 8053
4067 4170 8210
4176 4184 8332
4105 4136 8236
4093 4183 8261
4119 4138 8235
4197 4199 8358
4129 4173 8296
4047 4139 8167
4041 4067 8080
4057 4175 8205
4024 4198 8201
4094 4160 8235
4060 4088 8144
4114 4182 8267
4068 4194 8228
4095 4143 8227
4010 4160 8153
4044 4156 8182
4103 4111 8184
4154 4160 8289
4094 4138 8195
4158 4192 8343
4060 4125 8170
4025 4101 8095
4136 4138 8240
4184 4200 8359
4176 4195 8345
4095 4140 8215
4052 4141 8160
4071 4134 8187
4106 4192 8270
4067 4191 8236
4080 4196 8249
4049 4110 8125
4010 4129 8128
4090 4111 8178
4005 4153 8148
4157 4178 8305
4147 4188 8328
4129 4147 8269
4142 4165 8295
4162 4180 8323
4181 4183 8343
4002 4197 8187
4110 4177 8254
4157 4164 8291
4052 4196 8217
4174 4200 8367
4024 4038 8039
4122 4163 8264
4133 4198 8294
4107 4187 8266
4007 4058 8058
4066 4138 8167
4149 4184 8316
4084 4140 8200
4199 4200 8360
4188 4199 8382
4053 4194 8231
4023 4182 8192
4003 4147 8137
4079 4190 8232
4096 4126 8184
4034 4086 8116
4109 4181 8287
4196 4198 8384
4043 4090 8115
4001 4149 8135
4193 4197 8352
4169 4181 8337
4113 4174 8249
4135 4187 8317
4106 4177 8267
4190 4200 8385
4087 4197 8274
4048 4170 8204
4094 4200 8271
4026 4137 8147
4099 4181 8260
4085 4146 8195
4135 4142 8262
4168 4191 8333
4107 4150 8249
4082 4099 8147
4079 4154 8209
4078 4087 8154
4046 4131 8166
4123 4164 8285
4161 4192 8348
4036 4183 8183
4181 4182 8349
4009 4062 8056
4070 4177 8240
4033 4068 8088
4039 4150 8157
4106 4121 8222
4157 4190 8326
4166 4171 8306
4132 4146 8245
4072 4104 8165
4090 4123 8184
4075 4200 8262
4078 4194 8237
4024 4106 8114
4110 4183 8277
4052 4069 8100
4079 4151 8226
4093 4191 8257
4152 4163 8298
4100 4104 8179
4002 4125 8113
4110 4139 8235
4165 4167 8317
4069 4181 8246
4151 4167 8312
4149 4164 8285
4134 4172 8274
4031 4133 8157
4113 4189 8301
4105 4117 8193
4019 4113 8113
4198 4200 8383
4034 4124 8149
4145 4200 8336
4028 4173 8167
4042 4151 8192
4018 4099 8106
4031 4183 8179
4025 4161 8159
4097 4195 8256
4175 4183 8347
4087 4114 8169
4132 4145 8255
4026 4033 8049
4160 4188 8335
4111 4121 8226
4129 4161 8281
4131 4168 8297
4042 4119 8152
4086 4130 8184
4020 4126 8110
4051 4139 8153
4070 4164 8206
4146 4175 8308
4058 4176 8218
4158 4170 8306
4089 4116 8191
4071 4127 8185
4181 4197 8362
4127 4189 8315
4119 4179 8296
4020 4122 8108
4103 4123 8216
4078 4182 8225
4122 4162 8245
4017 4133 8133
4048 4071 8115
4011 4185 8169
4011 4180 8175
4167 4198 8361
4103 4121 8197
4016 4151 8150
4027 4096 8091
4137 4158 8266
4074 4098 8152
4093 4193 8254
4037 4138 8172
4105 4117 8186
4025 4069 8089
4022 4114 8126
4182 4190 8368
4062 4143 8195
4045 4139 8183
4093 4184 8259
4051 4188 8226
4144 4182 8317
4092 4134 8194
4127 4194 8306
4068 4081 8135
4104 4117 8208
4043 4063 8098
4007 4087 8083
4168 4200 8330
4043 4164 8190
4082 4110 8181
4036 4109 8115
4161 4192 8345
4166 4175 8311
4075 4097 8143
4087 4110 8193
4030 4155 8162
4085 4188 8249
4168 4194 8348
4168 4173 8307
4178 4193 8359
4060 4086 8111
4145 4166 8285
4039 4050 8081
4090 4122 8200
4038 4119 8136
4181 4195 8360
4069 4096 8142
4149 4154 8293
4179 4193 8339
4150 4188 8316
4196 4200 8376
4013 4188 8188
4033 4085 8108
4080 4163 8211
4120 4177 8294
4160 4168 8320
4019 4172 8161
4150 4162 8294
4186 4199 8383
4004 4043 8038
4076 4098 8161
4035 4047 8050
4074 4078 8117
4168 4195 8353
4157 4181 8333
4111 4176 8272
4102 4116 8200
4170 4200 8333
4092 4124 8215
4045 4113 8153
4156 4187 8315
4091 4149 8221
4064 4127 8180
4191 4199 8383
4092 4166 8255
4148 4155 8283
4195 4197 8382
4019 4159 8145
4130 4195 8310
4130 4163 8279
4067 4088 8142
4182 4200 8350
4177 4187 8363
4088 4124 8199
4000 4093 8087
4163 4168 8292
4134 4163 8259
4081 4082 8152
4020 4176 8171
4159 4176 8315
4142 4175 8284
4173 4184 8329
4076 4194 8246
4119 4127 8214
4140 4165 8289
4145 4149 8287
4102 4133 8225
4165 4187 8330
4026 4102 8105
4183 4184 8337
4069 4101 8134
4172 4193 8351
4132 4162 8272
4138 4150 8285
4055 4064 8095
4067 4127 8190
4178 4182 8357
4110 4163 8241
4083 4178 8241
4134 4187 8309
4088 4163 8218
4181 4198 8357
4005 4115 8108
4014 4185 8165
4099 4119 8198
4129 4149 8270
4184 4194 8348
4020 4180 8174
4194 4197 8383
4011 4146 8155
4008 4086 8085
4153 4181 8304
4121 4156 8250
4173 4176 8340
4174 4197 8365
4190 4196 8372
4122 4142 8254
4182 4199 8355
4145 4172 8288
4170 4192 8349
4174 4196 8340
4096 4136 8226
4136 4160 8266
4061 4159 8213
4157 4185 8310
4139 4148 8274
4035 4115 8144
4196 4200 8388
4123 4141 8251
4044 4153 8196
4096 4190 8264
4119 4141 8232
4089 4112 8183
4086 4126 8189
4017 4110 8096
4179 4186 8332
4005 4165 8158
4158 4200 8334
4164 4181 8338
4061 4065 8107
4173 4190 8343
4102 4144 8227
4007 4039 8034
4158 4165 8284
4184 4193 8344
4184 4191 8346
4170 4189 8351
4140 4169 8299
4052 4055 8074
4157 4161 8281
4132 4143 8257
4040 4148 8172
4036 4144 8160
4134 4142 8274
4067 4078 8137
4167 4189 8354
4028 4142 8159
4042 4164 8198
4020 4145 8146
4102 4105 8187
4135 4154 8255
4092 4187 8266
4181 4188 8362
4129 4170 8266
4002 4146 8110
4150 4163 8297
4061 4100 8127
4185 4189 8369
4144 4152 8270
4049 4088 8107
4028 4050 8069
4061 4130 8189
4161 4178 8320
4048 4090 8129
4090 4098 8164
4026 4173 8198
4196 4200 8357
4164 4175 8308
4148 4154 8297
4053 4183 8206
4081 4121 8191
4167 4185 8340
4005 4138 8114
4094 4097 8178
4019 4157 8139
4126 4195 8316
4027 4191 8217
4161 4173 8304
4154 4165 8293
4021 4074 8088
4062 4124 8169
4061 4200 8248
4161 4200 8329
4063 4111 8166
4085 4088 8170
4041 4156 8167
4081 4140 8208
4006 4090 8064
4060 4197 8241
4017 4086 8090
4079 4164 8210
4106 4176 8257
4146 4176 8310
4122 4169 8287
4136 4160 8275
4189 4190 8351
4182 4186 8346
4139 4166 8302
4137 4151 8275
4097 4176 8260
4166 4179 8341
4174 4195 8348
4037 4108 8123
4146 4176 8299
4008 4149 8133
4123 4164 8261
4097 4156 8229
4168 4169 8308
4004 4134 8126
4064 4108 8154
4143 4156 8271
4077 4133 8180
4049 4188 8217
4047 4071 8098
4101 4187 8283
4165 4196 8326
4107 4147 8224
4017 4158 8142
4196 4197 8368
4021 4119 8126
4020 4082 8100
4102 4170 8262
4045 4074 8095
4079 4100 8165
4092 4145 8219
4129 4153 8278
4150 4178 8326
4107 4197 8293
4095 4109 8183
4048 4133 8154
4123 4126 8226
4073 4163 8200
4095 4166 8224
4159 4191 8319
4140 4176 8301
4077 4192 8236
4104 4182 8267
4197 4200 8362
4167 4176 8307
4097 4153 8234
4086 4185 8241
4136 4165 8290
4187 4191 8358
4031 4165 8177
4162 4183 8317
4141 4189 8296
4114 4117 8218
4062 4131 8168
4101 4156 8244
4065 4067 8098
4150 4151 8287
4075 4193 8232
4122 4135 8256
4084 4122 8189
4082 4110 8163
4183 4199 8360
4086 4139 8195
4196 4198 8379
4002 4095 8090
4045 4062 8080
4180 4191 8369
4002 4015 7987
4022 4139 8136
4039 4173 8201
4139 4141 8249
4034 4055 8056
4034 4037 8064
4030 4132 8131
4078 4170 8227
4158 4194 8328
4031 4111 8140
4173 4185 8347
4021 4139 8159
4117 4143 8228
4123 4190 8283
4129 4147 8272
4074 4171 8215
4093 4147 8202
4099 4136 8234
4126 4176 8264
4005 4136 8104
4149 4188 8301
4190 4195 8383
4039 4082 8087
4130 4199 8292
4004 4043 8028
4184 4199 8345
4061 4141 8181
4094 4136 8223
4074 4130 8177
4155 4167 8310
4098 4180 8274
4092 4177 8236
4124 4157 8274
4033 4162 8172
4176 4192 8347
4037 4074 8094
4066 4117 8149
4101 4192 8286
4052 4090 8118
4008 4041 8045
4005 4185 8165
4036 4107 8109
4080 4103 8159
4167 4198 8350
4146 4171 8291
4126 4183 8280
4128 4172 8263
4013 4103 8108
4171 4182 8317
4178 4190 8330
4106 4116 8205
4132 4185 8286
4198 4200 8380
4158 4195 8348
4099 4103 8183
4199 4200 8393
4040 4115 8129
4096 4116 8210
4072 4089 8144
4121 4136 8223
4181 4192 8354
4004 4124 8120
4025 4115 8117
4198 4200 8388
4034 4199 8202
4021 4189 8183
4198 4199 8373
4096 4148 8217
4051 4191 8227
4079 4175 8232
4030 4188 8183
4003 4142 8128
4069 4126 8162
4170 4176 8316
4144 4153 8263
4100 4132 8218
4142 4187 8292
4199 4200 8368
4121 4190 8279
4039 4171 8179
4139 4173 8303
4024 4155 8164
4154 4163 8291
4133 4153 8261
4047 4109 8152
4167 4177 8307
4054 4185 8228
4088 4126 8203
4020 4054 8072
4033 4075 8086
4050 4183 8203
4167 4177 8323
4027 4177 8203
4108 4129 8220
4035 4124 8147
4096 4098 8193
4116 4125 8207
4163 4169 8327
4093 4131 8222
4170 4177 8310
4128 4143 8254
4072 4154 8189
4199 4200 8369
4083 4151 8214
4060 4163 8195
4136 4145 8250
4185 4200 8351
4117 4171 8252
4156 4186 8333
4041 4045 8078
4160 4164 8306
4046 4066 8098
4158 4165 8315
4190 4197 8366
4027 4151 8148
4123 4198 8320
4071 4077 8125
4172 4184 8355
4067 4104 8162
4002 4026 8019
4181 4194 8362
4188 4190 8348
4152 4168 8307
4193 4198 8369
4014 4050 8044
4099 4121 8188
4081 4157 8216
4066 4081 8144
4146 4151 8271
4081 4111 8160
4095 4178 8245
4127 4160 8272
4087 4194 8261
4086 4111 8185
4092 4180 8260
4085 4107 8159
4049 4071 8096
4136 4142 8252
4179 4187 8345
4181 4187 8344
4163 4168 8318
4039 4197 8226
4161 4180 8305
4001 4106 8082
4038 4102 8132
4131 4200 8304
4065 4138 8183
4163 4191 8324
4135 4146 8272
4094 4103 8159
4182 4198 8352
4031 4067 8084
4186 4198 8380
4191 4198 8359
4182 4193 8361
4147 4179 8294
4017 4020 8022
4011 4111 8091
4185 4188 8370
4120 4190 8305
4036 4135 8142
4163 4172 8329
4057 4182 8219
4009 4097 8080
4117 4124 8227
4017 4107 8122
4061 4142 8195
4015 4069 8078
4054 4078 8120
4136 4157 8272
4106 4160 8249
4102 4179 8248
4039 4066 8098
4141 4178 8305

0.010000 0.680000
