700
3800700
4199 4281 8480
4184 4260 8444
4157 4196 8353
4085 4174 8259
4229 4242 8471
4070 4149 8219
4201 4217 8418
4096 4131 8227
4142 4201 8343
4171 4211 8382
4070 4181 8251
4053 4125 8178
4101 4259 8360
4068 4120 8188
4056 4108 8164
4131 4188 8319
4137 4189 8326
4182 4196 8378
4218 4294 8512
4161 4175 8336
4107 4225 8332
3991 4016 8007
4114 4179 8293
4008 4155 8163
4189 4284 8473
4005 4163 8168
4124 4186 8310
4277 4285 8562
4032 4162 8194
4086 4216 8302
3999 4143 8142
3999 4100 8099
4033 4080 8113
4119 4267 8386
3983 4208 8191
4157 4262 8419
3953 4015 7968
4190 4295 8485
4137 4147 8284
4032 4227 8259
3924 4037 7961
4194 4250 8444
4119 4234 8353
4227 4243 8470
4113 4159 8272
4137 4139 8276
4073 4173 8246
4079 4113 8192
4107 4151 8258
4126 4186 8312
4148 4157 8305
3953 4002 7955
4118 4200 8318
4189 4251 8440
4121 4142 8263
4111 4133 8244
3955 4167 8122
4148 4191 8339
3914 4009 7923
4035 4225 8260
4137 4209 8346
4032 4159 8191
4018 4096 8114
3938 3963 7901
3984 4090 8074
4222 4227 8449
4189 4192 8381
4170 4233 8403
4083 4087 8170
4056 4057 8113
4167 4180 8347
4157 4195 8352
4106 4111 8217
4050 4182 8232
4129 4158 8287
4213 4252 8465
4180 4191 8371
4091 4148 8239
4123 4229 8352
4183 4203 8386
4162 4229 8391
4176 4183 8359
3957 4016 7973
4202 4293 8495
4175 4262 8437
4089 4124 8213
4119 4254 8373
4235 4261 8496
3975 4075 8050
4087 4105 8192
4254 4259 8513
4175 4256 8431
4161 4195 8356
4030 4069 8099
3965 4074 8039
4019 4038 8057
4146 4150 8296
4118 4206 8324
4020 4069 8089
4100 4152 8252
4095 4124 8219
3983 3995 7978
4082 4160 8242
4176 4189 8365
4247 4248 8495
4058 4154 8212
4249 4284 8533
4075 4246 8321
4239 4263 8502
3950 4188 8138
4090 4133 8223
4028 4120 8148
4012 4217 8229
4002 4123 8125
4007 4264 8271
4002 4233 8235
4055 4104 8159
4127 4271 8398
4095 4130 8225
4181 4183 8364
4003 4140 8143
4062 4148 8210
4080 4191 8271
4213 4231 8444
4152 4167 8319
4139 4166 8305
3986 4279 8265
3986 4160 8146
4079 4260 8339
3968 4007 7975
4119 4168 8287
4032 4054 8086
4222 4241 8463
4051 4229 8280
4139 4213 8352
4200 4249 8449
4250 4251 8501
4151 4239 8390
4125 4225 8350
4134 4145 8279
3943 4013 7956
4046 4049 8095
4121 4178 8299
4018 4060 8078
4112 4265 8377
4229 4248 8477
4005 4099 8104
4030 4220 8250
4053 4251 8304
4087 4155 8242
4050 4132 8182
4080 4228 8308
4048 4198 8246
4073 4124 8197
4173 4255 8428
4026 4154 8180
4028 4040 8068
4143 4151 8294
4091 4163 8254
4079 4116 8195
4033 4201 8234
3993 4207 8200
4132 4207 8339
4006 4117 8123
3999 4142 8141
4102 4220 8322
3982 4157 8139
4166 4278 8444
4084 4275 8359
4142 4191 8333
3972 4141 8113
4013 4165 8178
4136 4152 8288
4160 4169 8329
4168 4172 8340
4009 4160 8169
4017 4173 8190
4199 4258 8457
4053 4124 8177
4210 4274 8484
4118 4201 8319
4019 4141 8160
3923 4158 8081
3972 4111 8083
4088 4165 8253
4047 4180 8227
4066 4175 8241
4092 4280 8372
4080 4103 8183
3967 4220 8187
3999 4130 8129
4143 4177 8320
4217 4288 8505
4135 4188 8323
4125 4135 8260
4162 4245 8407
3932 4037 7969
4049 4125 8174
4140 4152 8292
4106 4160 8266
4025 4069 8094
4055 4188 8243
4244 4298 8542
3989 4173 8162
4111 4231 8342
4216 4227 8443
4255 4288 8543
4143 4278 8421
4157 4171 8328
4182 4214 8396
4102 4275 8377
3958 4217 8175
4083 4155 8238
4198 4266 8464
4145 4149 8294
4070 4124 8194
4026 4112 8138
4265 4277 8542
4052 4053 8105
4225 4275 8500
4195 4250 8445
4107 4200 8307
4165 4284 8449
4257 4261 8518
3998 4130 8128
4081 4156 8237
4059 4106 8165
4060 4166 8226
4171 4221 8392
4156 4215 8371
4153 4257 8410
4223 4250 8473
4149 4198 8347
3974 4114 8088
4179 4273 8452
4119 4228 8347
4110 4184 8294
4171 4184 8355
4182 4270 8452
4123 4290 8413
4069 4145 8214
4276 4288 8564
3970 4196 8166
4057 4092 8149
3995 4270 8265
4031 4083 8114
3911 3988 7899
4052 4101 8153
4124 4207 8331
4158 4197 8355
4183 4234 8417
4068 4205 8273
4194 4241 8435
3980 4033 8013
4164 4178 8342
4096 4127 8223
4187 4232 8419
4123 4156 8279
4114 4138 8252
4121 4176 8297
3960 4223 8183
4065 4162 8227
4052 4163 8215
4160 4178 8338
4230 4261 8491
4013 4217 8230
4119 4248 8367
4118 4156 8274
4042 4106 8148
3968 4220 8188
4034 4115 8149
3924 4097 8021
4112 4117 8229
4244 4259 8503
4026 4180 8206
4076 4151 8227
4094 4189 8283
4046 4101 8147
4099 4180 8279
3936 4149 8085
4141 4175 8316
4117 4224 8341
4104 4232 8336
4209 4228 8437
3916 4003 7919
4108 4213 8321
4187 4194 8381
3978 4117 8095
3915 3994 7909
4149 4260 8409
4098 4244 8342
4101 4229 8330
4251 4291 8542
4191 4209 8400
4165 4229 8394
4061 4137 8198
4117 4221 8338
4286 4291 8577
4234 4247 8481
4245 4247 8492
4040 4175 8215
3940 4039 7979
3929 4050 7979
4121 4283 8404
4014 4065 8079
4061 4124 8185
4162 4286 8448
4201 4225 8426
3930 4214 8144
4198 4203 8401
4130 4189 8319
4026 4190 8216
4053 4129 8182
4076 4171 8247
4132 4267 8399
4103 4212 8315
4015 4156 8171
4064 4253 8317
4054 4206 8260
4104 4133 8237
4072 4173 8245
4224 4294 8518
4100 4224 8324
4012 4055 8067
4080 4124 8204
4060 4139 8199
4092 4148 8240
4120 4154 8274
4073 4096 8169
4106 4167 8273
4159 4207 8366
4118 4210 8328
4220 4251 8471
4122 4139 8261
4158 4170 8328
4255 4281 8536
4056 4126 8182
3973 4139 8112
4140 4210 8350
3990 4059 8049
4238 4273 8511
4178 4272 8450
4081 4228 8309
4090 4093 8183
3991 4147 8138
4165 4284 8449
3994 4123 8117
4260 4277 8537
4147 4239 8386
4268 4277 8545
3934 4219 8153
4104 4196 8300
4166 4225 8391
4012 4086 8098
4235 4258 8493
4126 4212 8338
4020 4201 8221
3936 3970 7906
3987 4071 8058
4177 4289 8466
4225 4230 8455
4096 4149 8245
4247 4285 8532
4199 4274 8473
4119 4142 8261
4153 4279 8432
4013 4116 8129
4150 4190 8340
4103 4216 8319
4190 4224 8414
4197 4209 8406
4019 4257 8276
4099 4145 8244
4114 4252 8366
4090 4092 8182
3999 4174 8173
4279 4294 8573
4212 4241 8453
4097 4118 8215
3980 4055 8035
4226 4249 8475
4072 4087 8159
4095 4199 8294
4169 4188 8357
4094 4124 8218
3995 4251 8246
4155 4204 8359
4111 4190 8301
4225 4236 8461
4123 4165 8288
3987 4214 8201
4251 4283 8534
4142 4247 8389
4088 4103 8191
4169 4200 8369
3992 4172 8164
4045 4052 8097
4008 4168 8176
4009 4132 8141
4124 4191 8315
4158 4208 8366
4098 4251 8349
4185 4283 8468
4083 4209 8292
4139 4150 8289
4079 4157 8236
4206 4283 8489
4061 4218 8279
4135 4153 8288
4027 4169 8196
4117 4185 8302
4164 4227 8391
3982 4262 8244
4215 4225 8440
3981 4127 8108
4147 4157 8304
4174 4221 8395
4136 4171 8307
4225 4263 8488
3985 4152 8137
4067 4225 8292
4033 4175 8208
4233 4259 8492
4072 4151 8223
4146 4216 8362
4101 4147 8248
4131 4205 8336
4039 4166 8205
3965 4007 7972
4050 4170 8220
3960 3974 7934
4071 4175 8246
4189 4206 8395
4117 4168 8285
4089 4188 8277
4109 4224 8333
4202 4241 8443
4127 4266 8393
4116 4193 8309
3980 4019 7999
4048 4064 8112
4037 4162 8199
4046 4154 8200
4081 4260 8341
4101 4294 8395
4172 4197 8369
4092 4140 8232
4099 4183 8282
4068 4076 8144
4027 4028 8055
4092 4152 8244
4046 4132 8178
4056 4076 8132
4242 4295 8537
4226 4231 8457
4235 4240 8475
4108 4148 8256
4186 4228 8414
4120 4129 8249
4011 4085 8096
4082 4217 8299
3945 4165 8110
4135 4245 8380
4100 4132 8232
4189 4231 8420
4069 4192 8261
4020 4100 8120
4123 4133 8256
4058 4148 8206
4028 4206 8234
4049 4206 8255
4046 4075 8121
4171 4260 8431
4032 4272 8304
4105 4134 8239
3993 4089 8082
4021 4060 8081
4024 4177 8201
4140 4228 8368
4162 4198 8360
4043 4135 8178
4156 4244 8400
4074 4181 8255
4012 4089 8101
4153 4202 8355
4038 4230 8268
4110 4141 8251
4286 4299 8585
4016 4189 8205
4175 4215 8390
4125 4228 8353
4105 4176 8281
4019 4141 8160
4170 4284 8454
4109 4183 8292
4146 4264 8410
4134 4158 8292
4138 4218 8356
4269 4293 8562
4047 4162 8209
4102 4138 8240
4252 4297 8549
4180 4200 8380
3972 4275 8247
4091 4117 8208
4173 4250 8423
4138 4221 8359
4042 4139 8181
4005 4243 8248
4186 4247 8433
4068 4167 8235
4177 4224 8401
4018 4051 8069
4115 4132 8247
4129 4147 8276
4252 4285 8537
4174 4188 8362
4237 4256 8493
4091 4160 8251
4142 4270 8412
4084 4143 8227
4200 4271 8471
4134 4174 8308
4173 4206 8379
4023 4153 8176
3995 4172 8167
4103 4189 8292
4111 4119 8230
4034 4058 8092
3977 4139 8116
4208 4211 8419
3931 4155 8086
4022 4148 8170
3953 3954 7907
4114 4195 8309
4108 4158 8266
4225 4268 8493
4120 4123 8243
4034 4078 8112
4038 4118 8156
3974 4099 8073
4227 4256 8483
4278 4292 8570
4106 4121 8227
4028 4165 8193
4167 4248 8415
4022 4159 8181
4060 4165 8225
4092 4176 8268
4160 4273 8433
4018 4144 8162
4052 4096 8148
4091 4122 8213
4162 4198 8360
4174 4226 8400
4113 4246 8359
4203 4284 8487
4086 4211 8297
3955 4033 7988
4185 4186 8371
4054 4196 8250
4151 4262 8413
3957 4255 8212
3929 4026 7955
4220 4232 8452
4225 4235 8460
3915 4220 8135
4047 4165 8212
4127 4266 8393
4002 4217 8219
4112 4126 8238
4197 4221 8418
4147 4258 8405
4079 4117 8196
4078 4193 8271
4061 4109 8170
3990 4097 8087
3978 4105 8083
4042 4108 8150
4090 4129 8219
4225 4266 8491
3924 4120 8044
4078 4184 8262
4095 4199 8294
4214 4244 8458
4021 4210 8231
3928 4075 8003
4159 4234 8393
4091 4199 8290
4087 4159 8246
4263 4271 8534
4128 4147 8275
4037 4120 8157
4118 4228 8346
4204 4210 8414
4164 4239 8403
4118 4191 8309
4109 4256 8365
4173 4262 8435
3943 4003 7946
4116 4236 8352
4003 4134 8137
3933 4093 8026
4199 4276 8475
4258 4279 8537
4143 4255 8398
4048 4131 8179
4066 4122 8188
4009 4092 8101
4112 4226 8338
4129 4163 8292
4127 4254 8381
4160 4226 8386
4071 4240 8311
4040 4077 8117
4103 4118 8221
4123 4275 8398
3957 4222 8179
3961 4259 8220
4165 4218 8383
3977 4234 8211
4084 4205 8289
4089 4180 8269
4224 4249 8473
4044 4098 8142
3985 4129 8114
4118 4183 8301
4226 4285 8511
4150 4225 8375
4069 4164 8233
4140 4210 8350
4052 4119 8171
4142 4220 8362
4179 4224 8403
4037 4199 8236
4126 4149 8275
4157 4165 8322
4154 4189 8343
4046 4162 8208
4171 4203 8374
4173 4174 8347
4134 4190 8324
4171 4181 8352
4189 4252 8441
4165 4208 8373
3931 4218 8149
4007 4249 8256
4224 4235 8459
4167 4227 8394
4007 4082 8089
4186 4268 8454
4113 4216 8329
3993 4019 8012
4167 4180 8347
4111 4170 8281
4215 4279 8494
4265 4278 8543
4078 4156 8234
4026 4249 8275
4150 4205 8355
4017 4203 8220
4057 4185 8242
4050 4091 8141
4005 4019 8024
4214 4269 8483
4048 4090 8138
3969 4056 8025
4102 4183 8285
4183 4206 8389
3919 4084 8003
4170 4226 8396
4061 4064 8125
3979 4085 8064
4076 4140 8216
4210 4227 8437
4064 4206 8270
4115 4190 8305
4064 4089 8153
4001 4071 8072
4250 4261 8511
3964 4254 8218
4160 4169 8329
4242 4277 8519
4045 4287 8332
4071 4100 8171
4258 4259 8517
4026 4192 8218
4049 4103 8152
4084 4166 8250
4158 4167 8325
4084 4114 8198
4041 4164 8205
4029 4063 8092
4066 4229 8295
3935 4113 8048
4160 4251 8411
4180 4220 8400
3976 4070 8046
4056 4104 8160
4009 4095 8104

4144 4197 8336
4172 4177 8311
4195 4198 8365
4146 4152 8266
4161 4166 8313
4037 4174 8177
4125 4154 8269
4008 4153 8146
4178 4198 8357
4118 4195 8296
4051 4110 8135
4064 4152 8178
4053 4169 8203
4008 4030 8020
4025 4044 8036
4076 4155 8203
4131 4157 8273
4173 4198 8341
4142 4194 8323
4067 4077 8122
4065 4178 8232
4069 4101 8159
4066 4150 8197
4037 4136 8163
4169 4196 8339
4067 4166 8227
4149 4198 8308
4191 4194 8360
4031 4085 8102
4002 4151 8138
4020 4110 8098
4028 4038 8043
4005 4069 8072
4024 4191 8181
4016 4188 8183
4190 4199 8379
4011 4061 8071
4193 4199 8390
4082 4091 8145
4077 4178 8244
4019 4062 8064
4171 4200 8340
4137 4178 8288
4137 4184 8301
4066 4121 8174
4055 4061 8097
4143 4165 8293
4088 4109 8175
4099 4137 8201
4027 4120 8116
4126 4156 8272
4013 4032 8039
4066 4186 8239
4093 4165 8234
4122 4200 8306
4037 4055 8086
4049 4142 8184
4074 4134 8187
4003 4079 8045
4097 4143 8224
4112 4148 8240
4087 4137 8218
4047 4056 8102
4030 4049 8074
4027 4057 8050
4135 4147 8267
4093 4098 8176
4182 4189 8348
4076 4102 8167
4115 4132 8232
4104 4142 8242
4191 4192 8372
4089 4104 8156
4000 4141 8129
4193 4196 8366
4184 4200 8368
4146 4162 8270
4071 4200 8248
4031 4188 8204
4164 4168 8325
4070 4160 8204
4155 4174 8299
4052 4057 8090
4165 4196 8324
4189 4193 8370
4068 4080 8111
4188 4200 8382
4140 4177 8286
4043 4107 8127
4138 4140 8269
4188 4195 8375
4195 4199 8358
4154 4180 8323
4052 4119 8140
4034 4052 8074
4033 4066 8069
4086 4191 8252
4116 4166 8260
4115 4166 8256
4074 4193 8247
4181 4182 8361
4042 4074 8080
4077 4122 8194
4151 4171 8297
4157 4158 8282
4074 4114 8166
4197 4198 8366
4055 4176 8227
4181 4196 8356
4028 4133 8130
4040 4044 8078
4112 4187 8288
4098 4123 8219
4048 4102 8127
4098 4169 8240
4033 4197 8205
4060 4105 8142
4178 4181 8348
4123 4184 8297
4121 4127 8245
4061 4197 8254
4110 4200 8288
4132 4153 8251
4140 4168 8272
4103 4189 8280
4196 4198 8393
4051 4193 8230
4068 4078 8123
4112 4165 8259
4024 4027 8043
4038 4095 8120
4067 4073 8118
4188 4191 8354
4008 4194 8171
4120 4185 8289
4144 4150 8277
4190 4191 8363
4095 4147 8239
4190 4191 8365
4065 4099 8131
4037 4050 8072
4068 4090 8129
4074 4128 8190
4010 4031 8035
4115 4167 8244
4132 4163 8274
4080 4190 8261
4110 4126 8207
4113 4172 8254
4055 4134 8153
4090 4161 8225
4122 4189 8273
4140 4183 8305
4085 4122 8198
4085 4158 8221
4017 4110 8095
4040 4135 8172
4123 4195 8288
4008 4071 8059
4136 4185 8312
4127 4197 8307
4041 4114 8152
4132 4166 8292
4033 4120 8136
4023 4087 8086
4068 4148 8214
4077 4165 8216
4081 4199 8262
4106 4198 8274
4067 4101 8153
4052 4110 8126
4045 4081 8090
4182 4183 8354
4065 4132 8179
4082 4148 8211
4097 4101 8168
4024 4172 8193
4175 4189 8335
4044 4138 8181
4169 4183 8350
4030 4143 8166
4052 4054 8086
4019 4168 8151
4068 4192 8232
4134 4169 8280
4068 4182 8238
4143 4180 8295
4129 4196 8315
4017 4056 8072
4012 4162 8142
4044 4172 8183
4043 4164 8191
4182 4200 8358
4060 4136 8178
4156 4180 8328
4147 4167 8307
4023 4063 8053
4085 4130 8180
4115 4181 8261
4155 4162 8297
4113 4125 8213
4143 4151 8280
4199 4200 8385
4001 4168 8164
4069 4141 8191
4147 4148 8274
4188 4191 8361
4191 4193 8367
4090 4102 8169
4192 4194 8383
4173 4182 8334
4015 4142 8122
4057 4122 8148
4104 4167 8243
4048 4140 8161
4169 4185 8347
4026 4083 8097
4194 4196 8352
4072 4124 8160
4163 4195 8328
4142 4189 8311
4101 4113 8195
4148 4185 8326
4160 4175 8326
4057 4197 8248
4128 4150 8272
4012 4027 8022
4152 4192 8318
4121 4153 8253
4165 4168 8311
4137 4174 8278
4159 4165 8322
4064 4180 8224
4038 4137 8161
4177 4197 8355
4034 4165 8174
4034 4132 8143
4114 4146 8240
4142 4173 8311
4155 4198 8342
4106 4117 8194
4194 4195 8375
4028 4155 8167
4132 4160 8287
4077 4194 8243
4075 4082 8156
4007 4010 8004
4005 4161 8134
4169 4197 8356
4150 4168 8298
4159 4166 8303
4059 4153 8200
4125 4158 8268
4050 4071 8086
4080 4101 8168
4036 4082 8100
4169 4178 8321
4097 4164 8234
4058 4116 8151
4120 4141 8247
4014 4129 8108
4119 4170 8280
4056 4184 8229
4193 4199 8354
4152 4162 8305
4055 4129 8152
4046 4170 8191
4083 4100 8154
4106 4116 8208
4052 4140 8184
4104 4186 8270
4017 4111 8108
4036 4071 8091
4160 4163 8317
4122 4127 8213
4146 4149 8263
4002 4108 8086
4095 4139 8199
4189 4197 8384
4029 4144 8158
4128 4185 8305
4049 4124 8141
4080 4132 8178
4156 4159 8286
4014 4044 8048
4117 4152 8262
4161 4183 8325
4035 4164 8174
4000 4088 8075
4128 4177 8303
4130 4144 8256
4159 4174 8312
4183 4191 8355
4116 4130 8238
4181 4184 8329
4155 4175 8329
4146 4149 8294
4189 4199 8358
4198 4199 8367
4190 4192 8367
4083 4120 8195
4012 4121 8119
4027 4045 8038
4164 4193 8336
4068 4135 8166
4132 4185 8295
4105 4193 8272
4135 4146 8257
4022 4185 8205
4119 4120 8208
4135 4187 8285
4013 4120 8108
4028 4065 8073
4014 4192 8169
4192 4200 8368
4108 4142 8235
4094 4118 8198
4067 4200 8251
4107 4157 8262
4035 4151 8156
4015 4153 8141
4199 4200 8378
4112 4193 8269
4035 4096 8115
4084 4107 8161
4146 4173 8309
4120 4188 8301
4044 4073 8089
4032 4123 8142
4120 4188 8275
4099 4122 8192
4114 4139 8222
4164 4167 8321
4028 4081 8080
4058 4077 8130
4193 4196 8382
4026 4181 8186
4026 4094 8090
4110 4119 8204
4004 4119 8115
4160 4181 8326
4176 4198 8347
4049 4199 8229
4004 4042 8031
4057 4081 8120
4180 4185 8357
4047 4149 8194
4182 4192 8359
4057 4170 8190
4173 4195 8361
4032 4144 8155
4024 4164 8160
4160 4186 8339
4087 4102 8175
4146 4167 8279
4045 4157 8198
4100 4115 8190
4000 4018 8002
4048 4084 8120
4168 4197 8350
4142 4162 8269
4075 4078 8131
4192 4194 8384
4173 4190 8328
4026 4146 8164
4075 4195 8255
4024 4172 8185
4110 4187 8270
4024 4147 8148
4098 4158 8249
4119 4183 8265
4000 4198 8172
4032 4134 8128
4127 4172 8296
4070 4144 8198
4086 4159 8215
4191 4194 8367
4113 4150 8237
4141 4159 8288
4051 4143 8165
4187 4189 8347
4102 4142 8218
4139 4166 8269
4089 4092 8144
4067 4084 8127
4000 4161 8130
4159 4195 8333
4118 4192 8284
4142 4175 8281
4129 4199 8311
4076 4146 8192
4175 4199 8373
4077 4170 8236
4084 4085 8138
4106 4141 8212
4049 4103 8128
4054 4116 8137
4027 4198 8199
4068 4105 8152
4193 4195 8378
4097 4186 8271
4189 4190 8346
4108 4190 8260
4080 4178 8221
4148 4164 8280
4028 4143 8157
4121 4185 8302
4054 4127 8175
4059 4066 8097
4110 4126 8235
4126 4189 8281
4197 4199 8381
4050 4191 8203
4162 4188 8313
4041 4093 8130
4101 4129 8220
4076 4157 8215
4102 4189 8254
4129 4183 8308
4024 4158 8147
4118 4131 8226
4059 4120 8142
4180 4181 8349
4065 4139 8182
4196 4197 8390
4097 4129 8199
4176 4184 8354
4020 4096 8091
4018 4034 8017
4063 4180 8220
4039 4040 8065
4064 4133 8170
4121 4182 8281
4178 4194 8335
4099 4161 8248
4128 4132 8240
4151 4189 8320
4176 4179 8350
4179 4190 8354
4065 4066 8116
4073 4125 8163
4120 4130 8248
4038 4184 8191
4081 4175 8239
4090 4194 8278
4093 4116 8179
4050 4105 8146
4123 4132 8247
4015 4117 8128
4006 4062 8051
4131 4174 8301
4037 4042 8055
4090 4158 8211
4198 4200 8373
4171 4191 8355
4186 4196 8351
4147 4149 8294
4115 4138 8244
4073 4076 8126
4077 4087 8148
4028 4181 8204
4008 4128 8123
4057 4161 8214
4022 4124 8140
4199 4200 8368
4087 4132 8187
4092 4137 8198
4055 4058 8083
4054 4067 8116
4009 4133 8108
4127 4147 8248
4051 4116 8144
4146 4160 8276
4042 4181 8220
4061 4143 8175
4066 4071 8110
4072 4109 8175
4103 4113 8185
4143 4149 8284
4183 4191 8372
4061 4197 8239
4152 4168 8295
4147 4182 8313
4102 4148 8217
4072 4156 8219
4124 4131 8224
4014 4119 8098
4198 4200 8390
4060 4167 8215
4139 4181 8288
4142 4179 8287
4190 4199 8366
4042 4134 8162
4188 4190 8340
4191 4196 8378
4194 4200 8391
4194 4200 8358
4131 4194 8316
4190 4195 8356
4057 4103 8139
4097 4199 8282
4196 4198 8385
4192 4194 8377
4003 4186 8162
4009 4064 8044
4081 4157 8224
4144 4182 8310
4023 4164 8170
4071 4176 8226
4175 4184 8357
4032 4082 8092
4192 4196 8381
4050 4107 8123
4050 4053 8085
4106 4160 8247
4183 4187 8367
4172 4178 8338
4142 4188 8329
4054 4112 8141
4057 4195 8214
4007 4126 8125
4179 4194 8335
4083 4176 8244
4164 4169 8319
4039 4082 8117
4058 4107 8144
4100 4120 8218
4073 4148 8219
4087 4150 8211
4058 4086 8130
4127 4138 8245
4026 4196 8190
4088 4147 8201
4020 4050 8041
4069 4098 8134
4097 4118 8194
4125 4183 8293
4112 4124 8207
4002 4021 7993
4013 4120 8128
4036 4161 8159
4174 4178 8332
4188 4194 8358
4106 4138 8217
4043 4109 8128
4157 4178 8329
4042 4140 8167
4082 4087 8154
4169 4182 8325
4134 4186 8318
4107 4123 8201
4098 4190 8269
4061 4106 8142
4109 4118 8214
4184 4199 8362
4092 4158 8225
4162 4190 8343
4134 4165 8296
4039 4041 8070
4197 4199 8380
4008 4122 8094
4070 4179 8221
4010 4180 8169
4021 4070 8078
4139 4163 8288
4126 4157 8275
4007 4157 8149
4098 4116 8197
4094 4176 8235
4032 4195 8199
4079 4146 8221
4110 4192 8272
4154 4194 8345
4157 4163 8299
4126 4190 8307
4153 4166 8298
4046 4085 8126
4062 4124 8180
4095 4139 8208
4106 4164 8248
4154 4195 8345
4022 4195 8184
4091 4158 8213
4177 4200 8362
4127 4150 8253
4017 4178 8192
4001 4062 8047
4079 4149 8210
4171 4185 8319
4176 4185 8330
4197 4200 8390
4079 4098 8139
4038 4184 8189
4186 4200 8347
4189 4197 8351
4135 4184 8294
4056 4178 8217
4187 4195 8369
4120 4181 8289
4018 4091 8103
4021 4160 8163
4095 4195 8259
4032 4182 8212
4125 4185 8288
4175 4198 8372
4190 4198 8365
4004 4186 8155
4083 4099 8148
4048 4108 8151
4063 4188 8247
4078 4134 8208
4098 4193 8259
4173 4186 8348
4038 4141 8175
4111 4156 8260
4012 4021 7995
4169 4196 8326
4049 4178 8192
4027 4187 8207
4090 4129 8206
4016 4155 8139
4047 4115 8145
4117 4166 8258
4140 4153 8284
4142 4180 8300
4066 4079 8120
4075 4087 8125
4183 4197 8346
4105 4167 8241
4114 4117 8199
4196 4197 8367
4150 4157 8279
4107 4154 8256
4115 4127 8226
4094 4150 8218
4046 4059 8103
4126 4147 8268
4076 4105 8154
4074 4155 8200
4073 4136 8201
4100 4136 8216
4048 4183 8206
4130 4154 8254
4187 4194 8379
4157 4182 8328
4005 4181 8153
4083 4193 8253
4185 4198 8357
4111 4150 8252
4015 4025 8030
4171 4181 8314
4025 4131 8139
4001 4037 8002
4171 4184 8322
4130 4134 8258
4167 4195 8326
4177 4184 8354
4004 4168 8152
4062 4171 8197
4094 4162 8232
4038 4164 8193
4012 4092 8076
4092 4102 8174
4035 4054 8051
4152 4178 8314
4074 4159 8200
4048 4142 8169
4190 4191 8359
4087 4108 8161
4002 4004 7990
4188 4192 8351
4088 4156 8235
4011 4133 8111
4121 4165 8266
4151 4168 8295
4109 4156 8237
4136 4198 8306
4098 4111 8192
4099 4142 8208
4186 4199 8378
4038 4185 8200
4186 4187 8351
4166 4195 8324
4000 4197 8189
4062 4086 8118
4168 4171 8328
4097 4117 8195
4038 4075 8095
4093 4112 8188
4161 4186 8341
4116 4136 8218
4134 4155 8270
4016 4065 8063
4161 4168 8318
4000 4121 8089
4156 4175 8310
4080 4170 8225
4000 4076 8056
4057 4096 8129
4066 4154 8193

0.010000 0.660000
