700
2879768
4239 4247 8486
4141 4170 8311
4019 4066 8085
4107 4137 8244
4084 4169 8253
4241 4277 8518
3982 4276 8258
4225 4266 8491
4201 4204 8405
3983 3986 7969
4150 4157 8307
4116 4231 8347
4000 4202 8202
4174 4183 8357
4181 4288 8469
4010 4186 8196
4198 4217 8415
4070 4074 8144
4073 4206 8279
4117 4247 8364
4196 4275 8471
4282 4288 8570
4063 4183 8246
4045 4143 8188
4251 4257 8508
4095 4116 8211
4199 4242 8441
4031 4145 8176
4224 4240 8464
4094 4185 8279
4107 4225 8332
4088 4215 8303
4072 4156 8228
4122 4163 8285
4076 4124 8200
4041 4192 8233
4017 4067 8084
3982 4098 8080
4116 4211 8327
4213 4228 8441
4172 4237 8409
4226 4254 8480
4147 4227 8374
4112 4134 8246
4094 4112 8206
4121 4163 8284
4109 4153 8262
4136 4179 8315
4111 4195 8306
4183 4255 8438
4146 4196 8342
4001 4130 8131
3981 4254 8235
4188 4226 8414
4051 4072 8123
4103 4232 8335
4092 4162 8254
4097 4150 8247
3979 4090 8069
4211 4226 8437
4185 4225 8410
4235 4274 8509
4181 4215 8396
4095 4171 8266
4189 4229 8418
4222 4293 8515
3979 4069 8048
4080 4103 8183
4165 4249 8414
4161 4199 8360
4069 4212 8281
4199 4252 8451
4230 4252 8482
3966 4073 8039
4113 4135 8248
4012 4223 8235
4232 4269 8501
4159 4197 8356
4020 4293 8313
4009 4011 8020
3974 4110 8084
4181 4239 8420
4099 4164 8263
4130 4164 8294
4156 4162 8318
3984 4173 8157
4129 4218 8347
3989 4256 8245
4062 4070 8132
4202 4205 8407
4123 4262 8385
4104 4130 8234
4233 4256 8489
4116 4229 8345
4147 4155 8302
4023 4115 8138
3956 4044 8000
4023 4205 8228
4003 4076 8079
4031 4081 8112
4196 4201 8397
4215 4231 8446
4219 4237 8456
4031 4123 8154
4000 4062 8062
4050 4152 8202
4161 4174 8335
4082 4180 8262
4267 4285 8552
4213 4233 8446
4165 4172 8337
4065 4070 8135
4260 4291 8551
4082 4112 8194
4094 4194 8288
4100 4147 8247
4133 4172 8305
4115 4147 8262
4265 4269 8534
4227 4270 8497
4208 4236 8444
4094 4232 8326
4002 4016 8018
4142 4193 8335
3966 4065 8031
4124 4249 8373
4102 4189 8291
4075 4165 8240
4027 4091 8118
4269 4276 8545
3985 4024 8009
4053 4057 8110
4111 4113 8224
4202 4256 8458
3969 4094 8063
4210 4220 8430
3995 4130 8125
4089 4151 8240
4116 4228 8344
4152 4190 8342
4154 4174 8328
4188 4200 8388
4090 4111 8201
3984 4244 8228
4145 4208 8353
3966 4193 8159
4057 4075 8132
4073 4170 8243
4061 4136 8197
4078 4272 8350
4155 4170 8325
4075 4098 8173
4043 4101 8144
4239 4277 8516
4054 4055 8109
4103 4124 8227
3999 4285 8284
4088 4176 8264
4107 4116 8223
4082 4279 8361
4132 4229 8361
4075 4142 8217
4229 4231 8460
4123 4207 8330
4220 4263 8483
4018 4235 8253
4112 4179 8291
4149 4223 8372
4148 4161 8309
4140 4263 8403
4062 4091 8153
4075 4111 8186
4034 4146 8180
4125 4130 8255
4089 4123 8212
4104 4171 8275
4040 4130 8170
4100 4242 8342
3962 4210 8172
4118 4241 8359
4053 4087 8140
4097 4197 8294
4096 4165 8261
4035 4148 8183
4023 4106 8129
4084 4163 8247
4050 4199 8249
3990 4126 8116
4063 4242 8305
4131 4135 8266
4089 4163 8252
3947 4217 8164
4082 4100 8182
3998 4070 8068
3970 4165 8135
3916 3964 7880
3935 4241 8176
4050 4138 8188
4067 4187 8254
4224 4269 8493
4049 4181 8230
4125 4166 8291
3982 4198 8180
4080 4250 8330
3964 4158 8122
4248 4275 8523
4054 4106 8160
4236 4250 8486
3995 4134 8129
4018 4211 8229
4029 4180 8209
4043 4103 8146
4005 4255 8260
4046 4112 8158
4024 4225 8249
4119 4166 8285
4100 4209 8309
4023 4221 8244
4218 4255 8473
4129 4146 8275
4165 4166 8331
3907 4246 8153
4019 4082 8101
4231 4261 8492
4187 4232 8419
4155 4293 8448
4224 4279 8503
4263 4282 8545
3982 4067 8049
4148 4209 8357
4015 4206 8221
4145 4264 8409
4031 4054 8085
3994 4062 8056
4054 4106 8160
4056 4152 8208
4040 4088 8128
4140 4225 8365
4098 4211 8309
4027 4135 8162
4080 4083 8163
4117 4286 8403
4095 4207 8302
4151 4214 8365
4141 4202 8343
4087 4144 8231
4070 4232 8302
3984 3994 7978
4032 4202 8234
4123 4278 8401
3940 3986 7926
4094 4112 8206
4070 4110 8180
4081 4146 8227
4109 4215 8324
4042 4198 8240
4050 4188 8238
4034 4196 8230
4249 4276 8525
4097 4146 8243
4012 4139 8151
4018 4044 8062
4089 4194 8283
4048 4112 8160
4268 4288 8556
4124 4172 8296
4208 4218 8426
4062 4085 8147
3925 4131 8056
4160 4207 8367
4168 4208 8376
4098 4170 8268
4149 4181 8330
4107 4118 8225
4111 4112 8223
4218 4277 8495
4114 4208 8322
4166 4209 8375
4202 4247 8449
4074 4152 8226
3991 4023 8014
4063 4149 8212
4029 4127 8156
4048 4189 8237
4110 4152 8262
4035 4180 8215
4011 4129 8140
4037 4220 8257
4211 4215 8426
4043 4177 8220
4040 4129 8169
4247 4264 8511
3992 4121 8113
4099 4194 8293
4090 4094 8184
3975 4103 8078
4110 4124 8234
4047 4220 8267
4167 4220 8387
4058 4080 8138
4153 4193 8346
4185 4226 8411
3984 4207 8191
4035 4128 8163
4096 4100 8196
4202 4211 8413
4049 4149 8198
4042 4168 8210
4091 4117 8208
3969 4043 8012
3918 4000 7918
4092 4171 8263
4146 4156 8302
4102 4230 8332
4077 4170 8247
3980 4072 8052
4162 4185 8347
4187 4198 8385
4092 4172 8264
4045 4077 8122
4118 4186 8304
4199 4236 8435
4042 4143 8185
4044 4133 8177
4223 4274 8497
4192 4245 8437
4183 4190 8373
3929 4193 8122
3986 4102 8088
4025 4164 8189
4059 4180 8239
4171 4213 8384
4231 4284 8515
4078 4194 8272
4040 4092 8132
3941 4105 8046
4107 4148 8255
4205 4248 8453
4067 4136 8203
4115 4123 8238
3967 4196 8163
4102 4241 8343
4039 4095 8134
4082 4140 8222
4117 4163 8280
4204 4274 8478
3939 4089 8028
4148 4273 8421
4007 4165 8172
4093 4251 8344
4282 4285 8567
4129 4134 8263
4197 4290 8487
4017 4179 8196
4055 4198 8253
4152 4274 8426
4084 4145 8229
4038 4113 8151
4179 4233 8412
4182 4196 8378
4028 4092 8120
4104 4127 8231
4169 4205 8374
4156 4240 8396
4049 4192 8241
3952 4136 8088
4083 4220 8303
4236 4258 8494
4263 4270 8533
3970 4135 8105
4186 4209 8395
4061 4176 8237
4143 4252 8395
4050 4244 8294
4194 4220 8414
4103 4173 8276
3947 4245 8192
4031 4115 8146
4152 4196 8348
4150 4241 8391
4180 4193 8373
4067 4272 8339
4095 4212 8307
4107 4133 8240
4158 4217 8375
4220 4261 8481
4033 4214 8247
4080 4159 8239
4045 4168 8213
4142 4227 8369
3952 4216 8168
4042 4235 8277
4179 4187 8366
4081 4257 8338
4193 4276 8469
4052 4229 8281
4047 4135 8182
4168 4219 8387
4059 4118 8177
4120 4247 8367
4220 4241 8461
4101 4157 8258
3947 4202 8149
4088 4236 8324
3997 4001 7998
4096 4257 8353
4126 4209 8335
4225 4255 8480
4023 4057 8080
4136 4140 8276
4222 4237 8459
4222 4290 8512
4153 4265 8418
4074 4143 8217
3976 4112 8088
4196 4257 8453
4117 4150 8267
4117 4134 8251
4221 4222 8443
4052 4220 8272
3955 4121 8076
4016 4050 8066
4253 4261 8514
3971 4107 8078
4097 4246 8343
4037 4122 8159
4128 4197 8325
3920 4241 8161
4021 4215 8236
4182 4216 8398
4157 4238 8395
4076 4226 8302
4129 4233 8362
4064 4169 8233
4164 4205 8369
4202 4285 8487
4093 4205 8298
4016 4149 8165
3983 4162 8145
4087 4168 8255
4239 4264 8503
4011 4091 8102
3995 4090 8085
4046 4290 8336
3937 4116 8053
4011 4256 8267
4011 4180 8191
4059 4138 8197
3981 4031 8012
4135 4210 8345
4172 4239 8411
4009 4108 8117
4074 4180 8254
4021 4178 8199
4034 4250 8284
3932 4211 8143
4133 4230 8363
4068 4201 8269
3991 4105 8096
4129 4267 8396
4095 4190 8285
4128 4164 8292
4194 4202 8396
4111 4122 8233
4223 4268 8491
4075 4149 8224
4000 4149 8149
4237 4282 8519
4127 4198 8325
4084 4169 8253
4056 4171 8227
4002 4218 8220
4077 4273 8350
4022 4131 8153
4082 4219 8301
4011 4155 8166
4124 4128 8252
4010 4150 8160
4053 4168 8221
4085 4092 8177
4143 4242 8385
4199 4231 8430
4021 4181 8202
4016 4132 8148
4130 4268 8398
4042 4164 8206
3989 4194 8183
4189 4215 8404
4063 4222 8285
4225 4253 8478
4199 4214 8413
4251 4253 8504
4085 4151 8236
4101 4117 8218
4044 4207 8251
4217 4269 8486
3957 4124 8081
4131 4180 8311
4178 4198 8376
4011 4170 8181
4203 4220 8423
4166 4221 8387
4073 4163 8236
4171 4246 8417
4235 4266 8501
4138 4195 8333
4206 4219 8425
4112 4175 8287
4172 4181 8353
4231 4265 8496
4270 4297 8567
3959 4135 8094
4055 4226 8281
4166 4222 8388
4081 4088 8169
3952 4200 8152
4106 4189 8295
4061 4082 8143
4094 4225 8319
4092 4154 8246
4230 4279 8509
4034 4215 8249
3940 4035 7975
4164 4212 8376
4164 4238 8402
4019 4114 8133
4102 4133 8235
4104 4158 8262
4101 4229 8330
3940 4108 8048
3917 4144 8061
4094 4247 8341
4023 4190 8213
4096 4142 8238
4270 4274 8544
4127 4185 8312
4157 4211 8368
4146 4230 8376
4022 4112 8134
4137 4234 8371
4138 4195 8333
4044 4146 8190
4175 4200 8375
4099 4155 8254
4135 4149 8284
4055 4263 8318
3986 4179 8165
3963 4177 8140
4012 4095 8107
3931 4135 8066
4079 4109 8188
4077 4136 8213
3960 4025 7985
4031 4079 8110
4201 4210 8411
4230 4249 8479
4062 4116 8178
3986 4050 8036
4181 4225 8406
4126 4127 8253
4207 4213 8420
4038 4199 8237
4020 4200 8220
4213 4288 8501
4070 4142 8212
4171 4186 8357
3958 4074 8032
4132 4196 8328
3941 4002 7943
4164 4206 8370
3964 4102 8066
4123 4189 8312
4075 4224 8299
4183 4246 8429
4066 4225 8291
4176 4214 8390
4159 4214 8373
4197 4207 8404
4014 4080 8094
4058 4134 8192
4122 4226 8348
4246 4296 8542
4154 4205 8359
3919 3967 7886
4080 4289 8369
4114 4119 8233
3970 4071 8041
4150 4288 8438
4219 4271 8490
3953 3959 7912
3968 4102 8070
4028 4069 8097
4010 4048 8058
4185 4207 8392
3924 4197 8121
4169 4215 8384
4087 4190 8277
4209 4238 8447
4086 4221 8307
4136 4222 8358
4056 4213 8269
4131 4155 8286
4171 4203 8374
4135 4247 8382
4068 4126 8194
4140 4156 8296
4121 4164 8285
4039 4179 8218
4255 4259 8514
4124 4183 8307
4176 4219 8395
4116 4281 8397
4086 4151 8237
4168 4276 8444
4136 4144 8280
4095 4235 8330
4134 4205 8339
4041 4260 8301
4105 4171 8276
4176 4187 8363
4161 4193 8354
4164 4196 8360
4125 4160 8285
4174 4227 8401
4091 4191 8282
4047 4092 8139
4140 4154 8294
4137 4243 8380
4138 4155 8293
4037 4058 8095
3919 4018 7937
4097 4155 8252
3998 4004 8002
4002 4217 8219
4093 4232 8325
4109 4144 8253
4128 4187 8315
4046 4140 8186
4173 4178 8351
3985 4099 8084
4073 4103 8176
4151 4155 8306
4046 4129 8175
4089 4113 8202
4137 4164 8301
4116 4176 8292
4096 4206 8302
4005 4195 8200
4120 4277 8397
4247 4275 8522
3945 4096 8041
3988 4240 8228
4076 4101 8177
4146 4252 8398
4100 4242 8342
4023 4024 8047
4182 4223 8405
4034 4185 8219
4256 4265 8521
4056 4127 8183
4095 4136 8231
3971 4114 8085
4069 4147 8216
4109 4252 8361
4072 4141 8213
4089 4146 8235
3980 4109 8089
4152 4193 8345
4152 4238 8390
4026 4042 8068
4137 4254 8391
3995 4130 8125
4082 4155 8237
4068 4110 8178
3998 4223 8221
4098 4107 8205
4135 4212 8347
4037 4112 8149
3960 4100 8060
4097 4156 8253
4162 4238 8400
4169 4220 8389
4171 4208 8379
4113 4161 8274
4111 4252 8363
3997 4247 8244
3948 3991 7939
4256 4273 8529
4044 4086 8130
4239 4292 8531
4110 4166 8276
3948 3989 7937
4214 4216 8430
4063 4206 8269
4180 4185 8365
3969 4099 8068
4030 4084 8114
4028 4115 8143
4163 4244 8407
4121 4242 8363

4156 4159 8294
4072 4125 8180
4091 4109 8174
4051 4088 8120
4177 4185 8349
4143 4190 8329
4049 4188 8209
4141 4193 8295
4149 4196 8311
4046 4063 8095
4111 4115 8220
4073 4200 8235
4060 4128 8183
4094 4099 8179
4185 4200 8346
4081 4174 8223
4173 4192 8347
4057 4170 8210
4060 4135 8176
4175 4190 8360
4152 4187 8326
4198 4199 8386
4065 4168 8200
4034 4045 8076
4181 4183 8354
4042 4045 8071
4198 4199 8364
4043 4162 8198
4145 4161 8273
4138 4172 8288
4069 4176 8222
4008 4169 8144
4087 4093 8144
4159 4181 8304
4106 4194 8271
4096 4112 8175
4107 4139 8226
4059 4167 8219
4189 4198 8353
4128 4159 8267
4185 4198 8349
4151 4192 8331
4162 4174 8303
4108 4120 8213
4186 4187 8370
4130 4157 8256
4108 4147 8218
4096 4104 8165
4060 4178 8223
4155 4164 8317
4129 4169 8263
4033 4135 8137
4002 4160 8147
4149 4151 8292
4046 4126 8171
4103 4148 8249
4035 4153 8164
4027 4135 8128
4049 4132 8151
4191 4193 8379
4111 4185 8275
4177 4179 8353
4172 4186 8347
4012 4128 8136
4135 4156 8287
4188 4200 8352
4008 4123 8105
4125 4151 8269
4137 4162 8279
4124 4200 8291
4096 4139 8197
4149 4158 8270
4186 4191 8345
4024 4155 8173
4033 4059 8085
4029 4137 8164
4178 4189 8356
4063 4100 8141
4046 4200 8221
4018 4087 8081
4033 4192 8215
4132 4156 8275
4073 4104 8169
4167 4194 8357
4166 4193 8355
4047 4188 8222
4069 4197 8255
4082 4198 8264
4122 4143 8238
4107 4108 8198
4153 4177 8321
4016 4092 8089
4194 4199 8360
4106 4182 8264
4133 4144 8256
4035 4065 8069
4010 4137 8146
4101 4190 8277
4070 4084 8143
4115 4118 8223
4097 4113 8175
4144 4152 8259
4128 4146 8263
4086 4113 8165
4072 4077 8115
4131 4200 8298
4173 4181 8334
4011 4185 8163
4171 4198 8362
4125 4162 8277
4139 4164 8290
4131 4138 8232
4186 4193 8350
4042 4048 8078
4156 4173 8326
4072 4171 8231
4146 4151 8262
4160 4186 8313
4180 4185 8356
4166 4193 8320
4180 4186 8335
4119 4195 8302
4020 4053 8049
4144 4174 8299
4030 4142 8170
4103 4176 8252
4008 4200 8191
4160 4184 8331
4060 4181 8207
4181 4184 8352
4032 4042 8037
4090 4124 8184
4091 4117 8180
4104 4165 8238
4049 4146 8189
4181 4198 8346
4056 4200 8229
4012 4072 8072
4017 4134 8114
4107 4122 8201
4057 4127 8165
4123 4180 8266
4152 4181 8323
4015 4173 8166
4119 4158 8273
4044 4156 8187
4081 4110 8158
4035 4149 8176
4054 4124 8142
4114 4175 8259
4055 4094 8124
4043 4160 8197
4073 4170 8234
4173 4193 8361
4065 4094 8144
4015 4028 8025
4061 4188 8227
4057 4174 8210
4045 4113 8132
4159 4180 8302
4101 4160 8238
4003 4069 8053
4159 4163 8285
4158 4166 8290
4172 4196 8348
4054 4172 8190
4086 4104 8181
4153 4170 8320
4125 4143 8251
4142 4165 8277
4048 4187 8213
4039 4142 8161
4015 4127 8118
4091 4103 8175
4144 4196 8317
4075 4161 8209
4116 4129 8225
4191 4192 8360
4036 4137 8147
4025 4175 8163
4027 4029 8055
4108 4127 8230
4106 4107 8209
4007 4199 8190
4038 4162 8166
4065 4090 8141
4119 4133 8230
4033 4180 8187
4142 4195 8335
4096 4144 8216
4093 4188 8248
4019 4179 8180
4001 4039 8008
4005 4015 7993
4053 4066 8088
4012 4014 8023
4033 4151 8150
4047 4059 8075
4122 4189 8273
4167 4197 8332
4038 4165 8186
4090 4155 8229
4004 4168 8158
4061 4176 8228
4018 4136 8153
4182 4183 8345
4085 4092 8163
4156 4174 8295
4081 4093 8158
4105 4120 8216
4068 4101 8132
4076 4116 8188
4097 4174 8264
4055 4065 8100
4057 4163 8202
4061 4083 8140
4149 4164 8307
4036 4132 8149
4121 4187 8294
4151 4192 8313
4168 4174 8332
4002 4181 8158
4031 4146 8145
4181 4185 8341
4140 4147 8253
4063 4198 8228
4173 4193 8333
4188 4195 8373
4057 4066 8097
4098 4139 8208
4083 4175 8230
4094 4176 8262
4042 4099 8107
4019 4028 8039
4077 4113 8177
4119 4132 8212
4024 4155 8161
4171 4191 8342
4109 4122 8229
4023 4120 8126
4065 4181 8230
4197 4200 8360
4145 4167 8276
4165 4173 8320
4095 4154 8237
4047 4092 8113
4015 4145 8140
4017 4079 8077
4106 4155 8245
4197 4200 8370
4007 4031 8033
4017 4123 8108
4046 4102 8115
4088 4089 8147
4100 4176 8259
4123 4192 8288
4112 4140 8239
4025 4196 8192
4157 4199 8341
4022 4047 8039
4065 4083 8110
4010 4113 8098
4145 4149 8290
4084 4152 8210
4190 4193 8366
4172 4177 8327
4125 4169 8272
4147 4173 8284
4023 4139 8124
4145 4163 8302
4085 4129 8177
4126 4129 8231
4072 4085 8150
4043 4160 8193
4043 4045 8056
4193 4196 8381
4165 4196 8339
4075 4118 8187
4199 4200 8398
4065 4132 8191
4037 4120 8126
4020 4126 8137
4104 4183 8268
4136 4156 8278
4081 4134 8204
4021 4085 8072
4036 4039 8047
4072 4132 8201
4192 4196 8363
4080 4189 8245
4114 4171 8261
4167 4190 8327
4004 4074 8065
4195 4199 8358
4015 4046 8045
4062 4131 8185
4147 4191 8309
4100 4134 8196
4157 4174 8315
4062 4139 8186
4112 4129 8232
4156 4162 8304
4044 4120 8144
4122 4172 8275
4185 4188 8342
4141 4170 8292
4102 4120 8214
4126 4143 8237
4023 4063 8058
4010 4099 8091
4008 4074 8057
4094 4095 8163
4127 4153 8250
4189 4192 8356
4024 4112 8117
4065 4159 8200
4150 4171 8300
4152 4179 8314
4170 4179 8346
4024 4086 8091
4061 4093 8146
4147 4166 8288
4113 4162 8267
4045 4162 8186
4183 4192 8346
4192 4197 8381
4189 4193 8381
4018 4111 8125
4010 4190 8175
4044 4100 8110
4141 4155 8279
4135 4192 8321
4172 4187 8321
4099 4124 8195
4007 4089 8074
4040 4074 8105
4133 4155 8253
4109 4188 8265
4007 4130 8127
4038 4093 8128
4019 4188 8187
4149 4165 8277
4024 4041 8032
4069 4163 8203
4143 4197 8338
4112 4181 8291
4013 4071 8052
4187 4200 8351
4101 4170 8265
4181 4188 8365
4185 4195 8345
4062 4172 8203
4157 4198 8319
4069 4133 8191
4086 4098 8162
4110 4198 8305
4120 4122 8217
4044 4121 8129
4141 4196 8314
4149 4186 8332
4028 4035 8034
4107 4112 8201
4149 4168 8303
4193 4197 8358
4093 4150 8230
4037 4038 8071
4178 4181 8339
4179 4187 8353
4176 4189 8326
4022 4078 8088
4133 4191 8299
4029 4197 8216
4183 4190 8366
4068 4194 8242
4106 4124 8199
4129 4195 8304
4038 4170 8178
4081 4172 8221
4123 4169 8280
4150 4189 8302
4168 4170 8334
4087 4180 8248
4110 4139 8227
4139 4145 8274
4071 4143 8178
4129 4176 8296
4121 4136 8237
4062 4175 8224
4007 4199 8174
4167 4168 8313
4018 4155 8170
4115 4165 8248
4079 4141 8186
4152 4162 8280
4180 4199 8373
4091 4176 8258
4130 4148 8239
4118 4174 8270
4145 4192 8312
4050 4171 8209
4135 4147 8249
4175 4192 8333
4001 4108 8085
4103 4164 8237
4061 4076 8135
4162 4167 8298
4105 4166 8233
4125 4171 8282
4077 4126 8184
4151 4184 8313
4156 4164 8295
4129 4193 8300
4198 4199 8359
4063 4177 8233
4070 4107 8145
4194 4200 8364
4187 4188 8338
4095 4162 8228
4179 4188 8365
4127 4159 8277
4017 4108 8109
4027 4096 8117
4155 4167 8308
4059 4142 8199
4161 4194 8326
4073 4140 8179
4161 4174 8320
4019 4181 8164
4121 4194 8305
4129 4130 8241
4104 4170 8262
4051 4174 8201
4121 4165 8280
4029 4197 8216
4160 4177 8300
4168 4188 8329
4036 4141 8139
4116 4185 8264
4057 4185 8229
4025 4089 8087
4180 4190 8339
4016 4055 8038
4003 4034 8017
4086 4191 8267
4032 4148 8167
4059 4163 8185
4030 4081 8106
4010 4158 8156
4057 4076 8128
4106 4179 8250
4136 4195 8330
4029 4060 8058
4080 4125 8167
4082 4181 8233
4133 4198 8300
4010 4130 8120
4174 4199 8360
4053 4117 8133
4008 4190 8197
4117 4195 8278
4011 4132 8105
4063 4079 8114
4099 4112 8176
4082 4184 8229
4182 4192 8348
4130 4199 8316
4098 4155 8219
4142 4194 8310
4146 4173 8312
4052 4123 8161
4150 4152 8269
4067 4193 8242
4072 4181 8248
4001 4181 8163
4128 4177 8287
4058 4182 8204
4120 4135 8252
4088 4142 8211
4017 4073 8057
4032 4158 8158
4181 4197 8377
4148 4178 8309
4030 4163 8159
4103 4110 8201
4158 4188 8326
4021 4093 8100
4088 4110 8197
4185 4189 8368
4022 4179 8193
4145 4154 8282
4172 4173 8336
4153 4173 8307
4039 4057 8077
4048 4123 8143
4029 4177 8175
4188 4194 8363
4022 4142 8141
4081 4133 8194
4080 4125 8178
4074 4199 8254
4121 4143 8250
4067 4192 8224
4124 4161 8254
4162 4178 8315
4172 4198 8354
4151 4190 8336
4142 4182 8312
4017 4191 8188
4119 4127 8227
4190 4197 8360
4184 4200 8373
4047 4173 8197
4056 4169 8189
4125 4165 8259
4085 4091 8159
4048 4186 8232
4154 4182 8327
4055 4100 8153
4136 4167 8272
4056 4182 8221
4167 4191 8328
4129 4191 8297
4035 4130 8157
4145 4165 8306
4117 4172 8281
4082 4122 8169
4131 4163 8280
4098 4168 8249
4088 4137 8196
4002 4130 8120
4005 4051 8034
4159 4166 8296
4023 4132 8122
4055 4158 8208
4186 4190 8369
4174 4186 8342
4129 4142 8261
4133 4174 8301
4059 4064 8085
4111 4152 8239
4168 4187 8332
4115 4177 8268
4093 4118 8182
4004 4177 8157
4135 4181 8315
4127 4182 8296
4055 4128 8146
4021 4138 8145
4062 4136 8191
4011 4178 8181
4157 4198 8348
4140 4171 8294
4006 4026 8025
4117 4135 8239
4106 4158 8251
4142 4162 8300
4141 4189 8309
4072 4091 8145
4152 4157 8288
4033 4042 8062
4195 4196 8390
4124 4194 8284
4110 4140 8213
4177 4189 8342
4033 4125 8147
4132 4154 8253
4019 4143 8125
4052 4151 8166
4032 4087 8089
4090 4120 8202
4002 4189 8174
4130 4139 8261
4005 4172 8161
4116 4193 8303
4031 4132 8143
4078 4117 8180
4143 4155 8271
4109 4118 8209
4067 4096 8127
4087 4122 8182
4193 4194 8358
4151 4196 8322
4093 4124 8182
4005 4044 8012
4135 4191 8303
4157 4189 8342
4043 4108 8139
4193 4200 8364
4171 4189 8357
4007 4015 8018
4057 4140 8178
4064 4150 8211
4022 4085 8104
4164 4180 8312
4004 4121 8107
4110 4198 8298
4087 4100 8157
4166 4175 8313
4085 4128 8177
4146 4168 8305
4150 4167 8288
4093 4137 8210
4077 4195 8257
4172 4200 8340
4017 4081 8081
4093 4115 8190
4131 4178 8279
4078 4190 8253
4157 4164 8293
4148 4193 8334
4086 4154 8202
4180 4190 8347
4123 4190 8274
4195 4196 8361
4167 4191 8333
4162 4164 8306
4119 4148 8266
4057 4160 8182
4132 4180 8283
4195 4198 8372
4164 4166 8325
4097 4146 8229
4113 4169 8277
4123 4193 8297
4039 4152 8186
4145 4148 8270
4060 4065 8107
4069 4173 8207
4100 4127 8188
4100 4106 8175
4004 4101 8072
4027 4070 8088
4091 4099 8175
4096 4190 8270
4078 4193 8248
4035 4065 8069
4163 4190 8328
4007 4162 8159
4146 4171 8314
4049 4073 8106
4103 4199 8290
4113 4136 8218
4112 4141 8240
4084 4095 8151
4049 4187 8222
4126 4140 8251
4163 4189 8348
4101 4157 8248
4188 4194 8373
4152 4193 8320
4014 4107 8086
4038 4180 8217
4054 4133 8181
4181 4200 8372
4050 4167 8215
4007 4084 8056
4142 4172 8307
4087 4198 8270
4158 4198 8319
4004 4041 8044
4106 4155 8225
4030 4103 8129
4151 4159 8291
4135 4191 8288
4009 4160 8157
4063 4142 8185
4027 4092 8088
4176 4183 8332
4080 4154 8207
4026 4082 8082
4060 4174 8205
4046 4124 8134
4140 4192 8330
4128 4188 8285
4071 4131 8166
4014 4028 8032
4092 4185 8270
4108 4147 8241
4032 4178 8200
4165 4175 8324
4087 4181 8239
4135 4175 8287
4180 4181 8345
4065 4167 8218
4125 4177 8269
4084 4196 8258
4006 4011 8004
4175 4189 8340
4144 4180 8293
4171 4196 8357
4154 4171 8300
4039 4083 8105
4123 4175 8286
4037 4145 8177
4087 4094 8152
4030 4127 8151
4033 4063 8085
4111 4143 8238
4160 4167 8306
4139 4175 8288

0.010000 0.500000
