800
3884949
4064 4093 8157
4140 4184 8324
4099 4151 8250
4016 4084 8100
4174 4186 8360
4075 4191 8266
4183 4192 8375
4177 4202 8379
4104 4175 8279
4099 4132 8231
4088 4235 8323
4051 4156 8207
4089 4288 8377
4199 4297 8496
4203 4221 8424
4075 4114 8189
4143 4268 8411
4035 4061 8096
4064 4279 8343
4044 4227 8271
4068 4181 8249
4095 4181 8276
4167 4274 8441
4167 4238 8405
4077 4140 8217
4121 4130 8251
4128 4233 8361
4014 4157 8171
4020 4138 8158
4034 4241 8275
4124 4201 8325
4104 4213 8317
4003 4051 8054
4156 4164 8320
4017 4131 8148
4207 4213 8420
4169 4201 8370
4171 4296 8467
4157 4293 8450
4108 4154 8262
4050 4219 8269
4105 4238 8343
4129 4140 8269
4114 4265 8379
4115 4177 8292
4226 4258 8484
3933 4259 8192
4127 4182 8309
3996 4083 8079
4068 4227 8295
4044 4115 8159
4022 4143 8165
4046 4241 8287
4112 4158 8270
4184 4192 8376
4100 4186 8286
4029 4174 8203
4117 4277 8394
4110 4173 8283
4061 4108 8169
4241 4254 8495
3962 4077 8039
3953 4100 8053
4075 4159 8234
4234 4272 8506
4149 4196 8345
4049 4078 8127
4215 4264 8479
4021 4110 8131
4040 4206 8246
4034 4169 8203
3955 4072 8027
4100 4244 8344
3971 4174 8145
4243 4281 8524
4053 4115 8168
4179 4190 8369
4098 4179 8277
4160 4190 8350
4028 4167 8195
3996 4175 8171
3980 4222 8202
3947 4189 8136
4136 4142 8278
4066 4226 8292
4044 4263 8307
4164 4184 8348
3984 4001 7985
4023 4125 8148
4079 4140 8219
4016 4211 8227
4069 4197 8266
4076 4156 8232
4261 4269 8530
4071 4148 8219
4057 4110 8167
4113 4164 8277
4127 4129 8256
4081 4217 8298
4120 4236 8356
4240 4272 8512
4186 4204 8390
4026 4082 8108
4126 4207 8333
3941 4209 8150
4020 4031 8051
4044 4076 8120
4069 4094 8163
4223 4256 8479
3964 4188 8152
4211 4247 8458
4128 4244 8372
4203 4238 8441
3959 4162 8121
4213 4251 8464
3974 4022 7996
4106 4203 8309
4027 4258 8285
4026 4127 8153
3985 4162 8147
4009 4055 8064
3951 4109 8060
3951 4128 8079
4179 4243 8422
4182 4217 8399
4132 4171 8303
4127 4137 8264
3965 4151 8116
4064 4093 8157
4155 4227 8382
4015 4053 8068
4162 4182 8344
3968 4270 8238
4018 4267 8285
4145 4165 8310
4063 4268 8331
4062 4221 8283
4278 4300 8578
4027 4146 8173
4031 4079 8110
4206 4226 8432
4244 4274 8518
3969 4131 8100
4098 4236 8334
4135 4162 8297
3965 4022 7987
4154 4170 8324
4009 4118 8127
4138 4191 8329
4250 4262 8512
4084 4193 8277
4104 4119 8223
4218 4291 8509
3996 4129 8125
4224 4238 8462
3927 4012 7939
3976 4230 8206
4016 4189 8205
4199 4211 8410
4082 4174 8256
4022 4187 8209
4112 4142 8254
4084 4095 8179
4180 4216 8396
4024 4045 8069
4160 4201 8361
4021 4049 8070
4004 4166 8170
4162 4195 8357
4262 4285 8547
4217 4270 8487
3912 4042 7954
4045 4124 8169
4116 4260 8376
4097 4242 8339
4070 4264 8334
4224 4253 8477
4159 4203 8362
4096 4214 8310
4119 4217 8336
3989 4065 8054
4011 4121 8132
4029 4115 8144
4173 4204 8377
4047 4156 8203
4108 4120 8228
3973 4091 8064
4199 4271 8470
4094 4240 8334
4105 4279 8384
4123 4146 8269
4149 4156 8305
4257 4271 8528
4183 4211 8394
4111 4255 8366
4029 4081 8110
4018 4113 8131
4031 4221 8252
4047 4181 8228
4258 4266 8524
4261 4272 8533
4096 4226 8322
4219 4232 8451
4033 4058 8091
4159 4165 8324
4079 4147 8226
3971 4029 8000
4122 4172 8294
4278 4294 8572
4210 4256 8466
4118 4216 8334
3997 4165 8162
3925 4050 7975
4085 4132 8217
4104 4157 8261
4132 4177 8309
4260 4278 8538
4063 4159 8222
4079 4131 8210
4031 4170 8201
4022 4132 8154
4058 4175 8233
4231 4236 8467
4226 4231 8457
4034 4076 8110
4147 4178 8325
4137 4276 8413
4054 4244 8298
4235 4260 8495
4087 4108 8195
4020 4122 8142
4144 4206 8350
4198 4219 8417
3998 4048 8046
4165 4253 8418
4164 4205 8369
4053 4143 8196
4084 4183 8267
4100 4170 8270
3984 4255 8239
4147 4209 8356
3949 4024 7973
3936 4152 8088
4037 4074 8111
4085 4141 8226
4079 4293 8372
4046 4097 8143
3979 4171 8150
4042 4074 8116
4168 4171 8339
4081 4116 8197
3976 4080 8056
4112 4243 8355
4289 4299 8588
4156 4267 8423
4104 4223 8327
3991 4024 8015
4096 4194 8290
4138 4145 8283
4049 4052 8101
3998 4123 8121
3990 4244 8234
4112 4161 8273
4050 4056 8106
4002 4178 8180
4018 4050 8068
4109 4214 8323
4125 4141 8266
4158 4269 8427
4194 4274 8468
4146 4210 8356
3930 4202 8132
3985 4110 8095
4037 4150 8187
3959 4086 8045
4050 4103 8153
4011 4101 8112
3999 4095 8094
4094 4183 8277
4070 4109 8179
4234 4253 8487
3941 4112 8053
4090 4144 8234
3994 4093 8087
4167 4174 8341
4204 4217 8421
3974 4172 8146
4145 4223 8368
4161 4193 8354
4070 4209 8279
3997 4231 8228
4148 4293 8441
3995 4011 8006
4103 4152 8255
4148 4161 8309
4034 4201 8235
4158 4233 8391
4010 4178 8188
4213 4242 8455
4156 4208 8364
4108 4169 8277
3951 4110 8061
4252 4282 8534
4119 4173 8292
4001 4187 8188
4140 4263 8403
4152 4250 8402
4133 4231 8364
4052 4122 8174
4029 4136 8165
4059 4170 8229
4142 4172 8314
4147 4182 8329
4095 4128 8223
3963 4151 8114
4089 4122 8211
4062 4210 8272
4185 4248 8433
4098 4159 8257
4115 4216 8331
4137 4197 8334
4003 4183 8186
4228 4257 8485
3946 4127 8073
4002 4088 8090
4042 4213 8255
4220 4221 8441
4053 4088 8141
3937 4199 8136
4039 4073 8112
4086 4232 8318
4081 4172 8253
4015 4187 8202
4016 4164 8180
4099 4114 8213
4102 4166 8268
4150 4217 8367
4263 4294 8557
4124 4273 8397
4224 4286 8510
4054 4239 8293
4167 4239 8406
3952 4168 8120
3962 4176 8138
4196 4210 8406
4117 4265 8382
4105 4268 8373
4074 4206 8280
4225 4237 8462
4154 4252 8406
4176 4216 8392
4148 4152 8300
3999 4030 8029
4097 4135 8232
4104 4228 8332
3995 4108 8103
4019 4242 8261
4045 4145 8190
4200 4219 8419
4182 4218 8400
4235 4264 8499
4061 4148 8209
4192 4225 8417
3999 4240 8239
4210 4292 8502
4153 4221 8374
4031 4187 8218
4083 4130 8213
4163 4265 8428
4237 4255 8492
4159 4245 8404
4169 4270 8439
4146 4234 8380
4194 4245 8439
3940 4185 8125
3993 4135 8128
3995 4075 8070
4058 4156 8214
4089 4213 8302
4036 4146 8182
4221 4249 8470
4062 4178 8240
4125 4156 8281
3976 4067 8043
4006 4066 8072
4188 4195 8383
4096 4143 8239
4041 4119 8160
3988 4220 8208
4177 4217 8394
3992 4188 8180
4214 4273 8487
4079 4101 8180
4223 4228 8451
4159 4218 8377
4166 4234 8400
4003 4066 8069
4007 4159 8166
4123 4132 8255
4004 4119 8123
4013 4164 8177
4103 4143 8246
3998 4131 8129
4151 4224 8375
4004 4254 8258
3943 4092 8035
4129 4186 8315
4124 4230 8354
4101 4116 8217
4110 4222 8332
3994 4212 8206
4124 4249 8373
4163 4239 8402
4075 4106 8181
4074 4131 8205
4007 4168 8175
4031 4108 8139
4160 4166 8326
4038 4170 8208
4062 4104 8166
4102 4179 8281
4015 4120 8135
4056 4152 8208
4071 4125 8196
3946 4217 8163
4199 4212 8411
3936 4030 7966
4104 4237 8341
4021 4173 8194
4056 4257 8313
4167 4250 8417
4236 4255 8491
4052 4075 8127
4055 4193 8248
4031 4119 8150
4085 4214 8299
4031 4132 8163
4130 4148 8278
4129 4214 8343
4061 4097 8158
3954 4138 8092
4085 4232 8317
4163 4176 8339
3962 4082 8044
4246 4278 8524
4273 4285 8558
4226 4242 8468
4231 4258 8489
4113 4151 8264
4039 4086 8125
4171 4245 8416
4098 4183 8281
4176 4230 8406
3967 4095 8062
4116 4270 8386
4034 4113 8147
4108 4197 8305
4210 4265 8475
4209 4237 8446
4211 4224 8435
4226 4263 8489
4173 4191 8364
4103 4246 8349
4202 4207 8409
4152 4156 8308
4130 4172 8302
4221 4237 8458
3985 4020 8005
3987 4200 8187
4056 4149 8205
4176 4190 8366
4047 4105 8152
4097 4224 8321
4215 4254 8469
4131 4152 8283
4155 4245 8400
4085 4127 8212
4121 4181 8302
4124 4132 8256
4038 4050 8088
3962 4079 8041
4253 4258 8511
4288 4296 8584
4099 4108 8207
4191 4213 8404
4057 4094 8151
4119 4136 8255
4047 4183 8230
4094 4150 8244
4040 4106 8146
4044 4123 8167
4043 4284 8327
3980 4095 8075
4070 4106 8176
4035 4066 8101
4086 4226 8312
3986 4031 8017
4035 4069 8104
4136 4182 8318
4131 4247 8378
4078 4123 8201
4170 4202 8372
4143 4288 8431
4210 4237 8447
4165 4230 8395
4160 4234 8394
4111 4137 8248
4070 4166 8236
4188 4255 8443
4189 4296 8485
4076 4142 8218
4123 4151 8274
4061 4218 8279
4258 4276 8534
4195 4268 8463
4207 4258 8465
4232 4267 8499
4134 4243 8377
4145 4225 8370
4018 4086 8104
4172 4202 8374
3922 4258 8180
4022 4143 8165
4227 4267 8494
4080 4113 8193
4058 4108 8166
4168 4211 8379
4033 4071 8104
4086 4234 8320
4275 4289 8564
4209 4215 8424
4267 4273 8540
4049 4270 8319
4012 4261 8273
4022 4228 8250
3928 4007 7935
4051 4260 8311
4159 4162 8321
4014 4123 8137
4067 4136 8203
4019 4152 8171
3928 4030 7958
4184 4253 8437
4077 4128 8205
4056 4235 8291
4147 4239 8386
4269 4271 8540
4131 4230 8361
4108 4119 8227
3957 4166 8123
4257 4273 8530
3971 4238 8209
4087 4165 8252
4037 4170 8207
4081 4119 8200
4206 4248 8454
4146 4249 8395
4181 4218 8399
4039 4120 8159
4036 4166 8202
4103 4260 8363
3950 4028 7978
4029 4100 8129
4017 4236 8253
4068 4151 8219
4013 4046 8059
4132 4281 8413
4120 4205 8325
4108 4197 8305
4195 4270 8465
4065 4102 8167
4123 4144 8267
4077 4120 8197
4085 4141 8226
4145 4175 8320
3979 4054 8033
3948 4215 8163
4046 4057 8103
4142 4228 8370
4150 4188 8338
4131 4234 8365
4127 4230 8357
4126 4241 8367
4022 4053 8075
4241 4266 8507
4055 4082 8137
4139 4154 8293
4112 4263 8375
4030 4059 8089
4267 4269 8536
4071 4170 8241
3977 4231 8208
4119 4163 8282
4085 4105 8190
4217 4283 8500
4018 4099 8117
4176 4203 8379
4098 4119 8217
4048 4198 8246
4020 4215 8235
3955 4093 8048
4126 4143 8269
4292 4298 8590
4162 4187 8349
4053 4117 8170
4212 4254 8466
4222 4239 8461
4103 4116 8219
4155 4183 8338
4105 4135 8240
4014 4128 8142
4200 4283 8483
4105 4177 8282
3988 4171 8159
4228 4278 8506
4135 4190 8325
4091 4259 8350
4076 4276 8352
4183 4242 8425
3979 4036 8015
4200 4264 8464
4140 4166 8306
4111 4172 8283
4072 4280 8352
4196 4213 8409
4057 4173 8230
4138 4149 8287
3975 4073 8048
4077 4126 8203
3983 4160 8143
4160 4166 8326
4114 4151 8265
4092 4115 8207
4256 4285 8541
4182 4224 8406
4108 4178 8286
4262 4286 8548
4031 4086 8117
4069 4133 8202
4153 4156 8309
4089 4166 8255
4003 4069 8072
4232 4269 8501
4214 4224 8438
4078 4099 8177
4195 4197 8392
4065 4245 8310
4104 4111 8215
4002 4104 8106
4172 4189 8361
4163 4269 8432
4114 4184 8298
4014 4161 8175
4216 4265 8481
4223 4259 8482
4216 4220 8436
4123 4212 8335
4178 4233 8411
4209 4235 8444
4172 4273 8445
4164 4216 8380
4074 4151 8225
3975 4018 7993
4021 4090 8111
3988 4075 8063
4007 4157 8164
3991 4158 8149
4142 4158 8300
4088 4242 8330
4056 4135 8191
4087 4164 8251
4155 4161 8316
4089 4108 8197
4203 4206 8409
4075 4217 8292
4241 4270 8511
3998 4099 8097
4052 4150 8202
4200 4206 8406
4050 4133 8183
4244 4270 8514
4208 4225 8433
4109 4135 8244
4102 4231 8333
4111 4264 8375
4081 4175 8256
3950 4027 7977
4037 4186 8223
4169 4196 8365
4146 4158 8304
4107 4238 8345
4038 4251 8289
4079 4205 8284
4090 4129 8219
3927 4148 8075
4247 4266 8513
4033 4184 8217
4066 4124 8190
4223 4226 8449
4087 4128 8215
4190 4204 8394
4132 4133 8265
4172 4228 8400
4002 4105 8107
4094 4259 8353
4067 4090 8157
4162 4182 8344
4249 4293 8542
4094 4272 8366
4088 4162 8250
4126 4189 8315
4111 4168 8279
4219 4230 8449
4231 4294 8525
3989 4234 8223
4164 4188 8352
4022 4102 8124
4080 4153 8233
4210 4215 8425
4154 4208 8362
4171 4181 8352
4095 4185 8280
4180 4284 8464
4065 4083 8148
3934 4088 8022
4236 4297 8533
4138 4140 8278
3950 4115 8065
4055 4262 8317
3947 4047 7994
3956 4186 8142
4165 4175 8340
4209 4211 8420
4045 4184 8229
4207 4246 8453
4217 4251 8468
4125 4202 8327
4023 4151 8174
4016 4122 8138
4020 4111 8131
4129 4187 8316
4238 4263 8501
4032 4231 8263
4164 4276 8440
4234 4247 8481
3964 4222 8186
3997 4277 8274
4094 4180 8274
4142 4183 8325
3965 4185 8150
3957 4098 8055
4098 4208 8306
4260 4278 8538
4224 4225 8449
4060 4164 8224
4014 4279 8293
4081 4125 8206
4070 4232 8302
4076 4220 8296
4028 4178 8206
4040 4212 8252
4120 4136 8256
4078 4176 8254
4222 4224 8446
4098 4239 8337
4180 4189 8369
4111 4268 8379
3996 4242 8238
4081 4101 8182
4073 4204 8277
4022 4092 8114
4125 4283 8408
4163 4240 8403
4199 4200 8399
4046 4091 8137
4078 4080 8158
4126 4142 8268
4099 4136 8235
4199 4249 8448
4220 4268 8488
4227 4263 8490
4094 4112 8206
4139 4300 8439
3924 4205 8129
4114 4117 8231
4172 4206 8378
4180 4211 8391
4155 4223 8378
4011 4042 8053
4012 4057 8069
4084 4144 8228
4093 4134 8227
4108 4114 8222
4081 4262 8343
4006 4085 8091
3969 4167 8136
3972 4071 8043
4263 4265 8528
4179 4203 8382
4126 4168 8294

4040 4144 8174
4082 4102 8162
4163 4184 8324
4107 4113 8195
4131 4133 8241
4098 4179 8258
4112 4163 8257
4155 4164 8307
4053 4104 8155
4124 4155 8245
4081 4160 8221
4045 4165 8189
4073 4200 8262
4194 4199 8356
4103 4133 8231
4015 4173 8151
4121 4187 8299
4011 4161 8150
4076 4184 8243
4104 4147 8244
4030 4091 8111
4153 4182 8328
4192 4199 8375
4160 4192 8327
4010 4042 8038
4033 4086 8099
4181 4197 8344
4108 4160 8246
4080 4200 8275
4113 4177 8280
4050 4145 8172
4108 4200 8275
4090 4091 8153
4169 4173 8313
4052 4110 8136
4115 4142 8251
4167 4185 8327
4187 4200 8353
4170 4195 8339
4039 4083 8112
4073 4122 8172
4172 4190 8359
4088 4098 8155
4186 4192 8353
4171 4195 8349
4168 4200 8339
4027 4173 8172
4070 4180 8248
4079 4140 8183
4143 4185 8289
4017 4021 8021
4017 4118 8122
4097 4164 8259
4185 4194 8340
4085 4092 8168
4050 4116 8132
4060 4082 8112
4147 4186 8305
4134 4146 8252
4082 4182 8263
4143 4162 8304
4003 4046 8034
4049 4075 8089
4163 4193 8331
4170 4183 8324
4118 4175 8265
4009 4036 8030
4124 4192 8311
4109 4171 8241
4024 4159 8164
4129 4182 8295
4011 4060 8065
4114 4192 8299
4023 4175 8182
4184 4196 8357
4042 4193 8226
4081 4097 8175
4150 4156 8294
4072 4170 8209
4110 4137 8233
4017 4103 8119
4025 4199 8207
4028 4145 8158
4057 4136 8190
4000 4141 8135
4104 4185 8256
4164 4184 8322
4007 4031 8009
4001 4097 8087
4141 4197 8307
4114 4144 8239
4123 4160 8253
4175 4199 8336
4173 4178 8340
4103 4137 8225
4156 4170 8305
4053 4103 8154
4062 4136 8197
4084 4183 8247
4156 4166 8319
4186 4193 8348
4088 4117 8180
4042 4059 8099
4162 4189 8315
4019 4116 8103
4012 4094 8105
4076 4092 8146
4009 4121 8105
4135 4200 8320
4055 4131 8153
4155 4188 8307
4081 4150 8216
4193 4197 8365
4024 4183 8185
4190 4191 8371
4011 4040 8029
4125 4176 8281
4125 4195 8284
4117 4157 8250
4005 4130 8110
4096 4122 8194
4012 4182 8168
4032 4064 8067
4134 4153 8280
4120 4131 8238
4181 4197 8366
4197 4199 8380
4002 4069 8038
4097 4114 8190
4079 4158 8221
4095 4101 8195
4080 4155 8234
4057 4185 8210
4067 4168 8214
4096 4150 8230
4106 4199 8298
4148 4196 8311
4198 4200 8381
4034 4187 8187
4035 4094 8125
4179 4186 8326
4151 4184 8316
4069 4195 8232
4047 4142 8169
4089 4144 8212
4017 4083 8062
4162 4188 8347
4054 4097 8143
4116 4120 8223
4197 4200 8375
4026 4100 8102
4071 4119 8174
4130 4197 8310
4081 4127 8205
4149 4151 8268
4019 4039 8038
4016 4131 8123
4092 4127 8192
4177 4181 8352
4098 4198 8270
4012 4152 8134
4159 4184 8316
4050 4123 8135
4149 4159 8279
4112 4134 8218
4169 4200 8368
4066 4088 8139
4047 4134 8144
4167 4197 8328
4186 4199 8353
4129 4190 8303
4002 4010 8011
4004 4037 8020
4167 4179 8343
4111 4150 8252
4040 4168 8186
4176 4191 8328
4138 4159 8291
4074 4146 8199
4098 4128 8222
4000 4123 8117
4023 4113 8114
4014 4068 8078
4116 4126 8217
4130 4146 8261
4046 4064 8079
4012 4082 8074
4164 4195 8347
4137 4181 8286
4154 4196 8324
4194 4198 8380
4102 4196 8276
4170 4194 8358
4108 4149 8256
4058 4168 8218
4027 4157 8170
4050 4179 8227
4103 4199 8297
4130 4161 8270
4158 4166 8294
4197 4198 8390
4085 4179 8243
4163 4191 8318
4012 4013 7998
4165 4190 8344
4009 4157 8137
4067 4079 8112
4077 4131 8181
4199 4200 8374
4166 4170 8309
4047 4121 8147
4042 4106 8140
4004 4030 8015
4037 4088 8115
4111 4134 8241
4188 4197 8376
4169 4193 8361
4060 4072 8107
4037 4098 8115
4031 4100 8110
4042 4064 8084
4143 4162 8272
4147 4167 8282
4162 4180 8338
4003 4174 8163
4118 4165 8259
4134 4192 8310
4150 4174 8285
4176 4183 8328
4045 4049 8090
4078 4193 8234
4112 4125 8198
4105 4121 8196
4094 4117 8208
4175 4188 8342
4098 4132 8202
4141 4194 8306
4002 4155 8133
4087 4144 8219
4084 4170 8240
4082 4177 8251
4000 4034 7997
4023 4186 8184
4025 4120 8141
4027 4060 8055
4173 4197 8343
4143 4157 8296
4024 4076 8078
4016 4029 8030
4090 4098 8173
4103 4135 8236
4030 4067 8063
4154 4168 8319
4194 4199 8384
4062 4181 8226
4188 4200 8375
4003 4101 8081
4101 4112 8183
4083 4154 8221
4099 4139 8230
4030 4145 8171
4071 4180 8250
4185 4194 8361
4000 4148 8144
4033 4135 8146
4084 4093 8152
4082 4160 8231
4078 4094 8169
4095 4190 8254
4112 4183 8260
4056 4132 8184
4027 4109 8104
4041 4187 8199
4081 4147 8206
4011 4086 8091
4111 4128 8218
4029 4090 8088
4016 4184 8167
4017 4187 8171
4131 4142 8247
4151 4154 8271
4012 4195 8200
4074 4075 8131
4034 4068 8096
4118 4119 8210
4199 4200 8378
4030 4093 8102
4153 4159 8293
4135 4191 8297
4107 4132 8209
4069 4200 8256
4162 4193 8322
4049 4076 8121
4084 4164 8229
4191 4193 8364
4131 4197 8293
4157 4177 8322
4054 4144 8197
4153 4163 8281
4154 4167 8307
4091 4099 8186
4002 4148 8127
4188 4194 8360
4053 4110 8144
4056 4173 8193
4160 4175 8309
4159 4167 8311
4138 4200 8324
4051 4111 8154
4043 4068 8097
4142 4177 8308
4120 4130 8246
4110 4123 8209
4022 4143 8154
4021 4147 8134
4153 4196 8326
4080 4133 8211
4086 4163 8232
4076 4163 8206
4108 4140 8217
4072 4108 8166
4089 4169 8250
4169 4187 8341
4033 4081 8109
4050 4154 8180
4086 4195 8248
4183 4185 8349
4073 4081 8131
4001 4137 8110
4040 4100 8139
4087 4157 8234
4066 4161 8215
4057 4182 8210
4001 4140 8116
4008 4101 8103
4078 4099 8163
4178 4185 8326
4187 4200 8380
4179 4196 8373
4188 4191 8354
4109 4174 8247
4127 4141 8252
4046 4088 8113
4034 4088 8099
4111 4192 8288
4134 4197 8310
4175 4183 8349
4148 4184 8320
4188 4192 8366
4199 4200 8380
4176 4196 8336
4157 4198 8328
4076 4127 8174
4089 4120 8202
4172 4175 8312
4005 4145 8120
4023 4192 8189
4036 4087 8122
4102 4130 8201
4094 4146 8204
4192 4193 8353
4084 4128 8193
4112 4159 8266
4035 4162 8189
4192 4193 8351
4118 4157 8268
4066 4193 8238
4064 4128 8157
4141 4194 8304
4153 4185 8315
4136 4170 8280
4148 4184 8314
4150 4160 8271
4150 4181 8313
4010 4085 8082
4060 4148 8206
4055 4078 8126
4072 4180 8235
4184 4185 8355
4115 4147 8244
4127 4176 8290
4062 4085 8119
4187 4188 8343
4075 4148 8195
4071 4149 8184
4130 4132 8260
4026 4141 8158
4057 4165 8197
4059 4147 8168
4090 4146 8214
4023 4181 8197
4171 4191 8357
4179 4183 8361
4146 4182 8308
4094 4139 8212
4096 4151 8234
4082 4094 8138
4014 4167 8170
4030 4051 8051
4023 4094 8090
4090 4190 8253
4021 4059 8060
4026 4183 8185
4081 4144 8219
4098 4172 8236
4035 4057 8088
4090 4114 8182
4159 4192 8335
4019 4122 8118
4180 4195 8370
4071 4114 8182
4199 4200 8367
4088 4168 8246
4038 4127 8148
4111 4191 8276
4054 4156 8173
4025 4188 8181
4066 4078 8131
4054 4076 8129
4041 4071 8087
4049 4083 8118
4032 4060 8090
4033 4060 8070
4165 4188 8322
4020 4186 8177
4167 4182 8322
4019 4041 8043
4129 4183 8305
4016 4127 8110
4086 4167 8229
4177 4180 8328
4165 4177 8310
4006 4015 8006
4041 4103 8142
4124 4182 8276
4138 4163 8300
4030 4043 8040
4050 4084 8122
4055 4122 8176
4029 4103 8110
4011 4064 8054
4036 4153 8182
4116 4178 8274
4024 4142 8149
4151 4185 8309
4178 4199 8358
4136 4150 8278
4196 4199 8389
4144 4168 8301
4037 4053 8058
4114 4187 8278
4023 4148 8151
4130 4182 8276
4039 4065 8099
4186 4187 8368
4064 4137 8183
4084 4138 8203
4120 4173 8257
4123 4146 8249
4167 4169 8304
4138 4179 8305
4195 4196 8355
4033 4188 8189
4174 4188 8358
4172 4185 8331
4074 4176 8214
4190 4198 8364
4045 4116 8136
4081 4112 8176
4024 4061 8051
4092 4173 8227
4108 4184 8285
4134 4172 8304
4198 4200 8360
4038 4135 8149
4179 4186 8356
4078 4152 8226
4068 4197 8250
4135 4198 8303
4070 4148 8201
4030 4062 8076
4160 4167 8305
4197 4198 8380
4018 4037 8037
4179 4200 8344
4053 4063 8103
4105 4115 8205
4075 4137 8176
4107 4117 8186
4114 4161 8238
4091 4147 8204
4036 4199 8214
4061 4183 8234
4096 4167 8262
4110 4163 8246
4186 4192 8365
4037 4068 8070
4085 4094 8144
4189 4197 8377
4177 4191 8333
4135 4142 8250
4168 4195 8362
4143 4192 8298
4149 4150 8283
4167 4182 8334
4087 4200 8280
4126 4161 8257
4106 4109 8179
4154 4176 8316
4149 4200 8326
4097 4128 8204
4169 4180 8343
4025 4199 8203
4174 4182 8342
4186 4187 8365
4174 4194 8364
4167 4182 8334
4117 4194 8291
4096 4135 8197
4117 4153 8260
4160 4164 8287
4016 4162 8155
4103 4118 8203
4168 4189 8319
4009 4048 8044
4082 4119 8173
4150 4175 8301
4000 4003 7983
4012 4157 8133
4186 4200 8372
4113 4115 8193
4167 4176 8320
4045 4179 8214
4014 4194 8194
4066 4161 8192
4008 4027 8005
4082 4186 8233
4157 4168 8319
4106 4123 8222
4099 4199 8290
4115 4127 8240
4025 4079 8070
4092 4178 8251
4106 4126 8226
4135 4140 8256
4192 4198 8382
4170 4176 8319
4127 4130 8252
4144 4169 8276
4026 4104 8129
4174 4200 8362
4033 4197 8202
4034 4087 8115
4025 4103 8094
4063 4073 8114
4144 4176 8319
4068 4190 8246
4159 4187 8332
4051 4151 8195
4064 4120 8154
4080 4186 8262
4047 4063 8077
4048 4060 8099
4062 4180 8225
4056 4134 8183
4034 4096 8094
4195 4196 8385
4116 4161 8248
4013 4178 8170
4121 4197 8309
4024 4190 8194
4028 4180 8183
4137 4171 8269
4102 4131 8201
4104 4180 8272
4058 4073 8101
4045 4118 8138
4010 4016 8012
4158 4168 8324
4120 4196 8308
4057 4161 8181
4199 4200 8388
4095 4142 8221
4016 4130 8129
4181 4191 8351
4140 4144 8268
4058 4063 8086
4193 4195 8355
4095 4101 8184
4187 4192 8356
4044 4104 8122
4046 4193 8238
4167 4180 8309
4110 4133 8205
4173 4191 8356
4060 4094 8117
4085 4104 8183
4150 4178 8323
4119 4194 8280
4081 4165 8223
4052 4169 8200
4143 4154 8291
4196 4200 8373
4156 4173 8323
4096 4112 8187
4115 4176 8282
4155 4186 8314
4105 4151 8245
4163 4191 8338
4195 4197 8356
4062 4073 8105
4182 4200 8369
4183 4185 8346
4036 4142 8160
4133 4183 8286
4173 4196 8368
4123 4192 8293
4146 4189 8332
4137 4173 8289
4039 4063 8088
4161 4189 8329
4097 4190 8285
4115 4134 8239
4074 4186 8223
4137 4184 8300
4109 4175 8256
4042 4086 8103
4010 4094 8074
4085 4192 8255
4063 4099 8154
4070 4142 8210
4122 4162 8246
4129 4156 8266
4178 4191 8357
4195 4199 8370
4024 4132 8126
4197 4200 8391
4068 4169 8228
4114 4144 8246
4151 4165 8285
4111 4189 8271
4018 4077 8092
4164 4200 8360
4125 4180 8292
4080 4153 8229
4124 4129 8235
4108 4177 8253
4167 4185 8350
4019 4066 8053
4099 4113 8175
4196 4198 8388
4199 4200 8366
4081 4156 8215
4132 4165 8263
4151 4162 8278
4149 4157 8305
4026 4189 8177
4139 4154 8275
4131 4140 8268
4100 4173 8264
4133 4165 8265
4022 4150 8165
4027 4052 8075
4047 4176 8200
4079 4163 8210
4101 4156 8229
4019 4146 8158
4076 4126 8164
4034 4163 8185
4120 4122 8223
4118 4134 8243
4061 4073 8129
4188 4200 8374
4165 4181 8339
4015 4177 8163
4171 4178 8314
4046 4197 8213
4089 4169 8254
4123 4175 8273
4120 4156 8273
4175 4197 8358
4185 4192 8375
4087 4119 8168
4113 4169 8273
4154 4180 8304
4038 4075 8105
4012 4118 8115
4011 4144 8132
4084 4101 8161
4158 4193 8318
4155 4157 8298
4092 4152 8230
4111 4170 8266
4111 4197 8287
4019 4142 8133
4167 4182 8337
4049 4153 8181
4092 4195 8269
4198 4199 8393
4020 4082 8072
4153 4159 8275
4112 4154 8245
4136 4176 8311
4087 4168 8236
4158 4192 8313
4146 4175 8296
4180 4185 8334
4169 4196 8364
4151 4195 8326
4172 4192 8360
4118 4144 8239
4107 4136 8224
4137 4163 8279
4195 4199 8387
4059 4179 8205
4073 4124 8171
4058 4112 8135
4065 4088 8118
4194 4196 8369
4092 4182 8242
4072 4139 8190
4061 4131 8177
4153 4187 8332
4051 4056 8080
4029 4103 8106
4199 4200 8376
4044 4064 8092
4014 4085 8085
4008 4163 8138
4038 4084 8111
4050 4163 8201
4165 4184 8332
4140 4148 8267
4069 4190 8258
4149 4150 8276
4189 4198 8375
4131 4186 8302
4044 4191 8217
4013 4065 8047
4079 4119 8164
4075 4166 8204
4155 4168 8313
4119 4148 8265
4117 4189 8298
4172 4181 8347
4000 4130 8122
4018 4193 8180
4083 4087 8155
4078 4189 8238
4033 4163 8185
4043 4117 8140
4023 4116 8118
4180 4199 8364
4162 4190 8314
4069 4148 8202
4061 4184 8220
4146 4166 8306
4134 4142 8254
4060 4200 8250
4044 4175 8201
4139 4198 8328
4025 4076 8068
4159 4174 8324
4167 4181 8325
4121 4177 8259
4140 4167 8298
4199 4200 8382
4031 4165 8175
4132 4147 8274
4115 4190 8302
4019 4084 8091
4192 4194 8365
4166 4191 8328
4151 4189 8301
4127 4165 8258
4054 4161 8189
4079 4089 8149
4048 4052 8080
4122 4161 8246
4199 4200 8381
4195 4198 8378
4193 4197 8368
4198 4200 8384
4019 4133 8143
4197 4200 8391
4196 4197 8356
4195 4197 8378
4109 4173 8274
4073 4087 8139
4065 4108 8146
4168 4172 8336
4075 4172 8211
4041 4147 8150
4152 4183 8330
4031 4140 8142
4008 4149 8142
4033 4038 8053
4167 4174 8319
4110 4122 8198
4199 4200 8387

0.010000 0.590000
