800
3424479
4131 4178 8309
3958 4215 8173
4128 4147 8275
4189 4221 8410
4229 4273 8502
4137 4206 8343
4048 4134 8182
4081 4155 8236
4164 4177 8341
4170 4183 8353
4108 4285 8393
3991 4112 8103
4112 4128 8240
4055 4252 8307
4120 4123 8243
4173 4249 8422
4016 4022 8038
4061 4075 8136
4048 4229 8277
4153 4201 8354
4125 4139 8264
4000 4055 8055
4031 4050 8081
4101 4206 8307
4121 4264 8385
4224 4259 8483
4142 4270 8412
4109 4151 8260
4123 4272 8395
4177 4252 8429
4056 4089 8145
4153 4279 8432
4121 4206 8327
3990 4060 8050
4157 4162 8319
4065 4155 8220
4152 4233 8385
4076 4123 8199
4167 4168 8335
4159 4219 8378
4030 4097 8127
4087 4218 8305
4024 4065 8089
4152 4154 8306
4128 4234 8362
4158 4209 8367
4116 4201 8317
4133 4231 8364
4117 4220 8337
4002 4039 8041
4126 4230 8356
4156 4200 8356
4231 4257 8488
4099 4139 8238
4223 4238 8461
4092 4102 8194
4186 4268 8454
4021 4112 8133
4130 4176 8306
4139 4142 8281
4136 4225 8361
4186 4213 8399
4058 4145 8203
4131 4161 8292
4127 4268 8395
4086 4210 8296
4219 4264 8483
4091 4098 8189
4212 4214 8426
4106 4289 8395
4244 4248 8492
3982 4117 8099
4115 4238 8353
4194 4211 8405
4084 4206 8290
4037 4156 8193
4026 4148 8174
4115 4166 8281
4105 4117 8222
4123 4157 8280
4104 4183 8287
4054 4163 8217
4239 4246 8485
3964 4019 7983
3961 4226 8187
4005 4170 8175
3948 4041 7989
4106 4215 8321
4143 4183 8326
4050 4064 8114
4072 4155 8227
4021 4145 8166
3931 4090 8021
4006 4030 8036
4213 4274 8487
4021 4191 8212
4112 4187 8299
3995 4020 8015
4199 4201 8400
4069 4106 8175
4106 4197 8303
4015 4057 8072
4008 4068 8076
4012 4031 8043
4268 4282 8550
4124 4202 8326
4235 4245 8480
3970 4180 8150
4042 4098 8140
4123 4142 8265
3909 4249 8158
4173 4211 8384
4029 4163 8192
4089 4165 8254
3970 4034 8004
4149 4183 8332
4155 4161 8316
3973 4248 8221
4028 4063 8091
4255 4257 8512
4041 4115 8156
4117 4127 8244
4146 4176 8322
4204 4257 8461
4130 4218 8348
4156 4251 8407
4207 4237 8444
4207 4246 8453
4007 4213 8220
4108 4269 8377
4113 4255 8368
4015 4133 8148
4111 4165 8276
4020 4227 8247
4140 4229 8369
4173 4282 8455
4195 4291 8486
4122 4209 8331
4180 4254 8434
4037 4105 8142
3948 4028 7976
4186 4216 8402
4143 4178 8321
4043 4132 8175
4072 4208 8280
4112 4152 8264
4055 4152 8207
4216 4247 8463
4055 4203 8258
4112 4160 8272
4038 4102 8140
4000 4101 8101
3984 4056 8040
4195 4288 8483
4228 4235 8463
3955 4124 8079
4094 4095 8189
4010 4123 8133
4110 4146 8256
4056 4204 8260
4270 4276 8546
4199 4233 8432
4175 4226 8401
4269 4297 8566
4250 4254 8504
4009 4276 8285
4075 4226 8301
4079 4129 8208
4117 4171 8288
4033 4127 8160
4129 4181 8310
4041 4055 8096
4133 4230 8363
4159 4217 8376
4134 4196 8330
3981 4101 8082
4159 4171 8330
4013 4125 8138
4036 4067 8103
4076 4145 8221
4081 4097 8178
4025 4129 8154
4023 4212 8235
4132 4146 8278
4155 4257 8412
3937 4171 8108
3935 4080 8015
4178 4260 8438
3979 4222 8201
4059 4130 8189
4086 4153 8239
4053 4222 8275
4085 4178 8263
4193 4268 8461
4023 4110 8133
4081 4203 8284
4091 4116 8207
4181 4217 8398
4205 4271 8476
4223 4233 8456
4095 4148 8243
4194 4248 8442
4151 4174 8325
4144 4169 8313
4137 4143 8280
4116 4119 8235
4160 4189 8349
4152 4193 8345
4192 4212 8404
4205 4261 8466
4062 4265 8327
4064 4104 8168
4101 4169 8270
4011 4141 8152
4118 4203 8321
4085 4234 8319
4020 4196 8216
4013 4191 8204
4052 4094 8146
4012 4089 8101
4031 4127 8158
4005 4023 8028
3969 4035 8004
4117 4187 8304
4134 4265 8399
4137 4142 8279
3968 4124 8092
4059 4219 8278
4005 4136 8141
4040 4225 8265
4033 4209 8242
4196 4242 8438
4152 4225 8377
4260 4283 8543
4139 4248 8387
4090 4111 8201
4256 4287 8543
4135 4143 8278
4215 4225 8440
4146 4204 8350
4100 4242 8342
4149 4281 8430
3983 4188 8171
4097 4297 8394
4130 4146 8276
4161 4275 8436
4069 4083 8152
4137 4200 8337
4093 4134 8227
4181 4214 8395
4018 4075 8093
4162 4173 8335
4195 4250 8445
4123 4166 8289
4093 4289 8382
4090 4210 8300
4160 4231 8391
4110 4216 8326
4093 4149 8242
4109 4215 8324
4253 4267 8520
4213 4229 8442
4144 4161 8305
3985 4142 8127
4084 4184 8268
4034 4082 8116
4068 4216 8284
4201 4234 8435
4136 4181 8317
4091 4151 8242
4099 4104 8203
4108 4127 8235
4169 4190 8359
4211 4233 8444
4087 4105 8192
4132 4256 8388
4228 4251 8479
4207 4224 8431
4100 4106 8206
4088 4144 8232
4129 4237 8366
4063 4159 8222
4097 4189 8286
4191 4225 8416
4236 4240 8476
4127 4244 8371
4125 4154 8279
3967 4070 8037
4011 4058 8069
4013 4018 8031
4220 4273 8493
4256 4266 8522
4093 4280 8373
4213 4277 8490
4005 4056 8061
3988 4263 8251
4044 4165 8209
4155 4158 8313
4007 4184 8191
4199 4268 8467
4038 4093 8131
4021 4195 8216
4174 4248 8422
4235 4273 8508
4063 4136 8199
4115 4159 8274
4162 4195 8357
4171 4225 8396
3934 4227 8161
4092 4209 8301
4049 4224 8273
4103 4198 8301
3970 4060 8030
4265 4266 8531
4054 4246 8300
4070 4127 8197
4084 4222 8306
4081 4150 8231
4171 4188 8359
4085 4101 8186
4038 4240 8278
4062 4136 8198
4036 4136 8172
4093 4211 8304
3957 4163 8120
4090 4225 8315
4100 4146 8246
4292 4294 8586
4082 4219 8301
4078 4096 8174
4286 4289 8575
4289 4296 8585
4123 4239 8362
4123 4153 8276
4163 4240 8403
4149 4195 8344
4047 4070 8117
4055 4154 8209
4020 4154 8174
4162 4228 8390
4116 4295 8411
4085 4151 8236
4006 4198 8204
4186 4224 8410
4132 4214 8346
4181 4248 8429
4151 4179 8330
4114 4149 8263
4140 4194 8334
4119 4135 8254
4145 4223 8368
4127 4173 8300
4178 4207 8385
4262 4275 8537
3965 4107 8072
4164 4271 8435
3950 4091 8041
4063 4234 8297
4004 4059 8063
4074 4075 8149
4092 4232 8324
4132 4183 8315
4117 4179 8296
4083 4101 8184
4003 4185 8188
4106 4137 8243
4056 4230 8286
4204 4208 8412
4173 4254 8427
4015 4126 8141
4043 4123 8166
4027 4185 8212
4205 4220 8425
4171 4211 8382
4164 4207 8371
4078 4119 8197
3988 4139 8127
4082 4131 8213
4146 4183 8329
4035 4260 8295
4134 4180 8314
4169 4243 8412
3990 4105 8095
4036 4164 8200
4098 4109 8207
4165 4251 8416
4145 4215 8360
4080 4128 8208
4084 4187 8271
4123 4271 8394
4190 4284 8474
4239 4253 8492
4027 4212 8239
4212 4240 8452
4034 4184 8218
4103 4186 8289
4033 4110 8143
4098 4149 8247
4106 4167 8273
3970 4023 7993
4116 4235 8351
4070 4176 8246
4108 4205 8313
4064 4107 8171
4195 4197 8392
4147 4183 8330
4053 4176 8229
4068 4176 8244
4159 4297 8456
3974 4010 7984
3940 4229 8169
4064 4092 8156
4023 4149 8172
4010 4045 8055
4212 4254 8466
4127 4169 8296
4104 4128 8232
4082 4202 8284
4132 4233 8365
4078 4246 8324
4001 4067 8068
4176 4236 8412
3955 4243 8198
4230 4267 8497
4187 4210 8397
3963 4220 8183
4118 4151 8269
4073 4213 8286
3954 4040 7994
4141 4156 8297
4269 4283 8552
4087 4151 8238
3912 3992 7904
4105 4183 8288
4018 4136 8154
4079 4133 8212
4062 4244 8306
4023 4250 8273
4089 4162 8251
4243 4257 8500
4171 4194 8365
4138 4154 8292
4027 4042 8069
4069 4129 8198
4208 4211 8419
4049 4153 8202
3954 4187 8141
4099 4220 8319
4078 4160 8238
4197 4271 8468
4232 4281 8513
4160 4196 8356
3974 4006 7980
4006 4149 8155
4074 4129 8203
4010 4286 8296
3977 4152 8129
4143 4151 8294
4085 4117 8202
3950 4165 8115
4090 4091 8181
4113 4201 8314
4171 4198 8369
3950 4014 7964
4091 4107 8198
4112 4206 8318
4106 4270 8376
4059 4201 8260
4029 4033 8062
4090 4224 8314
4076 4128 8204
4145 4219 8364
4019 4061 8080
3954 3997 7951
4154 4231 8385
3988 4215 8203
3964 4134 8098
4041 4048 8089
4171 4180 8351
4182 4254 8436
4091 4135 8226
4052 4185 8237
4106 4146 8252
3959 4227 8186
4041 4156 8197
4084 4148 8232
4052 4181 8233
4153 4258 8411
4069 4242 8311
4136 4157 8293
4160 4274 8434
3984 4171 8155
4197 4203 8400
4178 4206 8384
4168 4183 8351
4130 4151 8281
4144 4250 8394
4076 4089 8165
4160 4170 8330
4038 4216 8254
4243 4279 8522
4000 4102 8102
4048 4175 8223
4043 4111 8154
4034 4183 8217
4065 4103 8168
4150 4213 8363
4153 4199 8352
4111 4121 8232
4050 4058 8108
4160 4222 8382
4135 4277 8412
4093 4218 8311
4155 4156 8311
3990 4109 8099
4114 4286 8400
4075 4160 8235
4139 4199 8338
4158 4221 8379
4024 4158 8182
3974 4150 8124
4216 4238 8454
4090 4091 8181
4039 4191 8230
4072 4240 8312
4138 4299 8437
4181 4219 8400
4157 4251 8408
4112 4121 8233
4062 4080 8142
4024 4124 8148
4051 4168 8219
4132 4229 8361
4136 4278 8414
4035 4075 8110
4059 4156 8215
4204 4282 8486
4131 4171 8302
4267 4277 8544
3952 4149 8101
4062 4282 8344
4119 4177 8296
4158 4180 8338
4098 4162 8260
4132 4195 8327
4092 4253 8345
4059 4117 8176
4098 4117 8215
4092 4174 8266
4109 4194 8303
3959 3983 7942
4096 4114 8210
4125 4283 8408
4185 4190 8375
4058 4091 8149
4107 4153 8260
4127 4258 8385
4091 4139 8230
4098 4131 8229
4009 4030 8039
4049 4149 8198
4005 4058 8063
4219 4231 8450
4009 4117 8126
4227 4289 8516
4045 4218 8263
3993 4085 8078
3926 4237 8163
3974 4119 8093
4020 4041 8061
4097 4157 8254
4156 4221 8377
4072 4086 8158
4101 4110 8211
4040 4068 8108
4229 4231 8460
4155 4202 8357
4049 4090 8139
4195 4248 8443
4034 4166 8200
4078 4096 8174
4124 4190 8314
4253 4267 8520
4223 4271 8494
3934 4108 8042
4027 4162 8189
4127 4171 8298
3964 4119 8083
4198 4200 8398
4045 4108 8153
4019 4170 8189
4009 4232 8241
4110 4223 8333
4034 4089 8123
4073 4272 8345
4054 4107 8161
3980 4061 8041
4139 4142 8281
4133 4161 8294
4276 4279 8555
4200 4251 8451
4120 4231 8351
3979 4023 8002
4033 4127 8160
4130 4282 8412
4062 4269 8331
4114 4150 8264
4033 4246 8279
4012 4204 8216
4174 4274 8448
4129 4192 8321
4097 4173 8270
4009 4239 8248
4110 4193 8303
4207 4261 8468
4118 4264 8382
4124 4211 8335
4076 4150 8226
4113 4215 8328
3999 4172 8171
4113 4262 8375
4128 4147 8275
4122 4160 8282
4140 4225 8365
4238 4244 8482
3983 4132 8115
4046 4197 8243
4165 4206 8371
3977 4235 8212
4003 4090 8093
3975 4194 8169
4130 4216 8346
3986 4138 8124
3980 4144 8124
4127 4194 8321
4074 4092 8166
4028 4099 8127
4153 4244 8397
4234 4254 8488
4186 4254 8440
3954 3999 7953
4279 4296 8575
4022 4032 8054
4071 4275 8346
4153 4223 8376
4035 4263 8298
4002 4072 8074
4252 4264 8516
4129 4168 8297
4127 4152 8279
4088 4161 8249
4203 4227 8430
4052 4217 8269
4223 4242 8465
4063 4128 8191
4219 4233 8452
4069 4094 8163
4034 4164 8198
3996 4037 8033
3993 4079 8072
3991 4037 8028
4256 4292 8548
4180 4181 8361
4132 4228 8360
4151 4221 8372
4130 4240 8370
4088 4222 8310
4019 4091 8110
4187 4190 8377
4022 4239 8261
4107 4123 8230
4115 4147 8262
4127 4256 8383
4152 4224 8376
3981 4196 8177
4203 4241 8444
3979 4151 8130
4223 4270 8493
3936 4077 8013
4020 4165 8185
4216 4222 8438
4160 4251 8411
4020 4147 8167
4046 4071 8117
4070 4093 8163
4154 4249 8403
4171 4268 8439
4180 4291 8471
4070 4073 8143
4092 4105 8197
4124 4254 8378
4117 4142 8259
4167 4210 8377
3993 4173 8166
4028 4142 8170
4183 4229 8412
3996 4192 8188
4221 4254 8475
4036 4194 8230
4159 4171 8330
3993 4071 8064
4049 4190 8239
4104 4114 8218
4200 4203 8403
4175 4286 8461
3938 4144 8082
4115 4224 8339
4032 4070 8102
4114 4228 8342
4134 4201 8335
4084 4144 8228
4093 4100 8193
4053 4088 8141
4273 4278 8551
4088 4265 8353
4027 4129 8156
4276 4292 8568
4170 4191 8361
4131 4219 8350
4162 4244 8406
4243 4268 8511
4195 4197 8392
4131 4149 8280
4054 4185 8239
4161 4253 8414
4110 4188 8298
4088 4110 8198
4101 4114 8215
3984 4168 8152
4006 4223 8229
4207 4232 8439
4058 4185 8243
3990 4110 8100
4161 4204 8365
4091 4105 8196
4209 4219 8428
3937 4051 7988
4204 4240 8444
4221 4268 8489
4015 4175 8190
4033 4113 8146
4151 4178 8329
4113 4252 8365
4067 4134 8201
3999 4161 8160
4024 4181 8205
4148 4174 8322
4123 4217 8340
4089 4169 8258
4057 4156 8213
4022 4279 8301
4194 4215 8409
4190 4202 8392
4127 4239 8366
4065 4107 8172
3988 4121 8109
4143 4173 8316
4128 4233 8361
3948 4068 8016
4040 4047 8087
4102 4293 8395
3984 4072 8056
4217 4238 8455
4081 4123 8204
3964 4132 8096
4094 4188 8282
4080 4097 8177
4198 4237 8435
4209 4242 8451
3970 4150 8120
3981 4253 8234
4029 4198 8227
4127 4206 8333
4112 4194 8306
4210 4214 8424
4065 4083 8148
4214 4241 8455
4079 4196 8275
4159 4197 8356
4132 4183 8315
4013 4171 8184
4034 4202 8236
4010 4233 8243
4092 4129 8221
4012 4153 8165
4111 4115 8226
3995 4101 8096
4190 4198 8388
4081 4108 8189
4090 4242 8332
4126 4157 8283
3956 4161 8117
4224 4274 8498
4103 4106 8209
3965 3992 7957
4289 4296 8585
3940 4033 7973
3983 4164 8147
4054 4252 8306
4183 4187 8370

4130 4138 8255
4025 4117 8118
4053 4190 8224
4156 4168 8318
4159 4176 8310
4116 4129 8208
4057 4184 8228
4071 4092 8131
4193 4197 8352
4099 4189 8263
4124 4194 8292
4016 4178 8167
4050 4073 8097
4087 4153 8228
4035 4152 8167
4105 4173 8256
4005 4065 8059
4112 4133 8242
4146 4199 8320
4181 4193 8342
4043 4175 8202
4043 4098 8104
4104 4116 8207
4067 4133 8173
4138 4181 8290
4177 4186 8347
4122 4172 8277
4064 4077 8103
4128 4179 8286
4159 4160 8310
4151 4184 8332
4110 4184 8270
4104 4183 8277
4032 4115 8111
4060 4065 8118
4139 4180 8281
4093 4140 8212
4161 4192 8316
4085 4092 8160
4100 4153 8221
4073 4138 8188
4077 4188 8231
4065 4158 8217
4086 4133 8199
4159 4164 8307
4160 4169 8311
4084 4111 8169
4199 4200 8376
4176 4178 8330
4062 4086 8115
4103 4189 8253
4156 4187 8333
4140 4157 8280
4053 4149 8192
4170 4178 8313
4013 4022 8001
4187 4188 8364
4048 4053 8094
4063 4170 8232
4058 4153 8202
4134 4181 8281
4176 4177 8333
4086 4141 8215
4071 4081 8150
4068 4175 8233
4123 4181 8296
4189 4195 8357
4156 4196 8335
4181 4191 8350
4184 4196 8377
4176 4181 8323
4016 4174 8153
4121 4142 8227
4190 4192 8358
4103 4170 8252
4065 4086 8149
4072 4120 8167
4117 4119 8200
4110 4135 8225
4126 4165 8280
4018 4140 8145
4124 4189 8309
4148 4175 8298
4016 4098 8097
4034 4159 8167
4018 4071 8075
4034 4125 8140
4115 4197 8280
4069 4166 8204
4032 4100 8118
4007 4099 8088
4078 4187 8248
4001 4108 8091
4023 4094 8116
4181 4187 8343
4050 4109 8125
4030 4147 8175
4010 4067 8063
4106 4127 8202
4003 4058 8030
4174 4193 8360
4029 4044 8058
4031 4049 8065
4047 4085 8113
4169 4188 8347
4194 4195 8368
4167 4171 8299
4052 4084 8118
4124 4126 8228
4112 4170 8266
4007 4197 8180
4157 4191 8313
4001 4106 8081
4176 4177 8325
4067 4093 8123
4081 4140 8194
4086 4188 8238
4057 4164 8199
4008 4055 8041
4181 4187 8353
4110 4114 8220
4100 4113 8176
4086 4139 8199
4198 4199 8374
4158 4171 8297
4194 4195 8370
4184 4196 8365
4173 4189 8347
4025 4142 8160
4049 4180 8206
4147 4157 8296
4040 4107 8132
4026 4123 8118
4003 4160 8126
4177 4179 8338
4192 4193 8353
4176 4194 8363
4145 4190 8310
4103 4166 8232
4006 4055 8059
4001 4105 8097
4148 4151 8265
4195 4199 8359
4066 4083 8117
4075 4145 8198
4048 4062 8093
4092 4177 8262
4162 4193 8335
4149 4155 8289
4087 4197 8257
4034 4139 8167
4061 4200 8240
4019 4144 8151
4182 4200 8366
4138 4143 8248
4038 4182 8196
4104 4186 8285
4001 4063 8056
4095 4098 8159
4080 4115 8169
4177 4184 8331
4136 4144 8249
4141 4170 8289
4172 4199 8343
4162 4175 8329
4068 4196 8263
4123 4177 8282
4038 4066 8103
4196 4197 8356
4015 4095 8078
4045 4091 8118
4061 4126 8170
4143 4149 8254
4095 4125 8210
4100 4198 8259
4006 4106 8097
4070 4075 8138
4057 4142 8177
4090 4126 8188
4045 4049 8086
4065 4089 8144
4007 4100 8095
4077 4140 8198
4067 4121 8160
4184 4185 8363
4030 4124 8117
4024 4084 8106
4164 4191 8353
4073 4184 8222
4145 4193 8313
4182 4188 8334
4061 4148 8183
4005 4111 8080
4192 4199 8387
4092 4094 8151
4015 4123 8124
4043 4085 8095
4170 4181 8332
4186 4198 8357
4190 4194 8364
4013 4185 8192
4106 4194 8267
4053 4185 8211
4074 4098 8168
4078 4093 8155
4176 4191 8337
4158 4197 8343
4101 4155 8234
4172 4196 8331
4186 4195 8379
4104 4181 8268
4016 4053 8043
4164 4168 8321
4034 4128 8129
4130 4133 8248
4130 4174 8280
4067 4200 8261
4058 4194 8226
4019 4126 8114
4076 4084 8123
4052 4171 8219
4025 4032 8027
4008 4088 8060
4062 4110 8166
4181 4189 8341
4063 4182 8240
4025 4096 8100
4077 4146 8210
4096 4153 8216
4060 4175 8197
4118 4152 8242
4169 4192 8358
4134 4163 8283
4190 4194 8363
4085 4150 8214
4055 4182 8220
4172 4197 8367
4127 4191 8286
4140 4190 8320
4086 4188 8239
4191 4199 8380
4178 4181 8348
4039 4152 8185
4172 4200 8363
4057 4064 8089
4171 4192 8336
4140 4168 8278
4101 4196 8260
4153 4184 8332
4162 4181 8341
4000 4156 8155
4143 4171 8294
4166 4172 8313
4171 4188 8329
4130 4198 8318
4056 4162 8197
4111 4133 8239
4129 4140 8242
4082 4115 8169
4128 4159 8269
4196 4200 8383
4144 4155 8267
4153 4164 8306
4024 4114 8105
4106 4118 8209
4125 4164 8252
4098 4200 8271
4129 4148 8238
4070 4146 8189
4142 4146 8260
4073 4076 8117
4020 4089 8084
4165 4184 8334
4154 4158 8308
4158 4200 8324
4039 4176 8191
4150 4172 8292
4166 4173 8330
4043 4132 8150
4156 4174 8303
4129 4171 8288
4105 4175 8250
4179 4194 8336
4119 4140 8253
4187 4194 8342
4132 4192 8307
4149 4192 8321
4066 4162 8218
4094 4131 8217
4007 4013 8002
4147 4192 8313
4178 4189 8360
4175 4190 8362
4149 4197 8334
4065 4103 8161
4017 4172 8184
4080 4129 8202
4064 4104 8131
4052 4107 8158
4171 4174 8320
4123 4152 8250
4063 4170 8198
4124 4162 8284
4186 4191 8373
4065 4120 8158
4107 4111 8199
4197 4200 8380
4198 4199 8371
4033 4129 8127
4092 4177 8239
4120 4184 8300
4080 4152 8223
4041 4056 8062
4168 4186 8346
4096 4168 8262
4056 4143 8194
4170 4193 8342
4034 4155 8158
4077 4137 8205
4019 4073 8086
4102 4158 8242
4107 4198 8297
4115 4172 8271
4167 4192 8345
4018 4096 8091
4181 4183 8329
4170 4183 8330
4192 4197 8386
4041 4160 8198
4110 4129 8213
4189 4190 8361
4197 4198 8361
4134 4176 8284
4099 4134 8222
4155 4197 8330
4066 4098 8146
4016 4045 8043
4089 4099 8186
4112 4141 8236
4111 4143 8246
4196 4197 8368
4006 4145 8113
4017 4158 8170
4109 4150 8254
4098 4119 8198
4102 4160 8245
4091 4138 8225
4048 4060 8072
4086 4106 8154
4030 4108 8125
4085 4174 8239
4114 4134 8242
4165 4198 8326
4185 4188 8334
4046 4180 8217
4172 4196 8363
4045 4127 8141
4133 4198 8326
4065 4138 8176
4057 4062 8086
4131 4185 8281
4100 4165 8235
4080 4181 8245
4111 4134 8243
4007 4129 8130
4138 4171 8292
4118 4190 8287
4138 4192 8324
4174 4197 8357
4021 4078 8086
4047 4171 8190
4025 4147 8134
4126 4151 8258
4160 4170 8307
4147 4151 8270
4008 4075 8075
4004 4055 8054
4016 4088 8075
4104 4131 8214
4062 4169 8223
4081 4125 8197
4168 4199 8360
4061 4192 8241
4018 4072 8077
4099 4140 8216
4093 4175 8232
4167 4189 8341
4079 4121 8173
4152 4195 8314
4130 4172 8300
4092 4188 8261
4141 4193 8298
4058 4141 8197
4134 4198 8301
4031 4107 8123
4034 4104 8120
4066 4150 8191
4186 4193 8345
4103 4133 8234
4018 4093 8077
4134 4165 8287
4087 4151 8206
4147 4168 8287
4020 4095 8078
4106 4131 8224
4047 4165 8191
4086 4181 8258
4092 4188 8243
4182 4199 8344
4006 4030 8013
4015 4175 8159
4060 4069 8119
4067 4198 8238
4058 4128 8164
4163 4184 8314
4111 4116 8195
4038 4115 8136
4115 4135 8235
4115 4139 8252
4130 4161 8263
4061 4073 8117
4192 4194 8384
4037 4157 8185
4158 4182 8315
4176 4193 8358
4047 4152 8176
4022 4065 8086
4173 4188 8330
4034 4137 8170
4097 4130 8193
4169 4198 8332
4010 4169 8175
4008 4055 8046
4067 4173 8202
4040 4077 8084
4027 4043 8056
4160 4168 8320
4061 4197 8220
4029 4181 8186
4191 4195 8350
4079 4161 8202
4078 4198 8245
4000 4123 8090
4099 4156 8218
4147 4174 8311
4146 4166 8285
4031 4112 8118
4176 4179 8336
4083 4096 8175
4118 4171 8288
4193 4197 8351
4169 4171 8303
4003 4080 8072
4077 4156 8230
4149 4179 8297
4038 4199 8204
4036 4188 8221
4063 4100 8140
4020 4077 8078
4007 4195 8168
4079 4117 8175
4170 4196 8334
4139 4179 8295
4025 4102 8113
4103 4146 8213
4107 4191 8292
4115 4172 8269
4148 4166 8302
4021 4031 8049
4177 4186 8352
4132 4153 8255
4159 4160 8281
4066 4076 8117
4021 4045 8049
4141 4154 8261
4008 4125 8131
4034 4156 8173
4008 4019 7995
4082 4093 8170
4193 4200 8387
4165 4171 8330
4093 4151 8223
4194 4200 8372
4023 4167 8167
4055 4107 8143
4183 4185 8340
4093 4169 8236
4172 4199 8333
4071 4172 8237
4111 4128 8223
4191 4195 8378
4084 4129 8191
4177 4182 8353
4082 4112 8159
4114 4190 8279
4125 4132 8237
4056 4200 8242
4018 4024 8035
4083 4196 8247
4100 4131 8214
4175 4181 8355
4083 4150 8211
4003 4084 8062
4087 4122 8193
4108 4188 8284
4151 4199 8339
4052 4178 8226
4087 4133 8214
4157 4181 8333
4002 4119 8117
4105 4162 8241
4150 4178 8315
4158 4192 8313
4195 4198 8386
4002 4077 8078
4183 4192 8373
4094 4166 8226
4089 4146 8228
4193 4199 8358
4111 4171 8272
4031 4105 8126
4132 4149 8265
4167 4169 8331
4136 4179 8309
4133 4174 8295
4189 4199 8376
4182 4189 8347
4172 4193 8357
4043 4078 8094
4000 4166 8144
4123 4173 8292
4150 4188 8307
4187 4197 8380
4185 4196 8343
4058 4155 8198
4122 4177 8295
4170 4190 8355
4109 4112 8189
4192 4197 8360
4017 4141 8124
4159 4189 8346
4115 4180 8273
4141 4180 8299
4027 4135 8152
4098 4152 8238
4141 4194 8325
4044 4116 8126
4058 4162 8215
4006 4163 8137
4139 4145 8283
4000 4078 8047
4132 4147 8244
4143 4184 8308
4087 4104 8176
4038 4076 8112
4018 4130 8147
4179 4191 8341
4177 4184 8328
4032 4113 8119
4025 4121 8130
4029 4153 8147
4050 4077 8106
4124 4199 8321
4080 4108 8179
4176 4197 8368
4123 4135 8255
4022 4174 8159
4016 4164 8148
4040 4136 8138
4028 4045 8042
4133 4183 8303
4057 4193 8248
4035 4078 8077
4081 4145 8208
4032 4058 8072
4199 4200 8365
4124 4139 8226
4076 4172 8224
4096 4167 8252
4057 4142 8183
4153 4155 8288
4126 4154 8252
4198 4199 8386
4179 4188 8365
4011 4085 8091
4114 4195 8290
4092 4126 8187
4007 4026 8011
4117 4133 8248
4086 4160 8225
4017 4115 8130
4067 4174 8234
4074 4198 8249
4050 4093 8115
4089 4185 8267
4009 4067 8048
4076 4092 8150
4132 4134 8230
4155 4193 8318
4179 4190 8362
4144 4182 8307
4158 4174 8327
4007 4020 8006
4085 4198 8269
4169 4189 8336
4062 4181 8209
4061 4115 8167
4038 4180 8181
4076 4131 8181
4102 4182 8256
4181 4197 8359
4016 4118 8101
4035 4182 8180
4080 4151 8210
4138 4188 8319
4026 4189 8191
4113 4194 8298
4069 4140 8182
4095 4163 8236
4041 4196 8213
4141 4196 8327
4054 4102 8134
4058 4150 8189
4101 4153 8250
4186 4194 8366
4005 4064 8036
4130 4148 8255
4134 4177 8281
4060 4176 8202
4094 4116 8178
4016 4184 8177
4170 4171 8317
4051 4140 8170
4016 4162 8159
4140 4146 8281
4052 4070 8098
4008 4064 8034
4090 4161 8230
4194 4198 8369
4120 4199 8288
4024 4096 8086
4191 4198 8357
4000 4022 8002
4049 4187 8222
4181 4200 8368
4008 4182 8188
4034 4113 8128
4195 4198 8382
4054 4068 8091
4045 4084 8120
4176 4193 8334
4192 4196 8374
4137 4159 8260
4124 4195 8315
4135 4178 8274
4171 4179 8346
4031 4165 8177
4134 4151 8256
4020 4090 8095
4080 4088 8147
4001 4011 8009
4192 4195 8378
4122 4171 8285
4084 4184 8258
4084 4143 8212
4119 4156 8254
4157 4185 8339
4092 4113 8201
4131 4162 8258
4120 4173 8279
4040 4139 8148
4049 4182 8217
4180 4192 8359
4095 4174 8236
4037 4149 8160
4141 4154 8283
4066 4116 8171
4150 4191 8313
4019 4077 8093
4058 4066 8093
4143 4146 8270
4128 4200 8312
4109 4134 8240
4101 4141 8222
4083 4108 8153
4099 4181 8277
4177 4193 8341
4187 4199 8356
4044 4141 8158
4060 4075 8113
4155 4157 8295
4168 4174 8307
4093 4129 8204
4072 4172 8241
4081 4123 8193
4186 4189 8348
4086 4179 8248
4132 4184 8296
4075 4194 8244
4074 4128 8166
4040 4167 8193
4108 4191 8263
4053 4114 8159
4181 4200 8344
4187 4196 8378
4033 4057 8059
4179 4198 8367
4010 4140 8145
4199 4200 8387
4163 4186 8312
4184 4186 8353
4028 4159 8164
4019 4056 8046
4188 4191 8374
4165 4178 8315
4092 4135 8192
4183 4199 8381
4155 4190 8331
4120 4193 8311
4146 4171 8294
4163 4182 8338
4127 4185 8286
4065 4134 8188
4152 4178 8294
4183 4190 8367
4017 4126 8116
4023 4026 8025
4199 4200 8385
4051 4126 8152
4062 4134 8179
4169 4175 8313
4038 4170 8202
4008 4159 8129
4172 4185 8325
4090 4134 8200
4198 4199 8379
4017 4151 8145
4166 4174 8321
4169 4184 8335
4019 4129 8131
4014 4116 8119
4168 4184 8315
4134 4164 8268
4039 4154 8173
4027 4063 8066
4090 4093 8165
4161 4199 8351
4121 4151 8268
4023 4084 8088
4157 4177 8321
4110 4179 8253
4153 4172 8313
4140 4169 8291
4160 4183 8305
4149 4185 8297
4059 4137 8189
4155 4171 8304
4065 4135 8179
4024 4114 8108
4035 4063 8080
4196 4200 8392
4057 4070 8123
4160 4180 8335
4136 4138 8247
4063 4130 8180
4081 4159 8218
4132 4143 8248
4179 4185 8360
4158 4198 8350
4061 4075 8124
4058 4161 8196
4061 4166 8214
4126 4133 8237
4183 4196 8352
4130 4175 8287
4163 4168 8295
4166 4195 8338
4137 4190 8305
4064 4199 8248
4135 4159 8291
4037 4140 8148
4128 4195 8316
4085 4172 8237
4141 4147 8275
4053 4168 8204
4179 4199 8344
4071 4119 8167
4183 4195 8365
4142 4152 8272
4073 4198 8236
4077 4098 8168
4046 4185 8199
4134 4192 8287
4031 4123 8116
4022 4070 8070
4198 4199 8392
4019 4033 8024
4009 4176 8166
4068 4171 8208
4174 4181 8347

0.010000 0.520000
