800
2105529
4085 4203 8288
4015 4076 8091
4013 4221 8234
3989 4116 8105
4130 4140 8270
3999 4047 8046
4081 4182 8263
4038 4094 8132
3917 4088 8005
4057 4089 8146
4120 4164 8284
4255 4265 8520
4109 4210 8319
4112 4119 8231
4096 4226 8322
4036 4068 8104
3951 4111 8062
4132 4138 8270
4150 4170 8320
4098 4294 8392
4127 4224 8351
3964 4101 8065
4019 4254 8273
4043 4074 8117
4010 4042 8052
4231 4267 8498
4134 4211 8345
4099 4124 8223
4240 4258 8498
4123 4203 8326
4110 4287 8397
4114 4182 8296
3977 4035 8012
4025 4233 8258
3992 4115 8107
4166 4168 8334
4008 4029 8037
4051 4148 8199
4068 4285 8353
4102 4163 8265
4081 4086 8167
4071 4103 8174
4204 4262 8466
4059 4088 8147
4232 4251 8483
3969 4121 8090
4094 4175 8269
3999 4197 8196
4113 4266 8379
4154 4160 8314
4126 4229 8355
4127 4280 8407
4129 4146 8275
4228 4235 8463
4136 4138 8274
4141 4154 8295
3953 4018 7971
4258 4278 8536
4175 4181 8356
4093 4097 8190
4129 4146 8275
4175 4243 8418
4025 4149 8174
4087 4210 8297
4157 4172 8329
4175 4213 8388
4038 4060 8098
4185 4247 8432
4206 4229 8435
4164 4175 8339
4192 4226 8418
3987 4118 8105
3981 4230 8211
4089 4153 8242
4233 4286 8519
3977 4016 7993
4010 4173 8183
4174 4238 8412
4113 4126 8239
4268 4275 8543
3993 4072 8065
4201 4268 8469
4080 4122 8202
4119 4172 8291
3974 4091 8065
4110 4173 8283
4131 4152 8283
4124 4162 8286
4008 4106 8114
4135 4145 8280
4144 4285 8429
4116 4161 8277
4077 4169 8246
3936 4074 8010
3999 4083 8082
4238 4246 8484
4099 4115 8214
4203 4261 8464
4101 4195 8296
4068 4150 8218
4106 4199 8305
4048 4072 8120
4175 4290 8465
4134 4217 8351
4158 4165 8323
4116 4225 8341
3973 4157 8130
4000 4144 8144
4147 4155 8302
4079 4117 8196
4089 4123 8212
4107 4141 8248
4120 4146 8266
3927 3945 7872
4112 4127 8239
4114 4236 8350
4096 4237 8333
4137 4257 8394
4109 4271 8380
4249 4266 8515
4227 4228 8455
3998 4107 8105
4008 4228 8236
4062 4134 8196
4121 4208 8329
4111 4204 8315
4011 4029 8040
4141 4163 8304
3952 4158 8110
4156 4226 8382
4039 4206 8245
4042 4122 8164
3943 3987 7930
4192 4210 8402
4157 4234 8391
4008 4241 8249
4119 4217 8336
4095 4200 8295
4237 4273 8510
4256 4270 8526
4044 4060 8104
4134 4214 8348
4081 4182 8263
4126 4173 8299
3984 4072 8056
4228 4237 8465
4139 4223 8362
4027 4080 8107
4039 4095 8134
4115 4271 8386
4112 4143 8255
4177 4261 8438
4116 4247 8363
4085 4172 8257
4018 4215 8233
4066 4146 8212
4289 4296 8585
4041 4063 8104
4119 4186 8305
4175 4190 8365
4203 4215 8418
3946 4051 7997
4196 4258 8454
4013 4288 8301
4010 4040 8050
4185 4193 8378
4143 4147 8290
4037 4124 8161
4087 4149 8236
4236 4279 8515
4148 4261 8409
4121 4271 8392
3947 4229 8176
4143 4253 8396
4128 4166 8294
4159 4257 8416
4221 4268 8489
4013 4014 8027
4052 4156 8208
4201 4238 8439
4015 4196 8211
4063 4203 8266
4174 4264 8438
3951 4126 8077
4215 4226 8441
4213 4252 8465
4195 4221 8416
4121 4173 8294
4106 4126 8232
4068 4102 8170
4235 4287 8522
4095 4126 8221
4208 4255 8463
4021 4278 8299
4118 4206 8324
4225 4250 8475
4124 4231 8355
4195 4199 8394
3954 3994 7948
4146 4170 8316
4184 4192 8376
4057 4169 8226
4156 4260 8416
4125 4138 8263
4140 4150 8290
4081 4109 8190
3971 4160 8131
4096 4119 8215
4127 4168 8295
4149 4153 8302
3994 4212 8206
3939 4169 8108
4099 4108 8207
4263 4299 8562
4035 4234 8269
4073 4198 8271
4155 4256 8411
4244 4280 8524
4080 4091 8171
4181 4270 8451
4216 4250 8466
4163 4218 8381
4107 4118 8225
3967 4122 8089
4046 4238 8284
4119 4151 8270
4112 4227 8339
4036 4186 8222
4045 4187 8232
4137 4159 8296
4284 4296 8580
4084 4093 8177
4156 4193 8349
4232 4245 8477
4054 4086 8140
4174 4199 8373
3991 4159 8150
4139 4288 8427
4254 4287 8541
3956 4073 8029
4148 4231 8379
4032 4221 8253
4109 4268 8377
4045 4093 8138
4080 4091 8171
4147 4267 8414
4228 4235 8463
4129 4236 8365
4269 4288 8557
4015 4125 8140
4104 4125 8229
4235 4293 8528
4051 4212 8263
4038 4140 8178
4031 4064 8095
4208 4216 8424
4066 4071 8137
3965 4168 8133
4150 4200 8350
4136 4154 8290
4126 4213 8339
4137 4199 8336
3957 4127 8084
4138 4162 8300
4105 4171 8276
4056 4094 8150
4292 4294 8586
4100 4134 8234
4210 4292 8502
4059 4105 8164
4098 4118 8216
4128 4201 8329
4163 4295 8458
4260 4261 8521
4089 4136 8225
4167 4197 8364
4273 4275 8548
4186 4192 8378
3976 4105 8081
4175 4267 8442
4108 4290 8398
4221 4255 8476
4065 4129 8194
3983 4116 8099
4269 4284 8553
4256 4258 8514
3959 4155 8114
4028 4150 8178
4139 4148 8287
3982 4200 8182
4136 4181 8317
4153 4158 8311
4170 4190 8360
4244 4254 8498
4012 4206 8218
4032 4174 8206
4084 4118 8202
4118 4184 8302
3964 4240 8204
4123 4289 8412
3931 4254 8185
4026 4130 8156
4131 4168 8299
4204 4232 8436
4140 4226 8366
3980 4083 8063
3961 4099 8060
4263 4290 8553
4205 4210 8415
4030 4073 8103
4049 4114 8163
4127 4230 8357
4117 4259 8376
4036 4172 8208
4070 4228 8298
4076 4116 8192
4013 4148 8161
4189 4232 8421
4030 4192 8222
4041 4123 8164
4175 4192 8367
4022 4136 8158
4102 4126 8228
4154 4226 8380
3996 4155 8151
4195 4202 8397
4125 4243 8368
4232 4236 8468
4054 4073 8127
4095 4133 8228
4041 4146 8187
4132 4158 8290
4023 4057 8080
3937 4123 8060
4054 4152 8206
4153 4286 8439
4270 4292 8562
3965 4211 8176
4173 4222 8395
4143 4162 8305
4005 4154 8159
4058 4091 8149
4032 4070 8102
3954 4188 8142
4037 4064 8101
4240 4252 8492
4020 4234 8254
3972 4049 8021
4219 4239 8458
4089 4115 8204
3986 4013 7999
4082 4102 8184
4198 4255 8453
4079 4216 8295
3929 4054 7983
4016 4200 8216
4003 4124 8127
4112 4150 8262
4123 4158 8281
4105 4120 8225
4054 4126 8180
4238 4256 8494
4035 4048 8083
3995 4055 8050
4274 4279 8553
4085 4195 8280
4278 4291 8569
4191 4286 8477
3943 4245 8188
4209 4234 8443
4223 4287 8510
4071 4084 8155
4094 4217 8311
4001 4053 8054
4200 4204 8404
4053 4136 8189
4147 4172 8319
4097 4251 8348
4089 4164 8253
4127 4252 8379
3910 4004 7914
4067 4148 8215
4100 4169 8269
4187 4202 8389
4132 4245 8377
3968 4085 8053
3997 4098 8095
4093 4241 8334
4286 4289 8575
4247 4278 8525
4147 4275 8422
4172 4257 8429
4134 4223 8357
4221 4258 8479
4050 4133 8183
4249 4276 8525
4106 4196 8302
3972 4204 8176
4028 4055 8083
4047 4072 8119
3977 4130 8107
4022 4287 8309
4147 4155 8302
4190 4270 8460
4049 4172 8221
4019 4152 8171
4289 4298 8587
4115 4133 8248
4167 4253 8420
4047 4252 8299
4079 4208 8287
4142 4235 8377
4222 4257 8479
4103 4161 8264
4118 4148 8266
4160 4171 8331
4180 4201 8381
4059 4255 8314
4187 4235 8422
4045 4226 8271
4136 4247 8383
4233 4256 8489
4084 4163 8247
4070 4077 8147
4224 4251 8475
4002 4062 8064
3967 4106 8073
4218 4221 8439
3996 4174 8170
3941 4005 7946
4117 4141 8258
4005 4225 8230
4020 4069 8089
3980 4199 8179
4118 4256 8374
4094 4113 8207
4216 4240 8456
3908 4112 8020
4099 4170 8269
4052 4093 8145
4177 4254 8431
4072 4248 8320
4015 4176 8191
4135 4159 8294
4055 4165 8220
3960 4281 8241
4193 4240 8433
4138 4275 8413
4042 4080 8122
4035 4244 8279
3977 4078 8055
3991 4168 8159
4058 4075 8133
4042 4068 8110
4066 4201 8267
4082 4178 8260
4015 4237 8252
4079 4165 8244
4048 4133 8181
4069 4099 8168
4077 4181 8258
4021 4150 8171
4058 4229 8287
4241 4253 8494
4150 4200 8350
4120 4202 8322
4071 4268 8339
4259 4263 8522
4208 4227 8435
4102 4176 8278
4177 4236 8413
4076 4191 8267
4132 4161 8293
4059 4074 8133
4117 4161 8278
4066 4174 8240
4135 4228 8363
4184 4222 8406
4172 4270 8442
4248 4280 8528
4055 4091 8146
4267 4270 8537
4118 4147 8265
4110 4133 8243
4086 4137 8223
4030 4209 8239
4103 4129 8232
4157 4217 8374
4190 4227 8417
4118 4229 8347
4113 4177 8290
4043 4081 8124
4042 4070 8112
4147 4214 8361
3996 4067 8063
3986 4061 8047
4077 4154 8231
4151 4276 8427
3991 4209 8200
4028 4248 8276
4039 4124 8163
4098 4134 8232
4017 4098 8115
4134 4158 8292
4079 4203 8282
3957 4226 8183
3954 4057 8011
4146 4188 8334
4151 4209 8360
4099 4272 8371
3920 3971 7891
4168 4235 8403
3966 4126 8092
4093 4151 8244
4015 4132 8147
4172 4285 8457
4069 4103 8172
4050 4129 8179
4034 4179 8213
4182 4240 8422
3989 4095 8084
4270 4273 8543
3968 4033 8001
4180 4186 8366
4105 4201 8306
4217 4221 8438
4019 4046 8065
4070 4247 8317
4129 4202 8331
4229 4245 8474
4172 4241 8413
4100 4217 8317
4214 4245 8459
4041 4046 8087
4138 4160 8298
3985 4160 8145
4067 4098 8165
4108 4125 8233
4026 4211 8237
4132 4215 8347
4097 4178 8275
4124 4191 8315
4188 4260 8448
4221 4288 8509
4041 4047 8088
4079 4098 8177
4171 4259 8430
4023 4062 8085
4006 4138 8144
4114 4201 8315
4076 4121 8197
4204 4232 8436
4103 4125 8228
4020 4228 8248
4229 4243 8472
4055 4091 8146
4143 4244 8387
4249 4263 8512
4018 4101 8119
4064 4138 8202
4117 4131 8248
4285 4291 8576
4046 4209 8255
4156 4202 8358
3975 4129 8104
4027 4129 8156
3928 4153 8081
4058 4116 8174
3935 3991 7926
4165 4243 8408
4136 4208 8344
4117 4221 8338
4010 4204 8214
4047 4188 8235
4055 4197 8252
4051 4089 8140
4110 4164 8274
4127 4156 8283
4141 4274 8415
4039 4058 8097
4026 4078 8104
4134 4173 8307
4044 4128 8172
4022 4167 8189
4110 4179 8289
3941 4083 8024
4126 4156 8282
4077 4174 8251
4014 4201 8215
4155 4253 8408
4258 4283 8541
4185 4245 8430
4114 4141 8255
4211 4237 8448
4044 4154 8198
4016 4165 8181
4059 4229 8288
4171 4246 8417
3935 4147 8082
4186 4199 8385
4226 4237 8463
4105 4262 8367
4000 4146 8146
4148 4187 8335
4081 4269 8350
4109 4119 8228
3980 4150 8130
4095 4099 8194
3956 4154 8110
4039 4166 8205
4070 4267 8337
4258 4260 8518
4085 4186 8271
4221 4230 8451
3949 4085 8034
4206 4268 8474
4123 4187 8310
4040 4124 8164
4290 4291 8581
3949 4100 8049
4249 4296 8545
4240 4278 8518
4025 4228 8253
4212 4256 8468
4031 4166 8197
4091 4093 8184
4033 4244 8277
4068 4100 8168
4027 4196 8223
4026 4151 8177
4164 4166 8330
4074 4095 8169
4050 4066 8116
4016 4213 8229
4093 4206 8299
4105 4137 8242
4102 4107 8209
4104 4122 8226
3936 4193 8129
4080 4185 8265
3993 4131 8124
4154 4167 8321
4037 4057 8094
4133 4234 8367
4009 4164 8173
4132 4194 8326
4154 4162 8316
4153 4165 8318
4110 4210 8320
4172 4173 8345
4114 4156 8270
4028 4142 8170
4126 4203 8329
4029 4067 8096
4248 4250 8498
4078 4092 8170
4110 4153 8263
4106 4132 8238
4078 4205 8283
4099 4102 8201
4149 4168 8317
4028 4104 8132
4092 4263 8355
4180 4191 8371
4056 4083 8139
4234 4241 8475
4134 4238 8372
4091 4184 8275
3986 4076 8062
4112 4118 8230
4060 4135 8195
3983 4068 8051
4081 4152 8233
3939 4108 8047
4042 4061 8103
4073 4175 8248
4145 4178 8323
4182 4226 8408
4084 4088 8172
3941 4115 8056
4126 4237 8363
4036 4172 8208
4131 4222 8353
4137 4219 8356
4036 4169 8205
4073 4287 8360
4152 4173 8325
4034 4258 8292
4162 4202 8364
4252 4265 8517
3971 4138 8109
4061 4086 8147
3955 4049 8004
4059 4077 8136
4197 4210 8407
4232 4293 8525
4119 4155 8274
4105 4180 8285
4159 4214 8373
3951 4038 7989
4046 4144 8190
4012 4119 8131
4175 4224 8399
4132 4170 8302
3939 4250 8189
4040 4135 8175
4101 4252 8353
4045 4145 8190
4013 4072 8085
4134 4166 8300
4108 4278 8386
4013 4037 8050
4148 4166 8314
3921 4074 7995
4255 4275 8530
4196 4283 8479
4039 4145 8184
4112 4148 8260
4043 4116 8159
4216 4239 8455
3987 4134 8121
4164 4200 8364
4025 4077 8102
4209 4260 8469
4203 4288 8491
4111 4220 8331
4099 4178 8277
4110 4142 8252
4129 4142 8271
4160 4234 8394
4078 4153 8231
4121 4149 8270
4155 4183 8338
4072 4113 8185
4208 4257 8465
4248 4250 8498
4185 4203 8388
4109 4258 8367
4110 4167 8277
4062 4125 8187
4083 4141 8224
3935 4227 8162
4123 4256 8379
4193 4199 8392
4235 4268 8503
4054 4217 8271
4004 4130 8134
4015 4054 8069
4060 4063 8123
4048 4093 8141
3964 4069 8033
4130 4161 8291
4154 4159 8313
4049 4104 8153
4254 4269 8523
4049 4054 8103
3978 4249 8227
3982 4063 8045
4108 4122 8230
3992 4060 8052
4126 4133 8259
4163 4195 8358
4114 4124 8238
4069 4075 8144
4087 4145 8232
4124 4291 8415
4094 4128 8222
4203 4216 8419
4143 4180 8323
3983 4056 8039
4080 4093 8173
4070 4086 8156
4144 4149 8293
4217 4294 8511
4115 4125 8240
4161 4274 8435
4098 4103 8201
3938 4108 8046
4019 4023 8042
3954 4084 8038
4087 4216 8303
4112 4172 8284
4135 4244 8379
4071 4075 8146
4071 4088 8159
4240 4263 8503
4150 4153 8303
4073 4275 8348
3978 4017 7995
4065 4131 8196
4123 4140 8263
4063 4152 8215
4251 4287 8538
4061 4188 8249
3932 4042 7974
4029 4124 8153
4084 4106 8190
4127 4173 8300
4134 4151 8285
4172 4218 8390

4029 4128 8139
4006 4049 8029
4019 4125 8111
4014 4145 8135
4164 4179 8323
4059 4144 8198
4073 4096 8138
4043 4153 8183
4006 4177 8171
4130 4133 8224
4163 4175 8318
4158 4165 8322
4047 4184 8203
4073 4150 8197
4134 4157 8253
4024 4029 8043
4036 4153 8168
4049 4200 8236
4149 4195 8312
4185 4197 8363
4162 4186 8334
4012 4090 8088
4111 4168 8271
4102 4131 8204
4088 4137 8194
4151 4168 8282
4190 4197 8386
4181 4200 8358
4161 4170 8328
4084 4111 8192
4180 4196 8339
4053 4188 8205
4003 4020 8000
4078 4138 8209
4019 4117 8131
4069 4093 8155
4096 4106 8172
4064 4075 8122
4102 4185 8259
4126 4182 8280
4018 4025 8011
4012 4044 8022
4148 4162 8276
4086 4097 8150
4158 4162 8305
4044 4047 8087
4168 4181 8312
4020 4122 8140
4046 4184 8225
4080 4160 8207
4168 4192 8353
4162 4193 8342
4047 4072 8084
4178 4194 8339
4040 4052 8061
4119 4189 8288
4019 4021 8036
4182 4199 8350
4096 4130 8221
4014 4072 8059
4035 4149 8155
4173 4190 8340
4073 4184 8243
4182 4189 8369
4076 4088 8146
4095 4152 8223
4062 4149 8176
4169 4182 8321
4154 4177 8312
4098 4200 8272
4115 4138 8221
4049 4187 8229
4076 4139 8214
4099 4184 8269
4197 4198 8375
4077 4082 8128
4094 4158 8242
4126 4199 8316
4057 4062 8106
4181 4191 8355
4009 4057 8059
4197 4200 8385
4024 4123 8143
4179 4185 8351
4069 4187 8235
4110 4198 8270
4093 4174 8232
4142 4161 8276
4059 4087 8144
4066 4183 8241
4084 4190 8245
4066 4154 8205
4038 4170 8181
4036 4132 8148
4078 4096 8150
4182 4195 8340
4121 4189 8280
4183 4186 8335
4076 4173 8225
4094 4194 8271
4076 4146 8197
4138 4163 8286
4143 4200 8314
4125 4169 8268
4171 4199 8367
4141 4151 8286
4073 4082 8151
4078 4135 8212
4116 4117 8222
4007 4156 8162
4183 4196 8356
4016 4044 8057
4106 4130 8220
4015 4030 8040
4170 4198 8333
4189 4194 8366
4038 4172 8208
4172 4184 8353
4098 4183 8268
4189 4198 8383
4151 4161 8305
4095 4126 8187
4095 4161 8253
4036 4130 8144
4170 4198 8332
4019 4160 8155
4005 4069 8064
4154 4157 8310
4011 4141 8142
4112 4130 8219
4070 4199 8236
4079 4085 8135
4005 4040 8026
4093 4120 8204
4164 4174 8312
4105 4180 8275
4151 4166 8309
4136 4182 8287
4141 4194 8305
4181 4186 8338
4047 4130 8171
4035 4151 8160
4096 4139 8205
4043 4085 8096
4073 4121 8159
4135 4178 8286
4072 4151 8206
4083 4132 8214
4127 4163 8276
4177 4182 8329
4108 4121 8196
4080 4176 8254
4101 4199 8275
4068 4093 8124
4095 4127 8187
4020 4174 8163
4192 4199 8353
4128 4162 8275
4135 4173 8303
4144 4155 8284
4178 4190 8351
4015 4133 8121
4155 4183 8312
4023 4200 8192
4069 4070 8122
4089 4199 8281
4170 4182 8346
4069 4090 8149
4064 4146 8186
4178 4186 8333
4085 4178 8245
4036 4178 8177
4009 4171 8171
4199 4200 8371
4039 4085 8122
4119 4159 8259
4157 4182 8316
4072 4087 8142
4111 4160 8238
4134 4194 8303
4066 4108 8160
4098 4114 8194
4190 4198 8380
4036 4199 8227
4124 4129 8252
4159 4166 8300
4130 4160 8280
4092 4184 8246
4061 4124 8165
4014 4101 8083
4170 4189 8357
4027 4067 8061
4116 4178 8291
4033 4198 8215
4050 4121 8146
4130 4170 8274
4077 4153 8228
4111 4126 8210
4045 4064 8098
4151 4159 8290
4135 4136 8245
4003 4127 8104
4113 4173 8276
4161 4197 8331
4100 4191 8265
4152 4169 8291
4061 4073 8100
4016 4161 8139
4137 4165 8285
4054 4065 8095
4073 4180 8249
4020 4199 8204
4115 4158 8267
4190 4199 8387
4124 4174 8273
4013 4131 8140
4057 4192 8232
4183 4184 8355
4009 4116 8093
4173 4192 8341
4178 4188 8349
4158 4173 8314
4031 4043 8053
4030 4179 8185
4139 4161 8277
4060 4101 8127
4181 4188 8343
4116 4128 8210
4111 4172 8255
4138 4140 8243
4196 4197 8381
4037 4084 8101
4090 4171 8247
4195 4197 8389
4114 4132 8212
4142 4172 8297
4047 4196 8240
4113 4200 8303
4171 4190 8333
4044 4162 8203
4153 4188 8332
4042 4180 8217
4087 4180 8244
4015 4060 8050
4161 4166 8298
4137 4167 8271
4130 4198 8310
4147 4173 8298
4185 4194 8350
4038 4178 8189
4180 4188 8358
4191 4200 8390
4120 4133 8243
4032 4102 8129
4036 4086 8089
4139 4164 8279
4039 4087 8103
4064 4097 8159
4082 4153 8212
4128 4189 8309
4182 4196 8357
4183 4196 8376
4038 4051 8086
4077 4098 8171
4151 4157 8286
4139 4154 8291
4195 4199 8374
4040 4090 8093
4192 4197 8352
4057 4085 8140
4084 4125 8193
4081 4137 8193
4191 4199 8359
4178 4188 8340
4087 4091 8155
4187 4193 8360
4195 4198 8390
4181 4183 8346
4043 4087 8107
4118 4200 8292
4094 4195 8277
4137 4175 8294
4031 4104 8107
4032 4138 8149
4198 4200 8378
4159 4160 8298
4014 4197 8181
4119 4171 8265
4119 4122 8215
4014 4100 8084
4071 4114 8173
4060 4140 8196
4084 4124 8206
4188 4193 8346
4071 4175 8241
4111 4137 8232
4016 4133 8130
4018 4150 8160
4045 4161 8171
4177 4194 8352
4019 4192 8199
4047 4055 8091
4048 4120 8138
4141 4176 8306
4144 4171 8291
4053 4099 8133
4052 4125 8147
4165 4195 8344
4141 4146 8275
4087 4145 8204
4003 4160 8141
4105 4198 8294
4078 4179 8227
4086 4089 8167
4136 4153 8282
4089 4130 8202
4011 4196 8200
4182 4196 8354
4083 4104 8172
4096 4170 8252
4160 4182 8322
4011 4161 8156
4059 4166 8195
4150 4178 8318
4002 4055 8044
4134 4150 8262
4187 4190 8340
4138 4153 8290
4038 4167 8168
4173 4190 8331
4051 4152 8182
4054 4165 8181
4036 4099 8107
4019 4110 8124
4132 4190 8303
4197 4199 8371
4182 4198 8373
4047 4128 8143
4157 4163 8281
4155 4158 8296
4018 4093 8092
4053 4068 8090
4132 4135 8260
4040 4146 8155
4085 4151 8227
4177 4184 8339
4074 4167 8211
4060 4123 8175
4143 4148 8265
4057 4101 8154
4011 4060 8042
4022 4070 8089
4188 4198 8374
4084 4187 8265
4016 4075 8055
4086 4155 8233
4064 4172 8226
4105 4122 8208
4066 4098 8157
4072 4129 8182
4058 4170 8221
4194 4196 8355
4028 4101 8126
4070 4095 8162
4191 4198 8368
4126 4176 8277
4178 4198 8355
4169 4187 8351
4002 4156 8140
4129 4151 8252
4194 4200 8355
4013 4047 8022
4166 4182 8325
4032 4039 8040
4146 4147 8270
4004 4061 8032
4077 4079 8134
4031 4187 8181
4179 4197 8355
4152 4153 8266
4000 4098 8064
4029 4131 8154
4055 4166 8189
4162 4169 8321
4152 4173 8297
4055 4058 8109
4034 4103 8100
4044 4188 8227
4194 4200 8393
4153 4188 8332
4131 4194 8309
4163 4180 8320
4172 4184 8338
4159 4163 8320
4107 4144 8240
4181 4196 8360
4106 4147 8250
4027 4186 8210
4075 4152 8206
4105 4130 8225
4029 4037 8049
4062 4200 8233
4065 4182 8231
4196 4200 8366
4148 4195 8311
4104 4131 8233
4196 4199 8368
4079 4097 8138
4107 4170 8265
4086 4198 8249
4080 4200 8264
4060 4167 8207
4167 4172 8337
4098 4114 8177
4092 4194 8248
4116 4165 8279
4129 4156 8268
4002 4156 8125
4150 4192 8323
4093 4194 8273
4082 4153 8226
4138 4163 8285
4044 4071 8086
4092 4142 8209
4145 4190 8310
4058 4099 8134
4005 4099 8086
4150 4190 8321
4033 4124 8121
4003 4062 8051
4102 4192 8280
4103 4157 8251
4120 4151 8248
4031 4123 8131
4185 4196 8369
4062 4149 8210
4135 4154 8250
4000 4070 8056
4032 4135 8135
4024 4106 8094
4158 4181 8325
4053 4169 8212
4079 4141 8201
4135 4189 8321
4018 4136 8150
4037 4200 8206
4149 4160 8285
4179 4197 8361
4117 4118 8225
4129 4158 8262
4068 4143 8182
4016 4195 8209
4041 4144 8180
4103 4112 8201
4143 4160 8294
4038 4167 8171
4100 4164 8258
4050 4083 8108
4062 4174 8231
4001 4046 8033
4074 4089 8158
4028 4185 8199
4040 4151 8182
4156 4194 8345
4188 4193 8378
4136 4166 8285
4147 4185 8304
4170 4199 8364
4156 4160 8294
4161 4168 8319
4124 4200 8288
4104 4177 8268
4103 4130 8210
4019 4061 8068
4196 4197 8389
4065 4074 8107
4127 4140 8253
4086 4140 8215
4157 4186 8327
4179 4184 8361
4139 4140 8254
4173 4177 8320
4131 4153 8254
4075 4097 8145
4013 4081 8062
4089 4123 8177
4151 4158 8282
4126 4166 8273
4116 4140 8245
4077 4168 8236
4136 4143 8245
4128 4136 8241
4030 4038 8046
4102 4118 8215
4093 4124 8189
4063 4128 8184
4062 4198 8241
4091 4189 8276
4001 4163 8130
4098 4156 8246
4005 4113 8107
4004 4089 8088
4090 4155 8226
4056 4058 8076
4127 4196 8295
4052 4148 8169
4045 4107 8118
4104 4145 8247
4168 4187 8341
4143 4196 8305
4007 4009 7987
4120 4150 8233
4057 4133 8167
4135 4181 8288
4088 4134 8206
4191 4195 8370
4002 4028 8020
4013 4108 8116
4085 4117 8171
4125 4186 8285
4022 4191 8202
4175 4177 8350
4001 4006 8004
4172 4178 8318
4156 4158 8292
4134 4179 8305
4063 4127 8166
4115 4191 8276
4162 4177 8304
4181 4186 8357
4194 4197 8367
4170 4172 8333
4143 4158 8263
4002 4055 8040
4042 4197 8201
4045 4069 8109
4055 4180 8214
4081 4134 8190
4105 4184 8284
4090 4123 8184
4085 4166 8224
4168 4169 8329
4174 4191 8352
4154 4196 8322
4010 4017 8021
4039 4162 8197
4088 4168 8219
4096 4121 8209
4008 4180 8170
4111 4170 8275
4107 4167 8271
4153 4156 8279
4097 4178 8271
4067 4179 8242
4143 4149 8275
4051 4060 8074
4156 4165 8289
4180 4194 8358
4038 4111 8138
4150 4187 8310
4026 4040 8060
4192 4194 8375
4009 4133 8139
4072 4134 8194
4064 4155 8189
4097 4172 8261
4006 4086 8069
4107 4157 8238
4017 4029 8034
4096 4196 8255
4169 4192 8347
4131 4137 8243
4067 4111 8142
4015 4095 8072
4149 4200 8328
4012 4014 7990
4061 4087 8140
4118 4151 8240
4137 4175 8305
4117 4156 8250
4044 4147 8162
4082 4116 8169
4044 4085 8122
4004 4126 8115
4115 4178 8288
4007 4031 8021
4164 4169 8328
4057 4144 8171
4093 4149 8233
4132 4187 8317
4179 4183 8338
4095 4184 8255
4143 4172 8284
4185 4188 8351
4035 4056 8074
4087 4101 8173
4141 4194 8313
4169 4200 8330
4005 4187 8162
4196 4198 8382
4127 4162 8263
4147 4171 8294
4061 4107 8155
4128 4171 8281
4170 4198 8357
4020 4157 8144
4049 4199 8243
4076 4159 8201
4020 4167 8177
4080 4166 8216
4118 4182 8277
4158 4160 8311
4176 4184 8333
4175 4181 8353
4028 4069 8059
4185 4195 8362
4171 4195 8358
4116 4185 8291
4192 4200 8391
4005 4171 8152
4188 4200 8355
4170 4184 8316
4060 4144 8179
4151 4189 8339
4071 4116 8167
4067 4120 8162
4030 4169 8194
4050 4171 8213
4029 4157 8173
4081 4118 8178
4074 4095 8164
4036 4097 8123
4094 4096 8168
4051 4131 8175
4083 4133 8206
4148 4199 8309
4005 4011 7983
4036 4187 8207
4003 4104 8094
4019 4103 8113
4045 4140 8148
4114 4164 8248
4059 4060 8114
4126 4167 8290
4023 4118 8115
4114 4115 8222
4074 4161 8226
4196 4197 8360
4064 4195 8249
4169 4187 8354
4114 4116 8201
4008 4045 8040
4094 4123 8199
4016 4052 8064
4150 4156 8284
4018 4039 8022
4088 4111 8185
4195 4196 8356
4054 4112 8140
4094 4168 8259
4050 4104 8126
4024 4038 8050
4047 4176 8219
4115 4180 8270
4054 4155 8205
4159 4173 8324
4087 4163 8236
4106 4136 8237
4075 4077 8147
4075 4088 8162
4019 4118 8115
4018 4131 8133
4178 4194 8365
4008 4013 8011
4075 4147 8219
4158 4162 8286
4179 4198 8375
4118 4148 8251
4113 4129 8210
4040 4150 8154
4169 4184 8328
4122 4151 8257
4165 4186 8325
4106 4124 8209
4090 4106 8170
4132 4196 8292
4189 4196 8348
4054 4185 8236
4159 4162 8285
4161 4177 8311
4017 4141 8145
4091 4111 8165
4042 4047 8058
4133 4169 8288
4108 4131 8203
4189 4199 8373
4050 4078 8101
4100 4166 8260
4163 4188 8337
4044 4114 8125
4113 4116 8201
4105 4122 8224
4152 4184 8335
4185 4196 8370
4013 4153 8135
4013 4127 8139
4135 4189 8298
4006 4063 8052
4093 4132 8198
4064 4067 8100
4176 4180 8354
4007 4107 8082
4125 4152 8264
4018 4058 8039
4162 4183 8339
4167 4195 8332
4086 4173 8239
4119 4182 8271
4101 4113 8190
4120 4177 8286
4075 4163 8200
4087 4138 8204
4014 4090 8094
4121 4184 8295
4174 4199 8351
4154 4178 8331
4169 4187 8330
4043 4055 8090
4046 4098 8137
4122 4174 8292
4107 4163 8269
4110 4125 8225
4120 4131 8236
4106 4156 8233
4171 4180 8312
4163 4178 8327
4177 4181 8351
4177 4180 8353
4182 4197 8374
4055 4068 8091
4091 4102 8165
4022 4140 8124
4195 4199 8361
4135 4143 8258
4195 4196 8368
4053 4120 8163
4077 4116 8163
4018 4137 8134
4023 4056 8042
4078 4153 8219
4025 4032 8045
4069 4089 8156
4061 4165 8190
4089 4125 8194
4171 4193 8357
4008 4099 8102
4006 4170 8155
4009 4095 8090
4035 4174 8203
4028 4104 8126
4043 4065 8076
4086 4107 8158
4087 4112 8179
4012 4021 8000
4016 4180 8177
4186 4194 8345
4089 4169 8255
4164 4194 8331
4194 4196 8376
4036 4072 8099
4110 4140 8231
4007 4067 8042
4080 4182 8225
4196 4198 8374
4144 4163 8277
4192 4197 8351
4042 4059 8080
4024 4055 8045
4002 4064 8036
4019 4065 8074
4024 4180 8201
4145 4166 8299
4143 4157 8261
4093 4120 8198
4071 4176 8214
4147 4167 8308
4056 4067 8098
4013 4187 8178
4023 4055 8045
4018 4035 8044
4134 4137 8238
4001 4155 8133
4190 4193 8350
4021 4169 8163
4021 4068 8058
4017 4182 8164
4028 4054 8072
4125 4164 8256
4142 4195 8324
4143 4199 8316

0.010000 0.320000
