800
2567611
4066 4161 8227
3982 4062 8044
4073 4228 8301
4036 4101 8137
4079 4125 8204
3986 4081 8067
4003 4123 8126
4196 4235 8431
4043 4193 8236
4050 4185 8235
4068 4260 8328
3957 4085 8042
4034 4210 8244
4190 4242 8432
4112 4221 8333
4046 4131 8177
4064 4137 8201
4200 4241 8441
4007 4179 8186
3997 4120 8117
4094 4170 8264
4064 4145 8209
4122 4217 8339
4098 4138 8236
4139 4162 8301
4172 4192 8364
4052 4162 8214
4175 4198 8373
4100 4142 8242
4180 4204 8384
3980 4279 8259
4005 4027 8032
4085 4225 8310
4022 4127 8149
4140 4161 8301
4136 4254 8390
4260 4285 8545
4077 4088 8165
4135 4261 8396
4127 4139 8266
4087 4108 8195
4100 4120 8220
4152 4175 8327
4146 4231 8377
4140 4203 8343
3930 4105 8035
4150 4232 8382
4095 4175 8270
4064 4090 8154
4245 4248 8493
4133 4154 8287
4025 4073 8098
3919 4139 8058
4099 4132 8231
4184 4286 8470
4190 4209 8399
4161 4206 8367
3991 4062 8053
4079 4123 8202
4066 4194 8260
4216 4249 8465
4166 4171 8337
4062 4264 8326
3997 4044 8041
3986 4011 7997
4137 4192 8329
4122 4187 8309
3977 4158 8135
4147 4193 8340
4201 4205 8406
4133 4200 8333
4105 4256 8361
4179 4273 8452
4098 4133 8231
3981 4097 8078
4187 4207 8394
4153 4283 8436
4006 4175 8181
3931 4142 8073
4020 4218 8238
4103 4175 8278
4139 4259 8398
4033 4082 8115
4066 4189 8255
4175 4231 8406
4167 4180 8347
4153 4245 8398
4017 4066 8083
4013 4128 8141
4171 4287 8458
4050 4224 8274
4082 4161 8243
4064 4199 8263
4103 4106 8209
4059 4239 8298
3950 4058 8008
4181 4205 8386
4237 4257 8494
4055 4103 8158
4099 4156 8255
4210 4235 8445
4097 4213 8310
4076 4200 8276
4089 4128 8217
4091 4157 8248
4112 4138 8250
4292 4296 8588
4060 4169 8229
4153 4267 8420
4078 4083 8161
4085 4227 8312
3962 4194 8156
4075 4107 8182
4083 4108 8191
4182 4210 8392
4017 4210 8227
4094 4202 8296
4092 4259 8351
4126 4222 8348
4084 4171 8255
4073 4086 8159
4234 4264 8498
4160 4209 8369
4125 4179 8304
4139 4221 8360
4098 4228 8326
4090 4249 8339
4267 4281 8548
4285 4292 8577
3978 4189 8167
4108 4150 8258
4161 4173 8334
4083 4132 8215
4224 4241 8465
4295 4298 8593
3920 4137 8057
4135 4275 8410
4145 4180 8325
3964 4238 8202
4171 4258 8429
3955 4103 8058
4032 4048 8080
4203 4205 8408
4089 4253 8342
4121 4142 8263
3954 4165 8119
4002 4264 8266
4094 4268 8362
3917 4135 8052
4096 4269 8365
4147 4246 8393
4241 4251 8492
3942 4025 7967
4121 4232 8353
4119 4168 8287
4057 4093 8150
4075 4092 8167
4080 4194 8274
4044 4079 8123
4160 4294 8454
4072 4092 8164
4117 4259 8376
4225 4240 8465
4127 4216 8343
4202 4261 8463
4198 4252 8450
4079 4241 8320
4162 4251 8413
4137 4178 8315
3993 4095 8088
4080 4273 8353
4199 4204 8403
4260 4294 8554
4198 4228 8426
4242 4255 8497
4092 4227 8319
4132 4162 8294
4154 4198 8352
4029 4104 8133
4170 4217 8387
4151 4260 8411
4171 4248 8419
4181 4268 8449
4041 4262 8303
3937 4113 8050
4073 4124 8197
4152 4262 8414
4198 4233 8431
4134 4136 8270
4085 4163 8248
4246 4259 8505
3969 4043 8012
4192 4238 8430
4007 4081 8088
4141 4184 8325
4086 4170 8256
3964 4147 8111
3967 4188 8155
4113 4123 8236
4101 4170 8271
4064 4100 8164
4046 4141 8187
4095 4130 8225
4088 4175 8263
4034 4290 8324
4125 4134 8259
3986 4116 8102
4052 4056 8108
4107 4154 8261
4011 4093 8104
4114 4232 8346
4166 4236 8402
4202 4211 8413
4281 4284 8565
4128 4143 8271
4214 4243 8457
4218 4256 8474
4038 4108 8146
4105 4161 8266
4000 4054 8054
4226 4230 8456
4118 4201 8319
4201 4220 8421
4097 4222 8319
3983 4241 8224
3931 4089 8020
4154 4159 8313
4175 4178 8353
3971 4110 8081
4179 4231 8410
3981 4068 8049
4069 4130 8199
4003 4110 8113
4196 4201 8397
4141 4169 8310
4117 4126 8243
4175 4297 8472
4134 4272 8406
4075 4110 8185
4084 4162 8246
4024 4230 8254
4102 4180 8282
4112 4218 8330
4069 4222 8291
4142 4222 8364
4083 4138 8221
4101 4145 8246
4062 4138 8200
3999 4098 8097
4025 4175 8200
4089 4269 8358
4157 4162 8319
4026 4128 8154
3968 4028 7996
4149 4186 8335
4070 4172 8242
3956 4068 8024
4292 4294 8586
4182 4215 8397
4152 4262 8414
4065 4119 8184
4054 4284 8338
3993 4085 8078
4147 4240 8387
4253 4287 8540
4064 4154 8218
4163 4182 8345
4095 4165 8260
4096 4099 8195
4191 4242 8433
4206 4240 8446
3988 4097 8085
4048 4130 8178
4275 4284 8559
4170 4255 8425
3990 4137 8127
4121 4192 8313
4037 4118 8155
4028 4122 8150
4100 4104 8204
4133 4258 8391
3995 4121 8116
4097 4193 8290
4271 4284 8555
4171 4215 8386
4062 4151 8213
4011 4153 8164
4216 4220 8436
4053 4247 8300
4138 4254 8392
4218 4245 8463
4095 4120 8215
4109 4184 8293
4000 4161 8161
4099 4205 8304
4248 4266 8514
3965 4180 8145
4183 4230 8413
4153 4179 8332
4179 4233 8412
4174 4194 8368
4134 4246 8380
4191 4241 8432
4156 4223 8379
4182 4188 8370
4094 4164 8258
4016 4027 8043
4039 4211 8250
4017 4182 8199
3951 4215 8166
4182 4193 8375
4167 4247 8414
4146 4232 8378
3986 4037 8023
3979 4177 8156
3975 4005 7980
4033 4242 8275
4081 4255 8336
4062 4244 8306
4058 4172 8230
4011 4277 8288
3973 4223 8196
4099 4137 8236
4158 4216 8374
4252 4255 8507
4205 4207 8412
4044 4201 8245
4220 4222 8442
4136 4150 8286
4162 4256 8418
4065 4136 8201
4241 4261 8502
4193 4196 8389
4093 4281 8374
3982 4237 8219
4149 4201 8350
3971 4149 8120
4044 4109 8153
4172 4205 8377
4066 4081 8147
4171 4220 8391
4119 4141 8260
4067 4254 8321
4027 4156 8183
3989 4128 8117
4248 4273 8521
4106 4206 8312
4119 4222 8341
4004 4252 8256
3968 4205 8173
4068 4225 8293
4046 4119 8165
3915 4033 7948
4084 4233 8317
4099 4174 8273
4209 4226 8435
4079 4125 8204
4200 4285 8485
4094 4215 8309
4222 4226 8448
4182 4257 8439
4191 4262 8453
4144 4247 8391
4212 4214 8426
4036 4081 8117
4114 4117 8231
3945 4161 8106
3978 4063 8041
4052 4105 8157
4105 4166 8271
4210 4219 8429
4115 4211 8326
4052 4112 8164
4158 4201 8359
3976 4138 8114
4154 4163 8317
4005 4150 8155
4176 4184 8360
4097 4104 8201
4081 4130 8211
4057 4214 8271
4127 4228 8355
4094 4259 8353
4174 4281 8455
4155 4263 8418
4225 4254 8479
4075 4161 8236
4071 4134 8205
3959 4248 8207
4105 4199 8304
4159 4196 8355
4113 4188 8301
4150 4268 8418
4251 4260 8511
4200 4237 8437
4025 4145 8170
4144 4164 8308
3971 4073 8044
4254 4284 8538
4092 4146 8238
4021 4257 8278
4088 4105 8193
4130 4259 8389
4011 4055 8066
4066 4196 8262
4106 4283 8389
3986 4234 8220
4135 4257 8392
4126 4177 8303
4267 4276 8543
4029 4117 8146
4166 4211 8377
4233 4256 8489
4147 4250 8397
4008 4068 8076
4047 4069 8116
4105 4176 8281
4254 4282 8536
4101 4104 8205
4119 4226 8345
4088 4226 8314
4030 4183 8213
4235 4275 8510
4113 4208 8321
3974 4011 7985
4293 4295 8588
4053 4114 8167
4109 4202 8311
4090 4216 8306
4118 4198 8316
4032 4088 8120
4098 4109 8207
4057 4154 8211
4187 4209 8396
4133 4212 8345
4013 4068 8081
4204 4250 8454
4003 4061 8064
4174 4204 8378
4255 4259 8514
4161 4233 8394
4142 4150 8292
4110 4234 8344
4018 4138 8156
3940 4137 8077
4068 4103 8171
4088 4097 8185
4160 4272 8432
4099 4167 8266
4232 4293 8525
3990 4110 8100
4052 4249 8301
4043 4193 8236
4144 4263 8407
4052 4088 8140
4245 4288 8533
4112 4239 8351
4105 4198 8303
4138 4205 8343
4110 4222 8332
4200 4245 8445
4001 4115 8116
4195 4281 8476
4010 4144 8154
4195 4256 8451
4162 4209 8371
4152 4237 8389
4108 4123 8231
4185 4198 8383
3981 4133 8114
4031 4101 8132
4193 4262 8455
4103 4182 8285
4153 4260 8413
4061 4114 8175
4189 4204 8393
3937 4096 8033
3986 4119 8105
3943 4258 8201
4106 4137 8243
4106 4221 8327
4004 4080 8084
4203 4213 8416
4144 4197 8341
3982 4195 8177
4048 4062 8110
4161 4211 8372
4164 4178 8342
3937 4135 8072
4147 4278 8425
4036 4038 8074
3986 4112 8098
4148 4237 8385
4062 4181 8243
4082 4242 8324
4091 4126 8217
4131 4143 8274
4080 4233 8313
4103 4168 8271
4024 4127 8151
3996 4166 8162
4072 4129 8201
3958 4006 7964
4154 4169 8323
4128 4130 8258
4080 4124 8204
4119 4229 8348
4187 4231 8418
4014 4248 8262
3939 4293 8232
4155 4160 8315
4089 4136 8225
4161 4191 8352
4128 4200 8328
4167 4214 8381
4067 4220 8287
4025 4205 8230
4056 4201 8257
4176 4187 8363
4166 4284 8450
3999 4079 8078
3988 4135 8123
4027 4183 8210
4094 4117 8211
4096 4212 8308
4111 4124 8235
4099 4108 8207
4125 4136 8261
4027 4098 8125
4031 4087 8118
4034 4099 8133
3982 4181 8163
4248 4278 8526
4005 4049 8054
3983 4018 8001
4103 4129 8232
4101 4164 8265
3975 4039 8014
4154 4256 8410
4078 4084 8162
4268 4282 8550
3976 4177 8153
4189 4220 8409
4082 4088 8170
3976 4050 8026
4074 4124 8198
4093 4100 8193
4281 4286 8567
4026 4219 8245
4062 4113 8175
3937 3940 7877
4145 4157 8302
4163 4181 8344
4098 4198 8296
4092 4185 8277
3954 4190 8144
4039 4132 8171
4024 4185 8209
4096 4135 8231
4044 4159 8203
3996 4052 8048
4090 4138 8228
4073 4103 8176
4175 4188 8363
4105 4229 8334
4157 4203 8360
4224 4274 8498
4289 4292 8581
4063 4134 8197
4285 4287 8572
4000 4180 8180
4088 4089 8177
4063 4153 8216
4033 4082 8115
3959 4154 8113
4016 4078 8094
4013 4215 8228
4128 4241 8369
4111 4121 8232
3906 3944 7850
4207 4228 8435
4184 4274 8458
4072 4102 8174
4028 4238 8266
4022 4193 8215
4040 4201 8241
4097 4182 8279
4155 4230 8385
4219 4249 8468
4280 4291 8571
4175 4276 8451
4004 4236 8240
4192 4281 8473
4117 4231 8348
4107 4110 8217
4208 4276 8484
4137 4141 8278
4220 4238 8458
4127 4147 8274
4150 4203 8353
4020 4056 8076
4171 4203 8374
4220 4252 8472
4163 4284 8447
4144 4147 8291
4046 4144 8190
4153 4241 8394
3979 4156 8135
4120 4149 8269
4053 4130 8183
4130 4194 8324
4100 4138 8238
4199 4264 8463
4087 4098 8185
4115 4129 8244
4112 4174 8286
4184 4198 8382
4129 4154 8283
4153 4184 8337
4222 4227 8449
4196 4280 8476
3971 4200 8171
4177 4228 8405
4090 4106 8196
4235 4275 8510
3969 4110 8079
4087 4224 8311
4236 4272 8508
4231 4281 8512
4138 4143 8281
3976 4081 8057
4026 4251 8277
4173 4176 8349
4038 4169 8207
4100 4174 8274
3998 4065 8063
3959 4153 8112
4034 4067 8101
3994 4223 8217
3990 4096 8086
4040 4149 8189
3923 4072 7995
3964 4005 7969
4050 4257 8307
3986 4079 8065
4028 4093 8121
4145 4151 8296
3979 4186 8165
3999 4089 8088
4011 4045 8056
3992 4077 8069
4133 4158 8291
3945 4106 8051
4170 4241 8411
4033 4196 8229
4228 4229 8457
4109 4241 8350
4246 4253 8499
4006 4212 8218
4139 4292 8431
4232 4274 8506
4066 4081 8147
4211 4244 8455
4046 4191 8237
4224 4236 8460
4046 4112 8158
4185 4197 8382
4092 4147 8239
4144 4160 8304
4198 4201 8399
4064 4245 8309
4109 4265 8374
3990 4237 8227
4003 4153 8156
4104 4262 8366
4246 4281 8527
4027 4161 8188
4167 4181 8348
3931 4029 7960
4221 4248 8469
4134 4269 8403
4161 4217 8378
4178 4267 8445
4241 4244 8485
4099 4103 8202
4085 4130 8215
4075 4179 8254
4103 4216 8319
4112 4135 8247
4146 4251 8397
3918 4190 8108
4193 4243 8436
4025 4062 8087
4140 4270 8410
4047 4256 8303
4175 4229 8404
4235 4285 8520
4106 4119 8225
4076 4167 8243
4146 4261 8407
4129 4264 8393
4147 4282 8429
4237 4239 8476
4101 4190 8291
4181 4240 8421
4068 4288 8356
4125 4262 8387
4273 4292 8565
4027 4098 8125
4183 4205 8388
4010 4105 8115
4039 4120 8159
4149 4199 8348
4077 4279 8356
4099 4216 8315
4032 4039 8071
4238 4248 8486
4194 4218 8412
4029 4098 8127
4215 4294 8509
4084 4114 8198
4222 4246 8468
4207 4234 8441
4273 4278 8551
4084 4254 8338
4053 4216 8269
3927 4111 8038
4230 4253 8483
4102 4172 8274
4107 4130 8237
4120 4123 8243
4054 4219 8273
3937 4090 8027
3999 4189 8188
4156 4188 8344
4065 4076 8141
4180 4241 8421
3901 4084 7985
4168 4188 8356
3981 4053 8034
4131 4271 8402
4172 4275 8447
4049 4234 8283
4233 4268 8501
4218 4257 8475
4022 4109 8131
4242 4253 8495
4167 4238 8405
3938 4131 8069
4023 4081 8104
4125 4164 8289
4175 4287 8462
4127 4140 8267
4206 4267 8473
4137 4206 8343
4081 4091 8172
4125 4174 8299
3951 4086 8037
4176 4252 8428
4104 4145 8249
4045 4176 8221
4173 4186 8359
4002 4184 8186
4154 4179 8333
4239 4249 8488
4205 4262 8467
3934 4153 8087
4110 4213 8323
3938 3965 7903
4170 4226 8396
4062 4137 8199
4033 4232 8265
4190 4206 8396
4127 4145 8272
4045 4236 8281
4142 4219 8361
4105 4183 8288
4172 4285 8457
4086 4103 8189
3962 4056 8018
4166 4219 8385
4154 4224 8378
3973 4270 8243
4150 4189 8339
4102 4264 8366
4109 4123 8232
4207 4242 8449
4185 4190 8375
4187 4196 8383
4022 4215 8237
3988 4054 8042
4213 4249 8462
3995 4212 8207
4219 4240 8459
4130 4144 8274
4227 4272 8499
4130 4172 8302
4070 4100 8170
3984 4196 8180
4069 4226 8295

4107 4153 8241
4047 4106 8140
4147 4198 8321
4018 4071 8087
4006 4046 8024
4075 4168 8232
4093 4101 8183
4108 4146 8251
4132 4194 8293
4120 4167 8286
4122 4192 8311
4045 4051 8070
4081 4118 8188
4163 4180 8321
4191 4193 8379
4029 4057 8050
4028 4174 8195
4148 4198 8312
4038 4115 8126
4018 4136 8121
4166 4200 8332
4015 4111 8093
4026 4122 8125
4020 4059 8059
4078 4084 8146
4112 4158 8251
4093 4161 8230
4143 4165 8295
4030 4048 8056
4163 4175 8318
4061 4184 8207
4000 4104 8079
4054 4173 8200
4083 4191 8251
4052 4186 8235
4170 4199 8335
4182 4188 8364
4005 4145 8142
4073 4176 8244
4034 4046 8067
4029 4038 8052
4025 4082 8087
4077 4089 8141
4097 4181 8277
4069 4127 8172
4011 4105 8078
4156 4198 8348
4058 4078 8118
4012 4068 8076
4151 4154 8277
4107 4172 8250
4043 4109 8122
4005 4159 8162
4080 4099 8172
4166 4189 8336
4131 4194 8293
4136 4141 8273
4012 4067 8074
4135 4141 8251
4110 4178 8278
4182 4184 8354
4109 4132 8233
4042 4195 8209
4001 4005 7968
4018 4054 8064
4068 4179 8239
4068 4199 8260
4022 4094 8106
4084 4186 8244
4141 4172 8291
4117 4131 8242
4171 4192 8344
4118 4177 8260
4104 4116 8197
4024 4193 8213
4104 4184 8285
4179 4197 8369
4095 4185 8274
4026 4052 8069
4118 4140 8253
4199 4200 8397
4159 4181 8309
4060 4121 8170
4023 4165 8170
4110 4131 8226
4145 4162 8301
4121 4170 8261
4108 4163 8238
4064 4193 8222
4151 4190 8339
4085 4148 8207
4111 4166 8260
4060 4151 8185
4006 4135 8133
4156 4188 8309
4004 4124 8119
4179 4200 8368
4163 4194 8333
4093 4158 8214
4037 4081 8104
4128 4149 8249
4073 4132 8192
4169 4181 8328
4131 4172 8282
4012 4111 8094
4117 4165 8264
4197 4199 8367
4039 4141 8146
4159 4182 8312
4021 4057 8068
4123 4149 8239
4059 4194 8219
4022 4168 8186
4020 4112 8096
4137 4140 8259
4063 4192 8226
4191 4192 8359
4162 4196 8356
4166 4198 8352
4078 4105 8157
4065 4070 8109
4161 4194 8321
4171 4192 8342
4094 4182 8253
4040 4170 8176
4182 4190 8340
4132 4185 8283
4194 4196 8375
4195 4196 8374
4046 4141 8173
4188 4200 8353
4087 4195 8269
4067 4156 8200
4154 4170 8297
4197 4199 8363
4009 4070 8045
4035 4199 8231
4074 4091 8127
4005 4176 8171
4158 4197 8317
4010 4192 8198
4041 4095 8133
4155 4161 8297
4060 4177 8229
4068 4070 8131
4027 4160 8168
4039 4164 8190
4172 4179 8318
4008 4192 8164
4039 4184 8200
4129 4160 8275
4178 4180 8354
4026 4050 8041
4113 4144 8218
4040 4192 8230
4021 4071 8080
4030 4042 8068
4116 4129 8241
4061 4170 8228
4195 4199 8363
4125 4177 8300
4146 4166 8278
4143 4194 8306
4115 4191 8296
4199 4200 8361
4186 4194 8345
4136 4175 8297
4092 4166 8220
4074 4169 8223
4038 4114 8138
4177 4190 8342
4132 4145 8262
4194 4199 8360
4149 4180 8306
4143 4178 8301
4112 4195 8275
4035 4077 8087
4092 4099 8173
4084 4098 8150
4142 4196 8316
4131 4172 8274
4191 4200 8380
4112 4171 8272
4100 4191 8257
4005 4040 8024
4130 4149 8267
4063 4180 8217
4140 4176 8292
4049 4098 8126
4126 4198 8300
4158 4168 8290
4060 4118 8165
4164 4187 8320
4031 4052 8077
4137 4194 8315
4019 4075 8060
4008 4168 8151
4040 4115 8118
4185 4187 8345
4049 4154 8183
4160 4182 8330
4093 4140 8213
4058 4065 8100
4146 4153 8296
4034 4195 8227
4158 4173 8313
4079 4173 8242
4014 4044 8020
4084 4125 8185
4097 4176 8254
4024 4172 8182
4141 4178 8302
4133 4157 8271
4183 4190 8369
4179 4191 8349
4186 4193 8354
4155 4198 8323
4007 4036 8026
4011 4067 8041
4096 4144 8207
4156 4200 8345
4095 4128 8211
4169 4199 8349
4194 4197 8387
4033 4185 8182
4025 4163 8181
4079 4136 8207
4088 4132 8206
4048 4072 8114
4182 4187 8353
4045 4159 8185
4155 4198 8329
4084 4137 8213
4114 4182 8262
4088 4108 8173
4107 4174 8275
4142 4199 8331
4070 4182 8226
4106 4169 8237
4084 4092 8165
4123 4149 8259
4127 4141 8231
4065 4189 8239
4098 4184 8274
4155 4192 8308
4162 4190 8340
4012 4167 8174
4070 4129 8187
4015 4155 8159
4093 4192 8280
4071 4194 8262
4059 4092 8114
4066 4069 8110
4008 4077 8058
4063 4129 8186
4129 4179 8273
4017 4156 8135
4192 4194 8361
4198 4199 8370
4077 4163 8222
4139 4184 8302
4026 4196 8194
4028 4048 8041
4136 4170 8303
4189 4200 8353
4002 4072 8037
4097 4200 8280
4024 4085 8077
4014 4020 8026
4199 4200 8390
4190 4197 8348
4040 4104 8130
4101 4135 8224
4188 4200 8355
4171 4186 8328
4030 4101 8109
4146 4194 8320
4075 4101 8155
4020 4170 8154
4025 4159 8182
4182 4190 8334
4022 4180 8183
4098 4169 8248
4180 4185 8349
4197 4200 8394
4008 4084 8083
4014 4173 8175
4116 4163 8244
4050 4157 8183
4150 4166 8282
4164 4172 8331
4028 4034 8052
4049 4173 8187
4059 4072 8114
4028 4198 8196
4152 4184 8308
4007 4113 8084
4158 4179 8314
4090 4152 8210
4133 4170 8282
4152 4153 8284
4043 4148 8163
4137 4182 8296
4166 4184 8313
4083 4091 8165
4044 4111 8135
4043 4069 8080
4035 4184 8182
4051 4092 8120
4010 4152 8142
4116 4140 8250
4178 4198 8354
4085 4173 8250
4001 4062 8044
4029 4081 8076
4053 4068 8119
4092 4200 8259
4124 4184 8295
4157 4197 8325
4108 4185 8257
4089 4199 8266
4072 4192 8263
4056 4110 8148
4139 4147 8282
4168 4185 8349
4140 4170 8285
4056 4150 8182
4120 4122 8229
4119 4163 8256
4133 4169 8273
4005 4053 8042
4162 4179 8318
4110 4169 8264
4186 4193 8354
4001 4166 8160
4114 4134 8233
4041 4110 8127
4127 4129 8236
4152 4172 8295
4094 4107 8190
4188 4200 8379
4175 4191 8334
4138 4183 8315
4084 4150 8228
4080 4137 8190
4199 4200 8397
4098 4188 8273
4113 4182 8277
4028 4153 8146
4018 4109 8123
4102 4170 8240
4094 4183 8275
4008 4030 8009
4182 4194 8361
4044 4074 8080
4184 4188 8364
4067 4107 8148
4153 4198 8312
4045 4183 8218
4123 4132 8221
4099 4197 8270
4176 4178 8333
4168 4181 8313
4159 4174 8329
4124 4159 8263
4168 4188 8322
4028 4153 8150
4004 4101 8099
4143 4175 8305
4009 4110 8101
4137 4162 8290
4016 4143 8156
4082 4185 8254
4062 4185 8223
4034 4141 8164
4083 4116 8181
4074 4075 8114
4084 4106 8188
4090 4166 8239
4181 4190 8367
4078 4168 8226
4151 4154 8277
4132 4193 8324
4131 4199 8312
4169 4181 8346
4186 4198 8359
4000 4061 8044
4006 4063 8064
4006 4157 8143
4079 4137 8212
4088 4106 8191
4091 4093 8168
4172 4182 8336
4155 4163 8316
4169 4193 8329
4035 4073 8076
4113 4123 8199
4011 4041 8015
4189 4196 8377
4080 4101 8158
4109 4182 8275
4072 4194 8248
4102 4185 8278
4007 4151 8126
4125 4144 8236
4105 4192 8265
4030 4183 8205
4187 4188 8373
4070 4151 8198
4189 4195 8379
4018 4027 8037
4145 4153 8282
4157 4196 8330
4065 4156 8187
4043 4166 8180
4053 4068 8111
4112 4135 8234
4184 4189 8348
4036 4052 8054
4137 4160 8284
4025 4162 8169
4043 4179 8193
4175 4183 8320
4143 4184 8319
4042 4050 8077
4195 4197 8370
4003 4145 8142
4198 4200 8368
4137 4151 8252
4153 4170 8320
4106 4187 8255
4020 4024 8010
4061 4067 8091
4180 4188 8338
4035 4128 8126
4016 4077 8080
4131 4164 8275
4060 4156 8192
4191 4198 8354
4183 4184 8361
4144 4159 8276
4081 4102 8165
4105 4171 8269
4040 4193 8216
4030 4194 8211
4041 4042 8066
4118 4129 8241
4158 4184 8334
4132 4153 8261
4189 4195 8346
4031 4047 8045
4142 4176 8288
4087 4196 8261
4109 4163 8248
4022 4112 8133
4149 4190 8306
4015 4194 8175
4181 4193 8356
4134 4186 8292
4140 4184 8315
4120 4152 8245
4027 4047 8049
4173 4190 8362
4044 4053 8082
4125 4199 8299
4135 4143 8242
4174 4189 8342
4093 4143 8223
4111 4153 8230
4011 4156 8146
4102 4157 8250
4180 4182 8349
4068 4135 8172
4068 4175 8211
4047 4109 8127
4167 4181 8338
4025 4171 8189
4057 4180 8220
4026 4158 8179
4136 4195 8330
4199 4200 8360
4088 4111 8164
4132 4183 8289
4071 4147 8194
4046 4164 8195
4082 4118 8181
4100 4125 8186
4111 4163 8236
4020 4177 8190
4107 4196 8268
4029 4057 8054
4015 4025 8035
4101 4142 8233
4106 4113 8210
4102 4175 8261
4060 4170 8196
4071 4091 8161
4111 4172 8247
4163 4178 8332
4113 4173 8271
4032 4119 8138
4105 4127 8229
4002 4077 8069
4139 4194 8318
4112 4200 8299
4137 4195 8312
4133 4179 8275
4101 4188 8276
4029 4179 8184
4012 4199 8173
4163 4183 8329
4169 4186 8316
4119 4129 8236
4115 4119 8223
4192 4193 8372
4063 4185 8240
4061 4153 8198
4118 4183 8284
4123 4190 8274
4181 4184 8363
4003 4153 8152
4072 4191 8232
4057 4162 8217
4192 4199 8383
4102 4194 8263
4085 4135 8193
4047 4097 8135
4057 4075 8123
4058 4108 8148
4036 4170 8187
4134 4157 8270
4055 4164 8197
4164 4199 8341
4088 4136 8200
4052 4070 8119
4174 4178 8351
4037 4121 8137
4073 4090 8133
4139 4180 8288
4037 4051 8070
4199 4200 8371
4067 4137 8184
4181 4190 8370
4004 4017 7991
4053 4094 8124
4025 4183 8170
4076 4121 8192
4184 4194 8348
4091 4171 8253
4106 4114 8203
4003 4039 8017
4047 4093 8123
4093 4134 8195
4167 4199 8333
4000 4100 8062
4020 4133 8116
4089 4175 8247
4011 4146 8144
4145 4167 8277
4036 4099 8123
4054 4137 8175
4127 4150 8260
4016 4035 8048
4106 4145 8219
4133 4156 8252
4099 4170 8244
4162 4175 8304
4190 4192 8359
4154 4181 8327
4188 4197 8362
4044 4119 8143
4154 4175 8294
4072 4085 8146
4050 4157 8205
4049 4166 8178
4064 4178 8237
4049 4176 8223
4199 4200 8371
4021 4023 8012
4000 4006 7986
4172 4178 8320
4192 4196 8379
4072 4160 8195
4074 4141 8180
4108 4192 8275
4090 4114 8190
4172 4200 8349
4090 4132 8215
4130 4159 8257
4184 4197 8357
4170 4178 8339
4062 4191 8219
4105 4186 8270
4128 4166 8272
4033 4049 8079
4184 4195 8368
4058 4156 8190
4149 4160 8299
4038 4054 8074
4079 4123 8172
4014 4032 8026
4090 4108 8192
4132 4165 8296
4165 4198 8339
4182 4184 8342
4014 4121 8100
4149 4166 8309
4076 4097 8151
4119 4125 8207
4031 4198 8195
4173 4188 8356
4103 4111 8199
4122 4188 8284
4176 4182 8355
4126 4199 8291
4150 4164 8302
4102 4130 8227
4137 4151 8277
4088 4173 8242
4147 4153 8298
4152 4188 8320
4001 4109 8084
4177 4183 8341
4091 4165 8229
4186 4196 8352
4056 4117 8136
4109 4189 8275
4190 4191 8346
4187 4197 8378
4090 4121 8186
4039 4147 8152
4053 4159 8184
4110 4125 8228
4085 4090 8174
4076 4172 8211
4033 4058 8060
4010 4167 8168
4113 4164 8241
4080 4123 8174
4008 4115 8111
4117 4177 8285
4007 4042 8015
4005 4097 8089
4065 4170 8204
4008 4059 8043
4016 4112 8114
4102 4122 8213
4030 4092 8106
4012 4016 8002
4002 4022 8006
4001 4099 8062
4134 4146 8265
4025 4037 8060
4133 4152 8277
4053 4184 8202
4130 4131 8248
4132 4142 8258
4166 4190 8346
4068 4174 8214
4166 4196 8355
4197 4199 8395
4144 4146 8257
4169 4176 8318
4047 4176 8186
4137 4151 8282
4004 4068 8035
4169 4197 8342
4008 4111 8082
4051 4080 8111
4136 4143 8270
4157 4158 8285
4133 4166 8296
4004 4165 8146
4078 4091 8132
4045 4181 8204
4165 4193 8357
4023 4148 8137
4149 4155 8295
4006 4024 8015
4197 4198 8369
4153 4187 8332
4093 4176 8240
4188 4197 8357
4145 4146 8283
4010 4011 8000
4108 4117 8204
4027 4153 8163
4061 4141 8180
4126 4136 8244
4078 4199 8255
4012 4152 8139
4198 4200 8392
4016 4059 8050
4150 4182 8296
4068 4181 8226
4131 4152 8244
4147 4194 8326
4177 4191 8350
4008 4180 8159
4161 4174 8316
4123 4184 8285
4198 4199 8367
4138 4175 8290
4016 4163 8152
4156 4198 8320
4167 4194 8353
4182 4188 8345
4191 4197 8357
4106 4148 8251
4088 4198 8270
4017 4075 8073
4114 4135 8239
4125 4158 8273
4132 4197 8294
4115 4130 8223
4012 4045 8055
4142 4155 8265
4145 4156 8278
4004 4136 8131
4198 4200 8380
4158 4196 8328
4167 4183 8334
4136 4163 8266
4177 4187 8360
4079 4172 8248
4133 4149 8264
4016 4057 8064
4184 4198 8348
4193 4196 8379
4066 4128 8168
4197 4198 8362
4005 4125 8106
4030 4113 8118
4053 4140 8184
4098 4189 8265
4013 4068 8078
4091 4199 8285
4000 4060 8038
4081 4122 8187
4078 4107 8179
4146 4176 8312
4187 4194 8346
4050 4177 8219
4154 4181 8313
4131 4187 8306
4082 4171 8229
4198 4199 8389
4160 4181 8319
4030 4139 8154
4110 4122 8197
4189 4197 8371
4167 4190 8334
4196 4200 8393
4129 4170 8282
4155 4183 8300
4169 4171 8333
4036 4180 8196
4002 4004 7976
4144 4171 8313
4137 4172 8271
4059 4120 8171
4140 4196 8315
4057 4100 8134
4122 4143 8259
4144 4156 8276
4197 4199 8381
4024 4075 8074
4174 4191 8360
4017 4042 8035
4157 4189 8339
4018 4080 8060
4108 4171 8251
4118 4135 8228
4068 4188 8224
4133 4158 8290
4115 4186 8266
4139 4177 8300
4192 4195 8381
4159 4167 8322
4017 4028 8044
4142 4150 8283
4129 4139 8239
4021 4176 8184
4172 4194 8332
4194 4198 8382
4115 4146 8255
4195 4196 8357
4168 4181 8338
4164 4183 8329
4005 4133 8135
4061 4064 8087
4173 4183 8345
4050 4176 8192
4195 4200 8375
4133 4174 8286
4176 4200 8365
4199 4200 8375
4036 4124 8151
4045 4138 8157
4083 4146 8205

0.010000 0.390000
