800
4148582
3997 4150 8147
4134 4194 8328
4119 4145 8264
3975 4111 8086
4033 4165 8198
4215 4216 8431
4049 4178 8227
4031 4082 8113
4084 4187 8271
4103 4128 8231
4137 4200 8337
3981 4175 8156
4210 4214 8424
4029 4062 8091
4000 4158 8158
4100 4282 8382
4230 4275 8505
4133 4243 8376
4201 4229 8430
4161 4167 8328
4124 4248 8372
4005 4013 8018
4172 4250 8422
4132 4187 8319
4090 4233 8323
3987 4063 8050
3933 4038 7971
4155 4165 8320
4167 4201 8368
4193 4194 8387
4171 4247 8418
4109 4155 8264
4154 4166 8320
3954 4111 8065
3971 4102 8073
4179 4279 8458
4191 4279 8470
4014 4146 8160
4190 4246 8436
3999 4208 8207
4080 4198 8278
4045 4129 8174
3997 4106 8103
4203 4290 8493
4149 4173 8322
4187 4206 8393
4061 4107 8168
4035 4215 8250
4206 4241 8447
4098 4173 8271
4069 4233 8302
4144 4205 8349
4230 4239 8469
4287 4290 8577
4037 4083 8120
4187 4246 8433
4165 4217 8382
4115 4225 8340
4162 4176 8338
4094 4155 8249
4000 4136 8136
4236 4281 8517
4029 4154 8183
4017 4218 8235
4020 4162 8182
4181 4186 8367
4114 4240 8354
4041 4056 8097
4012 4201 8213
4166 4168 8334
4249 4262 8511
4067 4168 8235
4134 4202 8336
4262 4294 8556
4090 4186 8276
4238 4258 8496
4146 4167 8313
4180 4187 8367
4158 4236 8394
4206 4208 8414
4012 4091 8103
4223 4262 8485
4058 4223 8281
4254 4263 8517
3957 4051 8008
4095 4143 8238
4038 4104 8142
4173 4271 8444
3939 3993 7932
4022 4079 8101
4160 4248 8408
4183 4184 8367
4054 4181 8235
4174 4251 8425
4059 4238 8297
4253 4267 8520
4145 4214 8359
4140 4177 8317
4100 4174 8274
4030 4048 8078
4225 4260 8485
4044 4152 8196
4108 4188 8296
4114 4169 8283
4102 4240 8342
4050 4203 8253
4191 4257 8448
4188 4273 8461
4071 4285 8356
4047 4257 8304
4100 4272 8372
3958 4226 8184
4220 4247 8467
4067 4196 8263
4054 4090 8144
4017 4088 8105
4061 4131 8192
4234 4290 8524
4199 4242 8441
3962 4106 8068
4198 4257 8455
4157 4281 8438
4008 4048 8056
4154 4214 8368
4234 4236 8470
4199 4223 8422
4155 4165 8320
3993 4101 8094
4051 4089 8140
4069 4206 8275
4043 4048 8091
4157 4161 8318
4155 4195 8350
4094 4140 8234
4268 4276 8544
4100 4214 8314
3927 3997 7924
4209 4243 8452
4059 4196 8255
3998 4022 8020
4172 4199 8371
4123 4284 8407
4251 4263 8514
4024 4085 8109
3974 4086 8060
4039 4218 8257
4112 4183 8295
4084 4186 8270
4001 4067 8068
4061 4238 8299
4064 4123 8187
4005 4173 8178
4063 4169 8232
4079 4171 8250
4165 4178 8343
4264 4286 8550
4146 4158 8304
4083 4212 8295
4023 4142 8165
4189 4250 8439
4061 4062 8123
4045 4074 8119
4130 4237 8367
4125 4190 8315
4129 4241 8370
4113 4224 8337
4050 4082 8132
4184 4193 8377
4231 4249 8480
3955 4149 8104
4120 4143 8263
4121 4211 8332
4079 4145 8224
4142 4227 8369
4170 4261 8431
4008 4103 8111
4016 4174 8190
4155 4177 8332
4216 4232 8448
4154 4180 8334
4119 4217 8336
4263 4275 8538
4067 4240 8307
4153 4217 8370
4240 4280 8520
4185 4228 8413
4047 4241 8288
4218 4267 8485
4077 4085 8162
3914 4088 8002
4125 4127 8252
4230 4234 8464
4053 4144 8197
4095 4263 8358
4094 4210 8304
4041 4095 8136
4228 4231 8459
4096 4159 8255
4223 4292 8515
4105 4112 8217
4172 4191 8363
4074 4140 8214
4056 4178 8234
3982 4206 8188
4096 4185 8281
4114 4194 8308
3978 4101 8079
4047 4116 8163
4068 4197 8265
4011 4034 8045
4061 4272 8333
4174 4223 8397
4191 4210 8401
4070 4132 8202
4224 4251 8475
4154 4206 8360
4087 4257 8344
4123 4147 8270
4004 4150 8154
3997 4207 8204
4097 4113 8210
4084 4095 8179
3939 4175 8114
4221 4276 8497
4127 4216 8343
4153 4174 8327
4106 4259 8365
4081 4121 8202
4172 4199 8371
4041 4096 8137
4135 4222 8357
4089 4147 8236
4107 4155 8262
4119 4150 8269
4057 4096 8153
4000 4088 8088
3928 4065 7993
4170 4175 8345
4134 4272 8406
4074 4236 8310
4068 4215 8283
4164 4168 8332
3992 4217 8209
4041 4275 8316
4084 4095 8179
4074 4084 8158
4094 4101 8195
4049 4250 8299
4070 4155 8225
4125 4160 8285
4017 4079 8096
4024 4200 8224
4131 4172 8303
4088 4146 8234
4083 4206 8289
4075 4152 8227
3939 4128 8067
4099 4212 8311
4068 4195 8263
4186 4275 8461
4235 4267 8502
4044 4116 8160
4165 4272 8437
4184 4194 8378
4056 4154 8210
4123 4172 8295
4137 4201 8338
4183 4198 8381
4117 4199 8316
4110 4173 8283
4105 4120 8225
4094 4131 8225
4029 4107 8136
4102 4149 8251
4127 4215 8342
4077 4194 8271
4134 4255 8389
4064 4237 8301
4090 4202 8292
4001 4103 8104
3986 4116 8102
4106 4183 8289
4027 4088 8115
4122 4252 8374
4161 4204 8365
3987 4133 8120
4186 4222 8408
3964 4010 7974
4100 4200 8300
3968 4210 8178
4222 4262 8484
4121 4215 8336
3947 4120 8067
4181 4217 8398
3988 4090 8078
4030 4123 8153
4118 4139 8257
4198 4220 8418
4253 4271 8524
4042 4160 8202
4103 4172 8275
4159 4274 8433
4054 4236 8290
4143 4187 8330
3931 4177 8108
4177 4183 8360
4083 4219 8302
4158 4240 8398
4153 4180 8333
4048 4111 8159
3989 4211 8200
4124 4139 8263
4046 4059 8105
4101 4221 8322
3960 4102 8062
4094 4172 8266
4202 4235 8437
4017 4153 8170
4115 4227 8342
4159 4199 8358
4005 4129 8134
4034 4096 8130
4139 4219 8358
4204 4300 8504
4050 4080 8130
4261 4294 8555
4240 4244 8484
4105 4273 8378
4140 4167 8307
3966 4191 8157
4141 4196 8337
4225 4249 8474
4161 4194 8355
4097 4103 8200
4166 4210 8376
3970 4102 8072
4068 4137 8205
4112 4271 8383
4085 4209 8294
4082 4271 8353
4042 4100 8142
4162 4244 8406
4129 4163 8292
4210 4223 8433
4075 4196 8271
3979 4136 8115
4136 4180 8316
4221 4227 8448
4167 4217 8384
4191 4249 8440
4075 4194 8269
4160 4243 8403
4097 4262 8359
4189 4261 8450
3998 4000 7998
4218 4262 8480
4159 4177 8336
3950 4206 8156
3950 4115 8065
4251 4263 8514
4055 4108 8163
4246 4269 8515
4085 4206 8291
3956 4239 8195
4180 4254 8434
4255 4263 8518
4229 4243 8472
4103 4174 8277
4140 4258 8398
4115 4152 8267
4100 4103 8203
4085 4144 8229
4096 4103 8199
4280 4287 8567
4197 4203 8400
4227 4293 8520
4169 4185 8354
3978 4265 8243
4168 4203 8371
4191 4213 8404
4275 4280 8555
4118 4135 8253
3922 4124 8046
4202 4236 8438
4210 4252 8462
3970 4185 8155
4108 4156 8264
4058 4178 8236
4092 4216 8308
4175 4263 8438
3990 4003 7993
4080 4192 8272
4019 4085 8104
4175 4233 8408
4108 4129 8237
4000 4119 8119
4172 4181 8353
4086 4149 8235
4096 4271 8367
3907 3959 7866
3947 4162 8109
4113 4280 8393
4023 4120 8143
3992 4129 8121
4183 4229 8412
4201 4266 8467
3985 4129 8114
4214 4276 8490
4106 4215 8321
4208 4246 8454
4133 4275 8408
4164 4171 8335
4186 4267 8453
4180 4222 8402
3976 4045 8021
4159 4184 8343
4100 4118 8218
4045 4109 8154
4060 4063 8123
4122 4147 8269
4176 4249 8425
4146 4222 8368
4059 4194 8253
4181 4230 8411
4206 4219 8425
4132 4269 8401
4090 4134 8224
4139 4186 8325
3987 4138 8125
4161 4215 8376
4229 4275 8504
4078 4108 8186
4063 4101 8164
4120 4122 8242
4047 4093 8140
4166 4219 8385
4132 4164 8296
4196 4219 8415
4012 4192 8204
3976 4145 8121
4054 4136 8190
4132 4163 8295
4136 4159 8295
4235 4255 8490
4143 4267 8410
4069 4145 8214
4118 4279 8397
4111 4182 8293
4241 4262 8503
4249 4258 8507
4137 4150 8287
4150 4176 8326
4031 4051 8082
4023 4097 8120
4111 4131 8242
3958 4166 8124
4085 4227 8312
4095 4121 8216
4131 4251 8382
4123 4280 8403
4250 4277 8527
4062 4159 8221
4027 4178 8205
4201 4215 8416
3995 4020 8015
4216 4251 8467
4094 4129 8223
4092 4167 8259
3927 4178 8105
4067 4286 8353
4178 4260 8438
4149 4230 8379
4122 4189 8311
4127 4162 8289
4228 4275 8503
4150 4234 8384
4048 4063 8111
4185 4246 8431
4020 4090 8110
4175 4180 8355
4119 4190 8309
4089 4168 8257
3965 4016 7981
4138 4286 8424
4121 4201 8322
4124 4153 8277
4029 4122 8151
4176 4207 8383
4047 4125 8172
4141 4215 8356
4042 4138 8180
4067 4144 8211
4147 4228 8375
4058 4152 8210
4142 4250 8392
4191 4199 8390
4228 4230 8458
4082 4232 8314
3933 3946 7879
4158 4267 8425
4035 4210 8245
3951 3994 7945
3951 4129 8080
3997 4038 8035
4113 4137 8250
4009 4150 8159
4070 4149 8219
3947 4112 8059
4193 4236 8429
4133 4259 8392
3989 4025 8014
3941 4207 8148
4228 4295 8523
4159 4264 8423
4279 4292 8571
4106 4150 8256
4240 4245 8485
4155 4204 8359
4169 4268 8437
4010 4083 8093
4001 4180 8181
4214 4241 8455
4169 4203 8372
4144 4208 8352
4130 4169 8299
4062 4115 8177
4004 4207 8211
4144 4254 8398
4009 4141 8150
4154 4230 8384
3971 4246 8217
4169 4198 8367
4142 4202 8344
4135 4265 8400
3972 4188 8160
3974 4143 8117
4067 4200 8267
3935 4019 7954
4146 4187 8333
4092 4154 8246
4089 4240 8329
3931 4076 8007
4047 4100 8147
4157 4197 8354
4069 4151 8220
4096 4191 8287
4189 4201 8390
4056 4133 8189
4226 4245 8471
4111 4236 8347
3952 4000 7952
4117 4220 8337
4127 4129 8256
4076 4116 8192
4214 4256 8470
4081 4136 8217
4169 4190 8359
3960 4078 8038
4194 4261 8455
4128 4244 8372
4052 4229 8281
4090 4129 8219
3967 3997 7964
4187 4275 8462
4066 4144 8210
4083 4146 8229
4012 4151 8163
4160 4276 8436
4170 4172 8342
4165 4169 8334
3999 4109 8108
4111 4186 8297
4087 4210 8297
4057 4179 8236
3917 4059 7976
4059 4116 8175
4061 4079 8140
3998 4105 8103
4134 4191 8325
4205 4261 8466
4091 4202 8293
4154 4163 8317
4121 4131 8252
4044 4127 8171
4184 4189 8373
3986 4199 8185
3961 4099 8060
4056 4207 8263
4061 4069 8130
4253 4256 8509
4000 4053 8053
4167 4226 8393
4104 4156 8260
4037 4236 8273
4089 4160 8249
3988 4080 8068
4148 4170 8318
3995 4220 8215
4122 4151 8273
4098 4104 8202
4247 4252 8499
4128 4184 8312
4015 4150 8165
4174 4196 8370
3985 4130 8115
4134 4162 8296
4026 4058 8084
4107 4155 8262
4034 4092 8126
4130 4234 8364
4111 4153 8264
4062 4216 8278
4069 4239 8308
4169 4272 8441
4226 4255 8481
4075 4141 8216
3965 4025 7990
3925 4215 8140
4117 4151 8268
4022 4079 8101
3976 4054 8030
4213 4233 8446
4034 4095 8129
4140 4172 8312
4111 4219 8330
4173 4187 8360
4159 4173 8332
4131 4156 8287
4040 4077 8117
4192 4220 8412
4116 4136 8252
4130 4153 8283
4151 4234 8385
4163 4246 8409
4031 4249 8280
4164 4190 8354
4114 4218 8332
4150 4244 8394
4120 4185 8305
3975 4291 8266
4201 4273 8474
4099 4196 8295
3995 4101 8096
4021 4166 8187
4027 4207 8234
4065 4246 8311
4020 4133 8153
4036 4223 8259
4158 4202 8360
4093 4197 8290
4048 4071 8119
4063 4111 8174
4199 4229 8428
4024 4056 8080
4160 4227 8387
3967 4039 8006
3928 4155 8083
4152 4241 8393
3951 4195 8146
4152 4265 8417
4148 4208 8356
4098 4215 8313
3948 4096 8044
4096 4238 8334
4281 4295 8576
4054 4217 8271
3981 4081 8062
4120 4191 8311
4061 4078 8139
4041 4058 8099
4208 4222 8430
4046 4183 8229
3990 4086 8076
4020 4127 8147
3981 4056 8037
4269 4292 8561
4110 4113 8223
4005 4171 8176
4051 4064 8115
3918 3975 7893
4131 4133 8264
4138 4207 8345
4139 4172 8311
4134 4166 8300
4026 4187 8213
3964 4238 8202
4157 4202 8359
4166 4286 8452
4099 4225 8324
4009 4157 8166
4107 4120 8227
4242 4291 8533
4188 4229 8417
4153 4180 8333
4180 4210 8390
4102 4113 8215
4104 4110 8214
4085 4202 8287
4151 4214 8365
4187 4192 8379
4101 4144 8245
4090 4196 8286
4061 4241 8302
4180 4200 8380
4088 4187 8275
4030 4189 8219
4099 4233 8332
4032 4122 8154
4065 4144 8209
4059 4117 8176
4084 4188 8272
4169 4216 8385
4173 4189 8362
3961 4207 8168
4254 4269 8523
3993 4137 8130
3969 4071 8040
4271 4286 8557
4107 4132 8239
4287 4294 8581
4204 4264 8468
4001 4205 8206
4068 4222 8290
4106 4171 8277
4045 4113 8158
4147 4185 8332
4106 4113 8219
3924 4153 8077
3963 4172 8135
3970 4149 8119
4167 4238 8405
3999 4126 8125
3955 3973 7928
4132 4158 8290
4066 4097 8163
4054 4143 8197
4013 4194 8207
4134 4215 8349
3961 4116 8077
4064 4194 8258
4198 4211 8409
4034 4074 8108
4078 4090 8168
4076 4138 8214
4223 4241 8464
4082 4228 8310
4253 4272 8525
4171 4255 8426
3997 4089 8086
4060 4154 8214
4013 4182 8195
3980 4063 8043
3985 4099 8084
4011 4238 8249
4009 4200 8209
3966 4038 8004
4047 4209 8256
4156 4162 8318
4147 4299 8446
4175 4199 8374
4092 4157 8249
4214 4235 8449
4206 4243 8449
3933 4093 8026
4067 4135 8202
4064 4092 8156
4044 4089 8133
3949 4181 8130
4200 4213 8413
3948 4178 8126
4153 4163 8316
4160 4170 8330
4041 4088 8129
4050 4146 8196
4084 4090 8174
3955 4119 8074
3962 4067 8029
4099 4204 8303
3979 4189 8168
4103 4176 8279
4161 4162 8323
4042 4136 8178
4062 4120 8182
4051 4259 8310
3959 4198 8157
4052 4195 8247
4150 4164 8314
4109 4125 8234
4121 4154 8275
4206 4241 8447
4139 4191 8330
4095 4116 8211
3980 4121 8101
4038 4063 8101
4094 4107 8201
4051 4100 8151
4063 4165 8228
4171 4231 8402
4146 4183 8329
4103 4168 8271

4044 4138 8173
4187 4188 8337
4192 4193 8378
4075 4193 8260
4059 4145 8196
4115 4146 8226
4115 4121 8208
4013 4069 8072
4038 4096 8123
4136 4181 8279
4059 4114 8146
4015 4091 8105
4116 4119 8234
4102 4138 8206
4056 4060 8088
4181 4196 8365
4171 4177 8326
4058 4198 8248
4108 4138 8240
4091 4113 8192
4158 4172 8329
4045 4080 8099
4177 4194 8349
4117 4177 8267
4184 4191 8343
4001 4103 8087
4017 4122 8130
4121 4175 8277
4090 4199 8271
4113 4117 8195
4191 4200 8378
4058 4082 8130
4064 4185 8220
4025 4055 8051
4010 4124 8129
4110 4186 8287
4194 4199 8365
4030 4140 8141
4148 4179 8318
4001 4190 8158
4084 4148 8209
4011 4176 8165
4043 4126 8148
4174 4196 8341
4177 4187 8357
4181 4197 8342
4134 4198 8302
4045 4160 8188
4152 4163 8279
4146 4197 8333
4127 4164 8286
4060 4151 8192
4138 4155 8285
4190 4191 8346
4061 4160 8204
4126 4177 8287
4072 4142 8201
4096 4173 8266
4065 4079 8137
4118 4155 8267
4094 4184 8243
4140 4193 8299
4074 4083 8134
4026 4171 8178
4007 4178 8180
4166 4184 8338
4074 4185 8236
4009 4056 8045
4090 4126 8207
4150 4185 8319
4189 4190 8357
4155 4156 8305
4152 4174 8305
4189 4195 8353
4046 4157 8172
4199 4200 8375
4062 4133 8166
4118 4122 8222
4115 4152 8249
4157 4195 8317
4052 4126 8153
4141 4193 8318
4031 4149 8173
4199 4200 8373
4034 4112 8120
4082 4182 8234
4003 4033 8001
4084 4175 8231
4003 4033 8016
4106 4136 8241
4074 4171 8225
4127 4152 8249
4137 4170 8301
4093 4199 8266
4142 4159 8281
4159 4194 8326
4147 4197 8308
4095 4144 8225
4180 4184 8350
4014 4098 8094
4196 4198 8357
4060 4133 8165
4052 4104 8118
4028 4083 8106
4199 4200 8394
4038 4112 8122
4117 4167 8271
4161 4192 8343
4155 4188 8327
4073 4185 8227
4178 4181 8329
4040 4139 8143
4143 4166 8291
4157 4197 8344
4029 4186 8214
4083 4156 8208
4013 4070 8080
4194 4199 8373
4173 4194 8342
4033 4139 8165
4152 4196 8329
4199 4200 8373
4089 4119 8181
4128 4162 8265
4152 4157 8277
4115 4189 8284
4058 4079 8114
4001 4005 7971
4049 4095 8118
4131 4169 8286
4084 4130 8196
4113 4118 8207
4167 4187 8337
4056 4094 8136
4179 4184 8329
4117 4156 8239
4014 4081 8093
4163 4165 8304
4127 4169 8294
4040 4052 8088
4099 4130 8225
4176 4187 8346
4163 4177 8317
4089 4153 8215
4070 4094 8142
4106 4173 8272
4039 4090 8106
4157 4196 8352
4093 4103 8190
4148 4194 8309
4125 4127 8235
4003 4161 8159
4160 4169 8312
4081 4144 8190
4194 4197 8361
4180 4189 8339
4072 4086 8122
4177 4187 8357
4052 4187 8225
4152 4157 8280
4028 4138 8162
4058 4063 8099
4196 4197 8362
4103 4143 8229
4128 4150 8274
4099 4199 8264
4072 4081 8125
4136 4157 8282
4134 4185 8313
4001 4055 8049
4110 4198 8271
4074 4124 8161
4096 4121 8192
4082 4179 8257
4169 4184 8329
4065 4157 8203
4094 4188 8258
4171 4200 8367
4164 4193 8356
4155 4193 8320
4176 4184 8329
4173 4199 8346
4037 4200 8233
4072 4175 8212
4181 4186 8343
4151 4183 8304
4029 4147 8166
4144 4169 8292
4047 4078 8089
4003 4134 8107
4058 4140 8190
4134 4200 8333
4111 4191 8279
4125 4166 8252
4049 4149 8194
4091 4113 8185
4152 4195 8345
4057 4122 8177
4188 4195 8345
4091 4124 8208
4107 4159 8259
4171 4199 8364
4033 4173 8187
4037 4199 8217
4183 4184 8363
4126 4195 8308
4011 4025 8018
4081 4169 8229
4106 4166 8239
4061 4083 8127
4150 4176 8321
4151 4169 8317
4129 4190 8310
4036 4106 8125
4147 4177 8291
4105 4182 8271
4144 4163 8291
4118 4149 8241
4052 4101 8149
4081 4133 8194
4112 4156 8265
4058 4059 8106
4004 4131 8117
4196 4200 8366
4096 4200 8290
4198 4199 8392
4147 4159 8272
4055 4075 8120
4195 4199 8365
4081 4183 8237
4098 4194 8264
4188 4197 8379
4170 4194 8362
4056 4072 8093
4085 4136 8195
4038 4123 8151
4003 4081 8059
4163 4178 8330
4152 4180 8303
4167 4184 8336
4121 4197 8291
4157 4184 8312
4048 4128 8163
4043 4196 8211
4015 4177 8177
4020 4091 8089
4014 4144 8152
4020 4151 8133
4158 4189 8330
4072 4106 8175
4069 4130 8174
4037 4176 8208
4033 4126 8132
4155 4163 8297
4172 4186 8355
4107 4155 8232
4027 4114 8114
4084 4173 8222
4118 4199 8293
4165 4177 8307
4157 4194 8315
4076 4085 8143
4187 4190 8373
4090 4127 8196
4148 4186 8303
4038 4122 8133
4083 4154 8205
4197 4198 8388
4196 4200 8362
4160 4196 8328
4076 4196 8271
4090 4098 8162
4069 4149 8189
4071 4082 8132
4088 4185 8258
4123 4150 8271
4177 4184 8325
4006 4150 8151
4104 4158 8231
4004 4072 8071
4047 4152 8178
4190 4192 8369
4014 4040 8022
4047 4174 8219
4196 4199 8371
4023 4045 8052
4114 4156 8247
4040 4053 8055
4153 4184 8329
4040 4154 8188
4163 4190 8328
4192 4197 8352
4036 4047 8066
4136 4187 8317
4013 4091 8084
4087 4193 8250
4110 4169 8247
4124 4125 8238
4159 4186 8333
4097 4195 8262
4012 4151 8135
4169 4181 8311
4134 4173 8289
4051 4131 8158
4008 4118 8109
4107 4112 8188
4127 4185 8311
4148 4152 8266
4103 4129 8203
4074 4184 8227
4057 4191 8225
4057 4193 8249
4146 4158 8279
4105 4145 8248
4043 4060 8097
4098 4108 8176
4143 4151 8292
4051 4178 8220
4075 4146 8208
4102 4165 8228
4032 4164 8178
4110 4179 8259
4068 4148 8186
4127 4200 8320
4020 4081 8065
4197 4200 8393
4194 4195 8367
4177 4184 8326
4041 4080 8090
4047 4188 8201
4096 4109 8172
4174 4180 8325
4154 4185 8302
4163 4186 8330
4169 4183 8331
4055 4196 8249
4126 4170 8291
4190 4198 8355
4116 4146 8224
4137 4172 8301
4107 4176 8248
4097 4186 8260
4128 4182 8277
4154 4169 8321
4137 4156 8280
4079 4121 8186
4062 4144 8200
4129 4183 8287
4134 4150 8268
4159 4197 8345
4169 4188 8325
4191 4192 8350
4156 4174 8306
4161 4182 8339
4048 4065 8112
4154 4170 8298
4063 4082 8137
4036 4150 8164
4050 4172 8220
4197 4198 8369
4091 4200 8284
4184 4192 8351
4154 4188 8334
4052 4193 8233
4180 4196 8351
4185 4200 8381
4151 4168 8292
4016 4145 8125
4074 4183 8231
4049 4111 8155
4108 4131 8227
4138 4178 8303
4085 4156 8238
4191 4195 8375
4110 4121 8198
4192 4199 8376
4090 4174 8227
4074 4169 8239
4115 4154 8256
4156 4184 8319
4178 4180 8335
4185 4193 8356
4007 4178 8157
4119 4194 8275
4177 4198 8372
4019 4195 8204
4106 4133 8210
4101 4107 8188
4124 4165 8287
4120 4171 8272
4037 4044 8062
4050 4177 8190
4064 4163 8213
4158 4191 8331
4046 4079 8099
4067 4190 8220
4080 4097 8146
4040 4065 8096
4193 4198 8382
4005 4024 8023
4018 4077 8088
4175 4193 8350
4031 4188 8181
4049 4179 8194
4193 4199 8375
4101 4193 8277
4069 4169 8213
4153 4179 8293
4161 4185 8316
4145 4146 8288
4197 4199 8393
4083 4158 8219
4114 4185 8284
4190 4191 8356
4004 4058 8058
4096 4099 8167
4094 4097 8173
4003 4186 8162
4092 4098 8186
4131 4166 8265
4093 4163 8236
4185 4186 8354
4075 4097 8156
4121 4140 8235
4152 4158 8300
4059 4172 8217
4124 4198 8300
4123 4182 8296
4045 4111 8122
4084 4197 8250
4181 4186 8341
4041 4043 8050
4089 4168 8233
4100 4173 8260
4100 4153 8219
4071 4137 8184
4094 4106 8182
4131 4186 8301
4096 4101 8171
4033 4143 8167
4063 4069 8119
4142 4152 8282
4058 4060 8093
4194 4197 8378
4183 4195 8348
4032 4049 8071
4170 4193 8334
4059 4153 8186
4157 4168 8311
4188 4189 8341
4133 4190 8289
4127 4150 8258
4111 4135 8218
4016 4153 8165
4017 4068 8068
4051 4179 8208
4132 4179 8306
4044 4132 8152
4182 4185 8345
4137 4189 8311
4173 4192 8338
4023 4100 8113
4123 4134 8233
4111 4141 8224
4026 4110 8103
4191 4194 8359
4083 4173 8221
4043 4113 8131
4012 4130 8141
4156 4197 8334
4169 4175 8320
4184 4200 8349
4123 4166 8257
4079 4094 8158
4189 4200 8363
4116 4160 8253
4012 4039 8050
4088 4178 8263
4065 4111 8152
4182 4183 8335
4055 4186 8211
4004 4073 8057
4013 4104 8105
4096 4190 8264
4024 4157 8156
4039 4075 8085
4053 4189 8216
4120 4182 8301
4127 4190 8304
4142 4154 8271
4078 4196 8240
4060 4077 8134
4068 4133 8187
4075 4176 8235
4173 4182 8350
4092 4131 8203
4159 4185 8335
4179 4186 8351
4013 4025 8007
4151 4174 8299
4082 4179 8258
4011 4038 8038
4002 4050 8027
4033 4050 8064
4065 4132 8187
4058 4190 8211
4086 4091 8150
4029 4118 8146
4178 4183 8356
4139 4196 8317
4015 4105 8083
4022 4171 8178
4169 4198 8365
4190 4200 8379
4187 4194 8372
4071 4188 8245
4157 4178 8298
4077 4133 8187
4163 4194 8323
4019 4084 8069
4094 4155 8234
4173 4196 8364
4070 4147 8193
4097 4180 8254
4113 4179 8279
4117 4134 8246
4066 4171 8201
4172 4188 8326
4030 4050 8078
4156 4165 8299
4045 4198 8236
4104 4199 8272
4107 4132 8205
4193 4199 8384
4057 4098 8149
4049 4187 8207
4077 4126 8166
4035 4103 8100
4056 4094 8116
4085 4113 8177
4143 4184 8304
4000 4013 7986
4075 4107 8176
4072 4117 8174
4081 4117 8178
4090 4118 8198
4150 4154 8297
4000 4150 8124
4197 4199 8384
4126 4141 8246
4026 4100 8102
4118 4173 8258
4043 4171 8207
4141 4154 8287
4117 4171 8270
4096 4113 8171
4171 4188 8341
4004 4147 8137
4123 4194 8288
4125 4180 8278
4089 4160 8216
4141 4165 8267
4029 4060 8051
4113 4178 8260
4156 4166 8305
4018 4080 8087
4095 4119 8205
4168 4179 8309
4085 4144 8200
4136 4168 8295
4066 4184 8216
4165 4179 8308
4174 4177 8333
4028 4116 8110
4002 4117 8098
4127 4153 8275
4020 4118 8106
4014 4051 8054
4134 4168 8291
4166 4189 8338
4088 4106 8177
4199 4200 8374
4167 4177 8329
4063 4127 8166
4100 4163 8236
4070 4182 8251
4034 4049 8047
4141 4184 8303
4108 4147 8249
4170 4178 8346
4094 4114 8193
4121 4144 8255
4076 4123 8190
4042 4183 8216
4130 4157 8250
4073 4136 8191
4193 4194 8382
4089 4182 8262
4152 4155 8297
4195 4196 8356
4161 4177 8299
4029 4108 8111
4077 4192 8259
4121 4169 8285
4030 4171 8195
4071 4077 8122
4097 4140 8216
4189 4195 8363
4044 4103 8122
4060 4193 8229
4093 4192 8275
4140 4183 8311
4108 4192 8298
4158 4181 8311
4154 4159 8293
4044 4052 8078
4043 4045 8054
4024 4177 8176
4103 4126 8222
4069 4132 8191
4068 4135 8184
4198 4200 8374
4007 4061 8058
4045 4191 8210
4021 4150 8155
4127 4167 8293
4095 4122 8182
4150 4152 8268
4027 4104 8101
4096 4146 8227
4037 4142 8163
4179 4199 8369
4166 4179 8339
4146 4179 8318
4116 4187 8265
4122 4153 8238
4021 4163 8182
4181 4182 8361
4107 4145 8220
4057 4199 8250
4152 4189 8315
4012 4169 8174
4014 4112 8088
4052 4160 8195
4125 4168 8290
4159 4189 8321
4096 4165 8230
4110 4187 8266
4196 4200 8386
4077 4177 8244
4047 4151 8166
4148 4186 8332
4188 4197 8362
4069 4153 8206
4085 4131 8198
4057 4067 8090
4027 4167 8157
4161 4165 8304
4019 4153 8151
4194 4195 8386
4152 4154 8277
4125 4185 8297
4025 4062 8050
4168 4195 8345
4185 4199 8381
4106 4133 8201
4034 4095 8115
4052 4198 8231
4111 4161 8251
4052 4133 8177
4144 4156 8270
4069 4184 8233
4047 4055 8097
4006 4087 8073
4026 4119 8121
4196 4197 8392
4133 4152 8248
4005 4080 8074
4031 4100 8095
4004 4058 8048
4194 4200 8392
4130 4190 8308
4039 4073 8098
4094 4165 8229
4016 4087 8078
4037 4144 8180
4132 4177 8280
4189 4197 8371
4127 4160 8265
4062 4088 8127
4024 4133 8141
4193 4196 8358
4129 4167 8292
4064 4102 8163
4112 4138 8220
4052 4085 8124
4062 4151 8194
4155 4174 8312
4179 4186 8357
4098 4186 8253
4027 4066 8073
4002 4194 8171
4052 4179 8212
4101 4157 8253
4069 4107 8168
4025 4137 8159
4073 4178 8218
4113 4127 8237
4055 4068 8095
4116 4117 8215
4037 4103 8120
4100 4168 8256
4100 4117 8199
4061 4173 8210
4173 4199 8347
4027 4065 8089
4048 4159 8177
4194 4196 8358
4161 4164 8313
4187 4197 8378
4117 4190 8270
4001 4146 8119
4032 4146 8144
4095 4119 8185
4061 4112 8154
4092 4112 8184
4175 4176 8349
4002 4188 8189
4035 4193 8222
4052 4125 8158
4160 4182 8312
4065 4169 8220
4038 4053 8070
4158 4173 8318
4160 4188 8323
4098 4117 8184
4066 4196 8225
4193 4196 8379
4017 4044 8035
4125 4141 8233
4168 4185 8329
4044 4052 8081
4150 4154 8271
4048 4049 8063
4158 4173 8315
4070 4178 8235
4170 4198 8366
4184 4185 8364
4011 4118 8098
4069 4072 8127
4094 4097 8177
4019 4066 8049
4056 4126 8162
4095 4178 8238
4058 4135 8158
4058 4098 8127
4031 4199 8194
4110 4148 8232
4194 4200 8363
4169 4197 8334
4062 4115 8139
4132 4194 8291
4117 4146 8257
4023 4179 8174
4031 4068 8087
4009 4031 8035
4017 4110 8111
4048 4145 8175
4106 4119 8205
4047 4176 8187
4053 4191 8211
4079 4125 8194
4130 4186 8311
4064 4105 8156
4003 4104 8093
4053 4119 8165
4022 4120 8138
4088 4125 8177
4012 4145 8131
4111 4112 8201
4075 4089 8149
4032 4173 8169
4033 4179 8210
4104 4194 8277
4008 4134 8121
4146 4176 8310
4115 4180 8275
4071 4151 8211
4136 4177 8296
4181 4190 8361
4142 4155 8278
4113 4159 8266
4015 4178 8187
4013 4053 8044
4068 4081 8117
4042 4087 8125
4003 4171 8169
4100 4193 8267
4113 4145 8239
4031 4107 8115

0.010000 0.630000
