900
3039653
4126 4269 8395
4129 4183 8312
4041 4053 8094
4081 4106 8187
4103 4115 8218
4029 4186 8215
4188 4227 8415
3993 4232 8225
4159 4217 8376
4082 4187 8269
4229 4282 8511
4082 4176 8258
4131 4217 8348
3934 4183 8117
4145 4179 8324
3990 4095 8085
4149 4160 8309
4090 4234 8324
4067 4132 8199
4031 4081 8112
4246 4258 8504
4102 4161 8263
4018 4265 8283
4131 4148 8279
4165 4289 8454
4111 4242 8353
4032 4098 8130
4114 4147 8261
4237 4274 8511
4257 4290 8547
4012 4100 8112
4070 4095 8165
4080 4219 8299
4188 4286 8474
4196 4264 8460
4033 4225 8258
4001 4177 8178
4069 4214 8283
4136 4176 8312
4098 4134 8232
4059 4183 8242
4133 4140 8273
4238 4241 8479
3998 4226 8224
4073 4194 8267
3961 4032 7993
4007 4149 8156
4131 4193 8324
3927 4074 8001
4062 4133 8195
4208 4210 8418
4179 4200 8379
4084 4104 8188
4015 4063 8078
4052 4067 8119
4167 4263 8430
3950 4062 8012
4290 4294 8584
3971 4027 7998
4110 4219 8329
3932 4091 8023
3934 4018 7952
4170 4230 8400
4087 4292 8379
4150 4175 8325
4048 4076 8124
4005 4174 8179
4280 4292 8572
4032 4264 8296
4000 4104 8104
3996 4062 8058
4295 4298 8593
4187 4229 8416
4080 4128 8208
4121 4225 8346
4190 4217 8407
4143 4212 8355
4072 4109 8181
4060 4203 8263
4093 4269 8362
4172 4185 8357
4176 4182 8358
4036 4044 8080
4059 4096 8155
3934 4167 8101
4125 4271 8396
4024 4155 8179
3979 4161 8140
3960 4084 8044
4180 4181 8361
4098 4198 8296
4102 4193 8295
4132 4167 8299
3963 4201 8164
4136 4228 8364
4017 4236 8253
4210 4228 8438
4048 4198 8246
4259 4267 8526
4094 4162 8256
4126 4177 8303
4102 4110 8212
4006 4201 8207
4113 4135 8248
4041 4128 8169
4110 4243 8353
4289 4296 8585
4165 4221 8386
4078 4105 8183
4249 4276 8525
4155 4179 8334
4110 4171 8281
4156 4210 8366
4212 4277 8489
4027 4120 8147
4169 4196 8365
3990 4221 8211
4092 4116 8208
4155 4270 8425
4167 4207 8374
4204 4225 8429
4019 4169 8188
4183 4246 8429
4032 4169 8201
4039 4098 8137
4203 4221 8424
4023 4040 8063
4036 4157 8193
4005 4108 8113
4081 4290 8371
4226 4241 8467
4105 4184 8289
4107 4164 8271
4124 4171 8295
4024 4184 8208
4129 4163 8292
3970 4062 8032
4173 4267 8440
4102 4115 8217
3974 4156 8130
4061 4079 8140
4195 4264 8459
4190 4271 8461
4268 4282 8550
4022 4208 8230
4212 4286 8498
4075 4185 8260
4117 4135 8252
4213 4254 8467
4188 4189 8377
4117 4245 8362
4138 4141 8279
4081 4126 8207
4154 4224 8378
4049 4192 8241
4108 4158 8266
4220 4295 8515
3983 4247 8230
4144 4164 8308
4120 4186 8306
4239 4250 8489
4080 4173 8253
4137 4152 8289
4084 4116 8200
4183 4205 8388
4183 4185 8368
4257 4269 8526
4191 4277 8468
4217 4236 8453
3933 4129 8062
4239 4248 8487
4043 4103 8146
4177 4187 8364
4134 4200 8334
3986 4116 8102
4236 4263 8499
3959 4124 8083
4104 4129 8233
4124 4141 8265
3943 4039 7982
3991 4209 8200
4007 4182 8189
4223 4270 8493
4090 4142 8232
4112 4257 8369
3965 4149 8114
4102 4141 8243
4211 4254 8465
3984 4130 8114
3977 4141 8118
4184 4235 8419
4230 4254 8484
4152 4252 8404
4109 4158 8267
4115 4191 8306
4103 4225 8328
4171 4181 8352
4172 4272 8444
4158 4170 8328
4046 4076 8122
4138 4171 8309
4081 4188 8269
4075 4234 8309
3962 4160 8122
4209 4253 8462
4088 4208 8296
4225 4242 8467
4045 4072 8117
4187 4188 8375
3982 4071 8053
4194 4256 8450
4146 4264 8410
4060 4237 8297
4095 4128 8223
4040 4070 8110
4235 4263 8498
4125 4195 8320
4094 4147 8241
4134 4224 8358
4112 4113 8225
4046 4051 8097
4170 4236 8406
4117 4178 8295
4081 4124 8205
4068 4191 8259
4060 4106 8166
4123 4175 8298
4187 4236 8423
4193 4209 8402
4221 4257 8478
4124 4223 8347
3921 4104 8025
4182 4232 8414
4083 4115 8198
4106 4151 8257
4238 4260 8498
4034 4134 8168
4148 4153 8301
4155 4183 8338
3961 4181 8142
3998 4218 8216
4225 4253 8478
4160 4196 8356
4139 4264 8403
4237 4239 8476
4285 4290 8575
4035 4223 8258
3923 4093 8016
3949 4189 8138
4019 4238 8257
3914 4091 8005
4112 4125 8237
3970 4172 8142
4125 4190 8315
4227 4250 8477
4134 4239 8373
3947 4238 8185
4085 4218 8303
4293 4298 8591
4031 4207 8238
4110 4219 8329
4151 4261 8412
4130 4137 8267
4076 4163 8239
4018 4083 8101
3970 4135 8105
4131 4200 8331
4045 4204 8249
4249 4264 8513
4007 4135 8142
4192 4232 8424
4141 4154 8295
4088 4187 8275
4175 4180 8355
4035 4144 8179
4124 4274 8398
4105 4224 8329
4046 4163 8209
4033 4096 8129
4195 4210 8405
3960 4094 8054
4238 4286 8524
4110 4135 8245
4080 4171 8251
4094 4159 8253
4153 4181 8334
4098 4234 8332
3921 4164 8085
4104 4266 8370
4213 4270 8483
4144 4238 8382
4210 4236 8446
3977 4091 8068
4091 4158 8249
4064 4070 8134
4264 4275 8539
4169 4186 8355
4122 4175 8297
4183 4235 8418
4081 4117 8198
4215 4273 8488
4089 4090 8179
4185 4213 8398
4220 4292 8512
4089 4200 8289
3964 3970 7934
4037 4057 8094
3994 4249 8243
4090 4157 8247
4206 4264 8470
4027 4122 8149
3980 4160 8140
4139 4187 8326
4053 4243 8296
4176 4191 8367
4051 4269 8320
4094 4115 8209
4139 4143 8282
4017 4199 8216
3952 4128 8080
4169 4257 8426
4153 4177 8330
4205 4212 8417
4054 4127 8181
4086 4278 8364
4024 4140 8164
4039 4097 8136
4061 4148 8209
4090 4137 8227
4190 4216 8406
4082 4084 8166
4187 4248 8435
4170 4246 8416
4112 4160 8272
4024 4097 8121
3938 4020 7958
4001 4108 8109
4079 4174 8253
3958 4180 8138
4189 4230 8419
4184 4250 8434
4133 4150 8283
4121 4186 8307
4188 4267 8455
4125 4212 8337
4056 4074 8130
3931 4179 8110
4225 4258 8483
4070 4181 8251
4138 4142 8280
3986 4067 8053
4031 4040 8071
4036 4141 8177
4168 4179 8347
4201 4234 8435
4086 4133 8219
4208 4274 8482
4112 4193 8305
4044 4159 8203
4101 4190 8291
4008 4194 8202
4044 4208 8252
4207 4219 8426
4215 4226 8441
4080 4094 8174
3969 4271 8240
4212 4249 8461
4158 4228 8386
4092 4142 8234
4125 4255 8380
4051 4085 8136
4229 4256 8485
3948 4136 8084
4232 4261 8493
4068 4089 8157
4079 4184 8263
4132 4139 8271
4022 4069 8091
4071 4098 8169
4234 4240 8474
4175 4198 8373
4218 4262 8480
4058 4180 8238
4073 4160 8233
4111 4195 8306
4004 4268 8272
4231 4238 8469
4063 4232 8295
4091 4149 8240
3950 4120 8070
4206 4265 8471
4077 4244 8321
4153 4174 8327
4142 4171 8313
3997 4066 8063
4121 4191 8312
4171 4211 8382
4152 4204 8356
4085 4141 8226
4202 4223 8425
4122 4249 8371
4158 4178 8336
3959 4127 8086
4210 4217 8427
4110 4140 8250
4113 4134 8247
4044 4143 8187
4205 4231 8436
4179 4236 8415
4106 4222 8328
4038 4201 8239
4141 4172 8313
4000 4029 8029
4139 4162 8301
4142 4186 8328
4159 4221 8380
4047 4200 8247
4188 4240 8428
4035 4192 8227
4063 4083 8146
4141 4207 8348
3981 4133 8114
4001 4158 8159
4158 4186 8344
4120 4235 8355
3964 4052 8016
4009 4144 8153
4100 4171 8271
4185 4219 8404
4090 4164 8254
4002 4050 8052
3985 4108 8093
4097 4155 8252
4051 4187 8238
4243 4295 8538
4027 4182 8209
4232 4234 8466
4117 4204 8321
4025 4086 8111
4026 4043 8069
4058 4127 8185
4067 4206 8273
4143 4177 8320
4110 4182 8292
4141 4284 8425
4116 4174 8290
4258 4286 8544
4273 4287 8560
4230 4231 8461
4177 4206 8383
3978 4236 8214
4151 4257 8408
4201 4205 8406
3976 4131 8107
4081 4119 8200
4058 4145 8203
4110 4278 8388
4229 4278 8507
4133 4215 8348
4011 4144 8155
4242 4295 8537
4202 4248 8450
4154 4181 8335
4229 4234 8463
4209 4248 8457
4005 4051 8056
4160 4168 8328
3989 4109 8098
4090 4246 8336
4141 4179 8320
4111 4190 8301
3994 4113 8107
4081 4125 8206
4092 4206 8298
4149 4179 8328
4249 4259 8508
4122 4203 8325
4075 4112 8187
4035 4073 8108
4248 4252 8500
4167 4172 8339
4085 4087 8172
4148 4233 8381
4208 4222 8430
4146 4253 8399
4155 4272 8427
4165 4211 8376
3955 4204 8159
3992 4128 8120
4148 4220 8368
3949 4240 8189
4114 4216 8330
4100 4211 8311
4129 4227 8356
4048 4104 8152
4091 4161 8252
4028 4112 8140
4142 4173 8315
4069 4200 8269
4019 4153 8172
4169 4261 8430
4222 4226 8448
4086 4219 8305
3939 4058 7997
4155 4156 8311
4088 4110 8198
4114 4222 8336
4144 4265 8409
4077 4164 8241
4022 4063 8085
4057 4240 8297
4212 4230 8442
4170 4199 8369
4103 4203 8306
3937 3969 7906
4211 4280 8491
4067 4110 8177
4185 4199 8384
4056 4173 8229
4264 4295 8559
4248 4283 8531
3991 4132 8123
4031 4213 8244
4169 4189 8358
4143 4249 8392
4160 4188 8348
4138 4157 8295
4239 4280 8519
4035 4064 8099
4029 4035 8064
4120 4165 8285
4135 4193 8328
4082 4267 8349
3969 4061 8030
4164 4261 8425
4160 4258 8418
4187 4238 8425
4192 4211 8403
4220 4233 8453
3975 4066 8041
3918 4082 8000
4146 4181 8327
3954 4158 8112
4029 4208 8237
4099 4135 8234
4185 4263 8448
4101 4104 8205
4205 4215 8420
4109 4117 8226
4123 4172 8295
4118 4239 8357
4202 4216 8418
4102 4163 8265
4147 4183 8330
3996 4191 8187
4124 4136 8260
4116 4132 8248
4193 4259 8452
4205 4229 8434
4181 4196 8377
4070 4084 8154
4076 4095 8171
4099 4140 8239
4058 4094 8152
4102 4170 8272
4171 4272 8443
4027 4093 8120
4051 4279 8330
4067 4183 8250
4248 4279 8527
4216 4272 8488
3985 4170 8155
4102 4240 8342
4131 4146 8277
4101 4225 8326
3991 4092 8083
4160 4287 8447
4006 4200 8206
4103 4219 8322
3949 4067 8016
4015 4058 8073
4111 4122 8233
4176 4191 8367
4094 4205 8299
4013 4251 8264
3974 4062 8036
4191 4212 8403
4095 4258 8353
4136 4176 8312
4097 4131 8228
3943 4057 8000
4091 4137 8228
4076 4259 8335
4234 4283 8517
4110 4284 8394
4087 4126 8213
4135 4184 8319
4103 4175 8278
4112 4174 8286
4180 4188 8368
4237 4260 8497
4166 4266 8432
4142 4210 8352
4145 4175 8320
4139 4207 8346
4098 4177 8275
4201 4272 8473
4214 4234 8448
4077 4218 8295
4107 4194 8301
3988 4198 8186
4142 4210 8352
4016 4174 8190
4031 4053 8084
4102 4122 8224
4116 4136 8252
4016 4169 8185
4058 4099 8157
4067 4175 8242
4197 4262 8459
4228 4250 8478
4000 4006 8006
4198 4206 8404
4260 4285 8545
4126 4243 8369
4144 4218 8362
4229 4235 8464
4176 4204 8380
4110 4127 8237
4251 4269 8520
3977 4222 8199
4002 4036 8038
4050 4120 8170
4146 4165 8311
4048 4169 8217
4246 4248 8494
4129 4170 8299
4130 4141 8271
4083 4198 8281
4186 4262 8448
4175 4245 8420
4220 4231 8451
4142 4228 8370
4056 4211 8267
4224 4257 8481
4161 4234 8395
4178 4184 8362
4080 4192 8272
3969 4158 8127
4029 4174 8203
3955 3994 7949
4058 4231 8289
4136 4235 8371
4065 4082 8147
4199 4268 8467
4205 4264 8469
4180 4251 8431
4133 4151 8284
4097 4155 8252
4242 4258 8500
4256 4262 8518
4053 4244 8297
4109 4259 8368
4056 4250 8306
4089 4115 8204
4229 4254 8483
3971 4136 8107
4127 4176 8303
3962 3969 7931
4067 4224 8291
4122 4131 8253
4089 4111 8200
4076 4111 8187
4077 4160 8237
4095 4149 8244
3958 4108 8066
4225 4243 8468
4120 4133 8253
4102 4287 8389
4136 4254 8390
4196 4261 8457
4072 4242 8314
4216 4262 8478
4054 4173 8227
4143 4193 8336
4176 4225 8401
4031 4129 8160
4076 4111 8187
3925 4284 8209
4144 4192 8336
3996 4160 8156
3980 4177 8157
4154 4210 8364
4118 4135 8253
3956 3998 7954
3950 4121 8071
4218 4287 8505
4076 4122 8198
4183 4230 8413
4153 4167 8320
4126 4151 8277
4144 4163 8307
4251 4261 8512
4127 4268 8395
4050 4124 8174
4237 4273 8510
4158 4210 8368
4156 4275 8431
3984 4016 8000
4207 4261 8468
4073 4195 8268
4194 4234 8428
4049 4177 8226
3972 4225 8197
3938 4137 8075
3978 4079 8057
4181 4222 8403
4274 4279 8553
4002 4130 8132
3974 4124 8098
4106 4175 8281
4163 4170 8333
4146 4269 8415
4066 4177 8243
4171 4271 8442
4116 4126 8242
4240 4280 8520
4106 4196 8302
3950 4033 7983
4198 4227 8425
4281 4289 8570
4112 4212 8324
4116 4218 8334
4138 4156 8294
4068 4174 8242
4030 4049 8079
4052 4219 8271
4183 4195 8378
4082 4214 8296
4003 4258 8261
4063 4173 8236
4199 4278 8477
4103 4260 8363
4073 4081 8154
4035 4162 8197
4170 4189 8359
3998 4115 8113
4048 4222 8270
4097 4132 8229
3962 4096 8058
4191 4240 8431
4113 4203 8316
4111 4262 8373
4162 4191 8353
4231 4261 8492
4217 4254 8471
4215 4222 8437
4130 4241 8371
4064 4143 8207
4123 4247 8370
4180 4257 8437
4208 4215 8423
4187 4199 8386
4282 4290 8572
4076 4179 8255
4206 4245 8451
4249 4258 8507
4109 4123 8232
4206 4233 8439
4223 4238 8461
4179 4189 8368
4109 4148 8257
4244 4251 8495
4086 4143 8229
4073 4190 8263
4058 4097 8155
4184 4238 8422
4107 4119 8226
3973 4111 8084
4122 4235 8357
4093 4165 8258
4197 4210 8407
3969 4242 8211
4176 4268 8444
4041 4178 8219
4211 4242 8453
4128 4174 8302
4108 4257 8365
3957 4052 8009
4173 4245 8418
4016 4152 8168
4187 4235 8422
4108 4201 8309
4040 4176 8216
4133 4204 8337
4114 4204 8318
4138 4182 8320
4028 4130 8158
4068 4203 8271
4076 4159 8235
4247 4270 8517
4237 4260 8497
4022 4114 8136
4000 4129 8129
4136 4276 8412
4113 4204 8317
4027 4248 8275
3908 4015 7923
4064 4128 8192
4250 4283 8533
4074 4189 8263
4027 4086 8113
4065 4111 8176
3949 4246 8195
4132 4163 8295
4035 4079 8114
4093 4281 8374
4010 4210 8220
3979 4047 8026
4062 4211 8273
4131 4180 8311
4098 4245 8343
4138 4274 8412
4105 4149 8254
4073 4091 8164
4053 4129 8182
4155 4251 8406
4057 4267 8324
4186 4273 8459
4101 4260 8361
3964 4153 8117
3994 4020 8014
4101 4193 8294
4063 4258 8321
4021 4073 8094
4024 4129 8153
4235 4273 8508
4152 4215 8367
4191 4237 8428
4133 4218 8351
4234 4247 8481
4097 4223 8320
4106 4141 8247
4230 4255 8485
3985 4048 8033
4022 4206 8228
4050 4237 8287
4082 4089 8171
4109 4208 8317
4103 4179 8282
4142 4144 8286
3997 4213 8210
4096 4242 8338
4028 4194 8222
4009 4143 8152
4036 4164 8200
4023 4176 8199
4126 4195 8321
4070 4086 8156
4080 4193 8273
4260 4288 8548
4095 4202 8297
4031 4071 8102
4145 4226 8371
4039 4244 8283
4136 4154 8290
4277 4285 8562
4085 4205 8290
4123 4222 8345
4002 4063 8065
4103 4232 8335
4161 4293 8454
4240 4294 8534
4230 4266 8496
3915 4181 8096
4282 4291 8573
4063 4166 8229
4048 4169 8217
4010 4198 8208
4031 4051 8082
4217 4250 8467
4061 4130 8191
4096 4149 8245
4173 4244 8417
4096 4117 8213
3968 4166 8134
3947 4165 8112
4014 4222 8236
4096 4097 8193
4061 4148 8209
4167 4196 8363
3911 3999 7910
4077 4143 8220
4049 4084 8133
4210 4236 8446
4089 4170 8259
4276 4284 8560
4039 4203 8242
3926 4043 7969
4270 4278 8548

4164 4174 8335
4048 4144 8172
4131 4137 8264
4155 4165 8303
4032 4040 8058
4103 4185 8287
4164 4167 8330
4036 4156 8184
4131 4183 8304
4003 4129 8101
4138 4191 8291
4101 4162 8228
4110 4151 8227
4008 4104 8092
4107 4184 8261
4063 4091 8124
4071 4124 8169
4183 4198 8367
4132 4135 8240
4003 4012 8002
4169 4177 8309
4078 4099 8142
4009 4194 8191
4074 4137 8181
4192 4197 8372
4136 4162 8294
4132 4159 8287
4077 4165 8220
4149 4174 8303
4161 4191 8319
4022 4048 8044
4038 4139 8158
4151 4190 8312
4135 4193 8296
4174 4176 8342
4104 4143 8245
4065 4190 8231
4003 4120 8096
4132 4193 8288
4032 4043 8040
4016 4108 8091
4136 4159 8287
4167 4174 8326
4016 4168 8173
4077 4110 8151
4059 4095 8134
4005 4169 8150
4079 4128 8198
4004 4147 8149
4054 4121 8161
4120 4122 8239
4158 4179 8324
4063 4143 8198
4030 4032 8043
4043 4140 8178
4198 4200 8368
4035 4057 8055
4195 4197 8355
4041 4046 8061
4184 4185 8357
4030 4185 8207
4012 4092 8101
4141 4143 8258
4183 4198 8344
4197 4199 8393
4110 4152 8237
4101 4135 8230
4194 4196 8355
4081 4182 8248
4004 4058 8025
4050 4082 8106
4195 4199 8381
4140 4196 8324
4118 4140 8227
4187 4197 8361
4127 4135 8243
4167 4190 8322
4031 4141 8135
4123 4175 8281
4160 4174 8306
4091 4121 8179
4153 4185 8304
4079 4087 8129
4066 4074 8124
4000 4090 8058
4189 4200 8383
4002 4070 8050
4075 4191 8238
4015 4168 8175
4083 4091 8136
4105 4130 8212
4063 4105 8163
4120 4140 8250
4025 4131 8128
4150 4164 8301
4103 4139 8231
4190 4194 8353
4128 4195 8306
4159 4178 8321
4042 4179 8197
4069 4106 8161
4082 4093 8165
4094 4177 8234
4168 4169 8336
4050 4122 8165
4173 4183 8344
4195 4197 8362
4139 4142 8250
4043 4067 8087
4159 4197 8334
4060 4081 8106
4026 4194 8216
4150 4176 8318
4170 4180 8339
4031 4128 8148
4185 4190 8356
4081 4187 8247
4187 4193 8366
4078 4195 8267
4181 4187 8355
4143 4194 8322
4093 4150 8217
4192 4197 8385
4025 4198 8212
4105 4106 8200
4116 4173 8280
4068 4080 8147
4017 4148 8148
4089 4147 8221
4170 4195 8332
4150 4196 8309
4185 4190 8356
4159 4185 8311
4093 4199 8259
4073 4123 8181
4064 4069 8132
4046 4138 8181
4197 4198 8391
4064 4146 8187
4073 4180 8223
4004 4111 8101
4164 4179 8318
4152 4173 8296
4171 4196 8333
4052 4179 8213
4196 4198 8384
4136 4171 8274
4107 4125 8195
4193 4195 8384
4109 4146 8220
4046 4193 8231
4132 4198 8291
4047 4109 8149
4115 4137 8244
4058 4159 8191
4153 4172 8323
4130 4199 8317
4083 4186 8237
4161 4173 8300
4047 4097 8138
4154 4171 8311
4096 4171 8246
4064 4085 8128
4121 4168 8277
4145 4148 8291
4117 4165 8266
4196 4197 8385
4170 4199 8358
4161 4172 8326
4011 4083 8065
4147 4152 8296
4010 4043 8018
4080 4108 8174
4088 4148 8232
4007 4175 8164
4144 4177 8288
4043 4066 8102
4175 4192 8365
4033 4136 8162
4040 4052 8067
4091 4191 8265
4097 4156 8228
4175 4180 8322
4035 4150 8167
4162 4183 8332
4059 4158 8201
4196 4197 8371
4118 4162 8248
4005 4132 8122
4057 4064 8083
4168 4192 8323
4165 4192 8355
4189 4194 8363
4153 4189 8321
4136 4186 8308
4117 4174 8263
4074 4100 8164
4175 4178 8344
4067 4109 8169
4073 4170 8223
4073 4101 8143
4178 4179 8325
4079 4143 8201
4026 4165 8175
4152 4153 8268
4050 4141 8168
4147 4194 8320
4079 4167 8231
4115 4154 8260
4049 4071 8113
4170 4183 8339
4053 4169 8221
4124 4188 8290
4160 4161 8286
4118 4166 8246
4179 4195 8362
4179 4186 8331
4109 4113 8219
4127 4174 8268
4103 4108 8206
4017 4120 8128
4123 4150 8248
4107 4132 8232
4023 4114 8117
4141 4149 8269
4042 4045 8079
4093 4158 8235
4136 4152 8257
4112 4142 8229
4181 4190 8361
4142 4148 8266
4010 4147 8152
4154 4181 8330
4066 4072 8100
4110 4157 8241
4171 4196 8330
4082 4105 8157
4078 4150 8205
4056 4164 8196
4025 4108 8107
4058 4176 8228
4198 4199 8363
4185 4193 8366
4105 4169 8272
4170 4192 8345
4198 4200 8360
4094 4197 8264
4000 4120 8117
4005 4183 8186
4105 4166 8245
4005 4099 8075
4029 4114 8130
4067 4083 8119
4165 4172 8332
4149 4151 8268
4038 4140 8159
4006 4178 8171
4165 4187 8340
4195 4198 8363
4131 4170 8287
4149 4154 8291
4178 4199 8357
4039 4097 8102
4084 4148 8201
4004 4082 8083
4003 4185 8186
4064 4177 8223
4113 4121 8229
4169 4193 8360
4093 4120 8175
4122 4141 8227
4199 4200 8397
4139 4148 8270
4105 4184 8285
4127 4161 8275
4178 4187 8335
4093 4194 8271
4030 4197 8223
4073 4133 8168
4118 4170 8265
4004 4006 7976
4156 4199 8317
4106 4145 8216
4008 4119 8109
4085 4103 8159
4131 4143 8240
4006 4183 8178
4013 4081 8092
4149 4170 8300
4119 4184 8300
4152 4167 8299
4192 4194 8349
4048 4171 8191
4189 4194 8344
4145 4159 8267
4194 4197 8370
4069 4087 8155
4193 4199 8376
4182 4191 8340
4014 4115 8110
4116 4192 8283
4007 4150 8139
4178 4185 8336
4159 4193 8340
4001 4139 8127
4043 4047 8089
4027 4052 8048
4038 4149 8180
4018 4159 8162
4160 4172 8302
4026 4100 8101
4019 4173 8179
4100 4103 8175
4051 4199 8215
4102 4109 8197
4127 4179 8293
4183 4193 8357
4186 4199 8355
4096 4163 8231
4048 4141 8180
4161 4200 8337
4071 4148 8191
4105 4115 8187
4051 4116 8158
4161 4193 8336
4105 4142 8243
4034 4053 8084
4075 4160 8208
4040 4068 8102
4183 4185 8356
4102 4116 8186
4142 4161 8287
4146 4170 8315
4046 4145 8171
4015 4044 8030
4022 4047 8032
4024 4076 8093
4032 4074 8072
4016 4092 8081
4164 4198 8353
4163 4171 8308
4095 4099 8187
4096 4129 8193
4193 4194 8375
4167 4171 8337
4028 4030 8040
4022 4129 8137
4134 4175 8284
4045 4105 8133
4062 4063 8093
4054 4061 8108
4060 4131 8190
4074 4145 8197
4074 4090 8145
4188 4190 8353
4019 4048 8037
4120 4176 8275
4125 4150 8249
4110 4170 8276
4076 4113 8166
4072 4105 8171
4131 4165 8293
4136 4147 8251
4182 4188 8354
4179 4181 8350
4010 4181 8186
4154 4176 8313
4080 4183 8236
4128 4148 8243
4114 4175 8271
4003 4022 8001
4144 4185 8320
4006 4170 8164
4178 4185 8338
4117 4146 8226
4007 4159 8134
4147 4149 8287
4014 4099 8094
4083 4158 8204
4150 4155 8297
4092 4134 8189
4144 4165 8280
4123 4153 8260
4107 4123 8207
4114 4148 8242
4037 4193 8192
4186 4187 8371
4067 4164 8204
4102 4121 8208
4023 4074 8065
4173 4185 8320
4092 4189 8250
4091 4129 8212
4189 4199 8369
4050 4058 8086
4084 4180 8233
4118 4125 8222
4105 4189 8279
4040 4135 8149
4116 4187 8301
4181 4183 8344
4133 4144 8261
4035 4143 8159
4178 4190 8336
4061 4091 8151
4133 4147 8243
4061 4068 8100
4121 4139 8241
4197 4199 8392
4141 4146 8256
4053 4162 8209
4122 4138 8252
4005 4037 8018
4106 4122 8194
4082 4090 8147
4112 4142 8245
4052 4114 8139
4139 4146 8269
4034 4159 8163
4045 4066 8106
4068 4177 8214
4076 4186 8258
4013 4127 8121
4109 4166 8246
4102 4156 8252
4042 4079 8085
4010 4096 8090
4194 4199 8358
4176 4182 8327
4008 4083 8081
4006 4083 8063
4034 4198 8204
4046 4112 8156
4090 4124 8181
4159 4200 8339
4037 4084 8112
4151 4168 8310
4120 4157 8252
4057 4071 8110
4009 4136 8143
4117 4140 8250
4158 4194 8349
4108 4110 8189
4165 4196 8351
4114 4190 8269
4066 4157 8196
4196 4199 8387
4198 4200 8369
4143 4173 8315
4123 4135 8241
4075 4148 8199
4112 4178 8271
4172 4186 8325
4076 4140 8205
4041 4050 8065
4081 4124 8184
4135 4186 8313
4163 4188 8318
4088 4155 8218
4051 4181 8201
4155 4195 8346
4166 4168 8297
4096 4098 8178
4144 4169 8310
4144 4181 8322
4008 4030 8014
4086 4144 8194
4063 4111 8137
4137 4195 8298
4045 4111 8137
4147 4159 8282
4038 4046 8050
4028 4081 8073
4189 4198 8373
4123 4153 8269
4182 4185 8330
4150 4163 8287
4143 4182 8297
4098 4142 8211
4148 4198 8326
4074 4164 8231
4076 4139 8178
4199 4200 8376
4112 4159 8245
4179 4180 8324
4066 4176 8241
4175 4198 8368
4037 4104 8111
4025 4112 8112
4155 4189 8317
4025 4175 8183
4138 4197 8304
4119 4151 8231
4188 4196 8382
4108 4117 8218
4130 4140 8237
4024 4122 8134
4115 4131 8232
4149 4195 8338
4018 4091 8081
4114 4187 8264
4123 4179 8292
4175 4179 8329
4023 4127 8144
4074 4188 8228
4170 4191 8346
4118 4125 8218
4182 4183 8344
4093 4151 8226
4118 4161 8270
4133 4149 8272
4116 4146 8251
4088 4103 8190
4069 4138 8193
4023 4068 8086
4144 4189 8294
4148 4160 8302
4135 4189 8311
4152 4160 8291
4197 4200 8359
4148 4191 8331
4032 4045 8054
4019 4200 8196
4111 4117 8189
4147 4189 8325
4123 4177 8289
4063 4084 8113
4155 4189 8317
4118 4164 8266
4009 4066 8062
4031 4096 8100
4161 4188 8337
4175 4198 8366
4056 4062 8095
4166 4174 8323
4083 4170 8244
4133 4167 8283
4184 4185 8338
4193 4200 8391
4030 4127 8156
4014 4128 8118
4104 4150 8227
4029 4187 8194
4127 4186 8296
4068 4162 8196
4164 4191 8334
4044 4114 8123
4198 4200 8367
4037 4059 8065
4109 4121 8197
4132 4188 8296
4157 4170 8306
4176 4179 8343
4108 4129 8205
4085 4138 8190
4115 4149 8255
4074 4198 8265
4155 4162 8315
4109 4169 8251
4119 4167 8279
4032 4076 8071
4095 4154 8233
4169 4184 8344
4051 4134 8179
4152 4190 8338
4089 4173 8240
4014 4015 8023
4099 4186 8248
4132 4141 8247
4180 4181 8347
4173 4196 8345
4043 4167 8192
4081 4193 8244
4041 4184 8214
4138 4178 8286
4022 4077 8089
4130 4191 8318
4061 4200 8248
4126 4151 8239
4046 4101 8126
4107 4154 8225
4041 4098 8102
4146 4191 8311
4108 4144 8240
4111 4155 8238
4031 4159 8167
4108 4113 8218
4133 4193 8305
4132 4153 8260
4021 4077 8065
4028 4138 8143
4165 4173 8316
4111 4183 8268
4194 4199 8364
4158 4192 8344
4154 4180 8317
4087 4180 8264
4115 4129 8232
4174 4194 8355
4091 4179 8265
4153 4165 8312
4155 4184 8338
4120 4123 8209
4155 4171 8316
4099 4122 8210
4093 4102 8190
4182 4183 8350
4159 4163 8306
4007 4159 8140
4142 4196 8299
4056 4177 8199
4075 4182 8243
4107 4166 8235
4019 4063 8066
4074 4165 8222
4060 4178 8219
4099 4113 8185
4139 4195 8324
4050 4083 8125
4122 4195 8290
4194 4199 8367
4016 4092 8107
4172 4200 8360
4187 4200 8357
4154 4163 8316
4111 4144 8253
4129 4144 8267
4195 4200 8365
4014 4062 8071
4170 4181 8333
4059 4142 8170
4006 4063 8044
4145 4148 8277
4179 4194 8355
4113 4195 8300
4161 4162 8304
4171 4195 8360
4070 4072 8141
4147 4168 8308
4163 4166 8294
4099 4187 8267
4150 4188 8311
4167 4189 8330
4156 4164 8314
4151 4162 8301
4185 4191 8345
4087 4132 8218
4076 4149 8210
4046 4110 8147
4101 4182 8264
4044 4087 8114
4014 4143 8155
4040 4185 8211
4051 4122 8165
4136 4176 8286
4168 4199 8338
4146 4191 8324
4192 4199 8372
4075 4085 8135
4168 4182 8316
4180 4181 8345
4029 4179 8171
4146 4181 8288
4094 4177 8257
4083 4137 8205
4131 4169 8280
4007 4064 8033
4041 4079 8117
4045 4047 8071
4074 4173 8245
4099 4135 8205
4136 4186 8287
4058 4165 8214
4133 4191 8299
4086 4096 8158
4049 4107 8143
4127 4189 8282
4086 4115 8186
4183 4187 8367
4140 4193 8295
4184 4199 8356
4122 4180 8266
4151 4200 8320
4152 4163 8288
4174 4181 8328
4165 4174 8329
4050 4119 8133
4004 4080 8076
4000 4199 8170
4058 4146 8166
4015 4092 8104
4077 4165 8212
4138 4197 8324
4127 4170 8289
4023 4094 8090
4019 4166 8184
4175 4189 8361
4075 4153 8194
4180 4198 8349
4090 4135 8188
4035 4059 8078
4199 4200 8383
4196 4198 8362
4167 4176 8316
4150 4167 8297
4179 4195 8371
4127 4192 8282
4159 4196 8353
4006 4019 8008
4142 4171 8290
4061 4189 8233
4185 4188 8363
4081 4085 8129
4058 4162 8183
4030 4126 8152
4011 4067 8071
4147 4154 8283
4176 4186 8343
4092 4198 8274
4058 4083 8113
4159 4170 8320
4189 4194 8369
4188 4193 8362
4117 4136 8235
4075 4182 8228
4045 4106 8138
4184 4193 8364
4095 4172 8242
4031 4124 8129
4111 4159 8240
4199 4200 8372
4193 4199 8384
4150 4154 8299
4103 4110 8192
4034 4193 8219
4050 4102 8126
4057 4151 8187
4169 4178 8311
4103 4162 8242
4065 4169 8208
4034 4112 8117
4132 4197 8311
4143 4160 8279
4088 4102 8179
4100 4149 8218
4087 4193 8267
4035 4053 8050
4083 4188 8255
4024 4194 8184
4026 4064 8057
4124 4152 8271
4190 4200 8363
4103 4188 8274
4097 4197 8270
4143 4174 8308
4179 4188 8363
4197 4198 8391
4179 4185 8347
4162 4198 8350
4103 4200 8275
4177 4187 8361
4193 4196 8357
4196 4199 8365
4198 4199 8377
4159 4173 8306
4151 4156 8269
4196 4200 8388
4181 4199 8356
4188 4200 8381
4177 4185 8354
4141 4160 8288
4028 4060 8077
4169 4199 8363
4126 4137 8247
4088 4112 8198
4068 4116 8167
4141 4189 8304
4163 4190 8333
4060 4193 8218
4146 4200 8333
4139 4181 8305
4154 4179 8325
4051 4175 8209
4132 4182 8275
4126 4159 8264
4112 4174 8269
4059 4101 8154
4070 4187 8240
4028 4092 8093
4118 4180 8264
4039 4180 8189
4164 4167 8297
4108 4170 8259
4121 4181 8299
4079 4136 8201
4100 4118 8216
4050 4183 8224
4054 4055 8104
4001 4185 8154
4119 4157 8237
4184 4197 8366
4187 4200 8386
4097 4135 8198
4071 4156 8216
4073 4177 8229
4155 4164 8301
4005 4178 8160
4002 4115 8101
4035 4036 8043
4198 4200 8368
4075 4151 8191
4036 4165 8176
4131 4170 8288
4047 4176 8186
4199 4200 8378
4091 4173 8255
4155 4181 8313
4051 4169 8200
4033 4059 8080
4077 4180 8240
4042 4179 8201
4122 4186 8298
4067 4189 8218
4152 4163 8310
4054 4090 8133
4122 4147 8245
4147 4187 8310
4056 4196 8246
4152 4177 8313
4185 4195 8342
4026 4129 8153
4048 4114 8139
4033 4190 8192
4061 4179 8227
4034 4053 8082
4037 4102 8132
4177 4193 8364
4175 4200 8351
4130 4186 8280
4150 4173 8303
4171 4186 8351
4171 4200 8334
4163 4167 8303
4190 4199 8354
4039 4053 8088
4033 4141 8173
4056 4146 8173
4021 4031 8036
4055 4134 8164
4176 4189 8364
4100 4166 8257
4006 4131 8129
4125 4180 8269
4016 4188 8180
4048 4067 8114
4095 4146 8235
4111 4125 8218
4173 4178 8332
4032 4176 8199
4134 4165 8269
4196 4197 8367
4034 4121 8141
4059 4086 8129
4062 4158 8192
4120 4186 8285
4111 4151 8234
4184 4200 8348
4104 4106 8174
4110 4137 8245
4000 4074 8040
4122 4142 8231
4198 4200 8391
4188 4199 8374
4186 4187 8370
4006 4182 8182
4183 4199 8373
4148 4186 8298
4015 4098 8090
4064 4126 8169
4131 4136 8235
4142 4170 8301
4084 4120 8188
4162 4186 8347
4177 4181 8336
4108 4182 8278
4061 4170 8205
4002 4148 8142
4078 4197 8267
4023 4034 8046
4119 4181 8294
4090 4113 8180
4006 4008 7993
4162 4199 8345
4041 4107 8113
4183 4184 8365
4084 4108 8170
4193 4197 8381
4025 4173 8191
4024 4142 8162
4185 4187 8355

0.010000 0.410000
