900
4373176
4089 4104 8193
4003 4039 8042
4038 4164 8202
4127 4141 8268
3986 4088 8074
4100 4136 8236
4070 4170 8240
4219 4239 8458
4079 4126 8205
4048 4222 8270
4056 4194 8250
3976 4176 8152
4194 4294 8488
4143 4200 8343
4177 4194 8371
4109 4245 8354
4121 4154 8275
4218 4252 8470
4133 4274 8407
4218 4232 8450
4044 4160 8204
4031 4185 8216
4131 4143 8274
4090 4172 8262
4175 4190 8365
4117 4136 8253
3999 4128 8127
4130 4141 8271
4216 4268 8484
4032 4116 8148
4028 4087 8115
4134 4247 8381
4084 4129 8213
4176 4190 8366
4108 4195 8303
4096 4233 8329
4159 4204 8363
4024 4118 8142
4178 4231 8409
3964 4166 8130
4219 4272 8491
4025 4120 8145
4186 4233 8419
4034 4175 8209
4043 4275 8318
4032 4131 8163
3989 4155 8144
3966 4240 8206
4094 4141 8235
4241 4271 8512
4167 4211 8378
4269 4288 8557
3995 4129 8124
3948 4264 8212
4049 4247 8296
4017 4024 8041
3946 3981 7927
3985 4103 8088
4187 4242 8429
4281 4292 8573
3957 4130 8087
4092 4145 8237
4148 4234 8382
3941 4203 8144
4176 4218 8394
4182 4238 8420
3981 4083 8064
4054 4230 8284
4220 4272 8492
4167 4191 8358
4250 4275 8525
4155 4245 8400
3951 4206 8157
3933 4148 8081
4193 4258 8451
4151 4279 8430
4096 4204 8300
4127 4154 8281
4114 4224 8338
4200 4282 8482
4053 4193 8246
4140 4148 8288
4207 4257 8464
4115 4151 8266
4073 4217 8290
4073 4276 8349
3990 4108 8098
4170 4185 8355
3971 4146 8117
3954 4059 8013
4207 4234 8441
4068 4101 8169
4031 4142 8173
4124 4146 8270
4120 4265 8385
4140 4158 8298
4133 4198 8331
3972 4082 8054
4008 4255 8263
4112 4213 8325
3969 4117 8086
4245 4281 8526
4182 4194 8376
4098 4166 8264
4212 4237 8449
4156 4190 8346
4190 4203 8393
3974 4134 8108
3903 3950 7853
3943 3983 7926
4164 4245 8409
4103 4220 8323
4107 4146 8253
4091 4214 8305
4069 4117 8186
4192 4193 8385
4008 4127 8135
4178 4289 8467
4038 4203 8241
4199 4223 8422
4003 4211 8214
4041 4248 8289
4223 4239 8462
3979 4095 8074
3973 4109 8082
4068 4137 8205
4176 4285 8461
4280 4282 8562
4063 4117 8180
4136 4139 8275
4044 4228 8272
4089 4122 8211
4089 4244 8333
4220 4247 8467
4149 4225 8374
4019 4138 8157
4138 4231 8369
4038 4105 8143
4068 4116 8184
4155 4162 8317
4032 4144 8176
4013 4038 8051
3938 4051 7989
4118 4170 8288
4291 4293 8584
4091 4185 8276
4175 4236 8411
4106 4112 8218
4117 4235 8352
4142 4196 8338
4113 4164 8277
4167 4174 8341
4229 4232 8461
4167 4278 8445
4084 4258 8342
4208 4241 8449
4188 4207 8395
4093 4204 8297
4188 4211 8399
4184 4240 8424
3951 4042 7993
4085 4115 8200
4096 4139 8235
4071 4125 8196
4112 4213 8325
4277 4289 8566
4085 4115 8200
4089 4108 8197
4249 4251 8500
4146 4188 8334
4090 4231 8321
4012 4117 8129
4125 4135 8260
4119 4130 8249
4121 4222 8343
4039 4046 8085
4078 4218 8296
4132 4249 8381
3962 4290 8252
4132 4160 8292
4098 4205 8303
4036 4238 8274
4184 4286 8470
4127 4155 8282
4081 4258 8339
4052 4267 8319
4054 4181 8235
3986 4090 8076
3951 4176 8127
3929 4159 8088
4053 4118 8171
3914 3973 7887
4146 4166 8312
4023 4072 8095
4090 4217 8307
4261 4269 8530
4001 4074 8075
4266 4270 8536
4076 4188 8264
3953 4189 8142
4127 4281 8408
4253 4254 8507
4216 4279 8495
4103 4154 8257
4180 4288 8468
4081 4117 8198
4031 4102 8133
4100 4141 8241
4069 4242 8311
4016 4240 8256
4128 4138 8266
4012 4135 8147
4273 4286 8559
4023 4195 8218
4066 4229 8295
4152 4191 8343
4033 4190 8223
4035 4058 8093
4152 4235 8387
3982 4238 8220
4028 4233 8261
3965 4206 8171
4115 4142 8257
4037 4106 8143
4177 4264 8441
4011 4246 8257
3933 4048 7981
4159 4193 8352
4003 4008 8011
4171 4197 8368
4261 4277 8538
4087 4108 8195
4081 4191 8272
4016 4115 8131
4116 4144 8260
4146 4165 8311
4066 4194 8260
4018 4198 8216
4255 4289 8544
4166 4251 8417
4092 4093 8185
4072 4220 8292
4023 4155 8178
3989 4135 8124
4098 4282 8380
3941 4264 8205
4093 4134 8227
4121 4266 8387
4172 4232 8404
4129 4189 8318
4270 4273 8543
4161 4271 8432
4119 4194 8313
4061 4259 8320
4238 4245 8483
4088 4112 8200
4019 4229 8248
4094 4236 8330
4038 4199 8237
4076 4112 8188
4115 4282 8397
4082 4265 8347
4169 4195 8364
4086 4178 8264
4123 4191 8314
4223 4232 8455
4106 4239 8345
4173 4293 8466
4193 4233 8426
4140 4286 8426
4258 4273 8531
4105 4184 8289
4069 4156 8225
4110 4247 8357
3997 4054 8051
4022 4192 8214
4282 4285 8567
4185 4255 8440
4253 4268 8521
4154 4240 8394
4243 4249 8492
4066 4219 8285
4095 4245 8340
4102 4177 8279
4084 4086 8170
4245 4252 8497
4133 4183 8316
4035 4154 8189
4090 4176 8266
4124 4224 8348
4089 4211 8300
4104 4186 8290
4094 4233 8327
4025 4119 8144
4000 4115 8115
4030 4113 8143
4068 4135 8203
4143 4293 8436
4081 4097 8178
4087 4247 8334
4065 4196 8261
4146 4173 8319
4048 4113 8161
4048 4188 8236
3950 4137 8087
3991 4082 8073
4214 4292 8506
4184 4200 8384
4158 4245 8403
4160 4210 8370
4110 4154 8264
4071 4076 8147
4026 4090 8116
4189 4240 8429
4084 4226 8310
4117 4259 8376
4033 4073 8106
3956 4256 8212
4172 4248 8420
4099 4210 8309
3946 4008 7954
4064 4093 8157
4004 4147 8151
4153 4183 8336
4053 4081 8134
4076 4237 8313
4064 4104 8168
4011 4097 8108
4120 4253 8373
3981 4112 8093
4152 4234 8386
4027 4130 8157
4160 4161 8321
4052 4115 8167
4254 4273 8527
4162 4174 8336
4137 4182 8319
4046 4114 8160
4223 4255 8478
4155 4225 8380
4038 4090 8128
4229 4245 8474
3982 4092 8074
4134 4161 8295
4102 4147 8249
4186 4253 8439
4085 4158 8243
4085 4153 8238
4185 4265 8450
4147 4183 8330
4021 4231 8252
4056 4245 8301
4274 4278 8552
4018 4207 8225
4203 4291 8494
4183 4239 8422
3989 4136 8125
4149 4248 8397
4060 4130 8190
4158 4175 8333
4036 4105 8141
4143 4153 8296
4071 4204 8275
4044 4275 8319
4132 4209 8341
4130 4285 8415
4200 4227 8427
4035 4062 8097
4102 4124 8226
4022 4152 8174
4185 4230 8415
4120 4177 8297
4077 4243 8320
4104 4253 8357
4073 4125 8198
4105 4125 8230
4082 4171 8253
4133 4239 8372
3998 4145 8143
4045 4204 8249
4083 4183 8266
4064 4131 8195
4108 4157 8265
4079 4247 8326
4074 4151 8225
4040 4071 8111
4138 4209 8347
4110 4157 8267
4120 4223 8343
4048 4184 8232
4047 4125 8172
3962 4189 8151
4182 4192 8374
4109 4189 8298
4134 4256 8390
4056 4165 8221
4129 4219 8348
4045 4112 8157
4165 4247 8412
4142 4194 8336
4095 4278 8373
4053 4172 8225
4148 4173 8321
4187 4299 8486
4142 4291 8433
4112 4252 8364
4039 4105 8144
3981 4093 8074
4143 4160 8303
3979 4248 8227
4218 4274 8492
4148 4265 8413
4260 4284 8544
4101 4126 8227
3969 4130 8099
4098 4191 8289
3926 4249 8175
3926 4103 8029
3942 4180 8122
4213 4248 8461
3998 4186 8184
3985 4007 7992
4210 4255 8465
4208 4212 8420
4040 4153 8193
4053 4080 8133
4079 4180 8259
4172 4201 8373
4046 4136 8182
3927 4193 8120
4137 4138 8275
3998 4229 8227
4113 4252 8365
4268 4296 8564
4188 4253 8441
4233 4236 8469
4172 4234 8406
4149 4214 8363
4155 4174 8329
4086 4231 8317
4084 4117 8201
4094 4236 8330
4218 4266 8484
3987 4151 8138
4089 4222 8311
4142 4147 8289
4131 4145 8276
4072 4089 8161
4055 4187 8242
4048 4154 8202
4117 4125 8242
4105 4114 8219
4127 4239 8366
4025 4029 8054
4026 4196 8222
4140 4222 8362
4170 4188 8358
4218 4232 8450
4161 4284 8445
4049 4167 8216
3934 4059 7993
4160 4227 8387
4055 4154 8209
4100 4167 8267
4114 4119 8233
3979 4046 8025
3956 4112 8068
4282 4291 8573
4197 4240 8437
3967 4265 8232
4246 4247 8493
4045 4083 8128
3989 4081 8070
4074 4099 8173
4199 4214 8413
4060 4071 8131
4116 4133 8249
3970 4145 8115
4043 4116 8159
4076 4211 8287
4028 4254 8282
4155 4212 8367
4038 4121 8159
4105 4163 8268
4078 4243 8321
4291 4292 8583
3978 4106 8084
4145 4163 8308
4136 4236 8372
4210 4228 8438
4028 4101 8129
4054 4238 8292
4261 4274 8535
3978 4102 8080
4005 4109 8114
4229 4275 8504
3969 4208 8177
4030 4212 8242
3941 4013 7954
4114 4204 8318
4047 4286 8333
4165 4237 8402
4144 4177 8321
4239 4281 8520
3956 4022 7978
4206 4230 8436
4069 4166 8235
4013 4194 8207
4054 4171 8225
4087 4149 8236
4228 4292 8520
4050 4193 8243
4167 4169 8336
4188 4229 8417
4226 4259 8485
4037 4046 8083
4210 4226 8436
4210 4238 8448
4005 4201 8206
4002 4007 8009
4206 4238 8444
4104 4223 8327
4015 4168 8183
4057 4126 8183
4126 4249 8375
4119 4151 8270
4074 4140 8214
3998 4062 8060
4219 4270 8489
4230 4281 8511
4084 4285 8369
4210 4276 8486
4196 4226 8422
4143 4214 8357
4106 4116 8222
4119 4148 8267
3977 4092 8069
4199 4250 8449
3973 4054 8027
4131 4173 8304
4176 4240 8416
4144 4165 8309
4058 4130 8188
4163 4205 8368
4024 4031 8055
4003 4054 8057
4158 4192 8350
4103 4139 8242
4016 4092 8108
4070 4096 8166
4131 4177 8308
4058 4099 8157
4079 4125 8204
4115 4172 8287
4119 4136 8255
4096 4137 8233
4129 4220 8349
4278 4282 8560
4044 4195 8239
4129 4149 8278
4112 4114 8226
4108 4113 8221
4107 4172 8279
4230 4245 8475
3982 4153 8135
4235 4239 8474
4003 4166 8169
3959 4032 7991
4013 4080 8093
4101 4140 8241
4202 4231 8433
4082 4264 8346
4210 4257 8467
4196 4207 8403
4100 4103 8203
4040 4286 8326
4083 4166 8249
4164 4255 8419
4143 4209 8352
4143 4198 8341
4090 4244 8334
4176 4208 8384
4007 4277 8284
4221 4257 8478
4148 4224 8372
4186 4231 8417
4169 4264 8433
4190 4222 8412
4055 4164 8219
4292 4295 8587
4080 4175 8255
4101 4243 8344
4213 4253 8466
4106 4203 8309
4085 4283 8368
4183 4204 8387
4197 4204 8401
4175 4234 8409
4147 4164 8311
4069 4108 8177
4075 4193 8268
4109 4119 8228
4175 4236 8411
4025 4068 8093
4070 4133 8203
3952 4099 8051
4174 4203 8377
4137 4258 8395
4124 4128 8252
3991 4174 8165
4025 4098 8123
4010 4221 8231
3967 4129 8096
4055 4126 8181
4152 4268 8420
4028 4199 8227
4181 4213 8394
4071 4126 8197
4018 4265 8283
4107 4108 8215
3989 4118 8107
4183 4240 8423
4004 4163 8167
4232 4233 8465
4269 4282 8551
3975 4175 8150
4070 4212 8282
4207 4282 8489
4117 4262 8379
4068 4071 8139
4122 4202 8324
4144 4155 8299
4242 4246 8488
4021 4039 8060
4038 4049 8087
4164 4209 8373
4160 4175 8335
4039 4156 8195
4041 4196 8237
4095 4108 8203
4230 4260 8490
4089 4168 8257
4075 4093 8168
4128 4147 8275
4110 4166 8276
3973 4116 8089
4199 4231 8430
4006 4080 8086
4067 4161 8228
4065 4172 8237
4101 4120 8221
3925 4087 8012
4248 4262 8510
4244 4292 8536
4032 4134 8166
4115 4120 8235
4082 4276 8358
3986 4270 8256
4176 4241 8417
4171 4175 8346
4005 4012 8017
4130 4155 8285
4066 4193 8259
4259 4290 8549
4140 4159 8299
4054 4178 8232
4249 4261 8510
4109 4246 8355
3995 4253 8248
4043 4099 8142
4091 4158 8249
4122 4275 8397
4098 4253 8351
4077 4286 8363
4101 4128 8229
4258 4260 8518
4135 4253 8388
4133 4167 8300
4105 4205 8310
4170 4180 8350
4037 4208 8245
3957 4114 8071
4028 4158 8186
4094 4194 8288
4115 4131 8246
3980 4123 8103
4154 4183 8337
4072 4243 8315
4208 4265 8473
4081 4293 8374
4182 4297 8479
4158 4200 8358
3996 4096 8092
4039 4084 8123
4109 4183 8292
4270 4277 8547
4002 4114 8116
3989 4011 8000
3949 3969 7918
4082 4083 8165
4207 4251 8458
4063 4203 8266
4062 4202 8264
4144 4189 8333
4123 4215 8338
4118 4139 8257
3982 4064 8046
4254 4262 8516
4141 4248 8389
3994 4181 8175
4106 4107 8213
4121 4127 8248
4007 4226 8233
4117 4163 8280
4107 4158 8265
4248 4250 8498
4237 4238 8475
4103 4179 8282
3967 4065 8032
4094 4207 8301
4195 4209 8404
4086 4098 8184
3981 4103 8084
4001 4163 8164
4072 4129 8201
4235 4236 8471
4161 4251 8412
4133 4228 8361
4156 4197 8353
4164 4196 8360
4141 4160 8301
4189 4287 8476
4241 4258 8499
4150 4171 8321
4066 4183 8249
4083 4103 8186
4240 4298 8538
4116 4121 8237
4104 4290 8394
4142 4157 8299
3981 4162 8143
4048 4093 8141
4258 4271 8529
4164 4204 8368
4135 4141 8276
4104 4154 8258
4118 4216 8334
3981 4048 8029
3964 4169 8133
4124 4146 8270
4131 4140 8271
4120 4264 8384
4008 4232 8240
4179 4250 8429
4009 4101 8110
4042 4167 8209
4103 4209 8312
4064 4081 8145
4093 4163 8256
4183 4264 8447
4154 4209 8363
4224 4269 8493
3928 4126 8054
4170 4238 8408
4049 4167 8216
4000 4094 8094
4020 4226 8246
4123 4152 8275
4057 4121 8178
4078 4135 8213
4083 4212 8295
4000 4176 8176
4097 4180 8277
4049 4204 8253
4155 4221 8376
3933 4138 8071
4126 4130 8256
4093 4210 8303
4017 4184 8201
4140 4224 8364
4108 4164 8272
4184 4234 8418
4071 4136 8207
4114 4247 8361
4034 4114 8148
4076 4123 8199
3977 4239 8216
4194 4216 8410
4025 4155 8180
4242 4285 8527
4236 4240 8476
3948 4144 8092
4095 4140 8235
4187 4261 8448
4234 4261 8495
4089 4097 8186
3963 4084 8047
4223 4237 8460
4003 4236 8239
4040 4267 8307
4139 4179 8318
4125 4289 8414
4083 4100 8183
4003 4191 8194
4068 4207 8275
4000 4231 8231
4170 4247 8417
4146 4184 8330
4198 4225 8423
4056 4130 8186
4043 4246 8289
4101 4135 8236
4006 4012 8018
4194 4237 8431
4182 4218 8400
4275 4280 8555
4033 4095 8128
4278 4285 8563
4120 4122 8242
4105 4113 8218
4126 4219 8345
4129 4238 8367
4074 4094 8168
4106 4121 8227
4084 4109 8193
4055 4065 8120
4133 4232 8365
4196 4276 8472
4220 4286 8506
4067 4128 8195
4153 4205 8358
4181 4204 8385
4104 4143 8247
3951 4088 8039
4160 4206 8366
4070 4163 8233
4102 4112 8214
4070 4116 8186
4232 4293 8525
4206 4244 8450
4243 4245 8488
4035 4063 8098
4132 4234 8366
4265 4271 8536
4113 4245 8358
3961 4130 8091
4131 4133 8264
4161 4297 8458
4077 4115 8192
4147 4246 8393
4226 4288 8514
4085 4115 8200
4146 4297 8443
4201 4249 8450
4018 4191 8209
3983 4117 8100
3993 4075 8068
4016 4168 8184
4073 4095 8168
4118 4205 8323
4034 4176 8210
4188 4190 8378
3971 4196 8167
4065 4066 8131
4024 4129 8153
4090 4144 8234
4236 4285 8521
4079 4194 8273
4124 4256 8380
4168 4217 8385
4177 4245 8422
4287 4289 8576
4094 4173 8267
4174 4190 8364
4047 4104 8151
4149 4190 8339
4112 4175 8287
4047 4092 8139
4048 4222 8270
4133 4230 8363
3940 4113 8053
4138 4266 8404
4068 4185 8253
4133 4283 8416
4135 4231 8366
4162 4211 8373
4231 4287 8518
4083 4291 8374
4000 4241 8241
4118 4234 8352
3969 4190 8159
4089 4140 8229
4064 4219 8283
4219 4254 8473
3967 4159 8126
4142 4155 8297
4072 4170 8242
4108 4140 8248
4180 4216 8396
4141 4289 8430

4049 4170 8198
4062 4105 8142
4120 4162 8281
4153 4157 8290
4009 4123 8111
4010 4068 8066
4029 4116 8111
4128 4140 8245
4004 4037 8022
4082 4167 8227
4026 4117 8111
4021 4076 8068
4134 4196 8320
4189 4198 8361
4095 4129 8215
4145 4156 8290
4051 4075 8108
4154 4158 8278
4072 4180 8245
4152 4159 8285
4065 4129 8183
4111 4187 8279
4160 4194 8342
4140 4143 8249
4126 4198 8316
4091 4195 8253
4078 4095 8135
4059 4166 8200
4145 4193 8318
4071 4077 8140
4051 4173 8189
4147 4162 8304
4076 4168 8242
4098 4120 8182
4157 4198 8336
4169 4194 8327
4165 4194 8349
4069 4186 8242
4130 4167 8274
4042 4152 8190
4188 4189 8345
4056 4156 8200
4097 4167 8229
4121 4127 8213
4090 4190 8275
4113 4191 8302
4053 4179 8196
4028 4179 8188
4077 4162 8207
4180 4184 8331
4122 4158 8244
4186 4195 8369
4090 4100 8168
4008 4179 8177
4059 4174 8213
4057 4107 8152
4009 4036 8040
4065 4198 8239
4172 4187 8336
4185 4194 8360
4042 4144 8164
4049 4100 8146
4171 4173 8336
4037 4198 8229
4094 4169 8229
4133 4145 8255
4002 4052 8037
4030 4151 8173
4175 4183 8343
4102 4107 8202
4167 4177 8325
4138 4153 8281
4038 4182 8190
4018 4145 8159
4137 4181 8293
4062 4192 8217
4118 4199 8278
4110 4164 8262
4057 4124 8174
4158 4191 8339
4004 4168 8170
4182 4199 8369
4177 4196 8364
4107 4143 8232
4151 4163 8278
4156 4180 8334
4007 4039 8021
4113 4161 8245
4066 4086 8116
4026 4033 8034
4160 4161 8302
4032 4128 8146
4082 4123 8179
4128 4133 8232
4150 4172 8285
4147 4185 8321
4143 4196 8325
4016 4158 8172
4089 4200 8285
4031 4161 8185
4069 4076 8121
4163 4192 8341
4168 4180 8320
4036 4098 8099
4197 4200 8358
4103 4156 8254
4152 4161 8303
4001 4164 8138
4003 4035 8025
4020 4030 8040
4116 4166 8262
4038 4198 8233
4015 4156 8151
4112 4171 8279
4164 4179 8323
4143 4161 8291
4093 4144 8213
4084 4196 8261
4138 4152 8266
4111 4139 8213
4044 4171 8177
4127 4172 8297
4175 4190 8344
4050 4169 8205
4014 4108 8117
4092 4119 8185
4188 4200 8351
4190 4192 8371
4082 4170 8215
4117 4152 8239
4131 4135 8236
4185 4194 8368
4136 4179 8287
4161 4169 8328
4197 4198 8388
4099 4160 8249
4150 4165 8285
4050 4177 8214
4033 4099 8118
4114 4133 8213
4067 4146 8205
4055 4100 8136
4033 4150 8160
4063 4194 8226
4193 4198 8377
4071 4111 8160
4197 4199 8387
4095 4169 8252
4142 4144 8250
4156 4166 8294
4155 4196 8343
4079 4090 8141
4141 4200 8307
4075 4184 8254
4106 4161 8228
4169 4188 8352
4198 4199 8384
4165 4173 8327
4127 4138 8261
4105 4165 8239
4046 4131 8144
4024 4055 8059
4012 4124 8122
4126 4168 8293
4068 4125 8155
4188 4193 8374
4141 4162 8264
4109 4112 8194
4149 4152 8277
4184 4194 8365
4001 4178 8158
4067 4169 8223
4134 4197 8295
4111 4122 8221
4149 4177 8289
4044 4129 8148
4103 4187 8278
4105 4170 8256
4019 4191 8187
4140 4160 8278
4151 4184 8312
4017 4158 8146
4183 4198 8345
4074 4078 8143
4152 4171 8302
4101 4182 8259
4062 4102 8159
4066 4135 8179
4029 4159 8161
4017 4172 8185
4005 4055 8048
4004 4016 8000
4162 4200 8340
4046 4059 8086
4137 4139 8256
4177 4183 8348
4052 4157 8200
4184 4188 8335
4099 4155 8229
4015 4123 8111
4179 4197 8369
4193 4195 8352
4159 4196 8336
4030 4119 8124
4140 4190 8328
4037 4186 8208
4131 4164 8282
4131 4167 8285
4098 4161 8245
4083 4161 8230
4068 4182 8214
4034 4041 8065
4184 4195 8376
4071 4158 8198
4155 4187 8304
4134 4188 8293
4106 4149 8224
4098 4153 8238
4163 4178 8324
4080 4155 8221
4125 4171 8276
4028 4163 8169
4133 4134 8238
4029 4112 8136
4165 4198 8337
4077 4190 8258
4000 4094 8082
4145 4178 8304
4035 4040 8042
4097 4170 8260
4180 4181 8348
4100 4102 8184
4171 4185 8323
4005 4141 8128
4106 4153 8233
4057 4072 8111
4122 4191 8297
4051 4132 8152
4191 4192 8361
4131 4173 8275
4034 4047 8069
4033 4164 8180
4066 4094 8147
4045 4046 8059
4156 4195 8338
4031 4170 8177
4086 4153 8236
4116 4168 8246
4146 4166 8273
4115 4132 8235
4194 4200 8389
4151 4182 8316
4163 4167 8300
4139 4175 8294
4176 4182 8320
4013 4037 8044
4119 4168 8274
4191 4199 8378
4102 4191 8259
4018 4081 8078
4198 4200 8382
4043 4191 8219
4139 4162 8291
4046 4091 8129
4130 4143 8238
4168 4198 8345
4110 4156 8265
4078 4200 8254
4179 4190 8340
4195 4200 8380
4175 4191 8331
4128 4193 8315
4127 4185 8282
4076 4176 8245
4003 4048 8026
4071 4104 8140
4198 4199 8371
4155 4169 8288
4184 4197 8356
4196 4199 8392
4164 4170 8332
4005 4130 8134
4195 4198 8356
4177 4188 8338
4178 4183 8323
4175 4193 8363
4167 4171 8306
4074 4089 8153
4049 4085 8130
4110 4197 8283
4004 4154 8133
4090 4155 8218
4188 4200 8373
4095 4143 8232
4098 4120 8180
4068 4102 8146
4012 4042 8024
4192 4194 8380
4157 4177 8300
4054 4188 8228
4081 4151 8218
4136 4167 8288
4010 4182 8158
4085 4156 8237
4004 4107 8074
4051 4067 8114
4188 4193 8356
4106 4189 8289
4187 4199 8367
4154 4181 8298
4045 4095 8113
4026 4063 8056
4068 4073 8104
4153 4162 8302
4062 4149 8193
4138 4184 8293
4121 4162 8267
4051 4200 8228
4076 4184 8237
4156 4170 8313
4035 4042 8042
4018 4176 8182
4087 4088 8157
4144 4158 8301
4116 4175 8287
4164 4174 8331
4051 4054 8092
4081 4196 8264
4160 4197 8326
4041 4162 8178
4060 4167 8206
4021 4142 8146
4129 4147 8272
4094 4138 8214
4180 4183 8346
4111 4133 8220
4090 4190 8250
4146 4173 8301
4152 4192 8328
4130 4175 8304
4034 4179 8179
4156 4177 8328
4052 4141 8177
4141 4177 8286
4148 4149 8261
4195 4196 8384
4120 4143 8250
4054 4115 8135
4190 4193 8351
4155 4176 8297
4041 4157 8166
4008 4172 8177
4178 4181 8328
4015 4149 8152
4183 4200 8358
4160 4194 8335
4022 4094 8080
4193 4198 8373
4068 4195 8260
4127 4154 8252
4062 4064 8125
4046 4088 8113
4009 4147 8138
4060 4194 8239
4036 4198 8225
4115 4192 8279
4197 4200 8388
4002 4026 7999
4154 4179 8330
4003 4103 8102
4099 4162 8223
4150 4174 8299
4055 4150 8199
4179 4183 8344
4120 4134 8243
4078 4180 8243
4181 4198 8374
4089 4159 8237
4074 4109 8171
4116 4165 8259
4054 4150 8202
4079 4142 8184
4130 4153 8259
4120 4190 8278
4031 4187 8189
4074 4168 8228
4181 4199 8348
4107 4142 8214
4089 4175 8242
4085 4118 8189
4017 4040 8043
4060 4173 8218
4155 4179 8331
4168 4184 8341
4104 4194 8296
4087 4195 8271
4038 4119 8156
4086 4140 8188
4193 4199 8366
4172 4200 8335
4090 4191 8275
4100 4104 8181
4117 4152 8245
4179 4199 8355
4173 4196 8333
4081 4188 8242
4020 4079 8098
4024 4098 8106
4084 4100 8162
4053 4193 8210
4190 4200 8379
4196 4198 8364
4178 4185 8349
4165 4183 8313
4067 4125 8157
4167 4189 8319
4015 4149 8160
4005 4199 8184
4027 4118 8122
4135 4151 8281
4046 4097 8112
4021 4071 8057
4165 4190 8351
4157 4166 8312
4123 4190 8300
4040 4144 8171
4111 4134 8231
4073 4112 8168
4006 4174 8150
4002 4141 8107
4187 4193 8362
4027 4184 8175
4178 4182 8336
4195 4196 8376
4134 4177 8297
4145 4153 8275
4138 4171 8305
4151 4194 8314
4191 4194 8349
4058 4137 8185
4146 4184 8299
4098 4193 8257
4146 4190 8318
4020 4195 8187
4085 4179 8234
4149 4178 8314
4076 4130 8198
4052 4069 8102
4022 4122 8126
4070 4155 8197
4104 4169 8272
4035 4065 8069
4144 4169 8279
4048 4079 8117
4091 4112 8180
4115 4145 8228
4106 4175 8264
4194 4199 8359
4160 4194 8322
4086 4096 8159
4001 4085 8057
4092 4148 8203
4036 4140 8160
4127 4200 8309
4037 4057 8061
4044 4070 8094
4014 4080 8066
4193 4194 8375
4144 4191 8325
4061 4186 8217
4155 4158 8287
4080 4085 8157
4078 4147 8197
4003 4056 8050
4118 4146 8244
4129 4135 8225
4016 4050 8043
4032 4047 8059
4071 4098 8148
4110 4197 8304
4088 4162 8222
4137 4179 8291
4009 4162 8157
4016 4083 8097
4166 4177 8322
4193 4195 8349
4044 4084 8100
4121 4199 8296
4124 4145 8260
4184 4187 8354
4128 4151 8274
4100 4188 8249
4197 4198 8359
4015 4075 8061
4013 4100 8075
4169 4197 8334
4005 4129 8124
4118 4196 8292
4030 4039 8033
4165 4183 8317
4003 4188 8187
4155 4195 8322
4086 4092 8160
4181 4185 8340
4018 4121 8137
4166 4191 8343
4019 4175 8177
4089 4164 8219
4111 4191 8300
4180 4189 8340
4176 4198 8341
4065 4138 8181
4144 4176 8308
4188 4190 8348
4188 4191 8345
4084 4138 8201
4185 4191 8372
4120 4153 8237
4079 4147 8219
4018 4071 8080
4127 4190 8313
4139 4163 8300
4080 4176 8239
4141 4186 8311
4114 4149 8232
4198 4200 8370
4052 4187 8222
4032 4066 8085
4170 4182 8326
4199 4200 8393
4155 4195 8332
4182 4198 8359
4109 4166 8268
4078 4120 8185
4178 4181 8343
4116 4159 8255
4068 4160 8219
4184 4192 8353
4022 4089 8082
4098 4135 8218
4123 4164 8262
4054 4095 8145
4065 4189 8222
4087 4161 8228
4109 4121 8214
4016 4064 8064
4097 4101 8187
4138 4170 8272
4112 4142 8244
4057 4064 8115
4036 4167 8201
4149 4192 8306
4038 4181 8213
4087 4099 8175
4025 4077 8099
4169 4172 8325
4046 4168 8193
4179 4186 8342
4089 4166 8254
4096 4158 8220
4053 4086 8124
4023 4092 8093
4145 4176 8292
4164 4176 8306
4042 4146 8160
4176 4191 8365
4076 4110 8150
4031 4113 8122
4063 4101 8139
4016 4043 8053
4170 4196 8353
4050 4191 8231
4117 4159 8264
4149 4150 8271
4004 4025 7993
4104 4196 8279
4032 4131 8143
4066 4184 8233
4144 4168 8273
4102 4126 8205
4066 4154 8184
4197 4200 8360
4051 4193 8210
4159 4178 8299
4160 4178 8299
4125 4135 8243
4195 4197 8378
4125 4187 8291
4092 4175 8261
4198 4199 8359
4153 4172 8305
4100 4165 8231
4162 4190 8325
4029 4124 8144
4184 4194 8377
4191 4200 8355
4097 4104 8187
4165 4170 8317
4097 4171 8252
4032 4053 8069
4048 4121 8160
4046 4085 8118
4103 4164 8234
4012 4018 8022
4031 4064 8061
4000 4167 8152
4155 4180 8314
4154 4173 8296
4065 4071 8112
4025 4155 8151
4006 4024 8014
4100 4195 8294
4014 4072 8049
4005 4143 8143
4180 4200 8371
4083 4154 8224
4146 4159 8293
4110 4158 8233
4105 4198 8289
4058 4086 8139
4055 4097 8134
4173 4190 8336
4046 4194 8211
4141 4170 8284
4190 4195 8354
4023 4169 8156
4032 4137 8163
4137 4191 8312
4193 4197 8388
4022 4127 8113
4158 4190 8324
4058 4071 8100
4152 4165 8287
4064 4126 8178
4103 4109 8186
4097 4184 8259
4164 4174 8316
4087 4124 8183
4113 4193 8284
4169 4174 8310
4177 4183 8345
4077 4140 8194
4030 4174 8203
4098 4164 8251
4105 4176 8254
4073 4192 8230
4108 4160 8241
4082 4091 8140
4027 4105 8097
4034 4144 8141
4034 4103 8117
4000 4152 8151
4179 4181 8348
4160 4192 8336
4124 4156 8242
4070 4078 8143
4164 4199 8362
4071 4182 8245
4131 4193 8296
4087 4165 8237
4015 4082 8080
4142 4198 8310
4142 4147 8286
4190 4191 8368
4169 4172 8329
4017 4133 8128
4162 4181 8323
4149 4156 8282
4025 4179 8196
4099 4193 8273
4017 4196 8181
4183 4193 8372
4139 4189 8297
4158 4193 8326
4031 4046 8062
4161 4197 8344
4152 4173 8322
4188 4200 8366
4085 4147 8211
4161 4196 8333
4071 4127 8175
4048 4184 8219
4000 4188 8167
4041 4170 8195
4071 4110 8178
4041 4126 8158
4088 4111 8182
4122 4174 8291
4168 4171 8326
4101 4197 8293
4196 4199 8358
4089 4137 8206
4086 4128 8181
4051 4108 8147
4108 4167 8240
4179 4189 8359
4074 4112 8152
4027 4086 8076
4008 4025 8025
4119 4128 8233
4196 4198 8374
4012 4127 8137
4102 4120 8183
4181 4200 8351
4023 4163 8170
4131 4184 8287
4068 4118 8165
4194 4197 8376
4113 4200 8306
4048 4106 8125
4040 4066 8101
4144 4177 8320
4105 4162 8241
4082 4125 8181
4132 4142 8252
4172 4189 8344
4143 4151 8255
4193 4197 8378
4045 4142 8175
4029 4133 8129
4113 4114 8196
4157 4180 8314
4058 4160 8189
4027 4137 8138
4063 4105 8166
4143 4148 8279
4085 4165 8232
4180 4197 8342
4094 4135 8203
4179 4182 8323
4179 4197 8352
4122 4192 8309
4143 4163 8298
4086 4100 8174
4031 4170 8163
4063 4163 8210
4173 4199 8343
4186 4191 8355
4131 4193 8315
4112 4185 8285
4029 4163 8180
4126 4164 8287
4166 4180 8310
4180 4182 8342
4174 4182 8324
4152 4193 8309
4129 4146 8245
4070 4107 8176
4049 4170 8211
4128 4136 8228
4041 4042 8070
4104 4184 8273
4106 4200 8296
4139 4191 8325
4014 4171 8171
4080 4133 8181
4036 4166 8180
4045 4063 8107
4090 4103 8170
4103 4196 8292
4101 4144 8244
4162 4172 8316
4020 4147 8145
4128 4171 8261
4075 4108 8145
4005 4019 8016
4037 4163 8189
4062 4121 8167
4138 4158 8268
4081 4123 8176
4109 4194 8267
4076 4156 8226
4069 4160 8200
4105 4115 8188
4139 4179 8291
4028 4126 8151
4083 4100 8146
4058 4136 8187
4079 4189 8265
4135 4156 8255
4108 4113 8182
4113 4134 8232
4022 4133 8144
4105 4148 8240
4129 4183 8284
4040 4064 8102
4020 4164 8157
4122 4145 8255
4096 4157 8244
4188 4189 8339
4172 4179 8313
4028 4176 8173
4002 4066 8056
4156 4179 8305
4191 4200 8386
4044 4089 8101
4061 4165 8215
4187 4194 8373
4046 4156 8195
4102 4175 8271
4088 4119 8179
4100 4195 8280
4102 4122 8192
4088 4180 8244
4157 4159 8315
4017 4194 8209
4152 4158 8300
4061 4092 8129
4140 4190 8304
4013 4072 8057
4107 4154 8249
4044 4091 8122
4002 4067 8068
4118 4179 8264
4173 4197 8361
4183 4189 8368
4115 4132 8210
4180 4192 8336
4058 4198 8253
4008 4100 8079
4185 4196 8377
4139 4170 8272
4105 4114 8180
4151 4180 8318
4176 4177 8331
4028 4032 8029
4141 4164 8300
4188 4190 8345
4175 4200 8368
4103 4104 8206
4182 4188 8344
4111 4129 8227
4045 4152 8173
4039 4059 8085
4188 4198 8364
4148 4162 8306
4162 4163 8316
4042 4080 8093
4184 4196 8374
4155 4187 8309
4188 4190 8347
4128 4145 8255
4184 4198 8367
4195 4196 8377
4145 4176 8286
4029 4174 8182
4032 4051 8063
4092 4199 8261
4106 4153 8231
4058 4154 8211
4192 4197 8382
4031 4168 8177
4109 4200 8278
4115 4156 8237
4095 4199 8266
4039 4169 8171
4076 4091 8163
4072 4095 8135
4050 4125 8158
4124 4131 8227
4061 4099 8159
4190 4192 8376
4048 4104 8147
4008 4135 8110
4033 4183 8211
4051 4154 8187
4165 4186 8343
4014 4147 8131
4195 4198 8392
4113 4136 8231
4187 4195 8348
4188 4193 8351
4060 4092 8129
4154 4185 8323
4140 4164 8289
4101 4159 8256
4062 4140 8172
4068 4115 8164
4064 4135 8176
4047 4174 8191
4021 4057 8074
4194 4197 8356
4014 4109 8094
4099 4194 8255
4042 4163 8194
4097 4188 8248
4158 4194 8329
4176 4192 8346
4084 4184 8254
4168 4171 8336
4069 4117 8167
4183 4190 8371
4035 4144 8146
4137 4155 8282
4018 4171 8156
4074 4174 8219
4057 4080 8119
4066 4076 8140
4110 4173 8265
4186 4197 8357

0.010000 0.590000
