900
4959020
4149 4238 8387
4000 4126 8126
4152 4173 8325
4200 4219 8419
4118 4195 8313
4088 4151 8239
4150 4156 8306
4279 4289 8568
4123 4134 8257
4126 4174 8300
4016 4124 8140
4020 4159 8179
4092 4097 8189
4061 4252 8313
4126 4135 8261
4094 4102 8196
3950 4176 8126
4209 4256 8465
3987 4213 8200
4013 4277 8290
4096 4204 8300
4102 4174 8276
4228 4248 8476
4054 4179 8233
4089 4111 8200
4084 4210 8294
4139 4246 8385
4031 4155 8186
4119 4249 8368
4028 4156 8184
4157 4171 8328
4215 4223 8438
4168 4267 8435
4094 4129 8223
4064 4097 8161
4138 4231 8369
4020 4133 8153
4122 4204 8326
4232 4294 8526
3983 4192 8175
4201 4237 8438
4015 4260 8275
4192 4198 8390
4066 4171 8237
4147 4246 8393
4248 4261 8509
4165 4266 8431
4176 4183 8359
4047 4185 8232
3934 4072 8006
4134 4192 8326
4063 4221 8284
4174 4233 8407
4255 4270 8525
3989 4219 8208
4136 4206 8342
4182 4210 8392
3972 4092 8064
4006 4295 8301
4037 4143 8180
3963 4194 8157
4095 4175 8270
3968 4069 8037
4144 4273 8417
4030 4107 8137
4135 4155 8290
4018 4116 8134
4184 4272 8456
4174 4274 8448
4120 4126 8246
4058 4185 8243
3986 4119 8105
3950 3990 7940
4189 4256 8445
4073 4196 8269
4232 4240 8472
3966 3991 7957
4113 4155 8268
4073 4176 8249
4057 4178 8235
4191 4200 8391
3973 4087 8060
4140 4220 8360
4074 4143 8217
4042 4116 8158
4124 4166 8290
4191 4277 8468
4103 4119 8222
4065 4286 8351
4097 4196 8293
4103 4174 8277
3934 4165 8099
4184 4198 8382
4052 4194 8246
4035 4079 8114
4006 4052 8058
4228 4273 8501
4118 4260 8378
4115 4222 8337
4065 4280 8345
4101 4137 8238
4155 4204 8359
4095 4156 8251
4139 4157 8296
4024 4055 8079
4149 4275 8424
4184 4271 8455
4155 4203 8358
4147 4176 8323
3968 4187 8155
4231 4242 8473
3998 4127 8125
4003 4067 8070
4012 4070 8082
4160 4189 8349
4000 4131 8131
4113 4224 8337
3981 4077 8058
4034 4070 8104
4102 4191 8293
4082 4171 8253
4141 4186 8327
4131 4162 8293
4198 4206 8404
3997 4219 8216
3971 4110 8081
4193 4217 8410
4036 4116 8152
4156 4170 8326
4156 4196 8352
4105 4136 8241
4164 4259 8423
4123 4154 8277
4018 4102 8120
4071 4081 8152
4214 4228 8442
3969 4016 7985
4006 4095 8101
4139 4267 8406
4154 4226 8380
4210 4229 8439
3930 4238 8168
4050 4118 8168
4012 4152 8164
3934 4152 8086
4067 4200 8267
4138 4147 8285
4109 4152 8261
3911 4075 7986
4085 4176 8261
4088 4248 8336
4114 4176 8290
4142 4190 8332
4192 4233 8425
4161 4236 8397
4103 4119 8222
4161 4187 8348
4031 4220 8251
3968 4112 8080
4162 4171 8333
4092 4249 8341
4085 4232 8317
4061 4156 8217
4129 4131 8260
4085 4250 8335
4029 4093 8122
4070 4150 8220
4125 4154 8279
4193 4196 8389
4161 4194 8355
4122 4225 8347
4230 4246 8476
4203 4254 8457
4113 4193 8306
3984 4022 8006
4068 4206 8274
4099 4123 8222
4116 4223 8339
3952 4141 8093
4053 4110 8163
3998 4137 8135
4120 4169 8289
4145 4176 8321
4216 4249 8465
4203 4262 8465
3943 4009 7952
4121 4204 8325
4190 4266 8456
4299 4300 8599
4101 4125 8226
4044 4087 8131
4055 4227 8282
4167 4171 8338
4018 4238 8256
4010 4166 8176
4133 4183 8316
4156 4200 8356
4127 4156 8283
4076 4189 8265
4097 4127 8224
4012 4029 8041
4040 4148 8188
4063 4259 8322
3975 4191 8166
4181 4244 8425
4203 4223 8426
4120 4236 8356
4074 4196 8270
4114 4202 8316
4037 4142 8179
4054 4171 8225
4087 4239 8326
4168 4274 8442
4122 4132 8254
4229 4243 8472
4093 4212 8305
3947 4092 8039
3970 4259 8229
4136 4157 8293
4164 4165 8329
4079 4140 8219
4028 4045 8073
4046 4075 8121
4135 4158 8293
4100 4186 8286
4100 4223 8323
4190 4275 8465
4192 4252 8444
4105 4249 8354
4089 4218 8307
4159 4192 8351
4198 4249 8447
3986 4139 8125
4087 4231 8318
3996 4116 8112
4224 4284 8508
4046 4172 8218
4020 4224 8244
3983 4206 8189
4142 4186 8328
3965 4147 8112
4170 4200 8370
4085 4276 8361
4026 4216 8242
3934 3999 7933
4083 4148 8231
4099 4105 8204
4095 4187 8282
4171 4213 8384
4161 4165 8326
4127 4178 8305
4156 4189 8345
4122 4153 8275
4169 4214 8383
3991 4003 7994
4065 4089 8154
4049 4163 8212
4158 4268 8426
4108 4173 8281
4109 4243 8352
4161 4246 8407
4166 4201 8367
4103 4128 8231
4162 4166 8328
4189 4268 8457
4075 4135 8210
4080 4170 8250
3946 4238 8184
4172 4277 8449
4244 4246 8490
4209 4233 8442
4080 4086 8166
4092 4131 8223
4191 4218 8409
4065 4169 8234
4087 4112 8199
4047 4178 8225
4124 4229 8353
4157 4176 8333
4186 4275 8461
3985 4087 8072
4162 4201 8363
4019 4099 8118
4050 4057 8107
4116 4226 8342
3956 4154 8110
4159 4273 8432
4109 4114 8223
4171 4211 8382
4178 4196 8374
4056 4138 8194
4115 4155 8270
3939 3970 7909
4132 4174 8306
3992 4037 8029
4027 4126 8153
4044 4075 8119
4165 4173 8338
4133 4273 8406
4100 4163 8263
4083 4155 8238
3995 4033 8028
4112 4137 8249
4254 4280 8534
4028 4226 8254
4142 4234 8376
4161 4178 8339
4162 4245 8407
4029 4130 8159
4283 4291 8574
4176 4280 8456
4112 4265 8377
4132 4233 8365
4234 4246 8480
4160 4296 8456
4156 4183 8339
4127 4143 8270
4064 4113 8177
4184 4243 8427
3955 4056 8011
4095 4236 8331
4146 4190 8336
4071 4149 8220
4022 4173 8195
3971 4121 8092
4107 4227 8334
3972 4246 8218
3993 4017 8010
4003 4227 8230
4143 4270 8413
4089 4197 8286
4149 4200 8349
4019 4133 8152
4001 4043 8044
4219 4272 8491
4125 4206 8331
4072 4117 8189
4107 4129 8236
3979 4065 8044
4151 4165 8316
4086 4173 8259
3972 4029 8001
4060 4149 8209
4019 4194 8213
4054 4171 8225
4060 4110 8170
4227 4231 8458
4089 4094 8183
4240 4242 8482
4042 4171 8213
4190 4235 8425
4050 4223 8273
3995 4037 8032
4037 4199 8236
4084 4162 8246
4206 4250 8456
4145 4170 8315
4048 4233 8281
3967 4123 8090
4054 4174 8228
4081 4281 8362
4067 4076 8143
4114 4186 8300
4063 4158 8221
4119 4153 8272
3972 4070 8042
4066 4245 8311
4155 4194 8349
4056 4223 8279
4032 4176 8208
4051 4178 8229
4081 4137 8218
4194 4220 8414
4140 4172 8312
4001 4184 8185
3996 4183 8179
4159 4212 8371
4196 4235 8431
4138 4187 8325
4004 4159 8163
4080 4265 8345
4216 4224 8440
4213 4214 8427
4052 4111 8163
4099 4101 8200
4235 4275 8510
4038 4077 8115
4116 4240 8356
4084 4188 8272
4211 4230 8441
4131 4223 8354
4114 4176 8290
4153 4255 8408
4196 4243 8439
4177 4272 8449
4042 4135 8177
4068 4162 8230
3957 4145 8102
3941 4200 8141
4140 4237 8377
4078 4116 8194
4052 4272 8324
4028 4069 8097
4076 4129 8205
4077 4131 8208
4113 4187 8300
4075 4282 8357
4092 4279 8371
3978 4114 8092
4020 4125 8145
3994 4031 8025
4239 4259 8498
4210 4219 8429
4039 4218 8257
4209 4256 8465
4104 4231 8335
4207 4239 8446
4159 4172 8331
4090 4256 8346
4151 4194 8345
3951 4040 7991
4067 4111 8178
4159 4164 8323
4286 4291 8577
4110 4145 8255
4122 4222 8344
4081 4094 8175
4167 4175 8342
4205 4213 8418
4134 4194 8328
3928 4068 7996
4111 4145 8256
4033 4076 8109
4125 4154 8279
4137 4164 8301
4048 4119 8167
4157 4192 8349
4061 4241 8302
4133 4256 8389
3904 4112 8016
4196 4240 8436
4137 4142 8279
3951 4181 8132
4008 4106 8114
4066 4106 8172
4066 4242 8308
4121 4140 8261
3990 4114 8104
4191 4230 8421
3956 3963 7919
4059 4145 8204
4018 4195 8213
4128 4240 8368
4212 4235 8447
3915 4085 8000
4055 4060 8115
3986 4225 8211
4134 4171 8305
4193 4216 8409
4076 4236 8312
4061 4219 8280
4136 4172 8308
4168 4174 8342
4014 4083 8097
4129 4162 8291
4111 4224 8335
4126 4205 8331
4223 4267 8490
4149 4181 8330
4061 4074 8135
4094 4144 8238
4047 4120 8167
4117 4137 8254
3942 4155 8097
4052 4075 8127
4205 4261 8466
4173 4200 8373
4150 4170 8320
4079 4089 8168
4009 4255 8264
4064 4096 8160
4253 4279 8532
4218 4249 8467
4045 4190 8235
4027 4181 8208
4081 4125 8206
4083 4223 8306
4091 4177 8268
4032 4174 8206
4144 4237 8381
3963 4062 8025
4115 4165 8280
3962 4048 8010
4172 4242 8414
4058 4217 8275
4112 4115 8227
4190 4211 8401
4119 4154 8273
4013 4167 8180
3994 4155 8149
4137 4221 8358
4101 4117 8218
4281 4293 8574
4143 4169 8312
3999 4178 8177
4153 4177 8330
4012 4163 8175
4201 4214 8415
4069 4215 8284
4154 4185 8339
3982 4099 8081
4140 4176 8316
4137 4191 8328
4007 4262 8269
4056 4133 8189
3954 3975 7929
4053 4196 8249
4019 4181 8200
4252 4257 8509
4149 4265 8414
4091 4125 8216
4031 4274 8305
4251 4275 8526
4290 4294 8584
4178 4242 8420
4142 4161 8303
4034 4098 8132
4029 4216 8245
4112 4205 8317
4037 4198 8235
4112 4229 8341
3988 4182 8170
4073 4279 8352
4192 4208 8400
4115 4245 8360
3983 4105 8088
4157 4218 8375
3991 4207 8198
3913 4199 8112
4196 4282 8478
4193 4219 8412
4037 4091 8128
4187 4259 8446
3956 4210 8166
4178 4226 8404
4121 4134 8255
4064 4123 8187
4190 4237 8427
4201 4237 8438
3976 4247 8223
4136 4201 8337
4156 4199 8355
4246 4272 8518
4251 4289 8540
3944 4159 8103
4055 4230 8285
3998 4259 8257
4131 4227 8358
3932 4179 8111
4052 4209 8261
4177 4178 8355
4152 4211 8363
4280 4281 8561
4209 4248 8457
4176 4215 8391
3984 4166 8150
4214 4238 8452
4039 4155 8194
4025 4117 8142
4133 4188 8321
4058 4143 8201
3922 4224 8146
4163 4168 8331
4293 4299 8592
3965 4093 8058
4009 4153 8162
4068 4202 8270
4068 4150 8218
4032 4034 8066
4117 4179 8296
4127 4129 8256
4219 4234 8453
4252 4263 8515
3930 4130 8060
4100 4233 8333
4202 4236 8438
4154 4293 8447
4230 4284 8514
4117 4166 8283
4259 4264 8523
4100 4144 8244
4006 4126 8132
4174 4175 8349
4169 4241 8410
4102 4104 8206
4183 4240 8423
4213 4248 8461
3992 4045 8037
3988 4082 8070
3976 4053 8029
4070 4078 8148
4072 4079 8151
4092 4207 8299
4134 4267 8401
3916 4177 8093
4078 4104 8182
4101 4127 8228
4065 4124 8189
4225 4239 8464
4063 4234 8297
4099 4221 8320
4032 4156 8188
4078 4109 8187
3995 4232 8227
3934 4099 8033
4174 4207 8381
4203 4254 8457
4018 4187 8205
4073 4175 8248
4097 4147 8244
4158 4275 8433
4020 4169 8189
4114 4238 8352
4068 4151 8219
4057 4148 8205
4010 4234 8244
4120 4197 8317
4171 4279 8450
4111 4176 8287
4161 4208 8369
4032 4241 8273
4095 4169 8264
4144 4199 8343
4161 4253 8414
4072 4192 8264
4255 4259 8514
4128 4154 8282
4059 4086 8145
4062 4095 8157
4257 4263 8520
4156 4276 8432
4094 4116 8210
4190 4217 8407
4151 4201 8352
4067 4259 8326
4084 4163 8247
3934 4145 8079
4212 4236 8448
4019 4249 8268
4174 4184 8358
4002 4211 8213
4259 4291 8550
4110 4193 8303
4063 4071 8134
4079 4116 8195
4115 4134 8249
4101 4130 8231
4087 4170 8257
4136 4152 8288
4036 4141 8177
4130 4173 8303
4034 4127 8161
4225 4233 8458
4044 4061 8105
4117 4198 8315
4099 4160 8259
4086 4116 8202
4240 4259 8499
4086 4183 8269
4162 4228 8390
4213 4280 8493
4160 4176 8336
4257 4279 8536
4074 4275 8349
4101 4177 8278
4198 4271 8469
4257 4259 8516
4128 4209 8337
4205 4239 8444
4126 4207 8333
4151 4245 8396
4210 4235 8445
4005 4123 8128
3942 4080 8022
3959 4241 8200
4168 4232 8400
4138 4249 8387
4118 4130 8248
4183 4222 8405
3972 4073 8045
4216 4259 8475
4097 4222 8319
4205 4229 8434
4064 4120 8184
4019 4167 8186
4039 4228 8267
4107 4195 8302
3962 4101 8063
4098 4122 8220
4063 4189 8252
4168 4213 8381
4277 4279 8556
4160 4176 8336
4231 4235 8466
4054 4101 8155
4150 4173 8323
4167 4247 8414
4179 4280 8459
4118 4182 8300
3956 4134 8090
4164 4214 8378
4075 4185 8260
4098 4192 8290
4151 4206 8357
4222 4266 8488
4214 4251 8465
3994 4064 8058
4087 4197 8284
4066 4113 8179
4248 4251 8499
3983 4061 8044
4026 4138 8164
4155 4164 8319
4059 4281 8340
3978 4146 8124
4141 4144 8285
4086 4222 8308
4060 4077 8137
4103 4225 8328
4099 4118 8217
4214 4225 8439
4174 4183 8357
4167 4170 8337
4146 4165 8311
3956 4124 8080
4072 4090 8162
4212 4213 8425
4130 4166 8296
4024 4095 8119
4281 4285 8566
4034 4224 8258
4138 4188 8326
4263 4265 8528
4246 4262 8508
4297 4298 8595
4110 4161 8271
4096 4188 8284
4042 4224 8266
4078 4095 8173
3964 4086 8050
3995 4041 8036
4112 4114 8226
4071 4235 8306
4276 4295 8571
4031 4236 8267
4127 4236 8363
4082 4230 8312
4082 4175 8257
4074 4116 8190
4120 4134 8254
4010 4114 8124
4079 4200 8279
4013 4022 8035
4178 4226 8404
4025 4165 8190
3987 4215 8202
4126 4165 8291
4112 4268 8380
4090 4163 8253
4076 4124 8200
4165 4279 8444
4069 4187 8256
4008 4044 8052
4104 4127 8231
4201 4219 8420
4049 4176 8225
4234 4253 8487
4143 4203 8346
4159 4271 8430
4071 4072 8143
4160 4171 8331
4108 4146 8254
3984 4150 8134
4202 4231 8433
4210 4248 8458
4016 4178 8194
4097 4117 8214
4036 4079 8115
4107 4234 8341
4125 4185 8310
4207 4268 8475
4080 4137 8217
4142 4240 8382
4111 4113 8224
4146 4233 8379
3979 4015 7994
3918 4267 8185
4041 4165 8206
4160 4187 8347
3988 4174 8162
4107 4120 8227
4147 4152 8299
4122 4243 8365
3975 4006 7981
4057 4059 8116
4030 4113 8143
4149 4256 8405
4193 4255 8448
4198 4297 8495
4118 4119 8237
4023 4188 8211
3977 4222 8199
4037 4156 8193
4209 4246 8455
4043 4221 8264
4046 4206 8252
4207 4208 8415
4117 4177 8294
4004 4274 8278
3985 4208 8193
3995 4072 8067
4064 4152 8216
4157 4276 8433
4022 4256 8278
4010 4138 8148
4055 4186 8241
4026 4138 8164
4207 4211 8418
4053 4184 8237
4024 4228 8252
4177 4178 8355
3985 4108 8093
4179 4191 8370
3960 4180 8140
4065 4174 8239
3989 4203 8192
4070 4209 8279
4167 4209 8376
4203 4207 8410
3980 4105 8085
4137 4233 8370
4224 4273 8497
4102 4168 8270
4143 4189 8332
4042 4196 8238
3976 4106 8082
3957 4263 8220
4004 4070 8074
4261 4263 8524
4095 4250 8345
4227 4237 8464
4037 4175 8212
4105 4170 8275
4160 4208 8368
4022 4227 8249
4105 4229 8334
4076 4148 8224
4014 4098 8112
4087 4116 8203
4117 4162 8279
4204 4217 8421
4026 4174 8200
4185 4193 8378
4045 4150 8195
4094 4241 8335
4021 4168 8189
4190 4244 8434
4130 4224 8354
4047 4197 8244
4073 4092 8165
4185 4234 8419
3989 4021 8010
4044 4211 8255
4143 4173 8316
4004 4034 8038
4127 4155 8282
4087 4091 8178
4078 4130 8208
4016 4197 8213
4174 4183 8357
4059 4134 8193
4085 4194 8279
4200 4249 8449
3990 4026 8016
4065 4199 8264
4193 4293 8486
4064 4167 8231
3933 4232 8165
4115 4189 8304
3958 4203 8161
4059 4113 8172
4036 4171 8207
4160 4235 8395
4128 4138 8266
4037 4183 8220
4090 4106 8196
4172 4228 8400
4119 4179 8298
4141 4194 8335
4073 4285 8358

4092 4150 8230
4099 4101 8173
4126 4160 8285
4156 4165 8318
4172 4182 8348
4086 4096 8177
4107 4124 8195
4184 4189 8371
4068 4113 8143
4068 4115 8163
4001 4182 8161
4113 4124 8232
4072 4148 8202
4149 4196 8341
4035 4041 8049
4031 4132 8144
4031 4135 8163
4187 4191 8361
4078 4123 8197
4031 4200 8208
4027 4156 8172
4159 4197 8321
4181 4185 8327
4117 4145 8240
4181 4200 8369
4164 4192 8330
4069 4171 8214
4113 4173 8283
4153 4192 8342
4007 4114 8094
4062 4094 8147
4152 4172 8307
4193 4200 8377
4051 4170 8187
4054 4112 8155
4160 4194 8331
4084 4187 8234
4066 4126 8179
4190 4194 8356
4071 4187 8220
4164 4179 8335
4062 4177 8201
4112 4113 8196
4056 4112 8137
4130 4192 8287
4193 4195 8361
4072 4183 8228
4103 4124 8220
4084 4138 8201
4016 4153 8158
4076 4167 8221
4008 4159 8166
4131 4165 8278
4166 4173 8338
4087 4158 8240
4126 4130 8224
4136 4153 8288
4017 4121 8126
4038 4200 8232
4003 4155 8155
4044 4129 8142
4056 4105 8150
4038 4066 8094
4194 4198 8363
4076 4086 8145
4093 4110 8169
4017 4037 8018
4091 4197 8281
4169 4192 8333
4040 4063 8087
4089 4157 8244
4061 4199 8228
4033 4061 8086
4103 4162 8230
4171 4173 8332
4188 4200 8362
4048 4057 8104
4082 4195 8241
4066 4094 8147
4080 4129 8201
4158 4180 8303
4005 4044 8027
4044 4155 8191
4022 4113 8117
4053 4055 8070
4131 4184 8289
4182 4194 8365
4092 4115 8186
4025 4197 8211
4006 4125 8105
4133 4197 8298
4032 4129 8143
4137 4162 8298
4062 4103 8143
4051 4115 8139
4063 4122 8150
4195 4196 8369
4060 4169 8228
4082 4184 8240
4108 4193 8281
4193 4196 8387
4062 4120 8180
4039 4115 8136
4127 4159 8261
4087 4093 8151
4118 4187 8304
4084 4199 8266
4191 4193 8361
4066 4150 8181
4045 4088 8123
4166 4169 8322
4059 4083 8122
4047 4134 8170
4111 4134 8235
4140 4200 8339
4079 4166 8210
4104 4134 8212
4079 4093 8160
4120 4128 8216
4100 4167 8235
4026 4089 8101
4197 4199 8362
4129 4166 8294
4149 4175 8316
4046 4176 8208
4039 4135 8157
4144 4146 8258
4055 4113 8132
4171 4180 8348
4091 4100 8189
4032 4104 8120
4144 4185 8290
4106 4194 8292
4034 4161 8172
4007 4131 8102
4131 4151 8271
4002 4007 7983
4003 4009 7982
4113 4175 8280
4146 4178 8286
4113 4191 8287
4027 4170 8172
4120 4184 8299
4109 4163 8239
4005 4133 8134
4130 4174 8301
4072 4100 8150
4038 4120 8149
4011 4030 8020
4061 4186 8230
4157 4193 8347
4061 4156 8204
4161 4195 8323
4106 4181 8267
4105 4176 8269
4035 4158 8183
4101 4161 8257
4046 4182 8217
4011 4102 8099
4139 4176 8278
4103 4183 8264
4181 4185 8362
4007 4084 8063
4110 4145 8229
4095 4171 8232
4032 4126 8123
4083 4093 8173
4169 4183 8321
4130 4132 8252
4168 4190 8324
4108 4172 8244
4168 4192 8347
4172 4195 8336
4183 4194 8357
4041 4048 8054
4028 4184 8182
4026 4077 8065
4133 4142 8255
4009 4111 8102
4069 4170 8206
4049 4082 8124
4075 4078 8115
4098 4138 8230
4164 4170 8298
4192 4199 8355
4012 4046 8036
4173 4185 8322
4134 4178 8303
4199 4200 8398
4070 4115 8183
4030 4064 8071
4126 4155 8244
4118 4131 8243
4109 4150 8251
4073 4111 8161
4086 4144 8216
4115 4196 8285
4058 4105 8131
4028 4154 8160
4013 4086 8091
4044 4045 8058
4062 4114 8161
4119 4165 8251
4047 4143 8166
4151 4191 8333
4139 4141 8251
4039 4196 8213
4174 4186 8347
4070 4135 8194
4103 4107 8205
4116 4137 8252
4151 4184 8322
4171 4176 8345
4160 4161 8313
4182 4200 8368
4056 4156 8201
4006 4190 8182
4033 4172 8181
4149 4172 8320
4107 4182 8274
4065 4111 8148
4070 4120 8174
4086 4102 8170
4095 4179 8267
4081 4160 8223
4009 4145 8117
4190 4200 8373
4153 4161 8301
4078 4170 8228
4079 4119 8188
4188 4197 8380
4195 4200 8361
4066 4104 8161
4105 4141 8245
4094 4097 8185
4179 4192 8367
4047 4144 8164
4024 4165 8156
4073 4148 8192
4165 4189 8317
4023 4073 8088
4113 4157 8249
4170 4199 8350
4060 4185 8227
4009 4074 8060
4126 4135 8228
4003 4092 8083
4155 4167 8290
4158 4178 8310
4061 4098 8131
4159 4188 8324
4174 4192 8346
4037 4064 8100
4175 4184 8330
4048 4101 8140
4067 4123 8176
4123 4192 8303
4084 4170 8243
4117 4148 8227
4117 4156 8251
4161 4170 8310
4072 4189 8243
4020 4051 8052
4074 4112 8175
4180 4191 8370
4027 4051 8060
4054 4075 8119
4033 4154 8186
4182 4193 8373
4194 4195 8379
4194 4197 8389
4037 4147 8171
4051 4171 8196
4115 4151 8230
4060 4174 8199
4011 4013 8006
4108 4193 8275
4143 4160 8266
4155 4165 8287
4134 4176 8309
4042 4045 8064
4142 4187 8314
4088 4161 8220
4078 4109 8163
4075 4144 8218
4011 4061 8049
4109 4183 8272
4020 4119 8127
4146 4157 8279
4116 4184 8271
4116 4117 8207
4118 4170 8271
4027 4048 8064
4085 4138 8202
4018 4039 8047
4061 4092 8115
4110 4164 8253
4105 4182 8266
4197 4199 8383
4072 4117 8159
4059 4065 8104
4067 4088 8153
4072 4104 8139
4193 4195 8372
4068 4150 8196
4146 4194 8339
4151 4178 8320
4067 4187 8217
4013 4064 8051
4185 4196 8377
4180 4185 8353
4165 4170 8301
4143 4194 8307
4177 4182 8329
4115 4200 8277
4060 4141 8171
4063 4102 8143
4109 4173 8247
4135 4165 8277
4002 4118 8084
4095 4174 8244
4119 4145 8227
4113 4192 8302
4099 4100 8186
4067 4124 8176
4181 4200 8346
4050 4161 8192
4030 4072 8072
4090 4139 8192
4147 4191 8329
4146 4199 8332
4091 4147 8234
4073 4171 8207
4001 4081 8049
4161 4196 8319
4174 4190 8336
4043 4099 8140
4074 4091 8140
4014 4118 8129
4125 4183 8299
4112 4174 8278
4065 4071 8128
4094 4137 8228
4103 4179 8270
4013 4143 8144
4054 4096 8119
4128 4182 8273
4044 4116 8124
4148 4149 8271
4121 4156 8257
4125 4173 8289
4037 4126 8136
4018 4103 8114
4040 4130 8151
4003 4147 8133
4174 4195 8341
4082 4135 8196
4102 4160 8256
4014 4144 8144
4123 4157 8268
4095 4181 8257
4125 4127 8243
4166 4176 8310
4092 4116 8180
4175 4197 8358
4008 4108 8113
4115 4198 8308
4125 4191 8302
4012 4146 8123
4080 4197 8244
4115 4124 8217
4068 4163 8227
4198 4200 8389
4069 4152 8206
4020 4144 8138
4072 4123 8169
4096 4121 8207
4162 4198 8354
4079 4100 8158
4042 4185 8191
4051 4170 8218
4134 4139 8240
4179 4195 8373
4096 4128 8187
4001 4055 8024
4170 4190 8352
4075 4132 8186
4120 4161 8255
4053 4138 8176
4155 4160 8279
4048 4155 8176
4162 4174 8304
4180 4197 8348
4111 4160 8259
4110 4197 8275
4027 4121 8137
4001 4113 8104
4044 4158 8184
4010 4161 8169
4083 4141 8192
4004 4030 8005
4116 4194 8301
4069 4110 8160
4053 4133 8183
4005 4096 8094
4055 4186 8234
4167 4186 8347
4166 4199 8348
4078 4122 8172
4073 4155 8223
4043 4073 8090
4196 4198 8378
4177 4193 8339
4074 4121 8186
4135 4196 8295
4136 4158 8264
4163 4195 8351
4135 4180 8291
4172 4179 8347
4141 4171 8286
4043 4047 8057
4120 4122 8232
4124 4168 8291
4192 4196 8349
4014 4067 8046
4092 4169 8247
4168 4190 8319
4103 4114 8201
4158 4190 8312
4058 4135 8160
4018 4019 8001
4083 4136 8208
4046 4066 8099
4065 4101 8146
4171 4186 8318
4061 4190 8242
4061 4134 8166
4159 4176 8318
4054 4162 8178
4003 4169 8162
4159 4166 8302
4151 4164 8305
4017 4130 8139
4066 4072 8121
4148 4176 8296
4134 4189 8290
4022 4050 8063
4041 4085 8108
4144 4187 8301
4011 4038 8031
4090 4162 8237
4037 4145 8172
4115 4163 8273
4156 4169 8291
4004 4090 8081
4011 4143 8134
4062 4137 8193
4087 4118 8177
4150 4165 8307
4086 4177 8228
4081 4143 8218
4150 4189 8330
4137 4187 8311
4000 4010 7993
4070 4093 8137
4150 4160 8292
4133 4173 8302
4187 4199 8373
4144 4183 8325
4148 4151 8291
4053 4189 8207
4116 4118 8212
4093 4176 8247
4019 4121 8139
4008 4077 8053
4160 4176 8306
4112 4150 8231
4081 4168 8215
4000 4020 7985
4026 4189 8183
4047 4070 8091
4193 4196 8368
4165 4197 8337
4070 4176 8229
4060 4123 8147
4125 4141 8247
4120 4140 8223
4151 4189 8315
4088 4148 8199
4100 4157 8223
4024 4118 8119
4092 4149 8206
4039 4080 8089
4128 4180 8291
4143 4194 8313
4029 4031 8048
4154 4177 8303
4132 4179 8280
4012 4097 8087
4062 4162 8212
4106 4144 8223
4152 4185 8329
4194 4198 8369
4061 4075 8100
4063 4192 8248
4079 4140 8181
4079 4173 8249
4169 4180 8323
4131 4199 8298
4058 4110 8149
4062 4189 8229
4111 4124 8204
4037 4189 8217
4058 4175 8231
4025 4055 8052
4006 4017 8009
4045 4130 8149
4091 4154 8217
4166 4172 8316
4191 4195 8363
4008 4039 8031
4071 4189 8236
4176 4179 8349
4196 4197 8360
4087 4186 8239
4079 4092 8135
4001 4107 8099
4067 4162 8195
4109 4138 8212
4029 4161 8174
4125 4144 8265
4034 4156 8186
4129 4189 8285
4158 4164 8299
4050 4145 8163
4082 4142 8193
4152 4167 8309
4070 4160 8193
4005 4100 8087
4162 4182 8316
4113 4181 8268
4023 4038 8028
4185 4190 8372
4040 4157 8165
4102 4154 8217
4049 4053 8082
4082 4152 8227
4107 4185 8280
4178 4185 8326
4000 4198 8172
4113 4114 8213
4127 4140 8234
4162 4178 8337
4165 4189 8321
4036 4060 8071
4018 4200 8202
4044 4159 8178
4112 4188 8286
4024 4180 8174
4147 4159 8288
4096 4131 8217
4123 4143 8243
4180 4192 8339
4143 4148 8284
4079 4144 8211
4040 4198 8226
4165 4172 8312
4060 4070 8120
4020 4136 8136
4033 4100 8096
4033 4164 8164
4002 4182 8183
4175 4200 8350
4196 4200 8368
4030 4147 8166
4058 4070 8108
4027 4147 8152
4074 4189 8230
4038 4066 8081
4020 4187 8190
4050 4076 8117
4142 4149 8264
4177 4184 8359
4015 4170 8153
4062 4159 8190
4140 4176 8313
4142 4197 8323
4184 4193 8342
4197 4198 8380
4166 4176 8332
4118 4127 8239
4039 4160 8195
4183 4200 8345
4071 4155 8224
4179 4193 8336
4194 4200 8379
4187 4194 8370
4001 4137 8100
4064 4101 8152
4028 4134 8150
4104 4148 8235
4026 4060 8061
4075 4114 8161
4193 4199 8375
4008 4167 8161
4108 4110 8201
4054 4170 8200
4052 4165 8195
4153 4162 8299
4095 4187 8257
4011 4154 8128
4123 4150 8261
4178 4184 8357
4077 4162 8219
4029 4195 8210
4092 4161 8243
4168 4176 8318
4041 4149 8180
4099 4112 8197
4182 4186 8333
4168 4176 8333
4082 4153 8198
4076 4165 8235
4123 4164 8281
4124 4178 8298
4081 4176 8223
4100 4104 8183
4182 4196 8348
4075 4137 8204
4147 4148 8267
4093 4164 8230
4016 4077 8074
4168 4185 8347
4144 4164 8278
4062 4182 8208
4196 4198 8387
4079 4080 8140
4066 4184 8239
4013 4086 8098
4177 4188 8363
4193 4197 8385
4108 4134 8241
4104 4158 8251
4095 4114 8182
4110 4191 8272
4152 4171 8314
4026 4173 8172
4118 4164 8249
4010 4154 8148
4151 4169 8305
4045 4174 8200
4196 4199 8378
4139 4192 8328
4035 4088 8110
4018 4025 8012
4064 4094 8155
4089 4110 8191
4013 4138 8132
4175 4193 8338
4117 4120 8204
4125 4140 8242
4101 4149 8236
4158 4159 8292
4018 4112 8122
4067 4173 8209
4064 4070 8102
4181 4184 8357
4181 4189 8333
4142 4155 8280
4188 4200 8387
4189 4195 8377
4144 4190 8305
4163 4179 8341
4129 4199 8289
4115 4183 8266
4122 4176 8295
4160 4173 8310
4174 4194 8342
4197 4199 8389
4061 4194 8254
4171 4175 8310
4150 4162 8283
4039 4119 8148
4021 4121 8132
4009 4172 8150
4164 4188 8333
4172 4197 8334
4052 4065 8092
4170 4196 8350
4053 4149 8193
4132 4184 8286
4138 4179 8312
4119 4129 8239
4025 4065 8080
4058 4101 8135
4122 4174 8292
4091 4188 8278
4037 4148 8157
4028 4040 8030
4051 4111 8158
4100 4198 8281
4183 4199 8377
4107 4144 8237
4143 4157 8298
4127 4169 8294
4172 4186 8341
4080 4175 8251
4091 4197 8257
4192 4199 8388
4003 4051 8049
4069 4161 8197
4014 4107 8111
4029 4140 8143
4100 4171 8264
4162 4184 8308
4135 4198 8313
4003 4006 7996
4022 4197 8217
4002 4055 8041
4159 4197 8340
4002 4017 8004
4033 4053 8061
4162 4166 8291
4158 4184 8318
4014 4066 8042
4113 4171 8260
4077 4141 8199
4024 4111 8097
4194 4197 8366
4106 4116 8206
4170 4194 8350
4084 4186 8260
4124 4200 8318
4051 4138 8172
4034 4096 8123
4022 4133 8129
4152 4165 8315
4067 4080 8146
4011 4046 8031
4185 4190 8349
4119 4185 8291
4119 4170 8266
4181 4191 8352
4165 4197 8354
4198 4200 8366
4019 4090 8078
4146 4169 8280
4081 4172 8238
4066 4084 8140
4054 4059 8112
4074 4102 8157
4126 4154 8269
4167 4171 8319
4193 4196 8388
4033 4147 8173
4099 4184 8255
4135 4160 8261
4075 4098 8160
4097 4179 8269
4126 4184 8285
4022 4039 8033
4158 4183 8339
4041 4057 8081
4147 4148 8262
4009 4070 8048
4065 4154 8193
4123 4139 8261
4145 4182 8323
4075 4132 8181
4062 4155 8201
4179 4195 8357
4001 4105 8104
4108 4135 8231
4030 4148 8147
4156 4157 8277
4121 4146 8245
4139 4159 8297
4178 4185 8360
4145 4184 8328
4002 4167 8141
4108 4127 8212
4009 4101 8090
4006 4059 8044
4189 4192 8351
4152 4155 8306
4035 4084 8115
4099 4108 8184
4002 4024 8007
4193 4194 8376
4060 4187 8226
4189 4190 8350
4068 4128 8174
4131 4147 8258
4023 4056 8048
4186 4193 8344
4027 4078 8068
4010 4184 8180
4062 4102 8146
4101 4146 8215
4065 4094 8141
4112 4144 8234
4127 4184 8280
4109 4162 8236
4017 4090 8072
4023 4033 8044
4126 4169 8282
4146 4192 8305
4111 4184 8269
4199 4200 8379
4027 4107 8103
4063 4117 8170
4075 4192 8241
4093 4111 8168
4117 4165 8246
4134 4187 8319
4100 4140 8234
4109 4117 8209
4106 4198 8269
4104 4174 8257
4044 4199 8206
4023 4067 8085
4080 4146 8201
4182 4183 8346
4088 4178 8260
4002 4181 8173
4032 4104 8125
4007 4100 8101
4164 4179 8325
4034 4106 8131
4097 4171 8257
4151 4184 8319
4048 4164 8183
4142 4165 8297
4013 4129 8124
4071 4082 8142
4088 4175 8257
4134 4168 8295
4127 4173 8268
4113 4157 8262
4061 4085 8137
4055 4160 8207
4167 4198 8358
4143 4173 8309
4054 4199 8226
4095 4120 8194
4024 4071 8077
4053 4183 8208
4078 4128 8199
4198 4199 8365
4108 4163 8264
4159 4168 8316
4029 4083 8107
4133 4138 8251
4082 4192 8272
4019 4132 8143
4145 4196 8334
4162 4177 8331
4006 4020 8002
4055 4170 8189
4055 4094 8140
4174 4186 8340
4065 4089 8117
4129 4165 8281
4007 4107 8099
4107 4165 8265
4037 4070 8106
4132 4158 8256
4126 4179 8266
4087 4123 8195
4097 4178 8264
4100 4178 8253
4024 4043 8030
4002 4115 8080
4108 4123 8224
4008 4116 8102
4072 4074 8136
4095 4159 8248
4024 4143 8153
4057 4139 8159
4184 4187 8369
4154 4184 8302
4097 4177 8267
4178 4183 8335
4011 4071 8046
4115 4121 8223
4191 4199 8355
4146 4147 8283
4018 4155 8163
4044 4113 8144
4037 4124 8136
4108 4137 8228
4000 4081 8069
4169 4188 8323
4068 4197 8235
4124 4157 8255
4045 4054 8085
4121 4170 8258
4099 4175 8238
4128 4165 8290
4110 4196 8295

0.010000 0.670000
