900
5107265
4219 4275 8494
4116 4250 8366
4109 4132 8241
4057 4113 8170
4174 4233 8407
4096 4166 8262
4088 4267 8355
4089 4104 8193
3964 4220 8184
3987 4088 8075
4249 4259 8508
4025 4210 8235
4111 4139 8250
4204 4220 8424
4169 4225 8394
4157 4162 8319
4006 4078 8084
4026 4092 8118
4175 4223 8398
4178 4212 8390
4223 4273 8496
4129 4167 8296
4123 4197 8320
4216 4292 8508
4179 4203 8382
4109 4133 8242
4054 4119 8173
4228 4259 8487
4124 4179 8303
4046 4179 8225
4244 4282 8526
4130 4224 8354
4132 4133 8265
4069 4146 8215
3914 4186 8100
4264 4271 8535
4135 4148 8283
4054 4185 8239
4053 4256 8309
4081 4173 8254
4134 4222 8356
4080 4091 8171
4193 4226 8419
4110 4154 8264
4064 4110 8174
4186 4210 8396
4117 4238 8355
3952 3992 7944
4236 4276 8512
4259 4293 8552
4046 4095 8141
4042 4150 8192
4158 4175 8333
4076 4122 8198
4011 4101 8112
4119 4204 8323
3994 4072 8066
3996 4195 8191
4037 4153 8190
4031 4048 8079
4152 4202 8354
4122 4162 8284
4249 4271 8520
4188 4269 8457
4160 4258 8418
4102 4166 8268
4044 4266 8310
4197 4271 8468
4120 4171 8291
4116 4207 8323
4189 4246 8435
4174 4184 8358
3963 4048 8011
4163 4187 8350
4185 4214 8399
4062 4173 8235
4041 4074 8115
3994 4094 8088
3958 4033 7991
4048 4181 8229
4113 4144 8257
4102 4158 8260
4133 4172 8305
4073 4093 8166
4126 4169 8295
4124 4245 8369
3995 4203 8198
4128 4237 8365
4012 4194 8206
4041 4222 8263
4148 4237 8385
4070 4074 8144
3994 4209 8203
4006 4140 8146
4261 4293 8554
4138 4165 8303
4146 4231 8377
4023 4055 8078
3963 4185 8148
4150 4168 8318
4007 4023 8030
3962 4142 8104
4216 4220 8436
4037 4171 8208
3973 4050 8023
3956 4095 8051
4137 4142 8279
4117 4166 8283
4126 4192 8318
4015 4163 8178
3958 4096 8054
4055 4168 8223
4240 4274 8514
4192 4253 8445
4271 4280 8551
4058 4114 8172
4165 4287 8452
4019 4173 8192
4223 4237 8460
4105 4232 8337
4127 4250 8377
3953 4183 8136
4068 4163 8231
4079 4239 8318
4109 4216 8325
4126 4160 8286
4002 4160 8162
4091 4105 8196
4216 4266 8482
4091 4103 8194
4101 4156 8257
4238 4249 8487
4056 4287 8343
4229 4231 8460
4138 4183 8321
4209 4236 8445
4098 4265 8363
4044 4105 8149
4240 4288 8528
4129 4171 8300
4062 4155 8217
4281 4285 8566
3997 4057 8054
4016 4082 8098
3928 4102 8030
4207 4232 8439
4035 4082 8117
4027 4170 8197
4206 4238 8444
4049 4149 8198
4069 4157 8226
4174 4214 8388
4193 4249 8442
4042 4152 8194
4223 4252 8475
4195 4214 8409
3983 4042 8025
4038 4192 8230
4104 4157 8261
4048 4050 8098
4117 4125 8242
4210 4253 8463
4262 4284 8546
4141 4262 8403
4153 4253 8406
4201 4227 8428
3978 4197 8175
4000 4241 8241
4084 4126 8210
4157 4165 8322
4237 4262 8499
4280 4287 8567
4043 4217 8260
4108 4154 8262
4054 4213 8267
4092 4136 8228
4106 4150 8256
3993 4158 8151
4053 4085 8138
4083 4093 8176
4060 4081 8141
3996 4022 8018
4017 4097 8114
4007 4267 8274
4171 4281 8452
4105 4116 8221
4244 4275 8519
4137 4199 8336
4075 4204 8279
4027 4191 8218
4231 4262 8493
4108 4149 8257
4082 4109 8191
3962 4119 8081
4238 4273 8511
4235 4276 8511
4005 4117 8122
4078 4227 8305
4030 4087 8117
4211 4234 8445
4093 4109 8202
4179 4196 8375
4069 4146 8215
4155 4240 8395
3916 4140 8056
3941 4196 8137
4174 4195 8369
4193 4274 8467
3981 4275 8256
4017 4109 8126
4038 4238 8276
4113 4135 8248
4029 4170 8199
4023 4069 8092
4120 4229 8349
4018 4211 8229
4230 4239 8469
3997 4096 8093
4131 4203 8334
4040 4101 8141
4050 4124 8174
3988 4226 8214
4078 4088 8166
4152 4166 8318
3962 4117 8079
4215 4219 8434
4108 4140 8248
4075 4149 8224
3984 4096 8080
3945 4137 8082
4151 4281 8432
4128 4140 8268
4229 4243 8472
4098 4129 8227
4081 4151 8232
4027 4138 8165
3971 4139 8110
4064 4194 8258
4107 4140 8247
4295 4300 8595
4032 4107 8139
3997 4171 8168
4163 4257 8420
3967 4143 8110
4120 4281 8401
4218 4244 8462
4095 4131 8226
4023 4113 8136
4233 4274 8507
4180 4222 8402
4083 4112 8195
4224 4225 8449
4011 4095 8106
4246 4260 8506
4053 4202 8255
4164 4283 8447
4034 4251 8285
3951 4068 8019
4138 4177 8315
4071 4127 8198
4254 4267 8521
4181 4283 8464
4228 4243 8471
4062 4193 8255
4026 4182 8208
4162 4231 8393
4054 4057 8111
4124 4149 8273
4166 4194 8360
4073 4259 8332
4211 4245 8456
4018 4228 8246
4057 4095 8152
3919 4063 7982
4028 4167 8195
3979 4093 8072
4178 4179 8357
4069 4141 8210
4038 4195 8233
4036 4188 8224
4074 4176 8250
4072 4160 8232
4191 4267 8458
3991 4133 8124
3977 4066 8043
4148 4224 8372
4197 4205 8402
4148 4225 8373
4150 4239 8389
4196 4205 8401
4060 4065 8125
4071 4190 8261
4101 4178 8279
3997 4104 8101
4238 4265 8503
4068 4150 8218
4161 4167 8328
4250 4267 8517
4031 4054 8085
4109 4208 8317
4134 4175 8309
3964 4233 8197
4119 4125 8244
4151 4211 8362
4089 4097 8186
4086 4155 8241
4094 4216 8310
3976 4141 8117
4091 4183 8274
4177 4189 8366
4032 4116 8148
4070 4107 8177
4275 4283 8558
4091 4170 8261
4143 4173 8316
4143 4151 8294
4067 4118 8185
4196 4232 8428
4200 4262 8462
4135 4197 8332
4025 4191 8216
4105 4114 8219
4251 4293 8544
4157 4215 8372
3967 4180 8147
4123 4253 8376
4106 4175 8281
3967 4051 8018
3974 4183 8157
4007 4203 8210
4059 4250 8309
4094 4101 8195
4158 4243 8401
4156 4280 8436
4117 4130 8247
4106 4268 8374
4085 4157 8242
4211 4271 8482
4193 4223 8416
4008 4257 8265
4166 4265 8431
4201 4249 8450
4189 4214 8403
4068 4169 8237
4196 4210 8406
4059 4195 8254
4003 4178 8181
4000 4171 8171
4191 4272 8463
3990 4040 8030
4196 4206 8402
4135 4186 8321
4173 4181 8354
4114 4122 8236
4030 4186 8216
3977 4024 8001
4203 4216 8419
4079 4189 8268
4045 4200 8245
4167 4214 8381
4203 4234 8437
4095 4209 8304
4082 4194 8276
4204 4225 8429
4129 4143 8272
4058 4109 8167
4275 4288 8563
4036 4105 8141
4043 4225 8268
4162 4184 8346
4189 4294 8483
4048 4095 8143
4147 4237 8384
4281 4296 8577
4050 4188 8238
4213 4262 8475
4139 4252 8391
4150 4170 8320
4119 4243 8362
3980 4085 8065
4193 4277 8470
3973 4156 8129
4141 4206 8347
4120 4219 8339
3971 4106 8077
4227 4229 8456
4052 4143 8195
4185 4250 8435
4131 4197 8328
4078 4237 8315
4006 4087 8093
4071 4251 8322
4106 4218 8324
4123 4207 8330
3949 4110 8059
4194 4229 8423
4168 4190 8358
4127 4165 8292
4155 4273 8428
4152 4236 8388
4034 4066 8100
4023 4137 8160
4202 4242 8444
3966 4175 8141
4176 4260 8436
4078 4227 8305
3981 4072 8053
3997 4232 8229
4036 4146 8182
3962 4242 8204
3959 4193 8152
4191 4232 8423
3999 4052 8051
4012 4146 8158
4114 4151 8265
4087 4088 8175
4124 4149 8273
4074 4170 8244
3981 4124 8105
4190 4276 8466
4177 4203 8380
4068 4088 8156
4027 4210 8237
4039 4112 8151
3987 4020 8007
4199 4231 8430
4046 4086 8132
4252 4297 8549
4110 4234 8344
4214 4253 8467
4138 4218 8356
4198 4268 8466
4052 4184 8236
4161 4220 8381
4146 4211 8357
4095 4186 8281
4071 4172 8243
4071 4080 8151
4208 4215 8423
4102 4128 8230
4116 4126 8242
4088 4186 8274
4134 4183 8317
4150 4182 8332
4058 4157 8215
4078 4165 8243
4127 4151 8278
4151 4160 8311
4220 4261 8481
3997 4027 8024
4075 4137 8212
3934 4164 8098
4177 4227 8404
4286 4294 8580
4024 4093 8117
4069 4166 8235
4177 4274 8451
4145 4209 8354
4027 4159 8186
4031 4118 8149
4087 4159 8246
4099 4102 8201
4241 4251 8492
4061 4120 8181
3951 4178 8129
3938 4175 8113
4206 4261 8467
3983 4201 8184
4024 4050 8074
4024 4112 8136
4107 4139 8246
4077 4214 8291
4061 4123 8184
4131 4238 8369
3956 4175 8131
4084 4212 8296
4044 4143 8187
4019 4073 8092
3965 4232 8197
4096 4259 8355
3919 4077 7996
3992 4200 8192
3996 4172 8168
3956 4181 8137
4060 4090 8150
4142 4171 8313
4093 4145 8238
4025 4124 8149
4254 4260 8514
4175 4200 8375
4046 4127 8173
3953 4147 8100
3911 4267 8178
4213 4222 8435
4172 4192 8364
4000 4162 8162
4164 4266 8430
4269 4282 8551
3987 4196 8183
4073 4209 8282
4021 4180 8201
4119 4162 8281
3980 4064 8044
4107 4249 8356
4165 4185 8350
4136 4161 8297
3967 4214 8181
4138 4161 8299
4274 4298 8572
4052 4210 8262
4098 4231 8329
4077 4186 8263
4187 4242 8429
4219 4271 8490
4174 4282 8456
3955 4001 7956
3979 4131 8110
4158 4233 8391
4045 4112 8157
4177 4183 8360
4155 4220 8375
4024 4204 8228
4104 4197 8301
4022 4186 8208
4027 4173 8200
4091 4102 8193
4134 4294 8428
4098 4183 8281
4242 4266 8508
4234 4281 8515
4200 4260 8460
4035 4204 8239
4045 4056 8101
4104 4117 8221
3992 4110 8102
4028 4199 8227
4103 4220 8323
4199 4256 8455
4207 4240 8447
4169 4226 8395
4029 4163 8192
4103 4242 8345
3974 4182 8156
4201 4215 8416
4109 4114 8223
4056 4140 8196
4183 4247 8430
4167 4205 8372
4107 4165 8272
4101 4192 8293
4107 4253 8360
4086 4185 8271
4095 4169 8264
4206 4240 8446
4048 4192 8240
4282 4287 8569
4150 4180 8330
4010 4032 8042
4034 4193 8227
4169 4268 8437
4014 4015 8029
3977 4096 8073
4228 4274 8502
4074 4172 8246
3977 4122 8099
3995 4207 8202
4108 4284 8392
4129 4157 8286
4132 4258 8390
4114 4268 8382
4146 4185 8331
4070 4112 8182
4116 4201 8317
3951 4012 7963
3991 4089 8080
4069 4195 8264
4106 4203 8309
4178 4180 8358
4107 4182 8289
4152 4259 8411
4002 4084 8086
4122 4138 8260
4047 4112 8159
4189 4279 8468
4121 4260 8381
4102 4116 8218
4068 4081 8149
4122 4237 8359
4014 4144 8158
4121 4148 8269
4241 4252 8493
4023 4140 8163
3999 4085 8084
4073 4231 8304
4169 4226 8395
4106 4196 8302
4207 4284 8491
4057 4085 8142
4002 4155 8157
4236 4289 8525
4132 4146 8278
4047 4243 8290
4158 4242 8400
4054 4124 8178
4037 4161 8198
3950 4121 8071
4072 4220 8292
3907 4113 8020
4195 4242 8437
4173 4261 8434
3993 4111 8104
4078 4196 8274
4186 4224 8410
4128 4257 8385
3983 4025 8008
4051 4061 8112
4261 4275 8536
4121 4286 8407
4075 4127 8202
4005 4062 8067
4209 4255 8464
4063 4177 8240
4198 4230 8428
4087 4114 8201
4091 4171 8262
4205 4237 8442
4214 4216 8430
4056 4210 8266
4086 4146 8232
4168 4256 8424
4126 4175 8301
4149 4180 8329
4209 4232 8441
4030 4217 8247
4115 4277 8392
4215 4280 8495
4101 4126 8227
4092 4169 8261
4109 4226 8335
3961 4229 8190
4134 4169 8303
4100 4126 8226
4121 4177 8298
4008 4204 8212
4127 4237 8364
4080 4153 8233
4044 4150 8194
4135 4151 8286
4247 4257 8504
4079 4167 8246
4058 4105 8163
3945 4163 8108
3966 4199 8165
4103 4203 8306
3987 4196 8183
3995 4172 8167
4078 4081 8159
4203 4232 8435
4126 4148 8274
4134 4189 8323
3906 3992 7898
4046 4139 8185
3979 4096 8075
4022 4279 8301
4096 4149 8245
4126 4168 8294
4102 4161 8263
4271 4291 8562
4084 4135 8219
4182 4246 8428
4151 4187 8338
4149 4177 8326
4012 4069 8081
4116 4154 8270
3994 4144 8138
4050 4285 8335
4149 4264 8413
4083 4277 8360
4164 4206 8370
4075 4196 8271
3932 3979 7911
4019 4229 8248
4141 4176 8317
4111 4177 8288
4163 4185 8348
4155 4164 8319
4121 4169 8290
3977 4143 8120
4240 4281 8521
3950 4025 7975
4165 4211 8376
4088 4238 8326
4255 4268 8523
4045 4179 8224
4116 4225 8341
4210 4253 8463
4051 4208 8259
4248 4291 8539
4042 4080 8122
3973 4098 8071
4243 4281 8524
4196 4232 8428
4004 4165 8169
3938 4256 8194
4146 4181 8327
4082 4127 8209
4144 4196 8340
4075 4205 8280
4179 4204 8383
4017 4137 8154
4020 4081 8101
4005 4113 8118
4233 4266 8499
4076 4165 8241
4142 4284 8426
3997 4117 8114
4031 4127 8158
3989 4067 8056
4047 4188 8235
3995 4115 8110
4102 4268 8370
3932 4080 8012
4124 4195 8319
4100 4115 8215
4017 4277 8294
3952 4240 8192
3995 4275 8270
3973 4118 8091
4033 4037 8070
4081 4106 8187
4080 4173 8253
4117 4295 8412
4192 4239 8431
3935 4026 7961
4086 4228 8314
4031 4127 8158
4074 4155 8229
4090 4129 8219
4101 4155 8256
4049 4064 8113
3985 4013 7998
4204 4224 8428
4046 4081 8127
4088 4149 8237
4006 4099 8105
4044 4131 8175
4210 4254 8464
4007 4143 8150
4111 4233 8344
3965 4179 8144
4102 4231 8333
4151 4170 8321
4070 4103 8173
4077 4253 8330
4013 4112 8125
4149 4190 8339
4247 4256 8503
4036 4067 8103
4122 4218 8340
4238 4241 8479
4054 4245 8299
4033 4275 8308
4147 4153 8300
4183 4191 8374
4105 4219 8324
3955 4167 8122
4112 4226 8338
4252 4291 8543
4069 4154 8223
4109 4186 8295
4250 4267 8517
4119 4263 8382
4026 4087 8113
4121 4132 8253
4078 4180 8258
4093 4210 8303
4097 4103 8200
4131 4159 8290
3999 4035 8034
3920 4087 8007
4158 4239 8397
4045 4195 8240
4124 4213 8337
4080 4117 8197
4124 4253 8377
4109 4176 8285
4185 4265 8450
4160 4262 8422
4098 4204 8302
4218 4276 8494
4245 4255 8500
3988 3996 7984
4112 4166 8278
4092 4112 8204
4072 4110 8182
4129 4141 8270
4012 4102 8114
4008 4092 8100
4004 4194 8198
4104 4176 8280
4030 4031 8061
4049 4088 8137
4211 4233 8444
4166 4222 8388
4054 4086 8140
4162 4220 8382
4152 4212 8364
3995 4040 8035
3984 4149 8133
4083 4153 8236
4180 4217 8397
4276 4277 8553
4062 4181 8243
4263 4284 8547
4185 4259 8444
4027 4079 8106
4139 4168 8307
4049 4231 8280
4182 4259 8441
3979 4110 8089
4175 4176 8351
4227 4262 8489
4145 4198 8343
4037 4274 8311
4073 4267 8340
4040 4132 8172
4110 4185 8295
4171 4187 8358
3949 4064 8013
4019 4270 8289
4200 4267 8467
4094 4106 8200
4036 4059 8095
3965 4213 8178
4027 4179 8206
4192 4196 8388
4163 4179 8342
4073 4247 8320
4106 4146 8252
4224 4236 8460
4170 4195 8365
4027 4212 8239
4078 4218 8296
4091 4103 8194
4078 4128 8206
4153 4246 8399
3983 4005 7988
4065 4160 8225
3992 4247 8239
4160 4203 8363
3998 4089 8087
4131 4219 8350
4160 4281 8441
4138 4209 8347
4048 4096 8144
3989 4271 8260
4217 4285 8502
4181 4265 8446
4184 4245 8429
4165 4181 8346
4090 4186 8276
4058 4200 8258
4003 4047 8050
3955 4096 8051
4112 4224 8336
4035 4119 8154
4015 4183 8198
4135 4226 8361
4106 4142 8248
4200 4294 8494
4120 4195 8315
4088 4109 8197
4067 4212 8279
4268 4276 8544
4191 4288 8479
4046 4099 8145
3927 4154 8081
4098 4227 8325
4118 4183 8301
3974 4091 8065
4239 4273 8512
4113 4137 8250
4122 4242 8364
4214 4269 8483
4108 4127 8235
4041 4159 8200
4000 4214 8214
4178 4202 8380
4055 4195 8250
4290 4292 8582
4235 4248 8483
4207 4225 8432
4022 4164 8186
4045 4163 8208
4040 4161 8201
4115 4192 8307
4028 4175 8203
4075 4228 8303
4039 4104 8143
4122 4285 8407

4169 4177 8308
4113 4156 8264
4017 4078 8085
4150 4154 8295
4096 4141 8233
4074 4132 8200
4152 4176 8290
4083 4085 8153
4004 4162 8138
4061 4100 8130
4196 4199 8371
4123 4147 8232
4077 4090 8143
4194 4197 8358
4093 4142 8199
4140 4141 8245
4003 4169 8139
4056 4099 8130
4123 4148 8258
4092 4142 8209
4190 4194 8368
4089 4109 8169
4071 4135 8172
4173 4195 8333
4161 4169 8315
4014 4158 8157
4034 4117 8139
4173 4183 8320
4119 4179 8293
4144 4200 8326
4154 4186 8335
4135 4153 8259
4066 4152 8214
4087 4088 8148
4002 4151 8152
4174 4184 8334
4071 4151 8209
4075 4183 8220
4064 4177 8224
4081 4095 8144
4126 4141 8246
4127 4167 8257
4150 4153 8288
4069 4108 8169
4054 4055 8096
4153 4176 8297
4103 4138 8202
4012 4035 8030
4157 4190 8346
4168 4195 8339
4062 4124 8177
4058 4154 8196
4179 4182 8334
4004 4181 8168
4028 4191 8208
4057 4158 8202
4021 4164 8165
4008 4144 8121
4134 4162 8288
4050 4098 8124
4067 4102 8137
4125 4180 8281
4173 4186 8353
4182 4184 8345
4157 4180 8313
4198 4199 8367
4097 4193 8266
4155 4196 8331
4020 4077 8096
4022 4175 8190
4197 4199 8375
4080 4096 8161
4027 4043 8050
4067 4173 8210
4151 4153 8282
4158 4162 8292
4050 4091 8128
4067 4114 8167
4056 4110 8139
4135 4196 8330
4065 4099 8132
4035 4151 8167
4167 4194 8323
4079 4085 8149
4029 4146 8166
4169 4185 8315
4007 4175 8151
4051 4156 8196
4107 4111 8201
4093 4183 8259
4124 4154 8252
4094 4153 8230
4051 4181 8228
4025 4083 8073
4197 4199 8362
4073 4137 8178
4158 4191 8321
4029 4065 8056
4011 4120 8108
4126 4190 8294
4016 4100 8085
4010 4085 8088
4184 4192 8343
4113 4126 8236
4051 4065 8107
4018 4185 8178
4064 4110 8149
4089 4099 8183
4128 4143 8234
4085 4133 8189
4030 4076 8084
4108 4197 8267
4143 4196 8322
4163 4191 8324
4173 4185 8351
4016 4036 8024
4173 4189 8327
4115 4129 8211
4147 4167 8295
4175 4183 8336
4043 4197 8231
4052 4189 8229
4067 4182 8218
4167 4198 8333
4135 4169 8296
4031 4161 8163
4004 4147 8121
4007 4041 8027
4130 4182 8303
4100 4197 8259
4199 4200 8397
4187 4196 8379
4064 4189 8231
4150 4183 8321
4121 4129 8211
4198 4200 8385
4135 4191 8312
4002 4155 8126
4189 4192 8365
4105 4115 8216
4020 4200 8211
4197 4199 8369
4048 4154 8182
4078 4135 8206
4020 4092 8100
4141 4158 8274
4075 4084 8155
4084 4183 8262
4130 4175 8274
4054 4157 8178
4088 4105 8168
4112 4131 8242
4179 4200 8376
4009 4183 8168
4159 4196 8321
4116 4158 8272
4036 4089 8100
4067 4193 8226
4092 4129 8195
4097 4101 8167
4018 4093 8103
4116 4166 8269
4197 4200 8392
4193 4196 8359
4151 4188 8321
4166 4196 8338
4057 4099 8128
4015 4153 8140
4080 4140 8219
4057 4079 8131
4161 4200 8327
4180 4195 8359
4100 4156 8254
4101 4113 8200
4046 4199 8224
4095 4103 8191
4119 4186 8289
4041 4166 8206
4025 4053 8062
4076 4135 8203
4050 4109 8126
4014 4078 8079
4015 4047 8029
4103 4191 8286
4180 4193 8359
4085 4089 8165
4191 4197 8361
4110 4117 8199
4016 4143 8124
4025 4166 8164
4136 4189 8323
4025 4092 8079
4130 4145 8250
4035 4177 8206
4171 4200 8367
4141 4190 8296
4021 4115 8099
4085 4160 8211
4065 4114 8142
4149 4184 8326
4099 4129 8190
4084 4102 8176
4020 4164 8168
4165 4185 8315
4003 4095 8077
4023 4188 8186
4095 4121 8183
4187 4189 8369
4010 4197 8204
4002 4054 8049
4073 4158 8196
4090 4150 8221
4088 4131 8186
4117 4122 8232
4145 4176 8308
4046 4133 8143
4133 4200 8300
4085 4123 8178
4032 4109 8126
4044 4169 8176
4029 4149 8147
4004 4144 8112
4004 4010 8008
4151 4152 8273
4049 4168 8203
4191 4195 8363
4036 4083 8083
4108 4178 8282
4032 4138 8143
4020 4062 8079
4111 4184 8262
4109 4121 8218
4136 4166 8277
4176 4180 8335
4146 4196 8303
4048 4094 8131
4025 4198 8191
4163 4189 8313
4113 4190 8290
4197 4200 8365
4056 4063 8087
4057 4118 8141
4116 4173 8275
4021 4137 8136
4176 4182 8336
4132 4187 8297
4162 4177 8329
4087 4142 8223
4143 4196 8319
4091 4155 8231
4100 4184 8268
4133 4153 8285
4103 4150 8217
4162 4195 8351
4141 4160 8290
4153 4183 8311
4060 4178 8201
4040 4093 8106
4186 4193 8376
4056 4172 8202
4195 4199 8368
4176 4189 8333
4175 4200 8368
4107 4113 8210
4039 4156 8174
4072 4159 8212
4141 4147 8283
4047 4050 8077
4114 4154 8257
4110 4164 8273
4180 4183 8338
4002 4186 8154
4029 4160 8178
4003 4127 8126
4107 4119 8215
4022 4078 8096
4107 4166 8247
4124 4171 8268
4086 4118 8171
4035 4174 8176
4068 4096 8160
4029 4064 8071
4093 4200 8260
4061 4093 8116
4029 4088 8115
4141 4162 8293
4141 4152 8267
4163 4175 8335
4082 4195 8242
4182 4195 8365
4003 4058 8046
4083 4138 8198
4167 4175 8327
4047 4083 8102
4153 4168 8283
4145 4184 8298
4178 4183 8322
4156 4179 8315
4022 4050 8067
4121 4139 8257
4075 4141 8193
4020 4165 8148
4022 4027 8027
4114 4186 8274
4144 4189 8319
4115 4128 8217
4152 4162 8313
4029 4200 8205
4027 4164 8175
4104 4194 8289
4015 4061 8040
4007 4186 8172
4176 4197 8339
4101 4151 8236
4067 4089 8132
4167 4199 8352
4153 4189 8313
4141 4199 8326
4180 4182 8329
4135 4174 8301
4058 4095 8131
4167 4192 8327
4183 4198 8375
4168 4188 8319
4062 4137 8169
4077 4172 8212
4094 4170 8250
4060 4091 8117
4026 4110 8108
4089 4121 8193
4120 4200 8297
4183 4197 8374
4067 4188 8225
4175 4186 8355
4057 4131 8182
4064 4180 8217
4145 4160 8288
4178 4193 8370
4116 4123 8228
4102 4171 8248
4138 4182 8308
4126 4166 8269
4120 4131 8245
4075 4118 8186
4098 4182 8255
4019 4102 8104
4054 4092 8130
4023 4101 8110
4099 4192 8263
4039 4071 8107
4132 4199 8311
4142 4179 8312
4171 4197 8362
4118 4156 8258
4008 4165 8154
4003 4034 8025
4120 4133 8230
4148 4171 8301
4118 4158 8253
4098 4135 8211
4129 4148 8259
4062 4151 8211
4172 4174 8321
4126 4170 8291
4035 4118 8122
4130 4138 8251
4175 4197 8340
4102 4110 8211
4096 4175 8265
4112 4197 8293
4198 4199 8378
4008 4073 8065
4154 4165 8309
4189 4200 8381
4103 4183 8265
4194 4197 8387
4146 4157 8285
4188 4199 8380
4056 4168 8194
4072 4158 8195
4166 4189 8341
4037 4139 8170
4088 4112 8165
4062 4168 8196
4013 4092 8079
4173 4175 8342
4111 4160 8251
4100 4154 8222
4056 4097 8122
4119 4176 8271
4034 4074 8072
4152 4159 8309
4016 4134 8147
4099 4122 8196
4046 4117 8139
4156 4168 8306
4068 4098 8130
4043 4065 8084
4160 4178 8308
4152 4169 8315
4039 4042 8057
4107 4138 8236
4122 4151 8258
4007 4081 8060
4156 4189 8317
4130 4173 8268
4076 4170 8233
4025 4154 8164
4085 4174 8232
4010 4158 8139
4025 4104 8106
4108 4152 8253
4041 4070 8075
4058 4105 8158
4092 4099 8172
4000 4033 7995
4089 4095 8173
4004 4138 8116
4025 4144 8133
4173 4189 8324
4115 4120 8219
4002 4023 7990
4061 4178 8228
4063 4180 8229
4072 4098 8136
4166 4190 8322
4057 4105 8151
4195 4200 8381
4113 4166 8260
4167 4175 8331
4124 4135 8252
4144 4176 8282
4149 4182 8314
4141 4200 8336
4116 4129 8220
4091 4192 8253
4039 4081 8082
4106 4174 8249
4174 4195 8368
4085 4117 8192
4116 4145 8260
4142 4148 8279
4069 4135 8182
4082 4084 8156
4035 4150 8176
4060 4177 8233
4148 4155 8267
4055 4088 8134
4183 4191 8346
4068 4092 8139
4032 4064 8077
4017 4071 8062
4097 4137 8198
4186 4197 8373
4091 4160 8245
4000 4161 8136
4186 4195 8372
4125 4176 8298
4056 4170 8200
4078 4110 8161
4168 4181 8330
4197 4199 8370
4159 4166 8298
4003 4119 8093
4010 4165 8155
4010 4105 8100
4154 4181 8325
4081 4107 8163
4117 4150 8238
4012 4047 8045
4122 4130 8232
4028 4170 8182
4001 4200 8194
4181 4184 8355
4035 4156 8166
4048 4158 8168
4089 4094 8149
4000 4132 8123
4030 4180 8187
4016 4177 8179
4013 4086 8080
4090 4133 8193
4062 4156 8215
4003 4122 8098
4154 4169 8296
4187 4200 8378
4070 4084 8116
4104 4166 8269
4185 4196 8380
4110 4129 8205
4045 4156 8175
4006 4148 8136
4001 4179 8161
4134 4176 8305
4083 4169 8247
4056 4149 8188
4119 4173 8279
4176 4185 8322
4076 4110 8149
4147 4149 8282
4024 4115 8108
4067 4167 8220
4014 4154 8145
4148 4170 8293
4131 4133 8257
4071 4141 8201
4062 4161 8212
4077 4101 8150
4188 4198 8361
4088 4123 8177
4110 4196 8301
4107 4200 8271
4112 4169 8247
4157 4171 8299
4193 4200 8367
4035 4036 8041
4003 4087 8076
4106 4166 8240
4015 4173 8165
4193 4197 8369
4102 4165 8256
4049 4156 8174
4021 4122 8133
4063 4149 8185
4026 4087 8092
4065 4194 8233
4165 4200 8361
4192 4196 8358
4144 4199 8339
4176 4182 8335
4166 4170 8313
4026 4188 8189
4056 4126 8177
4024 4089 8089
4045 4076 8084
4057 4132 8171
4141 4172 8284
4150 4163 8302
4126 4196 8302
4128 4180 8291
4030 4137 8161
4167 4194 8355
4058 4106 8134
4107 4178 8248
4019 4079 8074
4049 4068 8097
4099 4193 8277
4141 4180 8294
4178 4197 8363
4063 4132 8162
4153 4185 8316
4038 4149 8161
4103 4108 8203
4169 4196 8327
4077 4131 8204
4196 4197 8389
4121 4156 8264
4054 4066 8096
4015 4173 8171
4108 4182 8270
4079 4109 8172
4037 4165 8199
4179 4187 8333
4071 4097 8164
4009 4150 8145
4077 4141 8197
4188 4200 8361
4045 4097 8126
4148 4185 8324
4136 4186 8316
4181 4183 8362
4098 4133 8219
4125 4159 8272
4020 4102 8120
4056 4071 8100
4071 4134 8195
4049 4103 8140
4102 4141 8231
4093 4153 8222
4181 4199 8345
4053 4076 8094
4085 4158 8207
4062 4106 8135
4176 4180 8354
4142 4189 8309
4093 4197 8288
4005 4022 8015
4085 4152 8219
4056 4188 8211
4116 4134 8230
4187 4194 8365
4079 4112 8167
4093 4169 8244
4072 4174 8210
4136 4157 8260
4090 4111 8168
4190 4191 8346
4153 4154 8283
4019 4184 8174
4186 4195 8371
4047 4066 8092
4020 4147 8164
4157 4200 8321
4122 4151 8244
4057 4082 8120
4011 4192 8193
4011 4122 8118
4001 4132 8108
4158 4197 8351
4173 4185 8352
4086 4142 8207
4109 4164 8244
4124 4184 8275
4181 4197 8373
4025 4101 8105
4012 4117 8094
4161 4199 8323
4169 4195 8330
4092 4140 8203
4072 4094 8159
4163 4168 8324
4090 4125 8207
4130 4177 8271
4077 4080 8133
4153 4160 8291
4193 4195 8364
4137 4160 8292
4103 4156 8247
4014 4098 8100
4150 4157 8287
4050 4172 8203
4169 4187 8322
4116 4185 8269
4054 4157 8177
4039 4188 8210
4145 4182 8293
4012 4046 8031
4100 4127 8206
4015 4167 8154
4010 4179 8184
4096 4119 8189
4064 4120 8170
4096 4175 8260
4090 4127 8210
4188 4191 8344
4003 4180 8148
4042 4141 8182
4087 4093 8157
4168 4172 8328
4066 4105 8167
4074 4087 8143
4029 4092 8090
4066 4143 8176
4108 4177 8283
4083 4098 8151
4093 4150 8232
4059 4128 8184
4124 4168 8273
4064 4165 8195
4109 4127 8234
4002 4050 8043
4125 4167 8254
4025 4149 8137
4077 4192 8264
4012 4165 8152
4114 4119 8209
4010 4068 8065
4176 4197 8362
4036 4075 8095
4174 4180 8335
4177 4195 8349
4063 4146 8177
4040 4147 8162
4185 4189 8369
4000 4137 8121
4118 4193 8309
4084 4177 8235
4177 4188 8345
4102 4164 8249
4077 4180 8220
4009 4046 8049
4015 4198 8198
4081 4121 8172
4184 4198 8353
4092 4170 8238
4100 4169 8232
4054 4135 8154
4020 4148 8151
4156 4192 8341
4002 4081 8054
4077 4195 8254
4136 4168 8276
4170 4174 8326
4078 4140 8181
4079 4173 8243
4148 4171 8281
4091 4170 8240
4199 4200 8394
4022 4062 8053
4050 4174 8223
4189 4190 8352
4111 4162 8269
4013 4196 8204
4002 4166 8160
4046 4093 8103
4053 4128 8150
4158 4191 8346
4129 4151 8258
4115 4157 8267
4107 4153 8224
4057 4112 8157
4028 4132 8137
4197 4200 8394
4031 4118 8122
4199 4200 8387
4064 4106 8134
4018 4093 8077
4008 4109 8113
4078 4193 8234
4036 4167 8174
4127 4187 8303
4024 4151 8140
4196 4199 8360
4094 4126 8209
4116 4197 8304
4039 4156 8162
4074 4183 8232
4003 4085 8082
4036 4039 8057
4006 4107 8091
4083 4189 8265
4161 4195 8343
4118 4169 8273
4028 4073 8093
4107 4165 8267
4027 4170 8171
4161 4166 8309
4184 4200 8362
4032 4168 8168
4118 4155 8237
4061 4070 8121
4115 4145 8238
4108 4157 8257
4099 4137 8203
4049 4063 8087
4072 4092 8156
4123 4191 8283
4006 4134 8107
4075 4150 8191
4038 4097 8118
4126 4182 8273
4057 4084 8121
4011 4051 8031
4008 4199 8187
4006 4116 8109
4132 4185 8304
4164 4165 8290
4039 4054 8066
4069 4133 8164
4147 4174 8282
4152 4191 8331
4119 4178 8268
4090 4168 8251
4088 4101 8185
4102 4130 8197
4033 4174 8200
4052 4140 8156
4190 4198 8368
4159 4162 8284
4128 4149 8239
4182 4196 8349
4193 4195 8367
4066 4075 8129
4050 4059 8084
4037 4169 8190
4175 4193 8337
4037 4069 8079
4081 4136 8215
4042 4100 8115
4017 4182 8179
4060 4151 8194
4125 4142 8229
4094 4114 8175
4128 4156 8279
4129 4175 8283
4190 4193 8380
4177 4197 8338
4150 4166 8302
4187 4194 8358
4196 4200 8363
4159 4194 8325
4004 4076 8057
4047 4083 8100
4181 4197 8369
4145 4181 8319
4103 4136 8216
4002 4171 8153
4052 4086 8119
4078 4176 8221
4084 4136 8209
4014 4091 8088
4040 4156 8192
4123 4184 8294
4151 4190 8316
4004 4144 8123
4125 4139 8243
4107 4176 8264
4091 4096 8157
4049 4067 8107
4068 4074 8125
4197 4199 8383
4197 4200 8378
4029 4094 8094
4178 4191 8358
4164 4189 8346
4121 4124 8218
4113 4118 8228
4089 4159 8212
4142 4159 8270
4033 4115 8116
4130 4142 8261
4172 4187 8340
4133 4148 8245
4077 4186 8238
4036 4188 8212
4080 4108 8161
4066 4152 8207
4168 4177 8316
4039 4150 8153
4013 4178 8187
4191 4198 8375
4010 4057 8046
4084 4107 8165
4039 4136 8171
4086 4162 8222
4152 4154 8269
4199 4200 8361
4064 4199 8235
4183 4191 8358
4127 4167 8256
4082 4120 8175
4079 4198 8249
4080 4158 8215
4029 4151 8161
4012 4073 8062
4059 4185 8212
4001 4105 8091
4052 4193 8241
4070 4164 8204
4123 4191 8304
4005 4024 8023
4144 4200 8305
4171 4197 8365
4138 4177 8283
4135 4196 8314
4028 4185 8206
4198 4199 8360
4173 4199 8354
4157 4178 8334
4150 4195 8328
4005 4128 8105
4045 4121 8141
4020 4027 8029
4018 4167 8184
4136 4192 8290
4066 4092 8131
4008 4164 8170
4150 4154 8293
4167 4189 8327
4197 4200 8390
4076 4138 8184
4018 4023 8030
4155 4192 8344
4194 4196 8375
4166 4195 8328
4065 4067 8116
4012 4167 8169
4132 4161 8290
4153 4165 8291
4014 4050 8052
4158 4178 8301
4013 4065 8056
4031 4197 8198
4151 4182 8303
4152 4174 8293
4120 4193 8284
4025 4153 8174
4193 4199 8361
4046 4116 8124
4193 4196 8353
4144 4185 8295
4126 4128 8253
4069 4172 8210
4090 4097 8154
4011 4106 8102
4086 4093 8175
4061 4117 8145
4142 4153 8289
4050 4170 8216
4143 4192 8312

0.010000 0.690000
