900
4739310
4117 4208 8325
4176 4250 8426
4004 4121 8125
4167 4171 8338
4169 4215 8384
3994 4059 8053
3964 4146 8110
4090 4136 8226
4111 4135 8246
4001 4213 8214
4038 4195 8233
4255 4295 8550
4014 4259 8273
3983 4162 8145
3966 4278 8244
4223 4266 8489
4132 4199 8331
4105 4148 8253
4110 4183 8293
4058 4099 8157
4280 4287 8567
4009 4094 8103
4187 4201 8388
4183 4261 8444
4116 4223 8339
4080 4112 8192
4047 4162 8209
4147 4166 8313
3925 4172 8097
4183 4220 8403
4079 4085 8164
4002 4236 8238
4020 4220 8240
4065 4145 8210
4110 4121 8231
4283 4287 8570
4029 4239 8268
4094 4221 8315
4037 4091 8128
4062 4144 8206
4259 4286 8545
4201 4209 8410
4117 4118 8235
4020 4048 8068
4214 4260 8474
4124 4190 8314
4078 4145 8223
4222 4293 8515
4223 4232 8455
4076 4155 8231
4126 4169 8295
4196 4270 8466
4246 4248 8494
4042 4194 8236
4205 4267 8472
4156 4192 8348
4135 4298 8433
3977 4153 8130
4112 4114 8226
3949 4022 7971
4189 4243 8432
4194 4286 8480
4172 4247 8419
4164 4167 8331
3968 4200 8168
3917 4097 8014
4203 4236 8439
4188 4189 8377
4240 4271 8511
4016 4164 8180
4091 4122 8213
4120 4271 8391
4029 4115 8144
4250 4288 8538
4134 4142 8276
4156 4203 8359
4153 4221 8374
4174 4205 8379
4093 4138 8231
4016 4187 8203
4062 4069 8131
4238 4251 8489
4251 4265 8516
4084 4102 8186
4137 4220 8357
4266 4283 8549
4125 4225 8350
4122 4217 8339
4201 4220 8421
4108 4136 8244
4251 4277 8528
4040 4154 8194
4038 4189 8227
4134 4244 8378
4178 4190 8368
3937 4124 8061
4095 4220 8315
3972 4148 8120
4071 4113 8184
4073 4239 8312
4026 4109 8135
4054 4258 8312
4071 4161 8232
4115 4156 8271
4202 4220 8422
4122 4123 8245
4004 4070 8074
4025 4088 8113
4085 4253 8338
4024 4134 8158
4152 4195 8347
3933 4142 8075
4067 4106 8173
4129 4177 8306
4177 4222 8399
4245 4247 8492
4206 4219 8425
4046 4194 8240
4163 4267 8430
4217 4249 8466
4171 4256 8427
4035 4245 8280
4146 4244 8390
4184 4227 8411
4031 4169 8200
4063 4099 8162
3994 4118 8112
4049 4155 8204
4145 4213 8358
4258 4286 8544
3991 4138 8129
4150 4184 8334
4080 4085 8165
4109 4270 8379
4082 4238 8320
4087 4234 8321
4119 4239 8358
4122 4199 8321
3948 4079 8027
4073 4134 8207
4173 4278 8451
4080 4193 8273
4124 4282 8406
4011 4025 8036
4181 4218 8399
4157 4186 8343
4265 4282 8547
4064 4173 8237
4107 4123 8230
4199 4225 8424
3945 4003 7948
4209 4212 8421
3984 4206 8190
4222 4238 8460
3983 4003 7986
3977 4056 8033
4154 4155 8309
4101 4254 8355
4242 4252 8494
4102 4111 8213
4179 4198 8377
4059 4241 8300
4195 4297 8492
4126 4214 8340
4099 4166 8265
3970 4219 8189
4132 4136 8268
4149 4205 8354
4162 4272 8434
4067 4146 8213
4070 4118 8188
4130 4135 8265
4138 4215 8353
3961 4213 8174
4113 4121 8234
4167 4259 8426
4153 4221 8374
4029 4142 8171
4190 4260 8450
3994 4154 8148
4267 4277 8544
4266 4276 8542
4140 4207 8347
4052 4199 8251
3951 4037 7988
4015 4211 8226
4169 4212 8381
4054 4160 8214
4032 4137 8169
3951 4232 8183
4218 4286 8504
4219 4234 8453
4157 4200 8357
4200 4206 8406
4113 4133 8246
4200 4217 8417
3940 4218 8158
4002 4121 8123
4121 4207 8328
4088 4128 8216
4141 4268 8409
4074 4136 8210
4203 4241 8444
4115 4262 8377
4037 4068 8105
4153 4211 8364
4126 4275 8401
4170 4189 8359
4109 4152 8261
4033 4109 8142
4115 4175 8290
4026 4120 8146
4146 4159 8305
4001 4152 8153
4100 4186 8286
3960 4149 8109
4040 4105 8145
4074 4150 8224
3926 4236 8162
4286 4290 8576
4078 4194 8272
4137 4148 8285
3996 4077 8073
4031 4162 8193
4053 4056 8109
4049 4158 8207
4131 4183 8314
4057 4272 8329
4098 4274 8372
4139 4143 8282
4009 4034 8043
4271 4284 8555
4153 4182 8335
4092 4285 8377
4124 4262 8386
4100 4102 8202
3931 4209 8140
4180 4252 8432
4043 4204 8247
4007 4189 8196
3976 4080 8056
4226 4265 8491
4104 4120 8224
3971 4032 8003
4012 4248 8260
4076 4145 8221
4000 4233 8233
4051 4122 8173
4111 4207 8318
4026 4066 8092
4237 4266 8503
4110 4158 8268
4214 4235 8449
4088 4282 8370
4162 4200 8362
4036 4115 8151
4172 4203 8375
4225 4254 8479
4173 4216 8389
4240 4274 8514
4145 4232 8377
4141 4205 8346
3917 4064 7981
4154 4175 8329
4131 4244 8375
4135 4150 8285
4047 4074 8121
4109 4273 8382
4064 4150 8214
4091 4191 8282
4166 4209 8375
4109 4272 8381
4205 4280 8485
4054 4144 8198
4022 4175 8197
4046 4218 8264
4066 4079 8145
3978 4045 8023
4186 4247 8433
4239 4251 8490
4091 4096 8187
3978 4139 8117
3955 4289 8244
4020 4205 8225
4115 4150 8265
3967 4122 8089
3924 3983 7907
4117 4146 8263
4073 4090 8163
4055 4084 8139
4081 4220 8301
4273 4295 8568
4060 4196 8256
4121 4259 8380
4035 4072 8107
4092 4135 8227
4121 4231 8352
4046 4084 8130
4130 4185 8315
4077 4089 8166
3957 4118 8075
4160 4203 8363
4222 4263 8485
4146 4163 8309
4140 4173 8313
3966 4145 8111
4111 4205 8316
4080 4244 8324
4210 4215 8425
4222 4277 8499
4071 4178 8249
4023 4188 8211
4034 4121 8155
4082 4093 8175
4013 4055 8068
4222 4248 8470
4048 4208 8256
3955 4075 8030
4089 4135 8224
4066 4146 8212
4206 4231 8437
4116 4239 8355
4133 4231 8364
4027 4212 8239
4035 4170 8205
4241 4276 8517
4166 4175 8341
3952 4110 8062
4068 4138 8206
4062 4227 8289
4128 4150 8278
4059 4183 8242
4076 4147 8223
4006 4066 8072
4079 4196 8275
4065 4097 8162
4164 4176 8340
3992 4148 8140
4010 4063 8073
4254 4291 8545
3961 4120 8081
4038 4074 8112
4066 4109 8175
4181 4202 8383
4015 4076 8091
4178 4239 8417
3994 4099 8093
4132 4148 8280
4074 4138 8212
4049 4113 8162
4096 4163 8259
4146 4171 8317
4063 4135 8198
3953 4135 8088
4268 4289 8557
4087 4200 8287
4120 4175 8295
4174 4233 8407
3954 4182 8136
4229 4259 8488
4112 4124 8236
4194 4217 8411
4259 4280 8539
4119 4165 8284
3916 4096 8012
4051 4178 8229
4057 4218 8275
4158 4185 8343
4085 4216 8301
4113 4231 8344
4034 4085 8119
4101 4131 8232
3999 4264 8263
4030 4171 8201
4067 4127 8194
4031 4261 8292
4051 4216 8267
4111 4121 8232
4067 4181 8248
4177 4268 8445
3998 4162 8160
4186 4217 8403
4232 4249 8481
4028 4076 8104
4179 4274 8453
4173 4261 8434
4076 4286 8362
3962 4167 8129
4208 4286 8494
4123 4188 8311
4215 4225 8440
3944 4006 7950
4166 4274 8440
4019 4282 8301
4009 4050 8059
4109 4205 8314
4069 4201 8270
4185 4222 8407
4184 4195 8379
4006 4119 8125
4126 4183 8309
3955 4035 7990
4104 4293 8397
4025 4173 8198
4286 4292 8578
4117 4180 8297
4034 4058 8092
4183 4238 8421
3988 4140 8128
4040 4054 8094
4022 4148 8170
4150 4204 8354
4157 4202 8359
4019 4187 8206
4237 4278 8515
4252 4258 8510
4145 4157 8302
4001 4111 8112
4032 4109 8141
4084 4280 8364
4016 4094 8110
4117 4141 8258
4065 4248 8313
4190 4210 8400
4135 4186 8321
4174 4188 8362
4018 4128 8146
4001 4136 8137
4168 4186 8354
4149 4183 8332
3943 3992 7935
3990 4139 8129
4093 4263 8356
4085 4193 8278
4191 4193 8384
4071 4088 8159
4043 4151 8194
3970 4043 8013
4155 4275 8430
3981 4190 8171
3974 4086 8060
4115 4277 8392
4074 4075 8149
4147 4190 8337
4097 4108 8205
4075 4198 8273
4009 4101 8110
4118 4221 8339
4072 4228 8300
4215 4221 8436
4020 4055 8075
4199 4218 8417
4088 4091 8179
4008 4108 8116
4077 4166 8243
4022 4128 8150
4046 4135 8181
4052 4236 8288
4041 4094 8135
4168 4227 8395
4104 4202 8306
4192 4234 8426
4053 4085 8138
4137 4273 8410
4019 4044 8063
4071 4122 8193
4133 4169 8302
4093 4118 8211
3978 4081 8059
4214 4261 8475
4187 4210 8397
4000 4123 8123
4054 4202 8256
4144 4248 8392
4240 4281 8521
4044 4069 8113
3916 4000 7916
4053 4240 8293
4087 4097 8184
4082 4176 8258
4037 4048 8085
4076 4222 8298
4041 4064 8105
4077 4232 8309
4144 4175 8319
4051 4058 8109
4029 4113 8142
4245 4263 8508
4159 4162 8321
4183 4207 8390
4170 4203 8373
4071 4164 8235
4225 4249 8474
4139 4160 8299
4143 4192 8335
4217 4278 8495
4043 4108 8151
4158 4190 8348
4093 4228 8321
4116 4153 8269
4207 4250 8457
4065 4122 8187
4216 4271 8487
4250 4272 8522
4140 4196 8336
4040 4254 8294
4157 4188 8345
4139 4143 8282
4129 4279 8408
4077 4153 8230
4199 4263 8462
4108 4115 8223
4187 4274 8461
4128 4244 8372
4038 4228 8266
4138 4175 8313
4010 4233 8243
4193 4195 8388
4160 4234 8394
4103 4115 8218
4092 4166 8258
4085 4090 8175
4246 4274 8520
4156 4279 8435
3934 4115 8049
4205 4218 8423
3922 3933 7855
4152 4185 8337
4067 4085 8152
4063 4071 8134
3998 4176 8174
4155 4274 8429
4167 4195 8362
4151 4188 8339
3936 4067 8003
3943 4040 7983
4086 4169 8255
3975 4059 8034
4102 4123 8225
4051 4258 8309
4063 4123 8186
4017 4270 8287
4138 4192 8330
3936 4069 8005
4222 4247 8469
4097 4196 8293
4140 4249 8389
4067 4228 8295
3979 4090 8069
4071 4195 8266
4219 4253 8472
4102 4133 8235
4167 4238 8405
4191 4198 8389
3949 4219 8168
4134 4148 8282
4152 4168 8320
4064 4244 8308
4079 4163 8242
4156 4213 8369
3945 4223 8168
4188 4238 8426
4112 4239 8351
4117 4127 8244
4005 4286 8291
4019 4091 8110
4045 4139 8184
4059 4203 8262
4252 4255 8507
4137 4157 8294
4056 4129 8185
4178 4222 8400
4092 4168 8260
4071 4251 8322
4295 4296 8591
4037 4284 8321
4182 4218 8400
4135 4260 8395
4251 4300 8551
3982 4206 8188
4168 4211 8379
3999 4242 8241
4108 4149 8257
4065 4232 8297
4001 4011 8012
4157 4198 8355
4207 4217 8424
4260 4277 8537
4171 4186 8357
3916 4043 7959
4102 4195 8297
3969 4034 8003
4152 4194 8346
4022 4230 8252
3963 4048 8011
4252 4278 8530
4042 4186 8228
4107 4109 8216
3987 4135 8122
4093 4168 8261
4127 4278 8405
4120 4135 8255
4007 4142 8149
4153 4242 8395
3990 4250 8240
4132 4209 8341
4123 4133 8256
4274 4283 8557
4149 4177 8326
4059 4263 8322
4056 4161 8217
4241 4271 8512
4115 4167 8282
4012 4224 8236
4099 4200 8299
4185 4255 8440
4083 4171 8254
3984 4215 8199
4102 4155 8257
4234 4240 8474
4050 4099 8149
4129 4196 8325
4047 4191 8238
4045 4266 8311
4107 4160 8267
4270 4278 8548
4002 4132 8134
4137 4155 8292
4112 4152 8264
4096 4184 8280
4211 4288 8499
3923 4092 8015
4258 4260 8518
3990 4169 8159
4008 4100 8108
4033 4119 8152
4098 4131 8229
4042 4046 8088
4261 4275 8536
4126 4220 8346
4159 4227 8386
4017 4032 8049
4172 4278 8450
4136 4200 8336
4217 4251 8468
4094 4221 8315
4107 4175 8282
4100 4131 8231
4121 4175 8296
4054 4142 8196
4046 4099 8145
3953 4185 8138
4129 4198 8327
4185 4270 8455
4078 4210 8288
4035 4113 8148
4077 4175 8252
4184 4212 8396
4249 4278 8527
3965 4093 8058
3964 4131 8095
4104 4132 8236
4089 4250 8339
4146 4156 8302
4107 4211 8318
3955 3977 7932
4137 4138 8275
4263 4291 8554
4100 4127 8227
4040 4141 8181
4049 4246 8295
4213 4257 8470
4064 4122 8186
4211 4220 8431
4084 4168 8252
4152 4220 8372
4265 4281 8546
4026 4155 8181
4156 4206 8362
4116 4141 8257
4147 4157 8304
4202 4217 8419
4160 4203 8363
4141 4226 8367
4099 4215 8314
4049 4104 8153
4022 4161 8183
3964 4145 8109
4159 4237 8396
4028 4230 8258
3993 4121 8114
4187 4277 8464
4174 4239 8413
3951 4067 8018
4113 4214 8327
4175 4220 8395
4004 4248 8252
3984 3995 7979
4243 4266 8509
4077 4094 8171
4089 4273 8362
4064 4274 8338
4129 4135 8264
4124 4143 8267
3952 4061 8013
4144 4275 8419
4068 4107 8175
4115 4186 8301
4044 4197 8241
4203 4252 8455
4115 4196 8311
3993 4109 8102
4268 4270 8538
4143 4203 8346
4086 4179 8265
3919 4121 8040
3979 4099 8078
4154 4189 8343
4006 4216 8222
4010 4127 8137
3941 4100 8041
4227 4255 8482
4056 4060 8116
4069 4122 8191
4097 4102 8199
3960 4067 8027
4230 4239 8469
4268 4272 8540
4108 4116 8224
3946 4090 8036
4082 4155 8237
4025 4117 8142
4038 4174 8212
4180 4187 8367
4129 4148 8277
4235 4260 8495
4089 4114 8203
4111 4165 8276
4107 4199 8306
4121 4234 8355
3997 4168 8165
4090 4114 8204
3936 4115 8051
4124 4172 8296
4072 4170 8242
4077 4089 8166
4226 4254 8480
3933 4078 8011
4011 4041 8052
4028 4056 8084
3989 4142 8131
4056 4135 8191
4097 4160 8257
4004 4169 8173
4036 4198 8234
4053 4124 8177
4131 4230 8361
4145 4232 8377
4058 4116 8174
4092 4223 8315
4015 4178 8193
4117 4126 8243
4234 4240 8474
4022 4112 8134
4115 4186 8301
4136 4189 8325
4237 4259 8496
4053 4112 8165
4094 4157 8251
4010 4155 8165
4133 4164 8297
4135 4147 8282
4120 4130 8250
4141 4148 8289
3983 4212 8195
4169 4177 8346
4087 4160 8247
4166 4179 8345
4284 4285 8569
3990 4116 8106
4138 4143 8281
4088 4215 8303
4055 4130 8185
4086 4159 8245
3954 4132 8086
4114 4176 8290
4024 4125 8149
4151 4240 8391
4155 4249 8404
4139 4262 8401
4130 4270 8400
3960 4213 8173
4120 4172 8292
4034 4171 8205
4059 4221 8280
4119 4154 8273
3950 4177 8127
4076 4191 8267
4195 4279 8474
3945 4012 7957
4105 4137 8242
3953 4101 8054
4193 4213 8406
4189 4195 8384
4024 4221 8245
4109 4164 8273
4009 4186 8195
3965 4212 8177
4096 4143 8239
4163 4180 8343
4118 4161 8279
4134 4164 8298
4194 4248 8442
3953 4198 8151
4201 4264 8465
4133 4139 8272
4016 4061 8077
4128 4201 8329
4109 4148 8257
4162 4191 8353
4202 4229 8431
4155 4162 8317
4194 4255 8449
4037 4120 8157
3939 4135 8074
4058 4073 8131
4127 4181 8308
4059 4147 8206
4006 4237 8243
4155 4196 8351
4154 4232 8386
3956 4147 8103
3991 4157 8148
4250 4285 8535
4220 4229 8449
4279 4297 8576
4136 4156 8292
4131 4172 8303
4049 4201 8250
4186 4213 8399
3971 4192 8163
4248 4276 8524
4236 4258 8494
4067 4120 8187
4220 4267 8487
4114 4120 8234
4033 4159 8192
4184 4198 8382
4187 4188 8375
4108 4169 8277
4222 4228 8450
3968 4114 8082
4093 4102 8195
4020 4088 8108
4238 4254 8492
4013 4179 8192
4068 4221 8289
4087 4157 8244
4153 4290 8443
4112 4119 8231
4152 4168 8320
4041 4214 8255
3944 4130 8074
4180 4201 8381
4239 4242 8481
3959 4098 8057
4063 4098 8161
4018 4159 8177
4078 4149 8227
3939 4013 7952
4004 4211 8215
4196 4210 8406
3940 4189 8129
4032 4146 8178
3977 4152 8129
4217 4223 8440
3963 4193 8156
4008 4126 8134
4148 4224 8372
4184 4246 8430
4239 4274 8513
4078 4204 8282
3968 4042 8010
4028 4190 8218
4161 4186 8347
3956 4002 7958
4241 4282 8523
4082 4191 8273
4150 4170 8320
3982 4118 8100
4069 4120 8189
3946 4036 7982
4138 4146 8284
4136 4148 8284
4161 4189 8350
4266 4276 8542
4258 4270 8528
4202 4255 8457
4075 4093 8168
4057 4132 8189

4092 4171 8244
4145 4175 8281
4079 4185 8229
4171 4184 8325
4069 4115 8146
4078 4143 8191
4025 4199 8213
4121 4154 8259
4146 4160 8268
4087 4126 8179
4015 4097 8102
4193 4196 8365
4102 4183 8260
4056 4098 8146
4052 4184 8232
4183 4190 8337
4139 4192 8305
4105 4147 8231
4142 4168 8309
4124 4142 8236
4189 4198 8349
4081 4172 8228
4196 4200 8360
4184 4196 8343
4055 4139 8164
4167 4190 8339
4066 4161 8192
4065 4153 8209
4018 4109 8110
4169 4170 8333
4030 4120 8123
4044 4192 8202
4054 4170 8208
4071 4074 8132
4067 4119 8152
4188 4189 8350
4109 4145 8250
4123 4187 8300
4076 4176 8236
4030 4050 8070
4198 4199 8384
4109 4143 8232
4174 4181 8337
4088 4124 8175
4197 4199 8386
4029 4144 8157
4152 4163 8302
4137 4199 8307
4136 4171 8273
4145 4182 8296
4044 4122 8137
4118 4171 8282
4157 4166 8304
4093 4168 8259
4177 4187 8343
4190 4193 8364
4171 4198 8350
4061 4198 8248
4134 4160 8279
4047 4062 8107
4175 4186 8345
4197 4200 8365
4147 4167 8297
4100 4124 8210
4033 4175 8199
4008 4056 8033
4121 4138 8246
4132 4190 8315
4159 4174 8305
4022 4114 8104
4105 4133 8222
4175 4187 8353
4033 4058 8086
4183 4192 8342
4103 4160 8241
4087 4171 8257
4118 4143 8255
4167 4174 8325
4138 4171 8284
4049 4143 8180
4000 4030 8024
4180 4185 8349
4192 4196 8375
4102 4132 8195
4113 4164 8259
4170 4198 8338
4120 4131 8220
4131 4161 8290
4120 4143 8246
4106 4155 8249
4180 4181 8327
4108 4156 8250
4037 4098 8113
4198 4199 8373
4108 4149 8235
4019 4140 8150
4081 4188 8257
4011 4061 8035
4075 4188 8232
4109 4148 8235
4088 4182 8261
4143 4184 8325
4080 4177 8240
4063 4159 8210
4136 4152 8269
4052 4129 8152
4030 4057 8072
4073 4140 8191
4110 4196 8275
4001 4160 8147
4163 4195 8345
4030 4094 8109
4094 4137 8227
4105 4122 8201
4158 4161 8301
4190 4200 8383
4121 4129 8221
4123 4180 8277
4161 4172 8316
4193 4194 8383
4144 4195 8338
4042 4161 8195
4144 4149 8254
4184 4195 8370
4005 4107 8107
4022 4197 8193
4055 4070 8093
4038 4082 8087
4121 4131 8242
4188 4196 8345
4039 4096 8133
4136 4151 8254
4085 4174 8241
4163 4175 8303
4156 4182 8315
4166 4189 8353
4080 4162 8233
4138 4147 8279
4031 4142 8139
4037 4060 8093
4158 4192 8337
4062 4122 8161
4188 4189 8368
4003 4067 8038
4148 4154 8276
4098 4119 8195
4199 4200 8386
4133 4158 8283
4147 4169 8295
4186 4195 8351
4004 4061 8060
4153 4168 8291
4025 4173 8176
4170 4185 8321
4018 4064 8049
4046 4054 8069
4165 4168 8325
4065 4156 8192
4186 4197 8365
4194 4196 8381
4126 4146 8234
4148 4163 8290
4188 4198 8351
4180 4198 8376
4173 4182 8322
4063 4197 8232
4063 4145 8174
4066 4144 8176
4191 4200 8376
4107 4200 8294
4010 4035 8037
4105 4157 8225
4186 4187 8363
4042 4140 8170
4196 4198 8384
4136 4197 8315
4135 4179 8304
4000 4088 8052
4133 4179 8310
4078 4094 8144
4167 4179 8335
4177 4178 8348
4195 4199 8376
4024 4145 8159
4035 4125 8144
4101 4112 8181
4154 4165 8284
4083 4108 8153
4082 4131 8183
4032 4193 8202
4197 4199 8365
4191 4197 8383
4095 4192 8272
4116 4147 8229
4021 4061 8076
4186 4195 8345
4025 4181 8169
4083 4159 8227
4139 4147 8274
4014 4050 8060
4182 4193 8356
4132 4141 8264
4197 4200 8359
4051 4198 8237
4070 4073 8117
4117 4149 8240
4106 4182 8282
4150 4199 8311
4053 4151 8176
4098 4112 8187
4041 4114 8131
4118 4141 8234
4063 4177 8204
4045 4052 8064
4157 4178 8309
4016 4135 8138
4019 4108 8117
4036 4131 8154
4023 4158 8170
4187 4198 8368
4163 4195 8346
4096 4193 8255
4024 4115 8131
4082 4143 8190
4099 4134 8210
4103 4152 8224
4137 4196 8294
4093 4187 8243
4098 4198 8258
4178 4198 8362
4026 4061 8082
4183 4190 8347
4127 4192 8282
4166 4186 8327
4184 4186 8345
4133 4175 8275
4031 4133 8159
4190 4196 8365
4052 4123 8152
4078 4171 8237
4032 4121 8132
4183 4196 8356
4056 4069 8112
4014 4094 8074
4018 4167 8169
4124 4200 8305
4035 4150 8180
4064 4090 8135
4042 4127 8156
4061 4074 8131
4187 4190 8350
4035 4067 8094
4134 4142 8240
4184 4186 8331
4197 4198 8381
4005 4087 8084
4187 4198 8346
4154 4167 8298
4108 4196 8303
4178 4187 8354
4187 4200 8365
4054 4161 8190
4006 4144 8128
4080 4162 8211
4194 4197 8380
4138 4154 8277
4128 4152 8265
4060 4174 8227
4146 4198 8340
4127 4130 8237
4075 4126 8186
4175 4185 8346
4176 4196 8338
4077 4164 8205
4118 4129 8226
4080 4160 8235
4124 4161 8278
4004 4071 8062
4175 4188 8359
4176 4188 8330
4088 4146 8196
4036 4061 8089
4038 4197 8206
4054 4168 8218
4073 4114 8152
4013 4057 8047
4005 4072 8055
4126 4173 8276
4004 4057 8049
4077 4165 8222
4128 4194 8284
4198 4200 8367
4146 4164 8282
4058 4194 8245
4012 4072 8049
4079 4130 8203
4102 4139 8226
4010 4024 7998
4186 4194 8366
4094 4172 8248
4027 4062 8077
4150 4167 8285
4145 4192 8302
4186 4187 8361
4049 4121 8150
4031 4127 8128
4144 4189 8309
4174 4193 8344
4134 4197 8321
4188 4196 8352
4003 4110 8086
4083 4133 8214
4088 4102 8163
4059 4081 8106
4018 4030 8046
4144 4176 8309
4075 4172 8235
4002 4129 8102
4007 4063 8039
4145 4195 8334
4178 4192 8360
4096 4155 8237
4186 4197 8355
4088 4128 8201
4115 4200 8309
4161 4184 8333
4147 4153 8274
4026 4170 8184
4054 4064 8104
4050 4191 8239
4114 4137 8229
4043 4170 8204
4045 4199 8210
4066 4113 8145
4077 4137 8199
4014 4157 8155
4106 4121 8200
4041 4190 8200
4041 4063 8067
4191 4193 8376
4048 4056 8098
4131 4155 8284
4036 4072 8087
4093 4102 8183
4016 4114 8106
4160 4183 8318
4077 4118 8185
4070 4120 8186
4026 4172 8160
4037 4090 8106
4087 4171 8228
4135 4191 8319
4084 4119 8200
4047 4067 8102
4192 4200 8366
4182 4189 8367
4167 4169 8331
4100 4145 8241
4035 4104 8125
4148 4182 8291
4020 4027 8013
4178 4184 8325
4180 4194 8357
4112 4157 8247
4006 4078 8057
4004 4089 8066
4064 4198 8235
4091 4106 8187
4045 4169 8212
4054 4137 8177
4114 4121 8205
4062 4168 8196
4044 4173 8200
4022 4161 8156
4050 4140 8178
4098 4190 8269
4094 4160 8234
4017 4055 8059
4109 4113 8185
4195 4199 8360
4030 4143 8153
4168 4170 8332
4152 4166 8316
4092 4142 8202
4198 4199 8381
4113 4184 8267
4139 4186 8307
4059 4153 8201
4162 4188 8324
4053 4148 8168
4124 4179 8297
4037 4088 8095
4151 4195 8309
4076 4192 8238
4043 4075 8098
4087 4152 8211
4025 4140 8131
4162 4190 8322
4085 4152 8200
4031 4163 8170
4058 4168 8192
4021 4069 8067
4196 4197 8365
4066 4127 8163
4194 4196 8381
4132 4188 8293
4097 4121 8203
4162 4179 8329
4083 4199 8270
4028 4077 8069
4056 4079 8115
4083 4136 8206
4187 4191 8361
4032 4148 8149
4166 4200 8334
4173 4192 8349
4118 4139 8251
4028 4057 8078
4066 4154 8218
4154 4193 8311
4113 4125 8225
4037 4086 8096
4075 4155 8228
4121 4130 8249
4049 4151 8184
4080 4140 8207
4042 4083 8102
4012 4170 8151
4194 4199 8360
4128 4175 8282
4031 4068 8096
4039 4099 8123
4159 4199 8355
4000 4149 8122
4121 4124 8237
4096 4137 8203
4077 4127 8199
4062 4107 8131
4145 4186 8295
4071 4123 8161
4011 4051 8030
4126 4182 8274
4056 4096 8149
4189 4196 8361
4046 4048 8065
4020 4195 8207
4073 4173 8236
4076 4156 8226
4126 4169 8260
4135 4160 8282
4120 4146 8233
4105 4187 8265
4168 4181 8313
4008 4179 8160
4168 4193 8330
4062 4134 8189
4095 4122 8215
4067 4168 8213
4068 4094 8152
4180 4195 8352
4113 4120 8204
4148 4167 8296
4089 4149 8222
4133 4180 8286
4115 4138 8228
4059 4090 8138
4142 4159 8297
4076 4096 8151
4073 4145 8193
4150 4175 8306
4087 4119 8205
4070 4184 8234
4004 4145 8140
4160 4193 8347
4160 4185 8332
4042 4062 8097
4013 4065 8076
4012 4189 8167
4014 4117 8129
4027 4076 8089
4027 4035 8059
4066 4183 8218
4085 4144 8195
4127 4136 8260
4045 4177 8206
4059 4083 8140
4122 4148 8262
4150 4187 8302
4059 4085 8135
4126 4133 8231
4070 4146 8196
4011 4137 8123
4174 4175 8343
4081 4099 8147
4095 4099 8186
4156 4182 8334
4038 4047 8084
4078 4120 8169
4035 4156 8186
4041 4072 8104
4130 4179 8306
4104 4133 8212
4165 4172 8306
4161 4187 8319
4129 4152 8260
4139 4194 8294
4085 4155 8235
4051 4097 8116
4167 4179 8308
4125 4173 8279
4138 4174 8275
4014 4138 8145
4177 4182 8324
4159 4199 8337
4127 4184 8293
4039 4162 8185
4049 4168 8208
4146 4153 8269
4075 4165 8239
4064 4169 8200
4132 4141 8250
4119 4190 8277
4199 4200 8375
4169 4186 8343
4033 4158 8182
4196 4199 8370
4001 4005 8003
4146 4177 8295
4092 4128 8206
4000 4089 8070
4062 4177 8219
4193 4200 8363
4107 4182 8261
4197 4200 8369
4031 4070 8066
4030 4056 8075
4129 4144 8269
4012 4146 8127
4094 4151 8235
4001 4190 8166
4104 4123 8215
4108 4187 8279
4143 4197 8339
4014 4078 8072
4194 4198 8381
4062 4097 8125
4133 4163 8261
4123 4164 8280
4006 4028 8014
4101 4107 8197
4129 4162 8267
4006 4080 8051
4150 4179 8299
4103 4164 8252
4046 4177 8222
4076 4097 8139
4117 4143 8228
4102 4185 8278
4141 4146 8256
4185 4187 8359
4012 4128 8107
4091 4152 8217
4029 4151 8166
4097 4103 8166
4098 4189 8277
4082 4149 8201
4037 4135 8153
4152 4180 8331
4155 4168 8285
4104 4106 8179
4092 4148 8210
4104 4165 8246
4131 4198 8319
4028 4166 8176
4198 4199 8376
4088 4190 8253
4137 4142 8254
4093 4161 8222
4195 4200 8381
4008 4187 8169
4190 4192 8362
4000 4154 8129
4045 4074 8102
4144 4160 8300
4000 4028 7997
4133 4145 8243
4125 4134 8254
4195 4200 8379
4105 4139 8235
4013 4115 8111
4146 4194 8332
4012 4056 8053
4057 4133 8188
4093 4192 8250
4026 4133 8142
4197 4199 8382
4043 4174 8183
4073 4100 8144
4022 4069 8080
4123 4165 8254
4161 4189 8313
4039 4130 8164
4037 4068 8092
4174 4181 8337
4039 4173 8195
4157 4199 8329
4038 4039 8064
4195 4196 8387
4056 4089 8118
4157 4197 8317
4078 4139 8182
4142 4181 8301
4156 4162 8287
4087 4189 8263
4124 4192 8291
4136 4181 8316
4130 4175 8284
4035 4157 8166
4007 4133 8108
4154 4166 8308
4018 4175 8170
4098 4105 8180
4065 4112 8165
4094 4197 8273
4043 4100 8141
4193 4197 8364
4073 4085 8148
4102 4105 8201
4042 4090 8096
4151 4184 8310
4183 4188 8335
4014 4076 8062
4160 4193 8322
4017 4070 8077
4035 4196 8210
4113 4151 8255
4091 4111 8182
4001 4033 8027
4198 4200 8377
4149 4177 8288
4108 4131 8231
4019 4087 8099
4115 4200 8279
4102 4146 8227
4190 4196 8375
4066 4132 8188
4017 4181 8176
4040 4057 8067
4083 4143 8196
4120 4171 8283
4038 4087 8123
4005 4105 8076
4071 4161 8222
4129 4186 8281
4062 4182 8220
4002 4186 8186
4121 4141 8247
4148 4150 8271
4170 4193 8332
4048 4069 8114
4046 4061 8101
4039 4107 8144
4125 4150 8246
4046 4184 8201
4163 4164 8305
4043 4063 8075
4094 4183 8266
4197 4200 8385
4054 4118 8136
4067 4070 8132
4078 4182 8232
4167 4188 8348
4018 4065 8063
4137 4190 8308
4106 4171 8242
4108 4184 8289
4178 4182 8337
4029 4079 8095
4108 4194 8287
4018 4169 8176
4055 4073 8125
4121 4163 8247
4195 4199 8358
4191 4198 8379
4088 4138 8210
4051 4131 8173
4093 4191 8269
4048 4077 8094
4105 4159 8262
4025 4189 8210
4013 4151 8139
4088 4191 8277
4112 4144 8250
4008 4104 8074
4118 4156 8242
4187 4192 8373
4015 4172 8176
4080 4095 8157
4161 4177 8313
4033 4175 8189
4179 4187 8352
4149 4191 8319
4182 4184 8347
4151 4194 8343
4013 4109 8115
4197 4200 8375
4071 4111 8173
4136 4172 8284
4073 4180 8215
4141 4198 8304
4141 4196 8329
4054 4189 8239
4181 4187 8354
4179 4190 8345
4168 4181 8334
4002 4066 8062
4022 4143 8156
4085 4161 8220
4012 4185 8186
4016 4092 8087
4018 4184 8189
4143 4186 8317
4098 4126 8222
4129 4192 8288
4025 4034 8056
4010 4141 8132
4167 4174 8323
4196 4197 8358
4171 4195 8327
4037 4098 8103
4137 4182 8299
4116 4158 8240
4125 4136 8253
4081 4103 8177
4058 4059 8081
4186 4195 8363
4060 4143 8177
4134 4145 8254
4198 4199 8379
4118 4187 8288
4012 4072 8066
4072 4099 8158
4003 4095 8065
4091 4097 8184
4047 4094 8140
4098 4185 8256
4177 4193 8336
4023 4043 8049
4102 4115 8178
4071 4151 8197
4062 4076 8116
4121 4157 8266
4028 4150 8167
4029 4198 8215
4079 4190 8247
4036 4051 8080
4103 4137 8233
4190 4194 8346
4027 4050 8049
4036 4193 8207
4029 4112 8125
4079 4180 8225
4198 4200 8395
4024 4137 8152
4046 4136 8148
4177 4194 8359
4192 4195 8370
4091 4161 8231
4015 4084 8088
4004 4152 8118
4183 4198 8361
4082 4113 8173
4087 4153 8206
4081 4113 8163
4054 4184 8200
4153 4197 8321
4170 4182 8337
4117 4171 8265
4192 4193 8370
4053 4112 8150
4145 4198 8309
4166 4191 8330
4081 4198 8273
4086 4108 8166
4050 4065 8088
4191 4200 8378
4054 4098 8132
4102 4161 8257
4064 4157 8195
4161 4191 8341
4199 4200 8398
4034 4147 8152
4165 4170 8331
4090 4132 8213
4106 4140 8238
4021 4161 8177
4036 4165 8195
4138 4154 8262
4153 4189 8307
4030 4075 8075
4103 4186 8252
4038 4129 8161
4190 4196 8374
4130 4197 8313
4032 4190 8208
4024 4083 8095
4093 4166 8249
4044 4144 8184
4104 4178 8274
4198 4200 8359
4057 4088 8107
4047 4075 8091
4127 4155 8265
4025 4127 8140
4130 4193 8290
4198 4200 8374
4004 4016 7995
4143 4149 8283
4165 4171 8309
4118 4123 8211
4143 4153 8288
4067 4090 8148
4135 4165 8294
4100 4167 8256
4024 4074 8092
4021 4074 8060
4161 4168 8312
4014 4097 8085
4072 4165 8200
4169 4194 8328
4103 4151 8239
4000 4146 8144
4025 4185 8181
4169 4191 8347
4167 4185 8320
4192 4198 8389
4050 4062 8098
4158 4172 8317
4060 4101 8156
4175 4200 8343
4063 4133 8193
4175 4194 8334
4174 4176 8327
4152 4195 8315
4123 4193 8285
4067 4089 8146
4009 4067 8066
4170 4196 8338
4100 4159 8247
4087 4143 8197
4183 4186 8361
4023 4054 8052
4063 4187 8243
4086 4147 8228
4147 4164 8286
4035 4146 8146
4129 4171 8277
4170 4184 8349
4086 4199 8256
4017 4026 8024
4161 4172 8310
4027 4195 8193
4009 4166 8162
4134 4145 8275
4192 4196 8382
4021 4027 8026
4040 4049 8053
4107 4150 8226
4061 4183 8212
4010 4016 8011
4047 4116 8145
4191 4197 8380
4028 4130 8135
4092 4123 8182
4010 4054 8036
4165 4169 8330
4000 4154 8118
4013 4044 8019
4174 4182 8340
4106 4180 8248
4152 4196 8325
4122 4147 8250
4062 4131 8156
4076 4101 8162
4156 4180 8325
4038 4051 8080
4199 4200 8368
4103 4155 8239
4181 4187 8364
4039 4108 8134
4071 4088 8146
4000 4030 8013
4038 4053 8078
4058 4081 8109
4168 4171 8329
4190 4193 8369
4172 4174 8323
4139 4194 8310
4042 4108 8134
4014 4200 8211

0.010000 0.640000
