100
328944
3190 3192 6382
3145 3188 6333
3125 3178 6303
3055 3117 6172
3146 3169 6315
3086 3113 6199
3016 3043 6059
3079 3123 6202
3017 3024 6041
3069 3074 6143
3074 3182 6256
3099 3105 6204
3089 3197 6286
3021 3098 6119
3143 3178 6321
3003 3156 6159
3066 3085 6151
3100 3151 6251
3198 3199 6397
3093 3137 6230
3111 3131 6242
3116 3188 6304
3117 3195 6312
3104 3129 6233
3030 3051 6081
3193 3197 6390
3158 3193 6351
3093 3179 6272
3114 3175 6289
3161 3197 6358
3049 3069 6118
3179 3191 6370
3046 3152 6198
3140 3182 6322
3147 3148 6295
3138 3145 6283
3060 3152 6212
3190 3192 6382
3184 3188 6372
3090 3167 6257
3190 3193 6383
3146 3187 6333
3013 3160 6173
3012 3095 6107
3156 3184 6340
3001 3122 6123
3144 3148 6292
3184 3190 6374
3199 3200 6399
3115 3173 6288
3115 3191 6306
3184 3186 6370
3101 3163 6264
3020 3062 6082
3014 3162 6176
3068 3178 6246
3029 3122 6151
3042 3164 6206
3172 3183 6355
3031 3132 6163
3029 3043 6072
3189 3194 6383
3081 3093 6174
3154 3170 6324
3194 3197 6391
3072 3148 6220
3050 3059 6109
3127 3196 6323
3175 3195 6370
3183 3195 6378
3101 3165 6266
3128 3188 6316
3153 3164 6317
3009 3197 6206
3130 3182 6312
3065 3067 6132
3050 3125 6175
3055 3117 6172
3169 3187 6356
3082 3178 6260
3044 3119 6163
3093 3145 6238
3157 3169 6326
3097 3172 6269
3064 3144 6208
3017 3100 6117
3177 3179 6356
3047 3087 6134
3191 3195 6386
3049 3134 6183
3162 3166 6328
3154 3182 6336
3119 3128 6247
3104 3169 6273
3045 3082 6127
3146 3167 6313
3194 3198 6392
3179 3185 6364
3042 3185 6227
3143 3175 6318

4105 4114 8185
4168 4186 8317
4070 4149 8199
4182 4188 8344
4120 4142 8232
4027 4125 8126
4165 4188 8348
4144 4197 8322
4172 4192 8357
4017 4133 8149
4058 4067 8091
4028 4183 8201
4192 4194 8383
4043 4137 8178
4094 4159 8225
4027 4131 8127
4176 4182 8319
4154 4161 8276
4066 4184 8236
4182 4191 8350
4124 4198 8298
4043 4143 8175
4085 4109 8184
4069 4157 8194
4181 4195 8341
4087 4091 8153
4042 4132 8149
4166 4179 8320
4167 4198 8331
4015 4050 8033
4000 4068 8048
4018 4166 8182
4086 4090 8144
4117 4191 8273
4035 4121 8135
4188 4190 8373
4157 4158 8287
4053 4143 8171
4027 4132 8125
4099 4128 8199
4013 4097 8103
4125 4147 8265
4154 4192 8318
4146 4184 8310
4082 4161 8209
4058 4080 8118
4092 4159 8239
4102 4120 8191
4156 4172 8303
4013 4115 8099
4154 4199 8324
4063 4176 8215
4148 4177 8302
4102 4114 8177
4055 4155 8196
4073 4185 8248
4124 4173 8285
4111 4124 8226
4142 4198 8324
4013 4158 8161
4196 4200 8372
4124 4167 8279
4138 4146 8257
4107 4138 8229
4050 4194 8217
4008 4071 8072
4096 4151 8209
4019 4030 8038
4105 4145 8234
4091 4122 8193
4186 4196 8375
4155 4167 8312
4061 4180 8227
4091 4171 8224
4069 4095 8153
4067 4078 8114
4125 4134 8223
4015 4125 8102
4021 4198 8192
4135 4142 8249
4106 4163 8232
4059 4060 8085
4022 4032 8053
4028 4095 8103
4174 4184 8338
4072 4198 8266
4022 4073 8074
4078 4085 8133
4024 4067 8074
4092 4183 8241
4025 4119 8129
4137 4142 8264
4167 4174 8331
4106 4138 8243
4172 4198 8364
4126 4156 8256
4196 4197 8388
4059 4130 8187
4182 4198 8376
4136 4152 8259

0.010000 0.400000
