1000
4856216
3003 3057 6060
3074 3149 6223
3097 3182 6279
3114 3185 6299
3184 3195 6379
3121 3162 6283
3069 3195 6264
3050 3056 6106
3132 3188 6320
3007 3070 6077
3137 3138 6275
3044 3110 6154
3061 3147 6208
3198 3199 6397
3059 3158 6217
3095 3117 6212
3183 3185 6368
3199 3200 6399
3136 3141 6277
3191 3198 6389
3131 3190 6321
3169 3172 6341
3130 3169 6299
3187 3200 6387
3028 3040 6068
3134 3136 6270
3059 3083 6142
3009 3062 6071
3140 3192 6332
3155 3188 6343
3017 3173 6190
3164 3191 6355
3006 3105 6111
3126 3131 6257
3002 3184 6186
3188 3196 6384
3044 3185 6229
3100 3135 6235
3113 3199 6312
3062 3156 6218
3164 3167 6331
3163 3188 6351
3162 3184 6346
3189 3196 6385
3158 3186 6344
3125 3131 6256
3114 3127 6241
3001 3009 6010
3137 3198 6335
3197 3200 6397
3178 3184 6362
3142 3189 6331
3126 3138 6264
3127 3180 6307
3116 3154 6270
3040 3157 6197
3012 3051 6063
3114 3180 6294
3190 3193 6383
3173 3198 6371
3021 3088 6109
3040 3200 6240
3087 3122 6209
3059 3093 6152
3104 3192 6296
3146 3172 6318
3111 3159 6270
3154 3179 6333
3016 3172 6188
3181 3198 6379
3011 3087 6098
3101 3104 6205
3140 3144 6284
3001 3017 6018
3073 3134 6207
3133 3188 6321
3136 3166 6302
3123 3195 6318
3160 3171 6331
3158 3193 6351
3164 3181 6345
3105 3136 6241
3019 3135 6154
3102 3169 6271
3123 3153 6276
3061 3193 6254
3000 3097 6097
3058 3136 6194
3143 3144 6287
3013 3037 6050
3019 3107 6126
3011 3113 6124
3146 3191 6337
3193 3197 6390
3072 3097 6169
3145 3150 6295
3063 3140 6203
3118 3125 6243
3080 3150 6230
3014 3057 6071
3153 3190 6343
3003 3066 6069
3042 3127 6169
3029 3078 6107
3132 3169 6301
3122 3183 6305
3150 3180 6330
3124 3168 6292
3051 3107 6158
3193 3199 6392
3134 3145 6279
3191 3196 6387
3033 3106 6139
3160 3182 6342
3061 3200 6261
3023 3147 6170
3003 3140 6143
3165 3166 6331
3060 3124 6184
3187 3189 6376
3141 3196 6337
3037 3113 6150
3090 3117 6207
3012 3178 6190
3076 3138 6214
3150 3191 6341
3196 3198 6394
3047 3153 6200
3051 3125 6176
3043 3074 6117
3021 3176 6197
3142 3169 6311
3194 3197 6391
3039 3105 6144
3158 3168 6326
3103 3174 6277
3179 3190 6369
3077 3111 6188
3001 3119 6120
3154 3196 6350
3102 3117 6219
3006 3127 6133
3074 3186 6260
3116 3118 6234
3175 3183 6358
3028 3173 6201
3063 3158 6221
3041 3185 6226
3094 3109 6203
3030 3063 6093
3090 3114 6204
3129 3144 6273
3063 3122 6185
3084 3117 6201
3139 3195 6334
3041 3084 6125
3090 3117 6207
3181 3190 6371
3051 3083 6134
3076 3104 6180
3101 3194 6295
3176 3186 6362
3038 3189 6227
3027 3146 6173
3057 3113 6170
3167 3168 6335
3151 3182 6333
3107 3181 6288
3050 3132 6182
3074 3166 6240
3122 3152 6274
3094 3185 6279
3146 3151 6297
3002 3129 6131
3198 3200 6398
3181 3192 6373
3159 3178 6337
3156 3183 6339
3105 3124 6229
3163 3169 6332
3139 3146 6285
3152 3163 6315
3016 3153 6169
3117 3150 6267
3061 3076 6137
3138 3156 6294
3023 3099 6122
3040 3078 6118
3181 3197 6378
3064 3139 6203
3109 3156 6265
3146 3170 6316
3045 3141 6186
3093 3194 6287
3059 3092 6151
3037 3131 6168
3142 3185 6327
3101 3126 6227
3189 3197 6386
3153 3154 6307
3080 3178 6258
3169 3197 6366
3002 3014 6016
3026 3077 6103
3014 3152 6166
3126 3140 6266
3128 3180 6308
3025 3133 6158
3049 3175 6224
3112 3189 6301
3195 3199 6394
3014 3116 6130
3131 3134 6265
3196 3198 6394
3144 3146 6290
3142 3172 6314
3086 3092 6178
3133 3183 6316
3060 3149 6209
3129 3138 6267
3125 3167 6292
3143 3200 6343
3146 3148 6294
3191 3196 6387
3146 3184 6330
3154 3189 6343
3068 3124 6192
3116 3139 6255
3002 3042 6044
3025 3049 6074
3113 3191 6304
3017 3200 6217
3006 3169 6175
3179 3200 6379
3183 3197 6380
3108 3195 6303
3091 3200 6291
3056 3058 6114
3194 3196 6390
3018 3085 6103
3140 3153 6293
3185 3197 6382
3061 3143 6204
3163 3197 6360
3045 3180 6225
3097 3169 6266
3185 3193 6378
3030 3088 6118
3154 3194 6348
3191 3197 6388
3123 3172 6295
3142 3160 6302
3113 3149 6262
3000 3064 6064
3178 3190 6368
3149 3186 6335
3037 3173 6210
3008 3120 6128
3041 3161 6202
3119 3198 6317
3037 3114 6151
3057 3184 6241
3169 3183 6352
3066 3166 6232
3059 3106 6165
3199 3200 6399
3002 3011 6013
3181 3184 6365
3144 3200 6344
3147 3179 6326
3067 3165 6232
3022 3143 6165
3128 3152 6280
3182 3185 6367
3192 3193 6385
3183 3195 6378
3106 3131 6237
3095 3165 6260
3122 3144 6266
3027 3158 6185
3187 3194 6381
3088 3146 6234
3109 3152 6261
3189 3193 6382
3186 3198 6384
3021 3141 6162
3197 3198 6395
3010 3054 6064
3110 3144 6254
3190 3199 6389
3010 3156 6166
3184 3189 6373
3126 3198 6324
3191 3195 6386
3014 3129 6143
3133 3138 6271
3040 3190 6230
3182 3197 6379
3020 3079 6099
3060 3170 6230
3086 3103 6189
3148 3176 6324
3059 3143 6202
3030 3062 6092
3078 3184 6262
3031 3032 6063
3066 3073 6139
3069 3185 6254
3017 3033 6050
3031 3190 6221
3117 3177 6294
3046 3054 6100
3062 3071 6133
3118 3164 6282
3072 3174 6246
3159 3165 6324
3199 3200 6399
3061 3148 6209
3068 3196 6264
3031 3061 6092
3027 3078 6105
3021 3076 6097
3032 3170 6202
3085 3162 6247
3101 3137 6238
3050 3067 6117
3176 3190 6366
3042 3198 6240
3149 3160 6309
3166 3193 6359
3019 3185 6204
3107 3108 6215
3149 3155 6304
3117 3140 6257
3122 3125 6247
3129 3162 6291
3014 3157 6171
3012 3014 6026
3116 3137 6253
3020 3122 6142
3003 3021 6024
3016 3097 6113
3169 3182 6351
3159 3181 6340
3062 3102 6164
3131 3151 6282
3094 3113 6207
3020 3060 6080
3057 3080 6137
3177 3193 6370
3029 3040 6069
3195 3198 6393
3183 3199 6382
3139 3188 6327
3121 3126 6247
3183 3186 6369
3044 3137 6181
3099 3161 6260
3128 3200 6328
3113 3183 6296
3113 3143 6256
3009 3182 6191
3073 3197 6270
3160 3199 6359
3044 3046 6090
3013 3113 6126
3079 3147 6226
3033 3128 6161
3063 3069 6132
3094 3193 6287
3071 3087 6158
3051 3194 6245
3168 3183 6351
3130 3169 6299
3150 3166 6316
3102 3131 6233
3001 3187 6188
3094 3095 6189
3174 3191 6365
3148 3183 6331
3015 3062 6077
3096 3148 6244
3162 3192 6354
3184 3192 6376
3168 3180 6348
3074 3192 6266
3046 3127 6173
3046 3145 6191
3112 3135 6247
3169 3177 6346
3012 3095 6107
3194 3195 6389
3165 3178 6343
3191 3197 6388
3013 3025 6038
3005 3047 6052
3068 3200 6268
3133 3157 6290
3100 3139 6239
3084 3169 6253
3018 3104 6122
3196 3198 6394
3177 3186 6363
3051 3139 6190
3031 3094 6125
3125 3172 6297
3076 3185 6261
3003 3098 6101
3023 3130 6153
3128 3187 6315
3039 3129 6168
3135 3192 6327
3042 3100 6142
3018 3172 6190
3017 3192 6209
3036 3157 6193
3175 3183 6358
3106 3124 6230
3072 3147 6219
3153 3184 6337
3188 3193 6381
3164 3165 6329
3046 3121 6167
3197 3198 6395
3096 3161 6257
3006 3028 6034
3094 3189 6283
3136 3174 6310
3196 3200 6396
3107 3139 6246
3025 3084 6109
3188 3190 6378
3135 3157 6292
3159 3177 6336
3012 3084 6096
3156 3168 6324
3192 3198 6390
3090 3100 6190
3067 3168 6235
3117 3130 6247
3041 3091 6132
3008 3158 6166
3075 3200 6275
3180 3184 6364
3090 3162 6252
3007 3127 6134
3092 3186 6278
3152 3180 6332
3059 3130 6189
3033 3105 6138
3149 3197 6346
3130 3164 6294
3094 3098 6192
3189 3192 6381
3021 3094 6115
3057 3064 6121
3171 3177 6348
3008 3117 6125
3030 3098 6128
3194 3199 6393
3157 3177 6334
3042 3112 6154
3068 3103 6171
3143 3161 6304
3036 3186 6222
3142 3167 6309
3070 3187 6257
3182 3195 6377
3173 3191 6364
3112 3168 6280
3019 3021 6040
3133 3171 6304
3031 3037 6068
3126 3168 6294
3089 3163 6252
3165 3166 6331
3126 3194 6320
3104 3171 6275
3185 3188 6373
3196 3198 6394
3045 3095 6140
3009 3101 6110
3055 3107 6162
3079 3138 6217
3174 3187 6361
3186 3189 6375
3104 3121 6225
3007 3125 6132
3181 3189 6370
3133 3167 6300
3124 3129 6253
3162 3182 6344
3190 3198 6388
3071 3170 6241
3150 3189 6339
3109 3177 6286
3012 3100 6112
3057 3096 6153
3009 3111 6120
3153 3192 6345
3003 3138 6141
3056 3132 6188
3036 3089 6125
3195 3198 6393
3136 3154 6290
3098 3157 6255
3113 3188 6301
3112 3199 6311
3167 3191 6358
3180 3193 6373
3074 3112 6186
3160 3186 6346
3052 3095 6147
3042 3174 6216
3157 3162 6319
3017 3151 6168
3021 3083 6104
3134 3190 6324
3001 3197 6198
3143 3177 6320
3151 3184 6335
3171 3173 6344
3136 3178 6314
3074 3082 6156
3056 3141 6197
3140 3167 6307
3135 3156 6291
3176 3184 6360
3117 3150 6267
3072 3181 6253
3139 3186 6325
3140 3168 6308
3069 3129 6198
3081 3200 6281
3127 3186 6313
3079 3174 6253
3197 3199 6396
3157 3172 6329
3035 3037 6072
3157 3173 6330
3044 3144 6188
3179 3192 6371
3174 3199 6373
3027 3109 6136
3169 3181 6350
3122 3178 6300
3110 3194 6304
3000 3121 6121
3139 3167 6306
3014 3044 6058
3159 3161 6320
3153 3171 6324
3041 3195 6236
3132 3177 6309
3082 3104 6186
3168 3184 6352
3059 3177 6236
3192 3197 6389
3191 3195 6386
3095 3190 6285
3104 3122 6226
3140 3160 6300
3198 3200 6398
3024 3178 6202
3065 3080 6145
3155 3157 6312
3010 3081 6091
3153 3182 6335
3021 3134 6155
3190 3200 6390
3103 3112 6215
3182 3188 6370
3006 3187 6193
3014 3118 6132
3109 3152 6261
3183 3189 6372
3147 3178 6325
3131 3149 6280
3132 3133 6265
3067 3164 6231
3151 3196 6347
3044 3131 6175
3066 3081 6147
3052 3111 6163
3138 3157 6295
3048 3049 6097
3106 3183 6289
3197 3200 6397
3022 3063 6085
3075 3190 6265
3031 3067 6098
3073 3139 6212
3156 3182 6338
3132 3194 6326
3145 3151 6296
3165 3194 6359
3039 3144 6183
3182 3197 6379
3142 3149 6291
3184 3187 6371
3049 3079 6128
3070 3071 6141
3085 3109 6194
3010 3014 6024
3180 3192 6372
3068 3172 6240
3175 3193 6368
3098 3195 6293
3107 3173 6280
3132 3147 6279
3094 3154 6248
3036 3094 6130
3130 3164 6294
3047 3158 6205
3050 3162 6212
3122 3130 6252
3098 3145 6243
3133 3182 6315
3040 3123 6163
3161 3182 6343
3081 3095 6176
3174 3194 6368
3069 3124 6193
3087 3133 6220
3162 3195 6357
3009 3144 6153
3164 3182 6346
3067 3192 6259
3120 3169 6289
3035 3160 6195
3156 3157 6313
3029 3079 6108
3184 3195 6379
3155 3200 6355
3045 3189 6234
3080 3184 6264
3183 3186 6369
3061 3069 6130
3012 3182 6194
3013 3017 6030
3097 3150 6247
3046 3121 6167
3092 3142 6234
3129 3175 6304
3027 3042 6069
3111 3196 6307
3047 3113 6160
3001 3125 6126
3179 3183 6362
3125 3173 6298
3140 3159 6299
3100 3124 6224
3126 3164 6290
3144 3149 6293
3067 3200 6267
3105 3108 6213
3001 3184 6185
3113 3139 6252
3031 3189 6220
3082 3189 6271
3020 3127 6147
3121 3194 6315
3090 3128 6218
3176 3190 6366
3099 3104 6203
3159 3193 6352
3199 3200 6399
3105 3185 6290
3038 3072 6110
3050 3171 6221
3196 3198 6394
3192 3195 6387
3068 3133 6201
3176 3178 6354
3046 3067 6113
3155 3170 6325
3147 3196 6343
3133 3176 6309
3033 3194 6227
3090 3126 6216
3130 3181 6311
3079 3145 6224
3087 3183 6270
3069 3152 6221
3090 3194 6284
3041 3045 6086
3087 3094 6181
3086 3184 6270
3026 3093 6119
3078 3155 6233
3178 3179 6357
3001 3107 6108
3066 3193 6259
3120 3178 6298
3058 3071 6129
3009 3057 6066
3162 3167 6329
3050 3190 6240
3124 3146 6270
3045 3113 6158
3027 3187 6214
3058 3136 6194
3015 3071 6086
3194 3195 6389
3100 3116 6216
3050 3064 6114
3068 3199 6267
3130 3153 6283
3073 3196 6269
3176 3200 6376
3024 3055 6079
3052 3096 6148
3074 3193 6267
3004 3099 6103
3183 3190 6373
3134 3183 6317
3160 3185 6345
3194 3198 6392
3171 3186 6357
3024 3064 6088
3148 3162 6310
3056 3126 6182
3093 3135 6228
3066 3067 6133
3035 3189 6224
3017 3085 6102
3115 3184 6299
3136 3189 6325
3108 3189 6297
3178 3180 6358
3018 3038 6056
3172 3184 6356
3003 3141 6144
3181 3189 6370
3061 3150 6211
3109 3143 6252
3011 3057 6068
3076 3089 6165
3190 3194 6384
3182 3184 6366
3174 3188 6362
3072 3146 6218
3012 3095 6107
3113 3155 6268
3193 3195 6388
3163 3165 6328
3157 3198 6355
3037 3053 6090
3166 3172 6338
3097 3199 6296
3198 3199 6397
3037 3171 6208
3184 3187 6371
3149 3198 6347
3056 3168 6224
3091 3139 6230
3182 3198 6380
3027 3052 6079
3052 3105 6157
3029 3032 6061
3105 3162 6267
3049 3071 6120
3138 3165 6303
3133 3199 6332
3112 3190 6302
3052 3106 6158
3102 3188 6290
3151 3157 6308
3111 3116 6227
3087 3187 6274
3140 3180 6320
3182 3195 6377
3066 3112 6178
3094 3097 6191
3061 3143 6204
3024 3092 6116
3071 3103 6174
3004 3056 6060
3098 3163 6261
3067 3120 6187
3060 3185 6245
3089 3146 6235
3023 3092 6115
3006 3115 6121
3078 3164 6242
3119 3121 6240
3139 3147 6286
3173 3197 6370
3084 3177 6261
3006 3170 6176
3175 3176 6351
3087 3195 6282
3187 3188 6375
3055 3091 6146
3101 3159 6260
3058 3177 6235
3010 3145 6155
3006 3011 6017
3178 3196 6374
3033 3167 6200
3112 3151 6263
3002 3004 6006
3166 3191 6357
3083 3103 6186
3012 3142 6154
3081 3184 6265
3043 3199 6242
3032 3170 6202
3157 3177 6334
3063 3070 6133
3076 3142 6218
3055 3200 6255
3107 3110 6217
3167 3200 6367
3040 3175 6215
3171 3174 6345
3109 3148 6257
3173 3177 6350
3071 3159 6230
3119 3149 6268
3196 3197 6393
3147 3148 6295
3091 3131 6222
3007 3052 6059
3119 3158 6277
3074 3130 6204
3041 3050 6091
3017 3133 6150
3168 3191 6359
3147 3181 6328
3138 3188 6326
3059 3089 6148
3127 3134 6261
3190 3198 6388
3141 3195 6336
3182 3192 6374
3061 3088 6149
3009 3155 6164
3007 3016 6023
3146 3200 6346
3003 3131 6134
3061 3189 6250
3197 3200 6397
3083 3101 6184
3019 3162 6181
3141 3154 6295
3184 3200 6384
3036 3101 6137
3054 3200 6254
3144 3159 6303
3034 3080 6114
3147 3196 6343
3191 3197 6388
3009 3056 6065
3048 3076 6124
3077 3115 6192
3032 3035 6067
3004 3045 6049
3024 3040 6064
3195 3197 6392
3011 3194 6205
3083 3126 6209
3004 3144 6148
3164 3191 6355
3131 3195 6326
3041 3166 6207
3063 3092 6155
3117 3121 6238
3108 3136 6244
3159 3179 6338
3135 3187 6322
3070 3121 6191
3152 3154 6306
3173 3187 6360
3147 3168 6315
3037 3072 6109
3027 3033 6060
3186 3193 6379
3199 3200 6399
3001 3132 6133
3088 3093 6181
3015 3155 6170
3005 3038 6043
3087 3152 6239
3157 3177 6334
3192 3194 6386
3006 3161 6167
3081 3179 6260
3156 3196 6352
3164 3187 6351
3033 3187 6220
3120 3165 6285
3107 3162 6269
3127 3156 6283
3074 3164 6238
3078 3149 6227
3101 3176 6277
3069 3170 6239
3053 3122 6175
3040 3190 6230
3034 3181 6215
3178 3180 6358
3157 3170 6327
3067 3082 6149
3084 3124 6208
3159 3181 6340
3144 3192 6336
3119 3145 6264
3108 3133 6241
3183 3185 6368
3101 3123 6224
3121 3125 6246
3188 3190 6378
3058 3067 6125
3185 3187 6372
3012 3017 6029
3061 3181 6242
3129 3163 6292
3061 3070 6131
3098 3099 6197
3019 3145 6164
3059 3137 6196
3011 3168 6179
3063 3078 6141
3175 3186 6361
3190 3195 6385
3082 3165 6247
3023 3194 6217
3077 3192 6269
3034 3056 6090
3056 3139 6195
3049 3127 6176
3198 3200 6398
3186 3194 6380
3039 3184 6223
3067 3162 6229
3081 3192 6273
3036 3072 6108
3091 3160 6251
3007 3158 6165
3157 3177 6334
3146 3177 6323
3146 3149 6295
3021 3087 6108
3161 3192 6353
3194 3199 6393
3164 3198 6362
3042 3086 6128
3055 3178 6233
3059 3116 6175
3085 3151 6236
3170 3195 6365
3118 3178 6296
3112 3142 6254
3128 3185 6313
3146 3177 6323
3183 3189 6372
3193 3194 6387
3142 3144 6286
3016 3163 6179
3066 3123 6189
3054 3062 6116
3174 3190 6364
3118 3158 6276
3145 3151 6296
3039 3158 6197
3159 3196 6355
3188 3197 6385
3148 3161 6309
3003 3094 6097
3052 3146 6198
3126 3193 6319
3151 3159 6310
3062 3196 6258
3166 3175 6341
3181 3184 6365
3112 3146 6258
3133 3158 6291
3056 3196 6252
3009 3143 6152
3045 3200 6245
3086 3117 6203
3190 3196 6386
3063 3170 6233
3045 3058 6103
3067 3089 6156
3007 3081 6088
3095 3098 6193
3052 3162 6214
3086 3169 6255
3068 3105 6173
3073 3145 6218
3109 3117 6226
3131 3163 6294
3001 3114 6115
3136 3169 6305
3131 3196 6327
3130 3172 6302
3131 3163 6294
3047 3122 6169

4098 4125 8207
4151 4196 8315
4048 4146 8193
4026 4149 8145
4032 4102 8103
4103 4174 8250
4157 4163 8307
4048 4121 8138
4067 4182 8228
4035 4044 8051
4033 4046 8058
4119 4139 8242
4073 4164 8227
4159 4194 8325
4076 4134 8209
4140 4200 8318
4183 4188 8370
4109 4122 8200
4111 4128 8219
4154 4160 8280
4143 4174 8291
4180 4185 8340
4082 4128 8178
4046 4149 8188
4134 4177 8295
4149 4166 8278
4154 4184 8336
4033 4074 8072
4061 4103 8148
4002 4158 8135
4035 4128 8134
4147 4185 8321
4158 4194 8316
4079 4131 8207
4130 4136 8236
4086 4133 8210
4065 4185 8216
4165 4180 8331
4117 4124 8223
4184 4197 8367
4159 4177 8306
4036 4042 8071
4062 4149 8192
4197 4198 8370
4062 4121 8175
4081 4183 8230
4013 4129 8136
4035 4051 8067
4005 4007 8005
4120 4160 8249
4005 4132 8116
4031 4079 8082
4098 4158 8253
4083 4197 8262
4185 4190 8372
4024 4076 8092
4097 4115 8178
4123 4135 8231
4040 4199 8223
4129 4167 8266
4199 4200 8365
4182 4196 8371
4039 4156 8171
4189 4196 8350
4120 4126 8237
4137 4142 8247
4102 4190 8268
4126 4177 8287
4110 4181 8288
4175 4184 8351
4197 4198 8357
4086 4160 8217
4147 4155 8297
4034 4093 8107
4063 4082 8124
4121 4151 8263
4175 4177 8335
4089 4186 8247
4183 4185 8335
4114 4160 8257
4013 4105 8085
4042 4071 8077
4161 4182 8307
4004 4092 8076
4019 4131 8119
4153 4198 8318
4092 4173 8237
4075 4144 8191
4072 4082 8153
4114 4178 8273
4071 4159 8209
4084 4163 8221
4179 4196 8372
4171 4195 8328
4033 4098 8094
4162 4198 8349
4065 4128 8158
4157 4187 8315
4053 4178 8212
4059 4194 8223
4038 4171 8197
4140 4151 8282
4020 4116 8102
4009 4195 8169
4071 4163 8216
4164 4193 8343
4053 4197 8226
4052 4054 8099
4063 4161 8189
4054 4192 8222
4147 4176 8308
4168 4192 8352
4032 4196 8209
4002 4068 8050
4077 4121 8192
4066 4159 8193
4084 4139 8195
4087 4109 8165
4091 4121 8197
4152 4187 8305
4060 4122 8173
4033 4057 8080
4086 4094 8158
4178 4184 8360
4096 4112 8207
4177 4194 8366
4057 4097 8137
4107 4132 8207
4128 4190 8316
4195 4196 8359
4087 4157 8220
4020 4044 8062
4161 4185 8318
4043 4079 8095
4076 4167 8214
4106 4160 8235
4156 4180 8304
4049 4117 8147
4056 4144 8171
4062 4165 8224
4003 4129 8130
4191 4200 8389
4192 4196 8372
4189 4199 8360
4069 4094 8126
4016 4178 8159
4127 4174 8285
4089 4123 8202
4004 4117 8095
4187 4192 8340
4133 4166 8263
4143 4150 8271
4148 4149 8269
4015 4025 8004
4031 4119 8112
4178 4196 8372
4150 4168 8309
4121 4128 8219
4182 4199 8363
4063 4155 8196
4093 4187 8250
4131 4193 8318
4083 4162 8231
4154 4167 8306
4192 4194 8348
4110 4147 8255
4043 4107 8138
4064 4190 8227
4081 4125 8173
4171 4177 8312
4143 4150 8272
4038 4191 8203
4149 4200 8316
4190 4199 8373
4072 4132 8186
4034 4168 8195
4124 4152 8248
4060 4091 8119
4128 4181 8291
4096 4103 8186
4059 4126 8164
4062 4179 8232
4195 4196 8376
4199 4200 8365
4072 4172 8224
4022 4145 8130
4168 4179 8316
4028 4101 8126
4077 4142 8209
4057 4098 8137
4138 4181 8285
4103 4115 8206
4000 4033 8004
4101 4188 8262
4035 4136 8147
4060 4125 8154
4146 4176 8318
4036 4147 8165
4131 4132 8235
4100 4146 8224
4046 4047 8081
4169 4200 8351
4132 4137 8247
4189 4194 8350
4020 4041 8054
4042 4160 8184
4129 4198 8308
4191 4198 8386
4078 4200 8252
4166 4175 8340
4048 4196 8230
4055 4065 8088
4170 4176 8311
4033 4101 8125
4118 4155 8255
4073 4096 8139
4192 4197 8383
4037 4062 8085
4033 4119 8130
4025 4200 8214
4118 4170 8280
4186 4189 8338
4083 4126 8178
4034 4100 8131
4178 4193 8369
4001 4156 8133
4077 4115 8178
4115 4179 8273
4143 4186 8299
4093 4098 8160
4042 4166 8173
4134 4196 8326
4035 4176 8173
4139 4169 8306
4013 4030 8039
4098 4174 8254
4176 4186 8357
4051 4196 8239
4004 4191 8170
4115 4165 8271
4001 4136 8131
4191 4198 8365
4095 4142 8221
4024 4153 8164
4088 4141 8219
4122 4136 8241
4003 4129 8109
4012 4085 8060
4021 4092 8084
4036 4166 8201
4076 4138 8189
4049 4098 8119
4048 4121 8165
4181 4198 8340
4074 4143 8181
4025 4161 8157
4138 4151 8255
4015 4078 8064
4058 4099 8156
4182 4187 8353
4040 4066 8075
4025 4066 8058
4008 4057 8028
4045 4075 8118
4089 4160 8229
4001 4138 8138
4195 4200 8388
4102 4167 8251
4010 4188 8180
4161 4165 8298
4033 4096 8094
4159 4168 8293
4184 4185 8352
4181 4194 8372
4020 4088 8089
4168 4179 8317
4005 4130 8114
4163 4170 8322
4045 4060 8088
4169 4194 8362
4158 4167 8315
4083 4170 8220
4160 4198 8348
4059 4103 8130
4179 4199 8372
4153 4158 8275
4191 4197 8377
4180 4188 8365
4080 4145 8210
4152 4174 8313
4106 4132 8226
4102 4187 8269
4196 4200 8357
4120 4137 8246
4159 4160 8287
4018 4072 8069
4031 4053 8049
4067 4112 8141
4158 4186 8336
4120 4180 8274
4121 4139 8249
4020 4057 8055
4176 4197 8370
4010 4032 8020
4000 4186 8166
4041 4080 8083
4193 4200 8355
4042 4059 8075
4082 4186 8255
4195 4197 8387
4035 4137 8155
4056 4120 8149
4019 4181 8162
4002 4069 8057
4188 4192 8354
4095 4146 8219
4128 4142 8253
4157 4169 8301
4178 4179 8352
4066 4142 8207
4189 4195 8356
4178 4185 8350
4157 4187 8318
4171 4196 8341
4171 4182 8341
4002 4161 8125
4013 4130 8127
4132 4189 8303
4174 4186 8328
4169 4187 8355
4166 4179 8344
4153 4162 8314
4173 4177 8329
4020 4097 8086
4161 4186 8308
4085 4112 8182
4179 4196 8336
4099 4197 8262
4188 4195 8377
4075 4158 8199
4149 4151 8283
4097 4151 8223
4060 4194 8246
4120 4189 8281
4077 4085 8130
4105 4169 8247
4145 4153 8294
4055 4177 8210
4046 4084 8129
4155 4187 8308
4074 4180 8248
4052 4162 8205
4104 4191 8272
4182 4187 8368
4195 4200 8393
4028 4075 8083
4166 4188 8327
4008 4091 8083
4188 4198 8364
4068 4155 8194
4181 4198 8350
4035 4080 8105
4090 4194 8278
4017 4087 8072
4071 4143 8206
4026 4178 8199
4003 4178 8166
4167 4200 8332
4104 4135 8232
4140 4175 8290
4126 4177 8274
4054 4069 8092
4073 4123 8189
4159 4180 8313
4097 4102 8175
4073 4091 8145
4123 4184 8278
4064 4175 8232
4159 4189 8315
4041 4099 8108
4053 4174 8222
4114 4192 8275
4145 4171 8277
4105 4176 8244
4049 4190 8209
4181 4184 8330
4011 4151 8131
4130 4132 8247
4180 4189 8360
4008 4059 8058
4194 4199 8359
4105 4136 8209
4036 4124 8123
4113 4183 8287
4116 4189 8272
4175 4190 8353
4190 4200 8370
4076 4183 8235
4119 4126 8229
4041 4047 8079
4144 4155 8278
4074 4092 8153
4175 4188 8356
4041 4165 8199
4091 4114 8176
4140 4180 8303
4058 4065 8102
4196 4199 8369
4133 4180 8280
4008 4170 8149
4038 4176 8208
4077 4165 8239
4078 4101 8147
4178 4185 8354
4085 4087 8148
4122 4197 8303
4073 4164 8228
4045 4126 8165
4014 4026 8010
4116 4148 8232
4021 4121 8107
4155 4174 8314
4103 4180 8270
4052 4143 8167
4179 4188 8348
4044 4162 8179
4138 4185 8300
4076 4088 8131
4170 4176 8316
4083 4171 8218
4150 4185 8324
4187 4189 8359
4017 4045 8024
4135 4181 8291
4078 4185 8231
4085 4089 8164
4141 4196 8327
4176 4177 8323
4111 4136 8242
4065 4200 8245
4108 4168 8269
4151 4166 8282
4165 4183 8339
4036 4102 8106
4112 4152 8255
4194 4195 8360
4151 4181 8330
4102 4172 8270
4103 4111 8207
4168 4176 8323
4052 4177 8226
4075 4126 8168
4161 4193 8328
4002 4119 8108
4117 4164 8276
4189 4190 8378
4099 4166 8238
4122 4177 8266
4197 4199 8358
4183 4192 8368
4060 4101 8143
4168 4185 8342
4165 4182 8317
4020 4049 8052
4069 4127 8177
4146 4153 8263
4093 4132 8216
4113 4161 8260
4102 4133 8213
4043 4052 8086
4087 4171 8231
4023 4027 8021
4094 4132 8215
4006 4143 8116
4006 4043 8018
4037 4173 8191
4155 4175 8309
4188 4191 8340
4127 4200 8325
4142 4143 8248
4059 4090 8145
4173 4200 8348
4053 4192 8229
4078 4118 8175
4113 4189 8294
4011 4063 8059
4099 4156 8253
4155 4167 8321
4139 4157 8261
4173 4193 8334
4013 4083 8088
4041 4141 8157
4107 4155 8239
4057 4126 8152
4031 4067 8071
4085 4136 8192
4092 4158 8220
4154 4176 8306
4186 4187 8341
4005 4145 8146
4151 4190 8315
4157 4167 8314
4148 4187 8329
4111 4141 8227
4198 4199 8367
4006 4143 8132
4031 4050 8077
4186 4196 8358
4040 4086 8110
4023 4057 8055
4124 4152 8258
4137 4160 8289
4013 4050 8039
4131 4133 8225
4193 4199 8384
4110 4176 8262
4124 4173 8266
4056 4158 8189
4136 4190 8295
4126 4130 8236
4131 4137 8256
4171 4183 8337
4113 4133 8234
4177 4200 8346
4199 4200 8365
4184 4194 8364
4107 4182 8254
4093 4156 8235
4068 4099 8142
4001 4124 8105
4102 4154 8225
4123 4173 8262
4038 4163 8196
4110 4184 8270
4044 4089 8119
4137 4175 8276
4009 4160 8164
4173 4193 8355
4129 4130 8241
4032 4134 8152
4037 4121 8142
4139 4155 8271
4152 4180 8319
4048 4143 8185
4054 4115 8154
4148 4149 8279
4119 4195 8280
4075 4167 8228
4011 4162 8155
4111 4126 8209
4181 4196 8373
4175 4184 8335
4092 4164 8248
4054 4196 8219
4010 4179 8165
4136 4169 8275
4056 4059 8110
4059 4065 8094
4080 4146 8213
4125 4169 8279
4063 4181 8239
4046 4116 8124
4033 4183 8211
4040 4051 8069
4182 4194 8352
4166 4194 8336
4128 4155 8275
4172 4184 8317
4105 4161 8240
4189 4195 8378
4163 4165 8301
4177 4184 8342
4189 4196 8378
4113 4137 8233
4177 4178 8344
4003 4151 8136
4061 4159 8182
4079 4083 8161
4064 4166 8216
4188 4194 8359
4060 4113 8150
4162 4170 8313
4082 4083 8154
4110 4133 8233
4189 4198 8371
4148 4175 8314
4121 4147 8252
4110 4165 8250
4007 4087 8081
4164 4174 8329
4199 4200 8392
4020 4182 8169
4133 4153 8271
4177 4185 8329
4178 4181 8323
4151 4157 8303
4004 4052 8054
4029 4044 8054
4176 4186 8348
4024 4135 8139
4013 4080 8084
4092 4174 8233
4111 4122 8222
4173 4192 8331
4005 4178 8160
4199 4200 8391
4096 4112 8175
4161 4179 8315
4131 4147 8268
4140 4170 8280
4100 4153 8215
4018 4190 8181
4097 4178 8253
4136 4183 8283
4047 4105 8117
4067 4127 8161
4014 4020 8014
4071 4127 8176
4044 4122 8163
4138 4181 8310
4043 4197 8208
4122 4157 8275
4144 4183 8325
4123 4154 8264
4116 4186 8284
4138 4158 8275
4155 4165 8315
4062 4110 8156
4098 4175 8242
4147 4174 8286
4091 4099 8164
4030 4132 8125
4117 4197 8286
4012 4108 8093
4156 4162 8306
4084 4122 8191
4031 4117 8136
4022 4129 8132
4069 4104 8136
4179 4196 8373
4046 4061 8080
4003 4062 8039
4115 4196 8291
4076 4176 8216
4114 4186 8278
4128 4134 8241
4075 4159 8206
4116 4161 8262
4176 4192 8337
4062 4144 8200
4188 4193 8357
4044 4106 8133
4133 4148 8248
4197 4199 8394
4019 4161 8147
4074 4095 8133
4142 4197 8304
4129 4166 8277
4050 4197 8245
4029 4036 8055
4023 4080 8070
4105 4125 8224
4043 4086 8093
4094 4195 8258
4154 4195 8332
4068 4069 8107
4065 4126 8153
4156 4164 8312
4018 4193 8200
4150 4198 8317
4079 4088 8145
4016 4081 8075
4145 4194 8304
4164 4179 8327
4037 4128 8164
4131 4149 8250
4141 4184 8309
4116 4150 8234
4167 4171 8337
4196 4200 8373
4138 4184 8314
4152 4196 8341
4008 4142 8113
4101 4108 8181
4076 4084 8152
4092 4138 8212
4055 4177 8211
4112 4177 8279
4154 4161 8299
4110 4122 8203
4136 4197 8303
4093 4191 8264
4179 4187 8345
4029 4057 8057
4158 4167 8299
4015 4077 8079
4179 4198 8376
4036 4086 8101
4015 4168 8182
4024 4174 8172
4118 4140 8228
4160 4176 8321
4112 4148 8227
4193 4194 8352
4049 4170 8187
4111 4184 8277
4041 4104 8133
4094 4098 8155
4044 4059 8071
4147 4165 8289
4148 4154 8285
4105 4134 8238
4180 4196 8342
4167 4187 8321
4170 4186 8354
4165 4182 8346
4176 4186 8357
4153 4179 8327
4086 4151 8232
4077 4165 8225
4121 4160 8246
4129 4135 8232
4093 4154 8222
4006 4095 8082
4199 4200 8368
4120 4195 8306
4061 4188 8232
4098 4146 8211
4001 4188 8155
4052 4075 8108
4126 4147 8253
4062 4114 8157
4156 4185 8302
4130 4140 8267
4006 4026 8019
4133 4147 8260
4136 4173 8273
4156 4168 8316
4017 4070 8052
4094 4113 8198
4095 4142 8227
4005 4200 8192
4104 4180 8281
4179 4185 8351
4175 4190 8347
4050 4174 8222
4016 4036 8030
4171 4177 8336
4041 4054 8062
4067 4200 8265
4198 4199 8394
4075 4195 8263
4130 4173 8284
4058 4188 8231
4113 4128 8224
4039 4168 8195
4090 4175 8256
4123 4156 8249
4168 4178 8335
4174 4200 8343
4082 4109 8157
4172 4188 8339
4197 4199 8388
4135 4175 8285
4155 4188 8319
4054 4132 8176
4066 4128 8182
4189 4200 8388
4101 4145 8208
4131 4181 8301
4027 4039 8037
4043 4137 8163
4028 4196 8214
4090 4106 8182
4083 4164 8244
4051 4056 8092
4073 4198 8263
4105 4165 8252
4035 4110 8136
4040 4128 8156
4184 4190 8354
4058 4142 8188
4176 4200 8340
4039 4133 8145
4117 4120 8202
4129 4178 8273
4099 4150 8228
4145 4199 8322
4156 4195 8334
4116 4132 8232
4127 4199 8311
4044 4171 8182
4136 4161 8289
4180 4188 8358
4142 4200 8329
4018 4198 8187
4180 4184 8338
4090 4192 8272
4060 4075 8119
4049 4097 8110
4160 4185 8312
4165 4188 8336
4048 4085 8102
4132 4163 8282
4157 4175 8315
4034 4190 8192
4199 4200 8382
4153 4174 8296
4053 4145 8167
4060 4131 8183
4195 4198 8374
4172 4190 8328
4084 4125 8184
4095 4117 8208
4068 4091 8127
4076 4195 8239
4043 4060 8101
4030 4100 8096
4037 4120 8149
4091 4189 8269
4110 4116 8187
4125 4141 8238
4009 4013 8011
4172 4177 8316
4067 4092 8126
4180 4188 8352
4047 4162 8199
4071 4104 8162
4061 4137 8161
4112 4162 8251
4012 4082 8093
4064 4168 8223
4050 4142 8170
4104 4134 8209
4199 4200 8381
4073 4189 8255
4058 4125 8152
4149 4171 8313
4018 4175 8173
4148 4196 8339
4008 4070 8053
4099 4138 8222
4040 4120 8138
4118 4168 8276
4157 4200 8339
4016 4191 8193
4113 4181 8275
4183 4193 8346
4154 4186 8325
4138 4198 8319
4149 4166 8304
4094 4160 8222
4030 4070 8077
4045 4122 8161
4152 4183 8309
4053 4186 8224
4161 4182 8340
4004 4136 8125
4081 4086 8149
4104 4141 8215
4168 4183 8318
4031 4101 8099
4177 4195 8346
4051 4144 8167
4026 4055 8062
4157 4177 8297
4050 4090 8110
4123 4186 8292
4081 4088 8141
4020 4119 8135
4110 4134 8207
4133 4144 8242
4020 4113 8097
4198 4199 8380
4025 4181 8175
4110 4167 8267
4060 4154 8205
4038 4089 8124
4081 4121 8199
4163 4184 8336
4149 4164 8283
4155 4178 8294
4108 4181 8262
4154 4160 8303
4103 4121 8200
4147 4193 8323
4018 4031 8028
4151 4186 8327
4092 4105 8183
4004 4068 8060
4188 4200 8357
4171 4184 8350
4173 4191 8326
4030 4126 8118
4141 4161 8290
4193 4200 8382
4128 4161 8280
4021 4049 8059
4175 4189 8361
4090 4099 8160
4076 4107 8148
4101 4161 8223
4001 4022 8003
4172 4192 8332
4056 4139 8173
4190 4192 8371
4119 4168 8271
4165 4200 8364
4112 4121 8207
4081 4104 8181
4170 4184 8352
4182 4198 8350
4177 4191 8359
4107 4147 8229
4066 4138 8170
4118 4177 8279
4046 4080 8111
4009 4199 8170
4000 4052 8043
4195 4200 8387
4124 4134 8228
4060 4132 8183
4192 4200 8375
4048 4157 8170
4050 4162 8179
4103 4109 8187
4046 4177 8203
4107 4137 8222
4021 4049 8065
4118 4190 8277
4032 4160 8162
4061 4069 8121
4066 4093 8152
4193 4198 8387
4148 4195 8335
4055 4075 8100
4004 4161 8148
4129 4179 8273
4003 4182 8167
4179 4191 8363
4009 4065 8044
4178 4185 8354
4037 4174 8207
4105 4182 8270
4080 4149 8202
4112 4158 8238
4014 4159 8153
4050 4058 8094
4117 4136 8216
4118 4177 8277
4017 4193 8208
4145 4175 8309
4135 4176 8275
4173 4176 8340
4060 4064 8091
4088 4186 8268
4177 4183 8356
4017 4034 8020
4133 4200 8298
4072 4098 8134
4183 4193 8371
4026 4048 8067
4019 4140 8145
4077 4151 8203
4076 4137 8183
4001 4117 8094
4134 4136 8234
4113 4183 8273
4105 4187 8281
4032 4169 8183
4162 4191 8350
4031 4108 8124
4048 4086 8126
4095 4172 8243
4170 4175 8307
4195 4199 8386
4081 4187 8232
4076 4196 8239
4194 4199 8377
4031 4050 8048
4107 4155 8259
4098 4198 8285
4119 4139 8246
4128 4157 8259
4159 4186 8315
4069 4120 8156
4074 4095 8138
4162 4193 8316
4169 4173 8322
4044 4152 8162
4001 4066 8058
4137 4186 8301
4153 4200 8342
4047 4116 8158
4080 4186 8233
4058 4154 8186
4033 4074 8073
4171 4190 8339
4105 4159 8254
4104 4116 8181

0.010000 0.590000
