1000
4525006
3123 3167 6290
3019 3056 6075
3110 3175 6285
3041 3163 6204
3151 3194 6345
3089 3144 6233
3078 3181 6259
3011 3194 6205
3183 3199 6382
3038 3105 6143
3062 3086 6148
3124 3142 6266
3147 3161 6308
3163 3187 6350
3033 3149 6182
3100 3141 6241
3130 3186 6316
3010 3078 6088
3019 3112 6131
3064 3133 6197
3018 3148 6166
3050 3106 6156
3024 3102 6126
3184 3194 6378
3075 3102 6177
3185 3198 6383
3119 3185 6304
3074 3179 6253
3160 3177 6337
3105 3141 6246
3142 3174 6316
3149 3166 6315
3175 3193 6368
3182 3185 6367
3119 3130 6249
3010 3159 6169
3107 3142 6249
3158 3179 6337
3170 3183 6353
3024 3175 6199
3167 3174 6341
3129 3160 6289
3148 3200 6348
3111 3198 6309
3053 3081 6134
3171 3189 6360
3113 3177 6290
3071 3092 6163
3095 3180 6275
3063 3086 6149
3086 3150 6236
3193 3196 6389
3173 3196 6369
3078 3090 6168
3033 3105 6138
3005 3199 6204
3128 3168 6296
3088 3156 6244
3124 3188 6312
3061 3146 6207
3134 3163 6297
3105 3130 6235
3111 3161 6272
3065 3150 6215
3022 3058 6080
3167 3184 6351
3117 3134 6251
3156 3188 6344
3134 3143 6277
3026 3065 6091
3034 3195 6229
3031 3150 6181
3059 3199 6258
3109 3144 6253
3131 3171 6302
3188 3199 6387
3144 3194 6338
3084 3130 6214
3126 3187 6313
3053 3104 6157
3098 3181 6279
3086 3178 6264
3179 3180 6359
3014 3191 6205
3107 3155 6262
3132 3189 6321
3082 3085 6167
3127 3144 6271
3109 3151 6260
3106 3137 6243
3006 3192 6198
3054 3151 6205
3065 3075 6140
3014 3073 6087
3162 3184 6346
3180 3185 6365
3184 3186 6370
3158 3165 6323
3011 3028 6039
3071 3118 6189
3088 3199 6287
3133 3189 6322
3182 3188 6370
3071 3190 6261
3187 3190 6377
3080 3186 6266
3187 3195 6382
3108 3128 6236
3164 3199 6363
3022 3122 6144
3137 3155 6292
3039 3170 6209
3004 3067 6071
3159 3165 6324
3043 3098 6141
3191 3198 6389
3108 3153 6261
3038 3152 6190
3115 3131 6246
3056 3111 6167
3074 3186 6260
3057 3178 6235
3093 3112 6205
3094 3121 6215
3113 3118 6231
3055 3172 6227
3039 3174 6213
3103 3140 6243
3131 3136 6267
3067 3176 6243
3143 3193 6336
3162 3195 6357
3130 3200 6330
3024 3124 6148
3117 3179 6296
3049 3081 6130
3135 3198 6333
3172 3176 6348
3003 3110 6113
3102 3186 6288
3194 3200 6394
3178 3200 6378
3170 3175 6345
3053 3065 6118
3195 3198 6393
3090 3169 6259
3062 3155 6217
3110 3192 6302
3072 3183 6255
3027 3088 6115
3131 3160 6291
3062 3070 6132
3000 3120 6120
3148 3174 6322
3097 3100 6197
3005 3017 6022
3046 3121 6167
3094 3149 6243
3150 3176 6326
3042 3062 6104
3161 3183 6344
3062 3072 6134
3075 3141 6216
3117 3195 6312
3051 3136 6187
3049 3063 6112
3009 3072 6081
3069 3179 6248
3040 3184 6224
3072 3101 6173
3044 3134 6178
3051 3162 6213
3049 3128 6177
3118 3132 6250
3176 3187 6363
3086 3103 6189
3177 3193 6370
3007 3168 6175
3099 3113 6212
3064 3147 6211
3160 3186 6346
3107 3188 6295
3164 3179 6343
3081 3160 6241
3182 3199 6381
3010 3086 6096
3138 3141 6279
3026 3091 6117
3097 3135 6232
3066 3166 6232
3126 3187 6313
3068 3200 6268
3185 3200 6385
3167 3171 6338
3173 3175 6348
3009 3169 6178
3083 3118 6201
3105 3120 6225
3016 3157 6173
3098 3188 6286
3021 3075 6096
3156 3190 6346
3086 3142 6228
3019 3022 6041
3050 3164 6214
3051 3052 6103
3173 3190 6363
3059 3066 6125
3038 3110 6148
3198 3200 6398
3164 3169 6333
3104 3185 6289
3107 3181 6288
3126 3153 6279
3004 3097 6101
3114 3176 6290
3068 3165 6233
3133 3154 6287
3047 3178 6225
3046 3182 6228
3105 3111 6216
3051 3152 6203
3065 3184 6249
3022 3090 6112
3004 3115 6119
3198 3199 6397
3054 3075 6129
3062 3116 6178
3131 3140 6271
3193 3195 6388
3163 3165 6328
3105 3197 6302
3191 3193 6384
3024 3031 6055
3017 3181 6198
3117 3144 6261
3052 3079 6131
3194 3197 6391
3135 3138 6273
3164 3196 6360
3089 3156 6245
3007 3065 6072
3143 3172 6315
3156 3178 6334
3081 3196 6277
3036 3037 6073
3172 3176 6348
3129 3144 6273
3162 3175 6337
3164 3170 6334
3169 3182 6351
3032 3076 6108
3110 3160 6270
3033 3154 6187
3021 3024 6045
3007 3188 6195
3137 3161 6298
3195 3200 6395
3141 3186 6327
3043 3100 6143
3162 3182 6344
3119 3146 6265
3034 3074 6108
3089 3111 6200
3108 3127 6235
3036 3188 6224
3037 3155 6192
3041 3117 6158
3183 3185 6368
3033 3057 6090
3167 3176 6343
3184 3200 6384
3058 3110 6168
3002 3060 6062
3101 3171 6272
3164 3197 6361
3123 3180 6303
3101 3165 6266
3083 3199 6282
3093 3143 6236
3185 3195 6380
3071 3077 6148
3193 3194 6387
3041 3132 6173
3025 3146 6171
3140 3157 6297
3179 3196 6375
3096 3119 6215
3056 3192 6248
3022 3140 6162
3140 3165 6305
3105 3161 6266
3184 3197 6381
3101 3153 6254
3141 3146 6287
3083 3097 6180
3190 3199 6389
3040 3088 6128
3089 3180 6269
3136 3194 6330
3035 3079 6114
3002 3010 6012
3133 3139 6272
3175 3199 6374
3161 3176 6337
3175 3189 6364
3014 3050 6064
3057 3134 6191
3040 3093 6133
3057 3127 6184
3115 3175 6290
3102 3170 6272
3112 3170 6282
3182 3183 6365
3116 3199 6315
3104 3116 6220
3161 3184 6345
3004 3138 6142
3187 3189 6376
3088 3107 6195
3121 3135 6256
3199 3200 6399
3033 3182 6215
3183 3190 6373
3142 3199 6341
3025 3091 6116
3059 3157 6216
3119 3130 6249
3005 3128 6133
3140 3184 6324
3031 3095 6126
3026 3195 6221
3177 3187 6364
3099 3145 6244
3161 3186 6347
3154 3182 6336
3167 3184 6351
3111 3147 6258
3170 3181 6351
3011 3168 6179
3112 3142 6254
3112 3154 6266
3139 3182 6321
3190 3199 6389
3104 3198 6302
3049 3186 6235
3085 3170 6255
3174 3200 6374
3102 3125 6227
3001 3056 6057
3116 3167 6283
3152 3176 6328
3077 3158 6235
3071 3114 6185
3045 3072 6117
3094 3131 6225
3083 3148 6231
3093 3127 6220
3190 3193 6383
3060 3136 6196
3039 3167 6206
3136 3145 6281
3029 3049 6078
3086 3191 6277
3144 3161 6305
3174 3192 6366
3138 3165 6303
3041 3102 6143
3066 3166 6232
3080 3149 6229
3169 3181 6350
3081 3172 6253
3020 3098 6118
3018 3130 6148
3154 3190 6344
3018 3105 6123
3144 3146 6290
3080 3151 6231
3091 3138 6229
3051 3078 6129
3137 3165 6302
3043 3063 6106
3040 3172 6212
3023 3060 6083
3091 3103 6194
3140 3158 6298
3184 3188 6372
3037 3135 6172
3023 3150 6173
3072 3111 6183
3164 3193 6357
3034 3069 6103
3102 3157 6259
3180 3188 6368
3060 3169 6229
3141 3181 6322
3072 3163 6235
3010 3083 6093
3082 3109 6191
3115 3169 6284
3133 3175 6308
3084 3139 6223
3186 3188 6374
3044 3096 6140
3082 3174 6256
3199 3200 6399
3153 3196 6349
3117 3172 6289
3064 3100 6164
3076 3130 6206
3165 3193 6358
3014 3058 6072
3089 3111 6200
3123 3173 6296
3085 3155 6240
3134 3183 6317
3012 3122 6134
3000 3024 6024
3130 3149 6279
3093 3118 6211
3051 3054 6105
3074 3146 6220
3006 3160 6166
3107 3192 6299
3121 3129 6250
3184 3200 6384
3083 3147 6230
3031 3094 6125
3138 3148 6286
3167 3196 6363
3071 3155 6226
3129 3200 6329
3029 3181 6210
3073 3087 6160
3078 3188 6266
3187 3188 6375
3189 3198 6387
3088 3196 6284
3128 3195 6323
3045 3167 6212
3120 3197 6317
3091 3144 6235
3188 3190 6378
3096 3144 6240
3182 3197 6379
3199 3200 6399
3012 3080 6092
3149 3166 6315
3015 3136 6151
3033 3075 6108
3179 3182 6361
3094 3196 6290
3085 3107 6192
3019 3071 6090
3035 3158 6193
3100 3193 6293
3177 3180 6357
3117 3156 6273
3132 3166 6298
3043 3131 6174
3052 3178 6230
3109 3152 6261
3010 3106 6116
3162 3187 6349
3036 3177 6213
3129 3174 6303
3045 3151 6196
3183 3189 6372
3130 3146 6276
3155 3161 6316
3094 3198 6292
3130 3191 6321
3153 3182 6335
3174 3189 6363
3184 3185 6369
3008 3020 6028
3049 3135 6184
3176 3199 6375
3141 3188 6329
3131 3169 6300
3188 3192 6380
3081 3138 6219
3170 3182 6352
3151 3191 6342
3024 3143 6167
3131 3172 6303
3101 3103 6204
3144 3151 6295
3069 3147 6216
3169 3177 6346
3053 3061 6114
3049 3102 6151
3097 3112 6209
3044 3114 6158
3034 3176 6210
3095 3116 6211
3089 3162 6251
3018 3063 6081
3199 3200 6399
3151 3166 6317
3099 3146 6245
3114 3137 6251
3197 3199 6396
3165 3188 6353
3154 3185 6339
3062 3117 6179
3089 3146 6235
3047 3158 6205
3153 3155 6308
3167 3191 6358
3120 3150 6270
3177 3180 6357
3011 3155 6166
3007 3190 6197
3120 3198 6318
3193 3195 6388
3193 3198 6391
3010 3194 6204
3146 3157 6303
3028 3149 6177
3053 3065 6118
3093 3120 6213
3104 3180 6284
3034 3166 6200
3022 3160 6182
3020 3190 6210
3105 3164 6269
3040 3172 6212
3109 3112 6221
3038 3044 6082
3164 3175 6339
3196 3197 6393
3095 3112 6207
3019 3155 6174
3011 3115 6126
3142 3173 6315
3139 3154 6293
3017 3134 6151
3014 3121 6135
3124 3140 6264
3198 3200 6398
3187 3190 6377
3124 3131 6255
3182 3192 6374
3181 3196 6377
3034 3108 6142
3157 3185 6342
3163 3177 6340
3026 3165 6191
3032 3114 6146
3108 3150 6258
3179 3199 6378
3034 3075 6109
3194 3199 6393
3155 3168 6323
3102 3179 6281
3149 3178 6327
3125 3163 6288
3013 3158 6171
3140 3145 6285
3103 3178 6281
3036 3117 6153
3171 3187 6358
3102 3124 6226
3150 3172 6322
3096 3126 6222
3105 3184 6289
3148 3157 6305
3109 3162 6271
3025 3082 6107
3153 3200 6353
3064 3145 6209
3057 3144 6201
3195 3197 6392
3026 3087 6113
3075 3110 6185
3049 3190 6239
3140 3185 6325
3025 3125 6150
3190 3191 6381
3058 3107 6165
3077 3080 6157
3017 3199 6216
3051 3142 6193
3106 3132 6238
3038 3176 6214
3118 3137 6255
3036 3135 6171
3101 3133 6234
3055 3124 6179
3112 3122 6234
3107 3130 6237
3199 3200 6399
3188 3194 6382
3037 3114 6151
3004 3075 6079
3137 3171 6308
3015 3075 6090
3007 3131 6138
3176 3194 6370
3047 3058 6105
3028 3187 6215
3008 3147 6155
3011 3038 6049
3136 3142 6278
3057 3068 6125
3058 3153 6211
3047 3170 6217
3119 3144 6263
3164 3178 6342
3172 3182 6354
3113 3160 6273
3161 3195 6356
3033 3144 6177
3169 3188 6357
3132 3159 6291
3016 3197 6213
3011 3025 6036
3187 3193 6380
3037 3067 6104
3039 3162 6201
3178 3200 6378
3112 3184 6296
3119 3154 6273
3109 3140 6249
3126 3191 6317
3050 3087 6137
3183 3190 6373
3095 3165 6260
3018 3086 6104
3077 3129 6206
3145 3186 6331
3129 3136 6265
3060 3100 6160
3028 3113 6141
3156 3163 6319
3118 3145 6263
3148 3196 6344
3148 3153 6301
3091 3189 6280
3048 3124 6172
3098 3146 6244
3029 3163 6192
3125 3149 6274
3144 3162 6306
3196 3198 6394
3054 3112 6166
3079 3108 6187
3161 3167 6328
3128 3133 6261
3032 3036 6068
3120 3180 6300
3194 3196 6390
3006 3142 6148
3190 3197 6387
3045 3152 6197
3170 3198 6368
3170 3183 6353
3114 3183 6297
3006 3090 6096
3001 3113 6114
3120 3167 6287
3098 3197 6295
3176 3179 6355
3180 3187 6367
3080 3142 6222
3037 3121 6158
3003 3008 6011
3080 3196 6276
3011 3176 6187
3184 3197 6381
3198 3200 6398
3146 3160 6306
3126 3137 6263
3038 3132 6170
3066 3145 6211
3086 3116 6202
3102 3184 6286
3087 3132 6219
3044 3057 6101
3063 3143 6206
3157 3199 6356
3135 3159 6294
3150 3183 6333
3030 3136 6166
3156 3196 6352
3049 3163 6212
3032 3035 6067
3165 3196 6361
3136 3180 6316
3109 3129 6238
3154 3177 6331
3101 3190 6291
3145 3175 6320
3088 3135 6223
3188 3198 6386
3079 3085 6164
3135 3152 6287
3074 3095 6169
3178 3189 6367
3176 3191 6367
3104 3131 6235
3118 3159 6277
3026 3128 6154
3144 3193 6337
3024 3059 6083
3085 3131 6216
3023 3087 6110
3067 3149 6216
3096 3124 6220
3011 3177 6188
3178 3179 6357
3161 3178 6339
3025 3030 6055
3054 3123 6177
3007 3149 6156
3051 3087 6138
3018 3182 6200
3187 3200 6387
3181 3185 6366
3071 3092 6163
3160 3180 6340
3058 3168 6226
3122 3198 6320
3045 3056 6101
3189 3190 6379
3085 3127 6212
3134 3135 6269
3058 3140 6198
3131 3189 6320
3021 3175 6196
3150 3161 6311
3061 3191 6252
3154 3184 6338
3093 3169 6262
3060 3192 6252
3023 3040 6063
3024 3099 6123
3067 3152 6219
3100 3150 6250
3040 3089 6129
3128 3179 6307
3035 3137 6172
3034 3052 6086
3111 3199 6310
3182 3199 6381
3061 3152 6213
3186 3189 6375
3098 3181 6279
3025 3035 6060
3194 3196 6390
3135 3190 6325
3078 3137 6215
3170 3180 6350
3035 3061 6096
3191 3195 6386
3153 3169 6322
3092 3189 6281
3130 3140 6270
3198 3200 6398
3070 3162 6232
3163 3197 6360
3172 3179 6351
3074 3125 6199
3191 3198 6389
3097 3141 6238
3182 3188 6370
3158 3160 6318
3121 3190 6311
3150 3181 6331
3159 3178 6337
3019 3136 6155
3156 3196 6352
3024 3093 6117
3127 3157 6284
3027 3099 6126
3162 3190 6352
3139 3162 6301
3174 3198 6372
3031 3121 6152
3146 3155 6301
3050 3131 6181
3127 3199 6326
3060 3096 6156
3100 3133 6233
3150 3192 6342
3086 3089 6175
3088 3152 6240
3079 3097 6176
3198 3200 6398
3119 3166 6285
3027 3126 6153
3185 3189 6374
3087 3126 6213
3064 3193 6257
3051 3112 6163
3127 3165 6292
3109 3110 6219
3089 3154 6243
3040 3069 6109
3061 3071 6132
3114 3119 6233
3051 3186 6237
3081 3085 6166
3143 3156 6299
3014 3050 6064
3014 3041 6055
3174 3178 6352
3177 3183 6360
3192 3198 6390
3120 3150 6270
3039 3093 6132
3139 3180 6319
3172 3199 6371
3034 3147 6181
3028 3131 6159
3169 3174 6343
3076 3196 6272
3036 3121 6157
3190 3191 6381
3017 3092 6109
3027 3174 6201
3179 3198 6377
3006 3196 6202
3198 3199 6397
3111 3121 6232
3049 3132 6181
3036 3037 6073
3068 3173 6241
3006 3081 6087
3142 3158 6300
3089 3107 6196
3084 3171 6255
3021 3135 6156
3005 3028 6033
3073 3107 6180
3026 3189 6215
3140 3182 6322
3122 3199 6321
3123 3183 6306
3108 3116 6224
3197 3198 6395
3170 3198 6368
3018 3065 6083
3062 3110 6172
3078 3145 6223
3091 3109 6200
3176 3183 6359
3171 3186 6357
3181 3190 6371
3125 3127 6252
3089 3197 6286
3062 3187 6249
3171 3200 6371
3000 3032 6032
3014 3116 6130
3018 3152 6170
3003 3067 6070
3087 3100 6187
3059 3160 6219
3046 3086 6132
3180 3193 6373
3133 3144 6277
3194 3200 6394
3053 3134 6187
3165 3177 6342
3134 3177 6311
3193 3200 6393
3036 3148 6184
3081 3161 6242
3169 3181 6350
3121 3189 6310
3028 3068 6096
3170 3197 6367
3141 3161 6302
3191 3192 6383
3066 3088 6154
3130 3199 6329
3137 3174 6311
3168 3189 6357
3012 3013 6025
3055 3059 6114
3000 3161 6161
3160 3174 6334
3047 3108 6155
3198 3200 6398
3196 3197 6393
3132 3199 6331
3111 3153 6264
3091 3149 6240
3185 3186 6371
3136 3181 6317
3166 3184 6350
3096 3184 6280
3045 3102 6147
3003 3071 6074
3016 3168 6184
3068 3099 6167
3158 3172 6330
3089 3183 6272
3005 3193 6198
3156 3177 6333
3036 3135 6171
3080 3136 6216
3192 3194 6386
3080 3138 6218
3097 3110 6207
3167 3174 6341
3071 3083 6154
3063 3102 6165
3005 3132 6137
3107 3117 6224
3084 3121 6205
3180 3192 6372
3158 3161 6319
3060 3132 6192
3171 3189 6360
3116 3178 6294
3080 3132 6212
3103 3135 6238
3092 3191 6283
3056 3065 6121
3161 3186 6347
3037 3069 6106
3067 3091 6158
3024 3111 6135
3127 3164 6291
3131 3195 6326
3109 3136 6245
3168 3174 6342
3077 3145 6222
3162 3172 6334
3006 3100 6106
3063 3149 6212
3131 3135 6266
3145 3169 6314
3112 3172 6284
3053 3139 6192
3110 3188 6298
3170 3180 6350
3038 3104 6142
3084 3170 6254
3024 3194 6218
3122 3190 6312
3065 3168 6233
3026 3039 6065
3136 3168 6304
3028 3143 6171
3042 3175 6217
3006 3066 6072
3156 3183 6339
3008 3147 6155
3169 3182 6351
3104 3193 6297
3109 3196 6305
3103 3110 6213
3125 3141 6266
3045 3088 6133
3155 3200 6355
3194 3199 6393
3021 3110 6131
3035 3133 6168
3003 3065 6068
3092 3179 6271
3141 3163 6304
3169 3180 6349
3190 3199 6389
3060 3149 6209
3053 3089 6142
3010 3011 6021
3163 3193 6356
3071 3135 6206
3094 3200 6294
3011 3029 6040
3048 3096 6144
3180 3193 6373
3085 3183 6268
3155 3198 6353
3116 3134 6250
3153 3187 6340
3133 3153 6286
3090 3105 6195
3191 3200 6391
3022 3130 6152
3063 3096 6159
3100 3196 6296
3070 3161 6231
3169 3187 6356
3021 3039 6060
3080 3169 6249
3033 3172 6205
3073 3149 6222
3191 3200 6391
3091 3116 6207
3023 3125 6148
3006 3181 6187
3125 3192 6317
3050 3084 6134
3045 3185 6230
3168 3197 6365

4119 4159 8262
4189 4192 8346
4073 4105 8148
4030 4044 8057
4139 4166 8266
4117 4182 8281
4010 4056 8043
4052 4185 8201
4054 4183 8201
4161 4183 8330
4067 4161 8213
4143 4174 8282
4117 4186 8293
4188 4189 8358
4098 4127 8220
4009 4156 8139
4137 4181 8304
4066 4148 8184
4127 4142 8255
4173 4175 8333
4157 4176 8295
4196 4199 8380
4179 4184 8343
4092 4183 8253
4053 4186 8231
4091 4102 8187
4127 4200 8301
4103 4129 8210
4169 4191 8323
4172 4173 8334
4194 4199 8388
4142 4161 8267
4130 4163 8274
4112 4121 8224
4015 4165 8142
4151 4173 8315
4036 4049 8082
4168 4176 8315
4101 4122 8214
4139 4196 8315
4003 4163 8149
4062 4090 8150
4040 4139 8151
4029 4086 8113
4162 4165 8289
4014 4083 8075
4192 4195 8377
4076 4189 8240
4026 4104 8094
4022 4041 8047
4079 4111 8172
4067 4174 8214
4167 4188 8339
4107 4174 8247
4089 4179 8255
4007 4188 8160
4025 4105 8113
4094 4170 8244
4183 4200 8373
4088 4120 8199
4025 4045 8051
4055 4116 8140
4020 4169 8174
4082 4127 8186
4145 4178 8286
4008 4112 8087
4195 4200 8376
4166 4185 8333
4177 4197 8359
4165 4199 8349
4175 4176 8328
4060 4187 8229
4119 4179 8294
4121 4169 8265
4093 4120 8188
4124 4151 8255
4134 4144 8273
4068 4104 8145
4199 4200 8369
4092 4148 8203
4170 4200 8339
4052 4057 8084
4130 4150 8269
4180 4195 8336
4114 4138 8213
4144 4189 8298
4146 4190 8325
4064 4184 8247
4119 4137 8251
4100 4159 8224
4067 4105 8166
4109 4149 8228
4067 4151 8216
4001 4178 8176
4027 4073 8062
4007 4115 8113
4101 4190 8272
4013 4179 8155
4142 4197 8321
4042 4188 8223
4076 4118 8168
4051 4117 8155
4129 4156 8268
4127 4153 8259
4065 4134 8163
4124 4200 8320
4155 4172 8318
4121 4182 8276
4169 4180 8325
4093 4176 8255
4080 4115 8175
4081 4130 8191
4154 4161 8278
4178 4187 8340
4135 4172 8290
4061 4191 8219
4046 4064 8104
4171 4193 8352
4062 4153 8186
4151 4167 8310
4126 4186 8292
4133 4186 8302
4052 4157 8193
4093 4152 8238
4049 4183 8197
4084 4102 8168
4039 4102 8139
4061 4197 8244
4060 4198 8232
4039 4105 8108
4199 4200 8381
4011 4176 8158
4115 4132 8236
4108 4196 8280
4122 4155 8270
4005 4029 8017
4032 4095 8110
4165 4191 8347
4169 4191 8355
4086 4093 8168
4107 4145 8215
4026 4154 8148
4058 4139 8174
4145 4151 8282
4187 4192 8341
4105 4168 8246
4063 4100 8155
4032 4151 8165
4051 4143 8175
4043 4067 8092
4150 4158 8301
4109 4119 8200
4000 4153 8137
4128 4176 8271
4122 4165 8253
4008 4062 8037
4065 4086 8128
4070 4130 8170
4081 4111 8165
4178 4198 8342
4008 4132 8115
4013 4046 8052
4127 4148 8273
4050 4116 8153
4088 4114 8189
4070 4087 8119
4019 4023 8027
4077 4137 8184
4198 4199 8382
4053 4125 8175
4096 4165 8260
4122 4147 8266
4028 4185 8183
4035 4111 8128
4022 4195 8182
4046 4163 8177
4164 4189 8322
4145 4180 8294
4129 4182 8307
4116 4165 8275
4057 4071 8091
4113 4166 8261
4122 4127 8246
4065 4136 8199
4012 4130 8120
4031 4187 8181
4076 4083 8158
4159 4177 8311
4149 4187 8324
4192 4195 8378
4009 4064 8063
4112 4169 8243
4087 4182 8233
4136 4138 8247
4102 4141 8211
4197 4200 8377
4057 4089 8109
4138 4162 8298
4075 4116 8172
4047 4106 8127
4034 4173 8171
4003 4142 8141
4175 4198 8364
4101 4194 8267
4189 4197 8370
4144 4169 8302
4196 4197 8358
4199 4200 8362
4172 4195 8365
4057 4156 8186
4070 4167 8212
4042 4071 8087
4137 4191 8322
4029 4072 8095
4049 4137 8157
4132 4198 8297
4162 4195 8341
4032 4119 8150
4099 4118 8187
4153 4158 8285
4012 4155 8153
4106 4154 8237
4110 4145 8237
4135 4191 8302
4131 4179 8283
4192 4193 8379
4147 4184 8296
4166 4182 8341
4000 4050 8031
4040 4118 8132
4187 4191 8366
4140 4143 8245
4132 4134 8232
4049 4067 8108
4167 4191 8354
4064 4130 8176
4084 4139 8198
4177 4179 8330
4099 4174 8236
4100 4120 8187
4093 4195 8287
4147 4193 8332
4165 4199 8342
4137 4166 8287
4065 4149 8188
4199 4200 8380
4044 4179 8188
4013 4058 8034
4074 4163 8228
4067 4183 8233
4022 4100 8116
4167 4189 8326
4102 4114 8190
4131 4190 8300
4105 4111 8178
4173 4177 8343
4099 4153 8243
4037 4143 8178
4070 4128 8169
4173 4190 8333
4060 4111 8161
4096 4110 8179
4043 4147 8166
4131 4159 8274
4044 4183 8190
4029 4072 8082
4144 4163 8292
4090 4102 8161
4050 4109 8130
4117 4162 8266
4083 4161 8240
4038 4108 8108
4030 4102 8127
4061 4190 8245
4015 4100 8097
4169 4200 8333
4058 4155 8178
4191 4200 8364
4178 4188 8355
4124 4188 8282
4124 4156 8273
4050 4180 8203
4126 4161 8270
4111 4170 8253
4074 4164 8210
4148 4169 8300
4114 4170 8279
4172 4173 8326
4071 4190 8243
4111 4138 8242
4192 4194 8358
4001 4045 8044
4061 4153 8181
4025 4080 8093
4034 4115 8122
4084 4200 8268
4178 4195 8335
4064 4190 8238
4161 4187 8335
4027 4121 8118
4031 4164 8157
4141 4182 8304
4037 4095 8111
4084 4106 8159
4174 4186 8331
4192 4194 8363
4163 4168 8304
4042 4187 8213
4141 4147 8287
4036 4078 8093
4124 4191 8293
4041 4043 8066
4152 4164 8297
4140 4170 8271
4042 4125 8134
4171 4172 8336
4162 4179 8303
4102 4128 8209
4088 4197 8276
4131 4177 8299
4086 4120 8202
4029 4115 8121
4153 4198 8317
4106 4171 8263
4163 4175 8302
4005 4197 8179
4048 4171 8212
4016 4051 8044
4134 4167 8273
4186 4199 8352
4122 4180 8271
4060 4073 8132
4012 4092 8093
4026 4143 8138
4145 4167 8287
4031 4097 8104
4111 4162 8246
4180 4189 8360
4042 4183 8209
4061 4162 8201
4080 4200 8244
4096 4099 8181
4121 4130 8233
4157 4190 8311
4086 4134 8206
4072 4168 8219
4147 4195 8339
4067 4124 8174
4101 4110 8180
4159 4187 8322
4043 4110 8121
4003 4089 8061
4074 4109 8159
4184 4194 8343
4104 4195 8276
4176 4187 8339
4102 4104 8183
4042 4115 8144
4007 4191 8180
4062 4166 8213
4168 4187 8327
4003 4099 8084
4148 4170 8298
4108 4168 8244
4183 4200 8345
4001 4135 8131
4055 4090 8129
4189 4197 8351
4016 4085 8081
4072 4166 8225
4196 4198 8381
4001 4123 8120
4149 4175 8315
4121 4167 8256
4074 4173 8218
4151 4198 8323
4142 4152 8290
4063 4168 8213
4104 4105 8175
4053 4087 8115
4139 4152 8253
4087 4122 8173
4196 4200 8393
4059 4081 8133
4122 4124 8244
4048 4176 8215
4118 4196 8307
4076 4154 8215
4054 4196 8242
4137 4160 8260
4164 4172 8313
4046 4068 8110
4193 4194 8386
4034 4055 8085
4175 4182 8331
4131 4150 8270
4178 4185 8346
4165 4186 8326
4117 4184 8286
4024 4185 8180
4153 4167 8296
4198 4200 8379
4016 4146 8134
4110 4146 8251
4090 4157 8234
4096 4168 8257
4119 4125 8239
4055 4153 8177
4096 4147 8219
4105 4195 8276
4090 4175 8231
4155 4171 8307
4060 4196 8228
4112 4184 8278
4131 4132 8242
4123 4135 8233
4174 4176 8336
4005 4152 8127
4043 4117 8149
4133 4190 8295
4035 4087 8105
4154 4156 8273
4106 4137 8229
4176 4185 8329
4047 4086 8105
4081 4148 8216
4187 4194 8378
4122 4199 8288
4068 4159 8214
4109 4117 8197
4014 4150 8151
4024 4190 8184
4146 4200 8328
4028 4143 8146
4015 4145 8153
4069 4192 8259
4129 4190 8304
4164 4184 8342
4055 4063 8089
4022 4094 8104
4117 4129 8240
4102 4150 8216
4097 4117 8212
4068 4117 8159
4025 4066 8084
4088 4142 8225
4127 4176 8302
4076 4172 8221
4030 4126 8146
4183 4194 8361
4182 4200 8376
4083 4138 8198
4005 4108 8081
4084 4175 8229
4183 4199 8355
4117 4143 8257
4091 4124 8196
4118 4159 8263
4182 4183 8334
4144 4196 8324
4100 4121 8200
4184 4198 8376
4056 4172 8226
4155 4157 8311
4075 4156 8221
4115 4156 8249
4016 4115 8111
4197 4199 8379
4056 4145 8173
4063 4138 8178
4186 4194 8354
4123 4199 8294
4059 4143 8191
4069 4167 8211
4164 4195 8352
4193 4198 8376
4032 4131 8138
4001 4196 8159
4065 4171 8232
4180 4200 8351
4051 4104 8125
4054 4197 8241
4015 4171 8172
4063 4144 8192
4060 4138 8192
4113 4160 8246
4179 4182 8336
4180 4194 8346
4078 4133 8191
4034 4070 8099
4147 4160 8294
4165 4175 8302
4196 4199 8360
4103 4192 8272
4060 4166 8209
4147 4148 8284
4077 4088 8135
4019 4054 8053
4060 4076 8125
4014 4124 8127
4041 4103 8124
4159 4176 8308
4146 4199 8336
4118 4126 8212
4004 4023 8021
4136 4153 8280
4052 4172 8216
4129 4179 8305
4058 4173 8219
4025 4062 8063
4088 4101 8166
4053 4122 8149
4051 4114 8148
4169 4188 8340
4143 4175 8288
4112 4136 8214
4073 4162 8205
4119 4131 8244
4143 4154 8278
4038 4081 8099
4150 4156 8289
4028 4110 8129
4144 4198 8333
4154 4170 8296
4083 4102 8181
4010 4091 8090
4033 4043 8038
4040 4094 8128
4078 4161 8221
4180 4191 8369
4002 4004 8004
4049 4113 8140
4195 4196 8374
4181 4200 8380
4196 4197 8360
4120 4196 8281
4022 4142 8130
4005 4118 8088
4064 4160 8198
4116 4157 8272
4151 4198 8321
4032 4177 8196
4109 4154 8240
4135 4184 8318
4103 4127 8219
4025 4043 8039
4046 4127 8140
4006 4088 8076
4122 4142 8242
4047 4093 8135
4059 4073 8104
4041 4152 8160
4141 4185 8288
4046 4168 8208
4021 4157 8167
4117 4140 8256
4097 4133 8216
4073 4114 8160
4023 4046 8049
4000 4150 8148
4199 4200 8375
4117 4148 8260
4083 4169 8249
4125 4193 8303
4198 4200 8377
4185 4193 8342
4139 4179 8283
4024 4142 8156
4043 4165 8188
4197 4200 8367
4057 4058 8100
4027 4143 8149
4032 4181 8175
4160 4200 8344
4072 4096 8162
4081 4161 8218
4039 4061 8099
4062 4195 8222
4019 4153 8143
4026 4034 8047
4128 4199 8323
4033 4037 8065
4038 4113 8116
4135 4173 8282
4041 4137 8168
4110 4183 8284
4108 4140 8227
4065 4186 8215
4014 4173 8152
4091 4124 8190
4104 4199 8286
4077 4121 8173
4017 4164 8169
4128 4181 8301
4055 4200 8253
4010 4130 8126
4042 4089 8100
4155 4179 8319
4069 4072 8134
4182 4188 8354
4185 4198 8367
4136 4165 8271
4166 4188 8319
4140 4173 8310
4099 4116 8209
4136 4200 8300
4184 4188 8359
4067 4167 8221
4180 4186 8348
4032 4136 8147
4143 4169 8277
4187 4199 8373
4020 4121 8123
4109 4153 8258
4160 4164 8318
4080 4082 8125
4132 4172 8270
4022 4054 8045
4114 4158 8262
4075 4151 8189
4050 4184 8206
4090 4143 8195
4017 4193 8197
4142 4149 8265
4194 4198 8374
4083 4151 8211
4189 4199 8377
4105 4139 8208
4191 4196 8362
4003 4112 8087
4082 4141 8219
4034 4101 8125
4194 4196 8371
4165 4183 8332
4112 4140 8246
4106 4195 8287
4154 4184 8329
4015 4048 8045
4054 4156 8179
4093 4199 8260
4004 4198 8187
4030 4093 8109
4178 4184 8328
4041 4050 8084
4196 4200 8358
4066 4099 8162
4139 4160 8295
4123 4140 8260
4085 4133 8192
4092 4142 8224
4170 4179 8312
4133 4170 8286
4029 4160 8172
4124 4129 8238
4173 4182 8329
4052 4103 8150
4092 4160 8239
4039 4097 8133
4038 4186 8195
4144 4174 8312
4149 4186 8334
4168 4194 8332
4139 4190 8315
4069 4149 8215
4069 4188 8237
4134 4139 8253
4031 4098 8096
4170 4192 8359
4075 4145 8195
4118 4194 8281
4089 4198 8254
4040 4121 8150
4113 4127 8224
4002 4199 8200
4066 4108 8170
4044 4195 8221
4034 4148 8172
4193 4194 8383
4117 4127 8231
4064 4192 8224
4164 4178 8336
4177 4185 8354
4049 4167 8192
4054 4079 8098
4015 4176 8164
4042 4105 8120
4074 4170 8242
4182 4184 8361
4021 4191 8176
4124 4156 8256
4033 4099 8103
4138 4141 8267
4196 4197 8356
4155 4184 8310
4000 4005 7975
4198 4200 8371
4034 4068 8069
4105 4177 8278
4106 4116 8193
4190 4199 8360
4048 4086 8112
4189 4194 8360
4193 4194 8360
4179 4182 8337
4033 4068 8072
4130 4143 8247
4034 4146 8143
4157 4173 8299
4181 4187 8357
4075 4138 8182
4038 4081 8111
4191 4197 8379
4120 4144 8239
4180 4198 8345
4146 4183 8304
4030 4134 8144
4048 4154 8186
4188 4194 8358
4128 4199 8322
4196 4200 8361
4023 4138 8123
4081 4196 8268
4127 4192 8290
4028 4156 8175
4084 4149 8222
4060 4163 8194
4160 4185 8311
4086 4132 8206
4137 4169 8296
4087 4170 8244
4170 4172 8306
4021 4105 8098
4064 4103 8158
4172 4194 8364
4008 4103 8101
4166 4199 8343
4150 4192 8306
4015 4101 8110
4056 4066 8112
4139 4186 8315
4060 4085 8120
4085 4098 8152
4143 4195 8307
4144 4186 8319
4099 4111 8185
4015 4099 8082
4099 4144 8223
4150 4188 8310
4040 4082 8118
4033 4080 8083
4072 4195 8264
4110 4147 8250
4024 4131 8117
4064 4181 8215
4151 4200 8312
4128 4159 8254
4174 4196 8344
4139 4177 8300
4108 4139 8220
4116 4194 8290
4186 4194 8363
4032 4068 8080
4070 4102 8169
4191 4199 8388
4155 4156 8307
4066 4181 8241
4068 4116 8162
4177 4196 8347
4103 4144 8215
4065 4133 8175
4189 4193 8356
4023 4078 8084
4137 4167 8294
4066 4137 8181
4007 4098 8104
4052 4117 8138
4068 4086 8121
4104 4152 8226
4132 4137 8258
4045 4050 8093
4144 4172 8286
4179 4199 8361
4042 4135 8166
4061 4127 8166
4146 4200 8317
4071 4133 8202
4154 4169 8305
4189 4190 8377
4032 4095 8104
4048 4053 8096
4067 4168 8227
4056 4136 8175
4109 4138 8231
4004 4132 8120
4007 4127 8096
4029 4105 8131
4128 4198 8298
4072 4165 8229
4109 4125 8207
4141 4170 8272
4156 4162 8316
4199 4200 8371
4072 4132 8191
4143 4189 8306
4115 4142 8222
4049 4102 8135
4071 4074 8120
4027 4171 8194
4051 4157 8197
4120 4134 8238
4118 4145 8234
4011 4108 8094
4086 4164 8217
4152 4157 8278
4141 4149 8256
4136 4147 8269
4132 4181 8312
4111 4119 8219
4199 4200 8387
4131 4193 8291
4067 4097 8163
4098 4120 8186
4030 4105 8108
4066 4181 8223
4026 4170 8170
4042 4055 8070
4092 4132 8219
4134 4183 8310
4033 4058 8074
4047 4166 8205
4068 4160 8216
4042 4087 8109
4101 4200 8299
4019 4163 8160
4026 4155 8152
4006 4184 8182
4138 4166 8291
4097 4152 8248
4007 4145 8138
4067 4128 8167
4033 4134 8161
4007 4182 8172
4145 4183 8327
4017 4196 8184
4067 4088 8134
4145 4174 8281
4170 4186 8350
4079 4105 8154
4014 4140 8128
4040 4128 8164
4031 4189 8182
4075 4090 8162
4128 4129 8249
4034 4138 8169
4116 4186 8273
4019 4118 8134
4049 4117 8158
4003 4031 8000
4022 4121 8106
4010 4086 8089
4021 4104 8091
4013 4168 8156
4145 4178 8289
4078 4154 8202
4113 4127 8224
4067 4073 8130
4186 4199 8361
4049 4051 8080
4094 4195 8272
4099 4165 8227
4150 4179 8309
4126 4145 8268
4084 4197 8245
4093 4103 8189
4116 4147 8232
4134 4142 8261
4096 4173 8251
4006 4112 8116
4096 4133 8196
4019 4190 8207
4120 4127 8243
4090 4124 8208
4146 4198 8311
4148 4164 8305
4037 4155 8180
4193 4196 8387
4046 4175 8205
4114 4173 8263
4146 4164 8287
4152 4192 8330
4140 4192 8316
4162 4198 8340
4156 4176 8318
4082 4090 8156
4139 4170 8275
4075 4185 8232
4066 4117 8161
4000 4113 8097
4009 4143 8128
4186 4197 8349
4007 4115 8102
4007 4187 8166
4141 4173 8297
4011 4084 8085
4069 4185 8220
4081 4085 8151
4016 4028 8038
4034 4081 8109
4155 4180 8320
4015 4148 8162
4184 4194 8351
4035 4115 8133
4130 4191 8304
4172 4181 8328
4119 4179 8269
4079 4125 8201
4156 4198 8333
4172 4189 8346
4108 4137 8243
4199 4200 8366
4077 4078 8141
4094 4123 8205
4008 4119 8104
4101 4124 8208
4006 4112 8096
4168 4184 8350
4114 4172 8263
4040 4171 8179
4087 4160 8245
4082 4100 8158
4126 4161 8276
4096 4097 8185
4077 4110 8149
4101 4158 8257
4147 4165 8301
4115 4176 8256
4076 4148 8197
4021 4039 8028
4180 4188 8333
4198 4199 8386
4102 4175 8241
4179 4184 8332
4066 4178 8209
4199 4200 8364
4084 4167 8245
4143 4190 8304
4079 4094 8158
4066 4163 8222
4092 4183 8247
4134 4174 8297
4085 4095 8144
4043 4066 8075
4123 4179 8282
4056 4170 8212
4199 4200 8378
4035 4043 8067
4116 4143 8238
4005 4056 8048
4104 4167 8252
4102 4123 8213
4193 4200 8377
4193 4200 8388
4090 4109 8184
4163 4178 8330
4080 4093 8142
4189 4193 8374
4169 4189 8357
4149 4193 8313
4050 4073 8113
4039 4135 8137
4025 4067 8059
4137 4142 8266
4064 4127 8181
4036 4159 8164
4173 4174 8343
4096 4143 8225
4078 4173 8213
4035 4066 8091
4033 4147 8150
4079 4138 8180
4052 4138 8180
4134 4200 8311
4129 4175 8289
4101 4161 8240
4026 4116 8127
4133 4149 8259
4107 4198 8303
4117 4143 8245
4068 4091 8148
4131 4173 8297
4002 4009 7983
4139 4182 8284
4126 4181 8297
4020 4116 8110
4133 4195 8309
4076 4086 8160
4064 4109 8139
4038 4046 8077
4143 4176 8304
4145 4162 8285

0.010000 0.550000
