100
461077
3047 3194 6241
3181 3182 6363
3124 3184 6308
3004 3054 6058
3132 3156 6288
3178 3185 6363
3020 3111 6131
3078 3154 6232
3098 3182 6280
3041 3200 6241
3027 3096 6123
3182 3194 6376
3056 3163 6219
3097 3176 6273
3037 3200 6237
3183 3188 6371
3021 3029 6050
3083 3194 6277
3184 3194 6378
3039 3106 6145
3192 3199 6391
3027 3134 6161
3100 3180 6280
3045 3080 6125
3099 3103 6202
3084 3144 6228
3052 3137 6189
3075 3145 6220
3157 3189 6346
3190 3197 6387
3109 3160 6269
3119 3182 6301
3014 3161 6175
3018 3071 6089
3103 3153 6256
3144 3156 6300
3024 3172 6196
3170 3195 6365
3009 3144 6153
3118 3169 6287
3132 3172 6304
3018 3166 6184
3170 3179 6349
3035 3153 6188
3042 3179 6221
3179 3192 6371
3044 3152 6196
3152 3187 6339
3141 3172 6313
3065 3117 6182
3083 3115 6198
3082 3194 6276
3134 3165 6299
3034 3036 6070
3182 3189 6371
3023 3159 6182
3031 3076 6107
3178 3188 6366
3076 3165 6241
3131 3195 6326
3074 3192 6266
3100 3135 6235
3123 3198 6321
3055 3060 6115
3019 3130 6149
3099 3136 6235
3140 3149 6289
3140 3183 6323
3050 3133 6183
3130 3197 6327
3051 3125 6176
3076 3176 6252
3157 3193 6350
3072 3175 6247
3061 3083 6144
3041 3191 6232
3197 3199 6396
3071 3173 6244
3034 3159 6193
3145 3160 6305
3119 3146 6265
3046 3055 6101
3197 3198 6395
3065 3076 6141
3118 3173 6291
3093 3157 6250
3169 3200 6369
3025 3180 6205
3030 3090 6120
3161 3166 6327
3006 3070 6076
3161 3200 6361
3139 3160 6299
3049 3064 6113
3171 3189 6360
3098 3158 6256
3043 3181 6224
3095 3195 6290
3181 3183 6364
3184 3194 6378

4015 4164 8149
4147 4191 8328
4027 4147 8143
4053 4111 8163
4015 4056 8035
4119 4191 8296
4041 4175 8180
4049 4078 8091
4184 4190 8357
4038 4128 8154
4063 4081 8108
4130 4166 8288
4035 4061 8090
4048 4178 8208
4015 4099 8101
4138 4181 8311
4128 4196 8319
4160 4190 8314
4047 4138 8159
4034 4085 8113
4068 4097 8128
4133 4173 8301
4061 4190 8248
4173 4199 8354
4036 4174 8173
4007 4095 8085
4155 4156 8292
4003 4172 8139
4104 4199 8300
4119 4169 8257
4198 4200 8380
4079 4196 8264
4025 4150 8159
4155 4178 8326
4037 4103 8127
4050 4142 8161
4141 4161 8264
4098 4131 8220
4135 4174 8293
4032 4102 8098
4013 4168 8174
4117 4120 8198
4133 4165 8295
4194 4195 8378
4075 4156 8217
4118 4197 8280
4154 4198 8334
4109 4154 8240
4177 4190 8332
4141 4169 8279
4055 4108 8135
4132 4162 8286
4192 4200 8391
4128 4153 8271
4003 4187 8156
4065 4136 8193
4086 4153 8209
4026 4039 8058
4051 4151 8171
4121 4200 8291
4139 4196 8333
4142 4155 8272
4006 4017 8009
4168 4174 8320
4044 4177 8197
4149 4180 8304
4084 4104 8174
4170 4178 8331
4145 4186 8310
4047 4148 8181
4104 4116 8188
4139 4197 8331
4156 4178 8306
4166 4200 8328
4098 4146 8213
4120 4187 8279
4123 4158 8273
4081 4128 8181
4193 4199 8361
4047 4184 8217
4088 4199 8256
4166 4198 8350
4041 4126 8133
4060 4152 8195
4006 4179 8165
4144 4199 8315
4169 4178 8314
4070 4192 8233
4094 4176 8259
4100 4102 8193
4192 4200 8387
4169 4185 8348
4010 4198 8178
4102 4183 8283
4112 4148 8241
4020 4102 8092
4145 4173 8284
4192 4196 8374
4050 4150 8175
4045 4081 8105

0.010000 0.560000
