1000
3949656
3183 3187 6370
3001 3174 6175
3193 3197 6390
3004 3061 6065
3174 3195 6369
3042 3149 6191
3008 3051 6059
3195 3197 6392
3082 3170 6252
3031 3058 6089
3074 3133 6207
3029 3158 6187
3013 3126 6139
3008 3155 6163
3040 3133 6173
3082 3164 6246
3190 3198 6388
3172 3178 6350
3119 3148 6267
3168 3174 6342
3171 3194 6365
3180 3186 6366
3105 3125 6230
3098 3142 6240
3102 3111 6213
3007 3026 6033
3151 3177 6328
3030 3066 6096
3023 3168 6191
3191 3194 6385
3090 3147 6237
3075 3150 6225
3130 3187 6317
3139 3147 6286
3098 3143 6241
3058 3100 6158
3154 3173 6327
3166 3193 6359
3182 3194 6376
3158 3191 6349
3142 3144 6286
3112 3185 6297
3021 3115 6136
3102 3120 6222
3042 3169 6211
3043 3140 6183
3187 3190 6377
3097 3102 6199
3136 3164 6300
3040 3142 6182
3087 3100 6187
3154 3172 6326
3040 3153 6193
3194 3199 6393
3060 3094 6154
3071 3144 6215
3182 3183 6365
3155 3187 6342
3191 3195 6386
3020 3182 6202
3082 3134 6216
3085 3088 6173
3112 3156 6268
3085 3161 6246
3054 3058 6112
3067 3155 6222
3020 3173 6193
3067 3126 6193
3098 3110 6208
3049 3116 6165
3065 3135 6200
3198 3200 6398
3083 3185 6268
3064 3156 6220
3026 3096 6122
3036 3049 6085
3102 3163 6265
3134 3162 6296
3190 3194 6384
3048 3165 6213
3031 3160 6191
3102 3165 6267
3060 3086 6146
3165 3179 6344
3134 3150 6284
3043 3143 6186
3113 3121 6234
3124 3171 6295
3091 3101 6192
3154 3177 6331
3124 3198 6322
3005 3075 6080
3113 3130 6243
3032 3173 6205
3177 3179 6356
3066 3194 6260
3088 3194 6282
3169 3172 6341
3141 3143 6284
3065 3107 6172
3032 3076 6108
3178 3200 6378
3018 3125 6143
3019 3032 6051
3114 3117 6231
3113 3128 6241
3194 3197 6391
3152 3181 6333
3000 3058 6058
3171 3184 6355
3136 3164 6300
3189 3196 6385
3040 3177 6217
3141 3176 6317
3116 3162 6278
3040 3133 6173
3069 3160 6229
3071 3197 6268
3039 3103 6142
3067 3102 6169
3014 3151 6165
3141 3147 6288
3001 3143 6144
3167 3182 6349
3130 3149 6279
3159 3190 6349
3110 3127 6237
3130 3189 6319
3067 3106 6173
3028 3197 6225
3135 3140 6275
3171 3184 6355
3162 3193 6355
3154 3157 6311
3031 3179 6210
3029 3038 6067
3003 3049 6052
3008 3117 6125
3012 3026 6038
3066 3144 6210
3026 3168 6194
3151 3165 6316
3113 3114 6227
3090 3190 6280
3030 3076 6106
3174 3175 6349
3121 3126 6247
3179 3184 6363
3140 3197 6337
3069 3142 6211
3151 3182 6333
3010 3154 6164
3103 3165 6268
3020 3105 6125
3083 3150 6233
3019 3045 6064
3158 3188 6346
3043 3130 6173
3134 3198 6332
3029 3042 6071
3118 3128 6246
3124 3148 6272
3025 3161 6186
3161 3162 6323
3137 3150 6287
3096 3124 6220
3170 3178 6348
3180 3197 6377
3046 3107 6153
3072 3075 6147
3057 3153 6210
3114 3188 6302
3010 3173 6183
3165 3172 6337
3186 3198 6384
3021 3073 6094
3056 3112 6168
3048 3054 6102
3195 3196 6391
3006 3036 6042
3052 3183 6235
3150 3157 6307
3095 3159 6254
3043 3152 6195
3166 3170 6336
3158 3174 6332
3123 3171 6294
3057 3165 6222
3036 3122 6158
3044 3130 6174
3113 3120 6233
3155 3197 6352
3192 3198 6390
3075 3172 6247
3060 3127 6187
3003 3080 6083
3084 3150 6234
3005 3060 6065
3003 3053 6056
3096 3157 6253
3067 3130 6197
3087 3156 6243
3024 3030 6054
3193 3196 6389
3097 3117 6214
3107 3168 6275
3114 3170 6284
3064 3190 6254
3037 3184 6221
3012 3155 6167
3040 3110 6150
3065 3068 6133
3157 3159 6316
3169 3172 6341
3193 3197 6390
3093 3175 6268
3042 3183 6225
3155 3166 6321
3130 3161 6291
3074 3173 6247
3014 3104 6118
3001 3052 6053
3112 3113 6225
3013 3097 6110
3043 3121 6164
3190 3193 6383
3166 3171 6337
3058 3157 6215
3013 3163 6176
3065 3125 6190
3032 3133 6165
3074 3076 6150
3185 3189 6374
3037 3144 6181
3129 3167 6296
3053 3120 6173
3007 3031 6038
3097 3135 6232
3001 3080 6081
3138 3155 6293
3086 3102 6188
3010 3117 6127
3082 3135 6217
3029 3106 6135
3015 3085 6100
3103 3128 6231
3133 3138 6271
3128 3148 6276
3133 3154 6287
3181 3200 6381
3128 3169 6297
3116 3166 6282
3050 3063 6113
3075 3151 6226
3098 3134 6232
3105 3115 6220
3013 3129 6142
3184 3199 6383
3097 3160 6257
3172 3177 6349
3138 3169 6307
3139 3155 6294
3099 3112 6211
3152 3200 6352
3113 3198 6311
3107 3124 6231
3172 3185 6357
3072 3168 6240
3108 3183 6291
3064 3134 6198
3047 3105 6152
3139 3144 6283
3147 3173 6320
3121 3188 6309
3065 3155 6220
3056 3169 6225
3034 3137 6171
3039 3049 6088
3105 3196 6301
3155 3177 6332
3029 3091 6120
3033 3183 6216
3059 3178 6237
3089 3174 6263
3186 3200 6386
3001 3007 6008
3143 3163 6306
3016 3027 6043
3174 3197 6371
3199 3200 6399
3125 3178 6303
3154 3179 6333
3156 3162 6318
3108 3112 6220
3011 3031 6042
3011 3036 6047
3196 3197 6393
3009 3027 6036
3178 3180 6358
3048 3134 6182
3176 3195 6371
3024 3147 6171
3061 3176 6237
3034 3170 6204
3020 3154 6174
3122 3148 6270
3019 3153 6172
3035 3128 6163
3166 3171 6337
3050 3137 6187
3039 3160 6199
3128 3195 6323
3123 3140 6263
3042 3118 6160
3125 3133 6258
3119 3139 6258
3036 3198 6234
3004 3124 6128
3055 3150 6205
3035 3134 6169
3128 3168 6296
3147 3152 6299
3105 3154 6259
3132 3180 6312
3075 3132 6207
3035 3136 6171
3017 3076 6093
3172 3173 6345
3199 3200 6399
3158 3160 6318
3018 3027 6045
3007 3130 6137
3034 3112 6146
3072 3184 6256
3186 3194 6380
3001 3173 6174
3072 3151 6223
3188 3190 6378
3162 3183 6345
3039 3129 6168
3138 3170 6308
3024 3063 6087
3030 3057 6087
3134 3136 6270
3198 3200 6398
3038 3048 6086
3141 3172 6313
3128 3160 6288
3096 3186 6282
3052 3090 6142
3179 3183 6362
3024 3092 6116
3138 3194 6332
3037 3126 6163
3181 3196 6377
3131 3137 6268
3047 3109 6156
3033 3063 6096
3164 3200 6364
3193 3199 6392
3125 3136 6261
3034 3194 6228
3156 3192 6348
3196 3198 6394
3051 3087 6138
3152 3186 6338
3199 3200 6399
3023 3056 6079
3129 3162 6291
3096 3099 6195
3165 3186 6351
3170 3184 6354
3159 3180 6339
3064 3187 6251
3015 3097 6112
3005 3178 6183
3000 3100 6100
3149 3156 6305
3148 3183 6331
3091 3124 6215
3008 3114 6122
3000 3175 6175
3130 3154 6284
3153 3193 6346
3091 3130 6221
3109 3153 6262
3017 3151 6168
3093 3116 6209
3168 3183 6351
3029 3167 6196
3172 3186 6358
3076 3110 6186
3133 3197 6330
3183 3185 6368
3105 3192 6297
3086 3158 6244
3171 3183 6354
3194 3197 6391
3019 3038 6057
3156 3180 6336
3077 3174 6251
3053 3181 6234
3117 3194 6311
3150 3166 6316
3117 3134 6251
3186 3190 6376
3097 3193 6290
3013 3063 6076
3103 3146 6249
3072 3184 6256
3001 3017 6018
3175 3178 6353
3186 3187 6373
3048 3122 6170
3157 3194 6351
3100 3121 6221
3140 3160 6300
3138 3145 6283
3198 3200 6398
3156 3175 6331
3013 3089 6102
3032 3073 6105
3098 3185 6283
3163 3187 6350
3142 3186 6328
3146 3185 6331
3000 3110 6110
3007 3104 6111
3018 3031 6049
3140 3154 6294
3094 3200 6294
3033 3165 6198
3101 3106 6207
3132 3191 6323
3161 3187 6348
3161 3184 6345
3140 3144 6284
3096 3181 6277
3116 3162 6278
3070 3141 6211
3109 3193 6302
3199 3200 6399
3044 3120 6164
3174 3179 6353
3096 3200 6296
3181 3189 6370
3115 3157 6272
3083 3084 6167
3133 3165 6298
3061 3064 6125
3091 3135 6226
3110 3132 6242
3135 3179 6314
3170 3191 6361
3132 3165 6297
3104 3106 6210
3137 3154 6291
3070 3143 6213
3161 3189 6350
3046 3078 6124
3128 3139 6267
3046 3175 6221
3016 3071 6087
3124 3179 6303
3009 3195 6204
3037 3121 6158
3161 3181 6342
3141 3162 6303
3172 3183 6355
3039 3138 6177
3016 3147 6163
3161 3193 6354
3080 3128 6208
3089 3143 6232
3109 3168 6277
3167 3177 6344
3144 3190 6334
3199 3200 6399
3092 3174 6266
3029 3100 6129
3110 3136 6246
3085 3156 6241
3120 3157 6277
3141 3199 6340
3166 3173 6339
3082 3107 6189
3005 3108 6113
3122 3134 6256
3126 3187 6313
3129 3141 6270
3029 3163 6192
3147 3162 6309
3012 3184 6196
3089 3178 6267
3042 3044 6086
3174 3175 6349
3040 3095 6135
3175 3199 6374
3133 3197 6330
3153 3200 6353
3164 3193 6357
3186 3193 6379
3078 3142 6220
3148 3179 6327
3009 3132 6141
3135 3159 6294
3013 3080 6093
3194 3196 6390
3083 3189 6272
3149 3165 6314
3184 3191 6375
3001 3003 6004
3174 3199 6373
3147 3179 6326
3062 3100 6162
3024 3061 6085
3082 3130 6212
3024 3198 6222
3146 3148 6294
3112 3178 6290
3085 3167 6252
3195 3197 6392
3163 3196 6359
3110 3111 6221
3064 3145 6209
3124 3153 6277
3035 3053 6088
3039 3084 6123
3196 3199 6395
3178 3193 6371
3046 3122 6168
3148 3172 6320
3117 3157 6274
3047 3152 6199
3085 3094 6179
3096 3167 6263
3047 3048 6095
3160 3162 6322
3091 3109 6200
3151 3178 6329
3008 3170 6178
3032 3196 6228
3120 3187 6307
3041 3175 6216
3054 3067 6121
3014 3152 6166
3011 3161 6172
3055 3107 6162
3003 3006 6009
3037 3054 6091
3125 3176 6301
3180 3187 6367
3077 3113 6190
3077 3114 6191
3043 3174 6217
3127 3199 6326
3018 3085 6103
3024 3069 6093
3091 3092 6183
3112 3196 6308
3003 3044 6047
3088 3190 6278
3155 3176 6331
3104 3133 6237
3175 3185 6360
3086 3125 6211
3022 3090 6112
3182 3189 6371
3012 3060 6072
3021 3093 6114
3136 3138 6274
3126 3191 6317
3097 3159 6256
3191 3193 6384
3067 3116 6183
3164 3172 6336
3079 3114 6193
3023 3045 6068
3186 3191 6377
3090 3109 6199
3128 3197 6325
3009 3068 6077
3045 3105 6150
3005 3055 6060
3000 3059 6059
3015 3131 6146
3038 3073 6111
3182 3189 6371
3123 3144 6267
3045 3124 6169
3147 3176 6323
3191 3199 6390
3118 3137 6255
3166 3192 6358
3004 3036 6040
3124 3174 6298
3090 3196 6286
3184 3186 6370
3079 3152 6231
3052 3188 6240
3110 3136 6246
3037 3097 6134
3186 3199 6385
3063 3165 6228
3068 3107 6175
3091 3153 6244
3193 3198 6391
3122 3134 6256
3135 3196 6331
3142 3160 6302
3152 3174 6326
3008 3069 6077
3034 3156 6190
3076 3178 6254
3114 3140 6254
3171 3179 6350
3076 3137 6213
3176 3177 6353
3131 3135 6266
3179 3189 6368
3138 3148 6286
3154 3182 6336
3138 3160 6298
3022 3034 6056
3093 3124 6217
3151 3191 6342
3154 3161 6315
3096 3111 6207
3062 3193 6255
3069 3131 6200
3050 3151 6201
3164 3186 6350
3046 3142 6188
3065 3178 6243
3075 3140 6215
3131 3132 6263
3154 3191 6345
3108 3135 6243
3171 3177 6348
3179 3198 6377
3134 3174 6308
3002 3176 6178
3199 3200 6399
3115 3178 6293
3177 3191 6368
3124 3172 6296
3045 3060 6105
3006 3008 6014
3058 3136 6194
3169 3173 6342
3130 3138 6268
3182 3183 6365
3033 3041 6074
3104 3140 6244
3040 3054 6094
3083 3108 6191
3008 3082 6090
3073 3094 6167
3020 3118 6138
3004 3143 6147
3002 3082 6084
3116 3188 6304
3063 3148 6211
3148 3153 6301
3052 3103 6155
3057 3194 6251
3051 3069 6120
3120 3125 6245
3131 3172 6303
3137 3175 6312
3144 3157 6301
3103 3185 6288
3190 3196 6386
3004 3186 6190
3070 3167 6237
3002 3028 6030
3189 3193 6382
3188 3198 6386
3149 3155 6304
3142 3179 6321
3090 3159 6249
3025 3177 6202
3059 3145 6204
3080 3190 6270
3190 3199 6389
3198 3199 6397
3030 3156 6186
3032 3142 6174
3166 3183 6349
3196 3199 6395
3170 3197 6367
3120 3151 6271
3168 3189 6357
3054 3091 6145
3149 3166 6315
3174 3186 6360
3056 3126 6182
3164 3193 6357
3048 3098 6146
3047 3059 6106
3119 3161 6280
3018 3150 6168
3056 3151 6207
3038 3075 6113
3173 3193 6366
3043 3080 6123
3158 3199 6357
3190 3193 6383
3150 3175 6325
3186 3192 6378
3178 3188 6366
3188 3191 6379
3179 3190 6369
3081 3104 6185
3199 3200 6399
3183 3195 6378
3002 3187 6189
3085 3147 6232
3155 3157 6312
3068 3072 6140
3009 3175 6184
3185 3186 6371
3093 3116 6209
3140 3159 6299
3190 3199 6389
3122 3151 6273
3012 3030 6042
3185 3195 6380
3177 3187 6364
3170 3176 6346
3156 3165 6321
3121 3165 6286
3118 3187 6305
3112 3134 6246
3123 3177 6300
3001 3096 6097
3149 3162 6311
3016 3019 6035
3078 3160 6238
3085 3154 6239
3116 3183 6299
3150 3167 6317
3053 3149 6202
3022 3103 6125
3031 3102 6133
3105 3189 6294
3181 3193 6374
3061 3105 6166
3109 3112 6221
3165 3167 6332
3031 3149 6180
3190 3200 6390
3095 3135 6230
3136 3153 6289
3196 3198 6394
3120 3151 6271
3149 3157 6306
3145 3171 6316
3156 3195 6351
3068 3146 6214
3000 3200 6200
3029 3140 6169
3119 3146 6265
3036 3182 6218
3071 3077 6148
3091 3102 6193
3098 3140 6238
3150 3179 6329
3012 3161 6173
3186 3196 6382
3198 3200 6398
3088 3089 6177
3118 3180 6298
3161 3186 6347
3029 3095 6124
3037 3151 6188
3140 3146 6286
3160 3169 6329
3190 3191 6381
3072 3078 6150
3159 3179 6338
3085 3148 6233
3178 3197 6375
3048 3063 6111
3185 3194 6379
3176 3181 6357
3007 3026 6033
3005 3099 6104
3100 3110 6210
3130 3135 6265
3189 3190 6379
3049 3142 6191
3038 3120 6158
3050 3073 6123
3095 3115 6210
3050 3162 6212
3035 3071 6106
3178 3193 6371
3068 3084 6152
3014 3143 6157
3018 3028 6046
3146 3159 6305
3006 3105 6111
3055 3065 6120
3005 3036 6041
3051 3068 6119
3066 3168 6234
3193 3195 6388
3067 3153 6220
3014 3194 6208
3064 3115 6179
3002 3090 6092
3048 3179 6227
3141 3165 6306
3021 3105 6126
3025 3185 6210
3030 3186 6216
3066 3071 6137
3175 3188 6363
3193 3194 6387
3181 3182 6363
3198 3199 6397
3056 3199 6255
3159 3194 6353
3161 3197 6358
3020 3087 6107
3102 3169 6271
3073 3130 6203
3010 3179 6189
3078 3108 6186
3058 3062 6120
3170 3173 6343
3153 3198 6351
3192 3193 6385
3175 3181 6356
3067 3124 6191
3001 3019 6020
3067 3145 6212
3029 3172 6201
3195 3198 6393
3164 3199 6363
3028 3096 6124
3029 3103 6132
3121 3182 6303
3079 3125 6204
3182 3199 6381
3151 3193 6344
3113 3143 6256
3016 3104 6120
3133 3197 6330
3131 3144 6275
3013 3024 6037
3102 3105 6207
3053 3108 6161
3173 3200 6373
3006 3150 6156
3137 3184 6321
3049 3054 6103
3139 3153 6292
3075 3136 6211
3140 3192 6332
3111 3167 6278
3163 3191 6354
3160 3188 6348
3160 3192 6352
3147 3180 6327
3000 3163 6163
3026 3142 6168
3106 3196 6302
3002 3197 6199
3181 3200 6381
3185 3200 6385
3046 3053 6099
3002 3079 6081
3197 3200 6397
3031 3188 6219
3173 3179 6352
3136 3139 6275
3097 3111 6208
3080 3153 6233
3181 3188 6369
3002 3007 6009
3163 3167 6330
3114 3171 6285
3056 3073 6129
3182 3184 6366
3122 3134 6256
3038 3131 6169
3096 3108 6204
3017 3018 6035
3095 3122 6217
3183 3189 6372
3080 3153 6233
3148 3158 6306
3079 3175 6254
3106 3150 6256
3046 3152 6198
3003 3056 6059
3193 3195 6388
3197 3199 6396
3135 3160 6295
3136 3142 6278
3026 3130 6156
3149 3186 6335
3123 3149 6272
3095 3147 6242
3063 3095 6158
3051 3111 6162
3090 3120 6210
3146 3181 6327
3194 3195 6389
3198 3199 6397
3198 3199 6397
3096 3167 6263
3143 3177 6320
3070 3122 6192
3043 3111 6154
3153 3174 6327
3025 3106 6131
3143 3164 6307
3028 3033 6061
3069 3099 6168
3145 3166 6311
3012 3116 6128
3136 3169 6305
3005 3033 6038
3006 3183 6189
3102 3133 6235
3180 3192 6372
3185 3188 6373
3155 3187 6342
3165 3185 6350
3146 3187 6333
3060 3199 6259
3036 3175 6211
3045 3062 6107
3033 3142 6175
3068 3162 6230
3147 3153 6300
3028 3084 6112
3038 3097 6135
3005 3070 6075
3074 3092 6166
3083 3096 6179
3068 3185 6253
3072 3123 6195
3168 3176 6344
3179 3183 6362
3047 3180 6227
3151 3188 6339
3105 3133 6238
3049 3115 6164
3119 3160 6279
3181 3189 6370
3081 3100 6181
3140 3161 6301
3050 3067 6117
3019 3130 6149
3185 3193 6378
3118 3190 6308
3058 3149 6207
3013 3175 6188
3173 3197 6370
3105 3115 6220
3009 3113 6122
3118 3198 6316
3020 3062 6082
3107 3127 6234
3041 3124 6165
3048 3066 6114
3049 3131 6180
3132 3177 6309
3169 3181 6350
3121 3126 6247
3177 3182 6359
3023 3162 6185
3180 3189 6369
3186 3191 6377
3149 3154 6303
3127 3155 6282
3092 3127 6219
3176 3183 6359
3091 3112 6203
3060 3161 6221
3047 3056 6103
3096 3137 6233
3151 3190 6341
3030 3198 6228
3047 3133 6180
3038 3189 6227
3119 3156 6275
3193 3198 6391
3072 3162 6234
3110 3177 6287
3119 3150 6269
3184 3187 6371
3005 3098 6103
3167 3184 6351
3057 3138 6195
3006 3141 6147

4082 4109 8178
4159 4164 8298
4172 4174 8324
4056 4066 8118
4012 4042 8022
4183 4197 8345
4038 4046 8082
4193 4199 8381
4111 4140 8230
4067 4084 8150
4195 4198 8359
4049 4175 8208
4047 4075 8113
4107 4152 8251
4048 4178 8188
4138 4173 8292
4003 4194 8168
4077 4080 8156
4177 4192 8341
4053 4060 8080
4101 4192 8265
4022 4106 8097
4000 4161 8144
4168 4180 8332
4056 4085 8136
4164 4200 8342
4054 4064 8114
4006 4183 8182
4052 4174 8190
4011 4164 8154
4145 4177 8283
4158 4184 8322
4037 4039 8041
4054 4190 8231
4022 4182 8198
4161 4170 8315
4189 4200 8383
4097 4124 8190
4112 4117 8228
4062 4074 8098
4126 4173 8279
4180 4198 8347
4018 4167 8161
4031 4175 8191
4036 4200 8213
4001 4118 8114
4088 4153 8238
4193 4196 8357
4170 4180 8321
4130 4197 8288
4020 4105 8091
4159 4173 8299
4124 4173 8289
4044 4059 8071
4087 4160 8212
4023 4144 8149
4044 4052 8073
4032 4155 8181
4062 4168 8218
4074 4087 8158
4160 4183 8309
4155 4163 8279
4183 4185 8340
4069 4101 8168
4171 4197 8348
4068 4070 8125
4187 4199 8353
4021 4044 8029
4043 4090 8130
4102 4186 8261
4142 4184 8289
4042 4124 8158
4074 4111 8180
4109 4157 8255
4052 4119 8136
4090 4140 8201
4040 4097 8132
4054 4103 8126
4150 4174 8302
4186 4196 8364
4153 4189 8327
4185 4193 8358
4077 4106 8162
4024 4138 8142
4171 4177 8326
4042 4098 8134
4062 4134 8180
4163 4191 8336
4162 4200 8354
4185 4200 8356
4070 4101 8147
4102 4132 8199
4110 4151 8249
4117 4160 8248
4126 4191 8301
4114 4131 8233
4141 4188 8314
4184 4197 8365
4138 4140 8268
4156 4197 8329
4085 4200 8273
4126 4191 8284
4127 4169 8276
4167 4177 8325
4124 4186 8295
4031 4132 8161
4107 4186 8272
4034 4159 8191
4083 4093 8169
4063 4139 8189
4129 4157 8253
4188 4200 8358
4128 4181 8275
4003 4150 8147
4148 4199 8346
4071 4147 8210
4002 4103 8084
4111 4160 8238
4011 4049 8055
4051 4180 8200
4146 4191 8332
4125 4138 8228
4197 4200 8366
4059 4094 8121
4015 4197 8204
4144 4168 8300
4111 4200 8304
4045 4142 8162
4106 4165 8262
4170 4200 8342
4139 4144 8272
4062 4108 8153
4116 4125 8230
4066 4165 8211
4075 4142 8212
4035 4080 8097
4180 4188 8350
4073 4165 8217
4046 4146 8173
4183 4190 8341
4036 4142 8159
4166 4197 8339
4129 4193 8303
4169 4179 8345
4166 4199 8334
4032 4073 8088
4161 4168 8315
4173 4194 8344
4154 4181 8333
4115 4164 8266
4095 4138 8212
4150 4198 8331
4099 4149 8233
4143 4152 8282
4189 4191 8368
4153 4179 8305
4107 4179 8247
4125 4182 8289
4008 4167 8171
4109 4181 8279
4187 4200 8379
4050 4135 8163
4110 4180 8268
4082 4185 8236
4047 4094 8139
4153 4196 8316
4098 4143 8212
4039 4196 8215
4041 4155 8172
4051 4071 8104
4093 4181 8238
4104 4164 8249
4188 4200 8354
4130 4133 8247
4198 4199 8375
4087 4101 8184
4139 4198 8313
4102 4148 8220
4196 4199 8393
4010 4187 8160
4083 4159 8207
4023 4036 8038
4115 4200 8282
4149 4168 8284
4190 4200 8380
4044 4166 8195
4045 4143 8168
4072 4095 8135
4097 4128 8205
4178 4185 8333
4003 4055 8033
4116 4118 8213
4007 4127 8096
4001 4158 8151
4195 4197 8388
4001 4028 8028
4175 4188 8351
4059 4168 8207
4052 4070 8121
4099 4106 8170
4043 4055 8060
4070 4097 8131
4192 4199 8371
4007 4198 8169
4074 4077 8115
4099 4179 8261
4152 4189 8314
4135 4176 8309
4088 4176 8262
4103 4113 8197
4125 4128 8237
4006 4164 8144
4124 4163 8261
4138 4166 8281
4045 4180 8190
4000 4019 8008
4082 4102 8176
4094 4129 8186
4125 4159 8269
4016 4079 8075
4145 4159 8295
4001 4118 8102
4150 4168 8317
4136 4161 8273
4087 4190 8242
4054 4055 8099
4131 4160 8255
4019 4090 8075
4011 4163 8171
4121 4191 8287
4065 4090 8121
4063 4146 8191
4187 4190 8372
4081 4118 8165
4015 4023 8003
4146 4177 8301
4183 4184 8347
4050 4196 8220
4151 4191 8313
4097 4200 8287
4181 4196 8372
4138 4179 8292
4149 4186 8312
4000 4113 8101
4030 4160 8156
4068 4130 8164
4103 4133 8206
4182 4195 8364
4144 4147 8258
4172 4187 8358
4109 4111 8201
4128 4164 8271
4133 4169 8283
4154 4162 8302
4147 4194 8304
4170 4174 8323
4179 4199 8342
4121 4127 8236
4140 4157 8290
4144 4147 8281
4149 4169 8309
4050 4073 8110
4073 4083 8137
4075 4111 8164
4169 4192 8349
4196 4200 8392
4122 4172 8271
4090 4198 8283
4147 4174 8292
4198 4200 8387
4163 4164 8299
4085 4101 8185
4154 4170 8318
4000 4107 8087
4018 4042 8041
4105 4154 8237
4136 4176 8279
4158 4178 8323
4175 4192 8362
4169 4199 8348
4039 4144 8156
4182 4187 8364
4037 4074 8076
4066 4194 8230
4114 4128 8206
4067 4154 8218
4128 4185 8292
4041 4181 8184
4002 4174 8147
4075 4108 8178
4007 4149 8127
4032 4043 8051
4162 4186 8336
4022 4175 8193
4020 4054 8069
4006 4030 8025
4020 4041 8027
4007 4182 8173
4065 4110 8137
4014 4184 8172
4085 4101 8165
4023 4075 8066
4196 4198 8369
4107 4166 8267
4141 4160 8282
4136 4174 8304
4045 4169 8197
4186 4194 8363
4091 4095 8167
4087 4120 8180
4127 4167 8281
4095 4189 8252
4065 4183 8245
4077 4153 8225
4005 4172 8147
4028 4070 8078
4035 4063 8081
4046 4125 8166
4175 4197 8347
4175 4188 8349
4173 4184 8354
4003 4139 8105
4141 4200 8319
4115 4163 8252
4012 4166 8150
4021 4165 8151
4154 4162 8311
4089 4128 8200
4005 4111 8111
4131 4136 8263
4084 4105 8171
4144 4174 8290
4029 4168 8192
4150 4193 8334
4162 4187 8335
4066 4082 8134
4177 4182 8342
4010 4102 8100
4167 4200 8358
4009 4166 8160
4031 4045 8071
4071 4161 8196
4062 4099 8145
4193 4197 8376
4051 4054 8078
4032 4163 8189
4069 4174 8213
4127 4137 8259
4117 4119 8233
4195 4199 8355
4103 4171 8241
4018 4071 8073
4075 4114 8166
4081 4177 8239
4068 4114 8170
4136 4192 8314
4003 4133 8129
4032 4034 8062
4035 4092 8121
4084 4186 8260
4051 4155 8199
4135 4149 8278
4147 4194 8334
4046 4132 8147
4028 4078 8078
4098 4168 8248
4086 4156 8234
4092 4115 8179
4028 4156 8158
4174 4191 8358
4142 4148 8258
4126 4174 8274
4099 4123 8202
4166 4175 8336
4092 4180 8255
4087 4161 8239
4191 4194 8379
4175 4190 8332
4174 4176 8344
4187 4196 8349
4067 4180 8209
4152 4188 8319
4040 4100 8135
4083 4179 8233
4125 4146 8240
4102 4162 8234
4046 4114 8139
4184 4198 8362
4126 4137 8232
4110 4144 8216
4096 4108 8202
4183 4189 8364
4087 4122 8196
4172 4183 8324
4110 4180 8271
4065 4129 8166
4178 4189 8334
4163 4177 8314
4062 4144 8172
4143 4200 8333
4190 4199 8382
4101 4106 8172
4020 4152 8152
4067 4187 8252
4063 4103 8160
4093 4142 8220
4001 4010 8001
4129 4158 8267
4181 4193 8372
4018 4146 8158
4118 4177 8258
4175 4197 8357
4107 4148 8240
4167 4185 8325
4050 4199 8240
4178 4196 8357
4170 4190 8337
4017 4120 8105
4185 4189 8366
4027 4128 8147
4118 4132 8230
4080 4144 8205
4039 4188 8199
4034 4055 8078
4073 4114 8163
4184 4199 8375
4054 4172 8211
4161 4189 8332
4094 4191 8251
4074 4196 8250
4027 4086 8079
4139 4162 8290
4065 4127 8156
4014 4017 8012
4007 4117 8094
4134 4189 8287
4100 4154 8222
4179 4189 8353
4117 4197 8297
4103 4194 8273
4012 4033 8041
4098 4127 8189
4062 4179 8209
4004 4199 8168
4141 4188 8326
4152 4155 8299
4109 4179 8272
4167 4193 8344
4123 4169 8256
4026 4088 8100
4023 4099 8092
4009 4050 8052
4035 4138 8135
4101 4183 8267
4146 4166 8286
4116 4194 8307
4032 4100 8124
4197 4199 8374
4081 4084 8134
4166 4196 8328
4137 4151 8277
4030 4086 8104
4094 4169 8236
4098 4188 8271
4010 4062 8054
4025 4054 8057
4105 4161 8238
4081 4104 8174
4106 4157 8243
4121 4183 8296
4072 4114 8169
4048 4054 8084
4109 4145 8240
4134 4160 8271
4159 4183 8306
4067 4128 8182
4122 4133 8231
4057 4113 8166
4097 4199 8263
4082 4189 8252
4063 4096 8130
4049 4148 8194
4087 4136 8218
4154 4187 8316
4012 4067 8049
4005 4141 8134
4135 4143 8277
4071 4118 8163
4093 4147 8233
4027 4137 8143
4057 4099 8119
4064 4183 8227
4018 4079 8078
4167 4194 8343
4077 4174 8235
4027 4054 8047
4092 4111 8172
4199 4200 8379
4065 4092 8145
4034 4147 8168
4192 4199 8361
4182 4183 8328
4106 4136 8240
4005 4125 8122
4031 4046 8058
4167 4192 8324
4111 4118 8194
4098 4168 8259
4154 4195 8339
4004 4007 8007
4102 4182 8272
4178 4192 8338
4103 4108 8173
4095 4096 8176
4024 4048 8050
4029 4128 8131
4065 4164 8226
4192 4199 8369
4104 4190 8293
4065 4167 8218
4143 4183 8323
4136 4159 8277
4196 4199 8387
4142 4153 8259
4130 4200 8299
4157 4171 8289
4170 4199 8332
4197 4200 8371
4068 4113 8160
4119 4171 8288
4135 4189 8294
4001 4095 8079
4151 4174 8324
4066 4152 8180
4035 4142 8164
4038 4099 8099
4067 4084 8131
4188 4189 8368
4152 4180 8330
4177 4181 8326
4084 4154 8202
4016 4161 8160
4052 4146 8176
4008 4048 8032
4051 4199 8232
4091 4111 8187
4180 4197 8350
4179 4182 8329
4099 4170 8266
4135 4173 8285
4083 4199 8264
4163 4199 8335
4070 4158 8220
4182 4187 8331
4180 4196 8367
4073 4118 8179
4049 4089 8125
4009 4104 8088
4140 4167 8301
4009 4126 8119
4101 4157 8257
4089 4179 8245
4018 4070 8077
4136 4138 8246
4190 4197 8380
4045 4111 8141
4179 4194 8352
4107 4158 8237
4105 4134 8212
4045 4068 8109
4137 4172 8293
4066 4068 8115
4049 4160 8181
4054 4195 8242
4051 4160 8197
4084 4179 8229
4018 4070 8054
4086 4133 8201
4050 4091 8116
4132 4188 8308
4194 4195 8358
4105 4160 8226
4186 4192 8360
4020 4024 8015
4100 4139 8210
4037 4075 8099
4071 4126 8179
4105 4127 8196
4166 4170 8311
4034 4068 8094
4090 4115 8193
4055 4153 8198
4181 4188 8331
4134 4175 8291
4108 4137 8220
4134 4176 8296
4134 4136 8269
4128 4154 8270
4170 4196 8338
4004 4189 8176
4000 4148 8123
4170 4181 8334
4177 4186 8327
4099 4109 8203
4096 4171 8246
4148 4189 8327
4043 4099 8112
4150 4158 8307
4077 4167 8215
4111 4144 8225
4090 4106 8168
4120 4179 8292
4117 4194 8305
4047 4115 8147
4092 4147 8236
4126 4146 8242
4151 4156 8305
4123 4133 8231
4063 4185 8226
4062 4188 8230
4154 4198 8317
4049 4081 8102
4070 4178 8217
4159 4198 8342
4132 4143 8240
4029 4070 8062
4188 4194 8344
4034 4088 8091
4159 4190 8329
4058 4059 8079
4008 4170 8146
4008 4198 8182
4105 4183 8277
4116 4192 8292
4010 4187 8194
4126 4188 8286
4090 4136 8215
4165 4180 8307
4077 4188 8228
4174 4179 8343
4003 4096 8090
4086 4150 8225
4148 4151 8278
4191 4192 8366
4149 4196 8315
4039 4078 8107
4193 4200 8379
4159 4192 8327
4175 4183 8325
4058 4169 8208
4003 4006 7986
4184 4200 8356
4068 4168 8200
4005 4133 8108
4167 4169 8309
4104 4107 8186
4179 4189 8341
4038 4160 8185
4002 4080 8068
4093 4135 8196
4016 4118 8114
4019 4184 8166
4038 4048 8062
4032 4180 8177
4171 4190 8327
4090 4166 8242
4195 4198 8385
4073 4110 8175
4079 4112 8163
4174 4184 8334
4079 4096 8160
4187 4188 8337
4037 4076 8077
4019 4101 8084
4128 4187 8283
4105 4193 8273
4185 4198 8371
4099 4200 8288
4185 4191 8339
4096 4163 8247
4125 4157 8269
4137 4188 8317
4163 4184 8319
4150 4159 8299
4148 4150 8283
4054 4198 8217
4109 4197 8294
4068 4143 8174
4010 4011 8015
4146 4148 8267
4015 4099 8112
4039 4154 8165
4178 4198 8371
4060 4110 8148
4178 4181 8330
4084 4194 8257
4119 4173 8286
4117 4198 8296
4116 4199 8311
4077 4191 8254
4158 4168 8325
4081 4121 8177
4146 4169 8299
4014 4060 8055
4115 4161 8248
4103 4147 8211
4022 4125 8116
4197 4199 8363
4106 4135 8239
4179 4195 8366
4172 4182 8326
4073 4081 8128
4017 4157 8140
4049 4188 8203
4007 4148 8150
4089 4196 8258
4180 4193 8354
4156 4159 8289
4032 4180 8190
4193 4195 8352
4112 4185 8268
4120 4143 8229
4081 4149 8205
4016 4084 8070
4132 4164 8263
4004 4124 8115
4086 4193 8248
4164 4169 8302
4028 4114 8131
4107 4167 8261
4181 4190 8338
4121 4172 8276
4103 4141 8210
4029 4063 8054
4087 4190 8248
4112 4153 8229
4107 4152 8255
4049 4072 8099
4151 4154 8302
4148 4178 8323
4072 4075 8146
4101 4143 8232
4002 4076 8069
4090 4155 8211
4002 4007 7980
4129 4177 8300
4055 4143 8160
4041 4127 8157
4066 4082 8130
4072 4135 8173
4112 4117 8197
4144 4168 8306
4174 4196 8354
4016 4145 8152
4049 4105 8130
4143 4153 8268
4015 4122 8121
4139 4154 8288
4160 4196 8320
4168 4169 8319
4051 4119 8168
4094 4185 8247
4190 4198 8373
4135 4153 8259
4012 4104 8112
4130 4193 8318
4013 4180 8189
4126 4181 8281
4152 4188 8319
4025 4074 8065
4121 4144 8256
4086 4151 8201
4026 4103 8123
4059 4095 8139
4091 4096 8159
4107 4113 8189
4160 4200 8359
4137 4148 8259
4083 4188 8238
4086 4196 8258
4158 4195 8351
4065 4196 8227
4165 4196 8337
4153 4183 8329
4179 4200 8378
4178 4182 8321
4191 4199 8377
4053 4169 8216
4074 4184 8223
4162 4184 8336
4074 4126 8197
4120 4121 8213
4035 4106 8126
4062 4142 8177
4031 4186 8213
4189 4195 8374
4090 4093 8172
4001 4190 8164
4043 4056 8070
4003 4191 8181
4016 4088 8081
4016 4108 8117
4133 4196 8298
4115 4152 8250
4128 4186 8297
4180 4185 8347
4135 4178 8312
4043 4076 8104
4141 4176 8299
4017 4023 8006
4059 4155 8193
4088 4199 8261
4057 4127 8177
4103 4115 8196
4183 4184 8330
4075 4099 8170
4080 4175 8228
4135 4190 8289
4100 4175 8245
4123 4155 8265
4014 4149 8152
4168 4172 8301
4075 4136 8177
4139 4163 8270
4093 4188 8257
4049 4073 8093
4184 4200 8364
4100 4138 8228
4100 4173 8234
4025 4180 8201
4075 4170 8218
4014 4180 8176
4036 4198 8207
4061 4154 8180
4012 4091 8087
4050 4173 8196
4051 4161 8200
4065 4067 8117
4198 4200 8393
4115 4131 8217
4022 4075 8070
4170 4176 8330
4143 4160 8299
4118 4160 8277
4179 4192 8363
4155 4192 8327
4031 4103 8125
4032 4124 8124
4028 4146 8150
4134 4149 8258
4094 4160 8251
4175 4191 8337
4114 4134 8237
4157 4168 8319
4114 4131 8224
4138 4158 8272
4137 4178 8281
4113 4158 8249
4121 4158 8266
4132 4192 8292
4111 4146 8251
4058 4146 8192
4076 4148 8193
4190 4192 8367
4043 4082 8104
4184 4192 8361
4036 4110 8115
4053 4097 8113
4123 4159 8278
4113 4157 8261
4024 4082 8081
4003 4025 7998
4118 4153 8250
4043 4146 8182
4183 4194 8360
4130 4184 8291
4123 4147 8249
4028 4169 8191
4179 4199 8377
4070 4141 8193
4072 4118 8167
4112 4115 8215
4119 4150 8258
4073 4099 8141
4175 4197 8345
4033 4126 8121
4057 4179 8227
4125 4182 8291
4014 4159 8164
4165 4182 8329
4002 4094 8091
4189 4192 8349
4182 4187 8365
4093 4099 8165
4085 4180 8239
4060 4064 8093
4038 4171 8206
4066 4170 8200
4079 4097 8167
4162 4171 8308
4079 4099 8175
4164 4194 8331
4062 4148 8197
4011 4185 8185
4139 4161 8298
4109 4169 8240
4187 4199 8352
4050 4127 8148
4033 4079 8084
4066 4070 8115
4108 4167 8259
4198 4200 8394
4060 4068 8100
4123 4178 8287
4005 4107 8106
4131 4160 8256
4109 4149 8222
4037 4118 8134
4103 4166 8231
4172 4194 8330
4133 4134 8243
4070 4173 8230
4148 4186 8302
4158 4159 8309
4119 4127 8242
4057 4120 8152
4024 4115 8123
4048 4174 8209
4116 4142 8252
4002 4105 8086
4067 4130 8184
4026 4120 8122
4008 4035 8028
4090 4097 8151
4030 4051 8062
4139 4151 8274
4093 4122 8212
4158 4173 8305
4020 4138 8125
4119 4127 8239
4111 4151 8246
4182 4188 8365
4139 4199 8301
4152 4159 8303
4071 4075 8125
4041 4105 8127
4178 4194 8354
4003 4027 7997
4147 4190 8329
4176 4180 8325
4196 4200 8358
4142 4161 8270
4037 4098 8115
4011 4044 8051
4165 4175 8320
4001 4046 8038
4074 4127 8192
4046 4081 8118
4180 4195 8362
4170 4178 8334
4142 4145 8281
4112 4137 8213
4154 4184 8328
4109 4181 8280
4150 4192 8339
4172 4182 8315
4162 4164 8299
4018 4172 8169
4125 4184 8307
4000 4161 8127
4032 4185 8192
4057 4150 8194
4131 4180 8275
4190 4196 8373
4030 4036 8053
4163 4168 8297
4122 4148 8237
4130 4182 8285
4084 4111 8159
4091 4116 8197
4098 4160 8255
4099 4186 8267
4152 4169 8309
4029 4160 8172
4135 4171 8279
4124 4147 8248
4086 4177 8261
4060 4107 8149
4184 4193 8338
4196 4199 8361
4185 4195 8348
4106 4117 8192
4012 4109 8089
4100 4122 8191
4051 4129 8146
4082 4178 8226
4088 4190 8254
4057 4160 8206
4192 4196 8381
4170 4188 8337

0.010000 0.480000
