100
543041
3052 3068 6120
3108 3184 6292
3012 3072 6084
3140 3148 6288
3159 3194 6353
3038 3056 6094
3094 3127 6221
3139 3166 6305
3168 3197 6365
3191 3196 6387
3127 3148 6275
3152 3172 6324
3195 3196 6391
3175 3189 6364
3130 3189 6319
3127 3129 6256
3172 3191 6363
3173 3176 6349
3139 3174 6313
3089 3199 6288
3078 3125 6203
3167 3181 6348
3002 3153 6155
3148 3160 6308
3070 3188 6258
3194 3197 6391
3189 3193 6382
3012 3175 6187
3090 3138 6228
3084 3092 6176
3098 3131 6229
3098 3142 6240
3060 3065 6125
3119 3177 6296
3100 3189 6289
3044 3124 6168
3010 3079 6089
3032 3115 6147
3101 3137 6238
3053 3122 6175
3002 3087 6089
3137 3185 6322
3101 3185 6286
3141 3199 6340
3153 3186 6339
3075 3092 6167
3002 3023 6025
3155 3185 6340
3101 3136 6237
3128 3192 6320
3112 3149 6261
3114 3140 6254
3084 3187 6271
3159 3182 6341
3058 3118 6176
3105 3161 6266
3139 3167 6306
3152 3157 6309
3129 3176 6305
3199 3200 6399
3107 3161 6268
3090 3100 6190
3068 3157 6225
3007 3116 6123
3049 3182 6231
3011 3123 6134
3000 3005 6005
3008 3011 6019
3012 3080 6092
3160 3166 6326
3081 3197 6278
3184 3200 6384
3100 3162 6262
3101 3189 6290
3002 3078 6080
3144 3200 6344
3184 3188 6372
3038 3148 6186
3009 3176 6185
3179 3183 6362
3096 3123 6219
3191 3197 6388
3069 3103 6172
3155 3176 6331
3180 3195 6375
3056 3170 6226
3052 3054 6106
3036 3137 6173
3164 3196 6360
3133 3146 6279
3104 3126 6230
3005 3113 6118
3025 3036 6061
3068 3187 6255
3065 3146 6211
3188 3197 6385
3099 3101 6200
3143 3188 6331
3024 3198 6222
3081 3096 6177

4186 4189 8351
4180 4186 8349
4137 4175 8297
4084 4118 8192
4088 4166 8249
4030 4157 8183
4060 4117 8149
4037 4038 8070
4128 4173 8295
4175 4189 8338
4046 4052 8085
4001 4170 8170
4060 4113 8164
4073 4160 8212
4012 4147 8128
4195 4199 8382
4000 4186 8180
4171 4176 8343
4108 4189 8293
4097 4159 8244
4093 4155 8213
4010 4063 8048
4054 4185 8203
4194 4196 8353
4044 4070 8093
4118 4177 8266
4067 4152 8202
4060 4113 8157
4077 4187 8245
4190 4191 8371
4014 4115 8115
4075 4196 8260
4064 4166 8225
4117 4147 8247
4097 4169 8257
4169 4190 8327
4050 4107 8150
4113 4186 8294
4187 4188 8366
4185 4193 8375
4027 4070 8083
4168 4180 8329
4112 4143 8232
4085 4112 8166
4048 4165 8184
4013 4046 8034
4129 4152 8258
4171 4180 8347
4044 4081 8107
4140 4164 8270
4189 4195 8365
4163 4165 8324
4044 4136 8151
4058 4192 8242
4015 4052 8035
4076 4093 8141
4187 4200 8384
4039 4063 8092
4082 4146 8191
4047 4184 8218
4122 4185 8277
4048 4175 8214
4058 4110 8157
4155 4186 8336
4196 4200 8363
4184 4187 8345
4069 4075 8107
4185 4194 8371
4040 4082 8099
4119 4157 8241
4025 4141 8146
4195 4199 8360
4055 4132 8153
4117 4139 8232
4015 4195 8193
4185 4190 8347
4064 4133 8182
4095 4106 8200
4015 4022 8025
4027 4143 8168
4131 4179 8286
4179 4198 8352
4013 4030 8032
4077 4171 8235
4058 4090 8111
4184 4195 8341
4173 4190 8340
4199 4200 8392
4166 4189 8335
4081 4115 8165
4082 4112 8162
4140 4157 8272
4072 4147 8192
4156 4177 8300
4013 4199 8210
4181 4195 8367
4038 4139 8160
4133 4179 8274
4028 4082 8076
4047 4068 8078

0.010000 0.660000
