100
353938
3154 3161 6315
3184 3185 6369
3180 3190 6370
3043 3140 6183
3187 3189 6376
3166 3177 6343
3183 3187 6370
3194 3198 6392
3072 3093 6165
3033 3198 6231
3167 3172 6339
3028 3180 6208
3033 3180 6213
3010 3158 6168
3063 3187 6250
3118 3146 6264
3038 3089 6127
3021 3118 6139
3098 3146 6244
3152 3199 6351
3005 3062 6067
3071 3176 6247
3100 3156 6256
3088 3092 6180
3148 3159 6307
3189 3197 6386
3037 3061 6098
3084 3094 6178
3096 3171 6267
3132 3146 6278
3194 3195 6389
3005 3140 6145
3199 3200 6399
3142 3148 6290
3142 3187 6329
3073 3083 6156
3131 3167 6298
3178 3181 6359
3129 3151 6280
3089 3191 6280
3008 3129 6137
3111 3157 6268
3199 3200 6399
3092 3101 6193
3167 3191 6358
3114 3144 6258
3012 3076 6088
3099 3165 6264
3187 3198 6385
3029 3039 6068
3046 3138 6184
3102 3168 6270
3195 3199 6394
3169 3197 6366
3035 3080 6115
3150 3183 6333
3049 3141 6190
3119 3172 6291
3068 3142 6210
3084 3094 6178
3074 3100 6174
3027 3117 6144
3146 3167 6313
3058 3139 6197
3046 3139 6185
3186 3196 6382
3135 3193 6328
3136 3166 6302
3082 3184 6266
3173 3181 6354
3191 3196 6387
3049 3107 6156
3068 3191 6259
3038 3121 6159
3000 3144 6144
3191 3195 6386
3079 3158 6237
3050 3094 6144
3088 3180 6268
3131 3148 6279
3198 3200 6398
3063 3073 6136
3062 3186 6248
3072 3079 6151
3045 3154 6199
3135 3173 6308
3154 3189 6343
3122 3195 6317
3110 3112 6222
3149 3193 6342
3177 3183 6360
3139 3197 6336
3081 3138 6219
3151 3175 6326
3003 3107 6110
3054 3132 6186
3048 3115 6163
3084 3158 6242
3191 3198 6389
3168 3179 6347

4114 4136 8218
4054 4105 8132
4066 4103 8131
4137 4159 8277
4101 4182 8255
4052 4087 8109
4193 4195 8355
4023 4067 8052
4053 4168 8210
4132 4190 8304
4065 4098 8131
4090 4189 8261
4144 4168 8284
4110 4111 8188
4082 4162 8217
4165 4170 8320
4158 4164 8284
4064 4114 8176
4156 4200 8322
4034 4150 8149
4011 4191 8183
4051 4184 8197
4094 4197 8280
4155 4184 8326
4010 4188 8196
4095 4160 8235
4051 4171 8197
4000 4008 7984
4012 4162 8170
4137 4167 8298
4138 4180 8291
4178 4194 8358
4057 4079 8113
4092 4198 8269
4149 4184 8314
4103 4124 8195
4149 4185 8328
4053 4149 8172
4181 4185 8363
4078 4126 8178
4038 4127 8131
4171 4194 8327
4019 4063 8051
4061 4195 8219
4076 4156 8217
4054 4148 8186
4193 4194 8367
4089 4106 8162
4074 4081 8117
4103 4195 8289
4161 4178 8333
4197 4199 8390
4076 4153 8228
4032 4152 8176
4189 4195 8377
4054 4179 8224
4145 4159 8296
4004 4038 8021
4128 4197 8314
4174 4197 8353
4115 4175 8271
4050 4097 8109
4021 4140 8125
4063 4085 8144
4171 4195 8335
4054 4124 8168
4135 4177 8301
4018 4184 8186
4146 4187 8306
4105 4182 8283
4080 4114 8168
4023 4040 8027
4085 4178 8229
4152 4193 8330
4037 4116 8121
4119 4149 8245
4184 4195 8359
4082 4191 8260
4185 4187 8354
4025 4147 8163
4102 4193 8293
4198 4200 8391
4105 4172 8250
4081 4138 8191
4070 4139 8186
4043 4163 8174
4199 4200 8370
4031 4044 8056
4018 4054 8054
4132 4141 8258
4026 4143 8155
4175 4195 8333
4140 4181 8292
4147 4188 8333
4157 4188 8328
4140 4184 8317
4106 4162 8229
4173 4183 8354
4031 4159 8169
4010 4098 8096

0.010000 0.430000
