100
205644
3064 3195 6259
3055 3169 6224
3019 3185 6204
3120 3160 6280
3008 3039 6047
3020 3156 6176
3156 3195 6351
3078 3169 6247
3094 3157 6251
3101 3123 6224
3009 3186 6195
3027 3146 6173
3015 3145 6160
3076 3079 6155
3115 3154 6269
3074 3122 6196
3062 3157 6219
3184 3193 6377
3182 3197 6379
3152 3192 6344
3154 3186 6340
3121 3134 6255
3073 3196 6269
3101 3143 6244
3120 3172 6292
3177 3182 6359
3076 3086 6162
3112 3170 6282
3122 3171 6293
3129 3137 6266
3063 3113 6176
3103 3180 6283
3095 3150 6245
3161 3190 6351
3192 3197 6389
3135 3176 6311
3156 3167 6323
3124 3173 6297
3045 3085 6130
3064 3081 6145
3004 3052 6056
3042 3077 6119
3146 3185 6331
3109 3199 6308
3092 3149 6241
3047 3115 6162
3028 3152 6180
3178 3185 6363
3145 3156 6301
3180 3196 6376
3079 3192 6271
3133 3184 6317
3165 3180 6345
3108 3113 6221
3045 3075 6120
3169 3183 6352
3143 3177 6320
3026 3150 6176
3023 3042 6065
3065 3163 6228
3186 3187 6373
3128 3181 6309
3112 3143 6255
3170 3192 6362
3064 3191 6255
3154 3168 6322
3088 3170 6258
3188 3198 6386
3040 3162 6202
3020 3172 6192
3157 3195 6352
3057 3145 6202
3094 3173 6267
3113 3142 6255
3105 3164 6269
3054 3125 6179
3193 3194 6387
3061 3151 6212
3039 3182 6221
3050 3133 6183
3098 3137 6235
3116 3152 6268
3135 3173 6308
3180 3198 6378
3003 3179 6182
3028 3195 6223
3164 3198 6362
3041 3059 6100
3093 3116 6209
3096 3198 6294
3123 3133 6256
3006 3067 6073
3023 3196 6219
3158 3183 6341
3166 3183 6349
3098 3181 6279
3083 3127 6210
3075 3170 6245
3145 3150 6295
3191 3195 6386

4094 4096 8160
4146 4183 8302
4067 4141 8189
4118 4175 8273
4091 4152 8242
4025 4035 8022
4114 4115 8196
4160 4192 8336
4189 4191 8361
4189 4192 8351
4044 4132 8153
4037 4074 8091
4023 4055 8058
4036 4090 8092
4152 4159 8304
4016 4129 8133
4115 4122 8231
4124 4170 8280
4049 4192 8217
4175 4192 8339
4155 4188 8333
4024 4168 8190
4013 4109 8107
4175 4200 8354
4008 4140 8116
4188 4198 8371
4008 4167 8147
4016 4020 7998
4053 4192 8210
4002 4036 8026
4038 4163 8183
4172 4189 8356
4118 4166 8265
4061 4132 8182
4176 4185 8336
4028 4145 8144
4029 4155 8156
4149 4188 8311
4126 4179 8279
4091 4193 8270
4077 4136 8191
4052 4138 8169
4149 4191 8319
4055 4165 8193
4179 4197 8358
4112 4164 8275
4090 4170 8237
4028 4089 8098
4056 4173 8223
4010 4149 8125
4064 4107 8155
4082 4138 8212
4187 4188 8374
4118 4154 8234
4038 4041 8069
4169 4170 8323
4118 4186 8293
4003 4132 8129
4004 4137 8103
4196 4199 8392
4000 4018 8007
4197 4199 8373
4158 4190 8332
4052 4190 8240
4035 4161 8159
4160 4186 8332
4017 4061 8076
4015 4030 8026
4086 4123 8188
4119 4193 8309
4054 4106 8142
4136 4150 8269
4165 4190 8335
4070 4160 8219
4117 4198 8287
4191 4193 8372
4134 4183 8290
4052 4080 8125
4059 4085 8141
4107 4168 8241
4199 4200 8364
4116 4175 8288
4158 4164 8296
4070 4132 8200
4006 4172 8156
4118 4194 8304
4160 4182 8309
4026 4132 8121
4193 4196 8378
4073 4164 8232
4161 4200 8329
4131 4182 8288
4087 4138 8194
4067 4181 8228
4138 4196 8311
4085 4139 8199
4070 4106 8166
4019 4070 8055
4119 4124 8232
4158 4189 8330

0.010000 0.250000
