1000
5018435
3022 3077 6099
3141 3183 6324
3013 3090 6103
3030 3145 6175
3081 3173 6254
3125 3133 6258
3181 3185 6366
3194 3198 6392
3049 3088 6137
3148 3190 6338
3092 3132 6224
3140 3141 6281
3117 3170 6287
3132 3169 6301
3087 3107 6194
3102 3167 6269
3052 3178 6230
3154 3196 6350
3189 3193 6382
3159 3183 6342
3061 3127 6188
3132 3141 6273
3096 3152 6248
3184 3186 6370
3189 3200 6389
3124 3143 6267
3024 3166 6190
3103 3134 6237
3105 3178 6283
3108 3172 6280
3040 3177 6217
3017 3102 6119
3132 3136 6268
3121 3185 6306
3149 3174 6323
3131 3197 6328
3098 3198 6296
3012 3187 6199
3074 3135 6209
3114 3129 6243
3101 3149 6250
3070 3163 6233
3097 3105 6202
3164 3186 6350
3175 3189 6364
3036 3060 6096
3031 3103 6134
3198 3200 6398
3106 3166 6272
3171 3193 6364
3199 3200 6399
3046 3165 6211
3052 3159 6211
3181 3199 6380
3114 3187 6301
3138 3172 6310
3094 3180 6274
3052 3192 6244
3124 3161 6285
3027 3098 6125
3094 3157 6251
3013 3049 6062
3033 3078 6111
3156 3158 6314
3019 3077 6096
3177 3199 6376
3153 3181 6334
3079 3185 6264
3144 3147 6291
3136 3156 6292
3034 3156 6190
3082 3119 6201
3180 3197 6377
3158 3161 6319
3013 3150 6163
3108 3192 6300
3057 3170 6227
3162 3171 6333
3028 3060 6088
3078 3180 6258
3156 3185 6341
3187 3199 6386
3177 3188 6365
3088 3137 6225
3172 3181 6353
3014 3193 6207
3097 3175 6272
3001 3167 6168
3157 3194 6351
3038 3142 6180
3115 3183 6298
3066 3153 6219
3175 3194 6369
3122 3155 6277
3163 3196 6359
3077 3104 6181
3026 3117 6143
3156 3180 6336
3163 3187 6350
3129 3191 6320
3108 3122 6230
3153 3186 6339
3044 3152 6196
3185 3193 6378
3150 3151 6301
3188 3199 6387
3096 3125 6221
3062 3168 6230
3011 3132 6143
3055 3151 6206
3020 3150 6170
3096 3188 6284
3074 3160 6234
3132 3168 6300
3116 3145 6261
3132 3137 6269
3125 3142 6267
3088 3094 6182
3079 3087 6166
3179 3191 6370
3155 3179 6334
3154 3168 6322
3156 3157 6313
3119 3155 6274
3099 3145 6244
3098 3183 6281
3004 3113 6117
3099 3188 6287
3121 3128 6249
3196 3197 6393
3194 3200 6394
3186 3190 6376
3173 3190 6363
3055 3080 6135
3015 3164 6179
3047 3164 6211
3057 3163 6220
3024 3124 6148
3074 3137 6211
3127 3134 6261
3187 3197 6384
3100 3117 6217
3080 3164 6244
3068 3141 6209
3052 3181 6233
3021 3125 6146
3088 3104 6192
3075 3103 6178
3120 3174 6294
3172 3177 6349
3018 3035 6053
3176 3187 6363
3142 3151 6293
3160 3164 6324
3184 3191 6375
3032 3110 6142
3018 3165 6183
3045 3090 6135
3093 3139 6232
3070 3178 6248
3088 3109 6197
3096 3158 6254
3005 3126 6131
3169 3196 6365
3068 3133 6201
3114 3166 6280
3020 3060 6080
3158 3177 6335
3039 3055 6094
3090 3098 6188
3059 3073 6132
3161 3168 6329
3107 3197 6304
3119 3147 6266
3144 3187 6331
3113 3116 6229
3171 3183 6354
3030 3184 6214
3109 3116 6225
3061 3181 6242
3196 3200 6396
3168 3183 6351
3067 3177 6244
3129 3178 6307
3168 3181 6349
3008 3076 6084
3015 3159 6174
3197 3198 6395
3189 3197 6386
3107 3182 6289
3198 3200 6398
3143 3170 6313
3000 3112 6112
3040 3118 6158
3037 3079 6116
3183 3191 6374
3015 3161 6176
3138 3186 6324
3195 3198 6393
3067 3077 6144
3087 3151 6238
3066 3095 6161
3035 3083 6118
3196 3199 6395
3195 3197 6392
3082 3180 6262
3172 3190 6362
3112 3162 6274
3094 3199 6293
3023 3097 6120
3074 3130 6204
3049 3137 6186
3002 3166 6168
3126 3149 6275
3010 3090 6100
3078 3145 6223
3033 3121 6154
3074 3106 6180
3073 3158 6231
3159 3195 6354
3035 3148 6183
3172 3197 6369
3142 3147 6289
3166 3173 6339
3016 3194 6210
3140 3166 6306
3138 3141 6279
3044 3198 6242
3016 3200 6216
3143 3146 6289
3068 3117 6185
3097 3099 6196
3042 3115 6157
3057 3162 6219
3169 3185 6354
3119 3193 6312
3177 3179 6356
3091 3177 6268
3091 3092 6183
3113 3118 6231
3005 3161 6166
3024 3111 6135
3121 3142 6263
3152 3184 6336
3184 3189 6373
3197 3200 6397
3055 3162 6217
3054 3094 6148
3087 3156 6243
3023 3121 6144
3030 3123 6153
3078 3191 6269
3188 3199 6387
3032 3121 6153
3183 3192 6375
3018 3023 6041
3145 3152 6297
3164 3171 6335
3003 3115 6118
3087 3196 6283
3071 3170 6241
3121 3124 6245
3031 3149 6180
3197 3199 6396
3198 3199 6397
3157 3200 6357
3038 3114 6152
3163 3198 6361
3151 3160 6311
3196 3198 6394
3150 3175 6325
3163 3200 6363
3145 3151 6296
3145 3180 6325
3000 3131 6131
3057 3093 6150
3096 3183 6279
3076 3077 6153
3041 3079 6120
3025 3110 6135
3036 3181 6217
3013 3033 6046
3102 3175 6277
3193 3200 6393
3144 3167 6311
3056 3100 6156
3135 3198 6333
3180 3186 6366
3154 3164 6318
3104 3151 6255
3106 3187 6293
3160 3182 6342
3114 3191 6305
3104 3158 6262
3035 3104 6139
3018 3077 6095
3174 3186 6360
3184 3191 6375
3130 3183 6313
3176 3178 6354
3084 3173 6257
3084 3099 6183
3133 3174 6307
3142 3171 6313
3137 3142 6279
3059 3164 6223
3008 3186 6194
3109 3150 6259
3058 3082 6140
3133 3181 6314
3170 3197 6367
3128 3176 6304
3040 3058 6098
3158 3170 6328
3016 3040 6056
3065 3131 6196
3040 3154 6194
3082 3177 6259
3111 3188 6299
3163 3183 6346
3059 3104 6163
3009 3042 6051
3029 3089 6118
3096 3154 6250
3187 3190 6377
3164 3182 6346
3129 3175 6304
3078 3146 6224
3135 3157 6292
3016 3190 6206
3045 3112 6157
3157 3195 6352
3145 3165 6310
3147 3185 6332
3112 3153 6265
3028 3078 6106
3125 3189 6314
3092 3097 6189
3016 3134 6150
3195 3196 6391
3196 3197 6393
3175 3195 6370
3168 3169 6337
3091 3138 6229
3009 3196 6205
3128 3175 6303
3077 3193 6270
3061 3178 6239
3179 3188 6367
3127 3172 6299
3015 3087 6102
3080 3154 6234
3132 3177 6309
3085 3118 6203
3037 3097 6134
3111 3123 6234
3065 3113 6178
3046 3190 6236
3121 3168 6289
3090 3110 6200
3139 3160 6299
3151 3156 6307
3126 3171 6297
3186 3189 6375
3109 3173 6282
3057 3190 6247
3159 3171 6330
3130 3179 6309
3142 3154 6296
3197 3200 6397
3178 3194 6372
3020 3193 6213
3072 3191 6263
3154 3172 6326
3124 3164 6288
3082 3140 6222
3009 3167 6176
3021 3098 6119
3037 3087 6124
3142 3165 6307
3138 3144 6282
3080 3165 6245
3046 3115 6161
3075 3080 6155
3030 3178 6208
3197 3200 6397
3170 3178 6348
3164 3179 6343
3197 3198 6395
3036 3195 6231
3115 3119 6234
3133 3165 6298
3025 3055 6080
3115 3123 6238
3031 3057 6088
3128 3173 6301
3184 3198 6382
3054 3180 6234
3138 3159 6297
3195 3196 6391
3034 3142 6176
3015 3063 6078
3188 3192 6380
3040 3111 6151
3181 3198 6379
3158 3175 6333
3157 3193 6350
3060 3140 6200
3023 3083 6106
3019 3086 6105
3056 3107 6163
3107 3170 6277
3092 3107 6199
3003 3096 6099
3038 3147 6185
3187 3196 6383
3096 3139 6235
3066 3097 6163
3180 3191 6371
3136 3152 6288
3030 3051 6081
3064 3066 6130
3143 3174 6317
3023 3038 6061
3121 3131 6252
3022 3122 6144
3126 3137 6263
3159 3190 6349
3082 3139 6221
3090 3096 6186
3008 3134 6142
3092 3129 6221
3076 3133 6209
3080 3114 6194
3023 3097 6120
3190 3191 6381
3028 3065 6093
3019 3122 6141
3045 3187 6232
3025 3102 6127
3092 3147 6239
3004 3048 6052
3174 3197 6371
3045 3196 6241
3057 3185 6242
3034 3056 6090
3077 3186 6263
3192 3199 6391
3194 3198 6392
3002 3074 6076
3131 3199 6330
3154 3155 6309
3084 3153 6237
3096 3112 6208
3028 3090 6118
3138 3195 6333
3044 3072 6116
3143 3187 6330
3124 3193 6317
3006 3144 6150
3020 3130 6150
3053 3189 6242
3122 3184 6306
3000 3048 6048
3121 3145 6266
3049 3106 6155
3067 3110 6177
3023 3153 6176
3148 3200 6348
3009 3014 6023
3162 3187 6349
3002 3064 6066
3071 3111 6182
3039 3142 6181
3142 3174 6316
3124 3127 6251
3017 3174 6191
3083 3168 6251
3116 3167 6283
3164 3194 6358
3109 3192 6301
3143 3190 6333
3062 3074 6136
3195 3199 6394
3016 3069 6085
3174 3198 6372
3196 3198 6394
3187 3195 6382
3025 3105 6130
3141 3179 6320
3081 3113 6194
3014 3049 6063
3117 3200 6317
3143 3160 6303
3032 3074 6106
3157 3159 6316
3115 3195 6310
3171 3190 6361
3152 3199 6351
3138 3146 6284
3181 3186 6367
3072 3118 6190
3110 3124 6234
3087 3153 6240
3104 3168 6272
3116 3183 6299
3057 3116 6173
3127 3151 6278
3125 3191 6316
3168 3190 6358
3067 3142 6209
3108 3109 6217
3176 3194 6370
3015 3021 6036
3062 3134 6196
3051 3194 6245
3081 3082 6163
3113 3169 6282
3093 3191 6284
3181 3196 6377
3120 3144 6264
3170 3177 6347
3101 3179 6280
3007 3035 6042
3062 3094 6156
3032 3066 6098
3114 3153 6267
3035 3122 6157
3153 3197 6350
3149 3190 6339
3086 3087 6173
3088 3105 6193
3071 3089 6160
3128 3134 6262
3119 3198 6317
3103 3136 6239
3055 3064 6119
3051 3072 6123
3127 3191 6318
3055 3123 6178
3172 3176 6348
3016 3200 6216
3074 3129 6203
3099 3167 6266
3083 3183 6266
3100 3140 6240
3027 3148 6175
3129 3153 6282
3111 3188 6299
3104 3178 6282
3064 3191 6255
3062 3070 6132
3002 3030 6032
3173 3174 6347
3127 3189 6316
3192 3198 6390
3077 3115 6192
3064 3082 6146
3072 3193 6265
3171 3198 6369
3052 3079 6131
3046 3087 6133
3188 3196 6384
3136 3165 6301
3067 3182 6249
3106 3156 6262
3013 3131 6144
3011 3057 6068
3109 3188 6297
3115 3140 6255
3136 3187 6323
3155 3180 6335
3151 3181 6332
3090 3124 6214
3137 3170 6307
3134 3181 6315
3143 3183 6326
3141 3196 6337
3069 3088 6157
3054 3180 6234
3002 3048 6050
3077 3080 6157
3181 3183 6364
3038 3185 6223
3198 3200 6398
3118 3180 6298
3152 3167 6319
3193 3195 6388
3028 3039 6067
3127 3178 6305
3041 3137 6178
3037 3195 6232
3114 3175 6289
3048 3116 6164
3091 3167 6258
3099 3158 6257
3016 3144 6160
3004 3128 6132
3114 3158 6272
3066 3161 6227
3169 3196 6365
3175 3179 6354
3148 3175 6323
3028 3189 6217
3092 3109 6201
3000 3175 6175
3087 3179 6266
3056 3063 6119
3115 3118 6233
3002 3164 6166
3140 3143 6283
3097 3174 6271
3091 3174 6265
3071 3168 6239
3011 3056 6067
3014 3153 6167
3020 3080 6100
3197 3198 6395
3048 3109 6157
3115 3195 6310
3011 3029 6040
3182 3194 6376
3014 3018 6032
3000 3173 6173
3029 3035 6064
3034 3111 6145
3139 3153 6292
3072 3085 6157
3039 3095 6134
3063 3180 6243
3101 3136 6237
3093 3131 6224
3123 3151 6274
3180 3189 6369
3106 3136 6242
3049 3151 6200
3061 3073 6134
3025 3147 6172
3117 3177 6294
3063 3165 6228
3151 3181 6332
3138 3190 6328
3039 3161 6200
3146 3166 6312
3081 3084 6165
3062 3167 6229
3083 3188 6271
3198 3199 6397
3037 3047 6084
3058 3176 6234
3159 3200 6359
3014 3073 6087
3160 3192 6352
3027 3195 6222
3184 3189 6373
3061 3084 6145
3005 3122 6127
3068 3154 6222
3020 3083 6103
3168 3169 6337
3158 3183 6341
3068 3125 6193
3117 3120 6237
3011 3048 6059
3116 3159 6275
3043 3157 6200
3164 3176 6340
3019 3163 6182
3194 3196 6390
3053 3111 6164
3115 3138 6253
3155 3176 6331
3052 3112 6164
3063 3086 6149
3112 3197 6309
3139 3197 6336
3180 3186 6366
3170 3195 6365
3054 3124 6178
3093 3151 6244
3199 3200 6399
3142 3175 6317
3013 3029 6042
3025 3162 6187
3181 3200 6381
3040 3101 6141
3132 3161 6293
3187 3199 6386
3136 3158 6294
3078 3153 6231
3166 3167 6333
3115 3157 6272
3168 3170 6338
3105 3157 6262
3099 3144 6243
3077 3096 6173
3011 3047 6058
3132 3157 6289
3184 3198 6382
3145 3147 6292
3097 3110 6207
3180 3188 6368
3161 3165 6326
3102 3200 6302
3104 3160 6264
3112 3174 6286
3077 3153 6230
3162 3200 6362
3133 3178 6311
3155 3164 6319
3042 3170 6212
3036 3182 6218
3181 3197 6378
3079 3196 6275
3146 3153 6299
3101 3106 6207
3114 3129 6243
3067 3107 6174
3173 3192 6365
3179 3195 6374
3040 3129 6169
3144 3159 6303
3120 3124 6244
3024 3083 6107
3162 3195 6357
3040 3114 6154
3079 3179 6258
3043 3140 6183
3089 3132 6221
3039 3090 6129
3111 3147 6258
3188 3189 6377
3180 3191 6371
3142 3159 6301
3166 3185 6351
3165 3179 6344
3086 3115 6201
3181 3185 6366
3070 3117 6187
3015 3036 6051
3187 3189 6376
3017 3100 6117
3191 3195 6386
3130 3146 6276
3108 3158 6266
3022 3155 6177
3141 3180 6321
3009 3173 6182
3101 3114 6215
3166 3192 6358
3146 3176 6322
3133 3200 6333
3085 3133 6218
3138 3152 6290
3140 3152 6292
3120 3184 6304
3006 3053 6059
3007 3086 6093
3153 3164 6317
3092 3157 6249
3020 3119 6139
3149 3186 6335
3065 3126 6191
3060 3079 6139
3154 3179 6333
3147 3151 6298
3068 3183 6251
3010 3168 6178
3091 3177 6268
3054 3108 6162
3101 3151 6252
3051 3188 6239
3158 3176 6334
3196 3198 6394
3111 3156 6267
3176 3183 6359
3126 3191 6317
3084 3151 6235
3023 3084 6107
3134 3147 6281
3192 3195 6387
3168 3183 6351
3154 3190 6344
3080 3125 6205
3189 3193 6382
3060 3100 6160
3192 3195 6387
3146 3182 6328
3003 3030 6033
3120 3154 6274
3072 3171 6243
3144 3180 6324
3158 3193 6351
3132 3186 6318
3045 3067 6112
3048 3167 6215
3068 3177 6245
3148 3199 6347
3001 3168 6169
3101 3152 6253
3001 3056 6057
3140 3185 6325
3129 3138 6267
3134 3175 6309
3167 3193 6360
3140 3165 6305
3104 3105 6209
3174 3185 6359
3098 3139 6237
3199 3200 6399
3032 3085 6117
3107 3186 6293
3002 3155 6157
3008 3109 6117
3094 3174 6268
3148 3196 6344
3130 3159 6289
3094 3096 6190
3021 3105 6126
3191 3198 6389
3057 3083 6140
3130 3185 6315
3189 3195 6384
3049 3120 6169
3014 3185 6199
3021 3071 6092
3165 3178 6343
3097 3170 6267
3073 3129 6202
3167 3185 6352
3190 3195 6385
3166 3196 6362
3015 3190 6205
3037 3147 6184
3017 3058 6075
3079 3089 6168
3037 3072 6109
3106 3148 6254
3100 3142 6242
3091 3180 6271
3112 3128 6240
3128 3149 6277
3184 3188 6372
3145 3172 6317
3052 3132 6184
3032 3063 6095
3158 3163 6321
3034 3146 6180
3068 3109 6177
3120 3191 6311
3050 3120 6170
3062 3146 6208
3144 3156 6300
3029 3171 6200
3081 3169 6250
3020 3129 6149
3149 3172 6321
3105 3125 6230
3175 3189 6364
3158 3193 6351
3025 3176 6201
3037 3100 6137
3027 3113 6140
3100 3104 6204
3189 3191 6380
3002 3099 6101
3182 3196 6378
3150 3158 6308
3096 3178 6274
3156 3175 6331
3025 3094 6119
3191 3198 6389
3073 3173 6246
3120 3127 6247
3006 3041 6047
3144 3178 6322
3165 3174 6339
3127 3129 6256
3098 3146 6244
3098 3165 6263
3049 3180 6229
3139 3182 6321
3049 3090 6139
3016 3105 6121
3041 3062 6103
3049 3055 6104
3153 3190 6343
3076 3079 6155
3178 3182 6360
3127 3152 6279
3180 3198 6378
3040 3068 6108
3181 3200 6381
3063 3192 6255
3160 3194 6354
3127 3140 6267
3164 3188 6352
3083 3180 6263
3112 3128 6240
3029 3097 6126
3105 3197 6302
3059 3098 6157
3032 3111 6143
3171 3181 6352
3172 3178 6350
3150 3189 6339
3172 3197 6369
3015 3063 6078
3165 3174 6339
3149 3195 6344
3097 3122 6219
3099 3198 6297
3043 3082 6125
3077 3141 6218
3096 3187 6283
3021 3087 6108
3164 3187 6351
3198 3200 6398
3008 3125 6133
3159 3168 6327
3133 3137 6270
3190 3197 6387
3188 3197 6385
3094 3116 6210
3003 3102 6105
3059 3200 6259
3036 3191 6227
3008 3180 6188
3099 3129 6228
3185 3193 6378
3143 3193 6336
3009 3076 6085
3031 3193 6224
3160 3177 6337
3168 3172 6340
3063 3094 6157
3186 3192 6378
3081 3150 6231
3032 3151 6183
3023 3175 6198
3084 3115 6199
3066 3125 6191
3197 3198 6395
3062 3088 6150
3001 3151 6152
3184 3187 6371
3017 3175 6192
3132 3167 6299
3095 3188 6283
3124 3142 6266
3141 3183 6324
3117 3158 6275
3039 3091 6130
3056 3121 6177
3158 3170 6328
3025 3129 6154
3021 3194 6215
3011 3040 6051
3096 3140 6236
3103 3148 6251
3042 3068 6110
3034 3068 6102
3122 3166 6288
3069 3166 6235
3042 3132 6174
3177 3190 6367
3179 3194 6373
3058 3127 6185
3145 3162 6307
3003 3060 6063
3147 3194 6341
3143 3162 6305
3187 3192 6379
3086 3129 6215
3068 3137 6205
3011 3104 6115
3164 3175 6339
3066 3170 6236
3146 3186 6332
3149 3175 6324
3156 3187 6343
3115 3137 6252
3007 3099 6106
3127 3130 6257
3135 3167 6302
3140 3178 6318
3124 3190 6314
3185 3200 6385
3003 3013 6016
3013 3135 6148
3172 3199 6371
3099 3180 6279
3026 3129 6155
3184 3195 6379
3107 3195 6302
3135 3175 6310
3010 3179 6189
3168 3177 6345
3167 3193 6360
3021 3151 6172

4151 4166 8290
4013 4142 8120
4015 4145 8159
4118 4177 8290
4181 4194 8355
4171 4187 8324
4008 4076 8074
4045 4139 8153
4105 4192 8271
4088 4150 8203
4175 4177 8322
4111 4189 8261
4132 4184 8284
4131 4173 8277
4120 4190 8302
4046 4054 8089
4048 4176 8216
4041 4162 8194
4017 4188 8194
4146 4169 8291
4177 4178 8341
4171 4192 8328
4008 4075 8068
4119 4134 8240
4013 4072 8056
4170 4200 8346
4139 4172 8308
4115 4120 8208
4141 4182 8288
4087 4193 8257
4063 4190 8242
4094 4150 8237
4132 4144 8271
4175 4177 8316
4101 4188 8270
4079 4150 8211
4063 4094 8144
4086 4104 8180
4058 4079 8108
4188 4190 8349
4021 4191 8198
4115 4119 8227
4181 4199 8374
4065 4166 8229
4025 4039 8060
4044 4103 8129
4198 4200 8397
4116 4119 8197
4085 4166 8227
4083 4112 8161
4116 4199 8313
4192 4194 8371
4064 4177 8217
4001 4096 8081
4151 4170 8301
4057 4067 8095
4155 4197 8340
4098 4156 8249
4039 4190 8227
4087 4132 8192
4039 4173 8187
4176 4194 8332
4004 4047 8018
4045 4146 8174
4083 4191 8248
4139 4176 8308
4152 4195 8320
4107 4129 8217
4125 4144 8264
4193 4196 8372
4041 4051 8073
4058 4168 8188
4110 4124 8228
4122 4131 8215
4018 4199 8205
4185 4189 8340
4042 4060 8088
4079 4168 8242
4092 4131 8207
4109 4124 8232
4152 4163 8287
4036 4068 8095
4032 4100 8103
4101 4189 8262
4174 4177 8349
4083 4147 8197
4176 4179 8345
4022 4066 8074
4016 4027 8022
4034 4103 8102
4063 4197 8240
4060 4098 8141
4123 4178 8288
4039 4061 8062
4133 4187 8305
4114 4121 8221
4196 4198 8374
4067 4143 8172
4183 4197 8360
4155 4189 8336
4118 4163 8265
4140 4163 8295
4094 4097 8181
4161 4186 8319
4098 4108 8172
4199 4200 8388
4078 4155 8231
4125 4179 8272
4097 4120 8208
4021 4062 8049
4113 4156 8231
4113 4149 8250
4000 4088 8057
4068 4103 8156
4157 4179 8318
4162 4182 8336
4076 4168 8242
4097 4174 8248
4187 4191 8354
4113 4172 8262
4006 4080 8053
4020 4134 8122
4160 4175 8321
4146 4189 8298
4143 4167 8278
4172 4190 8328
4009 4066 8067
4030 4193 8186
4119 4189 8280
4133 4192 8316
4162 4192 8347
4046 4142 8150
4033 4147 8150
4199 4200 8361
4024 4134 8152
4185 4200 8364
4171 4185 8340
4176 4187 8326
4032 4083 8101
4120 4122 8215
4149 4157 8303
4044 4164 8183
4070 4189 8222
4166 4180 8322
4143 4192 8316
4090 4098 8170
4129 4158 8282
4133 4159 8290
4048 4115 8162
4178 4185 8336
4055 4122 8150
4175 4187 8359
4115 4179 8274
4174 4185 8357
4197 4199 8363
4058 4158 8199
4060 4163 8186
4199 4200 8386
4025 4168 8159
4079 4140 8189
4092 4184 8261
4122 4184 8270
4171 4193 8342
4141 4172 8283
4104 4183 8264
4073 4080 8126
4000 4067 8065
4040 4190 8204
4168 4173 8317
4061 4133 8159
4072 4182 8218
4063 4189 8246
4062 4140 8198
4156 4176 8315
4003 4059 8046
4030 4139 8144
4180 4186 8332
4064 4113 8161
4143 4146 8253
4144 4195 8318
4179 4194 8353
4064 4151 8193
4116 4156 8252
4082 4121 8168
4001 4160 8133
4066 4094 8159
4020 4182 8200
4011 4108 8111
4010 4072 8073
4008 4133 8103
4036 4045 8052
4096 4168 8236
4011 4198 8188
4097 4164 8251
4007 4140 8139
4134 4145 8268
4138 4144 8255
4028 4127 8151
4125 4162 8284
4088 4129 8213
4121 4131 8217
4144 4150 8275
4072 4117 8167
4092 4127 8197
4003 4185 8185
4191 4199 8371
4119 4125 8211
4016 4159 8149
4103 4191 8289
4156 4199 8345
4101 4137 8217
4091 4130 8220
4061 4101 8148
4113 4172 8263
4108 4167 8261
4153 4188 8312
4071 4141 8201
4134 4151 8247
4061 4092 8122
4094 4106 8185
4034 4138 8165
4110 4154 8254
4035 4127 8125
4038 4058 8064
4028 4132 8156
4004 4046 8028
4153 4176 8328
4195 4197 8376
4047 4055 8093
4054 4067 8083
4000 4187 8165
4112 4155 8250
4085 4200 8258
4023 4024 8043
4085 4130 8202
4110 4143 8226
4054 4093 8116
4043 4070 8102
4090 4122 8175
4093 4161 8234
4129 4179 8295
4015 4067 8069
4124 4172 8281
4076 4132 8171
4031 4095 8100
4182 4193 8344
4028 4081 8094
4132 4153 8279
4093 4124 8194
4002 4025 8018
4065 4150 8187
4193 4195 8356
4178 4183 8358
4019 4177 8178
4173 4177 8322
4115 4184 8285
4023 4102 8115
4025 4151 8172
4167 4176 8340
4092 4100 8183
4055 4130 8162
4040 4068 8087
4161 4181 8341
4081 4134 8190
4174 4195 8360
4108 4132 8210
4082 4091 8152
4093 4155 8231
4166 4197 8330
4169 4199 8354
4053 4070 8122
4180 4181 8322
4096 4125 8211
4000 4010 7988
4051 4146 8166
4069 4155 8218
4127 4145 8268
4023 4122 8125
4047 4180 8226
4180 4192 8355
4059 4122 8167
4168 4198 8330
4128 4199 8288
4071 4140 8197
4100 4157 8246
4069 4131 8186
4107 4137 8212
4022 4097 8113
4164 4168 8305
4193 4198 8383
4161 4179 8326
4095 4161 8230
4154 4196 8311
4034 4163 8161
4039 4075 8086
4082 4119 8195
4123 4141 8259
4053 4070 8111
4180 4199 8376
4050 4130 8154
4067 4112 8169
4153 4182 8328
4048 4077 8114
4181 4198 8341
4069 4102 8149
4049 4097 8122
4099 4179 8244
4014 4131 8107
4167 4176 8323
4116 4137 8218
4195 4196 8357
4080 4115 8168
4017 4196 8198
4079 4196 8242
4025 4165 8188
4021 4100 8092
4030 4194 8223
4061 4091 8146
4189 4196 8357
4143 4147 8288
4075 4129 8168
4020 4168 8162
4064 4069 8104
4150 4167 8313
4016 4034 8045
4011 4115 8091
4035 4192 8225
4091 4126 8198
4028 4042 8047
4027 4134 8153
4118 4191 8280
4028 4056 8054
4022 4195 8205
4043 4077 8104
4075 4083 8125
4025 4197 8203
4000 4156 8137
4176 4184 8350
4035 4086 8117
4085 4180 8244
4006 4109 8092
4132 4182 8282
4104 4119 8208
4032 4164 8175
4175 4199 8338
4054 4068 8105
4117 4145 8238
4077 4151 8207
4138 4182 8296
4018 4100 8110
4138 4166 8276
4047 4073 8111
4141 4180 8316
4090 4118 8199
4084 4111 8180
4000 4045 8016
4049 4192 8228
4045 4119 8135
4076 4118 8158
4037 4108 8125
4106 4137 8226
4173 4194 8350
4142 4168 8286
4179 4198 8369
4005 4131 8115
4111 4158 8258
4068 4189 8236
4054 4088 8113
4170 4189 8355
4142 4170 8305
4180 4189 8349
4196 4199 8374
4107 4139 8234
4177 4185 8340
4071 4076 8120
4093 4171 8241
4061 4101 8128
4062 4174 8229
4011 4173 8179
4006 4138 8108
4135 4160 8264
4166 4176 8303
4171 4191 8352
4189 4198 8350
4000 4054 8018
4138 4172 8289
4012 4135 8118
4030 4149 8175
4005 4006 7995
4134 4184 8316
4195 4198 8370
4166 4190 8322
4099 4122 8198
4181 4198 8361
4188 4189 8369
4024 4189 8188
4097 4148 8212
4028 4110 8117
4062 4146 8187
4102 4200 8291
4113 4129 8214
4051 4195 8213
4029 4033 8043
4098 4103 8180
4008 4191 8178
4145 4165 8304
4192 4194 8358
4102 4140 8221
4195 4196 8377
4015 4111 8121
4132 4173 8270
4048 4139 8173
4172 4177 8319
4119 4174 8273
4103 4120 8187
4177 4179 8347
4118 4192 8280
4174 4199 8344
4089 4099 8173
4055 4135 8187
4109 4152 8238
4039 4190 8200
4119 4155 8237
4080 4122 8179
4040 4041 8068
4185 4190 8341
4138 4200 8335
4050 4200 8228
4122 4158 8270
4123 4162 8260
4191 4199 8375
4089 4159 8222
4055 4127 8146
4055 4169 8216
4199 4200 8361
4112 4161 8244
4156 4196 8316
4029 4140 8142
4162 4176 8314
4155 4179 8305
4026 4182 8197
4169 4189 8326
4119 4142 8254
4043 4127 8166
4011 4015 8021
4190 4198 8366
4087 4127 8178
4140 4192 8300
4149 4158 8269
4052 4127 8176
4170 4174 8333
4131 4159 8271
4023 4156 8169
4184 4195 8367
4177 4199 8355
4035 4173 8192
4017 4117 8096
4066 4077 8126
4021 4078 8087
4153 4172 8300
4009 4166 8168
4157 4178 8310
4183 4186 8344
4118 4141 8236
4146 4163 8306
4146 4197 8330
4186 4197 8365
4093 4193 8261
4199 4200 8384
4180 4196 8371
4141 4180 8284
4165 4200 8329
4016 4122 8100
4091 4191 8263
4061 4075 8104
4104 4151 8244
4115 4153 8233
4051 4187 8203
4066 4186 8233
4092 4124 8201
4071 4106 8140
4109 4113 8211
4128 4165 8290
4082 4119 8181
4020 4075 8077
4184 4200 8382
4160 4174 8332
4102 4149 8226
4015 4041 8051
4112 4168 8277
4184 4197 8369
4094 4177 8248
4060 4176 8205
4079 4197 8239
4040 4186 8195
4181 4191 8365
4060 4145 8190
4163 4200 8338
4005 4084 8059
4001 4038 8022
4065 4128 8185
4184 4200 8363
4123 4130 8219
4099 4111 8206
4062 4115 8150
4031 4098 8099
4062 4121 8161
4111 4137 8212
4092 4176 8255
4102 4119 8182
4057 4157 8188
4004 4009 7991
4154 4199 8345
4153 4174 8313
4082 4152 8222
4005 4018 8020
4149 4151 8276
4153 4190 8311
4197 4200 8372
4177 4200 8373
4000 4090 8061
4027 4035 8033
4088 4199 8284
4040 4112 8127
4053 4173 8201
4076 4088 8132
4087 4107 8167
4022 4115 8108
4195 4198 8380
4091 4167 8247
4081 4155 8232
4164 4195 8351
4122 4184 8282
4047 4164 8198
4066 4198 8247
4077 4171 8227
4181 4194 8363
4043 4108 8134
4041 4109 8131
4014 4114 8123
4158 4188 8340
4007 4096 8080
4171 4191 8356
4193 4200 8369
4024 4056 8069
4175 4183 8356
4169 4172 8325
4195 4196 8364
4128 4148 8266
4097 4102 8195
4112 4144 8240
4004 4165 8158
4037 4050 8084
4091 4136 8207
4112 4158 8265
4127 4174 8267
4138 4165 8279
4155 4185 8338
4023 4115 8125
4106 4130 8212
4041 4156 8173
4194 4195 8366
4061 4178 8216
4015 4116 8129
4074 4102 8155
4075 4098 8144
4026 4145 8149
4107 4171 8263
4043 4133 8161
4032 4066 8097
4134 4138 8263
4103 4123 8215
4065 4196 8226
4021 4042 8041
4185 4196 8368
4069 4158 8208
4000 4098 8072
4145 4195 8321
4109 4129 8215
4053 4170 8204
4119 4125 8219
4017 4044 8051
4192 4196 8378
4120 4153 8237
4111 4138 8216
4127 4135 8253
4182 4198 8351
4059 4174 8207
4077 4111 8174
4187 4188 8374
4005 4179 8164
4184 4199 8345
4109 4168 8262
4176 4188 8356
4170 4175 8330
4025 4030 8020
4105 4155 8221
4066 4128 8191
4060 4168 8200
4182 4189 8352
4050 4098 8138
4078 4087 8147
4127 4143 8233
4001 4150 8125
4077 4131 8201
4097 4194 8254
4179 4197 8375
4159 4187 8322
4122 4165 8268
4005 4129 8122
4133 4196 8323
4018 4027 8026
4089 4198 8279
4145 4185 8308
4030 4110 8131
4044 4099 8140
4165 4195 8340
4040 4170 8201
4106 4181 8265
4013 4080 8069
4164 4165 8327
4005 4107 8097
4196 4200 8376
4192 4200 8375
4103 4200 8282
4125 4136 8240
4015 4056 8060
4131 4150 8252
4135 4169 8289
4012 4196 8203
4191 4193 8382
4181 4183 8325
4152 4163 8296
4172 4194 8345
4017 4133 8120
4101 4127 8197
4163 4164 8326
4083 4198 8261
4192 4200 8384
4144 4155 8260
4022 4049 8056
4116 4165 8254
4026 4084 8094
4194 4196 8364
4013 4191 8176
4137 4160 8292
4145 4179 8317
4080 4085 8154
4198 4199 8391
4110 4150 8223
4077 4189 8249
4100 4164 8253
4177 4195 8361
4137 4197 8297
4186 4192 8348
4155 4184 8310
4183 4186 8353
4168 4192 8323
4157 4184 8304
4107 4200 8268
4060 4106 8135
4139 4158 8264
4140 4195 8333
4105 4110 8205
4167 4169 8325
4052 4174 8204
4023 4161 8149
4065 4159 8199
4033 4165 8186
4051 4193 8235
4001 4077 8063
4022 4079 8095
4187 4200 8348
4046 4074 8094
4187 4194 8342
4093 4184 8251
4109 4145 8232
4112 4166 8266
4026 4064 8079
4188 4190 8375
4036 4117 8137
4065 4088 8143
4135 4184 8311
4137 4166 8296
4195 4198 8371
4071 4183 8220
4167 4179 8318
4016 4023 8007
4133 4164 8285
4115 4161 8261
4068 4139 8181
4067 4175 8226
4185 4190 8350
4094 4188 8247
4059 4068 8123
4104 4167 8253
4094 4167 8236
4100 4128 8211
4039 4108 8112
4096 4178 8259
4104 4119 8194
4041 4135 8139
4045 4170 8183
4083 4123 8185
4067 4099 8129
4075 4198 8260
4129 4150 8268
4028 4078 8077
4000 4008 7981
4152 4183 8297
4025 4042 8049
4049 4110 8148
4094 4114 8183
4073 4171 8210
4167 4195 8358
4139 4173 8289
4170 4190 8343
4158 4187 8310
4028 4060 8064
4071 4138 8175
4161 4188 8338
4084 4123 8195
4035 4132 8145
4059 4126 8156
4084 4160 8221
4124 4178 8290
4067 4086 8134
4020 4153 8160
4061 4173 8216
4109 4133 8203
4081 4183 8256
4095 4176 8260
4001 4082 8067
4180 4194 8363
4165 4170 8300
4199 4200 8379
4198 4199 8375
4162 4195 8325
4115 4184 8286
4014 4123 8115
4182 4195 8369
4199 4200 8365
4093 4124 8215
4063 4088 8124
4076 4139 8212
4085 4153 8235
4046 4182 8205
4130 4136 8236
4166 4181 8321
4176 4179 8353
4193 4199 8354
4104 4121 8193
4035 4064 8062
4107 4109 8178
4162 4198 8335
4097 4100 8177
4110 4135 8227
4166 4186 8328
4117 4160 8251
4045 4088 8098
4052 4123 8166
4183 4196 8377
4078 4172 8220
4168 4183 8342
4090 4196 8278
4197 4198 8383
4032 4122 8140
4129 4184 8305
4106 4135 8229
4077 4170 8235
4026 4187 8203
4139 4193 8330
4127 4164 8258
4190 4192 8369
4046 4132 8147
4044 4122 8138
4014 4153 8162
4094 4132 8210
4091 4116 8205
4166 4193 8329
4151 4182 8295
4099 4127 8204
4149 4179 8296
4052 4188 8219
4043 4124 8145
4194 4196 8384
4107 4175 8246
4007 4169 8143
4088 4101 8169
4124 4179 8269
4024 4181 8196
4122 4171 8269
4074 4099 8143
4105 4106 8174
4142 4165 8299
4026 4085 8075
4077 4089 8143
4044 4046 8077
4151 4185 8307
4185 4191 8342
4144 4197 8305
4034 4115 8146
4021 4113 8133
4092 4154 8223
4147 4196 8309
4157 4162 8292
4037 4043 8054
4002 4009 7982
4091 4098 8187
4173 4174 8345
4039 4094 8126
4008 4134 8127
4069 4154 8198
4160 4184 8335
4049 4069 8104
4170 4194 8327
4065 4146 8208
4064 4170 8214
4067 4134 8196
4045 4199 8239
4016 4164 8158
4125 4176 8299
4037 4084 8107
4051 4102 8132
4162 4200 8360
4037 4169 8169
4032 4099 8119
4045 4130 8162
4040 4113 8146
4105 4106 8184
4090 4194 8277
4135 4144 8266
4120 4180 8274
4026 4092 8089
4045 4147 8154
4064 4077 8113
4162 4176 8310
4059 4072 8123
4146 4175 8299
4192 4195 8367
4054 4136 8181
4135 4179 8299
4041 4185 8218
4087 4172 8226
4136 4198 8317
4191 4200 8373
4180 4190 8366
4067 4196 8234
4006 4076 8045
4116 4136 8233
4197 4200 8387
4001 4085 8070
4000 4173 8167
4195 4196 8390
4140 4188 8324
4016 4061 8051
4137 4185 8288
4049 4164 8196
4157 4159 8284
4178 4200 8358
4101 4135 8230
4156 4169 8301
4152 4184 8302
4196 4197 8390
4035 4096 8105
4092 4106 8175
4090 4178 8250
4183 4189 8361
4196 4198 8384
4186 4196 8363
4020 4097 8106
4127 4148 8243
4004 4057 8040
4079 4139 8193
4098 4149 8213
4171 4186 8346
4008 4038 8011
4047 4056 8088
4159 4191 8321
4038 4095 8112
4128 4150 8261
4159 4194 8340
4095 4194 8253
4045 4181 8196
4055 4069 8119
4084 4173 8234
4076 4188 8263
4090 4181 8268
4144 4169 8287
4094 4097 8182
4044 4057 8091
4008 4161 8136
4186 4189 8356
4101 4190 8274
4170 4194 8357
4175 4189 8362
4111 4167 8259
4114 4136 8230
4131 4186 8300
4017 4029 8030
4185 4186 8360
4120 4149 8233
4108 4174 8263
4005 4125 8111
4166 4183 8318
4044 4130 8138
4194 4200 8377
4029 4083 8110
4085 4092 8144
4050 4184 8218
4169 4181 8328
4067 4144 8181
4080 4149 8193
4017 4086 8090
4177 4195 8359
4072 4197 8253
4133 4163 8280
4041 4057 8096
4093 4121 8212
4095 4110 8189
4023 4084 8103
4100 4164 8230
4166 4183 8317
4055 4142 8159
4001 4007 7980
4075 4193 8261
4079 4183 8259
4064 4193 8252
4029 4120 8145
4018 4157 8159
4025 4122 8117
4167 4190 8350
4138 4182 8283
4038 4094 8113
4185 4188 8334
4045 4154 8173
4188 4192 8359
4077 4144 8196
4024 4083 8076
4068 4129 8173
4040 4041 8080
4046 4122 8143
4027 4035 8060
4154 4167 8286
4143 4196 8320
4122 4171 8260
4076 4078 8151
4155 4168 8297
4097 4156 8237
4074 4150 8200
4137 4168 8285
4178 4181 8329
4102 4172 8244
4139 4161 8284
4178 4193 8352
4048 4134 8166
4017 4148 8134
4071 4118 8184
4144 4175 8281
4007 4059 8065
4062 4097 8140
4077 4195 8246
4043 4192 8221
4137 4191 8308
4133 4164 8261
4012 4171 8166
4132 4186 8310
4148 4186 8330
4078 4136 8198
4179 4181 8325
4005 4090 8058
4096 4194 8269
4151 4162 8302
4108 4152 8247
4149 4184 8313
4188 4192 8352
4147 4184 8320
4018 4029 8011
4040 4060 8098
4133 4185 8284
4181 4191 8356
4119 4183 8286
4149 4152 8268
4168 4174 8321
4197 4198 8390
4130 4178 8284
4153 4156 8302
4178 4189 8356
4154 4198 8324
4145 4199 8323
4028 4038 8047
4069 4126 8172
4105 4178 8255
4075 4096 8166
4042 4056 8071
4101 4147 8230
4027 4110 8100
4177 4199 8348
4157 4172 8310
4140 4197 8298

0.010000 0.610000
