100
386717
3090 3190 6280
3025 3154 6179
3133 3150 6283
3187 3188 6375
3089 3122 6211
3009 3057 6066
3074 3117 6191
3134 3192 6326
3075 3083 6158
3084 3104 6188
3036 3054 6090
3119 3123 6242
3195 3196 6391
3136 3173 6309
3074 3100 6174
3151 3200 6351
3191 3195 6386
3093 3151 6244
3005 3197 6202
3068 3075 6143
3021 3122 6143
3028 3054 6082
3023 3063 6086
3102 3186 6288
3146 3162 6308
3016 3059 6075
3010 3128 6138
3105 3110 6215
3166 3173 6339
3045 3058 6103
3142 3156 6298
3099 3176 6275
3051 3132 6183
3056 3102 6158
3175 3182 6357
3191 3193 6384
3119 3155 6274
3175 3193 6368
3078 3126 6204
3090 3184 6274
3071 3075 6146
3058 3078 6136
3102 3152 6254
3022 3186 6208
3142 3181 6323
3042 3116 6158
3145 3181 6326
3061 3149 6210
3103 3173 6276
3152 3163 6315
3044 3146 6190
3152 3174 6326
3111 3196 6307
3152 3200 6352
3088 3196 6284
3040 3192 6232
3077 3142 6219
3015 3164 6179
3057 3081 6138
3020 3171 6191
3086 3133 6219
3098 3146 6244
3132 3184 6316
3028 3084 6112
3172 3185 6357
3081 3127 6208
3036 3100 6136
3037 3133 6170
3182 3184 6366
3107 3180 6287
3117 3118 6235
3061 3064 6125
3165 3167 6332
3083 3084 6167
3181 3198 6379
3104 3124 6228
3061 3087 6148
3059 3120 6179
3135 3152 6287
3196 3198 6394
3138 3163 6301
3160 3193 6353
3065 3117 6182
3193 3194 6387
3133 3188 6321
3094 3171 6265
3048 3128 6176
3069 3160 6229
3199 3200 6399
3061 3187 6248
3193 3196 6389
3023 3123 6146
3069 3114 6183
3027 3070 6097
3195 3197 6392
3009 3136 6145
3164 3176 6340
3066 3081 6147
3195 3197 6392
3187 3199 6386

4045 4144 8181
4154 4195 8331
4124 4186 8300
4194 4195 8359
4005 4042 8021
4163 4179 8336
4024 4173 8182
4172 4190 8356
4056 4159 8191
4119 4138 8230
4079 4092 8166
4118 4146 8235
4137 4180 8281
4101 4183 8245
4075 4108 8163
4190 4197 8359
4090 4185 8243
4187 4192 8342
4063 4196 8246
4079 4081 8143
4083 4089 8161
4026 4089 8089
4199 4200 8395
4034 4168 8179
4102 4156 8220
4037 4195 8194
4162 4168 8323
4182 4199 8348
4063 4099 8133
4038 4159 8180
4025 4118 8108
4147 4175 8299
4026 4084 8100
4036 4147 8158
4131 4148 8266
4131 4163 8265
4188 4192 8342
4191 4199 8383
4169 4180 8324
4057 4080 8118
4150 4184 8331
4190 4199 8385
4152 4163 8287
4190 4193 8351
4135 4139 8272
4099 4159 8220
4141 4160 8282
4113 4114 8197
4073 4146 8181
4069 4115 8179
4149 4157 8288
4118 4158 8275
4070 4162 8215
4198 4199 8363
4053 4161 8182
4034 4091 8123
4092 4128 8186
4076 4159 8211
4198 4200 8365
4062 4197 8249
4022 4040 8025
4117 4129 8227
4149 4164 8289
4081 4181 8246
4189 4198 8375
4007 4144 8119
4010 4158 8155
4043 4085 8097
4030 4075 8102
4061 4151 8190
4151 4200 8349
4103 4141 8213
4045 4127 8143
4040 4130 8147
4058 4102 8145
4071 4102 8166
4138 4175 8297
4005 4136 8121
4198 4199 8390
4014 4052 8053
4146 4155 8288
4155 4188 8334
4158 4178 8299
4001 4051 8043
4073 4197 8237
4103 4108 8186
4027 4087 8077
4047 4181 8227
4198 4200 8367
4043 4048 8081
4185 4198 8357
4066 4200 8250
4192 4196 8374
4011 4170 8159
4004 4020 8006
4158 4192 8341
4047 4088 8115
4026 4060 8081
4040 4131 8141
4186 4198 8355

0.010000 0.470000
