1000
4608395
3038 3183 6221
3129 3195 6324
3079 3124 6203
3179 3185 6364
3177 3193 6370
3081 3178 6259
3140 3172 6312
3153 3179 6332
3143 3173 6316
3035 3084 6119
3007 3100 6107
3008 3124 6132
3078 3155 6233
3047 3185 6232
3086 3196 6282
3044 3195 6239
3038 3060 6098
3135 3177 6312
3032 3195 6227
3033 3090 6123
3100 3106 6206
3105 3143 6248
3089 3160 6249
3060 3096 6156
3060 3086 6146
3013 3126 6139
3107 3187 6294
3054 3077 6131
3114 3160 6274
3169 3185 6354
3062 3101 6163
3109 3128 6237
3001 3050 6051
3179 3185 6364
3019 3064 6083
3118 3147 6265
3072 3094 6166
3103 3162 6265
3037 3072 6109
3096 3147 6243
3025 3077 6102
3121 3140 6261
3121 3198 6319
3114 3143 6257
3019 3070 6089
3092 3176 6268
3015 3145 6160
3087 3105 6192
3146 3196 6342
3195 3196 6391
3056 3083 6139
3079 3103 6182
3108 3166 6274
3127 3152 6279
3194 3200 6394
3066 3175 6241
3135 3178 6313
3002 3181 6183
3010 3125 6135
3192 3197 6389
3169 3178 6347
3067 3113 6180
3153 3172 6325
3125 3181 6306
3128 3191 6319
3139 3177 6316
3057 3125 6182
3139 3185 6324
3179 3186 6365
3183 3185 6368
3161 3179 6340
3007 3180 6187
3056 3069 6125
3031 3114 6145
3047 3146 6193
3096 3187 6283
3023 3190 6213
3141 3142 6283
3029 3195 6224
3028 3140 6168
3110 3129 6239
3073 3117 6190
3031 3146 6177
3117 3151 6268
3029 3127 6156
3076 3130 6206
3003 3193 6196
3140 3186 6326
3060 3070 6130
3091 3155 6246
3113 3153 6266
3148 3161 6309
3180 3188 6368
3063 3188 6251
3172 3184 6356
3041 3163 6204
3019 3098 6117
3042 3180 6222
3106 3154 6260
3171 3182 6353
3011 3087 6098
3083 3167 6250
3000 3017 6017
3109 3161 6270
3117 3121 6238
3157 3169 6326
3193 3196 6389
3002 3193 6195
3177 3181 6358
3028 3039 6067
3112 3189 6301
3027 3148 6175
3081 3122 6203
3114 3166 6280
3027 3141 6168
3177 3191 6368
3046 3051 6097
3145 3147 6292
3154 3195 6349
3105 3115 6220
3019 3141 6160
3000 3099 6099
3040 3080 6120
3192 3195 6387
3088 3198 6286
3067 3132 6199
3177 3189 6366
3140 3180 6320
3145 3149 6294
3070 3143 6213
3060 3198 6258
3181 3193 6374
3192 3195 6387
3130 3141 6271
3146 3157 6303
3028 3199 6227
3087 3171 6258
3043 3071 6114
3063 3142 6205
3098 3110 6208
3114 3197 6311
3185 3186 6371
3088 3189 6277
3043 3087 6130
3180 3191 6371
3044 3048 6092
3141 3151 6292
3004 3118 6122
3160 3172 6332
3197 3198 6395
3129 3161 6290
3114 3157 6271
3091 3155 6246
3098 3145 6243
3103 3135 6238
3141 3183 6324
3152 3181 6333
3169 3185 6354
3127 3186 6313
3157 3193 6350
3139 3167 6306
3033 3046 6079
3080 3197 6277
3123 3169 6292
3129 3159 6288
3157 3174 6331
3000 3092 6092
3010 3113 6123
3015 3124 6139
3154 3190 6344
3049 3159 6208
3087 3150 6237
3018 3129 6147
3146 3154 6300
3190 3198 6388
3030 3076 6106
3054 3195 6249
3113 3136 6249
3190 3199 6389
3118 3170 6288
3155 3169 6324
3000 3030 6030
3015 3188 6203
3047 3183 6230
3188 3196 6384
3112 3162 6274
3174 3190 6364
3059 3186 6245
3145 3164 6309
3089 3192 6281
3190 3198 6388
3059 3173 6232
3168 3178 6346
3186 3187 6373
3079 3098 6177
3187 3198 6385
3047 3152 6199
3099 3168 6267
3168 3171 6339
3000 3180 6180
3044 3194 6238
3041 3156 6197
3031 3168 6199
3088 3140 6228
3184 3187 6371
3089 3138 6227
3120 3176 6296
3066 3076 6142
3056 3127 6183
3057 3070 6127
3116 3126 6242
3087 3123 6210
3126 3198 6324
3091 3187 6278
3172 3180 6352
3048 3170 6218
3055 3139 6194
3018 3083 6101
3013 3099 6112
3018 3075 6093
3158 3187 6345
3017 3038 6055
3109 3173 6282
3175 3200 6375
3065 3069 6134
3178 3197 6375
3095 3111 6206
3014 3117 6131
3185 3198 6383
3092 3161 6253
3099 3114 6213
3038 3173 6211
3055 3058 6113
3009 3023 6032
3186 3188 6374
3062 3066 6128
3197 3199 6396
3022 3082 6104
3159 3188 6347
3128 3200 6328
3066 3123 6189
3131 3135 6266
3089 3090 6179
3087 3186 6273
3089 3133 6222
3108 3162 6270
3104 3137 6241
3085 3102 6187
3004 3081 6085
3081 3135 6216
3141 3195 6336
3138 3171 6309
3029 3115 6144
3083 3179 6262
3134 3187 6321
3193 3195 6388
3125 3180 6305
3104 3182 6286
3090 3150 6240
3020 3124 6144
3032 3173 6205
3113 3147 6260
3018 3093 6111
3123 3150 6273
3056 3177 6233
3048 3063 6111
3040 3058 6098
3017 3100 6117
3016 3044 6060
3023 3024 6047
3028 3049 6077
3184 3191 6375
3163 3196 6359
3175 3180 6355
3163 3198 6361
3109 3120 6229
3006 3198 6204
3062 3155 6217
3050 3195 6245
3022 3025 6047
3010 3055 6065
3084 3186 6270
3164 3165 6329
3178 3198 6376
3110 3159 6269
3150 3157 6307
3088 3148 6236
3065 3167 6232
3181 3199 6380
3116 3132 6248
3182 3200 6382
3101 3165 6266
3091 3145 6236
3072 3154 6226
3051 3140 6191
3121 3138 6259
3022 3141 6163
3168 3170 6338
3050 3187 6237
3073 3195 6268
3122 3145 6267
3110 3179 6289
3053 3072 6125
3001 3190 6191
3028 3094 6122
3117 3126 6243
3188 3196 6384
3018 3058 6076
3122 3129 6251
3198 3200 6398
3164 3187 6351
3186 3192 6378
3082 3182 6264
3131 3142 6273
3084 3151 6235
3083 3095 6178
3074 3163 6237
3155 3165 6320
3003 3149 6152
3070 3156 6226
3160 3179 6339
3087 3130 6217
3117 3127 6244
3129 3148 6277
3115 3183 6298
3084 3163 6247
3104 3110 6214
3150 3189 6339
3161 3185 6346
3033 3076 6109
3129 3188 6317
3125 3180 6305
3042 3071 6113
3034 3135 6169
3036 3142 6178
3173 3195 6368
3140 3146 6286
3006 3112 6118
3035 3132 6167
3030 3177 6207
3032 3065 6097
3134 3167 6301
3070 3091 6161
3130 3138 6268
3028 3180 6208
3078 3129 6207
3091 3185 6276
3037 3097 6134
3073 3091 6164
3033 3189 6222
3183 3185 6368
3082 3107 6189
3159 3167 6326
3071 3120 6191
3094 3173 6267
3023 3111 6134
3040 3115 6155
3098 3140 6238
3119 3148 6267
3067 3126 6193
3082 3132 6214
3193 3198 6391
3011 3181 6192
3183 3198 6381
3153 3196 6349
3052 3077 6129
3151 3162 6313
3018 3077 6095
3076 3087 6163
3009 3129 6138
3000 3002 6002
3065 3144 6209
3077 3155 6232
3085 3106 6191
3062 3085 6147
3006 3012 6018
3087 3149 6236
3070 3130 6200
3099 3130 6229
3104 3168 6272
3138 3144 6282
3024 3049 6073
3140 3160 6300
3067 3147 6214
3170 3197 6367
3015 3034 6049
3105 3116 6221
3145 3186 6331
3049 3154 6203
3004 3171 6175
3018 3150 6168
3048 3146 6194
3089 3153 6242
3018 3087 6105
3122 3159 6281
3197 3198 6395
3014 3081 6095
3123 3177 6300
3048 3090 6138
3121 3178 6299
3011 3124 6135
3078 3086 6164
3002 3100 6102
3027 3038 6065
3052 3190 6242
3043 3153 6196
3181 3184 6365
3022 3195 6217
3195 3197 6392
3170 3172 6342
3178 3181 6359
3059 3065 6124
3190 3198 6388
3041 3173 6214
3195 3196 6391
3058 3071 6129
3152 3193 6345
3116 3166 6282
3030 3101 6131
3069 3134 6203
3175 3179 6354
3089 3092 6181
3056 3168 6224
3069 3075 6144
3021 3192 6213
3132 3162 6294
3181 3189 6370
3168 3193 6361
3098 3137 6235
3007 3101 6108
3118 3130 6248
3058 3116 6174
3090 3199 6289
3190 3192 6382
3187 3188 6375
3195 3196 6391
3195 3200 6395
3065 3077 6142
3139 3153 6292
3018 3147 6165
3161 3178 6339
3059 3114 6173
3194 3198 6392
3192 3197 6389
3124 3191 6315
3194 3200 6394
3138 3165 6303
3079 3178 6257
3130 3142 6272
3056 3149 6205
3077 3177 6254
3148 3182 6330
3001 3058 6059
3049 3092 6141
3032 3046 6078
3066 3123 6189
3015 3085 6100
3141 3178 6319
3059 3162 6221
3072 3168 6240
3197 3199 6396
3136 3187 6323
3088 3186 6274
3037 3074 6111
3185 3187 6372
3104 3191 6295
3122 3165 6287
3027 3039 6066
3162 3179 6341
3014 3104 6118
3056 3074 6130
3025 3103 6128
3153 3191 6344
3008 3129 6137
3130 3159 6289
3165 3189 6354
3157 3158 6315
3069 3122 6191
3106 3133 6239
3050 3068 6118
3095 3126 6221
3106 3169 6275
3174 3176 6350
3077 3191 6268
3024 3133 6157
3013 3029 6042
3156 3171 6327
3102 3156 6258
3007 3056 6063
3111 3140 6251
3158 3196 6354
3061 3133 6194
3182 3186 6368
3047 3143 6190
3000 3051 6051
3122 3131 6253
3103 3169 6272
3132 3165 6297
3031 3192 6223
3193 3200 6393
3162 3192 6354
3186 3194 6380
3093 3149 6242
3108 3124 6232
3138 3199 6337
3105 3170 6275
3098 3134 6232
3155 3199 6354
3153 3158 6311
3018 3084 6102
3108 3109 6217
3018 3171 6189
3104 3151 6255
3122 3178 6300
3009 3107 6116
3002 3142 6144
3123 3195 6318
3180 3193 6373
3107 3167 6274
3138 3194 6332
3164 3189 6353
3089 3124 6213
3165 3193 6358
3102 3109 6211
3142 3188 6330
3075 3129 6204
3029 3123 6152
3176 3186 6362
3116 3192 6308
3074 3189 6263
3131 3200 6331
3174 3182 6356
3147 3160 6307
3150 3165 6315
3016 3180 6196
3188 3197 6385
3053 3112 6165
3126 3167 6293
3065 3124 6189
3018 3190 6208
3055 3152 6207
3032 3183 6215
3022 3084 6106
3024 3200 6224
3076 3114 6190
3049 3186 6235
3126 3196 6322
3105 3116 6221
3163 3171 6334
3086 3144 6230
3173 3176 6349
3094 3097 6191
3054 3183 6237
3012 3147 6159
3192 3198 6390
3004 3027 6031
3180 3183 6363
3164 3186 6350
3095 3146 6241
3056 3136 6192
3097 3103 6200
3051 3094 6145
3060 3121 6181
3161 3175 6336
3020 3183 6203
3145 3153 6298
3035 3091 6126
3182 3193 6375
3097 3178 6275
3000 3024 6024
3089 3189 6278
3186 3196 6382
3159 3161 6320
3167 3186 6353
3074 3112 6186
3076 3107 6183
3068 3086 6154
3046 3066 6112
3093 3182 6275
3187 3195 6382
3119 3169 6288
3172 3178 6350
3050 3147 6197
3050 3200 6250
3078 3184 6262
3135 3156 6291
3111 3193 6304
3191 3198 6389
3049 3123 6172
3123 3174 6297
3158 3178 6336
3114 3137 6251
3182 3191 6373
3102 3124 6226
3115 3144 6259
3060 3074 6134
3102 3118 6220
3075 3156 6231
3196 3200 6396
3005 3113 6118
3103 3146 6249
3174 3185 6359
3185 3193 6378
3002 3025 6027
3011 3091 6102
3087 3161 6248
3158 3167 6325
3102 3105 6207
3064 3084 6148
3033 3108 6141
3070 3096 6166
3024 3180 6204
3152 3189 6341
3045 3062 6107
3138 3189 6327
3117 3154 6271
3068 3093 6161
3098 3140 6238
3114 3137 6251
3095 3187 6282
3117 3150 6267
3199 3200 6399
3018 3096 6114
3094 3192 6286
3138 3147 6285
3052 3150 6202
3152 3156 6308
3117 3181 6298
3192 3200 6392
3021 3189 6210
3125 3133 6258
3096 3120 6216
3134 3154 6288
3152 3156 6308
3162 3173 6335
3123 3130 6253
3168 3199 6367
3193 3196 6389
3180 3190 6370
3166 3183 6349
3151 3177 6328
3043 3124 6167
3106 3180 6286
3104 3124 6228
3006 3132 6138
3017 3184 6201
3149 3161 6310
3001 3021 6022
3119 3165 6284
3029 3156 6185
3121 3127 6248
3028 3099 6127
3167 3181 6348
3177 3192 6369
3116 3163 6279
3172 3189 6361
3070 3136 6206
3180 3197 6377
3116 3187 6303
3061 3121 6182
3075 3111 6186
3094 3116 6210
3117 3151 6268
3158 3166 6324
3023 3185 6208
3087 3171 6258
3178 3189 6367
3150 3157 6307
3105 3161 6266
3084 3109 6193
3051 3078 6129
3020 3045 6065
3146 3170 6316
3067 3146 6213
3007 3196 6203
3058 3196 6254
3104 3142 6246
3073 3106 6179
3068 3176 6244
3100 3145 6245
3096 3098 6194
3113 3124 6237
3172 3175 6347
3077 3133 6210
3199 3200 6399
3175 3181 6356
3066 3119 6185
3051 3087 6138
3010 3180 6190
3086 3190 6276
3173 3191 6364
3164 3180 6344
3151 3188 6339
3046 3162 6208
3043 3180 6223
3120 3132 6252
3098 3186 6284
3186 3193 6379
3058 3159 6217
3160 3199 6359
3147 3194 6341
3032 3099 6131
3154 3200 6354
3015 3086 6101
3032 3106 6138
3177 3192 6369
3071 3140 6211
3032 3105 6137
3087 3194 6281
3027 3143 6170
3117 3187 6304
3143 3176 6319
3094 3191 6285
3013 3035 6048
3067 3123 6190
3148 3181 6329
3062 3124 6186
3187 3198 6385
3189 3196 6385
3092 3120 6212
3189 3196 6385
3186 3197 6383
3085 3195 6280
3074 3117 6191
3099 3163 6262
3062 3096 6158
3049 3126 6175
3142 3165 6307
3054 3062 6116
3113 3156 6269
3178 3194 6372
3044 3154 6198
3033 3153 6186
3014 3018 6032
3083 3140 6223
3096 3200 6296
3058 3119 6177
3038 3059 6097
3120 3127 6247
3112 3191 6303
3178 3185 6363
3138 3185 6323
3161 3200 6361
3018 3084 6102
3042 3192 6234
3154 3156 6310
3199 3200 6399
3183 3186 6369
3020 3111 6131
3068 3109 6177
3117 3176 6293
3023 3061 6084
3007 3116 6123
3121 3173 6294
3034 3109 6143
3087 3118 6205
3151 3152 6303
3132 3178 6310
3086 3190 6276
3176 3178 6354
3084 3182 6266
3013 3070 6083
3106 3178 6284
3137 3144 6281
3185 3199 6384
3173 3182 6355
3005 3196 6201
3135 3156 6291
3103 3191 6294
3097 3175 6272
3100 3196 6296
3067 3086 6153
3114 3146 6260
3027 3145 6172
3073 3119 6192
3109 3131 6240
3164 3168 6332
3174 3179 6353
3110 3139 6249
3039 3057 6096
3152 3155 6307
3051 3173 6224
3187 3193 6380
3164 3178 6342
3130 3188 6318
3114 3136 6250
3062 3114 6176
3106 3158 6264
3020 3170 6190
3051 3099 6150
3146 3178 6324
3037 3114 6151
3115 3135 6250
3052 3132 6184
3171 3197 6368
3086 3106 6192
3107 3114 6221
3189 3192 6381
3192 3196 6388
3100 3154 6254
3184 3199 6383
3122 3156 6278
3177 3182 6359
3009 3099 6108
3183 3196 6379
3024 3035 6059
3067 3193 6260
3095 3130 6225
3155 3198 6353
3067 3144 6211
3042 3189 6231
3020 3132 6152
3155 3161 6316
3135 3174 6309
3005 3006 6011
3163 3200 6363
3083 3151 6234
3077 3183 6260
3199 3200 6399
3052 3138 6190
3034 3155 6189
3144 3168 6312
3197 3199 6396
3135 3145 6280
3140 3158 6298
3121 3144 6265
3019 3038 6057
3180 3182 6362
3152 3153 6305
3182 3186 6368
3092 3113 6205
3086 3159 6245
3012 3130 6142
3034 3096 6130
3081 3195 6276
3193 3197 6390
3087 3196 6283
3160 3189 6349
3129 3186 6315
3049 3197 6246
3103 3115 6218
3081 3165 6246
3153 3159 6312
3005 3009 6014
3004 3199 6203
3088 3138 6226
3061 3135 6196
3195 3199 6394
3164 3196 6360
3075 3095 6170
3135 3194 6329
3085 3163 6248
3136 3175 6311
3149 3191 6340
3111 3193 6304
3108 3149 6257
3014 3100 6114
3057 3079 6136
3060 3115 6175
3123 3188 6311
3024 3055 6079
3073 3151 6224
3161 3192 6353
3119 3145 6264
3164 3183 6347
3039 3047 6086
3195 3200 6395
3021 3027 6048
3013 3161 6174
3068 3097 6165
3185 3193 6378
3107 3125 6232
3002 3098 6100
3015 3122 6137
3165 3191 6356
3188 3194 6382
3028 3032 6060
3015 3048 6063
3178 3179 6357
3134 3179 6313
3101 3102 6203
3091 3152 6243
3181 3194 6375
3013 3156 6169
3055 3200 6255
3097 3104 6201
3072 3089 6161
3053 3080 6133
3194 3200 6394
3022 3195 6217
3156 3186 6342
3195 3199 6394
3170 3177 6347
3117 3119 6236
3127 3147 6274
3181 3200 6381
3152 3172 6324
3068 3081 6149
3127 3140 6267
3139 3170 6309
3095 3191 6286
3018 3155 6173
3173 3197 6370
3133 3174 6307
3105 3199 6304
3156 3177 6333
3020 3035 6055
3135 3170 6305
3067 3112 6179
3026 3150 6176
3187 3195 6382
3010 3183 6193
3086 3150 6236
3061 3067 6128
3041 3051 6092
3188 3191 6379
3062 3150 6212
3028 3054 6082
3032 3113 6145
3066 3133 6199
3104 3144 6248
3127 3151 6278
3165 3192 6357
3124 3171 6295
3127 3171 6298
3043 3072 6115
3158 3173 6331
3121 3130 6251
3183 3193 6376
3198 3200 6398
3141 3172 6313
3004 3017 6021
3014 3086 6100
3052 3108 6160
3100 3180 6280
3183 3193 6376
3103 3165 6268
3011 3120 6131
3152 3189 6341
3095 3119 6214
3048 3139 6187
3068 3103 6171
3162 3171 6333
3184 3200 6384
3110 3148 6258
3146 3147 6293
3075 3096 6171
3105 3122 6227
3086 3160 6246
3119 3123 6242
3056 3092 6148
3034 3057 6091
3063 3138 6201
3173 3200 6373
3062 3073 6135
3109 3113 6222
3142 3187 6329
3114 3200 6314
3167 3189 6356
3147 3159 6306
3034 3088 6122
3031 3099 6130
3093 3110 6203
3152 3180 6332
3169 3171 6340
3146 3180 6326
3181 3196 6377
3177 3196 6373
3114 3118 6232
3137 3186 6323
3152 3174 6326
3196 3197 6393
3108 3180 6288
3186 3190 6376
3086 3178 6264
3079 3172 6251
3165 3169 6334
3185 3194 6379
3035 3105 6140
3174 3185 6359
3031 3191 6222
3113 3169 6282
3078 3093 6171
3143 3163 6306
3024 3034 6058
3110 3169 6279
3086 3129 6215
3135 3143 6278
3048 3176 6224
3194 3196 6390
3136 3143 6279
3026 3137 6163
3144 3185 6329
3054 3133 6187
3031 3058 6089
3031 3098 6129
3177 3196 6373
3178 3181 6359
3074 3183 6257
3162 3178 6340

4194 4198 8369
4179 4185 8343
4042 4185 8189
4143 4175 8309
4035 4147 8174
4017 4134 8144
4032 4112 8134
4186 4196 8372
4035 4197 8203
4106 4115 8186
4034 4060 8074
4026 4096 8093
4131 4170 8277
4145 4151 8291
4026 4100 8110
4139 4177 8292
4057 4146 8177
4188 4197 8372
4188 4192 8352
4041 4108 8147
4128 4146 8269
4130 4162 8283
4118 4151 8245
4018 4174 8163
4090 4101 8177
4190 4196 8384
4110 4189 8263
4101 4147 8225
4113 4141 8230
4187 4200 8370
4148 4175 8312
4060 4071 8118
4030 4149 8145
4191 4196 8368
4010 4096 8105
4049 4158 8201
4089 4116 8194
4053 4196 8236
4169 4196 8342
4056 4117 8143
4186 4199 8349
4109 4193 8276
4109 4114 8215
4177 4182 8358
4055 4088 8125
4102 4157 8242
4018 4067 8077
4121 4198 8308
4079 4080 8122
4007 4190 8186
4120 4151 8257
4072 4087 8121
4093 4185 8243
4089 4154 8233
4141 4183 8289
4021 4087 8089
4088 4149 8225
4033 4095 8104
4106 4194 8272
4064 4162 8225
4138 4146 8247
4188 4199 8376
4056 4079 8127
4064 4185 8236
4007 4127 8128
4027 4106 8126
4019 4188 8204
4126 4146 8268
4152 4192 8327
4089 4118 8198
4063 4089 8139
4161 4198 8350
4144 4158 8296
4050 4086 8124
4186 4195 8345
4147 4197 8314
4023 4159 8172
4166 4168 8323
4043 4200 8215
4100 4151 8246
4141 4180 8313
4013 4054 8062
4137 4165 8295
4197 4199 8361
4128 4150 8255
4133 4171 8301
4013 4161 8163
4095 4154 8227
4064 4135 8196
4170 4190 8336
4052 4098 8134
4116 4146 8251
4058 4154 8201
4036 4155 8175
4063 4075 8124
4061 4145 8193
4044 4070 8086
4063 4110 8141
4013 4039 8028
4006 4119 8103
4177 4192 8345
4102 4187 8282
4132 4168 8285
4158 4194 8313
4165 4181 8317
4081 4101 8153
4107 4124 8209
4187 4192 8355
4098 4153 8235
4185 4189 8344
4091 4157 8225
4109 4197 8289
4091 4163 8241
4032 4053 8075
4174 4186 8341
4137 4200 8331
4168 4177 8332
4006 4021 7998
4032 4067 8067
4113 4121 8214
4051 4073 8107
4017 4105 8118
4197 4198 8364
4009 4173 8179
4074 4131 8192
4100 4165 8232
4026 4095 8096
4020 4154 8149
4118 4191 8291
4035 4091 8090
4080 4127 8172
4000 4075 8044
4187 4199 8368
4141 4195 8330
4014 4015 7992
4167 4193 8338
4024 4093 8097
4114 4130 8222
4126 4191 8291
4055 4071 8098
4184 4190 8347
4079 4149 8199
4051 4173 8222
4052 4105 8132
4065 4112 8159
4039 4079 8105
4072 4090 8158
4195 4197 8365
4189 4196 8356
4060 4125 8153
4116 4169 8274
4146 4154 8262
4168 4174 8321
4046 4113 8158
4100 4158 8225
4182 4199 8358
4025 4060 8054
4018 4100 8094
4097 4175 8268
4172 4193 8354
4091 4139 8228
4199 4200 8374
4052 4115 8156
4036 4070 8099
4142 4172 8302
4028 4188 8182
4150 4153 8264
4011 4076 8062
4153 4160 8278
4149 4194 8338
4140 4153 8263
4063 4065 8113
4186 4196 8374
4112 4114 8198
4170 4198 8342
4192 4198 8370
4152 4200 8350
4074 4098 8157
4024 4035 8039
4156 4185 8305
4168 4181 8345
4055 4156 8174
4154 4200 8333
4131 4133 8250
4055 4100 8121
4121 4180 8289
4131 4143 8269
4052 4197 8217
4151 4182 8324
4176 4198 8338
4188 4189 8354
4118 4154 8255
4045 4175 8201
4171 4179 8346
4040 4092 8124
4059 4173 8196
4002 4141 8119
4125 4153 8277
4004 4174 8177
4074 4191 8250
4032 4185 8192
4146 4173 8317
4093 4121 8207
4172 4181 8351
4015 4120 8102
4084 4142 8195
4194 4198 8361
4161 4178 8332
4159 4193 8338
4097 4124 8220
4123 4129 8225
4091 4173 8245
4120 4128 8223
4191 4197 8353
4058 4175 8201
4171 4187 8338
4104 4121 8195
4162 4180 8334
4104 4175 8260
4154 4182 8299
4029 4067 8088
4060 4164 8223
4106 4190 8294
4090 4108 8191
4116 4170 8267
4159 4196 8348
4134 4183 8314
4061 4181 8207
4168 4191 8352
4070 4145 8209
4136 4142 8251
4109 4199 8298
4166 4185 8316
4122 4200 8308
4073 4103 8154
4158 4163 8300
4015 4164 8174
4107 4180 8265
4194 4200 8392
4193 4197 8355
4015 4122 8114
4092 4123 8181
4188 4190 8362
4081 4160 8235
4061 4086 8139
4108 4138 8218
4067 4168 8219
4067 4197 8243
4028 4100 8119
4050 4056 8081
4148 4169 8293
4073 4195 8243
4074 4114 8151
4136 4198 8318
4021 4099 8119
4015 4173 8161
4022 4183 8181
4091 4094 8180
4100 4163 8261
4017 4122 8119
4175 4193 8332
4041 4148 8161
4001 4137 8102
4068 4145 8194
4073 4196 8232
4115 4185 8285
4144 4195 8314
4012 4127 8121
4035 4150 8153
4197 4199 8367
4033 4101 8098
4181 4190 8337
4135 4152 8258
4067 4175 8235
4170 4184 8319
4094 4166 8248
4112 4157 8249
4190 4195 8383
4119 4135 8246
4018 4187 8168
4026 4034 8027
4151 4174 8315
4135 4148 8276
4040 4072 8089
4134 4170 8286
4107 4133 8202
4195 4197 8386
4125 4133 8224
4173 4192 8351
4087 4148 8227
4051 4118 8147
4152 4168 8287
4127 4151 8249
4157 4189 8338
4017 4187 8187
4198 4199 8365
4100 4129 8225
4159 4198 8326
4017 4191 8203
4007 4111 8093
4025 4171 8187
4146 4166 8309
4008 4124 8110
4056 4111 8156
4119 4187 8292
4191 4200 8380
4172 4200 8337
4145 4185 8327
4096 4112 8189
4190 4192 8354
4044 4093 8113
4193 4197 8380
4115 4122 8202
4027 4083 8080
4113 4168 8245
4104 4109 8185
4098 4190 8275
4085 4190 8264
4053 4152 8172
4182 4192 8373
4064 4195 8239
4027 4055 8074
4042 4164 8173
4170 4186 8351
4001 4025 7992
4010 4138 8125
4126 4193 8287
4052 4182 8223
4172 4186 8335
4004 4054 8034
4149 4155 8299
4166 4196 8335
4044 4047 8074
4051 4094 8109
4007 4087 8087
4144 4164 8303
4055 4168 8190
4150 4187 8327
4139 4154 8284
4163 4189 8347
4005 4131 8113
4138 4179 8280
4067 4139 8171
4088 4181 8258
4102 4168 8231
4092 4130 8197
4010 4050 8022
4129 4186 8278
4052 4186 8217
4022 4159 8163
4050 4186 8210
4111 4117 8223
4008 4031 8006
4080 4139 8194
4043 4147 8153
4094 4197 8290
4139 4172 8307
4032 4149 8170
4169 4175 8336
4173 4180 8315
4139 4167 8283
4100 4196 8276
4140 4161 8292
4162 4173 8315
4145 4159 8285
4086 4095 8156
4181 4196 8359
4173 4175 8326
4152 4160 8308
4161 4189 8312
4095 4166 8225
4163 4193 8344
4104 4133 8220
4003 4106 8089
4108 4195 8283
4102 4183 8258
4043 4058 8078
4188 4192 8347
4065 4168 8203
4194 4199 8382
4127 4146 8241
4110 4148 8243
4132 4200 8329
4107 4139 8208
4140 4178 8284
4068 4198 8248
4100 4123 8213
4028 4153 8172
4024 4195 8195
4063 4189 8227
4113 4123 8231
4146 4158 8294
4168 4198 8357
4181 4196 8363
4134 4168 8279
4114 4156 8236
4194 4195 8373
4029 4143 8171
4044 4060 8087
4168 4179 8312
4001 4179 8165
4193 4198 8355
4144 4160 8281
4106 4191 8270
4024 4040 8062
4066 4115 8174
4183 4197 8370
4196 4199 8364
4050 4197 8233
4146 4147 8268
4063 4190 8216
4028 4108 8102
4016 4160 8150
4149 4177 8310
4177 4178 8344
4159 4186 8323
4012 4188 8189
4144 4185 8324
4071 4169 8227
4093 4094 8153
4173 4177 8337
4119 4149 8257
4056 4156 8199
4179 4195 8363
4148 4186 8314
4041 4126 8142
4187 4197 8350
4191 4196 8379
4150 4163 8302
4134 4148 8255
4066 4159 8202
4121 4190 8307
4082 4106 8180
4076 4106 8177
4029 4077 8097
4103 4140 8227
4069 4200 8240
4174 4199 8354
4067 4084 8123
4065 4104 8167
4188 4193 8370
4021 4038 8036
4132 4180 8309
4174 4186 8336
4185 4197 8355
4179 4189 8357
4123 4173 8270
4062 4114 8138
4065 4188 8246
4149 4172 8311
4090 4137 8205
4057 4141 8184
4108 4167 8237
4088 4126 8198
4052 4097 8140
4119 4150 8248
4118 4189 8302
4063 4190 8249
4002 4193 8193
4081 4104 8184
4117 4127 8238
4163 4164 8303
4152 4188 8328
4055 4129 8146
4132 4176 8305
4028 4148 8138
4080 4125 8197
4147 4155 8301
4176 4198 8366
4086 4107 8182
4065 4121 8156
4038 4079 8091
4008 4015 8010
4159 4196 8346
4080 4163 8228
4025 4088 8106
4137 4175 8306
4016 4114 8103
4000 4068 8040
4102 4170 8264
4025 4180 8202
4177 4199 8356
4005 4035 8034
4103 4157 8253
4084 4161 8231
4130 4168 8288
4055 4163 8186
4142 4163 8295
4006 4161 8156
4055 4063 8094
4156 4182 8319
4015 4056 8048
4000 4026 8024
4082 4195 8265
4062 4080 8111
4059 4156 8189
4102 4172 8256
4159 4183 8333
4095 4098 8186
4182 4185 8351
4055 4174 8202
4004 4163 8158
4009 4134 8137
4074 4199 8254
4046 4133 8178
4031 4088 8105
4059 4117 8138
4156 4164 8316
4144 4190 8304
4148 4154 8275
4168 4192 8357
4135 4176 8300
4007 4020 8020
4054 4162 8179
4010 4140 8118
4032 4064 8071
4030 4031 8054
4117 4167 8273
4143 4169 8308
4026 4154 8167
4092 4133 8223
4049 4066 8111
4009 4114 8095
4178 4196 8348
4102 4190 8264
4101 4193 8266
4124 4194 8297
4188 4194 8375
4096 4188 8268
4103 4172 8260
4091 4111 8177
4063 4094 8154
4085 4197 8268
4199 4200 8384
4195 4199 8379
4166 4197 8326
4159 4199 8356
4197 4200 8374
4164 4176 8329
4192 4197 8360
4047 4066 8106
4103 4146 8235
4053 4140 8159
4050 4101 8129
4008 4022 8023
4091 4134 8216
4007 4091 8070
4027 4199 8216
4009 4044 8024
4025 4199 8204
4125 4175 8273
4176 4197 8354
4113 4196 8281
4101 4143 8240
4129 4177 8270
4033 4147 8160
4104 4200 8274
4171 4185 8354
4153 4175 8305
4195 4196 8380
4011 4111 8119
4051 4152 8189
4028 4040 8065
4030 4146 8140
4047 4195 8209
4118 4146 8236
4111 4177 8259
4137 4145 8267
4025 4097 8093
4041 4180 8188
4005 4128 8122
4141 4198 8308
4093 4157 8232
4185 4192 8342
4102 4178 8279
4199 4200 8367
4150 4199 8331
4056 4134 8182
4078 4132 8181
4185 4188 8352
4085 4123 8191
4071 4133 8181
4072 4164 8229
4035 4200 8209
4084 4086 8145
4123 4132 8246
4164 4187 8313
4197 4199 8393
4148 4173 8294
4180 4184 8332
4135 4181 8312
4135 4159 8262
4190 4192 8366
4082 4124 8193
4009 4073 8075
4077 4111 8167
4159 4181 8334
4115 4171 8253
4141 4172 8305
4045 4072 8111
4007 4160 8154
4171 4194 8355
4100 4198 8288
4122 4133 8242
4026 4048 8058
4139 4163 8264
4194 4196 8378
4069 4194 8246
4168 4171 8333
4076 4160 8233
4117 4155 8234
4154 4177 8307
4098 4193 8274
4013 4034 8042
4114 4186 8278
4040 4141 8159
4150 4160 8277
4187 4196 8351
4137 4192 8294
4165 4173 8311
4020 4075 8086
4192 4193 8361
4108 4173 8245
4057 4131 8164
4033 4040 8067
4006 4025 8030
4084 4121 8199
4169 4185 8318
4108 4153 8223
4021 4045 8043
4028 4170 8181
4111 4182 8256
4054 4116 8148
4019 4126 8124
4146 4155 8271
4007 4078 8070
4135 4183 8302
4179 4185 8331
4002 4154 8153
4109 4156 8259
4158 4193 8333
4137 4153 8253
4060 4091 8118
4029 4169 8191
4185 4190 8338
4116 4131 8211
4009 4181 8179
4066 4166 8221
4165 4173 8330
4021 4188 8197
4154 4194 8315
4018 4085 8090
4040 4080 8086
4079 4085 8161
4177 4192 8351
4081 4099 8175
4125 4160 8259
4150 4179 8312
4011 4102 8087
4197 4198 8360
4054 4173 8216
4068 4184 8245
4181 4190 8361
4057 4075 8120
4104 4189 8290
4177 4181 8321
4054 4150 8192
4118 4132 8232
4139 4146 8268
4067 4194 8231
4126 4191 8282
4038 4152 8169
4065 4143 8179
4078 4102 8157
4125 4129 8244
4154 4190 8342
4057 4124 8177
4021 4039 8031
4046 4072 8080
4047 4052 8096
4147 4157 8269
4041 4107 8137
4093 4190 8265
4147 4179 8293
4094 4136 8229
4153 4159 8299
4142 4153 8263
4054 4139 8185
4104 4200 8290
4034 4164 8166
4031 4109 8136
4094 4095 8160
4190 4200 8379
4168 4173 8321
4000 4095 8075
4035 4138 8138
4044 4127 8165
4189 4198 8369
4010 4165 8137
4188 4191 8366
4062 4109 8167
4033 4122 8151
4197 4198 8380
4137 4181 8291
4152 4178 8316
4067 4183 8247
4007 4047 8032
4090 4138 8213
4058 4192 8235
4007 4117 8114
4041 4163 8203
4055 4159 8187
4160 4186 8341
4023 4028 8037
4051 4084 8133
4065 4112 8149
4144 4171 8314
4198 4200 8360
4194 4197 8390
4193 4197 8382
4165 4182 8322
4002 4070 8037
4192 4200 8376
4015 4055 8034
4147 4162 8306
4137 4149 8271
4149 4158 8273
4100 4105 8199
4019 4080 8069
4096 4198 8293
4012 4015 8002
4004 4165 8146
4065 4189 8216
4151 4184 8314
4105 4161 8253
4054 4083 8133
4171 4184 8326
4160 4167 8325
4041 4142 8173
4181 4182 8354
4005 4191 8160
4025 4071 8059
4002 4154 8134
4091 4127 8181
4154 4184 8300
4136 4166 8279
4196 4197 8392
4164 4170 8317
4117 4192 8292
4110 4160 8235
4023 4109 8112
4177 4183 8321
4081 4163 8210
4190 4197 8383
4158 4183 8324
4126 4200 8292
4157 4183 8309
4199 4200 8379
4052 4149 8186
4101 4124 8213
4156 4178 8298
4088 4181 8260
4173 4188 8344
4132 4170 8279
4011 4040 8031
4068 4107 8146
4136 4197 8330
4004 4169 8138
4195 4198 8369
4101 4194 8265
4116 4166 8260
4050 4133 8166
4049 4081 8111
4173 4194 8346
4136 4187 8289
4123 4157 8271
4171 4200 8340
4034 4056 8089
4111 4113 8197
4051 4137 8170
4014 4057 8043
4121 4152 8241
4011 4172 8156
4055 4113 8137
4054 4129 8166
4022 4187 8194
4000 4108 8075
4107 4146 8228
4093 4109 8183
4019 4092 8109
4060 4102 8136
4158 4184 8338
4103 4144 8231
4055 4175 8212
4045 4183 8213
4020 4085 8075
4100 4122 8190
4135 4145 8271
4003 4089 8066
4131 4149 8254
4015 4184 8177
4163 4178 8330
4056 4113 8146
4138 4178 8312
4078 4102 8142
4186 4192 8344
4108 4145 8216
4150 4189 8329
4003 4200 8172
4199 4200 8367
4157 4187 8315
4151 4180 8302
4034 4093 8106
4039 4133 8155
4103 4142 8227
4170 4196 8328
4067 4192 8258
4115 4136 8236
4136 4181 8303
4128 4188 8300
4026 4086 8085
4003 4179 8151
4022 4192 8203
4150 4187 8332
4164 4173 8332
4171 4195 8336
4028 4155 8170
4101 4148 8214
4005 4138 8115
4018 4102 8090
4114 4184 8281
4180 4188 8339
4007 4156 8159
4040 4065 8078
4005 4197 8197
4037 4045 8047
4053 4059 8090
4103 4106 8202
4015 4153 8146
4005 4178 8178
4160 4194 8339
4101 4150 8237
4175 4177 8338
4135 4141 8251
4049 4136 8168
4113 4194 8290
4003 4199 8200
4035 4089 8086
4056 4124 8143
4107 4131 8220
4028 4131 8137
4098 4144 8241
4100 4126 8225
4128 4151 8251
4146 4155 8267
4061 4165 8200
4060 4076 8120
4070 4146 8203
4002 4174 8172
4055 4173 8193
4060 4198 8246
4116 4179 8272
4173 4191 8331
4031 4135 8143
4036 4136 8142
4149 4153 8296
4178 4185 8346
4082 4145 8190
4133 4136 8263
4078 4119 8177
4143 4186 8322
4119 4191 8298
4140 4197 8322
4038 4138 8174
4179 4182 8344
4092 4128 8215
4068 4197 8244
4165 4200 8333
4014 4177 8153
4025 4164 8184
4014 4078 8078
4063 4126 8151
4117 4174 8272
4084 4129 8194
4028 4070 8092
4051 4059 8077
4136 4149 8254
4004 4083 8074
4198 4199 8370
4142 4163 8266
4054 4086 8139
4145 4173 8310
4180 4199 8364
4173 4180 8314
4012 4041 8047
4091 4128 8185
4053 4118 8158
4003 4109 8092
4073 4140 8177
4129 4181 8277
4182 4198 8349
4166 4175 8326
4012 4164 8150
4189 4190 8370
4062 4093 8128
4192 4199 8363
4097 4191 8284
4094 4176 8257
4001 4112 8105
4125 4143 8264
4130 4149 8260
4118 4185 8280
4084 4194 8253
4040 4131 8162
4155 4174 8321
4195 4197 8371
4193 4197 8369
4130 4144 8257
4056 4085 8106
4059 4072 8111
4074 4090 8138
4069 4180 8242
4185 4194 8354
4147 4169 8306
4042 4160 8174
4005 4175 8169
4022 4132 8118
4169 4181 8332
4194 4195 8386
4064 4178 8234
4064 4123 8175
4147 4153 8274
4169 4187 8353
4063 4180 8226
4000 4084 8083
4111 4148 8242
4031 4191 8195
4045 4136 8149
4171 4186 8338
4060 4115 8141
4131 4182 8292
4095 4110 8177
4109 4123 8194
4119 4157 8272
4130 4134 8262
4012 4150 8158
4005 4097 8071
4162 4168 8323
4179 4186 8362
4167 4188 8344
4033 4052 8058
4105 4145 8235
4169 4185 8329
4122 4138 8259
4107 4170 8263
4127 4189 8302
4128 4147 8239
4068 4185 8220
4092 4176 8239
4041 4050 8066
4083 4129 8181
4125 4175 8287
4104 4154 8225
4024 4087 8077
4196 4198 8357
4177 4189 8340
4081 4159 8225
4044 4128 8146
4038 4144 8144
4060 4169 8203
4152 4154 8296
4022 4044 8028
4039 4150 8181
4021 4140 8143
4168 4187 8317
4070 4104 8140
4001 4024 8001
4117 4156 8243
4045 4159 8180
4191 4194 8363
4178 4199 8354
4136 4144 8244
4189 4196 8369
4119 4124 8212
4082 4154 8223
4164 4200 8331
4180 4187 8341
4123 4156 8270
4125 4176 8269
4162 4185 8313
4070 4161 8227
4010 4113 8090
4097 4118 8191
4099 4166 8236
4057 4091 8143
4023 4129 8140
4074 4097 8153
4085 4142 8194
4025 4143 8163
4116 4135 8213

0.010000 0.560000
