1000
2879223
3026 3155 6181
3115 3117 6232
3005 3155 6160
3066 3131 6197
3044 3092 6136
3037 3189 6226
3088 3120 6208
3033 3080 6113
3121 3126 6247
3001 3070 6071
3124 3175 6299
3143 3147 6290
3045 3150 6195
3088 3106 6194
3079 3172 6251
3180 3191 6371
3056 3100 6156
3006 3129 6135
3090 3140 6230
3065 3198 6263
3052 3134 6186
3069 3098 6167
3168 3184 6352
3001 3132 6133
3098 3184 6282
3057 3194 6251
3025 3099 6124
3010 3165 6175
3180 3193 6373
3115 3126 6241
3135 3178 6313
3195 3198 6393
3122 3195 6317
3105 3114 6219
3088 3165 6253
3087 3179 6266
3071 3108 6179
3077 3135 6212
3085 3118 6203
3050 3093 6143
3131 3164 6295
3004 3149 6153
3129 3161 6290
3003 3128 6131
3159 3192 6351
3170 3182 6352
3077 3192 6269
3035 3166 6201
3067 3076 6143
3108 3117 6225
3044 3183 6227
3157 3189 6346
3139 3180 6319
3061 3198 6259
3178 3200 6378
3029 3146 6175
3139 3141 6280
3133 3163 6296
3010 3035 6045
3037 3164 6201
3104 3132 6236
3046 3161 6207
3055 3114 6169
3086 3140 6226
3073 3122 6195
3192 3196 6388
3043 3096 6139
3003 3052 6055
3085 3127 6212
3159 3194 6353
3110 3165 6275
3172 3196 6368
3030 3199 6229
3179 3197 6376
3152 3165 6317
3008 3059 6067
3158 3187 6345
3144 3173 6317
3042 3081 6123
3164 3169 6333
3041 3044 6085
3054 3150 6204
3089 3173 6262
3179 3185 6364
3106 3200 6306
3019 3182 6201
3036 3116 6152
3118 3177 6295
3186 3198 6384
3127 3170 6297
3064 3105 6169
3158 3178 6336
3118 3178 6296
3072 3153 6225
3114 3120 6234
3046 3094 6140
3159 3162 6321
3167 3175 6342
3084 3145 6229
3070 3171 6241
3111 3191 6302
3122 3184 6306
3155 3179 6334
3053 3133 6186
3170 3188 6358
3107 3141 6248
3128 3143 6271
3199 3200 6399
3052 3124 6176
3105 3137 6242
3165 3190 6355
3166 3192 6358
3129 3141 6270
3180 3197 6377
3009 3181 6190
3077 3157 6234
3137 3189 6326
3150 3193 6343
3023 3156 6179
3098 3120 6218
3045 3134 6179
3184 3185 6369
3076 3149 6225
3147 3170 6317
3077 3108 6185
3074 3198 6272
3047 3081 6128
3141 3189 6330
3068 3100 6168
3143 3175 6318
3165 3198 6363
3152 3169 6321
3029 3089 6118
3175 3178 6353
3197 3200 6397
3143 3155 6298
3047 3093 6140
3158 3198 6356
3001 3140 6141
3086 3127 6213
3007 3164 6171
3077 3125 6202
3158 3160 6318
3067 3157 6224
3029 3157 6186
3104 3200 6304
3093 3119 6212
3066 3191 6257
3080 3145 6225
3127 3164 6291
3178 3200 6378
3067 3186 6253
3037 3094 6131
3095 3122 6217
3005 3172 6177
3054 3058 6112
3030 3196 6226
3027 3090 6117
3142 3154 6296
3122 3124 6246
3104 3115 6219
3175 3186 6361
3110 3122 6232
3058 3104 6162
3183 3193 6376
3022 3186 6208
3163 3168 6331
3112 3163 6275
3173 3177 6350
3084 3187 6271
3012 3129 6141
3022 3041 6063
3056 3120 6176
3189 3200 6389
3149 3153 6302
3050 3055 6105
3115 3120 6235
3159 3189 6348
3196 3200 6396
3073 3169 6242
3175 3188 6363
3021 3167 6188
3021 3179 6200
3072 3117 6189
3026 3030 6056
3070 3154 6224
3011 3092 6103
3070 3105 6175
3089 3103 6192
3140 3170 6310
3072 3107 6179
3133 3181 6314
3146 3198 6344
3008 3189 6197
3174 3175 6349
3162 3175 6337
3013 3121 6134
3134 3140 6274
3006 3095 6101
3090 3180 6270
3131 3196 6327
3149 3199 6348
3007 3168 6175
3135 3198 6333
3087 3122 6209
3065 3198 6263
3059 3127 6186
3051 3059 6110
3003 3089 6092
3059 3176 6235
3047 3182 6229
3132 3143 6275
3158 3179 6337
3137 3158 6295
3065 3121 6186
3088 3155 6243
3156 3195 6351
3162 3182 6344
3094 3153 6247
3091 3127 6218
3126 3128 6254
3053 3119 6172
3196 3198 6394
3110 3169 6279
3051 3163 6214
3130 3187 6317
3021 3185 6206
3153 3184 6337
3150 3186 6336
3080 3162 6242
3092 3195 6287
3164 3170 6334
3123 3162 6285
3031 3150 6181
3172 3196 6368
3057 3108 6165
3155 3196 6351
3128 3145 6273
3087 3124 6211
3102 3168 6270
3095 3136 6231
3004 3099 6103
3140 3141 6281
3114 3172 6286
3092 3126 6218
3075 3088 6163
3069 3156 6225
3181 3191 6372
3147 3183 6330
3013 3171 6184
3023 3167 6190
3021 3095 6116
3140 3155 6295
3141 3196 6337
3130 3168 6298
3109 3149 6258
3124 3163 6287
3012 3135 6147
3147 3175 6322
3023 3145 6168
3124 3134 6258
3163 3179 6342
3111 3196 6307
3142 3175 6317
3123 3198 6321
3165 3178 6343
3059 3179 6238
3133 3171 6304
3142 3150 6292
3035 3117 6152
3194 3197 6391
3123 3182 6305
3062 3140 6202
3074 3118 6192
3077 3125 6202
3035 3174 6209
3138 3164 6302
3105 3151 6256
3017 3030 6047
3006 3166 6172
3030 3120 6150
3143 3181 6324
3101 3143 6244
3139 3198 6337
3061 3140 6201
3109 3161 6270
3171 3185 6356
3082 3088 6170
3010 3113 6123
3142 3175 6317
3121 3150 6271
3077 3100 6177
3125 3127 6252
3152 3171 6323
3175 3184 6359
3159 3185 6344
3019 3192 6211
3029 3131 6160
3091 3102 6193
3041 3193 6234
3022 3109 6131
3074 3080 6154
3018 3053 6071
3058 3139 6197
3127 3136 6263
3027 3106 6133
3026 3098 6124
3183 3197 6380
3016 3147 6163
3062 3078 6140
3078 3160 6238
3075 3090 6165
3151 3186 6337
3023 3122 6145
3136 3194 6330
3063 3079 6142
3079 3103 6182
3060 3186 6246
3174 3181 6355
3165 3191 6356
3104 3130 6234
3058 3172 6230
3014 3191 6205
3185 3199 6384
3002 3114 6116
3078 3199 6277
3075 3129 6204
3041 3170 6211
3013 3107 6120
3015 3123 6138
3092 3186 6278
3007 3158 6165
3132 3160 6292
3100 3104 6204
3193 3198 6391
3044 3078 6122
3019 3049 6068
3146 3170 6316
3025 3089 6114
3118 3182 6300
3174 3192 6366
3144 3180 6324
3107 3183 6290
3092 3195 6287
3164 3195 6359
3006 3120 6126
3105 3118 6223
3120 3132 6252
3043 3071 6114
3098 3174 6272
3043 3125 6168
3158 3199 6357
3109 3170 6279
3045 3091 6136
3066 3153 6219
3133 3186 6319
3002 3200 6202
3142 3163 6305
3195 3197 6392
3035 3145 6180
3080 3110 6190
3005 3165 6170
3094 3123 6217
3157 3195 6352
3040 3143 6183
3097 3163 6260
3199 3200 6399
3135 3168 6303
3082 3119 6201
3021 3152 6173
3052 3115 6167
3176 3186 6362
3156 3177 6333
3184 3186 6370
3112 3124 6236
3185 3195 6380
3134 3159 6293
3060 3182 6242
3023 3101 6124
3111 3135 6246
3169 3180 6349
3129 3190 6319
3138 3168 6306
3182 3196 6378
3072 3168 6240
3138 3179 6317
3189 3194 6383
3176 3183 6359
3135 3193 6328
3007 3038 6045
3135 3155 6290
3149 3164 6313
3043 3143 6186
3020 3166 6186
3194 3199 6393
3133 3195 6328
3138 3170 6308
3018 3118 6136
3106 3154 6260
3052 3161 6213
3172 3188 6360
3197 3198 6395
3019 3041 6060
3069 3146 6215
3065 3141 6206
3077 3107 6184
3021 3143 6164
3170 3173 6343
3108 3158 6266
3000 3155 6155
3075 3097 6172
3074 3131 6205
3128 3172 6300
3183 3200 6383
3172 3173 6345
3179 3200 6379
3154 3170 6324
3087 3169 6256
3096 3154 6250
3009 3135 6144
3199 3200 6399
3106 3125 6231
3120 3129 6249
3112 3121 6233
3135 3173 6308
3039 3140 6179
3127 3136 6263
3142 3175 6317
3113 3184 6297
3183 3197 6380
3068 3105 6173
3100 3111 6211
3184 3193 6377
3129 3146 6275
3172 3177 6349
3013 3059 6072
3102 3161 6263
3024 3058 6082
3083 3118 6201
3191 3200 6391
3008 3046 6054
3194 3197 6391
3011 3081 6092
3194 3199 6393
3026 3080 6106
3196 3199 6395
3176 3183 6359
3087 3092 6179
3195 3198 6393
3124 3177 6301
3171 3188 6359
3138 3181 6319
3059 3077 6136
3167 3196 6363
3052 3104 6156
3178 3195 6373
3004 3073 6077
3115 3186 6301
3165 3168 6333
3104 3148 6252
3151 3159 6310
3039 3132 6171
3197 3199 6396
3109 3127 6236
3000 3001 6001
3194 3197 6391
3033 3127 6160
3033 3195 6228
3027 3071 6098
3016 3118 6134
3065 3128 6193
3048 3079 6127
3136 3139 6275
3091 3191 6282
3089 3171 6260
3023 3078 6101
3125 3127 6252
3033 3131 6164
3103 3119 6222
3096 3142 6238
3043 3187 6230
3098 3141 6239
3132 3180 6312
3074 3144 6218
3075 3088 6163
3117 3169 6286
3198 3199 6397
3124 3133 6257
3138 3168 6306
3059 3104 6163
3085 3151 6236
3010 3050 6060
3194 3197 6391
3035 3101 6136
3051 3150 6201
3001 3089 6090
3106 3177 6283
3111 3126 6237
3121 3157 6278
3159 3182 6341
3032 3106 6138
3150 3181 6331
3087 3112 6199
3062 3180 6242
3069 3120 6189
3155 3188 6343
3004 3057 6061
3194 3197 6391
3050 3120 6170
3062 3089 6151
3023 3060 6083
3160 3192 6352
3026 3097 6123
3073 3097 6170
3005 3048 6053
3169 3196 6365
3199 3200 6399
3085 3127 6212
3035 3119 6154
3086 3138 6224
3104 3197 6301
3189 3199 6388
3030 3187 6217
3030 3163 6193
3083 3166 6249
3186 3190 6376
3080 3109 6189
3022 3197 6219
3103 3188 6291
3089 3157 6246
3061 3157 6218
3064 3131 6195
3165 3180 6345
3018 3169 6187
3158 3183 6341
3015 3114 6129
3167 3168 6335
3097 3169 6266
3117 3170 6287
3073 3166 6239
3089 3199 6288
3042 3079 6121
3130 3156 6286
3149 3158 6307
3151 3184 6335
3160 3191 6351
3013 3154 6167
3015 3039 6054
3078 3122 6200
3062 3082 6144
3165 3169 6334
3057 3162 6219
3152 3174 6326
3145 3188 6333
3080 3131 6211
3067 3195 6262
3017 3197 6214
3173 3191 6364
3051 3197 6248
3142 3158 6300
3103 3167 6270
3079 3163 6242
3147 3167 6314
3029 3105 6134
3137 3151 6288
3147 3199 6346
3005 3083 6088
3076 3113 6189
3030 3067 6097
3182 3190 6372
3195 3200 6395
3174 3192 6366
3121 3174 6295
3174 3191 6365
3000 3090 6090
3065 3189 6254
3099 3159 6258
3024 3125 6149
3189 3196 6385
3180 3190 6370
3058 3133 6191
3009 3083 6092
3075 3181 6256
3019 3153 6172
3136 3139 6275
3112 3169 6281
3187 3195 6382
3137 3153 6290
3062 3176 6238
3108 3116 6224
3021 3028 6049
3152 3154 6306
3161 3171 6332
3018 3029 6047
3046 3138 6184
3004 3156 6160
3157 3176 6333
3193 3197 6390
3173 3193 6366
3110 3117 6227
3106 3111 6217
3185 3196 6381
3006 3110 6116
3079 3098 6177
3060 3163 6223
3049 3171 6220
3063 3142 6205
3027 3049 6076
3070 3115 6185
3072 3160 6232
3195 3199 6394
3136 3138 6274
3073 3120 6193
3013 3118 6131
3038 3079 6117
3182 3184 6366
3161 3186 6347
3026 3069 6095
3072 3095 6167
3128 3188 6316
3072 3145 6217
3134 3179 6313
3061 3180 6241
3003 3169 6172
3047 3053 6100
3026 3143 6169
3123 3162 6285
3055 3062 6117
3162 3191 6353
3181 3187 6368
3164 3199 6363
3068 3169 6237
3186 3198 6384
3067 3084 6151
3191 3200 6391
3182 3198 6380
3040 3169 6209
3164 3167 6331
3105 3198 6303
3114 3126 6240
3168 3172 6340
3065 3184 6249
3169 3176 6345
3099 3155 6254
3124 3175 6299
3035 3100 6135
3181 3199 6380
3072 3146 6218
3106 3200 6306
3038 3084 6122
3126 3131 6257
3136 3181 6317
3001 3090 6091
3163 3177 6340
3067 3197 6264
3105 3145 6250
3039 3076 6115
3102 3145 6247
3148 3175 6323
3181 3197 6378
3077 3180 6257
3167 3199 6366
3196 3197 6393
3125 3156 6281
3039 3067 6106
3036 3182 6218
3156 3170 6326
3081 3106 6187
3062 3165 6227
3078 3087 6165
3198 3199 6397
3032 3033 6065
3145 3177 6322
3178 3185 6363
3183 3187 6370
3157 3172 6329
3171 3173 6344
3027 3095 6122
3016 3076 6092
3115 3123 6238
3165 3179 6344
3149 3183 6332
3110 3141 6251
3130 3179 6309
3127 3137 6264
3037 3069 6106
3151 3166 6317
3089 3184 6273
3162 3174 6336
3094 3166 6260
3128 3157 6285
3189 3196 6385
3129 3192 6321
3007 3152 6159
3045 3123 6168
3051 3127 6178
3081 3089 6170
3051 3099 6150
3016 3035 6051
3082 3152 6234
3054 3150 6204
3016 3159 6175
3028 3190 6218
3172 3197 6369
3032 3049 6081
3004 3025 6029
3044 3047 6091
3038 3136 6174
3102 3128 6230
3044 3045 6089
3175 3192 6367
3022 3157 6179
3040 3123 6163
3006 3099 6105
3151 3182 6333
3020 3051 6071
3058 3083 6141
3097 3172 6269
3050 3062 6112
3043 3167 6210
3184 3188 6372
3172 3189 6361
3175 3194 6369
3097 3160 6257
3005 3029 6034
3083 3137 6220
3133 3173 6306
3132 3171 6303
3104 3112 6216
3153 3173 6326
3016 3076 6092
3000 3035 6035
3104 3125 6229
3169 3181 6350
3109 3137 6246
3086 3154 6240
3070 3120 6190
3046 3190 6236
3032 3158 6190
3015 3033 6048
3068 3155 6223
3006 3064 6070
3115 3116 6231
3128 3132 6260
3181 3196 6377
3074 3114 6188
3017 3140 6157
3055 3132 6187
3132 3148 6280
3186 3197 6383
3147 3164 6311
3047 3077 6124
3153 3180 6333
3013 3154 6167
3034 3126 6160
3096 3104 6200
3016 3134 6150
3054 3096 6150
3142 3143 6285
3122 3176 6298
3012 3079 6091
3061 3199 6260
3110 3161 6271
3155 3194 6349
3196 3197 6393
3194 3195 6389
3169 3193 6362
3150 3180 6330
3011 3102 6113
3130 3198 6328
3027 3054 6081
3062 3072 6134
3014 3195 6209
3099 3108 6207
3171 3195 6366
3195 3198 6393
3146 3168 6314
3001 3080 6081
3012 3187 6199
3164 3193 6357
3180 3192 6372
3005 3025 6030
3019 3157 6176
3005 3050 6055
3092 3101 6193
3116 3173 6289
3088 3196 6284
3114 3199 6313
3075 3140 6215
3134 3170 6304
3103 3196 6299
3156 3161 6317
3020 3193 6213
3016 3129 6145
3185 3193 6378
3043 3097 6140
3041 3198 6239
3147 3169 6316
3158 3162 6320
3028 3110 6138
3087 3093 6180
3157 3196 6353
3014 3043 6057
3196 3199 6395
3012 3199 6211
3040 3129 6169
3104 3151 6255
3006 3186 6192
3008 3105 6113
3082 3120 6202
3009 3027 6036
3041 3067 6108
3193 3194 6387
3165 3181 6346
3088 3107 6195
3045 3187 6232
3074 3080 6154
3159 3187 6346
3057 3170 6227
3191 3199 6390
3182 3194 6376
3043 3197 6240
3137 3197 6334
3066 3200 6266
3057 3121 6178
3137 3193 6330
3065 3117 6182
3032 3101 6133
3080 3136 6216
3115 3158 6273
3014 3155 6169
3145 3182 6327
3106 3115 6221
3081 3100 6181
3080 3141 6221
3178 3193 6371
3198 3200 6398
3080 3143 6223
3024 3175 6199
3137 3191 6328
3014 3146 6160
3029 3125 6154
3015 3199 6214
3096 3186 6282
3060 3152 6212
3032 3136 6168
3036 3150 6186
3151 3174 6325
3148 3196 6344
3102 3109 6211
3030 3066 6096
3071 3090 6161
3105 3136 6241
3062 3151 6213
3147 3197 6344
3036 3146 6182
3059 3080 6139
3193 3197 6390
3079 3180 6259
3098 3124 6222
3081 3200 6281
3019 3056 6075
3024 3159 6183
3147 3175 6322
3124 3170 6294
3006 3043 6049
3017 3103 6120
3006 3116 6122
3100 3169 6269
3169 3186 6355
3197 3199 6396
3052 3167 6219
3094 3160 6254
3036 3076 6112
3078 3156 6234
3039 3172 6211
3029 3137 6166
3078 3113 6191
3063 3147 6210
3068 3086 6154
3135 3174 6309
3090 3169 6259
3166 3180 6346
3074 3174 6248
3004 3097 6101
3007 3125 6132
3125 3168 6293
3178 3187 6365
3146 3193 6339
3103 3140 6243
3122 3132 6254
3025 3164 6189
3172 3178 6350
3010 3093 6103
3165 3171 6336
3003 3195 6198
3036 3072 6108
3083 3124 6207
3186 3196 6382
3018 3075 6093
3109 3116 6225
3051 3164 6215
3143 3190 6333
3175 3177 6352
3086 3099 6185
3076 3191 6267
3047 3066 6113
3192 3194 6386
3076 3150 6226
3072 3111 6183
3119 3176 6295
3058 3147 6205
3078 3189 6267
3083 3161 6244
3193 3195 6388
3160 3186 6346
3030 3126 6156
3093 3157 6250
3015 3149 6164
3028 3187 6215
3142 3169 6311
3100 3157 6257
3130 3136 6266
3037 3172 6209
3113 3128 6241
3041 3056 6097
3131 3141 6272
3178 3193 6371
3123 3186 6309
3145 3147 6292
3049 3176 6225
3197 3198 6395
3011 3178 6189
3111 3121 6232
3164 3199 6363
3018 3165 6183
3175 3189 6364
3112 3173 6285
3105 3151 6256
3082 3138 6220
3008 3139 6147
3014 3093 6107
3078 3103 6181
3146 3172 6318
3024 3066 6090
3120 3191 6311
3144 3178 6322
3129 3151 6280
3104 3108 6212
3065 3200 6265
3018 3184 6202
3042 3131 6173
3191 3199 6390
3136 3191 6327
3072 3101 6173
3166 3196 6362
3087 3158 6245
3096 3140 6236
3141 3187 6328
3054 3092 6146
3137 3169 6306
3008 3042 6050
3041 3157 6198
3127 3132 6259
3052 3101 6153
3093 3153 6246
3054 3083 6137
3085 3099 6184
3121 3143 6264
3181 3184 6365
3108 3170 6278
3044 3050 6094
3090 3101 6191
3103 3183 6286
3131 3187 6318
3149 3187 6336
3132 3136 6268
3026 3058 6084
3153 3195 6348
3190 3192 6382
3034 3121 6155
3003 3032 6035
3181 3189 6370
3173 3174 6347
3172 3176 6348
3106 3167 6273
3187 3200 6387
3117 3169 6286
3111 3197 6308
3190 3195 6385
3160 3194 6354
3176 3189 6365
3078 3192 6270
3135 3181 6316
3063 3179 6242
3071 3097 6168
3041 3193 6234
3108 3157 6265
3020 3131 6151
3073 3089 6162

4019 4096 8093
4167 4184 8322
4050 4123 8167
4008 4156 8134
4051 4162 8211
4188 4195 8361
4049 4092 8116
4137 4170 8270
4092 4195 8260
4172 4194 8360
4149 4170 8304
4134 4176 8289
4074 4119 8168
4111 4112 8217
4097 4188 8282
4069 4172 8209
4095 4112 8180
4002 4015 8007
4124 4177 8298
4087 4159 8237
4185 4187 8349
4187 4196 8347
4152 4167 8298
4174 4195 8337
4085 4128 8186
4006 4117 8086
4039 4042 8057
4115 4124 8203
4125 4198 8297
4104 4159 8239
4102 4121 8184
4092 4173 8243
4177 4189 8365
4172 4173 8324
4119 4198 8306
4029 4111 8102
4060 4094 8128
4069 4088 8121
4017 4187 8188
4078 4166 8239
4038 4165 8188
4139 4181 8283
4106 4152 8248
4190 4200 8353
4186 4192 8354
4080 4146 8220
4063 4179 8226
4094 4184 8267
4048 4183 8201
4028 4187 8190
4114 4182 8290
4160 4193 8337
4070 4071 8131
4047 4140 8157
4189 4200 8362
4073 4187 8238
4145 4178 8313
4087 4122 8207
4174 4190 8329
4124 4144 8250
4178 4180 8321
4019 4132 8117
4036 4094 8094
4168 4187 8343
4110 4176 8278
4174 4180 8335
4040 4055 8087
4061 4123 8154
4109 4151 8249
4135 4164 8293
4006 4156 8139
4010 4153 8147
4112 4158 8248
4064 4096 8125
4197 4200 8392
4026 4127 8147
4020 4160 8147
4173 4188 8360
4013 4164 8144
4152 4160 8283
4140 4198 8317
4056 4190 8235
4161 4169 8297
4183 4190 8352
4077 4196 8240
4130 4150 8249
4197 4200 8383
4047 4186 8224
4083 4134 8206
4099 4180 8262
4144 4162 8286
4069 4181 8216
4004 4129 8131
4021 4143 8153
4029 4119 8137
4018 4074 8061
4018 4072 8089
4133 4192 8310
4046 4131 8173
4062 4193 8245
4030 4112 8104
4124 4173 8280
4002 4072 8056
4029 4097 8108
4043 4086 8105
4005 4140 8137
4008 4135 8135
4162 4194 8332
4104 4161 8235
4039 4098 8111
4147 4166 8287
4010 4150 8139
4194 4196 8375
4196 4198 8371
4097 4114 8201
4092 4190 8255
4121 4147 8250
4083 4087 8140
4150 4183 8310
4096 4165 8254
4137 4193 8314
4035 4094 8122
4022 4066 8057
4101 4132 8203
4195 4196 8363
4152 4153 8284
4130 4141 8254
4031 4148 8161
4044 4047 8073
4178 4181 8348
4074 4159 8225
4017 4093 8091
4086 4100 8149
4195 4199 8382
4043 4142 8168
4038 4042 8050
4142 4148 8256
4153 4174 8300
4098 4171 8263
4013 4066 8056
4029 4070 8071
4077 4117 8172
4194 4198 8387
4150 4179 8317
4178 4193 8363
4099 4161 8245
4130 4159 8275
4191 4197 8365
4016 4032 8010
4010 4041 8031
4090 4130 8199
4132 4160 8264
4059 4170 8206
4021 4051 8060
4086 4103 8187
4134 4143 8259
4144 4156 8267
4003 4061 8037
4044 4191 8220
4178 4193 8353
4053 4196 8244
4076 4104 8170
4066 4124 8175
4109 4184 8286
4174 4196 8358
4092 4173 8243
4163 4184 8314
4190 4192 8370
4041 4164 8179
4173 4177 8320
4035 4043 8048
4189 4194 8376
4188 4190 8343
4007 4197 8186
4000 4097 8075
4026 4069 8064
4181 4196 8338
4178 4182 8344
4172 4189 8341
4008 4085 8082
4138 4173 8280
4095 4194 8287
4072 4154 8212
4043 4046 8088
4122 4134 8226
4092 4199 8257
4090 4147 8208
4006 4079 8069
4179 4186 8338
4190 4199 8384
4065 4115 8144
4138 4174 8296
4020 4180 8176
4163 4178 8307
4008 4082 8074
4116 4156 8260
4021 4101 8085
4080 4092 8150
4049 4189 8208
4013 4032 8014
4182 4187 8337
4095 4106 8172
4123 4151 8268
4160 4165 8299
4005 4097 8099
4069 4193 8252
4143 4148 8275
4111 4199 8283
4171 4183 8336
4091 4114 8180
4079 4176 8232
4166 4192 8334
4136 4160 8285
4083 4146 8201
4015 4033 8028
4132 4161 8281
4141 4167 8290
4045 4096 8139
4128 4148 8267
4086 4155 8233
4019 4089 8086
4146 4186 8314
4179 4192 8345
4102 4170 8269
4106 4190 8270
4144 4150 8285
4058 4173 8206
4140 4150 8283
4124 4190 8304
4142 4200 8323
4013 4185 8173
4115 4138 8250
4058 4087 8127
4089 4169 8251
4146 4158 8289
4159 4193 8348
4135 4149 8245
4024 4160 8148
4149 4165 8312
4149 4190 8310
4099 4108 8194
4061 4135 8170
4115 4175 8271
4050 4058 8097
4018 4135 8123
4133 4157 8253
4161 4192 8343
4144 4175 8289
4054 4068 8116
4018 4193 8207
4002 4055 8026
4070 4200 8232
4089 4105 8181
4190 4195 8384
4128 4179 8287
4007 4018 8002
4087 4200 8267
4193 4196 8354
4082 4156 8217
4014 4050 8027
4106 4132 8221
4150 4156 8291
4158 4168 8314
4080 4083 8131
4112 4129 8226
4195 4196 8379
4193 4196 8355
4146 4187 8304
4034 4110 8112
4119 4186 8276
4012 4068 8059
4035 4165 8195
4166 4182 8328
4113 4143 8220
4080 4086 8143
4140 4190 8313
4159 4200 8324
4158 4171 8315
4141 4143 8283
4071 4151 8189
4074 4076 8149
4018 4131 8138
4055 4199 8242
4118 4163 8260
4076 4114 8168
4162 4186 8311
4082 4136 8210
4101 4173 8264
4186 4189 8355
4025 4030 8039
4119 4124 8241
4034 4091 8087
4128 4142 8245
4161 4168 8309
4046 4181 8189
4171 4179 8330
4134 4164 8266
4020 4119 8107
4190 4195 8356
4176 4192 8363
4191 4200 8384
4019 4184 8201
4107 4186 8257
4171 4195 8353
4019 4076 8073
4046 4168 8202
4086 4139 8202
4180 4189 8335
4136 4183 8305
4092 4103 8168
4043 4073 8091
4081 4131 8194
4067 4109 8175
4021 4042 8054
4167 4189 8335
4045 4143 8167
4101 4154 8252
4055 4076 8114
4096 4174 8261
4144 4183 8325
4011 4050 8041
4053 4079 8103
4017 4116 8111
4088 4166 8230
4014 4066 8047
4118 4156 8270
4028 4118 8129
4198 4199 8380
4196 4197 8376
4108 4174 8272
4042 4077 8103
4067 4172 8236
4158 4198 8322
4011 4094 8075
4169 4194 8335
4107 4118 8196
4123 4192 8280
4092 4138 8226
4150 4160 8289
4138 4163 8278
4188 4190 8343
4122 4150 8270
4083 4102 8161
4022 4049 8035
4049 4129 8164
4076 4114 8158
4130 4139 8252
4037 4129 8151
4083 4166 8234
4148 4175 8319
4185 4197 8368
4040 4087 8103
4052 4180 8211
4095 4156 8237
4095 4097 8154
4191 4198 8373
4019 4108 8102
4117 4171 8264
4144 4170 8313
4111 4159 8266
4123 4146 8237
4075 4090 8147
4094 4193 8266
4129 4138 8240
4054 4165 8186
4199 4200 8363
4096 4180 8270
4100 4138 8211
4094 4102 8190
4155 4197 8326
4062 4105 8155
4109 4128 8210
4156 4171 8324
4189 4195 8365
4029 4135 8136
4085 4120 8183
4116 4174 8275
4030 4117 8116
4007 4167 8162
4100 4133 8224
4007 4105 8094
4073 4199 8254
4023 4198 8214
4068 4172 8239
4178 4181 8348
4174 4199 8356
4051 4118 8160
4025 4029 8025
4167 4195 8338
4143 4188 8316
4163 4180 8331
4143 4161 8302
4051 4157 8188
4106 4141 8225
4160 4196 8341
4003 4007 8004
4064 4083 8139
4143 4200 8342
4071 4135 8197
4158 4163 8282
4091 4190 8271
4140 4170 8307
4056 4169 8205
4191 4194 8367
4143 4148 8255
4183 4200 8369
4009 4056 8039
4040 4065 8069
4179 4186 8363
4003 4081 8082
4072 4151 8187
4171 4190 8333
4025 4186 8194
4182 4186 8364
4137 4182 8302
4094 4171 8251
4144 4173 8307
4178 4191 8334
4052 4056 8086
4060 4113 8141
4180 4194 8361
4162 4192 8337
4171 4176 8339
4069 4166 8209
4099 4174 8245
4088 4109 8181
4002 4150 8145
4057 4177 8210
4171 4172 8326
4188 4197 8373
4166 4174 8319
4161 4185 8328
4194 4196 8376
4190 4197 8353
4002 4102 8086
4134 4149 8270
4054 4095 8112
4087 4149 8205
4176 4198 8354
4037 4048 8052
4166 4185 8332
4052 4190 8206
4100 4156 8252
4050 4076 8088
4152 4157 8283
4148 4177 8303
4015 4053 8036
4084 4155 8236
4052 4198 8219
4004 4054 8022
4042 4082 8106
4033 4167 8190
4143 4192 8306
4001 4150 8128
4049 4096 8115
4043 4134 8152
4172 4184 8353
4045 4178 8217
4082 4141 8202
4019 4165 8158
4024 4075 8077
4133 4192 8301
4149 4155 8268
4004 4085 8066
4164 4190 8328
4185 4189 8366
4150 4178 8327
4155 4176 8307
4193 4199 8373
4197 4199 8380
4104 4117 8197
4133 4150 8253
4054 4068 8102
4168 4188 8320
4180 4187 8333
4128 4135 8237
4037 4179 8199
4162 4177 8315
4169 4195 8337
4159 4165 8302
4054 4071 8109
4115 4143 8247
4037 4083 8115
4040 4103 8119
4043 4171 8192
4033 4141 8154
4069 4089 8150
4031 4134 8146
4085 4194 8250
4105 4188 8275
4042 4195 8199
4080 4135 8189
4070 4190 8253
4162 4165 8300
4076 4187 8225
4160 4171 8294
4009 4195 8183
4006 4176 8147
4050 4099 8137
4029 4032 8058
4127 4153 8253
4002 4028 8016
4058 4135 8169
4199 4200 8376
4171 4184 8321
4047 4138 8168
4102 4197 8260
4095 4138 8216
4127 4164 8263
4169 4177 8330
4199 4200 8366
4078 4160 8205
4183 4193 8360
4111 4199 8274
4062 4169 8230
4136 4179 8302
4030 4176 8171
4188 4189 8351
4160 4199 8349
4042 4073 8083
4007 4190 8174
4197 4198 8356
4128 4165 8263
4025 4163 8167
4158 4171 8325
4148 4168 8310
4091 4168 8244
4013 4079 8062
4088 4115 8189
4172 4196 8359
4000 4114 8096
4030 4120 8129
4056 4100 8139
4005 4080 8061
4199 4200 8368
4053 4177 8222
4188 4196 8371
4122 4160 8258
4035 4137 8139
4101 4104 8194
4135 4171 8303
4000 4122 8116
4129 4173 8274
4083 4135 8196
4191 4192 8381
4129 4192 8292
4147 4175 8313
4011 4143 8122
4088 4147 8205
4113 4133 8231
4072 4094 8151
4164 4168 8330
4122 4178 8292
4089 4152 8208
4062 4174 8222
4071 4105 8142
4168 4184 8347
4146 4165 8299
4003 4048 8032
4091 4187 8244
4074 4150 8217
4171 4194 8360
4199 4200 8368
4124 4190 8303
4150 4163 8279
4198 4199 8390
4037 4164 8183
4021 4094 8096
4066 4179 8217
4191 4200 8387
4019 4180 8179
4155 4199 8343
4108 4171 8251
4039 4093 8119
4112 4194 8282
4188 4200 8355
4173 4198 8361
4176 4200 8344
4165 4167 8306
4175 4197 8366
4002 4164 8143
4112 4192 8284
4015 4146 8125
4165 4176 8337
4157 4195 8351
4051 4084 8122
4171 4181 8325
4087 4119 8176
4075 4126 8172
4004 4033 8033
4034 4087 8114
4002 4013 7992
4159 4168 8307
4028 4038 8053
4159 4188 8333
4104 4168 8250
4038 4111 8146
4062 4102 8136
4046 4090 8130
4177 4198 8343
4140 4176 8289
4065 4079 8115
4071 4103 8165
4097 4181 8265
4055 4163 8180
4190 4191 8370
4050 4073 8104
4026 4182 8194
4145 4158 8298
4028 4154 8163
4029 4144 8141
4005 4136 8123
4084 4125 8203
4074 4188 8256
4123 4167 8281
4189 4194 8356
4128 4130 8244
4021 4033 8044
4023 4195 8183
4116 4149 8246
4192 4194 8367
4082 4127 8204
4073 4169 8226
4162 4189 8328
4046 4057 8070
4006 4172 8162
4160 4181 8334
4162 4178 8316
4187 4190 8364
4091 4171 8226
4120 4143 8259
4135 4183 8314
4035 4082 8097
4013 4067 8048
4045 4074 8105
4063 4175 8235
4087 4131 8190
4046 4093 8107
4144 4161 8277
4101 4144 8242
4037 4146 8175
4166 4172 8299
4025 4179 8193
4005 4059 8056
4117 4193 8284
4038 4056 8088
4054 4095 8112
4091 4102 8180
4132 4198 8314
4078 4183 8237
4162 4173 8334
4085 4194 8255
4094 4135 8205
4101 4199 8261
4128 4152 8265
4002 4164 8159
4055 4142 8159
4001 4098 8069
4026 4164 8171
4114 4115 8218
4059 4071 8115
4040 4177 8204
4013 4033 8019
4023 4122 8134
4086 4089 8157
4149 4180 8316
4070 4077 8109
4044 4079 8114
4013 4169 8167
4014 4099 8088
4147 4199 8336
4101 4110 8210
4126 4143 8242
4005 4089 8073
4114 4125 8217
4039 4056 8073
4077 4194 8262
4133 4197 8299
4054 4189 8215
4104 4174 8274
4081 4099 8169
4199 4200 8364
4036 4181 8186
4089 4200 8283
4190 4194 8359
4197 4199 8394
4000 4002 7991
4195 4200 8378
4091 4123 8200
4182 4192 8341
4157 4191 8311
4040 4061 8085
4182 4193 8358
4178 4186 8338
4099 4142 8217
4019 4199 8191
4182 4185 8354
4120 4125 8210
4019 4034 8025
4001 4097 8080
4041 4199 8231
4126 4200 8304
4169 4199 8340
4154 4193 8310
4175 4195 8345
4129 4130 8227
4097 4113 8209
4034 4079 8076
4014 4095 8097
4173 4192 8348
4197 4200 8365
4044 4080 8114
4134 4197 8294
4134 4185 8318
4037 4120 8121
4113 4193 8304
4087 4185 8263
4192 4198 8375
4111 4150 8238
4029 4194 8210
4074 4109 8152
4083 4195 8262
4089 4095 8157
4179 4190 8354
4085 4197 8272
4131 4144 8248
4148 4196 8331
4001 4124 8103
4123 4176 8280
4143 4197 8310
4067 4138 8170
4150 4151 8294
4178 4191 8339
4167 4181 8325
4116 4192 8305
4003 4146 8121
4126 4140 8231
4130 4195 8291
4117 4124 8219
4111 4184 8275
4102 4196 8274
4160 4189 8322
4010 4031 8035
4031 4115 8132
4068 4116 8173
4101 4172 8266
4197 4198 8380
4109 4112 8200
4026 4032 8046
4096 4161 8224
4143 4170 8296
4168 4176 8335
4035 4181 8187
4083 4166 8228
4134 4142 8270
4100 4164 8229
4096 4117 8177
4042 4109 8135
4151 4172 8298
4171 4181 8320
4092 4123 8183
4104 4105 8199
4165 4181 8344
4139 4159 8263
4097 4186 8253
4104 4130 8200
4178 4179 8355
4001 4044 8015
4003 4067 8046
4065 4192 8244
4053 4163 8212
4086 4173 8250
4085 4146 8198
4046 4136 8178
4149 4166 8283
4137 4159 8293
4075 4159 8197
4092 4172 8236
4052 4134 8159
4021 4084 8101
4111 4150 8237
4140 4159 8289
4135 4157 8254
4052 4063 8106
4159 4189 8340
4155 4172 8321
4012 4102 8087
4099 4151 8244
4006 4157 8160
4008 4011 7990
4188 4198 8385
4167 4200 8365
4057 4156 8201
4029 4077 8075
4075 4158 8200
4176 4177 8323
4101 4114 8185
4161 4188 8341
4141 4149 8282
4012 4101 8088
4183 4193 8362
4197 4199 8388
4099 4100 8198
4103 4104 8205
4172 4180 8335
4005 4119 8107
4022 4169 8161
4137 4148 8266
4129 4141 8247
4194 4197 8371
4050 4184 8205
4185 4195 8345
4013 4024 8031
4140 4176 8285
4046 4117 8140
4136 4141 8239
4045 4123 8136
4181 4198 8361
4051 4169 8184
4104 4150 8243
4040 4079 8118
4011 4172 8165
4099 4180 8257
4174 4183 8325
4100 4125 8215
4078 4184 8248
4028 4040 8039
4029 4144 8138
4095 4134 8218
4115 4153 8257
4044 4157 8175
4012 4148 8138
4090 4099 8175
4023 4097 8117
4150 4196 8315
4034 4141 8143
4170 4183 8315
4199 4200 8398
4165 4188 8334
4161 4185 8344
4153 4155 8280
4039 4131 8158
4144 4164 8299
4168 4182 8349
4069 4111 8167
4065 4170 8229
4134 4180 8312
4117 4161 8259
4174 4196 8365
4144 4169 8296
4052 4069 8097
4131 4183 8285
4189 4192 8345
4125 4128 8245
4148 4195 8304
4023 4024 8030
4050 4121 8146
4145 4183 8290
4096 4153 8237
4161 4189 8324
4182 4196 8369
4061 4144 8183
4087 4105 8170
4089 4121 8179
4027 4185 8210
4046 4104 8149
4078 4147 8194
4047 4080 8121
4120 4191 8307
4107 4120 8205
4002 4004 7992
4175 4190 8361
4153 4194 8322
4123 4150 8238
4060 4155 8193
4068 4127 8188
4014 4132 8145
4170 4198 8361
4006 4095 8066
4107 4153 8254
4010 4087 8060
4028 4058 8050
4053 4188 8238
4163 4172 8297
4110 4119 8214
4038 4108 8128
4087 4162 8246
4124 4154 8258
4158 4163 8310
4032 4083 8081
4094 4099 8170
4101 4112 8193
4163 4167 8306
4047 4163 8181
4189 4195 8363
4042 4121 8160
4051 4180 8215
4002 4006 8007
4027 4072 8079
4069 4092 8155
4094 4185 8262
4162 4165 8301
4181 4184 8333
4060 4162 8213
4018 4132 8126
4015 4016 8025
4032 4078 8100
4139 4177 8311
4017 4079 8075
4032 4102 8133
4062 4084 8119
4194 4200 8367
4032 4107 8131
4194 4200 8363
4071 4168 8233
4041 4143 8178
4090 4142 8195
4125 4157 8249
4028 4127 8135
4195 4200 8363
4014 4196 8185
4107 4121 8223
4144 4159 8281
4033 4153 8173
4006 4062 8041
4009 4039 8023
4000 4133 8121
4080 4122 8196
4129 4149 8253
4067 4122 8173
4149 4151 8298
4157 4169 8297
4195 4196 8371
4083 4122 8175
4078 4154 8229
4143 4168 8289
4115 4131 8218
4018 4039 8035
4002 4175 8158
4197 4200 8371
4109 4118 8200
4145 4176 8310
4030 4181 8181
4010 4021 8019
4168 4190 8333
4097 4168 8260
4163 4185 8324
4005 4197 8187
4050 4181 8215
4018 4183 8163
4107 4123 8219
4069 4072 8130
4066 4155 8193
4176 4200 8343
4173 4196 8339
4109 4114 8185
4110 4150 8242
4004 4188 8164
4055 4104 8138
4027 4132 8124
4118 4185 8290
4018 4189 8195
4004 4194 8189
4031 4163 8193
4096 4126 8185
4110 4158 8242
4021 4093 8113
4162 4190 8318
4165 4189 8346
4108 4115 8215
4020 4102 8084
4092 4152 8210
4059 4089 8137
4159 4193 8346
4190 4191 8358
4130 4162 8284
4027 4145 8150
4002 4100 8089
4192 4195 8373
4151 4159 8278
4110 4161 8270
4029 4199 8195
4181 4188 8342
4154 4162 8306
4075 4119 8166
4049 4178 8190
4054 4137 8179
4168 4175 8314
4140 4194 8302
4071 4139 8175
4082 4114 8166
4147 4198 8325
4049 4117 8161
4102 4113 8214
4192 4198 8386
4067 4128 8190
4164 4193 8352
4036 4080 8078
4099 4177 8250
4163 4187 8311

0.010000 0.350000
