1000
3542259
3174 3179 6353
3198 3200 6398
3170 3191 6361
3197 3199 6396
3130 3134 6264
3092 3121 6213
3106 3200 6306
3084 3122 6206
3162 3188 6350
3134 3152 6286
3131 3147 6278
3165 3195 6360
3035 3078 6113
3131 3172 6303
3079 3133 6212
3012 3174 6186
3034 3087 6121
3159 3191 6350
3080 3116 6196
3191 3194 6385
3094 3159 6253
3153 3157 6310
3049 3058 6107
3021 3138 6159
3054 3196 6250
3085 3182 6267
3067 3087 6154
3107 3179 6286
3076 3129 6205
3018 3077 6095
3101 3120 6221
3002 3033 6035
3018 3082 6100
3046 3097 6143
3055 3147 6202
3157 3171 6328
3020 3187 6207
3136 3169 6305
3120 3121 6241
3089 3163 6252
3069 3197 6266
3062 3182 6244
3166 3195 6361
3084 3121 6205
3142 3184 6326
3072 3120 6192
3045 3163 6208
3083 3125 6208
3108 3156 6264
3004 3165 6169
3180 3181 6361
3198 3199 6397
3032 3192 6224
3035 3068 6103
3012 3124 6136
3047 3182 6229
3101 3145 6246
3083 3174 6257
3033 3187 6220
3147 3148 6295
3061 3149 6210
3174 3192 6366
3117 3132 6249
3079 3084 6163
3052 3054 6106
3042 3073 6115
3051 3181 6232
3078 3123 6201
3129 3185 6314
3017 3077 6094
3193 3198 6391
3009 3123 6132
3001 3114 6115
3132 3169 6301
3097 3155 6252
3007 3142 6149
3062 3119 6181
3140 3187 6327
3169 3182 6351
3119 3197 6316
3152 3159 6311
3064 3073 6137
3065 3157 6222
3172 3194 6366
3194 3200 6394
3085 3140 6225
3125 3181 6306
3039 3182 6221
3095 3148 6243
3050 3062 6112
3155 3161 6316
3083 3167 6250
3014 3175 6189
3059 3196 6255
3055 3146 6201
3028 3129 6157
3036 3042 6078
3137 3153 6290
3092 3187 6279
3041 3176 6217
3177 3195 6372
3143 3157 6300
3037 3168 6205
3084 3171 6255
3028 3073 6101
3039 3061 6100
3053 3157 6210
3151 3194 6345
3075 3130 6205
3182 3191 6373
3099 3127 6226
3160 3198 6358
3173 3180 6353
3076 3190 6266
3185 3196 6381
3055 3180 6235
3138 3145 6283
3088 3173 6261
3006 3105 6111
3063 3105 6168
3142 3193 6335
3083 3105 6188
3058 3185 6243
3011 3031 6042
3136 3185 6321
3051 3070 6121
3050 3145 6195
3059 3123 6182
3089 3126 6215
3116 3158 6274
3100 3197 6297
3055 3181 6236
3163 3179 6342
3073 3100 6173
3069 3147 6216
3034 3052 6086
3152 3174 6326
3016 3018 6034
3048 3143 6191
3090 3191 6281
3036 3069 6105
3166 3198 6364
3089 3102 6191
3054 3174 6228
3109 3117 6226
3104 3156 6260
3171 3192 6363
3017 3031 6048
3105 3193 6298
3075 3160 6235
3070 3155 6225
3022 3043 6065
3168 3197 6365
3046 3144 6190
3181 3184 6365
3187 3192 6379
3139 3177 6316
3174 3199 6373
3142 3190 6332
3059 3110 6169
3133 3172 6305
3162 3196 6358
3018 3133 6151
3182 3184 6366
3032 3095 6127
3048 3124 6172
3040 3124 6164
3115 3119 6234
3099 3134 6233
3022 3026 6048
3116 3134 6250
3057 3118 6175
3146 3158 6304
3173 3176 6349
3029 3150 6179
3026 3132 6158
3054 3121 6175
3115 3125 6240
3039 3192 6231
3184 3191 6375
3175 3196 6371
3095 3169 6264
3038 3075 6113
3196 3200 6396
3102 3130 6232
3098 3162 6260
3052 3188 6240
3156 3186 6342
3079 3085 6164
3068 3118 6186
3172 3178 6350
3084 3177 6261
3174 3185 6359
3124 3195 6319
3143 3182 6325
3112 3176 6288
3105 3138 6243
3123 3137 6260
3038 3174 6212
3128 3141 6269
3126 3141 6267
3154 3166 6320
3145 3174 6319
3076 3172 6248
3086 3150 6236
3035 3076 6111
3079 3128 6207
3034 3108 6142
3137 3145 6282
3141 3198 6339
3198 3199 6397
3174 3180 6354
3011 3157 6168
3044 3054 6098
3133 3134 6267
3032 3118 6150
3127 3168 6295
3168 3170 6338
3152 3200 6352
3116 3174 6290
3091 3108 6199
3020 3066 6086
3019 3192 6211
3069 3125 6194
3021 3089 6110
3049 3061 6110
3186 3187 6373
3123 3154 6277
3084 3182 6266
3003 3178 6181
3119 3122 6241
3175 3181 6356
3048 3160 6208
3004 3196 6200
3110 3177 6287
3196 3199 6395
3110 3182 6292
3063 3200 6263
3101 3176 6277
3183 3190 6373
3142 3193 6335
3047 3144 6191
3071 3165 6236
3025 3162 6187
3087 3170 6257
3137 3152 6289
3179 3198 6377
3196 3199 6395
3061 3076 6137
3015 3060 6075
3048 3138 6186
3196 3197 6393
3089 3168 6257
3134 3163 6297
3195 3200 6395
3088 3195 6283
3073 3169 6242
3186 3197 6383
3083 3199 6282
3185 3194 6379
3177 3181 6358
3175 3198 6373
3148 3186 6334
3106 3166 6272
3147 3174 6321
3131 3159 6290
3003 3006 6009
3119 3135 6254
3122 3126 6248
3154 3158 6312
3097 3149 6246
3186 3199 6385
3085 3200 6285
3161 3164 6325
3035 3167 6202
3171 3193 6364
3017 3060 6077
3167 3196 6363
3040 3055 6095
3183 3198 6381
3110 3183 6293
3096 3147 6243
3060 3092 6152
3013 3147 6160
3063 3128 6191
3131 3142 6273
3052 3159 6211
3188 3196 6384
3028 3044 6072
3110 3153 6263
3091 3179 6270
3089 3181 6270
3178 3186 6364
3176 3188 6364
3020 3172 6192
3071 3102 6173
3093 3161 6254
3159 3184 6343
3104 3109 6213
3006 3161 6167
3036 3062 6098
3019 3194 6213
3066 3155 6221
3057 3058 6115
3109 3140 6249
3178 3189 6367
3088 3131 6219
3067 3191 6258
3098 3172 6270
3045 3131 6176
3149 3172 6321
3169 3180 6349
3116 3142 6258
3138 3162 6300
3028 3177 6205
3037 3084 6121
3150 3175 6325
3147 3170 6317
3079 3156 6235
3058 3103 6161
3140 3177 6317
3070 3149 6219
3081 3091 6172
3154 3194 6348
3086 3092 6178
3190 3198 6388
3136 3177 6313
3000 3023 6023
3191 3193 6384
3114 3150 6264
3182 3196 6378
3146 3153 6299
3042 3094 6136
3083 3094 6177
3049 3174 6223
3158 3164 6322
3151 3186 6337
3059 3064 6123
3048 3101 6149
3056 3184 6240
3138 3181 6319
3132 3168 6300
3009 3075 6084
3035 3110 6145
3141 3165 6306
3062 3123 6185
3113 3136 6249
3070 3098 6168
3030 3068 6098
3197 3200 6397
3132 3155 6287
3192 3199 6391
3099 3125 6224
3074 3083 6157
3181 3187 6368
3022 3039 6061
3148 3188 6336
3120 3174 6294
3166 3173 6339
3027 3046 6073
3169 3199 6368
3049 3069 6118
3188 3199 6387
3146 3199 6345
3045 3050 6095
3090 3098 6188
3189 3199 6388
3120 3123 6243
3179 3180 6359
3132 3172 6304
3019 3057 6076
3044 3093 6137
3120 3137 6257
3067 3179 6246
3157 3169 6326
3003 3053 6056
3145 3146 6291
3124 3144 6268
3194 3200 6394
3198 3199 6397
3094 3163 6257
3018 3126 6144
3137 3176 6313
3127 3174 6301
3047 3114 6161
3065 3167 6232
3039 3112 6151
3124 3146 6270
3053 3196 6249
3079 3088 6167
3153 3160 6313
3194 3198 6392
3051 3148 6199
3087 3196 6283
3162 3181 6343
3173 3188 6361
3157 3165 6322
3063 3094 6157
3062 3074 6136
3182 3187 6369
3185 3199 6384
3188 3189 6377
3191 3193 6384
3158 3197 6355
3110 3117 6227
3011 3068 6079
3135 3195 6330
3034 3151 6185
3154 3158 6312
3011 3017 6028
3072 3199 6271
3167 3190 6357
3080 3125 6205
3089 3096 6185
3192 3199 6391
3039 3055 6094
3160 3196 6356
3052 3118 6170
3088 3133 6221
3148 3174 6322
3073 3127 6200
3002 3198 6200
3070 3078 6148
3084 3172 6256
3124 3199 6323
3114 3168 6282
3065 3162 6227
3053 3156 6209
3074 3091 6165
3042 3185 6227
3116 3167 6283
3026 3093 6119
3193 3199 6392
3083 3179 6262
3142 3193 6335
3182 3192 6374
3114 3191 6305
3036 3194 6230
3121 3165 6286
3064 3138 6202
3014 3161 6175
3012 3094 6106
3129 3193 6322
3080 3157 6237
3138 3143 6281
3043 3139 6182
3096 3169 6265
3112 3150 6262
3176 3196 6372
3106 3182 6288
3015 3153 6168
3142 3169 6311
3119 3153 6272
3002 3169 6171
3199 3200 6399
3153 3194 6347
3070 3171 6241
3018 3037 6055
3007 3010 6017
3001 3147 6148
3164 3194 6358
3085 3138 6223
3040 3070 6110
3171 3200 6371
3019 3147 6166
3042 3178 6220
3199 3200 6399
3124 3150 6274
3053 3188 6241
3029 3128 6157
3099 3150 6249
3174 3199 6373
3007 3163 6170
3142 3172 6314
3176 3188 6364
3065 3082 6147
3125 3157 6282
3160 3182 6342
3153 3160 6313
3139 3141 6280
3126 3184 6310
3004 3059 6063
3060 3116 6176
3042 3067 6109
3017 3181 6198
3142 3168 6310
3123 3131 6254
3033 3184 6217
3095 3182 6277
3048 3164 6212
3023 3027 6050
3153 3187 6340
3010 3036 6046
3093 3125 6218
3185 3193 6378
3081 3108 6189
3142 3182 6324
3089 3102 6191
3083 3142 6225
3016 3034 6050
3023 3077 6100
3063 3140 6203
3083 3182 6265
3178 3184 6362
3035 3036 6071
3154 3193 6347
3034 3141 6175
3138 3157 6295
3081 3116 6197
3103 3127 6230
3036 3114 6150
3150 3199 6349
3033 3169 6202
3113 3156 6269
3016 3171 6187
3176 3187 6363
3005 3058 6063
3135 3151 6286
3026 3181 6207
3028 3070 6098
3072 3132 6204
3123 3137 6260
3030 3162 6192
3109 3116 6225
3174 3178 6352
3157 3199 6356
3143 3147 6290
3156 3173 6329
3067 3090 6157
3175 3189 6364
3193 3199 6392
3083 3128 6211
3000 3003 6003
3025 3073 6098
3131 3181 6312
3102 3122 6224
3003 3096 6099
3199 3200 6399
3185 3193 6378
3107 3128 6235
3054 3192 6246
3048 3110 6158
3120 3200 6320
3187 3191 6378
3154 3188 6342
3074 3132 6206
3130 3164 6294
3128 3171 6299
3196 3197 6393
3077 3092 6169
3133 3139 6272
3082 3184 6266
3065 3081 6146
3061 3128 6189
3166 3181 6347
3085 3175 6260
3126 3153 6279
3011 3164 6175
3075 3158 6233
3108 3197 6305
3130 3149 6279
3189 3198 6387
3153 3183 6336
3035 3110 6145
3039 3154 6193
3115 3172 6287
3099 3188 6287
3144 3165 6309
3038 3052 6090
3158 3162 6320
3124 3163 6287
3004 3200 6204
3107 3195 6302
3156 3186 6342
3117 3156 6273
3160 3192 6352
3137 3194 6331
3023 3042 6065
3067 3188 6255
3043 3143 6186
3150 3188 6338
3007 3065 6072
3002 3020 6022
3083 3200 6283
3033 3058 6091
3107 3153 6260
3158 3195 6353
3129 3193 6322
3115 3185 6300
3039 3061 6100
3044 3140 6184
3185 3193 6378
3195 3198 6393
3082 3152 6234
3172 3179 6351
3113 3180 6293
3038 3105 6143
3087 3121 6208
3145 3199 6344
3178 3182 6360
3198 3200 6398
3014 3103 6117
3139 3189 6328
3021 3104 6125
3009 3012 6021
3139 3146 6285
3044 3105 6149
3191 3199 6390
3158 3198 6356
3127 3173 6300
3177 3191 6368
3119 3186 6305
3107 3186 6293
3021 3157 6178
3196 3199 6395
3023 3194 6217
3066 3092 6158
3144 3151 6295
3151 3192 6343
3073 3195 6268
3004 3190 6194
3042 3110 6152
3018 3121 6139
3179 3191 6370
3118 3153 6271
3007 3122 6129
3112 3164 6276
3078 3149 6227
3107 3131 6238
3107 3152 6259
3103 3194 6297
3051 3116 6167
3169 3187 6356
3112 3155 6267
3135 3173 6308
3134 3173 6307
3080 3113 6193
3020 3063 6083
3020 3148 6168
3175 3200 6375
3088 3187 6275
3155 3187 6342
3070 3138 6208
3045 3154 6199
3179 3195 6374
3160 3174 6334
3112 3200 6312
3102 3126 6228
3114 3122 6236
3017 3049 6066
3040 3130 6170
3109 3191 6300
3067 3072 6139
3004 3040 6044
3134 3159 6293
3154 3171 6325
3018 3037 6055
3147 3164 6311
3023 3167 6190
3080 3094 6174
3167 3200 6367
3055 3144 6199
3172 3193 6365
3082 3182 6264
3096 3163 6259
3100 3117 6217
3167 3171 6338
3183 3199 6382
3048 3055 6103
3072 3120 6192
3197 3200 6397
3112 3180 6292
3096 3153 6249
3138 3186 6324
3001 3101 6102
3070 3077 6147
3029 3135 6164
3080 3163 6243
3152 3179 6331
3128 3162 6290
3186 3188 6374
3073 3146 6219
3145 3161 6306
3021 3077 6098
3086 3119 6205
3156 3164 6320
3199 3200 6399
3183 3193 6376
3176 3192 6368
3151 3162 6313
3105 3123 6228
3096 3189 6285
3186 3196 6382
3100 3165 6265
3121 3137 6258
3001 3143 6144
3091 3180 6271
3121 3196 6317
3147 3153 6300
3096 3112 6208
3121 3194 6315
3087 3132 6219
3136 3173 6309
3145 3155 6300
3143 3175 6318
3045 3077 6122
3051 3065 6116
3064 3134 6198
3162 3190 6352
3188 3191 6379
3123 3176 6299
3150 3153 6303
3122 3137 6259
3190 3192 6382
3002 3147 6149
3049 3172 6221
3158 3167 6325
3010 3190 6200
3189 3194 6383
3144 3159 6303
3000 3095 6095
3003 3010 6013
3149 3193 6342
3127 3142 6269
3139 3157 6296
3154 3183 6337
3125 3196 6321
3143 3167 6310
3154 3159 6313
3120 3178 6298
3139 3152 6291
3090 3153 6243
3147 3154 6301
3136 3194 6330
3132 3172 6304
3092 3171 6263
3083 3115 6198
3003 3079 6082
3083 3110 6193
3157 3191 6348
3162 3199 6361
3005 3069 6074
3130 3169 6299
3190 3194 6384
3121 3193 6314
3176 3191 6367
3004 3073 6077
3090 3096 6186
3123 3162 6285
3000 3157 6157
3049 3139 6188
3159 3164 6323
3162 3180 6342
3046 3121 6167
3027 3130 6157
3164 3173 6337
3020 3157 6177
3080 3191 6271
3192 3198 6390
3116 3196 6312
3085 3174 6259
3040 3054 6094
3096 3160 6256
3075 3090 6165
3125 3159 6284
3171 3194 6365
3113 3167 6280
3008 3188 6196
3068 3188 6256
3013 3045 6058
3049 3089 6138
3068 3105 6173
3157 3172 6329
3003 3070 6073
3020 3036 6056
3146 3182 6328
3049 3171 6220
3008 3012 6020
3126 3195 6321
3030 3162 6192
3101 3146 6247
3035 3138 6173
3130 3144 6274
3154 3194 6348
3094 3183 6277
3097 3134 6231
3067 3114 6181
3054 3121 6175
3091 3114 6205
3055 3174 6229
3034 3087 6121
3104 3193 6297
3075 3160 6235
3122 3145 6267
3185 3193 6378
3084 3125 6209
3128 3170 6298
3097 3179 6276
3184 3189 6373
3125 3185 6310
3044 3196 6240
3034 3054 6088
3054 3193 6247
3172 3187 6359
3187 3191 6378
3133 3189 6322
3105 3153 6258
3184 3189 6373
3160 3197 6357
3094 3123 6217
3032 3044 6076
3183 3191 6374
3188 3195 6383
3110 3189 6299
3184 3186 6370
3163 3174 6337
3051 3119 6170
3131 3198 6329
3086 3108 6194
3135 3183 6318
3001 3017 6018
3174 3200 6374
3068 3142 6210
3099 3180 6279
3013 3122 6135
3173 3191 6364
3199 3200 6399
3142 3175 6317
3044 3072 6116
3034 3051 6085
3080 3088 6168
3147 3170 6317
3017 3028 6045
3195 3196 6391
3120 3171 6291
3039 3153 6192
3035 3191 6226
3163 3192 6355
3137 3181 6318
3018 3135 6153
3039 3124 6163
3073 3081 6154
3107 3135 6242
3083 3181 6264
3191 3197 6388
3135 3139 6274
3100 3122 6222
3128 3129 6257
3027 3138 6165
3029 3111 6140
3115 3126 6241
3038 3134 6172
3006 3161 6167
3014 3191 6205
3013 3198 6211
3029 3192 6221
3115 3132 6247
3034 3075 6109
3113 3144 6257
3095 3168 6263
3001 3181 6182
3013 3192 6205
3041 3044 6085
3154 3163 6317
3124 3155 6279
3024 3172 6196
3162 3175 6337
3060 3121 6181
3198 3200 6398
3078 3090 6168
3069 3113 6182
3166 3169 6335
3134 3158 6292
3186 3187 6373
3086 3143 6229
3092 3200 6292
3199 3200 6399
3134 3157 6291
3036 3110 6146
3067 3094 6161
3100 3121 6221
3030 3168 6198
3010 3018 6028
3115 3165 6280
3041 3063 6104
3166 3195 6361
3158 3181 6339
3102 3195 6297
3157 3160 6317
3177 3183 6360
3055 3125 6180
3081 3151 6232
3111 3153 6264
3187 3194 6381
3011 3144 6155
3099 3107 6206
3062 3141 6203
3112 3200 6312
3073 3164 6237
3115 3153 6268
3052 3121 6173
3046 3087 6133
3060 3117 6177
3086 3156 6242
3085 3178 6263
3104 3166 6270
3057 3076 6133
3024 3107 6131
3108 3129 6237
3084 3113 6197
3123 3170 6293
3067 3122 6189
3183 3200 6383
3047 3100 6147
3044 3096 6140
3142 3177 6319
3020 3169 6189
3071 3077 6148
3093 3179 6272
3031 3078 6109
3011 3170 6181
3073 3117 6190
3145 3175 6320
3131 3169 6300
3157 3182 6339
3187 3192 6379
3039 3140 6179
3140 3183 6323
3052 3065 6117
3052 3126 6178
3039 3113 6152
3076 3095 6171
3181 3194 6375
3146 3149 6295
3166 3188 6354
3145 3176 6321
3027 3196 6223
3196 3199 6395
3133 3160 6293
3089 3190 6279
3094 3166 6260
3041 3105 6146
3022 3094 6116
3159 3187 6346
3147 3165 6312
3152 3197 6349
3144 3191 6335
3023 3056 6079
3133 3147 6280
3153 3183 6336
3116 3139 6255
3166 3192 6358
3044 3082 6126
3090 3126 6216
3016 3104 6120
3196 3199 6395
3140 3178 6318
3062 3104 6166
3172 3176 6348
3078 3147 6225
3185 3187 6372
3067 3159 6226
3195 3199 6394
3175 3196 6371
3049 3173 6222
3179 3180 6359
3188 3193 6381
3015 3171 6186
3194 3199 6393
3133 3165 6298
3041 3160 6201
3118 3131 6249
3013 3062 6075
3076 3099 6175
3071 3110 6181
3049 3142 6191
3194 3196 6390
3184 3193 6377
3190 3199 6389
3014 3040 6054
3117 3154 6271
3083 3167 6250
3123 3134 6257
3068 3155 6223
3185 3189 6374
3166 3171 6337
3091 3191 6282
3054 3104 6158
3036 3197 6233
3108 3175 6283
3099 3106 6205
3058 3157 6215
3171 3173 6344
3046 3160 6206
3165 3178 6343
3164 3167 6331
3063 3175 6238
3088 3096 6184
3157 3163 6320
3112 3145 6257

4030 4160 8179
4107 4148 8220
4188 4196 8362
4090 4149 8223
4030 4122 8132
4111 4124 8208
4082 4116 8192
4010 4189 8181
4074 4093 8147
4018 4057 8052
4132 4198 8326
4178 4186 8331
4138 4194 8311
4036 4144 8169
4009 4183 8186
4189 4193 8356
4027 4168 8158
4138 4199 8309
4112 4132 8210
4019 4023 8037
4021 4097 8091
4169 4181 8324
4043 4088 8119
4129 4164 8260
4135 4179 8306
4031 4102 8114
4164 4166 8292
4041 4102 8134
4018 4191 8198
4109 4166 8245
4140 4199 8330
4061 4133 8182
4051 4118 8137
4001 4031 8020
4009 4195 8201
4192 4194 8383
4004 4021 8019
4179 4185 8339
4199 4200 8389
4126 4155 8277
4076 4125 8177
4062 4160 8197
4010 4123 8128
4181 4199 8358
4062 4069 8115
4177 4194 8342
4026 4033 8048
4162 4195 8356
4159 4193 8332
4181 4200 8342
4176 4197 8354
4112 4166 8273
4011 4110 8118
4057 4133 8154
4064 4085 8133
4150 4171 8304
4026 4187 8211
4012 4016 8004
4142 4176 8309
4137 4156 8290
4071 4188 8227
4043 4088 8118
4069 4181 8221
4185 4195 8349
4001 4019 7995
4195 4197 8385
4070 4128 8180
4191 4199 8385
4181 4189 8351
4152 4155 8302
4013 4191 8173
4015 4056 8049
4170 4186 8325
4119 4193 8276
4082 4127 8206
4018 4057 8040
4182 4193 8366
4017 4052 8066
4182 4188 8338
4176 4182 8355
4017 4144 8156
4176 4195 8358
4148 4158 8278
4163 4189 8342
4008 4047 8050
4022 4167 8179
4058 4147 8170
4110 4133 8220
4117 4175 8267
4179 4197 8363
4190 4198 8359
4078 4197 8241
4188 4198 8347
4087 4154 8207
4022 4195 8211
4074 4197 8244
4065 4103 8134
4049 4092 8127
4155 4198 8324
4127 4178 8299
4056 4179 8203
4007 4045 8044
4157 4168 8296
4175 4199 8359
4092 4128 8213
4151 4152 8269
4172 4179 8314
4194 4196 8382
4179 4190 8340
4108 4123 8210
4181 4193 8358
4132 4145 8240
4185 4188 8350
4044 4163 8183
4092 4119 8187
4130 4190 8302
4100 4194 8287
4120 4178 8278
4097 4121 8189
4183 4189 8336
4031 4185 8201
4037 4084 8111
4165 4174 8335
4179 4193 8333
4091 4110 8170
4067 4196 8250
4021 4086 8079
4125 4131 8247
4194 4196 8375
4140 4187 8325
4040 4183 8195
4080 4103 8161
4141 4144 8247
4119 4136 8242
4069 4082 8128
4188 4189 8376
4081 4087 8133
4069 4137 8169
4169 4179 8332
4094 4186 8248
4012 4044 8047
4074 4160 8226
4167 4190 8356
4097 4183 8248
4046 4055 8092
4120 4194 8281
4160 4168 8296
4054 4200 8224
4021 4187 8170
4048 4166 8191
4021 4131 8122
4002 4071 8053
4121 4160 8276
4010 4129 8128
4113 4182 8278
4159 4198 8337
4145 4172 8305
4071 4083 8141
4100 4170 8260
4037 4120 8146
4101 4113 8204
4035 4108 8113
4189 4194 8380
4145 4188 8325
4197 4198 8373
4064 4098 8157
4031 4180 8207
4039 4161 8178
4137 4167 8296
4073 4127 8197
4079 4194 8244
4171 4184 8328
4194 4195 8357
4140 4162 8293
4092 4161 8238
4030 4192 8194
4049 4080 8113
4164 4168 8326
4064 4120 8156
4015 4049 8055
4158 4162 8298
4069 4193 8243
4150 4169 8292
4031 4181 8188
4106 4159 8229
4136 4186 8318
4003 4014 7997
4049 4065 8087
4105 4189 8283
4025 4173 8172
4065 4152 8197
4033 4179 8191
4138 4149 8256
4150 4187 8335
4058 4180 8221
4164 4181 8308
4000 4119 8084
4027 4150 8147
4194 4197 8381
4103 4152 8219
4165 4169 8330
4116 4128 8220
4135 4170 8274
4036 4142 8158
4149 4154 8278
4170 4181 8334
4052 4089 8130
4186 4198 8373
4073 4140 8212
4088 4117 8170
4172 4180 8328
4045 4191 8229
4077 4181 8237
4015 4078 8092
4172 4175 8315
4093 4154 8239
4171 4193 8330
4081 4191 8255
4068 4147 8205
4026 4096 8096
4001 4164 8138
4163 4187 8311
4030 4196 8195
4032 4046 8054
4048 4125 8149
4126 4131 8227
4095 4152 8217
4183 4185 8331
4173 4185 8348
4127 4131 8243
4085 4105 8169
4054 4082 8105
4197 4200 8393
4069 4078 8114
4130 4199 8318
4000 4026 7999
4052 4114 8145
4058 4118 8139
4112 4180 8274
4183 4192 8353
4167 4185 8318
4189 4192 8379
4108 4112 8188
4047 4153 8165
4194 4199 8359
4191 4194 8377
4087 4156 8227
4142 4185 8311
4132 4168 8261
4092 4155 8213
4122 4136 8224
4178 4187 8345
4185 4188 8350
4148 4185 8325
4114 4153 8242
4179 4183 8352
4079 4098 8148
4018 4118 8135
4036 4072 8078
4099 4191 8274
4093 4187 8249
4116 4121 8231
4010 4087 8070
4090 4147 8230
4168 4193 8341
4124 4181 8295
4174 4196 8354
4126 4168 8291
4160 4180 8332
4078 4197 8240
4014 4167 8178
4163 4175 8330
4074 4099 8171
4018 4125 8113
4088 4112 8187
4006 4181 8165
4175 4176 8347
4036 4168 8183
4199 4200 8372
4192 4193 8366
4140 4169 8275
4105 4157 8228
4143 4168 8272
4073 4193 8251
4154 4190 8338
4021 4100 8085
4181 4184 8362
4186 4199 8351
4176 4196 8355
4138 4165 8288
4177 4194 8335
4119 4169 8277
4016 4142 8122
4123 4186 8284
4008 4060 8065
4140 4156 8277
4143 4186 8291
4193 4195 8378
4141 4161 8264
4119 4151 8263
4112 4191 8270
4197 4200 8376
4039 4159 8190
4198 4199 8394
4107 4133 8222
4048 4087 8105
4120 4168 8285
4187 4193 8346
4065 4078 8108
4062 4115 8159
4157 4169 8316
4116 4188 8293
4075 4134 8186
4041 4046 8049
4065 4138 8165
4087 4090 8155
4188 4192 8367
4117 4168 8280
4031 4055 8076
4053 4180 8196
4115 4178 8261
4151 4193 8341
4103 4183 8249
4029 4109 8134
4076 4084 8127
4139 4161 8295
4031 4176 8197
4060 4190 8234
4153 4196 8332
4109 4170 8260
4125 4194 8314
4195 4200 8357
4197 4198 8369
4192 4193 8372
4076 4093 8139
4090 4170 8255
4041 4094 8106
4133 4144 8248
4101 4178 8244
4059 4080 8133
4130 4162 8291
4046 4073 8100
4143 4145 8279
4154 4174 8301
4018 4120 8120
4075 4189 8226
4178 4199 8338
4043 4188 8202
4118 4158 8270
4148 4190 8303
4039 4154 8173
4147 4200 8315
4007 4199 8182
4040 4146 8185
4188 4194 8345
4123 4168 8256
4100 4186 8264
4164 4198 8332
4167 4190 8332
4034 4131 8136
4095 4183 8241
4088 4137 8221
4048 4137 8183
4050 4147 8180
4118 4188 8292
4174 4180 8325
4155 4182 8311
4102 4110 8189
4053 4071 8086
4019 4082 8063
4085 4149 8232
4145 4172 8289
4114 4129 8217
4139 4148 8259
4055 4056 8093
4002 4044 8034
4017 4136 8150
4136 4138 8269
4096 4199 8259
4142 4197 8303
4120 4162 8271
4194 4195 8382
4191 4197 8370
4126 4159 8284
4093 4177 8249
4141 4158 8297
4033 4058 8058
4010 4121 8113
4054 4106 8140
4199 4200 8386
4080 4165 8237
4174 4187 8333
4097 4127 8191
4168 4178 8328
4116 4163 8244
4092 4131 8213
4196 4200 8366
4055 4200 8246
4046 4094 8114
4089 4155 8212
4151 4187 8331
4170 4184 8346
4050 4053 8072
4108 4134 8220
4145 4193 8308
4093 4158 8242
4091 4177 8248
4187 4198 8384
4015 4134 8136
4070 4161 8196
4093 4166 8250
4064 4157 8209
4092 4121 8197
4136 4178 8275
4143 4200 8318
4044 4121 8153
4148 4193 8320
4046 4103 8135
4063 4174 8228
4010 4144 8127
4091 4189 8249
4147 4156 8274
4178 4188 8337
4119 4141 8259
4022 4193 8182
4175 4179 8319
4099 4116 8186
4168 4184 8323
4031 4044 8037
4155 4199 8346
4059 4107 8130
4004 4012 8003
4174 4186 8341
4168 4175 8336
4066 4182 8231
4155 4188 8325
4166 4185 8325
4165 4187 8349
4197 4200 8374
4030 4099 8106
4157 4164 8307
4111 4157 8249
4096 4153 8247
4097 4158 8222
4039 4154 8160
4093 4100 8179
4093 4120 8180
4086 4151 8202
4077 4124 8191
4164 4188 8325
4157 4195 8314
4187 4193 8346
4178 4183 8330
4048 4082 8122
4037 4182 8204
4174 4200 8355
4094 4137 8213
4084 4143 8211
4188 4197 8356
4111 4144 8239
4142 4192 8317
4027 4180 8174
4148 4154 8294
4159 4169 8327
4195 4197 8378
4183 4196 8356
4159 4192 8334
4039 4088 8096
4169 4198 8358
4009 4105 8100
4083 4129 8196
4147 4169 8301
4187 4189 8349
4115 4183 8278
4193 4198 8372
4145 4190 8307
4156 4197 8340
4154 4161 8293
4178 4193 8357
4092 4131 8207
4120 4200 8307
4126 4170 8260
4154 4161 8305
4181 4192 8355
4100 4149 8236
4014 4143 8134
4177 4182 8350
4067 4179 8242
4043 4168 8187
4160 4163 8301
4031 4183 8191
4194 4199 8386
4194 4196 8362
4062 4179 8206
4104 4128 8200
4130 4152 8245
4053 4054 8089
4071 4158 8216
4111 4171 8253
4192 4200 8385
4027 4139 8132
4059 4181 8211
4111 4178 8275
4050 4145 8188
4111 4142 8226
4120 4139 8236
4128 4139 8242
4087 4200 8281
4017 4171 8169
4045 4095 8113
4046 4116 8142
4037 4140 8149
4012 4160 8170
4013 4184 8185
4016 4053 8045
4047 4173 8213
4088 4188 8238
4158 4182 8319
4126 4181 8269
4158 4188 8339
4090 4155 8208
4153 4165 8314
4068 4139 8190
4102 4117 8198
4170 4195 8350
4084 4090 8172
4158 4190 8312
4084 4103 8168
4085 4115 8192
4142 4160 8286
4132 4184 8288
4190 4195 8367
4100 4119 8181
4011 4055 8043
4176 4195 8360
4043 4188 8216
4140 4156 8260
4088 4101 8167
4133 4137 8257
4180 4182 8341
4142 4193 8329
4192 4195 8367
4049 4145 8177
4187 4189 8358
4194 4200 8386
4128 4169 8276
4198 4200 8389
4050 4058 8097
4191 4192 8376
4095 4198 8270
4085 4153 8235
4031 4081 8101
4062 4193 8222
4033 4074 8082
4027 4142 8152
4134 4200 8320
4167 4176 8337
4126 4189 8293
4152 4167 8280
4054 4069 8090
4059 4125 8164
4126 4165 8259
4053 4178 8225
4153 4175 8315
4059 4087 8129
4168 4191 8322
4014 4192 8203
4094 4152 8221
4112 4160 8257
4130 4139 8258
4136 4148 8256
4128 4172 8264
4108 4165 8247
4163 4169 8313
4148 4192 8312
4036 4137 8143
4097 4154 8232
4127 4189 8277
4107 4191 8287
4167 4176 8315
4104 4164 8229
4114 4121 8206
4092 4179 8239
4069 4183 8217
4012 4069 8055
4192 4194 8362
4028 4191 8207
4097 4163 8234
4032 4096 8090
4019 4167 8172
4165 4177 8305
4065 4116 8171
4078 4199 8263
4070 4075 8115
4130 4180 8295
4080 4124 8170
4057 4068 8110
4098 4107 8169
4073 4089 8142
4098 4190 8277
4100 4102 8198
4183 4193 8349
4017 4048 8052
4179 4193 8342
4099 4102 8193
4156 4160 8294
4109 4175 8279
4041 4199 8225
4058 4187 8218
4186 4193 8368
4113 4120 8209
4051 4190 8226
4140 4176 8294
4069 4137 8181
4133 4149 8265
4145 4185 8306
4031 4114 8110
4037 4106 8142
4151 4152 8291
4110 4176 8248
4094 4151 8241
4067 4139 8176
4021 4105 8103
4171 4178 8321
4142 4160 8292
4111 4112 8190
4107 4187 8265
4117 4138 8238
4133 4159 8280
4145 4183 8292
4169 4180 8333
4144 4184 8318
4007 4147 8145
4030 4172 8190
4184 4188 8355
4125 4148 8262
4154 4179 8304
4045 4155 8175
4142 4171 8294
4186 4190 8364
4076 4198 8239
4066 4156 8201
4007 4158 8164
4105 4121 8194
4163 4197 8340
4154 4185 8300
4094 4158 8238
4068 4177 8215
4005 4124 8100
4064 4184 8215
4164 4199 8351
4174 4190 8340
4065 4109 8173
4175 4178 8341
4112 4192 8300
4052 4112 8128
4084 4096 8152
4104 4162 8232
4056 4103 8129
4150 4167 8290
4072 4153 8201
4118 4156 8259
4030 4060 8085
4184 4198 8359
4138 4163 8299
4111 4131 8210
4133 4188 8285
4070 4183 8252
4090 4152 8207
4102 4150 8214
4061 4086 8139
4151 4157 8270
4152 4155 8291
4150 4193 8339
4069 4200 8255
4136 4182 8310
4180 4182 8354
4097 4115 8177
4073 4138 8189
4131 4183 8283
4054 4161 8187
4057 4160 8187
4124 4170 8270
4097 4195 8254
4136 4143 8273
4118 4148 8229
4142 4151 8292
4054 4106 8143
4136 4177 8299
4089 4154 8227
4137 4180 8303
4012 4078 8088
4009 4188 8191
4032 4121 8143
4056 4062 8081
4098 4175 8263
4196 4199 8357
4018 4053 8037
4153 4166 8307
4061 4191 8217
4042 4069 8094
4005 4056 8031
4092 4162 8221
4143 4184 8325
4149 4173 8297
4038 4162 8166
4075 4087 8134
4167 4198 8363
4152 4184 8306
4096 4188 8273
4108 4185 8255
4065 4158 8211
4163 4179 8325
4185 4190 8358
4149 4150 8281
4199 4200 8395
4051 4115 8153
4144 4190 8315
4055 4090 8127
4047 4122 8154
4129 4178 8288
4130 4175 8280
4102 4112 8190
4182 4186 8356
4129 4144 8261
4071 4086 8134
4087 4113 8195
4126 4135 8243
4014 4133 8136
4032 4188 8208
4186 4200 8370
4059 4112 8168
4163 4198 8341
4100 4199 8261
4194 4199 8378
4164 4187 8325
4164 4195 8322
4187 4198 8356
4153 4192 8333
4167 4174 8323
4054 4069 8107
4089 4200 8264
4009 4014 7990
4125 4152 8247
4084 4141 8213
4103 4131 8200
4144 4149 8278
4047 4123 8133
4035 4078 8101
4166 4181 8342
4068 4188 8227
4065 4138 8188
4192 4194 8359
4140 4164 8296
4191 4200 8371
4150 4198 8326
4064 4159 8196
4188 4194 8378
4139 4142 8249
4171 4184 8342
4127 4139 8227
4016 4094 8106
4137 4188 8290
4104 4125 8192
4149 4178 8309
4138 4151 8252
4174 4200 8352
4012 4169 8166
4061 4197 8256
4004 4047 8041
4192 4193 8356
4048 4049 8096
4143 4147 8270
4180 4187 8330
4127 4130 8250
4158 4188 8319
4000 4193 8168
4019 4041 8046
4142 4163 8272
4187 4194 8346
4096 4123 8196
4103 4153 8253
4171 4180 8342
4034 4159 8182
4188 4194 8347
4054 4190 8218
4140 4180 8292
4050 4185 8210
4061 4112 8137
4006 4168 8139
4133 4147 8242
4098 4102 8164
4000 4167 8146
4091 4132 8196
4031 4200 8201
4044 4092 8122
4183 4200 8370
4040 4161 8180
4042 4189 8223
4144 4188 8312
4199 4200 8360
4081 4160 8239
4166 4191 8335
4098 4110 8189
4026 4159 8153
4143 4161 8302
4190 4200 8375
4077 4193 8241
4192 4198 8382
4061 4184 8233
4029 4152 8158
4137 4188 8286
4153 4159 8281
4043 4142 8180
4029 4065 8064
4011 4167 8172
4078 4130 8191
4161 4188 8326
4070 4082 8143
4027 4134 8144
4153 4183 8320
4085 4113 8167
4099 4127 8209
4163 4172 8307
4033 4173 8195
4160 4182 8310
4050 4118 8149
4174 4194 8333
4193 4199 8360
4061 4112 8155
4085 4158 8226
4079 4176 8217
4075 4087 8148
4003 4196 8170
4148 4189 8325
4052 4053 8074
4056 4160 8209
4156 4167 8321
4030 4063 8092
4154 4163 8314
4107 4178 8253
4014 4037 8036
4087 4117 8178
4066 4118 8157
4015 4088 8068
4010 4125 8126
4115 4127 8206
4179 4197 8368
4190 4200 8376
4131 4178 8277
4195 4198 8369
4073 4190 8250
4051 4193 8221
4090 4108 8173
4174 4193 8348
4022 4029 8032
4089 4143 8199
4047 4149 8185
4172 4175 8331
4000 4185 8149
4196 4198 8384
4193 4197 8376
4095 4174 8250
4035 4092 8098
4112 4174 8276
4032 4120 8127
4195 4200 8361
4191 4198 8357
4041 4168 8187
4002 4139 8108
4119 4125 8240
4125 4145 8259
4162 4198 8350
4109 4130 8225
4115 4143 8239
4054 4131 8181
4002 4178 8158
4101 4147 8220
4107 4135 8217
4084 4120 8190
4147 4184 8308
4094 4193 8261
4052 4197 8223
4156 4199 8345
4052 4169 8201
4116 4145 8228
4167 4195 8345
4155 4200 8345
4097 4194 8264
4032 4153 8147
4124 4133 8256
4072 4127 8188
4184 4195 8378
4100 4123 8194
4104 4169 8261
4018 4143 8124
4071 4128 8182
4027 4083 8098
4089 4101 8175
4140 4180 8312
4196 4198 8378
4130 4169 8298
4073 4146 8194
4117 4178 8282
4133 4154 8269
4035 4058 8087
4040 4151 8175
4020 4037 8052
4081 4123 8172
4011 4030 8025
4095 4128 8206
4100 4166 8236
4173 4198 8359
4098 4120 8204
4106 4185 8276
4156 4159 8299
4099 4144 8220
4003 4033 8029
4164 4184 8329
4073 4198 8240
4152 4154 8269
4012 4181 8191
4129 4145 8248
4087 4116 8202
4068 4175 8241
4015 4048 8047
4120 4129 8238
4070 4134 8178
4175 4177 8313
4057 4198 8241
4008 4108 8089
4033 4105 8111
4194 4198 8353
4195 4200 8384
4180 4190 8348
4156 4195 8313
4099 4128 8194
4167 4194 8348
4048 4160 8205
4070 4164 8224
4004 4117 8118
4109 4164 8252
4037 4063 8090
4028 4044 8070
4030 4144 8143
4173 4175 8338
4139 4180 8280
4064 4148 8191
4153 4185 8299
4087 4100 8180
4023 4192 8204
4146 4194 8303
4015 4195 8184
4138 4163 8280
4101 4191 8284
4117 4151 8243
4009 4083 8058
4073 4200 8261
4191 4195 8356
4085 4165 8244
4081 4142 8204
4052 4181 8217
4078 4083 8140
4118 4200 8298
4050 4076 8124
4053 4150 8202
4168 4183 8317
4024 4169 8166
4068 4179 8227
4065 4109 8168
4178 4185 8337
4146 4169 8312
4108 4166 8257
4129 4154 8273
4103 4119 8190
4164 4175 8304
4035 4181 8178
4041 4172 8193
4129 4147 8258
4185 4186 8343
4021 4029 8019
4145 4193 8314
4111 4150 8235
4108 4153 8236
4181 4200 8360
4146 4187 8311
4143 4145 8258
4082 4138 8183
4183 4188 8367
4147 4186 8331
4005 4133 8129
4159 4167 8307
4045 4094 8128
4123 4142 8253
4157 4164 8307
4021 4178 8189
4165 4176 8305
4033 4122 8129
4141 4146 8285
4170 4181 8329

0.010000 0.430000
