200
807618
3141 3199 6340
3136 3167 6303
3013 3062 6075
3026 3035 6061
3149 3172 6321
3173 3177 6350
3033 3044 6077
3044 3107 6151
3116 3151 6267
3181 3182 6363
3139 3167 6306
3045 3047 6092
3189 3190 6379
3170 3194 6364
3124 3138 6262
3070 3144 6214
3114 3171 6285
3008 3168 6176
3190 3200 6390
3012 3101 6113
3082 3176 6258
3026 3107 6133
3038 3190 6228
3059 3125 6184
3057 3142 6199
3125 3149 6274
3029 3094 6123
3134 3176 6310
3174 3181 6355
3100 3176 6276
3024 3049 6073
3029 3138 6167
3106 3124 6230
3019 3089 6108
3045 3075 6120
3032 3055 6087
3071 3190 6261
3128 3152 6280
3048 3135 6183
3018 3073 6091
3143 3192 6335
3069 3071 6140
3135 3182 6317
3161 3175 6336
3166 3198 6364
3091 3134 6225
3163 3172 6335
3012 3066 6078
3122 3157 6279
3099 3113 6212
3064 3152 6216
3077 3087 6164
3153 3172 6325
3038 3058 6096
3158 3174 6332
3130 3180 6310
3131 3138 6269
3175 3185 6360
3136 3179 6315
3182 3188 6370
3145 3169 6314
3143 3158 6301
3188 3195 6383
3013 3142 6155
3182 3197 6379
3153 3183 6336
3051 3133 6184
3175 3200 6375
3181 3198 6379
3094 3171 6265
3115 3143 6258
3067 3157 6224
3082 3162 6244
3140 3147 6287
3003 3043 6046
3032 3193 6225
3165 3191 6356
3170 3192 6362
3199 3200 6399
3071 3162 6233
3195 3197 6392
3158 3181 6339
3052 3061 6113
3141 3168 6309
3167 3189 6356
3050 3080 6130
3029 3187 6216
3192 3193 6385
3001 3115 6116
3100 3126 6226
3055 3123 6178
3182 3195 6377
3125 3170 6295
3124 3168 6292
3169 3196 6365
3134 3185 6319
3111 3154 6265
3155 3164 6319
3160 3180 6340
3048 3133 6181
3133 3177 6310
3162 3177 6339
3121 3129 6250
3056 3141 6197
3189 3199 6388
3120 3188 6308
3128 3159 6287
3179 3183 6362
3096 3155 6251
3103 3190 6293
3024 3130 6154
3080 3168 6248
3126 3163 6289
3049 3159 6208
3027 3068 6095
3187 3199 6386
3051 3103 6154
3158 3193 6351
3172 3198 6370
3060 3119 6179
3019 3032 6051
3193 3197 6390
3098 3154 6252
3135 3191 6326
3050 3139 6189
3132 3189 6321
3048 3134 6182
3023 3121 6144
3134 3197 6331
3104 3185 6289
3051 3102 6153
3028 3139 6167
3128 3158 6286
3001 3127 6128
3195 3198 6393
3055 3118 6173
3047 3105 6152
3169 3179 6348
3052 3059 6111
3186 3200 6386
3152 3154 6306
3172 3181 6353
3103 3118 6221
3005 3180 6185
3035 3103 6138
3003 3050 6053
3012 3183 6195
3054 3175 6229
3047 3178 6225
3012 3148 6160
3082 3198 6280
3096 3127 6223
3032 3159 6191
3081 3143 6224
3002 3126 6128
3199 3200 6399
3199 3200 6399
3071 3141 6212
3105 3200 6305
3122 3151 6273
3051 3162 6213
3081 3116 6197
3060 3188 6248
3018 3101 6119
3046 3097 6143
3102 3117 6219
3160 3187 6347
3113 3138 6251
3170 3187 6357
3112 3115 6227
3001 3178 6179
3190 3192 6382
3100 3150 6250
3102 3195 6297
3035 3129 6164
3192 3193 6385
3170 3192 6362
3085 3150 6235
3119 3178 6297
3008 3041 6049
3169 3174 6343
3137 3159 6296
3088 3104 6192
3067 3179 6246
3018 3137 6155
3121 3145 6266
3118 3198 6316
3192 3195 6387
3029 3098 6127
3092 3179 6271
3122 3196 6318
3078 3166 6244
3125 3190 6315
3166 3178 6344
3107 3129 6236
3009 3031 6040
3174 3185 6359
3199 3200 6399
3016 3069 6085
3183 3199 6382

4058 4173 8196
4100 4133 8194
4158 4163 8301
4053 4054 8106
4136 4154 8260
4077 4078 8118
4151 4169 8286
4176 4194 8356
4067 4143 8176
4199 4200 8389
4141 4193 8327
4175 4200 8347
4001 4058 8050
4024 4088 8091
4117 4124 8211
4140 4156 8279
4030 4147 8150
4058 4063 8113
4067 4106 8141
4180 4191 8358
4064 4188 8234
4106 4199 8291
4166 4199 8354
4012 4084 8094
4171 4200 8366
4050 4121 8168
4074 4145 8194
4163 4200 8342
4061 4191 8229
4139 4144 8267
4137 4142 8269
4137 4187 8285
4188 4191 8377
4071 4112 8147
4195 4199 8392
4038 4135 8135
4022 4196 8201
4189 4194 8378
4127 4155 8270
4117 4157 8239
4056 4151 8171
4101 4112 8190
4033 4115 8130
4042 4163 8201
4107 4169 8261
4182 4193 8354
4015 4196 8206
4192 4200 8382
4067 4189 8222
4030 4120 8142
4151 4194 8316
4120 4185 8273
4002 4147 8133
4058 4162 8216
4195 4197 8359
4087 4112 8165
4020 4056 8051
4102 4167 8252
4030 4045 8045
4015 4063 8042
4188 4200 8375
4142 4186 8317
4184 4198 8343
4080 4200 8269
4047 4059 8081
4142 4177 8293
4088 4112 8169
4039 4047 8066
4078 4184 8257
4150 4199 8317
4129 4178 8277
4152 4175 8313
4065 4085 8143
4186 4200 8368
4032 4078 8086
4096 4134 8214
4161 4174 8317
4120 4171 8283
4196 4197 8366
4069 4103 8145
4030 4123 8130
4066 4150 8198
4095 4152 8241
4105 4173 8258
4090 4126 8215
4183 4196 8351
4068 4191 8249
4060 4086 8111
4150 4167 8304
4109 4121 8219
4056 4189 8223
4049 4085 8122
4019 4063 8077
4009 4094 8084
4125 4152 8257
4164 4196 8343
4051 4192 8217
4065 4116 8178
4061 4131 8179
4066 4194 8236
4048 4078 8113
4041 4120 8148
4076 4183 8257
4088 4139 8193
4029 4114 8130
4004 4114 8090
4136 4197 8310
4072 4082 8132
4187 4195 8350
4101 4133 8207
4020 4153 8148
4057 4136 8189
4166 4187 8324
4079 4188 8254
4003 4062 8037
4127 4153 8270
4161 4192 8326
4081 4189 8253
4178 4197 8360
4122 4139 8247
4143 4191 8304
4062 4194 8233
4081 4163 8240
4042 4049 8083
4155 4171 8291
4139 4185 8289
4010 4086 8067
4171 4189 8350
4049 4146 8168
4177 4178 8326
4162 4198 8347
4165 4169 8323
4126 4159 8274
4149 4158 8276
4127 4189 8283
4167 4191 8332
4148 4196 8305
4165 4190 8336
4170 4184 8347
4156 4190 8327
4131 4132 8260
4158 4195 8348
4056 4180 8219
4174 4186 8337
4188 4190 8368
4132 4153 8272
4099 4146 8228
4129 4172 8266
4031 4049 8074
4089 4127 8212
4157 4181 8329
4027 4068 8059
4183 4192 8346
4145 4162 8295
4023 4044 8062
4082 4130 8209
4179 4199 8343
4132 4178 8299
4190 4195 8348
4150 4179 8316
4185 4200 8381
4037 4195 8221
4159 4188 8330
4033 4103 8105
4150 4164 8278
4194 4200 8360
4020 4075 8068
4019 4157 8148
4192 4195 8370
4125 4197 8299
4015 4126 8103
4106 4179 8249
4014 4076 8057
4122 4148 8246
4174 4179 8333
4162 4166 8321
4143 4164 8300
4145 4165 8271
4199 4200 8394
4193 4195 8359
4099 4102 8193
4014 4171 8151
4077 4187 8237
4053 4178 8202
4055 4072 8094
4094 4155 8241
4123 4128 8214
4137 4138 8262
4124 4156 8266
4156 4159 8311
4161 4190 8345
4077 4170 8221
4138 4186 8314
4021 4097 8110
4148 4172 8287
4110 4188 8270
4176 4181 8328
4169 4172 8339
4130 4144 8256
4173 4198 8355

0.010000 0.490000
