200
592086
3012 3165 6177
3091 3162 6253
3023 3034 6057
3001 3127 6128
3121 3184 6305
3077 3187 6264
3031 3153 6184
3162 3181 6343
3161 3184 6345
3139 3162 6301
3140 3190 6330
3053 3061 6114
3058 3108 6166
3022 3090 6112
3005 3190 6195
3135 3199 6334
3023 3084 6107
3122 3130 6252
3025 3151 6176
3157 3200 6357
3105 3137 6242
3147 3148 6295
3194 3197 6391
3105 3168 6273
3146 3152 6298
3008 3061 6069
3124 3142 6266
3032 3112 6144
3079 3190 6269
3150 3155 6305
3179 3200 6379
3098 3103 6201
3013 3049 6062
3016 3155 6171
3171 3187 6358
3099 3109 6208
3159 3200 6359
3132 3171 6303
3113 3145 6258
3049 3180 6229
3166 3199 6365
3146 3165 6311
3178 3180 6358
3167 3200 6367
3090 3104 6194
3040 3084 6124
3025 3113 6138
3001 3131 6132
3063 3192 6255
3009 3178 6187
3006 3181 6187
3017 3199 6216
3195 3198 6393
3103 3192 6295
3045 3068 6113
3065 3181 6246
3103 3119 6222
3181 3182 6363
3116 3190 6306
3184 3200 6384
3108 3192 6300
3186 3200 6386
3057 3100 6157
3106 3169 6275
3111 3141 6252
3098 3183 6281
3067 3135 6202
3075 3145 6220
3039 3160 6199
3095 3188 6283
3119 3155 6274
3060 3162 6222
3118 3119 6237
3127 3157 6284
3149 3195 6344
3025 3057 6082
3005 3127 6132
3127 3140 6267
3147 3148 6295
3049 3131 6180
3029 3145 6174
3025 3186 6211
3147 3190 6337
3055 3113 6168
3091 3109 6200
3089 3096 6185
3056 3137 6193
3088 3191 6279
3043 3143 6186
3198 3200 6398
3166 3170 6336
3085 3156 6241
3088 3091 6179
3110 3147 6257
3066 3125 6191
3092 3093 6185
3042 3196 6238
3050 3197 6247
3086 3186 6272
3041 3188 6229
3193 3197 6390
3124 3166 6290
3001 3126 6127
3034 3188 6222
3056 3117 6173
3077 3131 6208
3175 3190 6365
3035 3052 6087
3173 3197 6370
3195 3198 6393
3164 3177 6341
3190 3198 6388
3096 3115 6211
3067 3112 6179
3039 3197 6236
3127 3198 6325
3153 3200 6353
3171 3195 6366
3020 3026 6046
3151 3156 6307
3030 3162 6192
3147 3167 6314
3193 3196 6389
3199 3200 6399
3133 3143 6276
3164 3169 6333
3053 3123 6176
3119 3164 6283
3182 3199 6381
3048 3174 6222
3069 3096 6165
3166 3184 6350
3077 3115 6192
3020 3157 6177
3057 3168 6225
3116 3172 6288
3134 3153 6287
3115 3142 6257
3078 3146 6224
3158 3200 6358
3017 3156 6173
3004 3007 6011
3116 3163 6279
3073 3199 6272
3008 3045 6053
3023 3169 6192
3042 3153 6195
3146 3172 6318
3197 3200 6397
3187 3196 6383
3040 3145 6185
3165 3182 6347
3065 3186 6251
3011 3086 6097
3086 3164 6250
3077 3153 6230
3146 3188 6334
3090 3155 6245
3083 3174 6257
3155 3169 6324
3116 3124 6240
3060 3074 6134
3023 3200 6223
3137 3160 6297
3003 3050 6053
3198 3200 6398
3068 3151 6219
3184 3185 6369
3007 3089 6096
3120 3166 6286
3042 3099 6141
3105 3149 6254
3017 3042 6059
3026 3083 6109
3090 3129 6219
3049 3198 6247
3020 3038 6058
3076 3079 6155
3077 3102 6179
3040 3089 6129
3167 3199 6366
3194 3199 6393
3141 3179 6320
3178 3184 6362
3026 3138 6164
3135 3178 6313
3028 3070 6098
3127 3156 6283
3087 3097 6184
3153 3155 6308
3171 3182 6353
3168 3195 6363
3066 3099 6165
3085 3090 6175
3189 3198 6387
3027 3187 6214
3043 3134 6177
3084 3130 6214
3197 3200 6397
3056 3139 6195

4182 4183 8341
4122 4170 8275
4118 4166 8247
4011 4081 8075
4087 4183 8259
4063 4128 8179
4046 4184 8226
4019 4116 8098
4160 4193 8331
4180 4182 8360
4124 4132 8247
4025 4108 8119
4030 4072 8092
4051 4121 8164
4007 4179 8150
4006 4193 8174
4185 4190 8339
4163 4170 8303
4129 4166 8288
4048 4120 8142
4096 4161 8255
4007 4035 8005
4055 4095 8135
4190 4197 8372
4078 4157 8214
4022 4051 8064
4041 4142 8171
4108 4135 8210
4027 4040 8048
4100 4138 8227
4140 4178 8292
4139 4175 8283
4021 4103 8119
4129 4184 8274
4038 4051 8078
4180 4184 8342
4009 4184 8187
4184 4193 8339
4058 4131 8152
4086 4109 8181
4060 4084 8125
4146 4191 8320
4020 4147 8156
4038 4087 8108
4030 4182 8187
4044 4046 8059
4022 4136 8124
4182 4184 8356
4105 4132 8206
4166 4199 8328
4106 4163 8257
4161 4180 8325
4109 4173 8281
4052 4108 8132
4155 4183 8307
4197 4200 8383
4127 4195 8319
4065 4126 8155
4015 4044 8057
4177 4189 8354
4044 4101 8127
4002 4078 8075
4120 4175 8257
4104 4161 8250
4016 4184 8173
4105 4131 8198
4019 4159 8154
4134 4164 8292
4187 4193 8361
4060 4123 8179
4135 4164 8268
4066 4184 8220
4093 4180 8267
4012 4062 8043
4114 4183 8286
4061 4170 8201
4065 4129 8163
4153 4178 8301
4031 4133 8137
4081 4109 8160
4040 4103 8116
4198 4199 8396
4069 4141 8197
4165 4178 8322
4007 4096 8077
4144 4193 8331
4156 4197 8338
4160 4161 8287
4067 4152 8214
4132 4145 8260
4016 4042 8056
4091 4182 8250
4091 4098 8183
4057 4176 8218
4090 4102 8158
4092 4109 8179
4158 4170 8294
4163 4189 8313
4196 4199 8370
4103 4163 8249
4030 4195 8213
4194 4197 8356
4181 4184 8352
4023 4026 8038
4005 4081 8068
4010 4058 8045
4110 4171 8244
4069 4152 8210
4039 4174 8192
4027 4071 8064
4116 4144 8240
4008 4149 8135
4047 4114 8139
4067 4070 8133
4111 4156 8233
4142 4182 8315
4086 4176 8227
4010 4146 8153
4042 4163 8167
4081 4146 8209
4057 4182 8238
4102 4169 8242
4090 4180 8269
4156 4157 8284
4049 4082 8102
4056 4143 8174
4132 4171 8283
4095 4123 8204
4136 4188 8305
4175 4197 8352
4162 4171 8308
4113 4182 8265
4090 4152 8232
4106 4112 8202
4133 4153 8251
4061 4184 8229
4138 4143 8256
4099 4166 8264
4065 4178 8205
4000 4049 8036
4071 4167 8220
4106 4171 8246
4197 4198 8380
4106 4113 8218
4078 4089 8148
4182 4184 8357
4186 4197 8352
4058 4143 8189
4153 4158 8307
4195 4197 8369
4037 4148 8177
4166 4195 8329
4184 4186 8360
4184 4190 8348
4007 4097 8103
4035 4178 8198
4006 4038 8009
4176 4188 8349
4197 4198 8384
4177 4191 8359
4134 4188 8314
4148 4189 8313
4123 4152 8272
4178 4184 8353
4063 4184 8218
4030 4045 8038
4198 4200 8382
4092 4193 8255
4126 4132 8225
4071 4187 8236
4058 4086 8108
4077 4176 8222
4090 4112 8192
4069 4155 8210
4057 4188 8241
4126 4129 8229
4013 4118 8129
4015 4196 8199
4029 4147 8156
4075 4136 8195
4129 4178 8297
4123 4159 8269
4134 4135 8240
4001 4081 8072
4033 4101 8123
4090 4100 8181
4119 4142 8233
4048 4171 8211
4066 4130 8183
4176 4183 8354
4109 4175 8281
4178 4188 8330
4160 4169 8292
4018 4200 8191
4146 4192 8303
4004 4156 8147
4061 4175 8208
4147 4163 8303
4153 4185 8319
4005 4023 8008

0.010000 0.360000
