200
1186074
3182 3187 6369
3114 3159 6273
3091 3145 6236
3154 3158 6312
3079 3141 6220
3094 3180 6274
3152 3158 6310
3077 3090 6167
3118 3124 6242
3077 3131 6208
3097 3175 6272
3072 3134 6206
3082 3085 6167
3066 3086 6152
3103 3104 6207
3174 3193 6367
3129 3150 6279
3031 3088 6119
3098 3136 6234
3190 3197 6387
3194 3196 6390
3168 3186 6354
3181 3193 6374
3047 3182 6229
3061 3181 6242
3177 3190 6367
3165 3197 6362
3052 3063 6115
3053 3123 6176
3037 3087 6124
3028 3180 6208
3048 3197 6245
3004 3018 6022
3008 3144 6152
3165 3168 6333
3178 3200 6378
3024 3040 6064
3006 3024 6030
3120 3178 6298
3059 3139 6198
3148 3195 6343
3021 3033 6054
3152 3157 6309
3136 3176 6312
3017 3110 6127
3192 3198 6390
3138 3149 6287
3195 3199 6394
3102 3105 6207
3005 3027 6032
3000 3120 6120
3054 3180 6234
3061 3107 6168
3137 3152 6289
3110 3116 6226
3146 3152 6298
3183 3195 6378
3178 3189 6367
3029 3036 6065
3188 3194 6382
3051 3151 6202
3053 3101 6154
3070 3189 6259
3009 3193 6202
3034 3096 6130
3136 3147 6283
3025 3141 6166
3099 3139 6238
3143 3148 6291
3194 3196 6390
3086 3193 6279
3100 3165 6265
3189 3193 6382
3105 3110 6215
3186 3192 6378
3002 3076 6078
3064 3176 6240
3084 3167 6251
3022 3026 6048
3164 3165 6329
3055 3160 6215
3026 3099 6125
3180 3188 6368
3075 3110 6185
3130 3186 6316
3018 3043 6061
3082 3136 6218
3179 3194 6373
3144 3198 6342
3164 3171 6335
3108 3144 6252
3131 3190 6321
3180 3182 6362
3182 3198 6380
3037 3094 6131
3003 3076 6079
3170 3186 6356
3011 3188 6199
3118 3191 6309
3150 3156 6306
3155 3179 6334
3081 3142 6223
3154 3156 6310
3159 3170 6329
3072 3074 6146
3194 3198 6392
3128 3162 6290
3080 3183 6263
3086 3196 6282
3045 3125 6170
3049 3068 6117
3144 3196 6340
3078 3196 6274
3133 3185 6318
3037 3129 6166
3093 3160 6253
3168 3195 6363
3018 3035 6053
3113 3196 6309
3138 3178 6316
3113 3153 6266
3038 3163 6201
3067 3130 6197
3074 3178 6252
3138 3194 6332
3194 3196 6390
3088 3091 6179
3037 3130 6167
3122 3129 6251
3065 3126 6191
3164 3190 6354
3073 3088 6161
3078 3110 6188
3156 3182 6338
3148 3181 6329
3093 3117 6210
3039 3047 6086
3135 3198 6333
3145 3196 6341
3049 3188 6237
3044 3196 6240
3108 3187 6295
3102 3163 6265
3193 3195 6388
3033 3044 6077
3047 3176 6223
3107 3155 6262
3052 3125 6177
3169 3186 6355
3009 3188 6197
3001 3086 6087
3007 3055 6062
3135 3188 6323
3088 3130 6218
3104 3113 6217
3151 3159 6310
3179 3192 6371
3054 3123 6177
3063 3102 6165
3015 3120 6135
3178 3199 6377
3177 3196 6373
3188 3190 6378
3182 3197 6379
3150 3157 6307
3075 3117 6192
3045 3109 6154
3076 3177 6253
3144 3192 6336
3057 3110 6167
3173 3175 6348
3197 3199 6396
3058 3174 6232
3177 3198 6375
3050 3098 6148
3190 3191 6381
3034 3148 6182
3039 3068 6107
3134 3153 6287
3136 3181 6317
3091 3138 6229
3129 3165 6294
3132 3189 6321
3091 3191 6282
3173 3185 6358
3019 3173 6192
3093 3131 6224
3172 3194 6366
3088 3131 6219
3165 3185 6350
3059 3084 6143
3193 3197 6390
3004 3018 6022
3139 3149 6288
3149 3200 6349
3067 3087 6154
3044 3092 6136
3124 3174 6298
3172 3183 6355
3077 3102 6179

4071 4122 8191
4193 4197 8356
4181 4190 8366
4075 4084 8143
4076 4197 8262
4053 4104 8144
4009 4035 8031
4173 4176 8333
4014 4030 8006
4100 4165 8227
4166 4188 8316
4191 4196 8351
4032 4150 8159
4004 4059 8026
4155 4198 8327
4077 4155 8196
4017 4175 8190
4089 4154 8229
4021 4141 8161
4080 4143 8198
4083 4106 8163
4159 4187 8334
4031 4189 8193
4021 4038 8044
4037 4127 8131
4041 4188 8213
4082 4087 8135
4089 4106 8184
4107 4167 8235
4083 4090 8164
4016 4047 8056
4051 4199 8232
4043 4105 8114
4100 4116 8193
4086 4186 8237
4107 4108 8206
4011 4186 8175
4103 4186 8264
4104 4155 8242
4041 4173 8191
4185 4198 8380
4164 4165 8306
4120 4156 8254
4016 4117 8117
4139 4186 8303
4002 4049 8048
4081 4107 8159
4196 4199 8373
4168 4190 8357
4095 4156 8227
4104 4180 8277
4136 4181 8293
4197 4199 8391
4107 4114 8198
4108 4141 8248
4093 4191 8246
4068 4112 8154
4177 4199 8362
4096 4145 8206
4016 4140 8136
4026 4134 8136
4006 4198 8196
4030 4032 8038
4050 4168 8213
4119 4130 8216
4143 4194 8324
4198 4200 8373
4126 4147 8241
4147 4178 8288
4102 4150 8215
4102 4168 8265
4190 4199 8354
4071 4123 8189
4093 4130 8218
4027 4047 8068
4006 4062 8036
4097 4170 8243
4150 4168 8292
4137 4183 8283
4197 4199 8380
4003 4176 8161
4185 4190 8340
4175 4180 8338
4192 4195 8380
4198 4200 8381
4006 4101 8074
4182 4187 8363
4009 4115 8107
4082 4139 8220
4173 4180 8340
4171 4193 8346
4184 4194 8349
4145 4179 8302
4020 4117 8127
4058 4196 8229
4168 4187 8331
4124 4164 8257
4089 4169 8231
4197 4199 8364
4061 4146 8202
4077 4132 8194
4009 4140 8114
4005 4062 8063
4036 4096 8114
4023 4164 8155
4143 4192 8298
4047 4115 8152
4146 4176 8308
4051 4194 8224
4176 4192 8359
4131 4166 8274
4097 4198 8269
4091 4121 8180
4093 4119 8198
4168 4181 8344
4176 4178 8326
4171 4189 8344
4010 4181 8189
4028 4161 8173
4074 4149 8199
4151 4175 8291
4071 4162 8212
4138 4177 8310
4194 4196 8355
4055 4076 8102
4029 4173 8194
4004 4122 8095
4125 4129 8248
4170 4172 8323
4146 4150 8268
4171 4197 8355
4144 4171 8293
4153 4173 8293
4104 4108 8173
4163 4179 8318
4034 4073 8087
4042 4153 8165
4042 4199 8207
4117 4119 8226
4116 4190 8299
4144 4186 8307
4192 4193 8364
4062 4155 8203
4184 4197 8371
4016 4123 8106
4093 4172 8250
4125 4167 8258
4080 4169 8220
4175 4177 8338
4191 4193 8379
4045 4160 8173
4136 4152 8267
4066 4191 8230
4182 4191 8355
4007 4059 8039
4038 4142 8142
4149 4186 8309
4055 4197 8227
4196 4199 8390
4080 4120 8173
4144 4199 8326
4187 4192 8367
4184 4194 8343
4126 4151 8255
4198 4199 8385
4019 4200 8188
4058 4194 8250
4026 4149 8149
4175 4176 8340
4055 4075 8096
4147 4193 8318
4060 4169 8223
4048 4180 8208
4167 4170 8319
4020 4033 8026
4130 4152 8268
4177 4185 8328
4065 4183 8227
4197 4199 8379
4056 4113 8161
4160 4164 8316
4107 4150 8255
4195 4196 8379
4019 4081 8094
4035 4173 8180
4155 4166 8309
4089 4155 8234
4108 4146 8225
4187 4194 8351
4044 4105 8139
4050 4184 8220
4179 4183 8350
4054 4117 8170
4059 4196 8252
4005 4124 8096
4193 4200 8366
4165 4200 8340
4075 4112 8164
4025 4069 8082
4122 4183 8292

0.010000 0.720000
