200
954803
3002 3100 6102
3027 3038 6065
3052 3190 6242
3043 3153 6196
3181 3184 6365
3022 3195 6217
3195 3197 6392
3170 3172 6342
3178 3181 6359
3059 3065 6124
3190 3198 6388
3041 3173 6214
3195 3196 6391
3058 3071 6129
3152 3193 6345
3116 3166 6282
3030 3101 6131
3069 3134 6203
3175 3179 6354
3089 3092 6181
3056 3168 6224
3069 3075 6144
3021 3192 6213
3132 3162 6294
3181 3189 6370
3168 3193 6361
3098 3137 6235
3007 3101 6108
3118 3130 6248
3058 3116 6174
3090 3199 6289
3190 3192 6382
3187 3188 6375
3195 3196 6391
3195 3200 6395
3065 3077 6142
3139 3153 6292
3018 3147 6165
3161 3178 6339
3059 3114 6173
3194 3198 6392
3192 3197 6389
3124 3191 6315
3194 3200 6394
3138 3165 6303
3079 3178 6257
3130 3142 6272
3056 3149 6205
3077 3177 6254
3148 3182 6330
3001 3058 6059
3049 3092 6141
3032 3046 6078
3066 3123 6189
3015 3085 6100
3141 3178 6319
3059 3162 6221
3072 3168 6240
3197 3199 6396
3136 3187 6323
3088 3186 6274
3037 3074 6111
3185 3187 6372
3104 3191 6295
3122 3165 6287
3027 3039 6066
3162 3179 6341
3014 3104 6118
3056 3074 6130
3025 3103 6128
3153 3191 6344
3008 3129 6137
3130 3159 6289
3165 3189 6354
3157 3158 6315
3069 3122 6191
3106 3133 6239
3050 3068 6118
3095 3126 6221
3106 3169 6275
3174 3176 6350
3077 3191 6268
3024 3133 6157
3013 3029 6042
3156 3171 6327
3102 3156 6258
3007 3056 6063
3111 3140 6251
3158 3196 6354
3061 3133 6194
3182 3186 6368
3047 3143 6190
3000 3051 6051
3122 3131 6253
3103 3169 6272
3132 3165 6297
3031 3192 6223
3193 3200 6393
3162 3192 6354
3186 3194 6380
3093 3149 6242
3108 3124 6232
3138 3199 6337
3105 3170 6275
3098 3134 6232
3155 3199 6354
3153 3158 6311
3018 3084 6102
3108 3109 6217
3018 3171 6189
3104 3151 6255
3122 3178 6300
3009 3107 6116
3002 3142 6144
3123 3195 6318
3180 3193 6373
3107 3167 6274
3138 3194 6332
3164 3189 6353
3089 3124 6213
3165 3193 6358
3102 3109 6211
3142 3188 6330
3075 3129 6204
3029 3123 6152
3176 3186 6362
3116 3192 6308
3074 3189 6263
3131 3200 6331
3174 3182 6356
3147 3160 6307
3150 3165 6315
3016 3180 6196
3188 3197 6385
3053 3112 6165
3126 3167 6293
3065 3124 6189
3018 3190 6208
3055 3152 6207
3032 3183 6215
3022 3084 6106
3024 3200 6224
3076 3114 6190
3049 3186 6235
3126 3196 6322
3105 3116 6221
3163 3171 6334
3086 3144 6230
3173 3176 6349
3094 3097 6191
3054 3183 6237
3012 3147 6159
3192 3198 6390
3004 3027 6031
3180 3183 6363
3164 3186 6350
3095 3146 6241
3056 3136 6192
3097 3103 6200
3051 3094 6145
3060 3121 6181
3161 3175 6336
3020 3183 6203
3145 3153 6298
3035 3091 6126
3182 3193 6375
3097 3178 6275
3000 3024 6024
3089 3189 6278
3186 3196 6382
3159 3161 6320
3167 3186 6353
3074 3112 6186
3076 3107 6183
3068 3086 6154
3046 3066 6112
3093 3182 6275
3187 3195 6382
3119 3169 6288
3172 3178 6350
3050 3147 6197
3050 3200 6250
3078 3184 6262
3135 3156 6291
3111 3193 6304
3191 3198 6389
3049 3123 6172
3123 3174 6297
3158 3178 6336
3114 3137 6251
3182 3191 6373
3102 3124 6226
3115 3144 6259
3060 3074 6134
3102 3118 6220
3075 3156 6231
3196 3200 6396
3005 3113 6118
3103 3146 6249
3174 3185 6359

4144 4160 8281
4106 4191 8270
4024 4040 8062
4066 4115 8174
4183 4197 8370
4196 4199 8364
4050 4197 8233
4146 4147 8268
4063 4190 8216
4028 4108 8102
4016 4160 8150
4149 4177 8310
4177 4178 8344
4159 4186 8323
4012 4188 8189
4144 4185 8324
4071 4169 8227
4093 4094 8153
4173 4177 8337
4119 4149 8257
4056 4156 8199
4179 4195 8363
4148 4186 8314
4041 4126 8142
4187 4197 8350
4191 4196 8379
4150 4163 8302
4134 4148 8255
4066 4159 8202
4121 4190 8307
4082 4106 8180
4076 4106 8177
4029 4077 8097
4103 4140 8227
4069 4200 8240
4174 4199 8354
4067 4084 8123
4065 4104 8167
4188 4193 8370
4021 4038 8036
4132 4180 8309
4174 4186 8336
4185 4197 8355
4179 4189 8357
4123 4173 8270
4062 4114 8138
4065 4188 8246
4149 4172 8311
4090 4137 8205
4057 4141 8184
4108 4167 8237
4088 4126 8198
4052 4097 8140
4119 4150 8248
4118 4189 8302
4063 4190 8249
4002 4193 8193
4081 4104 8184
4117 4127 8238
4163 4164 8303
4152 4188 8328
4055 4129 8146
4132 4176 8305
4028 4148 8138
4080 4125 8197
4147 4155 8301
4176 4198 8366
4086 4107 8182
4065 4121 8156
4038 4079 8091
4008 4015 8010
4159 4196 8346
4080 4163 8228
4025 4088 8106
4137 4175 8306
4016 4114 8103
4000 4068 8040
4102 4170 8264
4025 4180 8202
4177 4199 8356
4005 4035 8034
4103 4157 8253
4084 4161 8231
4130 4168 8288
4055 4163 8186
4142 4163 8295
4006 4161 8156
4055 4063 8094
4156 4182 8319
4015 4056 8048
4000 4026 8024
4082 4195 8265
4062 4080 8111
4059 4156 8189
4102 4172 8256
4159 4183 8333
4095 4098 8186
4182 4185 8351
4055 4174 8202
4004 4163 8158
4009 4134 8137
4074 4199 8254
4046 4133 8178
4031 4088 8105
4059 4117 8138
4156 4164 8316
4144 4190 8304
4148 4154 8275
4168 4192 8357
4135 4176 8300
4007 4020 8020
4054 4162 8179
4010 4140 8118
4032 4064 8071
4030 4031 8054
4117 4167 8273
4143 4169 8308
4026 4154 8167
4092 4133 8223
4049 4066 8111
4009 4114 8095
4178 4196 8348
4102 4190 8264
4101 4193 8266
4124 4194 8297
4188 4194 8375
4096 4188 8268
4103 4172 8260
4091 4111 8177
4063 4094 8154
4085 4197 8268
4199 4200 8384
4195 4199 8379
4166 4197 8326
4159 4199 8356
4197 4200 8374
4164 4176 8329
4192 4197 8360
4047 4066 8106
4103 4146 8235
4053 4140 8159
4050 4101 8129
4008 4022 8023
4091 4134 8216
4007 4091 8070
4027 4199 8216
4009 4044 8024
4025 4199 8204
4125 4175 8273
4176 4197 8354
4113 4196 8281
4101 4143 8240
4129 4177 8270
4033 4147 8160
4104 4200 8274
4171 4185 8354
4153 4175 8305
4195 4196 8380
4011 4111 8119
4051 4152 8189
4028 4040 8065
4030 4146 8140
4047 4195 8209
4118 4146 8236
4111 4177 8259
4137 4145 8267
4025 4097 8093
4041 4180 8188
4005 4128 8122
4141 4198 8308
4093 4157 8232
4185 4192 8342
4102 4178 8279
4199 4200 8367
4150 4199 8331
4056 4134 8182
4078 4132 8181
4185 4188 8352
4085 4123 8191
4071 4133 8181
4072 4164 8229
4035 4200 8209
4084 4086 8145
4123 4132 8246
4164 4187 8313
4197 4199 8393
4148 4173 8294
4180 4184 8332
4135 4181 8312
4135 4159 8262
4190 4192 8366
4082 4124 8193
4009 4073 8075
4077 4111 8167
4159 4181 8334
4115 4171 8253
4141 4172 8305
4045 4072 8111
4007 4160 8154
4171 4194 8355

0.010000 0.580000
