200
987298
3017 3138 6155
3198 3199 6397
3170 3180 6350
3045 3160 6205
3150 3170 6320
3034 3045 6079
3139 3200 6339
3052 3182 6234
3185 3195 6380
3035 3174 6209
3156 3190 6346
3101 3189 6290
3106 3171 6277
3111 3161 6272
3012 3180 6192
3189 3194 6383
3032 3102 6134
3106 3153 6259
3062 3151 6213
3162 3171 6333
3069 3158 6227
3163 3171 6334
3098 3157 6255
3157 3194 6351
3043 3151 6194
3144 3189 6333
3159 3186 6345
3025 3154 6179
3182 3184 6366
3055 3135 6190
3147 3170 6317
3083 3188 6271
3178 3182 6360
3120 3176 6296
3022 3186 6208
3163 3181 6344
3189 3198 6387
3162 3173 6335
3059 3085 6144
3137 3148 6285
3047 3129 6176
3099 3137 6236
3127 3182 6309
3194 3198 6392
3145 3192 6337
3139 3188 6327
3119 3176 6295
3133 3141 6274
3195 3199 6394
3130 3191 6321
3029 3067 6096
3088 3162 6250
3138 3178 6316
3000 3126 6126
3115 3146 6261
3096 3164 6260
3162 3196 6358
3078 3117 6195
3035 3189 6224
3097 3106 6203
3023 3083 6106
3083 3192 6275
3188 3198 6386
3130 3145 6275
3186 3191 6377
3056 3196 6252
3185 3198 6383
3116 3199 6315
3010 3089 6099
3184 3194 6378
3047 3066 6113
3140 3146 6286
3103 3183 6286
3057 3173 6230
3181 3185 6366
3174 3197 6371
3103 3136 6239
3144 3172 6316
3073 3137 6210
3052 3138 6190
3026 3078 6104
3012 3055 6067
3096 3098 6194
3055 3133 6188
3136 3159 6295
3185 3200 6385
3029 3089 6118
3005 3082 6087
3182 3199 6381
3103 3132 6235
3013 3098 6111
3147 3172 6319
3164 3200 6364
3011 3158 6169
3025 3115 6140
3188 3199 6387
3042 3119 6161
3198 3199 6397
3077 3198 6275
3146 3188 6334
3011 3199 6210
3140 3153 6293
3113 3119 6232
3123 3134 6257
3018 3089 6107
3072 3107 6179
3158 3164 6322
3144 3162 6306
3067 3118 6185
3069 3140 6209
3146 3160 6306
3002 3140 6142
3189 3192 6381
3104 3121 6225
3143 3187 6330
3086 3105 6191
3191 3193 6384
3115 3141 6256
3136 3195 6331
3018 3101 6119
3184 3192 6376
3132 3148 6280
3109 3162 6271
3071 3194 6265
3195 3196 6391
3024 3196 6220
3065 3092 6157
3032 3141 6173
3001 3030 6031
3065 3091 6156
3074 3086 6160
3155 3196 6351
3177 3200 6377
3159 3176 6335
3136 3177 6313
3096 3130 6226
3086 3114 6200
3134 3174 6308
3144 3162 6306
3032 3107 6139
3199 3200 6399
3003 3102 6105
3115 3142 6257
3079 3158 6237
3036 3193 6229
3029 3148 6177
3170 3171 6341
3156 3200 6356
3102 3104 6206
3041 3116 6157
3197 3200 6397
3080 3159 6239
3008 3023 6031
3037 3116 6153
3124 3176 6300
3061 3162 6223
3117 3156 6273
3017 3047 6064
3117 3140 6257
3144 3190 6334
3017 3033 6050
3178 3200 6378
3198 3199 6397
3033 3124 6157
3100 3105 6205
3145 3186 6331
3196 3198 6394
3138 3151 6289
3195 3196 6391
3035 3100 6135
3117 3193 6310
3054 3073 6127
3041 3177 6218
3186 3198 6384
3155 3160 6315
3020 3072 6092
3118 3126 6244
3171 3177 6348
3130 3182 6312
3171 3198 6369
3022 3076 6098
3161 3183 6344
3147 3186 6333
3175 3176 6351
3125 3183 6308
3025 3069 6094
3009 3133 6142
3029 3161 6190
3177 3187 6364
3007 3145 6152
3059 3085 6144
3083 3181 6264
3104 3173 6277
3025 3101 6126
3131 3175 6306
3195 3199 6394
3083 3176 6259
3153 3196 6349
3046 3192 6238
3169 3170 6339

4097 4131 8213
4168 4169 8329
4087 4122 8198
4018 4150 8159
4191 4195 8361
4117 4137 8245
4042 4192 8208
4039 4114 8138
4099 4154 8245
4016 4188 8168
4172 4196 8351
4008 4140 8145
4085 4187 8262
4140 4155 8265
4159 4183 8304
4146 4169 8281
4020 4196 8202
4152 4192 8331
4174 4176 8343
4152 4180 8295
4088 4110 8196
4127 4182 8299
4144 4199 8342
4130 4160 8256
4080 4173 8235
4035 4144 8154
4132 4196 8291
4052 4176 8193
4141 4195 8313
4078 4166 8236
4127 4143 8233
4065 4104 8147
4174 4197 8334
4156 4192 8335
4147 4149 8272
4001 4026 7996
4069 4192 8247
4010 4095 8067
4122 4183 8272
4161 4164 8323
4010 4168 8168
4163 4172 8314
4139 4150 8269
4058 4118 8149
4078 4112 8153
4021 4152 8162
4187 4193 8374
4124 4151 8237
4193 4198 8390
4182 4186 8355
4039 4054 8092
4075 4099 8147
4088 4116 8170
4100 4186 8263
4184 4192 8365
4178 4180 8347
4073 4085 8136
4093 4168 8224
4112 4146 8227
4103 4178 8270
4048 4113 8152
4172 4179 8331
4060 4197 8236
4087 4162 8214
4135 4150 8278
4181 4183 8333
4066 4098 8147
4115 4174 8256
4064 4172 8233
4195 4197 8373
4092 4108 8192
4139 4180 8297
4078 4113 8154
4167 4178 8326
4069 4115 8160
4089 4184 8264
4005 4105 8102
4114 4172 8272
4099 4156 8233
4056 4062 8115
4175 4182 8322
4086 4156 8237
4053 4126 8152
4070 4123 8180
4016 4040 8054
4074 4161 8220
4047 4184 8199
4135 4196 8292
4123 4181 8278
4148 4176 8300
4019 4170 8182
4012 4041 8019
4094 4183 8262
4147 4192 8306
4146 4157 8294
4155 4186 8324
4074 4083 8125
4198 4199 8370
4098 4193 8286
4152 4187 8326
4015 4140 8139
4078 4103 8166
4017 4034 8039
4068 4142 8197
4048 4179 8194
4107 4169 8259
4187 4193 8379
4085 4185 8255
4179 4186 8351
4173 4177 8316
4025 4035 8046
4006 4049 8018
4075 4180 8250
4161 4187 8316
4066 4180 8244
4103 4160 8226
4088 4154 8235
4190 4200 8351
4181 4192 8351
4127 4166 8284
4007 4099 8085
4199 4200 8395
4119 4135 8253
4049 4060 8075
4014 4128 8117
4004 4121 8123
4113 4137 8229
4013 4124 8128
4090 4168 8238
4108 4166 8264
4053 4115 8143
4152 4195 8324
4075 4100 8150
4110 4115 8221
4002 4187 8161
4006 4137 8107
4160 4185 8342
4111 4161 8263
4070 4095 8137
4045 4151 8186
4127 4180 8273
4013 4126 8101
4163 4167 8327
4101 4181 8252
4040 4107 8130
4149 4190 8335
4181 4196 8358
4119 4148 8265
4130 4159 8284
4034 4171 8190
4178 4185 8338
4076 4198 8237
4100 4142 8238
4039 4171 8199
4170 4191 8359
4135 4181 8293
4160 4198 8355
4046 4095 8115
4001 4139 8118
4068 4070 8125
4109 4158 8238
4105 4169 8271
4130 4161 8270
4034 4046 8079
4012 4018 8003
4040 4088 8119
4022 4075 8080
4103 4198 8300
4053 4122 8173
4132 4160 8288
4020 4106 8088
4043 4050 8062
4058 4085 8132
4027 4054 8068
4123 4185 8300
4095 4149 8230
4179 4186 8346
4124 4145 8259
4062 4077 8107
4110 4196 8291
4083 4177 8233
4157 4175 8311
4102 4182 8275
4028 4040 8046
4107 4135 8216
4043 4149 8176
4054 4160 8182
4134 4135 8232
4101 4108 8177
4081 4152 8210
4122 4146 8233
4089 4134 8219
4092 4198 8279
4164 4199 8347
4121 4182 8283
4159 4178 8332
4009 4185 8182
4022 4145 8155
4028 4121 8147
4040 4116 8118

0.010000 0.600000
