200
1037104
3145 3191 6336
3033 3069 6102
3090 3157 6247
3108 3178 6286
3185 3196 6381
3043 3162 6205
3019 3088 6107
3136 3184 6320
3036 3112 6148
3061 3156 6217
3097 3122 6219
3050 3165 6215
3154 3177 6331
3007 3027 6034
3059 3182 6241
3104 3132 6236
3139 3164 6303
3053 3104 6157
3097 3132 6229
3062 3165 6227
3151 3161 6312
3148 3171 6319
3192 3197 6389
3070 3100 6170
3112 3164 6276
3001 3004 6005
3139 3154 6293
3051 3163 6214
3125 3162 6287
3061 3170 6231
3044 3200 6244
3139 3161 6300
3019 3038 6057
3141 3172 6313
3019 3040 6059
3182 3188 6370
3126 3199 6325
3048 3096 6144
3094 3197 6291
3041 3123 6164
3101 3165 6266
3090 3193 6283
3057 3145 6202
3160 3171 6331
3127 3184 6311
3088 3180 6268
3015 3181 6196
3147 3165 6312
3088 3116 6204
3197 3198 6395
3057 3195 6252
3007 3161 6168
3176 3190 6366
3140 3149 6289
3165 3170 6335
3056 3190 6246
3021 3093 6114
3110 3199 6309
3011 3192 6203
3069 3142 6211
3047 3171 6218
3030 3055 6085
3028 3138 6166
3036 3060 6096
3156 3174 6330
3090 3187 6277
3107 3166 6273
3175 3177 6352
3077 3197 6274
3021 3059 6080
3176 3194 6370
3134 3199 6333
3120 3200 6320
3058 3140 6198
3138 3198 6336
3151 3181 6332
3046 3192 6238
3091 3189 6280
3084 3178 6262
3051 3180 6231
3032 3153 6185
3074 3136 6210
3155 3173 6328
3194 3197 6391
3109 3135 6244
3096 3185 6281
3014 3033 6047
3194 3200 6394
3015 3048 6063
3148 3161 6309
3142 3180 6322
3147 3176 6323
3095 3146 6241
3165 3180 6345
3016 3105 6121
3086 3185 6271
3085 3180 6265
3098 3193 6291
3169 3186 6355
3063 3145 6208
3195 3197 6392
3161 3169 6330
3049 3151 6200
3151 3197 6348
3116 3132 6248
3063 3072 6135
3034 3153 6187
3071 3172 6243
3161 3165 6326
3071 3084 6155
3194 3200 6394
3034 3184 6218
3179 3183 6362
3183 3195 6378
3198 3200 6398
3105 3174 6279
3151 3175 6326
3150 3163 6313
3170 3191 6361
3180 3187 6367
3119 3175 6294
3034 3105 6139
3046 3100 6146
3190 3192 6382
3045 3099 6144
3008 3165 6173
3010 3092 6102
3090 3105 6195
3133 3184 6317
3037 3076 6113
3005 3183 6188
3029 3200 6229
3091 3104 6195
3076 3110 6186
3001 3058 6059
3084 3197 6281
3009 3132 6141
3016 3187 6203
3171 3192 6363
3143 3158 6301
3005 3058 6063
3157 3198 6355
3049 3161 6210
3110 3163 6273
3042 3148 6190
3033 3115 6148
3052 3061 6113
3162 3183 6345
3150 3153 6303
3112 3140 6252
3176 3197 6373
3142 3148 6290
3084 3094 6178
3072 3101 6173
3122 3169 6291
3046 3194 6240
3090 3110 6200
3138 3165 6303
3081 3125 6206
3176 3198 6374
3189 3200 6389
3161 3170 6331
3143 3176 6319
3171 3172 6343
3187 3196 6383
3007 3163 6170
3160 3186 6346
3021 3052 6073
3088 3196 6284
3150 3183 6333
3059 3110 6169
3041 3077 6118
3029 3157 6186
3012 3028 6040
3026 3078 6104
3087 3144 6231
3093 3153 6246
3194 3197 6391
3140 3149 6289
3134 3199 6333
3073 3133 6206
3126 3168 6294
3082 3134 6216
3095 3126 6221
3167 3177 6344
3190 3200 6390
3025 3062 6087
3107 3108 6215
3102 3117 6219
3168 3196 6364
3045 3165 6210
3064 3189 6253
3180 3187 6367
3048 3133 6181
3135 3173 6308
3095 3178 6273
3091 3116 6207
3065 3182 6247
3031 3035 6066
3113 3154 6267

4099 4123 8200
4024 4151 8169
4024 4101 8094
4174 4183 8326
4019 4134 8125
4065 4114 8174
4157 4193 8344
4181 4200 8369
4166 4194 8322
4194 4199 8386
4031 4128 8154
4000 4120 8101
4044 4170 8201
4040 4054 8077
4142 4200 8303
4157 4159 8293
4104 4122 8204
4072 4175 8220
4123 4131 8227
4161 4173 8300
4096 4122 8198
4116 4177 8275
4049 4157 8179
4066 4169 8200
4110 4131 8222
4030 4133 8155
4155 4195 8318
4079 4133 8204
4198 4199 8392
4020 4166 8158
4069 4122 8188
4103 4134 8233
4128 4155 8250
4013 4191 8195
4111 4173 8256
4002 4145 8123
4056 4192 8216
4114 4172 8260
4103 4146 8210
4101 4152 8229
4099 4126 8198
4135 4162 8268
4062 4190 8237
4033 4181 8211
4037 4197 8209
4195 4196 8390
4029 4131 8147
4022 4098 8095
4184 4196 8377
4126 4154 8268
4040 4166 8197
4011 4127 8110
4071 4110 8148
4106 4126 8214
4147 4149 8295
4016 4173 8162
4059 4118 8157
4021 4090 8101
4020 4130 8115
4176 4177 8314
4181 4190 8333
4190 4195 8346
4137 4196 8324
4168 4194 8345
4141 4168 8270
4029 4119 8124
4155 4180 8331
4069 4089 8131
4026 4192 8215
4183 4184 8332
4195 4198 8390
4109 4132 8240
4075 4129 8197
4185 4188 8359
4115 4192 8284
4059 4088 8145
4141 4196 8302
4077 4126 8187
4080 4194 8255
4024 4064 8074
4141 4183 8288
4107 4155 8260
4014 4040 8028
4128 4162 8252
4007 4089 8069
4097 4126 8200
4051 4180 8213
4163 4198 8351
4007 4073 8050
4173 4182 8354
4136 4164 8293
4164 4167 8326
4192 4193 8366
4114 4158 8271
4197 4199 8359
4063 4149 8183
4131 4145 8240
4105 4142 8242
4028 4044 8052
4070 4084 8148
4106 4138 8209
4194 4199 8368
4033 4066 8063
4052 4138 8185
4101 4156 8249
4138 4161 8264
4080 4137 8184
4173 4182 8337
4164 4174 8311
4030 4051 8046
4126 4139 8242
4173 4180 8348
4126 4128 8231
4192 4193 8350
4076 4112 8184
4167 4172 8327
4136 4138 8245
4145 4163 8283
4177 4190 8350
4001 4066 8054
4137 4156 8256
4040 4063 8066
4135 4200 8330
4118 4159 8263
4142 4150 8283
4057 4117 8158
4112 4134 8231
4195 4197 8359
4073 4129 8193
4162 4197 8333
4082 4127 8172
4150 4173 8303
4047 4107 8145
4073 4123 8159
4184 4187 8348
4010 4198 8182
4105 4192 8260
4041 4077 8109
4123 4170 8263
4088 4172 8236
4186 4187 8349
4134 4169 8281
4193 4197 8358
4042 4095 8102
4043 4148 8157
4182 4193 8345
4099 4123 8194
4097 4144 8219
4195 4198 8391
4082 4190 8264
4004 4122 8116
4026 4125 8138
4154 4160 8308
4197 4199 8372
4153 4167 8317
4020 4118 8127
4111 4116 8218
4124 4165 8263
4172 4190 8355
4172 4179 8321
4032 4126 8137
4142 4190 8308
4181 4194 8374
4004 4057 8050
4001 4039 8010
4054 4098 8145
4042 4045 8083
4129 4190 8308
4168 4187 8322
4029 4194 8222
4157 4200 8355
4163 4171 8319
4024 4067 8081
4117 4199 8305
4135 4156 8275
4074 4163 8222
4148 4189 8302
4099 4146 8243
4003 4020 7998
4038 4088 8121
4118 4164 8250
4012 4129 8107
4174 4193 8361
4167 4180 8334
4049 4124 8136
4180 4194 8362
4109 4119 8221
4006 4033 8034
4083 4085 8163
4090 4117 8172
4127 4139 8261
4004 4114 8099
4190 4193 8363
4151 4191 8340
4100 4140 8239
4009 4056 8028
4056 4195 8224
4079 4110 8187
4093 4112 8200
4118 4177 8270

0.010000 0.630000
