200
1085712
3085 3110 6195
3118 3137 6255
3155 3188 6343
3096 3132 6228
3101 3134 6235
3165 3176 6341
3096 3200 6296
3003 3100 6103
3005 3045 6050
3029 3169 6198
3015 3113 6128
3011 3044 6055
3165 3173 6338
3090 3133 6223
3113 3140 6253
3093 3115 6208
3024 3095 6119
3059 3070 6129
3149 3159 6308
3113 3116 6229
3100 3171 6271
3056 3078 6134
3135 3144 6279
3090 3176 6266
3106 3130 6236
3181 3183 6364
3195 3200 6395
3160 3174 6334
3088 3111 6199
3190 3194 6384
3075 3100 6175
3067 3080 6147
3181 3190 6371
3099 3165 6264
3032 3086 6118
3064 3094 6158
3141 3195 6336
3110 3187 6297
3040 3052 6092
3103 3149 6252
3117 3128 6245
3090 3182 6272
3045 3067 6112
3121 3200 6321
3008 3148 6156
3005 3166 6171
3190 3195 6385
3171 3187 6358
3010 3103 6113
3097 3121 6218
3017 3098 6115
3127 3178 6305
3149 3190 6339
3135 3161 6296
3088 3101 6189
3125 3173 6298
3130 3185 6315
3108 3119 6227
3162 3194 6356
3141 3146 6287
3098 3102 6200
3152 3199 6351
3118 3149 6267
3080 3151 6231
3085 3170 6255
3108 3117 6225
3147 3149 6296
3119 3173 6292
3097 3107 6204
3140 3168 6308
3099 3152 6251
3131 3169 6300
3167 3184 6351
3173 3182 6355
3033 3189 6222
3071 3108 6179
3186 3196 6382
3128 3148 6276
3023 3059 6082
3090 3184 6274
3113 3131 6244
3022 3082 6104
3005 3070 6075
3089 3104 6193
3191 3192 6383
3038 3073 6111
3126 3196 6322
3124 3163 6287
3161 3175 6336
3037 3109 6146
3101 3105 6206
3159 3188 6347
3039 3175 6214
3077 3172 6249
3024 3053 6077
3123 3140 6263
3181 3190 6371
3097 3200 6297
3131 3193 6324
3149 3163 6312
3075 3196 6271
3199 3200 6399
3031 3105 6136
3159 3180 6339
3124 3132 6256
3094 3132 6226
3196 3198 6394
3181 3189 6370
3068 3109 6177
3121 3151 6272
3100 3143 6243
3051 3190 6241
3005 3133 6138
3004 3061 6065
3066 3117 6183
3141 3182 6323
3051 3197 6248
3151 3166 6317
3027 3045 6072
3110 3134 6244
3141 3172 6313
3080 3195 6275
3130 3149 6279
3141 3157 6298
3015 3020 6035
3085 3114 6199
3178 3184 6362
3196 3197 6393
3070 3086 6156
3146 3179 6325
3095 3179 6274
3057 3174 6231
3083 3188 6271
3039 3074 6113
3061 3113 6174
3026 3086 6112
3138 3188 6326
3061 3111 6172
3157 3198 6355
3189 3197 6386
3125 3158 6283
3162 3190 6352
3005 3191 6196
3053 3063 6116
3148 3178 6326
3066 3094 6160
3199 3200 6399
3012 3188 6200
3120 3160 6280
3192 3193 6385
3093 3096 6189
3068 3191 6259
3168 3182 6350
3037 3143 6180
3146 3178 6324
3031 3060 6091
3099 3173 6272
3072 3193 6265
3132 3191 6323
3130 3198 6328
3174 3198 6372
3127 3198 6325
3128 3162 6290
3196 3200 6396
3032 3127 6159
3052 3194 6246
3173 3198 6371
3133 3166 6299
3052 3113 6165
3002 3016 6018
3158 3186 6344
3180 3194 6374
3197 3199 6396
3065 3088 6153
3186 3195 6381
3097 3109 6206
3192 3193 6385
3024 3190 6214
3150 3198 6348
3181 3183 6364
3094 3154 6248
3163 3182 6345
3125 3181 6306
3086 3143 6229
3058 3122 6180
3037 3153 6190
3061 3191 6252
3158 3168 6326
3098 3107 6205
3142 3157 6299
3093 3147 6240
3125 3155 6280
3168 3189 6357
3032 3152 6184
3062 3105 6167
3102 3160 6262
3034 3096 6130
3006 3136 6142
3015 3129 6144
3151 3166 6317

4129 4163 8254
4034 4179 8206
4047 4194 8230
4181 4182 8334
4124 4184 8283
4004 4054 8045
4132 4156 8250
4178 4185 8339
4020 4111 8114
4078 4154 8214
4098 4182 8270
4041 4200 8218
4027 4096 8101
4182 4194 8375
4056 4163 8185
4097 4176 8258
4037 4200 8235
4183 4188 8339
4021 4029 8020
4083 4194 8240
4184 4194 8355
4039 4106 8113
4192 4199 8366
4027 4134 8144
4100 4180 8255
4045 4080 8121
4099 4103 8185
4084 4144 8209
4052 4137 8184
4075 4145 8182
4157 4189 8316
4190 4197 8382
4109 4160 8250
4119 4182 8278
4014 4161 8142
4018 4071 8062
4103 4153 8248
4144 4156 8272
4024 4172 8172
4170 4195 8344
4009 4144 8117
4118 4169 8270
4132 4172 8293
4018 4166 8147
4170 4179 8340
4035 4153 8163
4042 4179 8215
4179 4192 8344
4044 4152 8171
4152 4187 8312
4141 4172 8291
4065 4117 8179
4083 4115 8176
4082 4194 8254
4134 4165 8282
4034 4036 8049
4182 4189 8354
4023 4159 8146
4031 4076 8073
4178 4188 8354
4076 4165 8210
4131 4195 8319
4074 4192 8246
4100 4135 8218
4123 4198 8299
4055 4060 8089
4019 4130 8120
4099 4136 8197
4140 4149 8270
4140 4183 8321
4050 4133 8170
4130 4197 8317
4051 4125 8167
4076 4176 8218
4157 4193 8338
4072 4175 8227
4061 4083 8126
4041 4191 8211
4197 4199 8366
4071 4173 8221
4034 4159 8158
4145 4160 8276
4119 4146 8241
4046 4055 8090
4197 4198 8381
4065 4076 8119
4118 4173 8272
4093 4157 8247
4169 4200 8362
4025 4180 8179
4030 4090 8100
4161 4166 8304
4006 4070 8051
4161 4200 8325
4139 4160 8267
4049 4064 8079
4171 4189 8342
4098 4158 8253
4043 4181 8206
4095 4195 8268
4181 4183 8330
4184 4194 8355
4097 4151 8221
4098 4159 8248
4145 4200 8315
4166 4191 8333
4196 4199 8378
4011 4181 8156
4174 4189 8329
4025 4105 8092
4111 4182 8276
4030 4056 8066
4198 4200 8366
4025 4115 8108
4009 4050 8022
4171 4178 8332
4086 4198 8249
4076 4117 8182
4127 4131 8255
4005 4018 8008
4003 4169 8167
4021 4029 8022
4111 4180 8252
4130 4159 8276
4016 4136 8146
4109 4157 8252
4160 4189 8346
4171 4197 8352
4109 4184 8271
4184 4195 8344
4152 4182 8302
4151 4165 8306
4073 4131 8194
4059 4070 8099
4118 4176 8284
4003 4196 8193
4082 4111 8183
4180 4195 8372
4121 4199 8319
4019 4066 8050
4156 4164 8294
4178 4184 8342
4008 4139 8141
4199 4200 8397
4056 4066 8115
4199 4200 8389
4019 4152 8159
4047 4194 8229
4022 4162 8180
4098 4150 8242
4017 4151 8146
4088 4103 8175
4158 4174 8309
4025 4098 8110
4107 4151 8244
4052 4169 8211
4091 4097 8183
4174 4175 8345
4008 4185 8178
4188 4189 8342
4049 4147 8162
4161 4166 8308
4162 4199 8358
4113 4183 8283
4040 4192 8207
4182 4185 8336
4001 4032 8014
4019 4039 8035
4112 4125 8214
4024 4062 8082
4158 4180 8323
4081 4189 8250
4127 4134 8249
4118 4124 8226
4113 4135 8216
4042 4106 8143
4048 4163 8183
4020 4138 8145
4038 4109 8134
4058 4070 8095
4014 4178 8162
4045 4048 8062
4174 4185 8353
4017 4124 8108
4057 4086 8122
4030 4153 8152
4162 4186 8346
4096 4125 8211
4191 4193 8370
4158 4175 8296
4060 4194 8221
4004 4166 8132
4095 4127 8218
4020 4032 8032
4137 4142 8252
4031 4120 8139
4114 4179 8261
4130 4164 8291
4097 4106 8185
4117 4167 8271

0.010000 0.660000
