200
1086509
3179 3187 6366
3183 3197 6380
3109 3188 6297
3135 3174 6309
3066 3104 6170
3174 3191 6365
3017 3086 6103
3013 3065 6078
3009 3146 6155
3169 3183 6352
3014 3080 6094
3113 3165 6278
3003 3040 6043
3109 3157 6266
3154 3158 6312
3062 3148 6210
3142 3163 6305
3154 3188 6342
3137 3200 6337
3011 3158 6169
3093 3122 6215
3000 3156 6156
3175 3182 6357
3186 3195 6381
3196 3197 6393
3187 3199 6386
3170 3191 6361
3099 3101 6200
3004 3043 6047
3001 3123 6124
3095 3139 6234
3129 3153 6282
3169 3185 6354
3002 3150 6152
3048 3124 6172
3197 3200 6397
3065 3117 6182
3056 3114 6170
3115 3139 6254
3145 3151 6296
3168 3195 6363
3081 3145 6226
3182 3198 6380
3071 3187 6258
3033 3188 6221
3011 3142 6153
3130 3152 6282
3106 3128 6234
3119 3198 6317
3024 3135 6159
3005 3037 6042
3037 3068 6105
3077 3144 6221
3025 3169 6194
3004 3039 6043
3098 3200 6298
3018 3094 6112
3094 3097 6191
3080 3136 6216
3190 3194 6384
3096 3193 6289
3046 3164 6210
3095 3194 6289
3187 3200 6387
3134 3177 6311
3092 3114 6206
3143 3196 6339
3028 3055 6083
3044 3091 6135
3147 3188 6335
3038 3114 6152
3056 3121 6177
3191 3196 6387
3187 3192 6379
3044 3146 6190
3104 3145 6249
3062 3157 6219
3019 3047 6066
3149 3181 6330
3051 3099 6150
3019 3056 6075
3184 3189 6373
3137 3141 6278
3148 3162 6310
3093 3106 6199
3143 3182 6325
3198 3199 6397
3074 3112 6186
3069 3075 6144
3111 3192 6303
3088 3126 6214
3071 3185 6256
3047 3134 6181
3106 3107 6213
3151 3166 6317
3036 3132 6168
3051 3155 6206
3045 3054 6099
3185 3188 6373
3117 3120 6237
3068 3151 6219
3158 3167 6325
3089 3191 6280
3129 3134 6263
3176 3191 6367
3197 3200 6397
3072 3197 6269
3125 3189 6314
3056 3067 6123
3021 3054 6075
3179 3184 6363
3128 3151 6279
3091 3106 6197
3084 3115 6199
3021 3036 6057
3097 3099 6196
3005 3092 6097
3177 3188 6365
3053 3060 6113
3015 3184 6199
3197 3200 6397
3085 3165 6250
3082 3086 6168
3033 3101 6134
3168 3183 6351
3132 3194 6326
3069 3095 6164
3087 3184 6271
3063 3130 6193
3134 3166 6300
3024 3119 6143
3184 3185 6369
3055 3119 6174
3160 3163 6323
3150 3188 6338
3197 3199 6396
3090 3119 6209
3192 3198 6390
3138 3183 6321
3037 3165 6202
3105 3122 6227
3065 3155 6220
3099 3196 6295
3018 3098 6116
3109 3196 6305
3115 3197 6312
3136 3158 6294
3171 3199 6370
3190 3196 6386
3006 3036 6042
3136 3149 6285
3147 3177 6324
3123 3154 6277
3104 3164 6268
3045 3167 6212
3066 3162 6228
3155 3192 6347
3196 3198 6394
3034 3061 6095
3026 3156 6182
3186 3188 6374
3101 3173 6274
3170 3179 6349
3180 3181 6361
3047 3173 6220
3179 3185 6364
3147 3180 6327
3171 3191 6362
3101 3198 6299
3069 3173 6242
3105 3109 6214
3081 3191 6272
3113 3143 6256
3119 3120 6239
3071 3135 6206
3184 3200 6384
3059 3138 6197
3141 3144 6285
3091 3121 6212
3187 3190 6377
3048 3101 6149
3072 3101 6173
3033 3102 6135
3174 3187 6361
3166 3176 6342
3096 3117 6213
3091 3123 6214
3059 3072 6131
3024 3193 6217
3066 3096 6162
3046 3190 6236
3126 3198 6324
3005 3172 6177
3195 3199 6394
3096 3187 6283
3090 3136 6226
3036 3042 6078
3134 3179 6313
3184 3191 6375
3116 3121 6237

4162 4179 8316
4087 4185 8263
4195 4197 8383
4117 4190 8302
4193 4194 8357
4140 4195 8324
4097 4173 8267
4092 4134 8206
4110 4190 8273
4144 4169 8305
4193 4200 8379
4007 4078 8050
4113 4195 8277
4162 4180 8339
4168 4169 8306
4127 4161 8253
4177 4190 8328
4000 4159 8127
4030 4082 8089
4122 4164 8274
4154 4171 8293
4185 4194 8370
4071 4183 8220
4040 4175 8205
4048 4068 8115
4062 4137 8188
4157 4173 8324
4182 4194 8370
4044 4084 8127
4026 4173 8195
4043 4171 8212
4059 4154 8187
4054 4200 8229
4079 4190 8252
4092 4196 8272
4153 4169 8303
4108 4132 8232
4002 4189 8167
4165 4199 8346
4005 4095 8090
4033 4114 8143
4033 4058 8059
4056 4159 8181
4106 4120 8224
4137 4165 8281
4171 4177 8313
4034 4105 8108
4034 4167 8163
4043 4109 8131
4024 4110 8131
4182 4194 8345
4086 4146 8214
4159 4185 8323
4042 4181 8188
4195 4197 8370
4168 4194 8355
4113 4123 8201
4196 4200 8383
4043 4166 8200
4158 4168 8297
4127 4183 8293
4050 4192 8209
4013 4195 8201
4194 4196 8366
4079 4199 8277
4000 4108 8087
4117 4199 8283
4039 4071 8093
4148 4191 8338
4023 4128 8141
4026 4080 8096
4086 4190 8255
4067 4095 8129
4117 4151 8240
4112 4116 8213
4001 4146 8123
4168 4186 8348
4044 4195 8212
4174 4187 8329
4095 4104 8177
4014 4194 8185
4117 4138 8232
4186 4194 8342
4024 4137 8124
4182 4186 8347
4014 4147 8151
4011 4171 8156
4099 4143 8223
4174 4181 8326
4065 4159 8186
4063 4133 8189
4031 4180 8209
4021 4065 8063
4038 4185 8200
4189 4192 8345
4118 4181 8290
4006 4055 8034
4044 4140 8173
4149 4180 8312
4024 4157 8151
4155 4178 8306
4179 4192 8341
4175 4186 8333
4150 4163 8311
4036 4110 8113
4085 4193 8243
4001 4039 8013
4116 4161 8267
4096 4108 8196
4102 4107 8188
4108 4170 8270
4149 4155 8289
4026 4048 8073
4185 4197 8378
4169 4185 8347
4065 4152 8189
4190 4198 8357
4188 4192 8341
4087 4088 8161
4154 4168 8284
4110 4151 8253
4054 4067 8112
4192 4198 8359
4151 4160 8288
4064 4084 8111
4168 4197 8354
4084 4104 8171
4056 4165 8185
4010 4131 8118
4097 4132 8191
4133 4135 8253
4075 4175 8220
4192 4193 8347
4062 4110 8154
4053 4194 8213
4117 4140 8235
4036 4062 8085
4185 4198 8375
4196 4200 8381
4028 4068 8058
4167 4172 8304
4009 4182 8171
4006 4160 8154
4036 4138 8141
4127 4145 8244
4130 4191 8307
4123 4154 8256
4016 4022 8011
4177 4189 8358
4125 4144 8236
4008 4150 8155
4116 4179 8274
4136 4197 8308
4011 4176 8171
4166 4192 8337
4088 4161 8238
4078 4126 8186
4190 4193 8353
4090 4098 8185
4062 4145 8200
4106 4149 8231
4176 4199 8351
4076 4141 8202
4112 4137 8235
4043 4077 8093
4008 4083 8063
4019 4135 8132
4075 4189 8239
4139 4193 8310
4129 4188 8310
4104 4199 8293
4032 4106 8114
4023 4158 8166
4140 4177 8296
4113 4190 8289
4164 4167 8301
4101 4172 8263
4049 4152 8185
4177 4195 8352
4110 4198 8270
4022 4086 8075
4034 4147 8158
4174 4189 8352
4145 4179 8295
4046 4071 8105
4144 4185 8296
4027 4195 8188
4065 4192 8232
4017 4021 8005
4105 4123 8218
4046 4123 8166
4003 4154 8138
4184 4186 8339
4025 4121 8118
4123 4189 8308
4176 4181 8321
4052 4087 8132
4160 4185 8338
4082 4133 8213
4017 4103 8110

0.010000 0.660000
