300
765385
3034 3150 6184
3065 3167 6232
3172 3199 6371
3125 3181 6306
3067 3068 6135
3093 3200 6293
3077 3117 6194
3076 3177 6253
3076 3157 6233
3053 3151 6204
3196 3197 6393
3013 3075 6088
3133 3142 6275
3007 3115 6122
3052 3136 6188
3088 3100 6188
3074 3116 6190
3183 3196 6379
3185 3196 6381
3193 3200 6393
3116 3125 6241
3072 3187 6259
3058 3136 6194
3042 3176 6218
3054 3105 6159
3045 3185 6230
3081 3165 6246
3098 3136 6234
3138 3192 6330
3112 3197 6309
3175 3193 6368
3140 3146 6286
3164 3181 6345
3170 3184 6354
3077 3100 6177
3067 3090 6157
3127 3194 6321
3013 3200 6213
3056 3174 6230
3020 3163 6183
3031 3062 6093
3102 3200 6302
3188 3195 6383
3147 3148 6295
3062 3139 6201
3086 3094 6180
3132 3168 6300
3194 3200 6394
3082 3165 6247
3106 3147 6253
3024 3083 6107
3103 3165 6268
3070 3130 6200
3000 3142 6142
3111 3132 6243
3197 3198 6395
3096 3151 6247
3196 3199 6395
3143 3153 6296
3077 3187 6264
3171 3176 6347
3068 3180 6248
3042 3061 6103
3054 3142 6196
3125 3178 6303
3105 3115 6220
3123 3147 6270
3026 3151 6177
3058 3200 6258
3103 3165 6268
3001 3019 6020
3091 3099 6190
3090 3181 6271
3038 3128 6166
3171 3183 6354
3165 3190 6355
3009 3131 6140
3089 3149 6238
3012 3104 6116
3085 3185 6270
3141 3177 6318
3062 3097 6159
3151 3179 6330
3138 3143 6281
3181 3190 6371
3142 3184 6326
3199 3200 6399
3138 3192 6330
3071 3139 6210
3023 3194 6217
3192 3195 6387
3152 3186 6338
3089 3122 6211
3136 3170 6306
3026 3054 6080
3188 3195 6383
3196 3199 6395
3029 3156 6185
3198 3200 6398
3068 3142 6210
3061 3141 6202
3147 3166 6313
3105 3114 6219
3168 3186 6354
3070 3149 6219
3182 3188 6370
3120 3142 6262
3027 3125 6152
3165 3188 6353
3144 3197 6341
3172 3192 6364
3017 3133 6150
3058 3067 6125
3028 3183 6211
3192 3194 6386
3043 3137 6180
3094 3159 6253
3027 3131 6158
3176 3182 6358
3154 3161 6315
3066 3184 6250
3182 3191 6373
3124 3198 6322
3043 3143 6186
3085 3109 6194
3069 3157 6226
3181 3195 6376
3087 3091 6178
3042 3132 6174
3166 3179 6345
3167 3198 6365
3015 3050 6065
3000 3068 6068
3018 3166 6184
3086 3090 6176
3117 3191 6308
3035 3121 6156
3188 3190 6378
3157 3158 6315
3053 3143 6196
3027 3132 6159
3099 3128 6227
3013 3097 6110
3125 3147 6272
3154 3192 6346
3146 3184 6330
3082 3161 6243
3058 3080 6138
3092 3159 6251
3102 3120 6222
3156 3172 6328
3013 3115 6128
3154 3199 6353
3063 3176 6239
3148 3177 6325
3102 3114 6216
3055 3155 6210
3073 3185 6258
3124 3173 6297
3111 3124 6235
3142 3198 6340
3013 3158 6171
3196 3200 6396
3124 3167 6291
3138 3146 6284
3107 3138 6245
3050 3194 6244
3008 3071 6079
3096 3151 6247
3019 3030 6049
3105 3145 6250
3091 3122 6213
3186 3196 6382
3155 3167 6322
3061 3180 6241
3091 3171 6262
3069 3095 6164
3067 3078 6145
3125 3134 6259
3015 3125 6140
3021 3198 6219
3135 3142 6277
3106 3163 6269
3059 3060 6119
3022 3032 6054
3028 3095 6123
3174 3184 6358
3072 3198 6270
3022 3073 6095
3078 3085 6163
3024 3067 6091
3092 3183 6275
3025 3119 6144
3137 3142 6279
3167 3174 6341
3106 3138 6244
3172 3198 6370
3126 3156 6282
3196 3197 6393
3059 3130 6189
3182 3198 6380
3136 3152 6288
3132 3200 6332
3116 3170 6286
3003 3060 6063
3032 3133 6165
3197 3198 6395
3137 3161 6298
3186 3200 6386
3004 3040 6044
3169 3198 6367
3146 3193 6339
3161 3179 6340
3014 3195 6209
3121 3152 6273
3116 3159 6275
3039 3169 6208
3140 3193 6333
3156 3194 6350
3163 3174 6337
3010 3106 6116
3196 3198 6394
3111 3175 6286
3046 3129 6175
3170 3184 6354
3106 3124 6230
3094 3139 6233
3043 3070 6113
3197 3199 6396
3004 3127 6131
3011 3163 6174
3132 3198 6330
3004 3156 6160
3037 3089 6126
3046 3143 6189
3033 3177 6210
3165 3189 6354
3168 3198 6366
3166 3173 6339
3032 3058 6090
3042 3072 6114
3183 3197 6380
3038 3071 6109
3106 3138 6244
3121 3172 6293
3148 3192 6340
3051 3136 6187
3183 3189 6372
3125 3171 6296
3167 3183 6350
3156 3180 6336
3109 3163 6272
3180 3188 6368
3193 3197 6390
3003 3042 6045
3164 3168 6332
3002 3197 6199
3161 3178 6339
3171 3190 6361
3101 3160 6261
3174 3184 6358
3028 3198 6226
3009 3148 6157
3100 3129 6229
3155 3190 6345
3193 3200 6393
3159 3182 6341
3042 3126 6168
3065 3124 6189
3125 3137 6262
3095 3108 6203
3024 3065 6089
3020 3092 6112
3091 3181 6272
3092 3169 6261
3048 3072 6120
3181 3192 6373
3096 3182 6278
3103 3197 6300
3142 3175 6317
3079 3167 6246
3014 3100 6114
3008 3030 6038
3039 3068 6107
3084 3145 6229
3191 3198 6389
3042 3089 6131
3015 3146 6161
3097 3155 6252
3140 3174 6314
3196 3197 6393
3081 3188 6269
3062 3156 6218
3198 3199 6397
3093 3151 6244
3082 3150 6232
3010 3133 6143
3108 3135 6243
3096 3132 6228
3135 3152 6287

4056 4139 8178
4171 4172 8329
4069 4082 8137
4052 4068 8096
4108 4184 8273
4012 4072 8064
4140 4148 8281
4159 4194 8318
4038 4056 8076
4094 4127 8210
4139 4166 8279
4168 4197 8353
4191 4196 8360
4127 4148 8250
4152 4172 8299
4195 4196 8371
4175 4189 8354
4130 4189 8286
4127 4129 8218
4172 4191 8351
4173 4176 8336
4139 4174 8277
4089 4199 8281
4078 4125 8173
4167 4181 8318
4002 4153 8129
4148 4160 8293
4070 4188 8232
4194 4197 8374
4189 4193 8373
4012 4175 8154
4090 4138 8210
4084 4092 8160
4098 4131 8202
4098 4142 8224
4060 4065 8118
4119 4177 8281
4100 4189 8282
4044 4124 8152
4010 4079 8088
4032 4115 8118
4101 4137 8208
4053 4122 8168
4002 4087 8067
4137 4185 8298
4101 4185 8252
4141 4199 8302
4153 4186 8318
4075 4092 8138
4002 4023 8024
4155 4185 8320
4101 4136 8218
4128 4192 8306
4112 4149 8257
4114 4140 8229
4084 4187 8259
4159 4182 8315
4058 4118 8158
4105 4161 8229
4139 4167 8298
4152 4157 8272
4129 4176 8270
4199 4200 8376
4107 4161 8240
4090 4100 8188
4068 4157 8216
4007 4116 8111
4049 4182 8225
4011 4123 8129
4000 4005 7986
4008 4011 7989
4012 4080 8069
4160 4166 8324
4081 4197 8249
4184 4200 8370
4100 4162 8223
4101 4189 8276
4002 4078 8075
4144 4200 8342
4184 4188 8359
4038 4148 8169
4009 4176 8172
4179 4183 8357
4096 4123 8190
4191 4197 8360
4069 4103 8153
4155 4176 8313
4180 4195 8372
4056 4170 8201
4052 4054 8103
4036 4137 8153
4164 4196 8339
4133 4146 8240
4104 4126 8191
4005 4113 8112
4025 4036 8041
4068 4187 8222
4065 4146 8188
4188 4197 8365
4099 4101 8169
4143 4188 8299
4024 4198 8219
4081 4096 8158
4149 4153 8264
4117 4167 8278
4186 4194 8366
4028 4116 8120
4013 4039 8042
4124 4195 8315
4068 4129 8189
4163 4165 8314
4007 4170 8169
4057 4193 8214
4022 4177 8192
4158 4186 8307
4140 4190 8305
4146 4200 8340
4002 4176 8174
4085 4199 8264
4111 4169 8241
4043 4131 8142
4134 4197 8320
4085 4189 8259
4048 4200 8213
4023 4174 8166
4112 4126 8212
4166 4191 8333
4172 4187 8350
4145 4179 8293
4049 4128 8153
4096 4134 8199
4060 4095 8135
4124 4130 8250
4172 4186 8355
4158 4160 8296
4124 4191 8276
4071 4159 8213
4073 4115 8158
4043 4180 8221
4094 4099 8174
4037 4106 8134
4060 4105 8144
4140 4151 8285
4023 4159 8146
4195 4197 8369
4123 4148 8234
4078 4109 8175
4114 4197 8290
4130 4172 8291
4024 4105 8092
4088 4153 8216
4068 4156 8190
4135 4151 8281
4034 4068 8066
4092 4153 8230
4024 4030 8019
4096 4181 8276
4178 4193 8350
4066 4075 8126
4187 4192 8366
4122 4153 8260
4188 4189 8366
4148 4152 8270
4009 4063 8047
4121 4141 8239
4069 4100 8138
4113 4181 8271
4049 4174 8201
4127 4186 8287
4172 4199 8364
4083 4109 8161
4158 4182 8318
4152 4176 8311
4131 4160 8273
4196 4197 8386
4080 4194 8247
4052 4190 8230
4063 4166 8212
4017 4128 8132
4162 4199 8336
4070 4176 8219
4037 4188 8220
4092 4139 8226
4124 4185 8305
4156 4198 8336
4087 4098 8169
4120 4178 8278
4059 4197 8253
4008 4178 8165
4183 4184 8337
4064 4112 8175
4063 4136 8169
4030 4090 8101
4091 4145 8201
4088 4091 8146
4061 4079 8103
4150 4155 8282
4065 4111 8162
4096 4187 8281
4093 4168 8226
4156 4200 8322
4156 4179 8310
4094 4130 8198
4190 4196 8374
4173 4187 8356
4023 4096 8098
4131 4169 8281
4009 4023 8011
4133 4166 8264
4073 4124 8192
4152 4179 8322
4131 4192 8301
4142 4162 8279
4170 4187 8322
4105 4170 8262
4102 4192 8278
4131 4170 8279
4101 4130 8213
4034 4078 8111
4186 4189 8371
4005 4036 8022
4197 4198 8373
4033 4111 8111
4135 4141 8264
4045 4051 8089
4036 4171 8205
4156 4158 8296
4126 4130 8232
4115 4118 8206
4033 4134 8153
4036 4129 8143
4168 4191 8323
4102 4124 8200
4073 4090 8134
4018 4134 8142
4038 4094 8124
4189 4200 8363
4170 4190 8358
4024 4089 8093
4058 4179 8233
4076 4162 8235
4187 4200 8365
4187 4200 8365
4062 4188 8237
4043 4052 8069
4007 4066 8049
4079 4156 8211
4075 4080 8119
4187 4192 8360
4060 4161 8189
4154 4183 8336
4100 4194 8292
4185 4195 8363
4150 4192 8308
4157 4184 8331
4028 4149 8171
4072 4106 8140
4048 4179 8192
4184 4185 8348
4012 4099 8100
4009 4149 8134
4038 4083 8101
4109 4152 8253
4105 4138 8237
4078 4190 8263
4140 4160 8290
4192 4199 8377
4181 4197 8372
4007 4019 8004
4194 4198 8362
4197 4198 8392
4156 4157 8277
4092 4139 8204
4116 4175 8255
4017 4050 8060
4034 4038 8058
4091 4164 8230
4061 4176 8208
4173 4179 8336
4131 4172 8295
4188 4190 8347
4020 4038 8041
4000 4198 8193
4002 4193 8186
4099 4145 8220
4129 4147 8265
4164 4180 8339
4045 4115 8148
4189 4199 8356
4024 4109 8124
4035 4137 8151
4064 4083 8132
4007 4198 8173
4166 4174 8301
4131 4199 8316
4049 4138 8168
4067 4157 8198
4019 4152 8157
4047 4111 8140
4100 4178 8243

0.010000 0.310000
