300
1801425
3123 3132 6255
3105 3179 6284
3064 3190 6254
3040 3092 6132
3133 3171 6304
3184 3187 6371
3135 3149 6284
3194 3200 6394
3082 3145 6227
3185 3188 6373
3086 3187 6273
3170 3193 6363
3103 3127 6230
3123 3138 6261
3042 3187 6229
3092 3146 6238
3057 3200 6257
3014 3067 6081
3031 3116 6147
3013 3188 6201
3189 3195 6384
3007 3136 6143
3029 3196 6225
3033 3057 6090
3032 3080 6112
3033 3079 6112
3076 3093 6169
3157 3177 6334
3059 3156 6215
3174 3182 6356
3173 3190 6363
3191 3192 6383
3163 3174 6337
3006 3094 6100
3050 3104 6154
3068 3096 6164
3119 3144 6263
3158 3169 6327
3065 3151 6216
3001 3156 6157
3083 3122 6205
3100 3122 6222
3124 3145 6269
3150 3155 6305
3045 3076 6121
3042 3182 6224
3037 3178 6215
3127 3144 6271
3189 3199 6388
3016 3107 6123
3040 3087 6127
3029 3094 6123
3154 3187 6341
3167 3191 6358
3040 3081 6121
3028 3065 6093
3169 3171 6340
3019 3056 6075
3030 3191 6221
3197 3198 6395
3097 3169 6266
3176 3198 6374
3030 3102 6132
3055 3114 6169
3021 3163 6184
3048 3069 6117
3140 3194 6334
3065 3120 6185
3089 3134 6223
3186 3188 6374
3199 3200 6399
3074 3167 6241
3000 3147 6147
3127 3137 6264
3140 3149 6289
3156 3167 6323
3156 3171 6327
3025 3027 6052
3022 3116 6138
3126 3197 6323
3095 3180 6275
3021 3054 6075
3036 3142 6178
3089 3104 6193
3161 3192 6353
3026 3164 6190
3115 3181 6296
3101 3184 6285
3140 3165 6305
3169 3182 6351
3037 3073 6110
3092 3122 6214
3012 3013 6025
3015 3049 6064
3033 3074 6107
3190 3195 6385
3073 3086 6159
3040 3085 6125
3164 3183 6347
3046 3149 6195
3169 3181 6350
3142 3178 6320
3129 3133 6262
3061 3081 6142
3185 3190 6375
3154 3193 6347
3140 3175 6315
3133 3137 6270
3085 3139 6224
3162 3193 6355
3109 3116 6225
3056 3081 6137
3128 3180 6308
3059 3091 6150
3058 3180 6238
3153 3179 6332
3109 3157 6266
3176 3186 6362
3173 3190 6363
3131 3141 6272
3086 3104 6190
3019 3022 6041
3128 3182 6310
3009 3057 6066
3004 3031 6035
3115 3180 6295
3006 3045 6051
3117 3155 6272
3016 3076 6092
3142 3180 6322
3099 3111 6210
3148 3153 6301
3025 3190 6215
3073 3081 6154
3174 3180 6354
3041 3063 6104
3111 3174 6285
3093 3174 6267
3141 3187 6328
3104 3196 6300
3119 3194 6313
3011 3023 6034
3001 3038 6039
3117 3151 6268
3095 3174 6269
3123 3150 6273
3156 3170 6326
3030 3076 6106
3091 3151 6242
3185 3192 6377
3167 3174 6341
3199 3200 6399
3073 3103 6176
3193 3200 6393
3041 3085 6126
3196 3198 6394
3178 3194 6372
3108 3146 6254
3036 3054 6090
3083 3114 6197
3097 3135 6232
3139 3155 6294
3001 3115 6116
3018 3151 6169
3056 3141 6197
3098 3143 6241
3079 3107 6186
3126 3174 6300
3001 3064 6065
3184 3191 6375
3039 3050 6089
3078 3145 6223
3178 3195 6373
3142 3200 6342
3100 3135 6235
3079 3147 6226
3052 3172 6224
3158 3173 6331
3056 3159 6215
3144 3163 6307
3181 3188 6369
3062 3122 6184
3105 3157 6262
3184 3191 6375
3020 3103 6123
3075 3133 6208
3094 3140 6234
3054 3072 6126
3173 3194 6367
3098 3184 6282
3036 3128 6164
3041 3077 6118
3053 3079 6132
3141 3187 6328
3102 3173 6275
3121 3195 6316
3199 3200 6399
3115 3163 6278
3188 3199 6387
3197 3199 6396
3199 3200 6399
3020 3126 6146
3074 3143 6217
3142 3156 6298
3055 3145 6200
3098 3115 6213
3132 3161 6293
3171 3172 6343
3112 3148 6260
3170 3194 6364
3064 3096 6160
3134 3167 6301
3114 3141 6255
3021 3048 6069
3163 3171 6334
3063 3146 6209
3063 3126 6189
3106 3166 6272
3016 3018 6034
3063 3099 6162
3165 3187 6352
3134 3188 6322
3182 3186 6368
3103 3160 6263
3002 3179 6181
3014 3089 6103
3082 3185 6267
3073 3180 6253
3093 3135 6228
3123 3145 6268
3037 3056 6093
3030 3097 6127
3170 3196 6366
3087 3124 6211
3198 3199 6397
3105 3154 6259
3076 3174 6250
3095 3140 6235
3186 3188 6374
3092 3111 6203
3074 3164 6238
3089 3179 6268
3130 3183 6313
3089 3113 6202
3099 3162 6261
3183 3188 6371
3005 3054 6059
3011 3112 6123
3059 3105 6164
3180 3185 6365
3015 3096 6111
3086 3129 6215
3034 3049 6083
3166 3179 6345
3010 3053 6063
3084 3137 6221
3090 3129 6219
3117 3136 6253
3060 3168 6228
3033 3100 6133
3114 3146 6260
3066 3130 6196
3057 3126 6183
3168 3197 6365
3065 3146 6211
3026 3183 6209
3138 3144 6282
3151 3158 6309
3108 3183 6291
3189 3196 6385
3181 3184 6365
3040 3192 6232
3154 3156 6310
3098 3107 6205
3014 3095 6109
3145 3146 6291
3047 3111 6158
3013 3186 6199
3094 3160 6254
3141 3159 6300
3087 3109 6196
3187 3191 6378
3043 3101 6144
3100 3192 6292
3197 3199 6396
3156 3161 6317
3120 3189 6309
3065 3150 6215
3109 3174 6283
3129 3136 6265
3005 3127 6132
3082 3110 6192
3110 3135 6245
3128 3168 6296
3074 3135 6209
3052 3102 6154
3052 3097 6149
3038 3087 6125
3103 3165 6268
3151 3188 6339

4196 4200 8379
4134 4178 8278
4060 4139 8170
4151 4152 8266
4105 4123 8210
4029 4165 8167
4175 4197 8359
4090 4199 8257
4147 4194 8310
4002 4044 8043
4140 4186 8315
4001 4057 8025
4022 4104 8124
4116 4168 8259
4014 4167 8174
4159 4163 8285
4153 4196 8330
4046 4084 8093
4094 4113 8195
4019 4066 8060
4117 4155 8236
4177 4182 8326
4103 4145 8235
4148 4160 8302
4020 4127 8131
4050 4115 8151
4090 4163 8224
4017 4161 8163
4004 4080 8056
4092 4096 8164
4149 4160 8282
4177 4193 8356
4027 4137 8126
4014 4185 8171
4062 4200 8256
4064 4130 8186
4004 4076 8056
4111 4152 8243
4046 4052 8097
4028 4086 8100
4178 4190 8340
4193 4194 8369
4115 4149 8243
4006 4105 8085
4028 4092 8093
4195 4196 8385
4134 4151 8271
4156 4189 8314
4097 4113 8184
4027 4121 8119
4103 4149 8251
4158 4168 8313
4070 4171 8206
4084 4109 8179
4116 4193 8272
4070 4150 8188
4069 4070 8135
4003 4118 8098
4193 4194 8371
4053 4146 8190
4039 4055 8084
4064 4198 8230
4108 4179 8279
4011 4047 8051
4021 4026 8013
4043 4163 8192
4095 4180 8271
4087 4101 8162
4156 4157 8305
4132 4180 8276
4052 4081 8119
4176 4200 8361
4095 4134 8224
4079 4107 8180
4068 4168 8211
4099 4190 8253
4000 4188 8179
4111 4173 8245
4095 4174 8237
4197 4198 8357
4153 4172 8292
4121 4166 8280
4186 4195 8348
4034 4159 8164
4167 4180 8337
4084 4146 8205
4085 4157 8213
4023 4157 8168
4136 4179 8306
4080 4121 8173
4084 4200 8248
4188 4200 8387
4182 4199 8350
4164 4184 8336
4113 4160 8252
4182 4189 8350
4004 4153 8148
4084 4088 8171
4151 4198 8328
4091 4119 8190
4104 4187 8278
4082 4199 8275
4033 4040 8071
4103 4163 8238
4082 4170 8236
4044 4081 8108
4116 4182 8259
4046 4060 8076
4003 4142 8130
4086 4130 8211
4130 4134 8227
4058 4080 8135
4185 4197 8357
4016 4031 8018
4024 4178 8168
4104 4159 8235
4025 4028 8033
4187 4198 8376
4066 4194 8244
4045 4195 8222
4197 4198 8356
4199 4200 8398
4028 4053 8080
4158 4167 8323
4152 4175 8320
4080 4194 8249
4163 4165 8315
4160 4166 8288
4087 4156 8229
4018 4124 8118
4030 4054 8052
4085 4189 8272
4170 4173 8337
4122 4143 8260
4095 4142 8233
4192 4199 8377
4011 4085 8076
4112 4148 8222
4133 4161 8292
4185 4193 8358
4182 4199 8368
4073 4193 8264
4174 4199 8367
4068 4144 8177
4121 4177 8297
4080 4111 8182
4009 4050 8022
4191 4192 8366
4165 4174 8317
4095 4097 8170
4010 4181 8190
4170 4175 8337
4020 4083 8091
4025 4065 8069
4001 4115 8102
4036 4129 8139
4045 4096 8113
4092 4185 8242
4028 4178 8174
4099 4182 8265
4174 4192 8356
4198 4199 8369
4050 4133 8180
4043 4173 8199
4178 4188 8339
4100 4142 8206
4003 4187 8168
4051 4177 8206
4146 4170 8308
4018 4139 8154
4071 4103 8144
4124 4200 8320
4184 4191 8368
4183 4195 8367
4092 4186 8260
4042 4062 8100
4009 4063 8053
4120 4188 8297
4020 4135 8123
4127 4167 8276
4017 4073 8052
4009 4121 8122
4037 4123 8128
4014 4030 8013
4134 4196 8317
4102 4168 8265
4098 4099 8163
4165 4190 8317
4029 4114 8131
4080 4145 8219
4001 4149 8132
4142 4187 8324
4025 4044 8043
4157 4193 8343
4118 4176 8279
4015 4175 8164
4062 4083 8126
4032 4181 8196
4000 4131 8123
4104 4178 8267
4176 4182 8322
4147 4181 8324
4097 4195 8286
4005 4071 8048
4064 4189 8233
4090 4192 8277
4116 4188 8268
4180 4196 8348
4121 4183 8287
4162 4186 8318
4082 4139 8210
4009 4039 8044
4119 4150 8262
4120 4140 8232
4068 4104 8140
4175 4190 8339
4017 4084 8083
4118 4189 8275
4159 4188 8342
4089 4101 8189
4049 4058 8090
4011 4190 8165
4116 4200 8304
4050 4071 8085
4024 4095 8114
4042 4098 8122
4080 4098 8172
4185 4194 8373
4095 4169 8228
4158 4179 8298
4148 4156 8287
4032 4189 8194
4043 4198 8211
4060 4140 8194
4028 4044 8035
4078 4165 8240
4088 4151 8206
4064 4141 8193
4141 4183 8300
4139 4149 8281
4121 4178 8262
4172 4199 8351
4170 4184 8331
4140 4180 8293
4182 4189 8368
4086 4104 8173
4087 4143 8219
4079 4130 8204
4046 4115 8142
4105 4191 8262
4177 4189 8360
4025 4027 8048
4087 4157 8228
4086 4184 8234
4037 4093 8116
4037 4188 8222
4115 4181 8261
4140 4162 8270
4136 4157 8263
4071 4099 8164
4093 4113 8197
4045 4066 8106
4183 4197 8377
4066 4109 8171
4084 4133 8183
4090 4129 8191
4064 4090 8131
4190 4199 8369
4191 4198 8384
4002 4003 7990
4199 4200 8391
4158 4188 8329
4129 4157 8260
4127 4166 8282
4109 4186 8287
4024 4066 8082
4158 4192 8338
4121 4143 8239
4109 4161 8250
4134 4190 8323
4150 4159 8284
4038 4098 8135
4128 4163 8268
4156 4184 8314
4136 4139 8263
4001 4128 8117
4092 4148 8211
4074 4144 8215
4163 4198 8327
4186 4190 8369
4136 4172 8276
4099 4150 8237
4112 4198 8278
4158 4160 8317
4106 4116 8203
4159 4170 8294
4060 4071 8129
4160 4195 8346
4052 4090 8108
4198 4199 8383

0.010000 0.730000
