300
1530962
3175 3199 6374
3092 3128 6220
3151 3152 6303
3172 3179 6351
3194 3196 6390
3179 3190 6369
3108 3123 6231
3181 3193 6374
3132 3145 6277
3185 3188 6373
3044 3163 6207
3092 3119 6211
3130 3190 6320
3100 3194 6294
3120 3178 6298
3097 3121 6218
3183 3189 6372
3031 3185 6216
3037 3084 6121
3165 3174 6339
3179 3193 6372
3091 3110 6201
3067 3196 6263
3021 3086 6107
3125 3131 6256
3194 3196 6390
3140 3187 6327
3040 3183 6223
3080 3103 6183
3141 3144 6285
3119 3136 6255
3069 3082 6151
3188 3189 6377
3081 3087 6168
3069 3137 6206
3169 3179 6348
3094 3186 6280
3012 3044 6056
3074 3160 6234
3167 3190 6357
3097 3183 6280
3046 3055 6101
3120 3194 6314
3160 3168 6328
3054 3200 6254
3021 3187 6208
3048 3166 6214
3021 3131 6152
3002 3071 6073
3121 3160 6281
3010 3129 6139
3113 3182 6295
3159 3198 6357
3145 3172 6317
3071 3083 6154
3100 3170 6270
3037 3120 6157
3101 3113 6214
3035 3108 6143
3189 3194 6383
3145 3188 6333
3197 3198 6395
3064 3098 6162
3031 3180 6211
3039 3161 6200
3137 3167 6304
3073 3127 6200
3079 3194 6273
3171 3184 6355
3194 3195 6389
3140 3162 6302
3092 3161 6253
3030 3192 6222
3049 3080 6129
3164 3168 6332
3064 3120 6184
3015 3049 6064
3158 3162 6320
3069 3193 6262
3150 3169 6319
3031 3181 6212
3106 3159 6265
3136 3186 6322
3003 3014 6017
3049 3065 6114
3105 3189 6294
3025 3173 6198
3065 3152 6217
3033 3179 6212
3138 3149 6287
3150 3187 6337
3058 3180 6238
3164 3181 6345
3000 3119 6119
3027 3150 6177
3194 3197 6391
3103 3152 6255
3165 3169 6334
3116 3128 6244
3135 3170 6305
3036 3142 6178
3149 3154 6303
3170 3181 6351
3052 3089 6141
3186 3198 6384
3073 3140 6213
3088 3117 6205
3172 3180 6352
3045 3191 6236
3077 3181 6258
3015 3078 6093
3172 3175 6347
3093 3154 6247
3171 3193 6364
3081 3191 6272
3068 3147 6215
3026 3096 6122
3001 3164 6165
3163 3187 6350
3030 3196 6226
3032 3046 6078
3048 3125 6173
3126 3131 6257
3095 3152 6247
3183 3185 6368
3173 3185 6358
3127 3131 6258
3085 3105 6190
3054 3082 6136
3197 3200 6397
3069 3078 6147
3130 3199 6329
3000 3026 6026
3052 3114 6166
3058 3118 6176
3112 3180 6292
3183 3192 6375
3167 3185 6352
3189 3192 6381
3108 3112 6220
3047 3153 6200
3194 3199 6393
3191 3194 6385
3087 3156 6243
3142 3185 6327
3132 3168 6300
3092 3155 6247
3122 3136 6258
3178 3187 6365
3185 3188 6373
3148 3185 6333
3114 3153 6267
3179 3183 6362
3079 3098 6177
3018 3118 6136
3036 3072 6108
3099 3191 6290
3093 3187 6280
3116 3121 6237
3010 3087 6097
3090 3147 6237
3168 3193 6361
3124 3181 6305
3174 3196 6370
3126 3168 6294
3160 3180 6340
3078 3197 6275
3014 3167 6181
3163 3175 6338
3074 3099 6173
3018 3125 6143
3088 3112 6200
3006 3181 6187
3175 3176 6351
3036 3168 6204
3199 3200 6399
3192 3193 6385
3140 3169 6309
3105 3157 6262
3143 3168 6311
3073 3193 6266
3154 3190 6344
3021 3100 6121
3181 3184 6365
3186 3199 6385
3176 3196 6372
3138 3165 6303
3177 3194 6371
3119 3169 6288
3016 3142 6158
3123 3186 6309
3008 3060 6068
3140 3156 6296
3143 3186 6329
3193 3195 6388
3141 3161 6302
3119 3151 6270
3112 3191 6303
3197 3200 6397
3039 3159 6198
3198 3199 6397
3107 3133 6240
3048 3087 6135
3120 3168 6288
3187 3193 6380
3065 3078 6143
3062 3115 6177
3157 3169 6326
3116 3188 6304
3075 3134 6209
3041 3046 6087
3065 3138 6203
3087 3090 6177
3188 3192 6380
3117 3168 6285
3031 3055 6086
3053 3180 6233
3115 3178 6293
3151 3193 6344
3103 3183 6286
3029 3109 6138
3076 3084 6160
3139 3161 6300
3031 3176 6207
3060 3190 6250
3153 3196 6349
3109 3170 6279
3125 3194 6319
3195 3200 6395
3197 3198 6395
3192 3193 6385
3076 3093 6169
3090 3170 6260
3041 3094 6135
3133 3144 6277
3101 3178 6279
3059 3080 6139
3130 3162 6292
3046 3073 6119
3143 3145 6288
3154 3174 6328
3018 3120 6138
3075 3189 6264
3178 3199 6377
3043 3188 6231
3118 3158 6276
3148 3190 6338
3039 3154 6193
3147 3200 6347
3007 3199 6206
3040 3146 6186
3188 3194 6382
3123 3168 6291
3100 3186 6286
3164 3198 6362
3167 3190 6357
3034 3131 6165
3095 3183 6278
3088 3137 6225
3048 3137 6185
3050 3147 6197
3118 3188 6306
3174 3180 6354
3155 3182 6337
3102 3110 6212
3053 3071 6124
3019 3082 6101
3085 3149 6234
3145 3172 6317
3114 3129 6243
3139 3148 6287
3055 3056 6111
3002 3044 6046
3017 3136 6153
3136 3138 6274
3096 3199 6295
3142 3197 6339
3120 3162 6282
3194 3195 6389
3191 3197 6388
3126 3159 6285
3093 3177 6270
3141 3158 6299
3033 3058 6091
3010 3121 6131
3054 3106 6160
3199 3200 6399
3080 3165 6245
3174 3187 6361
3097 3127 6224
3168 3178 6346
3116 3163 6279
3092 3131 6223
3196 3200 6396
3055 3200 6255
3046 3094 6140
3089 3155 6244
3151 3187 6338
3170 3184 6354
3050 3053 6103

4175 4188 8345
4008 4069 8057
4197 4199 8379
4113 4170 8278
4141 4158 8285
4117 4151 8242
4105 4161 8240
4152 4183 8301
4009 4186 8187
4188 4189 8351
4180 4194 8341
4192 4197 8358
4170 4176 8311
4034 4066 8091
4188 4195 8381
4053 4061 8078
4047 4156 8187
4096 4168 8232
4087 4153 8232
4078 4186 8231
4095 4149 8212
4024 4108 8099
4033 4099 8120
4011 4163 8170
4160 4171 8311
4001 4138 8115
4115 4140 8252
4012 4109 8104
4060 4121 8155
4052 4156 8191
4133 4143 8254
4026 4090 8109
4153 4191 8325
4167 4183 8334
4095 4113 8171
4169 4197 8347
4104 4177 8260
4026 4137 8135
4147 4171 8306
4132 4175 8273
4136 4162 8283
4192 4199 8389
4199 4200 8367
4019 4130 8134
4099 4195 8259
4096 4170 8263
4138 4142 8278
4027 4196 8215
4024 4047 8051
4188 4191 8368
4100 4169 8261
4053 4089 8107
4010 4192 8166
4121 4140 8239
4154 4164 8293
4065 4120 8153
4104 4159 8259
4175 4185 8329
4162 4164 8315
4124 4139 8232
4094 4101 8183
4187 4197 8355
4027 4120 8143
4183 4198 8355
4084 4105 8160
4090 4136 8208
4089 4198 8257
4073 4086 8128
4085 4087 8147
4137 4157 8289
4119 4134 8249
4087 4146 8221
4059 4191 8237
4170 4187 8354
4180 4195 8344
4130 4176 8282
4152 4176 8303
4113 4153 8256
4003 4030 8023
4001 4061 8052
4079 4137 8182
4088 4197 8248
4037 4164 8172
4161 4167 8319
4172 4197 8339
4079 4142 8208
4105 4130 8214
4082 4193 8244
4112 4133 8224
4087 4105 8186
4007 4029 8012
4123 4158 8276
4177 4179 8322
4016 4025 8030
4145 4146 8289
4088 4164 8244
4105 4159 8225
4186 4199 8379
4082 4107 8175
4146 4157 8276
4197 4200 8391
4072 4197 8266
4099 4194 8280
4023 4157 8155
4097 4107 8180
4099 4147 8233
4035 4138 8155
4075 4092 8146
4026 4167 8165
4157 4173 8296
4103 4191 8265
4095 4185 8245
4043 4147 8182
4196 4197 8364
4146 4150 8276
4009 4125 8125
4084 4133 8200
4042 4089 8122
4173 4181 8346
4084 4197 8244
4023 4123 8119
4058 4064 8102
4058 4092 8134
4000 4050 8049
4180 4187 8338
4077 4089 8143
4061 4190 8242
4093 4130 8205
4015 4150 8156
4149 4195 8328
4132 4173 8267
4019 4108 8106
4168 4175 8331
4025 4122 8113
4113 4153 8256
4013 4174 8154
4107 4164 8270
4106 4192 8285
4133 4179 8291
4087 4119 8179
4032 4056 8086
4133 4175 8276
4102 4158 8229
4157 4181 8328
4118 4122 8237
4169 4170 8314
4195 4197 8387
4054 4134 8154
4067 4150 8192
4019 4174 8179
4182 4184 8363
4088 4143 8215
4038 4048 8056
4191 4194 8347
4075 4124 8161
4093 4195 8284
4088 4196 8249
4146 4172 8293
4193 4197 8375
4109 4116 8187
4015 4109 8115
4029 4146 8152
4022 4116 8110
4006 4062 8061
4173 4197 8342
4092 4172 8252
4087 4093 8163
4121 4198 8284
4073 4183 8243
4175 4187 8348
4096 4182 8270
4142 4166 8271
4195 4196 8390
4016 4116 8114
4032 4082 8093
4099 4182 8243
4101 4110 8205
4150 4184 8314
4144 4151 8265
4064 4129 8169
4088 4117 8188
4193 4198 8372
4101 4164 8233
4174 4178 8338
4028 4129 8131
4183 4195 8349
4051 4147 8183
4184 4199 8377
4036 4076 8085
4165 4170 8318
4196 4199 8379
4146 4151 8275
4033 4171 8195
4194 4198 8380
4056 4078 8109
4193 4195 8378
4141 4158 8276
4103 4129 8209
4095 4117 8187
4107 4125 8229
4082 4175 8249
4043 4070 8097
4077 4124 8184
4128 4179 8278
4027 4096 8121
4118 4170 8273
4173 4177 8336
4056 4166 8203
4091 4098 8157
4132 4138 8252
4081 4127 8197
4182 4185 8357
4164 4193 8326
4044 4126 8150
4104 4111 8197
4117 4146 8242
4194 4198 8367
4009 4082 8065
4192 4197 8377
4066 4141 8183
4009 4198 8187
4048 4179 8210
4165 4177 8335
4002 4037 8006
4036 4081 8101
4130 4151 8261
4099 4136 8215
4117 4126 8225
4111 4182 8258
4028 4147 8171
4048 4091 8138
4026 4040 8056
4182 4194 8346
4029 4050 8056
4149 4164 8294
4044 4128 8144
4183 4200 8376
4088 4105 8184
4141 4186 8304
4197 4200 8371
4181 4185 8363
4162 4180 8326
4078 4198 8264
4098 4181 8265
4095 4144 8219
4197 4200 8359
4136 4151 8272
4087 4182 8236
4104 4181 8283
4069 4135 8200
4004 4024 8022
4011 4062 8041
4071 4148 8205
4178 4191 8335
4006 4191 8176
4078 4113 8154
4184 4199 8381
4015 4058 8060
4037 4059 8084
4186 4196 8357
4076 4085 8131
4139 4192 8293
4161 4174 8330
4096 4179 8256
4127 4184 8307
4045 4131 8172
4142 4198 8325
4100 4133 8206
4040 4140 8156
4045 4060 8093
4160 4161 8293
4082 4094 8154
4038 4102 8129
4176 4196 8342
4103 4123 8200
4146 4161 8298
4064 4179 8242
4171 4178 8346
4189 4199 8380
4178 4197 8339
4189 4191 8343
4147 4185 8310
4077 4167 8220
4035 4086 8084
4037 4137 8143
4076 4137 8196
4030 4154 8162
4030 4050 8052
4006 4064 8038
4040 4115 8140
4015 4162 8165
4128 4152 8255
4107 4187 8272
4010 4164 8165
4196 4198 8361
4027 4126 8122
4162 4171 8326
4116 4159 8255
4178 4200 8364
4118 4147 8247

0.010000 0.620000
