300
618030
3077 3102 6179
3084 3162 6246
3104 3114 6218
3053 3148 6201
3020 3089 6109
3176 3178 6354
3115 3184 6299
3015 3045 6060
3071 3190 6261
3199 3200 6399
3062 3188 6250
3095 3148 6243
3073 3130 6203
3151 3199 6350
3015 3143 6158
3145 3170 6315
3020 3145 6165
3162 3180 6342
3183 3193 6376
3041 3147 6188
3183 3188 6371
3144 3184 6328
3125 3199 6324
3123 3143 6266
3019 3154 6173
3079 3179 6258
3032 3082 6114
3008 3148 6156
3026 3070 6096
3024 3046 6070
3058 3108 6166
3113 3199 6312
3056 3188 6244
3035 3095 6130
3003 3149 6152
3024 3092 6116
3054 3135 6189
3142 3167 6309
3123 3192 6315
3172 3191 6363
3164 3178 6342
3065 3197 6262
3083 3105 6188
3037 3151 6188
3063 3064 6127
3029 3053 6082
3070 3109 6179
3001 3129 6130
3147 3176 6323
3117 3164 6281
3148 3178 6326
3125 3183 6308
3010 3108 6118
3189 3196 6385
3198 3199 6397
3023 3178 6201
3069 3113 6182
3090 3132 6222
3080 3191 6271
3163 3173 6336
3193 3196 6389
3186 3194 6380
3027 3125 6152
3005 3049 6054
3198 3199 6397
3053 3185 6238
3130 3181 6311
3134 3166 6300
3107 3141 6248
3059 3168 6227
3096 3198 6294
3082 3185 6267
3021 3133 6154
3039 3062 6101
3087 3185 6272
3176 3187 6363
3114 3194 6308
3164 3179 6343
3028 3168 6196
3011 3067 6078
3120 3172 6292
3199 3200 6399
3128 3179 6307
3192 3196 6388
3148 3187 6335
3189 3191 6380
3081 3128 6209
3048 3199 6247
3103 3131 6234
3038 3080 6118
3058 3173 6231
3152 3183 6335
3082 3128 6210
3017 3094 6111
3184 3198 6382
3167 3192 6359
3005 3022 6027
3169 3170 6339
3143 3193 6336
3064 3154 6218
3132 3148 6280
3160 3196 6356
3067 3107 6174
3128 3186 6314
3083 3194 6277
3083 3117 6200
3106 3172 6278
3001 3082 6083
3106 3186 6292
3030 3142 6172
3121 3174 6295
3039 3143 6182
3140 3195 6335
3080 3140 6220
3094 3200 6294
3058 3071 6129
3100 3106 6206
3177 3192 6369
3006 3009 6015
3173 3187 6360
3177 3196 6373
3035 3105 6140
3191 3197 6388
3079 3155 6234
3044 3051 6095
3167 3199 6366
3176 3193 6369
3111 3120 6231
3110 3161 6271
3129 3158 6287
3015 3183 6198
3133 3145 6278
3151 3184 6335
3109 3145 6254
3027 3177 6204
3174 3178 6352
3116 3153 6269
3059 3125 6184
3123 3169 6292
3167 3184 6351
3096 3120 6216
3185 3191 6376
3118 3172 6290
3173 3177 6350
3165 3171 6336
3008 3195 6203
3156 3194 6350
3044 3053 6097
3012 3107 6119
3177 3186 6363
3164 3169 6333
3158 3183 6341
3035 3043 6078
3105 3185 6290
3151 3186 6337
3118 3167 6285
3071 3142 6213
3146 3163 6309
3188 3195 6383
3030 3042 6072
3170 3177 6347
3019 3160 6179
3037 3066 6103
3061 3153 6214
3197 3199 6396
3026 3048 6074
3009 3036 6045
3044 3093 6137
3009 3162 6171
3016 3065 6081
3067 3152 6219
3034 3136 6170
3178 3192 6370
3126 3142 6268
3051 3056 6107
3182 3187 6369
3013 3181 6194
3079 3163 6242
3114 3127 6241
3141 3193 6334
3171 3192 6363
3109 3180 6289
3084 3155 6239
3052 3175 6227
3046 3174 6220
3015 3198 6213
3161 3197 6358
3015 3116 6131
3195 3198 6393
3163 3180 6343
3099 3139 6238
3139 3196 6335
3127 3184 6311
3040 3141 6181
3078 3197 6275
3040 3096 6136
3143 3174 6317
3063 3086 6149
3068 3146 6214
3179 3190 6369
3178 3186 6364
3178 3180 6358
3185 3194 6379
3067 3078 6145
3057 3077 6134
3037 3078 6115
3047 3156 6203
3193 3199 6392
3091 3160 6251
3164 3180 6344
3114 3144 6258
3005 3065 6070
3033 3045 6078
3189 3195 6384
3093 3185 6278
3086 3188 6274
3168 3194 6362
3047 3111 6158
3189 3199 6388
3049 3056 6105
3192 3198 6390
3081 3111 6192
3190 3195 6385
3006 3124 6130
3119 3128 6247
3072 3132 6204
3061 3180 6241
3199 3200 6399
3067 3073 6140
3163 3200 6363
3134 3168 6302
3170 3179 6349
3160 3187 6347
3113 3136 6249
3006 3110 6116
3160 3174 6334
3110 3177 6287
3166 3178 6344
3138 3198 6336
3150 3186 6336
3030 3125 6155
3016 3118 6134
3049 3163 6212
3100 3159 6259
3134 3163 6297
3056 3135 6191
3048 3083 6131
3148 3196 6344
3019 3088 6107
3023 3076 6099
3124 3174 6298
3141 3166 6307
3174 3198 6372
3134 3148 6282
3141 3173 6314
3087 3199 6286
3073 3144 6217
3002 3189 6191
3088 3174 6262
3001 3047 6048
3123 3174 6297
3136 3167 6303
3028 3128 6156
3033 3141 6174
3049 3074 6123
3101 3172 6273
3041 3072 6113
3156 3183 6339
3087 3185 6272
3024 3131 6155
3086 3113 6199
3150 3194 6344
3120 3169 6289
3163 3200 6363
3066 3147 6213
3027 3071 6098
3146 3147 6293
3119 3131 6250
3140 3187 6327
3046 3165 6211
3037 3075 6112
3080 3114 6194
3134 3149 6283
3042 3156 6198
3197 3199 6396
3176 3185 6361
3095 3152 6247
3087 3113 6200
3037 3075 6112
3168 3177 6345
3111 3180 6291
3015 3084 6099
3005 3155 6160
3148 3169 6317
3176 3180 6356
3001 3118 6119
3199 3200 6399
3165 3176 6341
3083 3105 6188
3188 3196 6384

4122 4183 8292
4055 4130 8164
4045 4155 8194
4122 4147 8259
4146 4183 8298
4141 4157 8276
4020 4066 8085
4084 4122 8188
4047 4148 8194
4119 4175 8255
4183 4192 8355
4072 4184 8243
4119 4126 8220
4014 4179 8158
4072 4105 8160
4189 4193 8354
4163 4171 8319
4147 4157 8273
4108 4165 8234
4072 4084 8153
4051 4156 8191
4088 4169 8232
4124 4173 8261
4110 4190 8298
4172 4187 8348
4189 4194 8382
4075 4106 8147
4144 4180 8306
4055 4200 8228
4005 4164 8159
4111 4151 8230
4192 4198 8370
4051 4131 8179
4161 4166 8296
4053 4164 8183
4099 4196 8290
4069 4190 8251
4093 4150 8216
4192 4195 8363
4159 4181 8332
4126 4164 8259
4041 4114 8154
4169 4182 8338
4182 4197 8341
4110 4124 8204
4090 4128 8193
4085 4086 8154
4035 4185 8207
4015 4138 8136
4074 4191 8258
4163 4199 8331
4052 4057 8106
4149 4173 8317
4076 4136 8201
4045 4147 8183
4008 4060 8066
4124 4197 8308
4053 4129 8150
4153 4168 8301
4018 4177 8174
4153 4169 8301
4071 4102 8162
4184 4191 8353
4174 4190 8356
4117 4185 8268
4191 4196 8370
4013 4046 8053
4076 4096 8143
4127 4198 8304
4176 4179 8331
4041 4054 8060
4171 4174 8306
4105 4115 8190
4088 4172 8226
4039 4170 8171
4063 4088 8114
4133 4186 8284
4036 4142 8164
4099 4167 8232
4092 4121 8202
4169 4197 8353
4135 4167 8286
4144 4148 8279
4197 4198 8375
4072 4137 8204
4008 4200 8180
4145 4158 8284
4064 4116 8167
4010 4034 8025
4133 4195 8326
4047 4096 8121
4188 4193 8360
4055 4160 8197
4146 4187 8303
4140 4155 8259
4149 4154 8289
4104 4176 8274
4054 4168 8218
4039 4196 8214
4126 4191 8307
4070 4131 8192
4095 4132 8194
4081 4141 8216
4137 4156 8259
4198 4199 8375
4156 4174 8297
4183 4195 8340
4163 4188 8329
4156 4186 8332
4003 4041 8019
4185 4196 8365
4018 4139 8127
4031 4175 8199
4067 4149 8189
4177 4192 8339
4051 4195 8241
4157 4191 8337
4068 4093 8128
4143 4148 8270
4062 4116 8170
4120 4122 8213
4166 4186 8343
4116 4169 8247
4116 4128 8243
4089 4195 8258
4111 4194 8286
4013 4165 8171
4148 4181 8321
4171 4185 8349
4144 4154 8271
4075 4188 8259
4130 4143 8257
4147 4195 8330
4153 4170 8310
4144 4154 8280
4169 4199 8356
4166 4195 8357
4084 4158 8214
4027 4145 8151
4066 4078 8125
4034 4115 8130
4071 4189 8256
4167 4178 8337
4156 4194 8318
4050 4143 8167
4022 4162 8148
4129 4170 8279
4062 4188 8228
4132 4134 8247
4176 4196 8347
4152 4187 8301
4139 4198 8332
4148 4183 8315
4167 4176 8329
4153 4193 8314
4044 4186 8217
4046 4167 8202
4181 4183 8357
4019 4197 8180
4028 4085 8090
4159 4164 8321
4005 4163 8141
4168 4175 8322
4175 4182 8349
4069 4180 8243
4184 4186 8357
4148 4159 8277
4131 4185 8292
4145 4190 8327
4168 4169 8326
4067 4165 8225
4132 4194 8299
4193 4198 8382
4058 4083 8113
4157 4165 8299
4107 4195 8283
4153 4165 8283
4031 4144 8169
4197 4198 8361
4190 4194 8354
4188 4199 8379
4082 4113 8158
4066 4143 8177
4021 4111 8106
4175 4193 8347
4105 4120 8192
4189 4190 8372
4019 4129 8144
4111 4155 8247
4037 4117 8131
4196 4199 8369
4099 4118 8214
4084 4133 8202
4060 4171 8209
4006 4052 8024
4020 4101 8116
4142 4158 8294
4057 4090 8145
4135 4160 8259
4016 4198 8179
4118 4187 8282
4050 4176 8188
4101 4198 8286
4129 4197 8324
4047 4187 8213
4073 4116 8178
4020 4088 8090
4061 4078 8115
4150 4176 8298
4078 4133 8174
4086 4190 8240
4131 4140 8261
4047 4112 8135
4173 4193 8357
4000 4048 8025
4061 4167 8225
4121 4152 8243
4163 4198 8329
4056 4133 8170
4192 4197 8368
4133 4180 8277
4127 4149 8240
4002 4127 8101
4034 4077 8093
4074 4179 8226
4086 4188 8247
4077 4179 8225
4003 4135 8137
4164 4181 8314
4070 4124 8170
4161 4164 8295
4134 4167 8295
4046 4105 8129
4151 4162 8306
4163 4180 8325
4097 4104 8172
4173 4198 8335
4199 4200 8367
4075 4120 8187
4003 4183 8149
4055 4137 8171
4164 4193 8330
4037 4054 8072
4125 4148 8259
4051 4130 8175
4095 4200 8272
4023 4115 8113
4004 4135 8111
4186 4199 8374
4070 4132 8177
4059 4102 8156
4093 4167 8253
4086 4088 8171
4026 4113 8129
4116 4131 8218
4161 4180 8328
4137 4172 8303
4170 4197 8352
4037 4047 8071
4131 4163 8272
4032 4151 8155
4191 4198 8385
4072 4195 8258
4127 4197 8287
4170 4188 8341
4114 4141 8240
4092 4117 8194
4085 4142 8199
4179 4186 8343
4010 4142 8141
4091 4182 8263
4005 4139 8137
4165 4189 8325
4033 4153 8169
4026 4079 8092
4085 4158 8224
4113 4195 8290
4064 4179 8227
4057 4122 8164
4112 4174 8269
4114 4187 8289
4010 4058 8052
4037 4045 8046
4193 4197 8389
4138 4140 8272
4079 4151 8197
4067 4121 8152
4064 4144 8204
4025 4075 8096
4185 4190 8340
4183 4187 8358
4188 4196 8378
4066 4084 8114
4116 4160 8271
4166 4189 8346
4153 4184 8307
4136 4198 8312
4089 4094 8164
4065 4155 8186
4115 4195 8279

0.010000 0.250000
