300
1161352
3197 3198 6395
3137 3181 6318
3152 3178 6330
3067 3183 6250
3007 3047 6054
3090 3138 6228
3058 3192 6250
3007 3117 6124
3041 3163 6204
3055 3159 6214
3160 3186 6346
3023 3028 6051
3051 3084 6135
3065 3112 6177
3144 3171 6315
3198 3200 6398
3194 3197 6391
3193 3197 6390
3165 3182 6347
3002 3070 6072
3192 3200 6392
3015 3055 6070
3147 3162 6309
3137 3149 6286
3149 3158 6307
3100 3105 6205
3019 3080 6099
3096 3198 6294
3012 3015 6027
3004 3165 6169
3065 3189 6254
3151 3184 6335
3105 3161 6266
3054 3083 6137
3171 3184 6355
3160 3167 6327
3041 3142 6183
3181 3182 6363
3005 3191 6196
3025 3071 6096
3002 3154 6156
3091 3127 6218
3154 3184 6338
3136 3166 6302
3196 3197 6393
3164 3170 6334
3117 3192 6309
3110 3160 6270
3023 3109 6132
3177 3183 6360
3081 3163 6244
3190 3197 6387
3158 3183 6341
3126 3200 6326
3157 3183 6340
3199 3200 6399
3052 3149 6201
3101 3124 6225
3156 3178 6334
3088 3181 6269
3173 3188 6361
3132 3170 6302
3011 3040 6051
3068 3107 6175
3136 3197 6333
3004 3169 6173
3195 3198 6393
3101 3194 6295
3116 3166 6282
3050 3133 6183
3049 3081 6130
3173 3194 6367
3136 3187 6323
3123 3157 6280
3171 3200 6371
3034 3056 6090
3111 3113 6224
3051 3137 6188
3014 3057 6071
3121 3152 6273
3011 3172 6183
3055 3113 6168
3054 3129 6183
3022 3187 6209
3000 3108 6108
3107 3146 6253
3093 3109 6202
3019 3092 6111
3060 3102 6162
3158 3184 6342
3103 3144 6247
3055 3175 6230
3045 3183 6228
3020 3085 6105
3100 3122 6222
3135 3145 6280
3003 3089 6092
3131 3149 6280
3015 3184 6199
3163 3178 6341
3056 3113 6169
3138 3178 6316
3078 3102 6180
3186 3192 6378
3108 3145 6253
3150 3189 6339
3003 3200 6203
3199 3200 6399
3157 3187 6344
3151 3180 6331
3034 3093 6127
3039 3133 6172
3103 3142 6245
3170 3196 6366
3067 3192 6259
3115 3136 6251
3136 3181 6317
3128 3188 6316
3026 3086 6112
3003 3179 6182
3022 3192 6214
3150 3187 6337
3164 3173 6337
3171 3195 6366
3028 3155 6183
3101 3148 6249
3005 3138 6143
3018 3102 6120
3114 3184 6298
3180 3188 6368
3007 3156 6163
3040 3065 6105
3005 3197 6202
3037 3045 6082
3053 3059 6112
3103 3106 6209
3015 3153 6168
3005 3178 6183
3160 3194 6354
3101 3150 6251
3175 3177 6352
3135 3141 6276
3049 3136 6185
3113 3194 6307
3003 3199 6202
3035 3089 6124
3056 3124 6180
3107 3131 6238
3028 3131 6159
3098 3144 6242
3100 3126 6226
3128 3151 6279
3146 3155 6301
3061 3165 6226
3060 3076 6136
3070 3146 6216
3002 3174 6176
3055 3173 6228
3060 3198 6258
3116 3179 6295
3173 3191 6364
3031 3135 6166
3036 3136 6172
3149 3153 6302
3178 3185 6363
3082 3145 6227
3133 3136 6269
3078 3119 6197
3143 3186 6329
3119 3191 6310
3140 3197 6337
3038 3138 6176
3179 3182 6361
3092 3128 6220
3068 3197 6265
3165 3200 6365
3014 3177 6191
3025 3164 6189
3014 3078 6092
3063 3126 6189
3117 3174 6291
3084 3129 6213
3028 3070 6098
3051 3059 6110
3136 3149 6285
3004 3083 6087
3198 3199 6397
3142 3163 6305
3054 3086 6140
3145 3173 6318
3180 3199 6379
3173 3180 6353
3012 3041 6053
3091 3128 6219
3053 3118 6171
3003 3109 6112
3073 3140 6213
3129 3181 6310
3182 3198 6380
3166 3175 6341
3012 3164 6176
3189 3190 6379
3062 3093 6155
3192 3199 6391
3097 3191 6288
3094 3176 6270
3001 3112 6113
3125 3143 6268
3130 3149 6279
3118 3185 6303
3084 3194 6278
3040 3131 6171
3155 3174 6329
3195 3197 6392
3193 3197 6390
3130 3144 6274
3056 3085 6141
3059 3072 6131
3074 3090 6164
3069 3180 6249
3185 3194 6379
3147 3169 6316
3042 3160 6202
3005 3175 6180
3022 3132 6154
3169 3181 6350
3194 3195 6389
3064 3178 6242
3064 3123 6187
3147 3153 6300
3169 3187 6356
3063 3180 6243
3000 3084 6084
3111 3148 6259
3031 3191 6222
3045 3136 6181
3171 3186 6357
3060 3115 6175
3131 3182 6313
3095 3110 6205
3109 3123 6232
3119 3157 6276
3130 3134 6264
3012 3150 6162
3005 3097 6102
3162 3168 6330
3179 3186 6365
3167 3188 6355
3033 3052 6085
3105 3145 6250
3169 3185 6354
3122 3138 6260
3107 3170 6277
3127 3189 6316
3128 3147 6275
3068 3185 6253
3092 3176 6268
3041 3050 6091
3083 3129 6212
3125 3175 6300
3104 3154 6258
3024 3087 6111
3196 3198 6394
3177 3189 6366
3081 3159 6240
3044 3128 6172
3038 3144 6182
3060 3169 6229
3152 3154 6306
3022 3044 6066
3039 3150 6189
3021 3140 6161
3168 3187 6355
3070 3104 6174
3001 3024 6025
3117 3156 6273
3045 3159 6204
3191 3194 6385
3178 3199 6377
3136 3144 6280
3189 3196 6385
3119 3124 6243
3082 3154 6236
3164 3200 6364
3180 3187 6367
3123 3156 6279
3125 3176 6301
3162 3185 6347
3070 3161 6231
3010 3113 6123
3097 3118 6215
3099 3166 6265
3057 3091 6148
3023 3129 6152
3074 3097 6171
3085 3142 6227
3025 3143 6168
3116 3135 6251
3091 3115 6206
3029 3132 6161

4010 4173 8181
4034 4185 8206
4134 4182 8283
4095 4178 8258
4137 4186 8290
4114 4128 8238
4129 4158 8272
4095 4128 8201
4184 4188 8363
4055 4183 8207
4151 4185 8317
4134 4159 8270
4098 4158 8240
4154 4166 8306
4198 4199 8390
4185 4188 8347
4041 4188 8217
4121 4131 8227
4189 4194 8353
4081 4105 8162
4087 4167 8228
4053 4083 8130
4004 4195 8161
4030 4190 8217
4143 4167 8283
4161 4182 8315
4112 4119 8194
4042 4115 8152
4029 4192 8191
4197 4199 8381
4173 4179 8344
4192 4194 8370
4010 4025 8004
4074 4164 8219
4164 4197 8347
4014 4141 8145
4172 4183 8339
4024 4041 8045
4086 4165 8233
4104 4107 8190
4165 4189 8348
4102 4104 8205
4137 4149 8273
4199 4200 8395
4026 4063 8080
4106 4176 8253
4155 4164 8289
4009 4190 8169
4199 4200 8388
4018 4092 8074
4068 4092 8129
4082 4198 8265
4033 4055 8064
4041 4095 8098
4176 4184 8331
4020 4172 8184
4180 4193 8358
4077 4162 8228
4068 4189 8240
4034 4165 8178
4061 4153 8198
4056 4115 8164
4033 4200 8199
4090 4136 8208
4001 4122 8120
4053 4188 8217
4047 4145 8159
4148 4196 8313
4167 4182 8343
4093 4136 8228
4075 4168 8242
4165 4175 8321
4059 4068 8097
4098 4186 8277
4195 4200 8377
4169 4199 8353
4053 4117 8164
4003 4017 8008
4176 4200 8339
4072 4193 8237
4185 4192 8343
4105 4193 8290
4173 4198 8333
4087 4185 8241
4151 4176 8290
4089 4115 8183
4079 4086 8128
4065 4161 8221
4150 4152 8264
4138 4167 8273
4149 4188 8319
4159 4189 8329
4004 4097 8078
4193 4196 8350
4034 4049 8064
4078 4136 8207
4056 4118 8139
4106 4123 8220
4048 4189 8200
4168 4193 8344
4075 4198 8254
4097 4184 8246
4110 4200 8299
4158 4170 8315
4099 4194 8255
4186 4198 8346
4141 4169 8287
4019 4092 8089
4122 4190 8299
4142 4175 8314
4159 4196 8319
4139 4188 8302
4119 4134 8252
4166 4168 8295
4160 4164 8320
4069 4111 8173
4035 4038 8061
4004 4172 8157
4113 4126 8224
4175 4185 8323
4085 4095 8161
4183 4195 8349
4114 4134 8231
4153 4168 8308
4025 4122 8120
4119 4160 8275
4176 4197 8357
4068 4165 8221
4142 4199 8305
4194 4197 8357
4119 4191 8304
4156 4193 8327
4063 4106 8164
4181 4185 8362
4049 4161 8193
4122 4150 8255
4149 4158 8279
4038 4162 8172
4015 4020 8026
4142 4160 8297
4194 4198 8375
4153 4190 8307
4175 4181 8320
4173 4197 8369
4120 4169 8287
4170 4182 8330
4014 4052 8046
4087 4121 8195
4026 4116 8109
4034 4078 8082
4023 4030 8018
4156 4173 8306
4019 4104 8096
4109 4126 8221
4148 4173 8317
4024 4159 8154
4109 4135 8213
4018 4109 8099
4067 4118 8161
4068 4069 8129
4196 4198 8379
4028 4086 8087
4141 4150 8289
4038 4071 8077
4116 4124 8216
4056 4068 8101
4187 4194 8369
4163 4167 8302
4008 4021 8015
4175 4186 8323
4145 4193 8310
4002 4011 8006
4076 4168 8221
4006 4152 8132
4031 4152 8172
4093 4107 8169
4036 4196 8210
4004 4187 8163
4173 4178 8314
4004 4162 8163
4150 4192 8339
4028 4058 8079
4159 4186 8315
4106 4174 8257
4077 4097 8151
4026 4067 8061
4025 4179 8188
4163 4198 8339
4056 4095 8139
4179 4184 8346
4123 4160 8253
4013 4034 8041
4050 4118 8153
4008 4168 8153
4048 4190 8237
4119 4194 8281
4066 4101 8165
4074 4104 8170
4196 4200 8382
4007 4072 8051
4068 4155 8211
4036 4178 8186
4187 4192 8355
4047 4058 8103
4193 4197 8359
4140 4141 8247
4017 4124 8106
4082 4180 8230
4053 4106 8134
4044 4088 8130
4103 4169 8269
4163 4199 8329
4015 4072 8062
4168 4170 8299
4178 4185 8359
4119 4129 8209
4158 4191 8339
4041 4158 8181
4178 4191 8331
4004 4109 8112
4113 4164 8275
4025 4191 8182
4097 4177 8244
4168 4200 8335
4103 4181 8256
4086 4131 8181
4066 4188 8245
4182 4192 8360
4128 4159 8269
4188 4198 8354
4051 4113 8144
4047 4113 8147
4195 4198 8356
4117 4134 8226
4118 4120 8237
4165 4199 8337
4184 4188 8342
4164 4189 8341
4156 4180 8323
4085 4194 8255
4152 4189 8321
4187 4190 8354
4090 4095 8170
4189 4191 8378
4108 4195 8282
4113 4133 8228
4080 4106 8164
4020 4187 8204
4156 4192 8318
4103 4107 8185
4031 4157 8160
4193 4200 8357
4113 4132 8220
4180 4183 8352
4019 4153 8144
4125 4143 8254
4187 4196 8373
4199 4200 8396
4145 4198 8335
4189 4192 8342
4030 4122 8123
4052 4098 8140
4042 4131 8152
4170 4190 8342
4146 4199 8318
4099 4163 8238
4040 4138 8157
4092 4159 8226
4170 4188 8319
4053 4150 8186
4048 4133 8171
4110 4199 8283
4016 4147 8142
4112 4119 8196
4048 4112 8138
4114 4194 8295
4102 4112 8186
4084 4160 8209
4002 4049 8013
4056 4184 8216
4095 4129 8190
4190 4199 8376
4065 4194 8240
4155 4180 8316
4199 4200 8376
4076 4107 8149
4027 4047 8046
4036 4105 8116
4167 4191 8353
4106 4155 8253
4159 4164 8313
4146 4179 8288
4189 4195 8351
4197 4200 8384
4160 4192 8340
4026 4074 8091
4083 4139 8212
4149 4171 8302
4146 4147 8257
4107 4189 8272

0.010000 0.470000
