300
1801134
3100 3170 6270
3162 3193 6355
3027 3128 6155
3027 3101 6128
3153 3164 6317
3118 3170 6288
3138 3148 6286
3035 3195 6230
3133 3186 6319
3053 3160 6213
3157 3200 6357
3129 3198 6327
3042 3173 6215
3064 3137 6201
3129 3147 6276
3193 3200 6393
3154 3189 6343
3131 3151 6282
3123 3194 6317
3129 3199 6328
3058 3185 6243
3073 3108 6181
3072 3199 6271
3097 3130 6227
3036 3088 6124
3031 3085 6116
3124 3183 6307
3007 3151 6158
3183 3186 6369
3021 3173 6194
3030 3124 6154
3162 3184 6346
3137 3140 6277
3002 3197 6199
3020 3117 6137
3068 3133 6201
3199 3200 6399
3127 3157 6284
3083 3107 6190
3013 3178 6191
3051 3090 6141
3198 3200 6398
3009 3101 6110
3093 3099 6192
3103 3180 6283
3180 3197 6377
3198 3200 6398
3138 3155 6293
3057 3151 6208
3156 3184 6340
3055 3084 6139
3075 3134 6209
3016 3186 6202
3021 3172 6193
3189 3194 6383
3003 3081 6084
3189 3199 6388
3182 3190 6372
3157 3186 6343
3121 3168 6289
3092 3134 6226
3041 3173 6214
3153 3172 6325
3087 3187 6274
3149 3190 6339
3086 3118 6204
3134 3165 6299
3186 3200 6386
3053 3084 6137
3113 3117 6230
3182 3196 6378
3129 3161 6290
3066 3185 6251
3053 3086 6139
3049 3099 6148
3168 3171 6339
3191 3197 6388
3114 3139 6253
3159 3185 6344
3118 3178 6296
3068 3101 6169
3013 3161 6174
3025 3169 6194
3061 3065 6126
3193 3197 6390
3022 3159 6181
3160 3174 6334
3035 3179 6214
3067 3171 6238
3095 3195 6290
3094 3175 6269
3078 3102 6180
3064 3104 6168
3060 3167 6227
3115 3172 6287
3164 3198 6362
3087 3172 6259
3029 3152 6181
3162 3172 6334
3195 3196 6391
3116 3191 6307
3011 3044 6055
3124 3141 6265
3062 3092 6154
3178 3184 6362
3058 3108 6166
3124 3142 6266
3001 3166 6167
3184 3198 6382
3035 3052 6087
3085 3172 6257
3126 3164 6290
3161 3188 6349
3117 3139 6256
3129 3148 6277
3096 3104 6200
3134 3189 6323
3132 3172 6304
3035 3038 6073
3023 3041 6064
3175 3185 6360
3026 3119 6145
3198 3200 6398
3037 3166 6203
3105 3133 6238
3013 3199 6212
3062 3074 6136
3152 3164 6316
3113 3119 6232
3017 3127 6144
3031 3130 6161
3097 3112 6209
3114 3190 6304
3135 3185 6320
3181 3185 6366
3092 3150 6242
3027 3094 6121
3013 3016 6029
3083 3107 6190
3192 3200 6392
3084 3184 6268
3087 3092 6179
3063 3153 6216
3089 3126 6215
3113 3136 6249
3150 3156 6306
3022 3117 6139
3171 3172 6343
3112 3147 6259
3119 3173 6292
3140 3166 6306
3001 3067 6068
3087 3182 6269
3023 3188 6211
3165 3194 6359
3143 3184 6327
3081 3123 6204
3021 3169 6190
3090 3120 6210
3148 3176 6324
3026 3074 6100
3024 3109 6133
3166 3181 6347
3011 3058 6069
3096 3169 6265
3075 3114 6189
3072 3147 6219
3004 3046 6050
3093 3181 6274
3014 3057 6071
3038 3109 6147
3030 3192 6222
3186 3193 6379
3093 3175 6268
3062 3078 6140
3103 3198 6301
3013 3195 6208
3118 3167 6285
3064 3136 6200
3102 3136 6238
3053 3152 6205
3031 3135 6166
3019 3099 6118
3104 3113 6217
3189 3196 6385
3061 3180 6241
3093 3111 6204
3058 3133 6191
3015 3151 6166
3012 3161 6173
3110 3115 6225
3151 3176 6327
3098 3120 6218
3156 3158 6314
3190 3194 6384
3178 3185 6363
3071 3182 6253
3168 3194 6362
3198 3200 6398
3116 3186 6302
3064 3110 6174
3116 3123 6239
3164 3173 6337
3121 3182 6303
3073 3180 6253
3023 3120 6143
3002 3032 6034
3136 3143 6279
3156 3171 6327
3054 3142 6196
3112 3140 6252
3122 3187 6309
3079 3168 6247
3059 3128 6187
3033 3168 6201
3037 3051 6088
3007 3053 6060
3078 3138 6216
3140 3196 6336
3136 3166 6302
3051 3197 6248
3058 3146 6204
3147 3188 6335
3161 3170 6331
3146 3167 6313
3075 3091 6166
3128 3187 6315
3157 3181 6338
3069 3138 6207
3125 3161 6286
3078 3150 6228
3191 3197 6388
3004 3074 6078
3008 3049 6057
3173 3179 6352
3196 3197 6393
3019 3058 6077
3019 3155 6174
3050 3166 6216
3093 3118 6211
3173 3184 6357
3158 3192 6350
3022 3181 6203
3182 3194 6376
3164 3199 6363
3172 3198 6370
3189 3198 6387
3143 3157 6300
3039 3105 6144
3008 3200 6208
3034 3093 6127
3145 3167 6312
3092 3172 6264
3047 3173 6220
3176 3200 6376
3018 3053 6071
3056 3107 6163
3077 3180 6257
3068 3117 6185
3028 3188 6216
3012 3104 6116
3108 3118 6226
3113 3169 6282
3050 3150 6200
3081 3177 6258
3034 3109 6143
3042 3164 6206
3164 3178 6342
3023 3166 6189
3042 3069 6111
3087 3176 6263
3013 3150 6163
3010 3113 6123
3118 3178 6296
3081 3176 6257
3058 3164 6222
3078 3170 6248
3186 3187 6373
3048 3161 6209
3166 3168 6334
3092 3107 6199
3044 3155 6199
3032 3160 6192
3043 3061 6104
3100 3113 6213
3074 3106 6180
3190 3198 6388
3131 3177 6308
3125 3134 6259
3052 3200 6252
3097 3102 6199
3191 3192 6383
3179 3197 6376
3020 3098 6118
3182 3189 6371
3159 3165 6324
3008 3136 6144
3170 3198 6368
3011 3131 6142
3163 3197 6360

4041 4065 8094
4124 4127 8242
4105 4131 8234
4091 4144 8207
4191 4198 8352
4182 4198 8376
4047 4048 8084
4112 4172 8258
4103 4150 8219
4064 4110 8171
4147 4179 8306
4059 4182 8216
4116 4128 8243
4106 4123 8201
4046 4136 8150
4150 4157 8286
4029 4170 8191
4040 4047 8053
4144 4160 8282
4138 4199 8313
4033 4087 8085
4130 4178 8274
4021 4127 8130
4029 4131 8153
4186 4191 8373
4167 4195 8336
4150 4151 8277
4030 4198 8209
4057 4190 8222
4109 4196 8274
4022 4049 8065
4168 4173 8328
4010 4100 8108
4083 4184 8242
4091 4190 8269
4021 4162 8164
4081 4175 8233
4138 4157 8261
4128 4190 8279
4021 4191 8179
4109 4173 8263
4049 4110 8137
4024 4121 8137
4102 4162 8235
4123 4171 8280
4000 4059 8027
4198 4200 8370
4157 4162 8307
4038 4080 8106
4191 4198 8384
4002 4063 8055
4046 4075 8105
4069 4169 8218
4198 4199 8367
4157 4168 8293
4112 4161 8248
4061 4155 8203
4023 4070 8076
4088 4155 8208
4132 4154 8256
4176 4186 8351
4155 4170 8299
4145 4166 8306
4023 4196 8185
4149 4196 8321
4195 4198 8373
4088 4131 8210
4101 4134 8197
4113 4196 8294
4008 4113 8090
4121 4167 8261
4144 4157 8282
4135 4176 8291
4059 4126 8176
4154 4179 8320
4113 4151 8245
4187 4200 8366
4025 4078 8071
4134 4137 8268
4070 4148 8205
4173 4179 8321
4185 4198 8361
4002 4142 8119
4124 4128 8233
4003 4053 8043
4031 4074 8095
4064 4077 8138
4174 4197 8369
4111 4151 8243
4150 4191 8307
4019 4154 8149
4102 4128 8193
4051 4057 8100
4152 4169 8312
4010 4018 8012
4027 4134 8157
4082 4177 8222
4074 4180 8231
4023 4047 8056
4196 4198 8356
4064 4165 8199
4126 4130 8217
4153 4195 8342
4163 4183 8332
4100 4114 8179
4007 4098 8089
4103 4157 8234
4108 4154 8251
4060 4089 8146
4140 4172 8273
4072 4111 8158
4016 4171 8158
4137 4162 8261
4022 4092 8080
4185 4197 8352
4165 4180 8307
4053 4111 8138
4172 4182 8332
4007 4175 8181
4048 4164 8192
4154 4180 8299
4025 4097 8094
4005 4199 8190
4101 4118 8200
4156 4170 8323
4148 4170 8306
4055 4116 8165
4077 4084 8159
4096 4186 8252
4072 4091 8127
4112 4184 8283
4088 4102 8166
4190 4196 8356
4140 4165 8292
4192 4198 8382
4029 4036 8039
4149 4177 8303
4141 4193 8296
4001 4109 8109
4192 4193 8370
4070 4109 8162
4186 4187 8344
4004 4116 8099
4163 4183 8326
4164 4183 8322
4104 4147 8240
4175 4190 8356
4047 4168 8183
4113 4140 8231
4078 4140 8204
4089 4161 8227
4108 4183 8276
4132 4193 8294
4163 4169 8314
4000 4170 8163
4143 4183 8308
4009 4115 8119
4142 4171 8276
4154 4159 8302
4043 4122 8135
4136 4184 8298
4038 4172 8189
4123 4172 8260
4155 4164 8285
4155 4197 8320
4115 4145 8241
4142 4193 8326
4006 4184 8185
4026 4085 8106
4036 4177 8208
4056 4085 8137
4155 4156 8272
4025 4112 8132
4050 4163 8187
4016 4037 8039
4054 4152 8196
4148 4197 8338
4028 4161 8179
4050 4056 8079
4076 4084 8127
4089 4174 8253
4020 4023 8012
4078 4086 8134
4003 4082 8062
4085 4099 8156
4138 4142 8255
4108 4134 8223
4069 4117 8175
4171 4191 8347
4015 4031 8045
4082 4149 8204
4174 4183 8337
4115 4180 8284
4188 4190 8375
4113 4117 8223
4163 4192 8345
4071 4151 8194
4067 4153 8189
4076 4082 8156
4093 4179 8256
4067 4133 8165
4005 4057 8038
4066 4076 8121
4086 4180 8262
4109 4141 8212
4141 4142 8260
4006 4053 8029
4107 4153 8258
4114 4178 8281
4093 4130 8191
4108 4173 8245
4114 4128 8205
4195 4198 8390
4023 4153 8174
4086 4193 8255
4022 4101 8085
4047 4130 8167
4030 4083 8083
4152 4153 8303
4175 4188 8336
4018 4078 8084
4030 4060 8067
4120 4181 8299
4055 4141 8190
4198 4199 8375
4169 4190 8332
4121 4123 8220
4170 4176 8333
4161 4188 8340
4123 4138 8242
4137 4157 8262
4036 4083 8087
4135 4171 8305
4023 4191 8190
4081 4146 8221
4194 4195 8386
4049 4194 8233
4011 4063 8071
4005 4181 8176
4009 4187 8166
4109 4198 8268
4161 4173 8323
4068 4091 8131
4179 4199 8374
4095 4190 8247
4055 4166 8201
4122 4164 8257
4195 4200 8389
4081 4142 8191
4112 4195 8268
4108 4128 8217
4086 4188 8244
4166 4167 8312
4132 4157 8258
4083 4098 8176
4148 4184 8296
4020 4172 8188
4125 4175 8273
4043 4199 8225
4191 4195 8369
4026 4064 8071
4027 4191 8215
4038 4138 8171
4050 4129 8162
4192 4199 8387
4067 4092 8154
4172 4183 8335
4077 4141 8198
4190 4194 8359
4195 4200 8382
4182 4189 8341
4128 4164 8288
4183 4186 8342
4128 4131 8250
4067 4195 8256
4150 4165 8310
4063 4077 8123
4035 4131 8131
4033 4044 8069
4092 4106 8174
4010 4020 8011
4128 4177 8286
4008 4045 8034
4008 4009 7980
4015 4032 8046
4048 4148 8173
4091 4151 8222
4119 4161 8277
4140 4188 8291
4138 4191 8321
4160 4195 8323
4129 4146 8243
4010 4070 8074
4077 4151 8205
4026 4157 8175
4159 4160 8288
4124 4153 8244
4008 4150 8155
4196 4199 8389
4161 4181 8323

0.010000 0.730000
