300
1604711
3078 3102 6180
3069 3199 6268
3033 3183 6216
3053 3108 6161
3093 3189 6282
3137 3146 6283
3095 3178 6273
3130 3184 6314
3028 3162 6190
3182 3186 6368
3162 3165 6327
3105 3189 6294
3064 3156 6220
3146 3194 6340
3111 3145 6256
3040 3143 6183
3140 3143 6283
3076 3131 6207
3095 3168 6263
3029 3145 6174
3053 3113 6166
3043 3115 6158
3052 3104 6156
3040 3187 6227
3165 3187 6352
3131 3176 6307
3156 3175 6331
3093 3118 6211
3075 3080 6155
3138 3162 6300
3180 3196 6376
3028 3166 6194
3179 3185 6364
3037 3180 6217
3072 3081 6153
3195 3198 6393
3193 3194 6387
3028 3109 6137
3169 3198 6367
3078 3138 6216
3100 3169 6269
3148 3178 6326
3072 3095 6167
3060 3192 6252
3168 3178 6346
3142 3174 6316
3193 3199 6392
3126 3187 6313
3027 3050 6077
3035 3060 6095
3027 3062 6089
3140 3198 6338
3156 3186 6342
3011 3134 6145
3015 3145 6160
3135 3184 6319
3112 3179 6291
3086 3147 6233
3111 3194 6305
3070 3151 6221
3054 3123 6177
3041 3123 6164
3129 3163 6292
3067 3177 6244
3125 3135 6260
3021 3148 6169
3003 3007 6010
3125 3154 6279
3092 3185 6277
3036 3096 6132
3104 3167 6271
3099 3138 6237
3019 3101 6120
3093 3178 6271
3099 3123 6222
3142 3171 6313
3096 3127 6223
3025 3070 6095
3059 3096 6155
3032 3108 6140
3051 3079 6130
3118 3135 6253
3048 3178 6226
3027 3150 6177
3069 3177 6246
3084 3128 6212
3092 3195 6287
3093 3171 6264
3173 3186 6359
3038 3186 6224
3149 3186 6335
3106 3108 6214
3157 3173 6330
3123 3183 6306
3145 3177 6322
3097 3192 6289
3013 3079 6092
3141 3177 6318
3114 3120 6234
3156 3182 6338
3086 3175 6261
3089 3192 6281
3132 3158 6290
3122 3172 6294
3153 3171 6324
3151 3169 6320
3093 3186 6279
3111 3197 6308
3144 3193 6337
3188 3198 6386
3028 3164 6192
3045 3064 6109
3077 3141 6218
3006 3155 6161
3156 3182 6338
3060 3178 6238
3049 3066 6115
3143 3193 6336
3082 3084 6166
3088 3104 6192
3199 3200 6399
3037 3091 6128
3012 3083 6095
3137 3194 6331
3057 3160 6217
3041 3108 6149
3101 3172 6273
3040 3128 6168
3035 3049 6084
3174 3195 6369
3086 3175 6261
3112 3169 6281
3022 3162 6184
3084 3117 6201
3022 3193 6215
3131 3180 6311
3199 3200 6399
3084 3097 6181
3028 3059 6087
3142 3194 6336
3193 3195 6388
3054 3174 6228
3092 3176 6268
3047 3060 6107
3096 3166 6262
3034 3148 6182
3144 3177 6321
3149 3164 6313
3000 3191 6191
3068 3175 6243
3025 3162 6187
3184 3196 6380
3100 3124 6224
3050 3155 6205
3070 3126 6196
3107 3190 6297
3074 3118 6192
3058 3121 6179
3107 3158 6265
3039 3085 6124
3150 3187 6337
3079 3195 6274
3157 3177 6334
3161 3184 6345
3061 3068 6129
3052 3144 6196
3084 3156 6240
3109 3195 6304
3021 3043 6064
3036 3134 6170
3002 3140 6142
3116 3150 6266
3171 3194 6365
3088 3176 6264
3051 3139 6190
3012 3189 6201
3133 3168 6301
3122 3172 6294
3165 3177 6342
3055 3068 6123
3041 3171 6212
3041 3169 6210
3137 3170 6307
3015 3050 6065
3124 3175 6299
3134 3185 6319
3018 3124 6142
3071 3139 6210
3143 3176 6319
3102 3125 6227
3189 3197 6386
3101 3112 6213
3150 3156 6306
3136 3196 6332
3056 3113 6169
3150 3191 6341
3115 3122 6237
3129 3179 6308
3136 3185 6321
3066 3135 6201
3010 3191 6201
3038 3107 6145
3038 3096 6134
3065 3192 6257
3189 3198 6387
3153 3164 6317
3145 3152 6297
3013 3148 6161
3011 3115 6126
3142 3169 6311
3057 3193 6250
3146 3162 6308
3140 3198 6338
3184 3199 6383
3106 3107 6213
3067 3084 6151
3048 3192 6240
3192 3198 6390
3071 3085 6156
3199 3200 6399
3184 3185 6369
3141 3193 6334
3169 3184 6353
3059 3104 6163
3124 3144 6268
3146 3160 6306
3168 3195 6363
3105 3188 6293
3143 3171 6314
3155 3184 6339
3104 3128 6232
3072 3121 6193
3031 3105 6136
3138 3180 6318
3047 3088 6135
3061 3176 6237
3072 3100 6172
3121 3135 6256
3022 3165 6187
3083 3103 6186
3123 3133 6256
3055 3072 6127
3118 3200 6318
3102 3105 6207
3050 3176 6226
3088 3185 6273
3092 3149 6241
3062 3116 6178
3016 3093 6109
3088 3152 6240
3039 3089 6128
3169 3192 6361
3030 3133 6163
3080 3154 6234
3185 3198 6383
3113 3164 6277
3096 3153 6249
3060 3063 6123
3036 3097 6133
3096 3171 6267
3121 3177 6298
3139 3150 6289
3054 3142 6196
3160 3191 6351
3075 3087 6162
3176 3185 6361
3167 3179 6346
3056 3131 6187
3164 3170 6334
3160 3175 6335
3138 3165 6303
3179 3193 6372
3021 3026 6047
3108 3114 6222
3170 3188 6358
3115 3125 6240
3171 3174 6345
3114 3159 6273
3199 3200 6399
3078 3087 6165
3171 3183 6354
3134 3151 6285
3153 3195 6348
3006 3023 6029
3033 3042 6075
3126 3150 6276
3044 3148 6192
3119 3130 6249
3153 3186 6339
3086 3144 6230
3059 3095 6154
3068 3102 6170
3074 3130 6204
3024 3088 6112
3057 3139 6196
3058 3172 6230
3103 3105 6208
3008 3154 6162
3157 3196 6353
3113 3140 6253

4182 4187 8349
4097 4157 8218
4140 4196 8309
4157 4196 8318
4058 4096 8137
4151 4162 8292
4112 4138 8246
4092 4109 8184
4096 4175 8246
4186 4193 8343
4120 4154 8248
4127 4144 8244
4011 4025 8003
4195 4198 8383
4048 4081 8115
4035 4173 8173
4127 4184 8299
4100 4101 8168
4135 4186 8302
4023 4069 8055
4011 4048 8035
4121 4130 8220
4155 4167 8310
4031 4152 8149
4034 4173 8188
4112 4159 8246
4064 4118 8180
4050 4083 8100
4132 4137 8230
4050 4077 8095
4023 4061 8069
4118 4170 8286
4088 4159 8234
4066 4108 8163
4115 4118 8201
4123 4189 8309
4108 4109 8195
4181 4192 8355
4105 4141 8212
4053 4107 8132
4040 4074 8095
4194 4196 8352
4032 4161 8159
4101 4132 8221
4127 4184 8308
4195 4197 8390
4079 4138 8213
4161 4191 8314
4191 4199 8377
4084 4089 8152
4094 4179 8248
4146 4163 8284
4050 4060 8074
4003 4072 8067
4143 4193 8331
4006 4051 8044
4125 4164 8271
4057 4150 8186
4046 4140 8168
4055 4169 8205
4073 4083 8149
4072 4075 8136
4125 4139 8240
4003 4187 8165
4040 4160 8171
4060 4101 8128
4093 4182 8240
4093 4140 8212
4178 4191 8333
4054 4172 8221
4146 4163 8302
4171 4175 8332
4128 4172 8268
4166 4172 8327
4021 4022 8032
4097 4166 8247
4168 4177 8310
4120 4165 8279
4184 4199 8369
4014 4130 8107
4137 4177 8292
4090 4158 8233
4052 4087 8134
4197 4199 8359
4193 4195 8370
4077 4108 8175
4095 4132 8190
4190 4200 8382
4149 4154 8296
4018 4130 8147
4052 4152 8176
4045 4077 8084
4168 4190 8328
4182 4187 8350
4106 4144 8213
4123 4158 8280
4191 4197 8374
4080 4085 8132
4178 4200 8360
4027 4175 8192
4027 4064 8085
4098 4102 8179
4090 4176 8252
4096 4191 8257
4072 4181 8252
4070 4186 8228
4151 4194 8312
4116 4197 8291
4038 4119 8134
4026 4053 8047
4186 4197 8364
4147 4189 8329
4062 4139 8170
4047 4063 8085
4154 4180 8301
4145 4191 8323
4135 4191 8309
4086 4105 8170
4130 4198 8324
4000 4155 8140
4008 4023 8021
4107 4192 8291
4099 4188 8260
4183 4184 8350
4000 4065 8036
4110 4119 8191
4037 4149 8157
4183 4200 8380
4012 4099 8079
4015 4198 8194
4153 4182 8314
4134 4192 8309
4024 4185 8177
4113 4141 8235
4122 4124 8221
4137 4195 8321
4105 4177 8265
4098 4166 8241
4125 4197 8303
4142 4187 8328
4106 4200 8289
4146 4192 8300
4039 4164 8168
4175 4187 8335
4013 4187 8180
4041 4138 8149
4086 4190 8270
4037 4075 8077
4044 4046 8071
4085 4121 8186
4129 4140 8263
4180 4197 8349
4128 4129 8221
4164 4172 8308
4083 4088 8162
4106 4171 8250
4057 4142 8186
4191 4200 8388
4117 4188 8294
4046 4113 8143
4095 4132 8219
4079 4190 8251
4012 4049 8033
4038 4051 8087
4000 4044 8012
4139 4184 8292
4018 4144 8153
4177 4190 8338
4042 4108 8140
4034 4070 8068
4097 4174 8243
4038 4167 8168
4179 4194 8345
4182 4185 8340
4189 4192 8349
4083 4119 8184
4159 4168 8307
4114 4158 8237
4016 4122 8126
4138 4181 8304
4024 4119 8128
4004 4007 7999
4068 4111 8165
4041 4063 8072
4052 4159 8199
4181 4194 8362
4076 4180 8245
4041 4151 8157
4100 4118 8206
4064 4154 8197
4075 4122 8159
4145 4154 8269
4153 4188 8334
4146 4200 8339
4193 4198 8385
4010 4117 8119
4195 4198 8388
4161 4178 8300
4050 4083 8105
4190 4198 8359
4188 4194 8379
4182 4184 8333
4193 4200 8354
4020 4046 8039
4033 4070 8087
4183 4197 8357
4013 4142 8123
4151 4197 8334
4154 4167 8314
4064 4119 8182
4122 4156 8253
4064 4091 8153
4180 4186 8345
4042 4129 8147
4115 4186 8298
4096 4194 8263
4045 4151 8166
4079 4117 8183
4197 4198 8389
4122 4150 8235
4120 4161 8259
4115 4184 8284
4167 4185 8332
4079 4134 8206
4049 4116 8147
4174 4199 8338
4081 4134 8186
4107 4117 8211
4017 4052 8066
4097 4159 8244
4154 4165 8314
4088 4095 8169
4101 4172 8263
4175 4186 8322
4190 4199 8354
4018 4073 8072
4181 4196 8340
4102 4115 8196
4047 4130 8159
4194 4198 8366
4040 4046 8058
4053 4174 8199
4058 4135 8171
4142 4191 8327
4023 4027 8028
4111 4173 8252
4101 4188 8283
4184 4190 8354
4058 4162 8199
4032 4114 8121
4176 4189 8333
4005 4113 8080
4117 4126 8209
4135 4155 8266
4177 4182 8355
4145 4170 8293
4135 4144 8242
4085 4118 8192
4036 4181 8186
4065 4174 8219
4011 4026 8022
4045 4083 8116
4057 4140 8191
4080 4179 8242
4191 4193 8382
4099 4200 8287
4072 4168 8234
4142 4148 8268
4037 4165 8174
4065 4074 8111
4154 4181 8314
4125 4156 8280
4113 4155 8259
4191 4199 8389
4162 4180 8311
4053 4124 8149
4066 4152 8213
4059 4079 8112
4188 4191 8350
4050 4145 8173
4027 4134 8160
4073 4167 8209
4187 4197 8374
4195 4196 8354
4059 4100 8121
4052 4172 8191
4185 4186 8347
4071 4165 8215
4115 4158 8262
4190 4200 8370
4065 4102 8152
4035 4074 8106
4056 4164 8198
4043 4075 8096
4185 4193 8340
4174 4195 8368
4122 4180 8293
4100 4191 8282
4102 4127 8219
4120 4189 8292

0.010000 0.650000
