300
987865
3154 3160 6314
3015 3190 6205
3198 3199 6397
3117 3192 6309
3049 3100 6149
3095 3147 6242
3179 3185 6364
3129 3142 6271
3153 3185 6338
3008 3037 6045
3168 3200 6368
3148 3184 6332
3177 3199 6376
3191 3199 6390
3091 3097 6188
3052 3141 6193
3162 3170 6332
3097 3176 6273
3178 3181 6359
3147 3155 6302
3150 3200 6350
3082 3186 6268
3122 3169 6291
3187 3198 6385
3151 3195 6346
3159 3173 6332
3055 3199 6254
3177 3200 6377
3082 3148 6230
3021 3134 6155
3147 3189 6336
3174 3186 6360
3122 3150 6272
3032 3076 6108
3050 3152 6202
3163 3182 6345
3073 3154 6227
3087 3188 6275
3172 3182 6354
3181 3183 6364
3172 3189 6361
3031 3057 6088
3148 3171 6319
3097 3115 6212
3109 3167 6276
3015 3177 6192
3128 3130 6258
3185 3197 6382
3071 3147 6218
3180 3192 6372
3186 3190 6376
3031 3086 6117
3085 3193 6278
3006 3015 6021
3142 3164 6306
3089 3102 6191
3187 3198 6385
3082 3148 6230
3084 3156 6240
3181 3190 6371
3193 3198 6391
3113 3115 6228
3168 3185 6353
3063 3130 6193
3165 3175 6340
3176 3200 6376
3159 3173 6332
3040 3056 6096
3080 3117 6197
3080 3141 6221
3140 3167 6307
3080 3136 6216
3155 3167 6322
3168 3196 6364
3012 3101 6113
3142 3164 6306
3018 3087 6105
3090 3126 6216
3103 3143 6246
3191 3196 6387
3033 3166 6199
3083 3155 6238
3063 3169 6232
3070 3126 6196
3126 3147 6273
3190 3199 6389
3021 3031 6052
3178 3186 6364
3087 3164 6251
3179 3192 6371
3001 3003 6004
3134 3136 6270
3197 3199 6396
3163 3176 6339
3090 3105 6195
3092 3100 6192
3121 3132 6253
3095 3142 6237
3015 3116 6131
3082 3157 6239
3045 3144 6189
3154 3195 6349
3124 3186 6310
3194 3195 6389
3005 3042 6047
3163 3179 6342
3024 3173 6197
3172 3190 6362
3056 3159 6215
3119 3138 6257
3079 3092 6171
3118 3146 6264
3137 3180 6317
3101 3183 6284
3075 3108 6183
3190 3197 6387
3090 3185 6275
3187 3192 6379
3063 3196 6259
3079 3081 6160
3083 3089 6172
3026 3089 6115
3199 3200 6399
3034 3168 6202
3102 3156 6258
3037 3195 6232
3162 3168 6330
3182 3199 6381
3063 3099 6162
3038 3159 6197
3025 3118 6143
3147 3175 6322
3026 3084 6110
3036 3147 6183
3131 3148 6279
3131 3163 6294
3188 3192 6380
3191 3199 6390
3169 3180 6349
3057 3080 6137
3150 3184 6334
3190 3199 6389
3152 3163 6315
3190 3193 6383
3135 3139 6274
3099 3159 6258
3141 3160 6301
3113 3114 6227
3073 3146 6219
3069 3115 6184
3149 3157 6306
3118 3158 6276
3070 3162 6232
3198 3199 6397
3053 3161 6214
3034 3091 6125
3092 3128 6220
3076 3159 6235
3198 3200 6398
3062 3197 6259
3022 3040 6062
3117 3129 6246
3149 3164 6313
3081 3181 6262
3189 3198 6387
3007 3144 6151
3010 3158 6168
3043 3085 6128
3030 3075 6105
3061 3151 6212
3151 3200 6351
3103 3141 6244
3045 3127 6172
3040 3130 6170
3058 3102 6160
3071 3102 6173
3138 3175 6313
3005 3136 6141
3198 3199 6397
3014 3052 6066
3146 3155 6301
3155 3188 6343
3158 3178 6336
3001 3051 6052
3073 3197 6270
3103 3108 6211
3027 3087 6114
3047 3181 6228
3198 3200 6398
3043 3048 6091
3185 3198 6383
3066 3200 6266
3192 3196 6388
3011 3170 6181
3004 3020 6024
3158 3192 6350
3047 3088 6135
3026 3060 6086
3040 3131 6171
3186 3198 6384
3085 3131 6216
3181 3190 6371
3024 3070 6094
3028 3139 6167
3125 3166 6291
3021 3094 6115
3134 3194 6328
3001 3152 6153
3156 3172 6328
3082 3138 6220
3037 3146 6183
3092 3192 6284
3031 3149 6180
3045 3185 6230
3075 3188 6263
3038 3044 6082
3077 3176 6253
3182 3192 6374
3138 3198 6336
3175 3200 6375
3062 3195 6257
3016 3066 6082
3144 3164 6308
3068 3186 6254
3091 3177 6268
3129 3190 6319
3157 3182 6339
3041 3105 6146
3024 3141 6165
3038 3059 6097
3109 3155 6264
3024 3138 6162
3167 3197 6364
3190 3195 6385
3134 3179 6313
3018 3170 6188
3054 3086 6140
3068 3099 6167
3019 3039 6058
3156 3181 6337
3187 3199 6386
3154 3165 6319
3002 3088 6090
3109 3186 6295
3086 3185 6271
3060 3102 6162
3187 3197 6384
3015 3117 6132
3159 3175 6334
3107 3117 6224
3089 3184 6273
3012 3016 6028
3002 3009 6011
3051 3129 6180
3069 3085 6154
3051 3125 6176
3072 3184 6256
3183 3200 6383
3160 3192 6352
3114 3190 6304
3087 3125 6212
3066 3147 6213
3105 3122 6227
3029 3072 6101
3188 3189 6377
3160 3200 6360
3176 3179 6355
3007 3072 6079
3007 3031 6038
3030 3048 6078
3026 3092 6118
3192 3197 6389
3064 3176 6240
3151 3197 6348
3189 3199 6388
3144 3194 6338
3088 3125 6213
3064 3195 6259
3118 3162 6280
3123 3194 6317
3098 3128 6226
3117 3194 6311
3136 3180 6316
3173 3200 6373
3083 3179 6262
3157 3158 6315
3087 3151 6238
3038 3170 6208
3111 3195 6306
3180 3181 6361
3190 3198 6388
3089 3185 6274
3118 3142 6260
3119 3134 6253
3053 3193 6246
3049 3106 6155
3054 3108 6162
3028 3096 6124
3166 3198 6364
3061 3126 6187

4132 4153 8257
4062 4109 8165
4199 4200 8360
4187 4194 8367
4070 4182 8248
4158 4168 8307
4116 4171 8286
4177 4186 8330
4195 4199 8383
4184 4198 8355
4043 4143 8176
4191 4198 8380
4186 4189 8363
4029 4192 8205
4112 4163 8236
4149 4181 8300
4151 4182 8320
4183 4197 8374
4065 4149 8203
4078 4189 8242
4170 4176 8341
4133 4197 8314
4032 4193 8214
4010 4172 8155
4079 4109 8152
4008 4055 8033
4022 4099 8095
4014 4039 8046
4103 4198 8268
4197 4200 8374
4081 4161 8225
4118 4152 8258
4198 4199 8368
4043 4044 8070
4080 4087 8157
4161 4165 8316
4173 4199 8334
4150 4154 8276
4110 4124 8227
4181 4185 8348
4090 4152 8231
4189 4193 8381
4093 4180 8251
4171 4184 8319
4094 4148 8210
4169 4194 8335
4084 4089 8143
4118 4155 8262
4199 4200 8361
4015 4181 8172
4067 4076 8135
4160 4188 8342
4071 4149 8201
4111 4183 8257
4022 4034 8040
4038 4043 8064
4181 4184 8335
4093 4179 8235
4065 4154 8207
4125 4197 8308
4106 4191 8286
4080 4189 8248
4051 4150 8196
4131 4162 8282
4053 4060 8080
4120 4156 8255
4125 4147 8237
4002 4015 7980
4162 4172 8300
4197 4200 8375
4076 4083 8150
4074 4152 8209
4072 4177 8234
4141 4189 8292
4196 4198 8389
4055 4113 8131
4122 4143 8231
4117 4121 8221
4159 4172 8308
4179 4187 8338
4081 4164 8220
4187 4197 8351
4014 4183 8167
4052 4121 8154
4047 4112 8138
4123 4196 8315
4110 4132 8208
4183 4194 8347
4006 4077 8078
4033 4118 8128
4190 4193 8355
4007 4064 8042
4057 4186 8216
4038 4141 8141
4064 4170 8213
4001 4150 8138
4163 4198 8338
4021 4197 8208
4022 4151 8140
4193 4196 8380
4054 4081 8124
4144 4147 8274
4023 4124 8123
4130 4184 8301
4046 4106 8147
4150 4190 8339
4097 4171 8238
4137 4168 8284
4055 4120 8160
4184 4188 8362
4032 4189 8194
4067 4181 8243
4028 4156 8165
4156 4160 8308
4032 4153 8167
4184 4195 8362
4041 4054 8064
4072 4080 8143
4039 4121 8135
4103 4143 8242
4139 4156 8292
4115 4197 8275
4038 4081 8084
4091 4134 8188
4149 4200 8320
4087 4185 8241
4000 4017 8015
4126 4149 8262
4189 4198 8377
4195 4197 8372
4011 4096 8074
4189 4194 8381
4017 4150 8148
4048 4124 8146
4167 4176 8310
4019 4031 8042
4044 4060 8079
4050 4070 8084
4133 4167 8294
4154 4181 8332
4093 4098 8186
4122 4136 8252
4041 4086 8098
4079 4093 8137
4168 4175 8312
4161 4173 8298
4178 4195 8335
4069 4171 8212
4110 4192 8298
4062 4198 8242
4129 4158 8264
4044 4125 8146
4163 4180 8334
4147 4186 8313
4103 4199 8280
4122 4167 8253
4022 4143 8150
4180 4198 8343
4020 4056 8042
4035 4063 8093
4062 4163 8197
4041 4167 8178
4092 4183 8256
4189 4192 8377
4130 4139 8258
4030 4163 8183
4028 4126 8138
4071 4153 8223
4033 4184 8208
4193 4199 8381
4062 4152 8197
4090 4198 8278
4083 4111 8167
4051 4186 8230
4097 4189 8276
4175 4182 8351
4199 4200 8379
4130 4142 8261
4028 4064 8086
4098 4182 8273
4093 4121 8185
4070 4199 8237
4171 4199 8350
4055 4121 8142
4159 4180 8311
4193 4198 8381
4011 4098 8077
4189 4192 8360
4131 4180 8298
4036 4200 8219
4154 4200 8342
4016 4186 8186
4108 4180 8252
4048 4142 8174
4090 4128 8211
4074 4088 8136
4058 4178 8227
4018 4101 8082
4103 4197 8270
4076 4176 8241
4109 4198 8305
4050 4137 8154
4102 4174 8250
4072 4137 8200
4089 4130 8196
4060 4066 8118
4120 4168 8257
4075 4162 8231
4110 4145 8240
4080 4096 8173
4118 4162 8273
4105 4143 8210
4047 4131 8167
4039 4138 8144
4199 4200 8397
4072 4150 8194
4142 4171 8289
4134 4150 8275
4136 4159 8294
4026 4076 8069
4181 4199 8346
4048 4064 8074
4107 4151 8248
4021 4099 8101
4119 4169 8280
4023 4036 8037
4115 4136 8229
4100 4153 8237
4048 4108 8136
4074 4190 8235
4062 4124 8178
4123 4182 8299
4105 4113 8188
4077 4086 8145
4091 4168 8256
4142 4161 8276
4024 4094 8100
4108 4156 8238
4102 4189 8255
4090 4115 8204
4032 4175 8193
4074 4147 8218
4041 4145 8148
4104 4131 8232
4108 4182 8271
4185 4188 8339
4020 4044 8028
4063 4134 8165
4161 4175 8316
4138 4179 8311
4184 4192 8350
4041 4083 8113
4060 4154 8212
4143 4164 8294
4128 4157 8282
4129 4197 8294
4192 4195 8373
4094 4166 8238
4009 4158 8155
4171 4178 8344
4029 4177 8170
4032 4111 8118
4083 4171 8251
4059 4066 8120
4117 4168 8278
4154 4169 8300
4031 4179 8197
4114 4181 8283
4016 4171 8155
4060 4068 8127
4043 4177 8188
4134 4163 8272
4154 4161 8305
4000 4013 7985
4179 4182 8337
4185 4193 8346
4163 4164 8325
4157 4169 8301
4146 4160 8298
4092 4188 8274
4191 4198 8380
4091 4099 8157
4114 4162 8274
4028 4178 8185
4103 4192 8286
4185 4193 8343
4167 4195 8356
4077 4081 8128
4047 4153 8194
4005 4059 8053
4130 4156 8270
4198 4199 8395
4144 4189 8306
4059 4065 8103
4116 4117 8218
4030 4144 8162
4072 4121 8175
4146 4164 8290
4041 4048 8053
4085 4171 8239

0.010000 0.400000
