300
1358857
3083 3167 6250
3000 3017 6017
3109 3161 6270
3117 3121 6238
3157 3169 6326
3193 3196 6389
3002 3193 6195
3177 3181 6358
3028 3039 6067
3112 3189 6301
3027 3148 6175
3081 3122 6203
3114 3166 6280
3027 3141 6168
3177 3191 6368
3046 3051 6097
3145 3147 6292
3154 3195 6349
3105 3115 6220
3019 3141 6160
3000 3099 6099
3040 3080 6120
3192 3195 6387
3088 3198 6286
3067 3132 6199
3177 3189 6366
3140 3180 6320
3145 3149 6294
3070 3143 6213
3060 3198 6258
3181 3193 6374
3192 3195 6387
3130 3141 6271
3146 3157 6303
3028 3199 6227
3087 3171 6258
3043 3071 6114
3063 3142 6205
3098 3110 6208
3114 3197 6311
3185 3186 6371
3088 3189 6277
3043 3087 6130
3180 3191 6371
3044 3048 6092
3141 3151 6292
3004 3118 6122
3160 3172 6332
3197 3198 6395
3129 3161 6290
3114 3157 6271
3091 3155 6246
3098 3145 6243
3103 3135 6238
3141 3183 6324
3152 3181 6333
3169 3185 6354
3127 3186 6313
3157 3193 6350
3139 3167 6306
3033 3046 6079
3080 3197 6277
3123 3169 6292
3129 3159 6288
3157 3174 6331
3000 3092 6092
3010 3113 6123
3015 3124 6139
3154 3190 6344
3049 3159 6208
3087 3150 6237
3018 3129 6147
3146 3154 6300
3190 3198 6388
3030 3076 6106
3054 3195 6249
3113 3136 6249
3190 3199 6389
3118 3170 6288
3155 3169 6324
3000 3030 6030
3015 3188 6203
3047 3183 6230
3188 3196 6384
3112 3162 6274
3174 3190 6364
3059 3186 6245
3145 3164 6309
3089 3192 6281
3190 3198 6388
3059 3173 6232
3168 3178 6346
3186 3187 6373
3079 3098 6177
3187 3198 6385
3047 3152 6199
3099 3168 6267
3168 3171 6339
3000 3180 6180
3044 3194 6238
3041 3156 6197
3031 3168 6199
3088 3140 6228
3184 3187 6371
3089 3138 6227
3120 3176 6296
3066 3076 6142
3056 3127 6183
3057 3070 6127
3116 3126 6242
3087 3123 6210
3126 3198 6324
3091 3187 6278
3172 3180 6352
3048 3170 6218
3055 3139 6194
3018 3083 6101
3013 3099 6112
3018 3075 6093
3158 3187 6345
3017 3038 6055
3109 3173 6282
3175 3200 6375
3065 3069 6134
3178 3197 6375
3095 3111 6206
3014 3117 6131
3185 3198 6383
3092 3161 6253
3099 3114 6213
3038 3173 6211
3055 3058 6113
3009 3023 6032
3186 3188 6374
3062 3066 6128
3197 3199 6396
3022 3082 6104
3159 3188 6347
3128 3200 6328
3066 3123 6189
3131 3135 6266
3089 3090 6179
3087 3186 6273
3089 3133 6222
3108 3162 6270
3104 3137 6241
3085 3102 6187
3004 3081 6085
3081 3135 6216
3141 3195 6336
3138 3171 6309
3029 3115 6144
3083 3179 6262
3134 3187 6321
3193 3195 6388
3125 3180 6305
3104 3182 6286
3090 3150 6240
3020 3124 6144
3032 3173 6205
3113 3147 6260
3018 3093 6111
3123 3150 6273
3056 3177 6233
3048 3063 6111
3040 3058 6098
3017 3100 6117
3016 3044 6060
3023 3024 6047
3028 3049 6077
3184 3191 6375
3163 3196 6359
3175 3180 6355
3163 3198 6361
3109 3120 6229
3006 3198 6204
3062 3155 6217
3050 3195 6245
3022 3025 6047
3010 3055 6065
3084 3186 6270
3164 3165 6329
3178 3198 6376
3110 3159 6269
3150 3157 6307
3088 3148 6236
3065 3167 6232
3181 3199 6380
3116 3132 6248
3182 3200 6382
3101 3165 6266
3091 3145 6236
3072 3154 6226
3051 3140 6191
3121 3138 6259
3022 3141 6163
3168 3170 6338
3050 3187 6237
3073 3195 6268
3122 3145 6267
3110 3179 6289
3053 3072 6125
3001 3190 6191
3028 3094 6122
3117 3126 6243
3188 3196 6384
3018 3058 6076
3122 3129 6251
3198 3200 6398
3164 3187 6351
3186 3192 6378
3082 3182 6264
3131 3142 6273
3084 3151 6235
3083 3095 6178
3074 3163 6237
3155 3165 6320
3003 3149 6152
3070 3156 6226
3160 3179 6339
3087 3130 6217
3117 3127 6244
3129 3148 6277
3115 3183 6298
3084 3163 6247
3104 3110 6214
3150 3189 6339
3161 3185 6346
3033 3076 6109
3129 3188 6317
3125 3180 6305
3042 3071 6113
3034 3135 6169
3036 3142 6178
3173 3195 6368
3140 3146 6286
3006 3112 6118
3035 3132 6167
3030 3177 6207
3032 3065 6097
3134 3167 6301
3070 3091 6161
3130 3138 6268
3028 3180 6208
3078 3129 6207
3091 3185 6276
3037 3097 6134
3073 3091 6164
3033 3189 6222
3183 3185 6368
3082 3107 6189
3159 3167 6326
3071 3120 6191
3094 3173 6267
3023 3111 6134
3040 3115 6155
3098 3140 6238
3119 3148 6267
3067 3126 6193
3082 3132 6214
3193 3198 6391
3011 3181 6192
3183 3198 6381
3153 3196 6349
3052 3077 6129
3151 3162 6313
3018 3077 6095
3076 3087 6163
3009 3129 6138
3000 3002 6002
3065 3144 6209
3077 3155 6232
3085 3106 6191
3062 3085 6147
3006 3012 6018
3087 3149 6236
3070 3130 6200
3099 3130 6229
3104 3168 6272
3138 3144 6282
3024 3049 6073
3140 3160 6300
3067 3147 6214
3170 3197 6367
3015 3034 6049
3105 3116 6221
3145 3186 6331
3049 3154 6203
3004 3171 6175
3018 3150 6168
3048 3146 6194
3089 3153 6242
3018 3087 6105
3122 3159 6281
3197 3198 6395
3014 3081 6095
3123 3177 6300
3048 3090 6138
3121 3178 6299
3011 3124 6135

4102 4187 8282
4132 4168 8285
4158 4194 8313
4165 4181 8317
4081 4101 8153
4107 4124 8209
4187 4192 8355
4098 4153 8235
4185 4189 8344
4091 4157 8225
4109 4197 8289
4091 4163 8241
4032 4053 8075
4174 4186 8341
4137 4200 8331
4168 4177 8332
4006 4021 7998
4032 4067 8067
4113 4121 8214
4051 4073 8107
4017 4105 8118
4197 4198 8364
4009 4173 8179
4074 4131 8192
4100 4165 8232
4026 4095 8096
4020 4154 8149
4118 4191 8291
4035 4091 8090
4080 4127 8172
4000 4075 8044
4187 4199 8368
4141 4195 8330
4014 4015 7992
4167 4193 8338
4024 4093 8097
4114 4130 8222
4126 4191 8291
4055 4071 8098
4184 4190 8347
4079 4149 8199
4051 4173 8222
4052 4105 8132
4065 4112 8159
4039 4079 8105
4072 4090 8158
4195 4197 8365
4189 4196 8356
4060 4125 8153
4116 4169 8274
4146 4154 8262
4168 4174 8321
4046 4113 8158
4100 4158 8225
4182 4199 8358
4025 4060 8054
4018 4100 8094
4097 4175 8268
4172 4193 8354
4091 4139 8228
4199 4200 8374
4052 4115 8156
4036 4070 8099
4142 4172 8302
4028 4188 8182
4150 4153 8264
4011 4076 8062
4153 4160 8278
4149 4194 8338
4140 4153 8263
4063 4065 8113
4186 4196 8374
4112 4114 8198
4170 4198 8342
4192 4198 8370
4152 4200 8350
4074 4098 8157
4024 4035 8039
4156 4185 8305
4168 4181 8345
4055 4156 8174
4154 4200 8333
4131 4133 8250
4055 4100 8121
4121 4180 8289
4131 4143 8269
4052 4197 8217
4151 4182 8324
4176 4198 8338
4188 4189 8354
4118 4154 8255
4045 4175 8201
4171 4179 8346
4040 4092 8124
4059 4173 8196
4002 4141 8119
4125 4153 8277
4004 4174 8177
4074 4191 8250
4032 4185 8192
4146 4173 8317
4093 4121 8207
4172 4181 8351
4015 4120 8102
4084 4142 8195
4194 4198 8361
4161 4178 8332
4159 4193 8338
4097 4124 8220
4123 4129 8225
4091 4173 8245
4120 4128 8223
4191 4197 8353
4058 4175 8201
4171 4187 8338
4104 4121 8195
4162 4180 8334
4104 4175 8260
4154 4182 8299
4029 4067 8088
4060 4164 8223
4106 4190 8294
4090 4108 8191
4116 4170 8267
4159 4196 8348
4134 4183 8314
4061 4181 8207
4168 4191 8352
4070 4145 8209
4136 4142 8251
4109 4199 8298
4166 4185 8316
4122 4200 8308
4073 4103 8154
4158 4163 8300
4015 4164 8174
4107 4180 8265
4194 4200 8392
4193 4197 8355
4015 4122 8114
4092 4123 8181
4188 4190 8362
4081 4160 8235
4061 4086 8139
4108 4138 8218
4067 4168 8219
4067 4197 8243
4028 4100 8119
4050 4056 8081
4148 4169 8293
4073 4195 8243
4074 4114 8151
4136 4198 8318
4021 4099 8119
4015 4173 8161
4022 4183 8181
4091 4094 8180
4100 4163 8261
4017 4122 8119
4175 4193 8332
4041 4148 8161
4001 4137 8102
4068 4145 8194
4073 4196 8232
4115 4185 8285
4144 4195 8314
4012 4127 8121
4035 4150 8153
4197 4199 8367
4033 4101 8098
4181 4190 8337
4135 4152 8258
4067 4175 8235
4170 4184 8319
4094 4166 8248
4112 4157 8249
4190 4195 8383
4119 4135 8246
4018 4187 8168
4026 4034 8027
4151 4174 8315
4135 4148 8276
4040 4072 8089
4134 4170 8286
4107 4133 8202
4195 4197 8386
4125 4133 8224
4173 4192 8351
4087 4148 8227
4051 4118 8147
4152 4168 8287
4127 4151 8249
4157 4189 8338
4017 4187 8187
4198 4199 8365
4100 4129 8225
4159 4198 8326
4017 4191 8203
4007 4111 8093
4025 4171 8187
4146 4166 8309
4008 4124 8110
4056 4111 8156
4119 4187 8292
4191 4200 8380
4172 4200 8337
4145 4185 8327
4096 4112 8189
4190 4192 8354
4044 4093 8113
4193 4197 8380
4115 4122 8202
4027 4083 8080
4113 4168 8245
4104 4109 8185
4098 4190 8275
4085 4190 8264
4053 4152 8172
4182 4192 8373
4064 4195 8239
4027 4055 8074
4042 4164 8173
4170 4186 8351
4001 4025 7992
4010 4138 8125
4126 4193 8287
4052 4182 8223
4172 4186 8335
4004 4054 8034
4149 4155 8299
4166 4196 8335
4044 4047 8074
4051 4094 8109
4007 4087 8087
4144 4164 8303
4055 4168 8190
4150 4187 8327
4139 4154 8284
4163 4189 8347
4005 4131 8113
4138 4179 8280
4067 4139 8171
4088 4181 8258
4102 4168 8231
4092 4130 8197
4010 4050 8022
4129 4186 8278
4052 4186 8217
4022 4159 8163
4050 4186 8210
4111 4117 8223
4008 4031 8006
4080 4139 8194
4043 4147 8153
4094 4197 8290
4139 4172 8307
4032 4149 8170
4169 4175 8336
4173 4180 8315
4139 4167 8283
4100 4196 8276
4140 4161 8292
4162 4173 8315
4145 4159 8285
4086 4095 8156
4181 4196 8359
4173 4175 8326
4152 4160 8308
4161 4189 8312
4095 4166 8225
4163 4193 8344
4104 4133 8220
4003 4106 8089
4108 4195 8283
4102 4183 8258
4043 4058 8078
4188 4192 8347
4065 4168 8203
4194 4199 8382
4127 4146 8241
4110 4148 8243
4132 4200 8329
4107 4139 8208
4140 4178 8284
4068 4198 8248
4100 4123 8213
4028 4153 8172
4024 4195 8195
4063 4189 8227
4113 4123 8231
4146 4158 8294
4168 4198 8357
4181 4196 8363
4134 4168 8279
4114 4156 8236
4194 4195 8373
4029 4143 8171
4044 4060 8087
4168 4179 8312
4001 4179 8165

0.010000 0.550000
