300
690910
3154 3194 6348
3150 3188 6338
3175 3189 6364
3054 3058 6112
3158 3192 6350
3083 3101 6184
3117 3155 6272
3057 3098 6155
3064 3161 6225
3124 3128 6252
3167 3185 6352
3100 3141 6241
3008 3149 6157
3088 3197 6285
3023 3200 6223
3006 3154 6160
3133 3192 6325
3046 3182 6228
3185 3192 6377
3017 3091 6108
3086 3122 6208
3145 3168 6313
3096 3101 6197
3148 3185 6333
3038 3047 6085
3181 3189 6370
3107 3144 6251
3168 3183 6351
3077 3113 6190
3083 3090 6173
3191 3194 6385
3157 3164 6321
3172 3186 6358
3164 3192 6356
3182 3197 6379
3133 3189 6322
3009 3065 6074
3162 3199 6361
3039 3105 6144
3072 3115 6187
3196 3198 6394
3197 3198 6395
3071 3168 6239
3105 3171 6276
3137 3184 6321
3164 3175 6339
3065 3154 6219
3041 3160 6201
3022 3061 6083
3129 3173 6302
3138 3151 6289
3082 3152 6234
3198 3200 6398
3137 3197 6334
3079 3087 6166
3086 3143 6229
3159 3163 6322
3108 3139 6247
3178 3184 6362
3176 3178 6354
3169 3177 6346
3186 3197 6383
3090 3112 6202
3115 3137 6252
3079 3183 6262
3094 3199 6293
3010 3090 6100
3074 3105 6179
3034 3161 6195
3103 3191 6294
3020 3056 6076
3135 3162 6297
3131 3140 6271
3195 3200 6395
3023 3141 6164
3071 3149 6220
3001 3059 6060
3046 3131 6177
3142 3145 6287
3093 3136 6229
3164 3200 6364
3140 3165 6305
3027 3100 6127
3181 3199 6380
3144 3167 6311
3043 3059 6102
3156 3197 6353
3148 3178 6326
3022 3029 6051
3076 3094 6170
3027 3067 6094
3037 3079 6116
3191 3192 6383
3147 3186 6333
3076 3078 6154
3167 3174 6341
3138 3178 6316
3132 3145 6277
3162 3169 6331
3061 3112 6173
3199 3200 6399
3000 3183 6183
3042 3191 6233
3029 3084 6113
3116 3199 6315
3071 3115 6186
3045 3100 6145
3045 3133 6178
3136 3190 6326
3056 3143 6199
3167 3183 6350
3074 3134 6208
3014 3065 6079
3151 3166 6317
3149 3177 6326
3123 3194 6317
3044 3059 6103
3062 3164 6226
3022 3098 6120
3165 3189 6354
3155 3181 6336
3198 3199 6397
3048 3161 6209
3143 3197 6340
3049 3066 6115
3007 3147 6154
3094 3182 6276
3192 3198 6390
3133 3183 6316
3158 3174 6332
3191 3197 6388
3191 3195 6386
3114 3123 6237
3062 3093 6155
3123 3154 6277
3139 3145 6284
3151 3175 6326
3034 3071 6105
3001 3080 6081
3060 3061 6121
3111 3171 6282
3089 3132 6221
3148 3150 6298
3065 3133 6198
3116 3129 6245
3122 3132 6254
3111 3143 6254
3131 3179 6310
3088 3108 6196
3106 3197 6303
3110 3146 6256
3138 3153 6291
3103 3198 6301
3179 3192 6371
3079 3130 6209
3166 3177 6343
3078 3191 6269
3014 3160 6174
3016 3091 6107
3103 3129 6232
3104 3149 6253
3148 3156 6304
3026 3034 6060
3080 3111 6191
3123 3196 6319
3033 3053 6086
3101 3154 6255
3177 3189 6366
3029 3073 6102
3050 3194 6244
3173 3196 6369
3164 3191 6355
3165 3176 6341
3113 3147 6260
3021 3128 6149
3042 3081 6123
3070 3073 6143
3174 3183 6357
3131 3141 6272
3110 3193 6303
3006 3101 6107
3086 3174 6260
3108 3123 6231
3130 3151 6281
3128 3156 6284
3082 3093 6175
3105 3134 6239
3192 3195 6387
3087 3127 6214
3025 3145 6170
3009 3011 6020
3075 3084 6159
3140 3152 6292
3199 3200 6399
3040 3103 6143
3023 3061 6084
3136 3188 6324
3034 3075 6109
3049 3051 6100
3158 3163 6321
3053 3078 6131
3113 3197 6310
3079 3091 6170
3084 3091 6175
3042 3070 6112
3136 3153 6289
3186 3193 6379
3148 3169 6317
3093 3198 6291
3081 3173 6254
3071 3157 6228
3180 3190 6370
3062 3131 6193
3132 3135 6267
3032 3198 6230
3038 3174 6212
3153 3168 6321
3058 3105 6163
3054 3191 6245
3096 3186 6282
3186 3197 6383
3102 3176 6278
3003 3109 6112
3086 3118 6204
3152 3195 6347
3197 3198 6395
3020 3175 6195
3165 3194 6359
3003 3197 6200
3159 3181 6340
3030 3056 6086
3195 3200 6395
3056 3114 6170
3134 3181 6315
3057 3103 6160
3101 3158 6259
3086 3188 6274
3078 3082 6160
3034 3164 6198
3024 3026 6050
3121 3178 6299
3108 3117 6225
3140 3189 6329
3012 3159 6171
3190 3194 6384
3171 3198 6369
3129 3183 6312
3125 3158 6283
3079 3112 6191
3085 3115 6200
3165 3195 6360
3092 3158 6250
3058 3170 6228
3015 3106 6121
3188 3193 6381
3173 3197 6370
3036 3040 6076
3056 3148 6204
3061 3084 6145
3001 3152 6153
3011 3066 6077
3042 3191 6233
3038 3142 6180
3199 3200 6399
3180 3183 6363
3185 3196 6381
3185 3186 6371
3006 3026 6032
3082 3115 6197
3059 3103 6162
3054 3184 6238
3078 3178 6256
3176 3198 6374
3016 3083 6099
3058 3190 6248
3191 3199 6390
3160 3191 6351
3044 3083 6127
3073 3187 6260
3152 3191 6343
3164 3169 6333
3130 3172 6302
3024 3154 6178
3052 3093 6145
3052 3076 6128
3074 3136 6210
3149 3183 6332
3146 3152 6298
3009 3165 6174
3142 3145 6287
3106 3148 6254
3108 3120 6228
3049 3178 6227
3057 3163 6220
3095 3160 6255
3083 3086 6169
3163 3176 6339
3097 3199 6296
3183 3188 6371
3112 3197 6309

4149 4168 8303
4163 4194 8332
4072 4188 8255
4089 4122 8192
4121 4122 8211
4196 4197 8358
4004 4083 8060
4052 4177 8225
4184 4197 8356
4084 4086 8160
4025 4126 8114
4157 4184 8306
4023 4177 8182
4186 4189 8366
4046 4057 8092
4075 4185 8253
4131 4158 8256
4026 4155 8150
4103 4146 8221
4123 4148 8257
4038 4085 8116
4087 4106 8178
4091 4154 8242
4178 4181 8321
4055 4179 8219
4167 4184 8343
4167 4192 8330
4156 4184 8329
4190 4200 8382
4055 4090 8135
4171 4174 8314
4197 4199 8370
4025 4051 8068
4191 4194 8359
4027 4152 8153
4040 4044 8061
4136 4160 8271
4041 4122 8157
4057 4197 8230
4054 4097 8120
4135 4161 8276
4102 4126 8217
4192 4199 8356
4129 4199 8302
4100 4148 8241
4049 4137 8181
4052 4130 8163
4097 4112 8176
4102 4162 8237
4111 4171 8244
4103 4188 8283
4182 4197 8360
4081 4178 8230
4166 4199 8350
4086 4134 8191
4159 4183 8307
4079 4170 8214
4022 4121 8142
4053 4192 8207
4074 4155 8203
4057 4149 8194
4077 4130 8202
4072 4172 8215
4156 4184 8325
4078 4091 8137
4199 4200 8361
4043 4180 8197
4154 4172 8323
4178 4193 8360
4053 4164 8189
4180 4190 8354
4041 4178 8188
4034 4083 8112
4012 4112 8122
4023 4051 8044
4019 4154 8141
4190 4200 8363
4185 4186 8356
4161 4168 8297
4194 4200 8376
4032 4149 8160
4035 4129 8151
4112 4126 8201
4129 4181 8302
4132 4174 8296
4009 4197 8187
4146 4199 8322
4033 4131 8162
4023 4181 8179
4013 4084 8068
4062 4097 8123
4073 4093 8164
4172 4180 8347
4193 4200 8375
4160 4161 8294
4161 4200 8350
4077 4111 8163
4185 4197 8355
4096 4170 8257
4104 4162 8260
4175 4189 8355
4080 4152 8213
4172 4198 8344
4100 4182 8269
4153 4188 8312
4071 4163 8204
4171 4196 8333
4169 4172 8339
4189 4196 8351
4115 4165 8274
4109 4120 8211
4006 4011 8016
4183 4189 8346
4069 4135 8201
4050 4055 8069
4003 4151 8133
4069 4092 8135
4128 4170 8284
4072 4090 8139
4183 4190 8360
4135 4191 8298
4086 4114 8171
4169 4189 8340
4113 4144 8219
4033 4089 8120
4099 4132 8202
4155 4187 8320
4060 4163 8193
4046 4064 8096
4190 4198 8381
4145 4199 8311
4033 4102 8119
4063 4109 8156
4036 4136 8165
4065 4126 8186
4175 4187 8338
4052 4168 8193
4015 4032 8029
4039 4184 8210
4061 4103 8162
4097 4121 8215
4183 4198 8342
4002 4095 8081
4123 4133 8255
4076 4097 8139
4095 4120 8209
4116 4175 8259
4117 4172 8271
4086 4135 8203
4098 4141 8230
4128 4200 8304
4041 4062 8100
4119 4139 8233
4095 4183 8255
4103 4114 8211
4163 4179 8310
4175 4194 8349
4059 4134 8178
4178 4180 8347
4126 4161 8283
4002 4169 8146
4069 4137 8199
4134 4161 8270
4085 4126 8206
4018 4175 8162
4023 4085 8076
4125 4169 8257
4026 4035 8046
4115 4172 8285
4051 4059 8104
4009 4185 8167
4079 4182 8250
4186 4195 8364
4164 4176 8325
4070 4134 8188
4059 4130 8170
4023 4101 8109
4007 4149 8128
4127 4139 8265
4014 4136 8126
4077 4146 8194
4088 4172 8239
4009 4063 8049
4032 4088 8086
4007 4068 8051
4009 4034 8010
4135 4182 8278
4022 4189 8173
4077 4120 8181
4024 4075 8091
4045 4099 8130
4078 4172 8243
4151 4195 8321
4024 4162 8179
4121 4128 8225
4077 4184 8238
4024 4145 8165
4043 4183 8189
4045 4080 8088
4102 4162 8232
4118 4130 8228
4005 4108 8085
4113 4149 8261
4141 4142 8261
4041 4152 8192
4028 4192 8201
4017 4177 8166
4013 4068 8066
4161 4193 8320
4142 4144 8277
4051 4125 8169
4014 4186 8185
4148 4182 8302
4195 4197 8375
4179 4185 8350
4195 4199 8389
4152 4177 8309
4172 4184 8343
4194 4197 8372
4162 4193 8344
4157 4160 8310
4179 4186 8329
4107 4200 8292
4124 4135 8232
4126 4149 8258
4061 4168 8197
4111 4193 8279
4191 4193 8375
4106 4178 8260
4086 4137 8216
4092 4143 8206
4170 4192 8343
4093 4111 8196
4011 4027 8034
4137 4184 8285
4073 4119 8161
4180 4195 8344
4005 4108 8085
4140 4143 8248
4137 4179 8306
4080 4117 8162
4116 4133 8229
4135 4168 8288
4070 4163 8227
4010 4185 8187
4009 4134 8129
4167 4194 8359
4058 4150 8198
4032 4049 8049
4008 4120 8115
4015 4017 7994
4160 4166 8324
4174 4189 8338
4069 4083 8124
4077 4122 8187
4161 4197 8344
4080 4119 8174
4174 4198 8342
4131 4197 8299
4054 4123 8155
4062 4123 8152
4144 4177 8309
4056 4060 8110
4151 4155 8274
4065 4167 8194
4046 4065 8075
4006 4076 8047
4066 4123 8188
4068 4179 8227
4120 4136 8252
4007 4117 8112
4168 4180 8340
4198 4199 8392
4024 4105 8108
4075 4143 8192
4005 4091 8058
4047 4158 8186
4050 4128 8175
4133 4186 8304
4070 4198 8257
4016 4145 8145
4052 4193 8234
4023 4094 8083
4127 4190 8289
4128 4180 8284
4100 4136 8235
4106 4116 8211
4004 4038 8034
4092 4133 8188
4025 4163 8183
4114 4177 8273
4119 4183 8291
4197 4198 8359
4035 4085 8104
4065 4150 8191
4052 4134 8177
4112 4194 8286
4070 4096 8136
4139 4160 8266
4185 4191 8365

0.010000 0.280000
