400
1646619
3138 3163 6301
3112 3147 6259
3008 3111 6119
3052 3164 6216
3015 3128 6143
3187 3191 6378
3114 3187 6301
3039 3101 6140
3006 3123 6129
3120 3181 6301
3138 3169 6307
3189 3197 6386
3180 3191 6371
3187 3194 6381
3147 3199 6346
3149 3154 6303
3188 3198 6386
3076 3120 6196
3107 3108 6215
3100 3149 6249
3013 3036 6049
3051 3122 6173
3052 3108 6160
3146 3161 6307
3007 3198 6205
3099 3180 6279
3052 3122 6174
3057 3188 6245
3063 3184 6247
3037 3111 6148
3054 3125 6179
3046 3184 6230
3192 3198 6390
3006 3090 6096
3194 3197 6391
3021 3071 6092
3156 3174 6330
3195 3200 6395
3066 3127 6193
3031 3135 6166
3122 3189 6311
3106 3195 6301
3070 3101 6171
3127 3171 6298
3178 3183 6361
3093 3147 6240
3123 3174 6297
3062 3189 6251
3055 3071 6126
3179 3193 6372
3086 3141 6227
3042 3124 6166
3195 3200 6395
3142 3167 6309
3055 3136 6191
3062 3162 6224
3105 3138 6243
3076 3082 6158
3003 3012 6015
3181 3184 6365
3103 3183 6286
3135 3183 6318
3193 3196 6389
3112 3121 6233
3026 3143 6169
3176 3178 6354
3018 3166 6184
3050 3135 6185
3094 3194 6288
3108 3181 6289
3122 3158 6280
3138 3149 6287
3141 3198 6339
3068 3149 6217
3171 3178 6349
3128 3142 6270
3006 3102 6108
3026 3034 6060
3180 3192 6372
3123 3176 6299
3026 3029 6055
3098 3175 6273
3060 3150 6210
3002 3190 6192
3187 3194 6381
3111 3180 6291
3005 3047 6052
3048 3137 6185
3166 3188 6354
3048 3053 6101
3135 3187 6322
3061 3116 6177
3050 3192 6242
3186 3192 6378
3026 3089 6115
3074 3181 6255
3016 3119 6135
3039 3060 6099
3096 3173 6269
3037 3076 6113
3045 3116 6161
3054 3127 6181
3169 3195 6364
3102 3114 6216
3101 3149 6250
3036 3095 6131
3192 3199 6391
3089 3171 6260
3106 3182 6288
3044 3156 6200
3102 3107 6209
3148 3197 6345
3157 3174 6331
3106 3148 6254
3005 3057 6062
3026 3127 6153
3140 3167 6307
3070 3161 6231
3071 3090 6161
3025 3107 6132
3052 3074 6126
3151 3186 6337
3072 3083 6155
3160 3197 6357
3032 3066 6098
3044 3169 6213
3000 3133 6133
3109 3166 6275
3034 3199 6233
3090 3166 6256
3165 3193 6358
3182 3196 6378
3033 3097 6130
3195 3197 6392
3056 3142 6198
3021 3077 6098
3163 3190 6353
3188 3192 6380
3166 3170 6336
3137 3180 6317
3157 3179 6336
3065 3102 6167
3002 3094 6096
3178 3187 6365
3160 3199 6359
3188 3195 6383
3112 3123 6235
3068 3147 6215
3181 3193 6374
3122 3140 6262
3021 3080 6101
3064 3095 6159
3156 3169 6325
3000 3185 6185
3157 3188 6345
3143 3163 6306
3049 3199 6248
3159 3188 6347
3164 3186 6350
3015 3173 6188
3168 3191 6359
3003 3085 6088
3073 3144 6217
3187 3192 6379
3090 3134 6224
3113 3148 6261
3103 3115 6218
3174 3199 6373
3048 3135 6183
3177 3193 6370
3045 3174 6219
3008 3030 6038
3078 3163 6241
3002 3102 6104
3160 3178 6338
3068 3163 6231
3139 3156 6295
3037 3073 6110
3190 3200 6390
3184 3196 6380
3048 3066 6114
3037 3140 6177
3086 3173 6259
3125 3177 6302
3191 3194 6385
3125 3141 6266
3047 3161 6208
3113 3156 6269
3109 3119 6228
3073 3127 6200
3029 3093 6122
3011 3096 6107
3002 3143 6145
3160 3179 6339
3019 3160 6179
3094 3159 6253
3088 3182 6270
3090 3188 6278
3125 3179 6304
3097 3200 6297
3130 3162 6292
3038 3121 6159
3124 3187 6311
3071 3107 6178
3199 3200 6399
3031 3055 6086
3087 3114 6201
3130 3131 6261
3191 3195 6386
3128 3142 6270
3127 3138 6265
3196 3200 6396
3148 3187 6335
3173 3182 6355
3035 3041 6076
3120 3194 6314
3163 3195 6358
3028 3140 6168
3045 3091 6136
3038 3084 6122
3061 3089 6150
3027 3031 6058
3172 3182 6354
3166 3197 6363
3177 3186 6363
3026 3093 6119
3083 3108 6191
3047 3181 6228
3172 3192 6364
3068 3141 6209
3034 3052 6086
3047 3132 6179
3043 3185 6228
3082 3122 6204
3051 3159 6210
3164 3198 6362
3055 3063 6118
3088 3162 6250
3159 3196 6355
3028 3158 6186
3066 3106 6172
3180 3186 6366
3194 3198 6392
3066 3073 6139
3033 3131 6164
3155 3161 6316
3163 3193 6356
3146 3198 6344
3066 3180 6246
3094 3194 6288
3144 3189 6333
3031 3182 6213
3159 3176 6335
3188 3200 6388
3105 3130 6235
3106 3161 6267
3123 3142 6265
3073 3089 6162
3195 3198 6393
3188 3196 6384
3196 3199 6395
3184 3192 6376
3015 3193 6208
3031 3121 6152
3009 3065 6074
3164 3200 6364
3155 3197 6352
3034 3093 6127
3022 3180 6202
3004 3098 6102
3122 3147 6269
3147 3196 6343
3005 3121 6126
3088 3164 6252
3047 3124 6171
3161 3162 6323
3023 3121 6144
3031 3125 6156
3135 3160 6295
3155 3191 6346
3155 3186 6341
3019 3145 6164
3143 3154 6297
3098 3172 6270
3101 3140 6241
3086 3182 6268
3035 3129 6164
3174 3185 6359
3193 3195 6388
3053 3194 6247
3000 3167 6167
3103 3186 6289
3122 3123 6245
3069 3194 6263
3012 3169 6181
3010 3067 6077
3014 3150 6164
3085 3197 6282
3116 3199 6315
3022 3170 6192
3116 3145 6261
3141 3146 6287
3182 3188 6370
3190 3192 6382
3145 3188 6333
3125 3178 6303
3055 3117 6172
3146 3169 6315
3086 3113 6199
3016 3043 6059
3079 3123 6202
3017 3024 6041
3069 3074 6143
3074 3182 6256
3099 3105 6204
3089 3197 6286
3021 3098 6119
3143 3178 6321
3003 3156 6159
3066 3085 6151
3100 3151 6251
3198 3199 6397
3093 3137 6230
3111 3131 6242
3116 3188 6304
3117 3195 6312
3104 3129 6233
3030 3051 6081
3193 3197 6390
3158 3193 6351
3093 3179 6272
3114 3175 6289
3161 3197 6358
3049 3069 6118
3179 3191 6370
3046 3152 6198
3140 3182 6322
3147 3148 6295
3138 3145 6283
3060 3152 6212
3190 3192 6382
3184 3188 6372
3090 3167 6257
3190 3193 6383
3146 3187 6333
3013 3160 6173
3012 3095 6107
3156 3184 6340
3001 3122 6123
3144 3148 6292
3184 3190 6374
3199 3200 6399
3115 3173 6288
3115 3191 6306
3184 3186 6370
3101 3163 6264
3020 3062 6082
3014 3162 6176
3068 3178 6246
3029 3122 6151
3042 3164 6206
3172 3183 6355
3031 3132 6163
3029 3043 6072
3189 3194 6383
3081 3093 6174
3154 3170 6324
3194 3197 6391
3072 3148 6220
3050 3059 6109
3127 3196 6323
3175 3195 6370
3183 3195 6378
3101 3165 6266
3128 3188 6316
3153 3164 6317
3009 3197 6206
3130 3182 6312
3065 3067 6132
3050 3125 6175
3055 3117 6172
3169 3187 6356
3082 3178 6260
3044 3119 6163
3093 3145 6238
3157 3169 6326
3097 3172 6269
3064 3144 6208
3017 3100 6117
3177 3179 6356
3047 3087 6134
3191 3195 6386
3049 3134 6183
3162 3166 6328
3154 3182 6336
3119 3128 6247
3104 3169 6273
3045 3082 6127
3146 3167 6313
3194 3198 6392

4199 4200 8372
4054 4190 8210
4037 4044 8066
4051 4168 8188
4030 4130 8143
4128 4134 8238
4127 4199 8293
4075 4158 8210
4169 4194 8342
4152 4194 8310
4041 4073 8085
4151 4177 8315
4082 4171 8222
4011 4144 8147
4127 4170 8291
4096 4099 8180
4010 4176 8157
4134 4186 8288
4177 4195 8369
4066 4110 8139
4175 4181 8352
4016 4197 8176
4130 4184 8284
4084 4152 8222
4036 4080 8109
4158 4186 8306
4192 4198 8367
4191 4192 8381
4146 4189 8330
4031 4051 8081
4037 4189 8208
4197 4199 8387
4038 4182 8206
4097 4194 8268
4093 4124 8207
4188 4196 8354
4083 4140 8188
4066 4151 8190
4128 4175 8299
4066 4150 8187
4160 4167 8306
4083 4144 8221
4074 4199 8267
4066 4078 8128
4084 4104 8177
4121 4168 8281
4009 4158 8165
4047 4100 8134
4169 4176 8317
4126 4198 8285
4078 4178 8221
4120 4164 8273
4183 4184 8359
4199 4200 8372
4167 4185 8320
4052 4185 8208
4050 4190 8203
4047 4093 8115
4075 4197 8255
4063 4082 8113
4133 4187 8307
4076 4099 8173
4135 4157 8254
4014 4127 8110
4096 4108 8196
4183 4196 8366
4065 4187 8236
4191 4195 8362
4095 4141 8203
4065 4113 8141
4082 4107 8170
4148 4196 8315
4173 4198 8334
4148 4155 8280
4065 4070 8116
4042 4051 8086
4177 4187 8349
4183 4197 8342
4165 4191 8322
4180 4184 8362
4063 4126 8164
4062 4102 8149
4178 4200 8372
4180 4184 8356
4082 4166 8243
4009 4139 8121
4144 4196 8323
4124 4170 8283
4080 4131 8177
4178 4186 8346
4176 4196 8369
4057 4170 8195
4133 4177 8293
4093 4163 8248
4159 4164 8291
4041 4130 8133
4148 4173 8292
4027 4115 8120
4048 4061 8095
4078 4151 8193
4123 4184 8305
4094 4107 8188
4004 4059 8043
4043 4048 8090
4038 4198 8206
4100 4133 8223
4117 4178 8287
4190 4199 8356
4191 4194 8348
4173 4183 8324
4195 4197 8367
4007 4135 8110
4172 4181 8337
4031 4050 8047
4014 4067 8044
4183 4187 8366
4129 4186 8293
4043 4142 8184
4005 4035 8021
4132 4143 8247
4118 4143 8230
4065 4116 8175
4150 4189 8332
4019 4162 8160
4092 4118 8173
4073 4128 8192
4086 4100 8174
4022 4090 8107
4147 4151 8296
4123 4198 8287
4146 4184 8301
4168 4176 8330
4087 4110 8165
4121 4126 8243
4063 4107 8162
4166 4176 8321
4101 4131 8194
4178 4194 8351
4070 4190 8239
4032 4083 8079
4048 4074 8114
4058 4175 8212
4020 4113 8121
4136 4140 8259
4024 4148 8143
4136 4152 8287
4121 4123 8210
4170 4197 8354
4076 4151 8223
4104 4191 8273
4111 4134 8242
4004 4095 8071
4094 4148 8221
4065 4197 8255
4189 4193 8365
4007 4042 8017
4112 4160 8263
4001 4144 8119
4011 4174 8161
4125 4133 8252
4094 4141 8200
4183 4193 8350
4000 4042 8040
4189 4200 8358
4139 4167 8289
4177 4194 8356
4114 4196 8298
4117 4130 8233
4048 4171 8199
4167 4186 8351
4005 4086 8087
4159 4176 8333
4066 4096 8139
4111 4182 8264
4143 4187 8292
4063 4091 8148
4186 4197 8348
4162 4199 8345
4075 4198 8247
4155 4156 8278
4035 4107 8124
4190 4194 8379
4045 4064 8097
4052 4148 8195
4055 4135 8186
4060 4126 8174
4189 4197 8382
4083 4095 8144
4026 4047 8054
4165 4191 8326
4150 4154 8284
4143 4162 8278
4163 4183 8315
4168 4182 8333
4185 4197 8373
4013 4067 8043
4119 4183 8287
4095 4198 8262
4165 4170 8316
4192 4199 8381
4112 4185 8270
4034 4150 8149
4065 4167 8201
4172 4199 8334
4125 4181 8283
4067 4068 8101
4093 4200 8265
4077 4117 8157
4076 4177 8251
4076 4157 8199
4053 4151 8201
4196 4197 8370
4013 4075 8067
4133 4142 8253
4007 4115 8104
4052 4136 8163
4088 4100 8175
4074 4116 8152
4183 4196 8347
4185 4196 8364
4193 4200 8375
4116 4125 8210
4072 4187 8244
4058 4136 8186
4042 4176 8181
4054 4105 8135
4045 4185 8194
4081 4165 8242
4098 4136 8212
4138 4192 8325
4112 4197 8273
4175 4193 8340
4140 4146 8257
4164 4181 8308
4170 4184 8316
4077 4100 8171
4067 4090 8156
4127 4194 8286
4013 4200 8203
4056 4174 8200
4020 4163 8175
4031 4062 8086
4102 4200 8283
4188 4195 8362
4147 4148 8262
4062 4139 8170
4086 4094 8159
4132 4168 8276
4194 4200 8379
4082 4165 8225
4106 4147 8245
4024 4083 8088
4103 4165 8250
4070 4130 8170
4000 4142 8124
4111 4132 8236
4197 4198 8391
4096 4151 8245
4196 4199 8387
4143 4153 8289
4077 4187 8236
4171 4176 8337
4068 4180 8239
4042 4061 8072
4054 4142 8188
4125 4178 8275
4105 4115 8200
4123 4147 8237
4026 4151 8152
4058 4200 8222
4103 4165 8256
4001 4019 8012
4091 4099 8178
4090 4181 8238
4038 4128 8162
4171 4183 8338
4165 4190 8317
4009 4131 8138
4089 4149 8222
4012 4104 8094
4085 4185 8262
4141 4177 8286
4062 4097 8156
4151 4179 8317
4138 4143 8271
4181 4190 8369
4142 4184 8320
4199 4200 8394
4138 4192 8325
4071 4139 8180
4023 4194 8189
4192 4195 8350
4152 4186 8321
4089 4122 8179
4136 4170 8293
4026 4054 8059
4188 4195 8353
4196 4199 8383
4029 4156 8155
4198 4200 8386
4068 4142 8205
4061 4141 8196
4147 4166 8295
4105 4114 8185
4168 4186 8317
4070 4149 8199
4182 4188 8344
4120 4142 8232
4027 4125 8126
4165 4188 8348
4144 4197 8322
4172 4192 8357
4017 4133 8149
4058 4067 8091
4028 4183 8201
4192 4194 8383
4043 4137 8178
4094 4159 8225
4027 4131 8127
4176 4182 8319
4154 4161 8276
4066 4184 8236
4182 4191 8350
4124 4198 8298
4043 4143 8175
4085 4109 8184
4069 4157 8194
4181 4195 8341
4087 4091 8153
4042 4132 8149
4166 4179 8320
4167 4198 8331
4015 4050 8033
4000 4068 8048
4018 4166 8182
4086 4090 8144
4117 4191 8273
4035 4121 8135
4188 4190 8373
4157 4158 8287
4053 4143 8171
4027 4132 8125
4099 4128 8199
4013 4097 8103
4125 4147 8265
4154 4192 8318
4146 4184 8310
4082 4161 8209
4058 4080 8118
4092 4159 8239
4102 4120 8191
4156 4172 8303
4013 4115 8099
4154 4199 8324
4063 4176 8215
4148 4177 8302
4102 4114 8177
4055 4155 8196
4073 4185 8248
4124 4173 8285
4111 4124 8226
4142 4198 8324
4013 4158 8161
4196 4200 8372
4124 4167 8279
4138 4146 8257
4107 4138 8229
4050 4194 8217
4008 4071 8072
4096 4151 8209
4019 4030 8038
4105 4145 8234
4091 4122 8193
4186 4196 8375
4155 4167 8312
4061 4180 8227
4091 4171 8224
4069 4095 8153
4067 4078 8114
4125 4134 8223
4015 4125 8102
4021 4198 8192
4135 4142 8249
4106 4163 8232
4059 4060 8085
4022 4032 8053
4028 4095 8103
4174 4184 8338
4072 4198 8266
4022 4073 8074
4078 4085 8133
4024 4067 8074
4092 4183 8241
4025 4119 8129
4137 4142 8264
4167 4174 8331
4106 4138 8243
4172 4198 8364
4126 4156 8256
4196 4197 8388

0.010000 0.500000
