400
1876929
3017 3088 6105
3118 3136 6254
3061 3137 6198
3055 3155 6210
3189 3195 6384
3193 3198 6391
3040 3077 6117
3136 3190 6326
3133 3160 6293
3007 3160 6167
3029 3137 6166
3118 3127 6245
3159 3177 6336
3130 3192 6322
3014 3105 6119
3149 3194 6343
3168 3191 6359
3191 3199 6390
3147 3179 6326
3148 3192 6340
3084 3131 6215
3046 3175 6221
3033 3040 6073
3065 3179 6244
3138 3188 6326
3193 3200 6393
3143 3186 6329
3040 3161 6201
3120 3153 6273
3007 3063 6070
3148 3200 6348
3138 3154 6292
3092 3123 6215
3145 3190 6335
3132 3172 6304
3082 3195 6277
3005 3014 6019
3044 3066 6110
3100 3116 6216
3118 3179 6297
3033 3054 6087
3015 3052 6067
3060 3123 6183
3027 3059 6086
3176 3181 6357
3023 3077 6100
3197 3200 6397
3168 3194 6362
3152 3162 6314
3192 3195 6387
3114 3146 6260
3056 3086 6142
3145 3176 6321
3158 3184 6342
3146 3172 6318
3042 3166 6208
3051 3136 6187
3173 3196 6369
3086 3159 6245
3114 3196 6310
3007 3111 6118
3125 3150 6275
3096 3181 6277
3045 3098 6143
3171 3183 6354
3130 3187 6317
3045 3130 6175
3137 3141 6278
3074 3113 6187
3074 3189 6263
3060 3141 6201
3179 3196 6375
3130 3150 6280
3128 3192 6320
3062 3134 6196
3068 3160 6228
3103 3141 6244
3184 3196 6380
3048 3129 6177
3158 3163 6321
3144 3184 6328
3083 3172 6255
3166 3170 6336
3115 3158 6273
3127 3198 6325
3165 3170 6335
3051 3144 6195
3142 3178 6320
3030 3056 6086
3141 3160 6301
3166 3199 6365
3029 3104 6133
3048 3187 6235
3132 3188 6320
3189 3190 6379
3022 3089 6111
3182 3199 6381
3185 3198 6383
3128 3138 6266
3146 3173 6319
3179 3184 6363
3140 3190 6330
3071 3078 6149
3032 3188 6220
3001 3072 6073
3017 3101 6118
3197 3198 6395
3194 3196 6390
3196 3197 6393
3175 3193 6368
3017 3193 6210
3197 3199 6396
3023 3135 6158
3120 3191 6311
3193 3199 6392
3060 3070 6130
3158 3176 6334
3156 3176 6332
3050 3121 6171
3110 3145 6255
3179 3188 6367
3025 3042 6067
3053 3058 6111
3193 3196 6389
3092 3136 6228
3141 3151 6292
3116 3136 6252
3029 3055 6084
3116 3173 6289
3006 3175 6181
3029 3142 6171
3150 3176 6326
3152 3186 6338
3097 3181 6278
3188 3189 6377
3084 3160 6244
3181 3185 6366
3170 3177 6347
3048 3061 6109
3069 3088 6157
3000 3033 6033
3091 3176 6267
3159 3197 6356
3166 3194 6360
3062 3108 6170
3008 3155 6163
3170 3189 6359
3173 3176 6349
3141 3166 6307
3153 3197 6350
3056 3115 6171
3017 3038 6055
3169 3181 6350
3177 3192 6369
3077 3105 6182
3093 3189 6282
3106 3168 6274
3199 3200 6399
3035 3164 6199
3162 3173 6335
3166 3178 6344
3146 3154 6300
3052 3128 6180
3037 3129 6166
3179 3191 6370
3138 3197 6335
3149 3187 6336
3041 3074 6115
3175 3197 6372
3132 3160 6292
3086 3190 6276
3037 3047 6084
3171 3193 6364
3197 3198 6395
3105 3143 6248
3168 3188 6356
3004 3011 6015
3042 3090 6132
3065 3112 6177
3044 3184 6228
3068 3162 6230
3054 3061 6115
3157 3185 6342
3065 3098 6163
3137 3167 6304
3198 3200 6398
3125 3135 6260
3194 3198 6392
3003 3181 6184
3122 3128 6250
3179 3195 6374
3037 3069 6106
3187 3200 6387
3004 3054 6058
3061 3134 6195
3103 3159 6262
3154 3169 6323
3125 3164 6289
3025 3152 6177
3197 3198 6395
3119 3150 6269
3030 3099 6129
3081 3186 6267
3018 3101 6119
3180 3183 6363
3059 3163 6222
3161 3169 6330
3005 3188 6193
3154 3199 6353
3134 3179 6313
3070 3100 6170
3074 3126 6200
3180 3198 6378
3091 3198 6289
3114 3161 6275
3148 3174 6322
3050 3106 6156
3079 3196 6275
3140 3160 6300
3041 3049 6090
3015 3066 6081
3094 3129 6223
3125 3186 6311
3069 3106 6175
3004 3055 6059
3141 3154 6295
3176 3196 6372
3155 3157 6312
3125 3190 6315
3028 3068 6096
3064 3160 6224
3113 3152 6265
3148 3169 6317
3080 3157 6237
3152 3158 6310
3011 3192 6203
3116 3140 6256
3151 3161 6312
3070 3200 6270
3171 3197 6368
3152 3172 6324
3085 3127 6212
3001 3073 6074
3047 3161 6208
3029 3073 6102
3062 3128 6190
3125 3153 6278
3155 3196 6351
3013 3050 6063
3060 3104 6164
3156 3193 6349
3151 3185 6336
3085 3191 6276
3076 3102 6178
3087 3163 6250
3036 3102 6138
3136 3162 6298
3163 3170 6333
3109 3147 6256
3114 3124 6238
3021 3045 6066
3047 3052 6099
3186 3197 6383
3109 3114 6223
3062 3150 6212
3018 3094 6112
3179 3182 6361
3194 3196 6390
3114 3128 6242
3113 3120 6233
3184 3188 6372
3124 3162 6286
3069 3189 6258
3014 3064 6078
3131 3135 6266
3155 3192 6347
3118 3151 6269
3073 3194 6267
3000 3110 6110
3070 3139 6209
3089 3176 6265
3038 3109 6147
3164 3169 6333
3095 3181 6276
3077 3172 6249
3123 3194 6317
3154 3161 6315
3040 3105 6145
3040 3175 6215
3168 3173 6341
3028 3088 6116
3181 3196 6377
3185 3192 6377
3188 3189 6377
3119 3137 6256
3033 3051 6084
3094 3132 6226
3133 3191 6324
3066 3151 6217
3021 3173 6194
3063 3089 6152
3056 3071 6127
3031 3053 6084
3014 3069 6083
3042 3144 6186
3193 3199 6392
3090 3193 6283
3133 3144 6277
3000 3005 6005
3100 3155 6255
3121 3152 6273
3140 3143 6283
3047 3175 6222
3028 3082 6110
3180 3194 6374
3016 3054 6070
3000 3178 6178
3099 3180 6279
3023 3185 6208
3146 3193 6339
3068 3145 6213
3172 3182 6354
3125 3152 6277
3193 3198 6391
3146 3169 6315
3061 3113 6174
3135 3192 6327
3029 3169 6198
3012 3157 6169
3000 3123 6123
3141 3163 6304
3125 3167 6292
3162 3176 6338
3060 3062 6122
3043 3149 6192
3153 3186 6339
3006 3051 6057
3182 3187 6369
3031 3162 6193
3199 3200 6399
3010 3034 6044
3149 3158 6307
3178 3184 6362
3039 3145 6184
3182 3200 6382
3030 3079 6109
3044 3154 6198
3033 3154 6187
3182 3195 6377
3037 3195 6232
3133 3185 6318
3049 3070 6119
3171 3185 6356
3109 3132 6241
3017 3027 6044
3177 3193 6370
3112 3131 6243
3177 3196 6373
3042 3103 6145
3000 3062 6062
3175 3191 6366
3012 3031 6043
3020 3176 6196
3017 3168 6185
3196 3200 6396
3141 3168 6309
3028 3161 6189
3119 3129 6248
3130 3134 6264
3094 3180 6274
3035 3067 6102
3143 3200 6343
3133 3181 6314
3038 3083 6121
3033 3082 6115
3069 3178 6247
3127 3197 6324
3133 3174 6307
3053 3070 6123
3051 3182 6233
3030 3071 6101
3104 3112 6216
3091 3126 6217
3071 3083 6154
3102 3182 6284
3037 3057 6094
3110 3128 6238
3196 3198 6394
3042 3169 6211
3153 3199 6352
3024 3065 6089
3115 3161 6276
3184 3194 6378
3120 3146 6266
3047 3080 6127
3123 3156 6279
3165 3173 6338
3156 3199 6355
3035 3159 6194
3078 3158 6236

4100 4127 8214
4074 4117 8179
4160 4168 8302
4150 4194 8332
4083 4090 8155
4158 4175 8331
4068 4082 8126
4170 4173 8333
4118 4200 8287
4174 4190 8356
4170 4183 8351
4073 4081 8148
4154 4182 8325
4039 4144 8145
4039 4194 8202
4056 4112 8142
4125 4179 8269
4129 4135 8244
4121 4191 8274
4143 4152 8293
4116 4158 8270
4055 4165 8184
4119 4187 8287
4189 4196 8369
4125 4188 8308
4186 4194 8378
4067 4192 8225
4106 4159 8227
4186 4191 8372
4138 4160 8261
4124 4174 8288
4013 4151 8145
4079 4167 8237
4142 4177 8299
4064 4200 8257
4016 4142 8133
4021 4093 8077
4171 4190 8346
4065 4149 8183
4096 4174 8242
4151 4191 8304
4115 4152 8230
4055 4062 8091
4168 4176 8325
4180 4190 8354
4080 4108 8164
4142 4184 8292
4080 4100 8173
4174 4193 8334
4001 4160 8139
4096 4185 8249
4169 4196 8355
4162 4191 8335
4163 4193 8345
4110 4199 8272
4100 4197 8289
4192 4196 8351
4163 4178 8315
4179 4180 8351
4027 4086 8078
4021 4078 8066
4042 4118 8123
4138 4146 8280
4055 4120 8162
4190 4196 8378
4090 4114 8191
4104 4132 8211
4139 4187 8299
4000 4128 8108
4120 4122 8214
4124 4191 8286
4009 4177 8175
4086 4132 8192
4043 4126 8138
4190 4200 8355
4084 4113 8171
4033 4182 8200
4051 4179 8229
4013 4046 8047
4197 4198 8364
4158 4159 8298
4060 4157 8204
4156 4159 8309
4161 4166 8321
4172 4196 8350
4092 4183 8253
4047 4066 8109
4114 4146 8234
4157 4199 8318
4075 4105 8158
4011 4042 8049
4172 4183 8327
4119 4187 8298
4002 4113 8107
4131 4187 8310
4114 4151 8242
4098 4144 8206
4079 4178 8247
4026 4115 8121
4026 4032 8052
4004 4190 8163
4015 4195 8194
4045 4075 8083
4158 4187 8318
4195 4196 8386
4156 4195 8325
4023 4109 8120
4076 4088 8131
4010 4146 8118
4034 4162 8194
4099 4140 8207
4032 4092 8086
4039 4183 8190
4075 4106 8166
4133 4198 8323
4016 4185 8191
4116 4155 8234
4051 4166 8196
4178 4191 8366
4127 4144 8245
4100 4124 8188
4016 4103 8111
4145 4168 8293
4038 4092 8098
4176 4199 8369
4081 4194 8263
4081 4146 8192
4183 4196 8344
4058 4148 8187
4123 4147 8246
4156 4163 8316
4027 4095 8099
4082 4168 8214
4071 4115 8158
4155 4198 8323
4087 4150 8219
4030 4083 8097
4184 4192 8362
4076 4134 8182
4145 4155 8296
4006 4192 8160
4147 4182 8291
4073 4090 8140
4177 4191 8361
4065 4147 8179
4143 4180 8316
4043 4128 8160
4109 4110 8212
4161 4173 8296
4126 4166 8255
4110 4148 8225
4037 4200 8212
4150 4162 8277
4044 4132 8153
4078 4114 8161
4168 4176 8341
4089 4102 8176
4055 4147 8188
4090 4151 8226
4054 4088 8105
4143 4183 8318
4064 4196 8252
4095 4102 8180
4047 4121 8157
4088 4102 8167
4041 4182 8213
4048 4115 8133
4075 4139 8187
4168 4172 8317
4142 4171 8309
4051 4148 8197
4179 4182 8331
4158 4162 8304
4152 4166 8316
4104 4149 8237
4055 4105 8153
4034 4060 8069
4183 4185 8338
4109 4196 8267
4001 4020 7993
4012 4109 8103
4175 4190 8364
4053 4128 8149
4033 4089 8099
4058 4168 8212
4038 4055 8085
4050 4079 8114
4155 4163 8282
4097 4130 8226
4037 4044 8062
4191 4193 8363
4014 4111 8096
4112 4193 8291
4164 4174 8319
4091 4188 8267
4101 4175 8246
4081 4125 8170
4187 4190 8363
4074 4083 8131
4098 4192 8273
4000 4054 8024
4174 4178 8333
4094 4178 8255
4009 4191 8176
4033 4050 8048
4151 4172 8310
4085 4099 8151
4155 4160 8306
4100 4125 8203
4170 4181 8326
4068 4138 8204
4036 4115 8132
4180 4192 8361
4197 4198 8359
4101 4171 8241
4046 4125 8167
4096 4104 8196
4134 4160 8288
4012 4177 8161
4142 4176 8293
4169 4172 8324
4081 4128 8190
4080 4114 8185
4119 4167 8276
4045 4133 8156
4049 4200 8240
4103 4111 8203
4158 4173 8313
4186 4194 8374
4046 4121 8141
4146 4187 8300
4133 4190 8304
4143 4184 8320
4176 4187 8354
4027 4123 8142
4052 4100 8125
4007 4083 8065
4018 4146 8141
4179 4185 8325
4132 4170 8286
4103 4121 8200
4106 4129 8233
4136 4168 8280
4037 4083 8110
4041 4042 8060
4031 4091 8116
4151 4163 8298
4066 4160 8220
4153 4194 8333
4124 4159 8250
4062 4149 8179
4186 4199 8368
4015 4135 8146
4052 4127 8141
4076 4107 8147
4026 4064 8083
4142 4147 8272
4094 4193 8257
4069 4124 8167
4097 4109 8175
4101 4200 8263
4162 4200 8352
4072 4198 8269
4188 4197 8346
4028 4198 8195
4004 4036 8031
4155 4183 8318
4075 4200 8270
4088 4175 8257
4104 4135 8230
4169 4174 8330
4107 4122 8198
4001 4034 8019
4014 4082 8060
4137 4154 8286
4076 4158 8213
4011 4036 8039
4159 4185 8321
4090 4184 8263
4149 4193 8317
4140 4150 8267
4096 4187 8260
4174 4179 8339
4127 4168 8277
4013 4148 8139
4118 4182 8283
4165 4167 8311
4151 4181 8294
4156 4188 8310
4170 4200 8345
4035 4154 8180
4087 4100 8162
4025 4064 8071
4151 4186 8334
4124 4186 8275
4102 4171 8234
4143 4190 8302
4106 4156 8255
4157 4173 8296
4191 4195 8373
4125 4170 8277
4065 4138 8200
4102 4124 8195
4199 4200 8398
4108 4185 8270
4109 4126 8206
4111 4121 8226
4178 4198 8358
4075 4185 8225
4068 4139 8173
4104 4115 8200
4056 4103 8138
4185 4191 8339
4122 4160 8251
4133 4188 8298
4020 4103 8108
4011 4050 8026
4192 4196 8382
4089 4187 8240
4149 4195 8316
4126 4168 8264
4071 4161 8213
4162 4176 8337
4071 4130 8183
4094 4166 8230
4038 4076 8103
4197 4200 8392
4116 4182 8269
4192 4193 8363
4050 4085 8121
4027 4155 8173
4031 4189 8214
4165 4192 8354
4197 4199 8368
4155 4192 8345
4193 4194 8368
4023 4056 8070
4097 4174 8256
4137 4159 8277
4047 4100 8117
4088 4192 8252
4086 4090 8149
4071 4074 8134
4107 4148 8247
4041 4155 8171
4170 4174 8312
4139 4164 8269
4169 4175 8332
4159 4193 8331
4120 4148 8229
4057 4099 8126
4037 4070 8072
4077 4163 8219
4148 4193 8336
4122 4177 8265
4114 4116 8228
4117 4186 8271
4189 4194 8365
4084 4161 8213
4102 4196 8266
4072 4092 8126
4100 4181 8252
4131 4186 8306
4172 4190 8357
4096 4119 8194
4140 4150 8254
4032 4114 8141
4073 4111 8159
4131 4156 8262
4041 4100 8116
4145 4192 8333
4002 4191 8175
4075 4102 8148
4181 4182 8341
4097 4176 8262
4189 4194 8357
4075 4174 8226
4160 4172 8299
4000 4099 8069
4096 4097 8184
4147 4173 8291
4032 4102 8128
4037 4087 8110
4198 4200 8359
4119 4160 8277
4041 4063 8085
4163 4198 8327
4160 4182 8309
4133 4149 8264
4142 4145 8268
4041 4045 8058
4163 4167 8326
4094 4097 8186
4104 4188 8259
4054 4195 8231
4077 4171 8210
4007 4057 8036
4038 4092 8124
4197 4198 8389
4054 4153 8190

0.010000 0.570000
