400
1151976
3197 3198 6395
3167 3181 6348
3128 3132 6260
3078 3148 6226
3141 3156 6297
3080 3099 6179
3018 3067 6085
3183 3193 6376
3014 3035 6049
3131 3178 6309
3020 3064 6084
3149 3166 6315
3080 3112 6192
3074 3195 6269
3122 3154 6276
3066 3079 6145
3147 3168 6315
3040 3133 6173
3101 3135 6236
3036 3115 6151
3106 3183 6289
3190 3194 6384
3124 3186 6310
3044 3114 6158
3126 3130 6256
3155 3194 6349
3113 3157 6270
3138 3184 6322
3041 3058 6099
3188 3190 6378
3126 3151 6277
3113 3186 6299
3169 3170 6339
3180 3183 6363
3184 3194 6378
3150 3178 6328
3104 3107 6211
3140 3196 6336
3077 3087 6164
3022 3086 6108
3137 3146 6283
3014 3180 6194
3034 3053 6087
3120 3182 6302
3061 3072 6133
3022 3142 6164
3175 3192 6367
3161 3191 6352
3078 3153 6231
3010 3156 6166
3199 3200 6399
3110 3186 6296
3155 3183 6338
3100 3118 6218
3178 3192 6370
3150 3170 6320
3141 3161 6302
3116 3183 6299
3061 3197 6258
3073 3182 6255
3049 3082 6131
3107 3115 6222
3028 3146 6174
3155 3176 6331
3014 3044 6058
3029 3173 6202
3069 3091 6160
3013 3152 6165
3041 3136 6177
3085 3122 6207
3153 3194 6347
3069 3140 6209
3198 3200 6398
3095 3106 6201
3062 3198 6260
3052 3167 6219
3074 3094 6168
3130 3138 6268
3056 3169 6225
3113 3168 6281
3198 3199 6397
3180 3182 6362
3041 3117 6158
3171 3182 6353
3142 3160 6302
3050 3131 6181
3198 3199 6397
3116 3196 6312
3090 3172 6262
3040 3134 6174
3084 3157 6241
3020 3067 6087
3020 3152 6172
3037 3162 6199
3057 3113 6170
3043 3057 6100
3139 3157 6296
3042 3152 6194
3151 3159 6310
3034 3176 6210
3063 3153 6216
3051 3058 6109
3126 3173 6299
3028 3172 6200
3190 3198 6388
3159 3187 6346
3122 3163 6285
3009 3065 6074
3093 3167 6260
3020 3069 6089
3036 3058 6094
3154 3157 6311
3179 3190 6369
3190 3193 6383
3117 3125 6242
3115 3167 6282
3097 3179 6276
3178 3186 6364
3079 3099 6178
3061 3074 6135
3046 3151 6197
3141 3148 6289
3037 3194 6231
3019 3131 6150
3034 3075 6109
3122 3133 6255
3119 3172 6291
3040 3134 6174
3073 3111 6184
3067 3100 6167
3174 3199 6373
3030 3198 6228
3154 3194 6348
3047 3139 6186
3174 3188 6362
3097 3190 6287
3192 3197 6389
3052 3094 6146
3004 3127 6131
3109 3121 6230
3168 3195 6363
3022 3180 6202
3189 3194 6383
3149 3183 6332
3171 3181 6352
3136 3175 6311
3161 3165 6326
3149 3155 6304
3158 3187 6345
3194 3197 6391
3111 3149 6260
3002 3016 6018
3128 3142 6270
3060 3065 6125
3186 3198 6384
3032 3128 6160
3108 3185 6293
3178 3188 6366
3012 3081 6093
3043 3110 6153
3063 3099 6162
3016 3200 6216
3194 3195 6389
3001 3148 6149
3003 3137 6140
3183 3196 6379
3095 3145 6240
3015 3141 6156
3100 3123 6223
3175 3194 6369
3149 3169 6318
3187 3190 6377
3114 3115 6229
3175 3183 6358
3041 3063 6104
3026 3190 6216
3120 3161 6281
3107 3122 6229
3118 3124 6242
3162 3190 6352
3029 3084 6113
3052 3142 6194
3140 3177 6317
3154 3194 6348
3112 3151 6263
3030 3041 6071
3073 3149 6222
3128 3179 6307
3193 3198 6391
3197 3200 6397
3065 3185 6250
3179 3189 6368
3045 3089 6134
3121 3135 6256
3178 3198 6376
3194 3198 6392
3065 3143 6208
3052 3123 6175
3155 3165 6320
3076 3184 6260
3002 3111 6113
3089 3137 6226
3005 3152 6157
3121 3156 6277
3052 3053 6105
3055 3155 6210
3153 3179 6332
3048 3190 6238
3049 3091 6140
3013 3050 6063
3043 3181 6224
3130 3182 6312
3116 3148 6264
3175 3186 6361
3047 3168 6215
3102 3129 6231
3127 3193 6320
3137 3140 6277
3124 3192 6316
3102 3121 6223
3009 3141 6150
3044 3076 6120
3134 3185 6319
3177 3187 6364
3003 3192 6195
3038 3060 6098
3007 3166 6173
3042 3158 6200
3100 3146 6246
3014 3126 6140
3080 3145 6225
3016 3099 6115
3003 3125 6128
3144 3150 6294
3099 3180 6279
3143 3199 6342
3037 3183 6220
3013 3160 6173
3077 3147 6224
3007 3101 6108
3143 3174 6317
3055 3126 6181
3106 3142 6248
3172 3187 6359
3133 3198 6331
3163 3190 6353
3104 3190 6294
3093 3112 6205
3188 3194 6382
3127 3188 6315
3001 3075 6076
3087 3123 6210
3180 3183 6363
3125 3131 6256
3034 3077 6111
3164 3198 6362
3082 3192 6274
3048 3090 6138
3169 3191 6360
3056 3060 6116
3005 3111 6116
3142 3195 6337
3055 3092 6147
3197 3198 6395
3126 3172 6298
3046 3088 6134
3073 3138 6211
3167 3168 6335
3197 3199 6396
3179 3184 6363
3060 3195 6255
3065 3113 6178
3065 3077 6142
3194 3199 6393
3121 3199 6320
3160 3182 6342
3128 3132 6260
3192 3197 6389
3079 3121 6200
3040 3111 6151
3095 3137 6232
3135 3157 6292
3152 3178 6330
3006 3148 6154
3171 3194 6365
3186 3190 6376
3015 3051 6066
3133 3167 6300
3073 3123 6196
3021 3147 6168
3168 3200 6368
3133 3198 6331
3179 3190 6369
3010 3064 6074
3095 3148 6243
3080 3156 6236
3083 3137 6220
3194 3195 6389
3109 3145 6254
3118 3121 6239
3060 3131 6191
3016 3127 6143
3048 3103 6151
3044 3080 6124
3039 3064 6103
3044 3190 6234
3177 3181 6358
3047 3116 6163
3115 3175 6290
3174 3179 6353
3132 3169 6301
3054 3162 6216
3137 3140 6277
3088 3168 6256
3099 3180 6279
3129 3175 6304
3109 3167 6276
3145 3153 6298
3179 3199 6378
3108 3148 6256
3024 3028 6052
3087 3122 6209
3083 3137 6220
3016 3140 6156
3190 3198 6388
3004 3169 6173
3178 3198 6376
3132 3151 6283
3139 3143 6282
3043 3189 6232
3104 3150 6254
3111 3196 6307
3059 3102 6161
3100 3128 6228
3143 3152 6295
3104 3127 6231
3170 3197 6367
3014 3045 6059
3010 3096 6106
3001 3059 6060
3120 3151 6271
3197 3199 6396
3022 3108 6130
3048 3174 6222
3088 3092 6180
3172 3173 6345
3112 3191 6303
3040 3145 6185
3163 3182 6345
3100 3162 6262
3063 3121 6184
3144 3180 6324
3168 3183 6351
3196 3198 6394
3108 3153 6261
3066 3147 6213
3110 3131 6241
3082 3114 6196
3174 3178 6352
3174 3179 6353
3077 3168 6245
3139 3169 6308
3098 3191 6289
3167 3197 6364
3097 3151 6248
3112 3195 6307
3010 3174 6184
3134 3196 6330
3184 3199 6383
3169 3192 6361
3036 3171 6207
3141 3158 6299
3030 3089 6119
3125 3171 6296
3134 3136 6270
3166 3190 6356
3143 3178 6321
3058 3086 6144
3001 3029 6030
3140 3181 6321
3004 3156 6160
3017 3130 6147
3131 3188 6319
3066 3176 6242
3192 3194 6386
3062 3184 6246
3177 3192 6369
3091 3154 6245
3084 3150 6234
3046 3084 6130
3116 3144 6260
3105 3131 6236
3169 3195 6364
3185 3200 6385
3074 3195 6269
3001 3016 6017
3111 3159 6270
3106 3169 6275
3145 3184 6329
3021 3052 6073

4198 4200 8374
4041 4138 8173
4041 4085 8100
4050 4178 8211
4068 4096 8137
4068 4186 8234
4079 4135 8176
4110 4121 8207
4011 4111 8105
4031 4073 8076
4065 4177 8207
4088 4089 8165
4099 4106 8202
4152 4167 8300
4139 4157 8261
4061 4063 8121
4047 4148 8189
4077 4170 8233
4077 4182 8245
4075 4156 8206
4027 4160 8172
4014 4152 8162
4018 4041 8035
4103 4182 8254
4155 4191 8329
4012 4019 8017
4122 4132 8215
4029 4156 8171
4075 4150 8204
4002 4078 8071
4194 4199 8363
4032 4132 8139
4028 4107 8102
4091 4175 8256
4034 4193 8205
4077 4084 8153
4147 4165 8282
4123 4194 8309
4047 4085 8115
4034 4168 8168
4072 4115 8156
4098 4170 8242
4186 4188 8365
4133 4169 8265
4069 4157 8224
4134 4175 8303
4017 4190 8191
4026 4187 8188
4133 4158 8266
4111 4159 8262
4067 4126 8191
4139 4194 8310
4023 4040 8040
4000 4046 8015
4057 4153 8187
4078 4159 8207
4146 4150 8285
4173 4177 8334
4050 4185 8222
4011 4098 8095
4155 4198 8317
4024 4166 8185
4199 4200 8367
4157 4176 8319
4148 4155 8268
4008 4084 8089
4136 4172 8269
4060 4103 8149
4198 4199 8380
4179 4195 8372
4062 4171 8203
4031 4088 8109
4098 4141 8207
4154 4193 8344
4010 4036 8008
4063 4134 8195
4140 4175 8308
4069 4146 8184
4134 4163 8268
4105 4161 8261
4041 4108 8124
4136 4173 8296
4074 4152 8213
4187 4195 8351
4138 4183 8290
4031 4095 8112
4145 4147 8288
4122 4154 8248
4153 4198 8318
4030 4192 8194
4164 4200 8335
4147 4174 8316
4003 4085 8085
4163 4180 8337
4038 4199 8225
4089 4117 8199
4062 4100 8126
4151 4179 8315
4010 4119 8112
4046 4153 8184
4084 4135 8216
4178 4195 8358
4106 4150 8232
4197 4200 8387
4192 4198 8378
4014 4037 8020
4041 4116 8134
4166 4182 8340
4144 4188 8312
4038 4063 8081
4082 4156 8209
4146 4200 8341
4003 4151 8121
4184 4187 8341
4170 4182 8330
4169 4197 8351
4157 4165 8301
4009 4081 8065
4066 4086 8143
4059 4177 8234
4160 4166 8306
4088 4193 8264
4161 4192 8338
4076 4091 8162
4020 4131 8120
4116 4145 8229
4018 4195 8195
4018 4119 8135
4098 4132 8225
4025 4196 8193
4169 4198 8366
4155 4157 8286
4045 4140 8148
4121 4185 8305
4163 4178 8335
4018 4032 8023
4018 4174 8154
4175 4181 8338
4166 4167 8299
4066 4131 8196
4113 4196 8290
4082 4188 8256
4014 4026 8038
4054 4143 8169
4011 4097 8081
4031 4047 8071
4042 4055 8086
4039 4174 8199
4038 4146 8181
4071 4102 8140
4174 4183 8335
4135 4174 8278
4111 4144 8216
4162 4168 8319
4185 4199 8382
4174 4182 8337
4079 4158 8228
4035 4116 8125
4177 4199 8345
4162 4163 8324
4040 4051 8079
4111 4115 8211
4173 4178 8315
4044 4155 8175
4057 4142 8193
4143 4197 8306
4051 4114 8140
4000 4193 8187
4096 4167 8244
4173 4196 8332
4122 4184 8286
4092 4135 8192
4191 4196 8362
4167 4200 8359
4018 4143 8139
4052 4067 8108
4178 4194 8370
4197 4198 8362
4091 4121 8185
4189 4196 8373
4079 4115 8189
4144 4184 8307
4115 4139 8250
4048 4121 8149
4070 4107 8173
4182 4186 8337
4195 4197 8379
4153 4188 8336
4059 4134 8165
4136 4142 8252
4083 4124 8203
4017 4182 8196
4033 4072 8088
4166 4187 8334
4133 4140 8269
4072 4077 8118
4040 4105 8140
4070 4180 8216
4151 4179 8307
4134 4161 8276
4002 4149 8123
4192 4199 8380
4125 4159 8269
4107 4172 8243
4162 4179 8328
4021 4091 8096
4045 4050 8074
4013 4085 8096
4006 4033 8015
4113 4171 8261
4036 4080 8090
4145 4152 8288
4054 4086 8119
4022 4166 8186
4137 4143 8252
4150 4189 8301
4125 4187 8288
4018 4065 8047
4168 4184 8342
4030 4198 8197
4047 4151 8163
4195 4199 8357
4105 4115 8189
4069 4148 8197
4107 4177 8269
4097 4168 8230
4073 4093 8149
4199 4200 8397
4154 4167 8310
4157 4180 8330
4009 4188 8194
4165 4178 8331
4104 4183 8263
4160 4175 8315
4110 4141 8233
4143 4192 8307
4050 4087 8123
4038 4156 8179
4016 4174 8152
4168 4198 8327
4024 4141 8142
4156 4190 8345
4110 4135 8219
4005 4033 8025
4077 4138 8183
4023 4060 8056
4089 4183 8267
4111 4199 8275
4092 4132 8211
4087 4128 8188
4095 4098 8179
4156 4181 8327
4037 4038 8046
4052 4193 8210
4179 4194 8363
4024 4173 8191
4119 4165 8279
4119 4182 8262
4171 4181 8332
4193 4197 8357
4000 4100 8079
4051 4093 8120
4041 4134 8153
4123 4134 8236
4130 4191 8289
4117 4180 8270
4125 4197 8292
4041 4062 8094
4088 4136 8208
4136 4169 8298
4179 4180 8345
4133 4199 8306
4153 4181 8321
4150 4153 8295
4096 4112 8195
4168 4197 8350
4067 4087 8137
4092 4115 8197
4115 4137 8242
4157 4191 8337
4107 4134 8202
4053 4136 8169
4185 4188 8344
4019 4194 8200
4132 4160 8282
4138 4174 8285
4136 4176 8293
4042 4159 8195
4118 4155 8261
4127 4191 8309
4080 4163 8230
4087 4089 8167
4184 4195 8369
4033 4091 8117
4159 4160 8310
4162 4170 8320
4160 4199 8351
4046 4066 8091
4171 4181 8338
4072 4161 8218
4178 4187 8334
4029 4184 8182
4149 4173 8316
4140 4185 8319
4167 4185 8323
4159 4165 8305
4059 4101 8139
4139 4170 8275
4152 4176 8289
4005 4030 8003
4094 4143 8208
4000 4053 8019
4099 4166 8251
4156 4172 8320
4093 4163 8243
4180 4198 8354
4139 4182 8299
4182 4200 8350
4177 4197 8369
4065 4144 8182
4174 4200 8369
4058 4146 8194
4043 4085 8094
4088 4181 8264
4123 4194 8303
4007 4150 8122
4138 4190 8289
4018 4186 8171
4003 4083 8065
4044 4098 8107
4128 4183 8274
4044 4179 8199
4001 4131 8123
4091 4136 8203
4110 4121 8198
4014 4084 8074
4100 4136 8215
4126 4141 8239
4079 4126 8201
4157 4179 8310
4036 4057 8066
4034 4189 8201
4003 4173 8165
4134 4188 8304
4018 4146 8162
4179 4183 8342
4124 4180 8280
4030 4147 8140
4044 4103 8114
4008 4111 8083
4197 4198 8389
4127 4187 8304
4017 4063 8045
4096 4124 8197
4145 4179 8294
4069 4095 8154
4106 4173 8260
4140 4164 8281
4122 4161 8272
4114 4131 8234
4153 4193 8328
4151 4152 8272
4091 4115 8171
4173 4176 8316
4078 4105 8181
4195 4196 8362
4176 4194 8335
4162 4189 8337
4142 4192 8311
4045 4054 8089
4051 4121 8166
4030 4132 8136
4127 4179 8269
4107 4158 8247
4017 4060 8045
4145 4200 8332
4073 4195 8242
4020 4081 8095
4166 4174 8333
4001 4161 8132
4134 4141 8254
4032 4166 8186
4061 4192 8235
4011 4150 8140
4166 4193 8339
4105 4198 8297
4093 4138 8198
4141 4186 8299
4027 4172 8162
4162 4196 8352
4088 4108 8160
4194 4196 8365
4099 4128 8213
4087 4161 8246
4173 4179 8332
4140 4158 8297
4167 4178 8309
4036 4144 8148
4056 4157 8207
4144 4168 8284

0.010000 0.350000
