400
1844306
3135 3179 6314
3016 3091 6107
3173 3200 6373
3072 3125 6197
3179 3185 6364
3052 3134 6186
3134 3143 6277
3136 3164 6300
3026 3063 6089
3095 3199 6294
3076 3132 6208
3006 3123 6129
3154 3178 6332
3117 3184 6301
3145 3184 6329
3171 3185 6356
3075 3142 6217
3145 3166 6311
3030 3190 6220
3185 3196 6381
3028 3098 6126
3127 3187 6314
3057 3135 6192
3067 3068 6135
3093 3105 6198
3088 3134 6222
3006 3143 6149
3196 3199 6395
3071 3079 6150
3039 3115 6154
3089 3155 6244
3004 3099 6103
3163 3177 6340
3147 3152 6299
3050 3146 6196
3039 3114 6153
3160 3186 6346
3014 3094 6108
3098 3123 6221
3136 3138 6274
3033 3186 6219
3005 3120 6125
3197 3198 6395
3030 3095 6125
3118 3119 6237
3072 3179 6251
3168 3192 6360
3037 3189 6226
3176 3193 6369
3060 3078 6138
3036 3073 6109
3048 3154 6202
3018 3064 6082
3175 3183 6358
3098 3105 6203
3156 3160 6316
3086 3166 6252
3156 3184 6340
3057 3163 6220
3104 3142 6246
3070 3087 6157
3103 3200 6303
3150 3188 6338
3084 3142 6226
3156 3157 6313
3154 3199 6353
3099 3115 6214
3175 3188 6363
3099 3106 6205
3056 3145 6201
3194 3200 6394
3133 3195 6328
3126 3157 6283
3057 3092 6149
3091 3180 6271
3128 3150 6278
3161 3170 6331
3134 3189 6323
3116 3119 6235
3133 3196 6329
3071 3112 6183
3112 3151 6263
3161 3169 6330
3050 3175 6225
3019 3150 6169
3092 3145 6237
3084 3175 6259
3135 3148 6283
3154 3198 6352
3081 3165 6246
3197 3200 6397
3162 3175 6337
3072 3184 6256
3005 3191 6196
3116 3191 6307
3031 3091 6122
3081 3082 6163
3179 3192 6371
3182 3196 6378
3143 3152 6295
3171 3183 6354
3090 3174 6264
3047 3180 6227
3047 3085 6132
3154 3196 6350
3034 3093 6127
3087 3124 6211
3100 3154 6254
3163 3199 6362
3063 3098 6161
3039 3146 6185
3093 3151 6244
3101 3182 6283
3042 3194 6236
3157 3159 6316
3049 3096 6145
3100 3181 6281
3045 3163 6208
3181 3182 6363
3010 3035 6045
3000 3090 6090
3000 3166 6166
3026 3063 6089
3114 3139 6253
3173 3174 6347
3049 3184 6233
3165 3192 6357
3148 3149 6297
3027 3115 6142
3105 3192 6297
3005 3035 6040
3198 3200 6398
3185 3191 6376
3180 3197 6377
3031 3069 6100
3173 3188 6361
3077 3108 6185
3088 3098 6186
3151 3184 6335
3169 3194 6363
3174 3179 6353
3074 3167 6241
3008 3009 6017
3027 3064 6091
3165 3180 6345
3036 3071 6107
3144 3194 6338
3099 3170 6269
3040 3167 6207
3027 3048 6075
3015 3080 6095
3134 3135 6269
3177 3180 6357
3079 3088 6167
3080 3165 6245
3135 3141 6276
3070 3095 6165
3060 3136 6196
3064 3153 6217
3125 3173 6298
3162 3198 6360
3081 3182 6263
3110 3152 6262
3125 3146 6271
3180 3186 6366
3007 3198 6205
3052 3131 6183
3089 3185 6274
3101 3118 6219
3107 3171 6278
3061 3130 6191
3160 3200 6360
3032 3136 6168
3199 3200 6399
3151 3155 6306
3128 3165 6293
3068 3191 6259
3045 3159 6204
3090 3178 6268
3017 3024 6041
3077 3176 6253
3045 3146 6191
3064 3099 6163
3139 3144 6283
3052 3128 6180
3065 3107 6172
3007 3197 6204
3026 3096 6122
3187 3191 6378
3149 3169 6318
3069 3199 6268
3152 3159 6311
3069 3180 6249
3197 3200 6397
3083 3091 6174
3172 3175 6347
3028 3096 6124
3010 3187 6197
3100 3106 6206
3177 3198 6375
3157 3172 6329
3052 3190 6242
3096 3115 6211
3154 3172 6326
3017 3168 6185
3094 3099 6193
3123 3178 6301
3195 3200 6395
3173 3181 6354
3189 3193 6382
3099 3199 6298
3147 3197 6344
3115 3126 6241
3131 3160 6291
3034 3110 6144
3064 3189 6253
3074 3167 6241
3195 3200 6395
3191 3194 6385
3051 3106 6157
3019 3147 6166
3013 3179 6192
3196 3199 6395
3174 3187 6361
3149 3191 6340
3172 3189 6361
3083 3162 6245
3179 3182 6361
3003 3119 6122
3077 3139 6216
3161 3180 6341
3006 3163 6169
3083 3186 6269
3050 3113 6163
3047 3197 6244
3060 3149 6209
3170 3184 6354
3199 3200 6399
3134 3143 6277
3078 3148 6226
3118 3176 6294
3197 3200 6397
3083 3141 6224
3192 3199 6391
3027 3049 6076
3101 3107 6208
3155 3162 6317
3199 3200 6399
3178 3184 6362
3087 3134 6221
3129 3184 6313
3034 3150 6184
3023 3149 6172
3035 3147 6182
3085 3143 6228
3175 3196 6371
3017 3193 6210
3070 3087 6157
3142 3194 6336
3049 3162 6211
3039 3103 6142
3152 3198 6350
3074 3091 6165
3016 3144 6160
3136 3160 6296
3134 3197 6331
3012 3099 6111
3153 3154 6307
3098 3171 6269
3107 3111 6218
3151 3172 6323
3199 3200 6399
3159 3194 6353
3028 3156 6184
3195 3199 6394
3122 3155 6277
3117 3137 6254
3124 3193 6317
3013 3185 6198
3142 3177 6319
3109 3179 6288
3156 3197 6353
3083 3157 6240
3031 3089 6120
3022 3108 6130
3119 3185 6304
3064 3116 6180
3019 3050 6069
3170 3177 6347
3020 3094 6114
3099 3175 6274
3079 3084 6163
3008 3015 6023
3196 3200 6396
3039 3113 6152
3094 3125 6219
3155 3172 6327
3102 3189 6291
3094 3141 6235
3032 3132 6164
3010 3173 6183
3034 3185 6219
3134 3182 6316
3095 3178 6273
3137 3186 6323
3114 3128 6242
3129 3158 6287
3095 3128 6223
3184 3188 6372
3055 3183 6238
3151 3185 6336
3134 3159 6293
3098 3158 6256
3154 3166 6320
3198 3199 6397
3185 3188 6373
3041 3188 6229
3121 3131 6252
3189 3194 6383
3081 3105 6186
3087 3167 6254
3053 3083 6136
3004 3195 6199
3030 3190 6220
3143 3167 6310
3161 3182 6343
3112 3119 6231
3042 3115 6157
3029 3192 6221
3197 3199 6396
3173 3179 6352
3192 3194 6386
3010 3025 6035
3074 3164 6238
3164 3197 6361
3014 3141 6155
3172 3183 6355
3024 3041 6065
3086 3165 6251
3104 3107 6211
3165 3189 6354
3102 3104 6206
3137 3149 6286
3199 3200 6399
3026 3063 6089
3106 3176 6282
3155 3164 6319
3009 3190 6199
3199 3200 6399
3018 3092 6110
3068 3092 6160
3082 3198 6280
3033 3055 6088
3041 3095 6136
3176 3184 6360
3020 3172 6192
3180 3193 6373
3077 3162 6239
3068 3189 6257
3034 3165 6199
3061 3153 6214
3056 3115 6171
3033 3200 6233
3090 3136 6226
3001 3122 6123
3053 3188 6241
3047 3145 6192
3148 3196 6344
3167 3182 6349
3093 3136 6229
3075 3168 6243
3165 3175 6340
3059 3068 6127
3098 3186 6284
3195 3200 6395
3169 3199 6368
3053 3117 6170
3003 3017 6020
3176 3200 6376
3072 3193 6265
3185 3192 6377
3105 3193 6298
3173 3198 6371
3087 3185 6272
3151 3176 6327
3089 3115 6204
3079 3086 6165
3065 3161 6226
3150 3152 6302
3138 3167 6305
3149 3188 6337
3159 3189 6348
3004 3097 6101
3193 3196 6389
3034 3049 6083
3078 3136 6214
3056 3118 6174
3106 3123 6229
3048 3189 6237
3168 3193 6361

4152 4186 8301
4013 4165 8143
4113 4134 8224
4105 4195 8287
4189 4193 8351
4076 4124 8196
4155 4157 8295
4198 4199 8390
4126 4157 8256
4051 4075 8092
4180 4189 8345
4027 4035 8055
4157 4185 8318
4042 4086 8103
4085 4130 8206
4016 4061 8058
4144 4153 8266
4045 4192 8203
4080 4094 8158
4159 4168 8303
4078 4086 8158
4177 4189 8327
4167 4174 8308
4145 4169 8312
4181 4186 8340
4185 4188 8369
4101 4149 8221
4192 4199 8389
4122 4153 8246
4164 4191 8333
4065 4157 8221
4079 4120 8176
4008 4181 8182
4001 4078 8050
4031 4044 8037
4070 4160 8220
4164 4175 8311
4086 4130 8213
4088 4130 8210
4106 4109 8204
4000 4022 8000
4156 4177 8314
4125 4175 8285
4156 4170 8304
4054 4094 8132
4047 4174 8197
4104 4151 8252
4024 4194 8189
4191 4200 8389
4140 4191 8316
4027 4173 8177
4161 4194 8345
4092 4117 8200
4107 4195 8266
4133 4159 8256
4050 4069 8099
4044 4140 8183
4022 4081 8085
4177 4200 8341
4071 4131 8186
4046 4154 8180
4026 4129 8122
4049 4149 8197
4197 4198 8388
4161 4170 8295
4110 4191 8276
4178 4188 8353
4135 4152 8281
4034 4103 8119
4121 4174 8290
4105 4114 8181
4002 4191 8175
4142 4168 8296
4080 4121 8173
4198 4200 8371
4043 4101 8117
4160 4177 8301
4064 4089 8118
4192 4199 8367
4167 4170 8324
4020 4098 8116
4176 4198 8364
4097 4116 8186
4010 4125 8105
4180 4191 8369
4074 4076 8116
4114 4145 8258
4075 4182 8229
4154 4184 8337
4059 4094 8128
4049 4072 8110
4184 4185 8360
4143 4174 8297
4168 4199 8348
4050 4160 8174
4022 4085 8098
4115 4135 8232
4124 4164 8284
4172 4183 8321
4147 4172 8317
4007 4046 8023
4079 4113 8157
4116 4131 8230
4063 4121 8160
4134 4170 8269
4184 4196 8353
4127 4196 8307
4183 4191 8344
4074 4161 8234
4061 4090 8134
4148 4184 8307
4028 4136 8129
4022 4135 8130
4009 4093 8079
4184 4193 8342
4075 4131 8192
4063 4095 8122
4072 4168 8208
4062 4095 8138
4069 4177 8222
4032 4082 8101
4071 4076 8130
4077 4151 8195
4194 4197 8365
4173 4178 8322
4103 4164 8262
4059 4114 8150
4161 4174 8296
4047 4130 8171
4034 4184 8191
4187 4195 8355
4123 4138 8222
4145 4180 8306
4014 4110 8097
4011 4185 8174
4008 4088 8062
4003 4154 8131
4162 4197 8325
4168 4185 8333
4105 4188 8263
4116 4152 8266
4126 4200 8292
4053 4095 8138
4103 4110 8193
4021 4042 8054
4136 4176 8291
4049 4103 8146
4020 4050 8042
4011 4080 8081
4083 4137 8193
4104 4169 8248
4096 4154 8248
4132 4186 8317
4146 4170 8307
4013 4149 8134
4062 4169 8200
4182 4200 8359
4165 4179 8342
4110 4116 8209
4071 4080 8118
4100 4152 8228
4010 4119 8092
4000 4031 8026
4078 4120 8194
4162 4197 8329
4072 4200 8257
4020 4138 8142
4078 4124 8166
4170 4172 8309
4023 4117 8114
4073 4190 8242
4169 4193 8351
4095 4186 8273
4076 4107 8154
4131 4191 8319
4042 4183 8203
4049 4195 8239
4123 4166 8282
4044 4134 8165
4108 4126 8208
4082 4198 8268
4149 4152 8268
4146 4170 8312
4099 4120 8208
4049 4100 8135
4140 4145 8277
4073 4140 8184
4179 4192 8343
4172 4193 8340
4011 4098 8074
4017 4086 8095
4120 4191 8278
4122 4171 8260
4091 4122 8186
4043 4190 8204
4093 4099 8167
4025 4166 8180
4155 4172 8319
4191 4192 8362
4192 4200 8367
4197 4199 8392
4112 4117 8211
4017 4138 8117
4198 4199 8388
4170 4180 8343
4045 4160 8174
4150 4170 8283
4034 4045 8061
4139 4200 8321
4052 4182 8233
4185 4195 8363
4035 4174 8185
4156 4190 8310
4101 4189 8286
4106 4171 8241
4111 4161 8268
4012 4180 8190
4189 4194 8344
4032 4102 8132
4106 4153 8223
4062 4151 8175
4162 4171 8315
4069 4158 8218
4163 4171 8299
4098 4157 8219
4157 4194 8339
4043 4151 8175
4144 4189 8331
4159 4186 8331
4025 4154 8168
4182 4184 8347
4055 4135 8163
4147 4170 8310
4083 4188 8261
4178 4182 8343
4120 4176 8265
4022 4186 8195
4163 4181 8333
4189 4198 8368
4162 4173 8306
4059 4085 8137
4137 4148 8264
4047 4129 8163
4099 4137 8223
4127 4182 8275
4194 4198 8372
4145 4192 8310
4139 4188 8299
4119 4176 8273
4133 4141 8261
4195 4199 8356
4130 4191 8307
4029 4067 8059
4088 4162 8238
4138 4178 8296
4000 4126 8116
4115 4146 8256
4096 4164 8241
4162 4196 8340
4078 4117 8159
4035 4189 8223
4097 4106 8173
4023 4083 8080
4083 4192 8251
4188 4198 8373
4130 4145 8257
4186 4191 8340
4056 4196 8232
4185 4198 8376
4116 4199 8291
4010 4089 8074
4184 4194 8362
4047 4066 8076
4140 4146 8283
4103 4183 8262
4057 4173 8221
4181 4185 8347
4174 4197 8334
4103 4136 8228
4144 4172 8312
4073 4137 8200
4052 4138 8161
4026 4078 8090
4012 4055 8052
4096 4098 8180
4055 4133 8186
4136 4159 8257
4185 4200 8363
4029 4089 8099
4005 4082 8086
4182 4199 8351
4103 4132 8218
4013 4098 8107
4147 4172 8281
4164 4200 8352
4011 4158 8153
4025 4115 8117
4188 4199 8374
4042 4119 8151
4198 4199 8362
4077 4198 8241
4146 4188 8313
4011 4199 8206
4140 4153 8276
4113 4119 8224
4123 4134 8226
4018 4089 8098
4072 4107 8158
4158 4164 8289
4144 4162 8301
4067 4118 8176
4069 4140 8174
4146 4160 8271
4002 4140 8123
4189 4192 8376
4104 4121 8212
4143 4187 8293
4086 4105 8185
4191 4193 8359
4115 4141 8239
4136 4195 8296
4018 4101 8106
4184 4192 8352
4132 4148 8275
4109 4162 8249
4071 4194 8239
4195 4196 8374
4024 4196 8213
4065 4092 8128
4032 4141 8137
4001 4030 8003
4065 4091 8147
4074 4086 8156
4155 4196 8323
4177 4200 8366
4159 4176 8317
4136 4177 8285
4096 4130 8204
4086 4114 8181
4134 4174 8298
4144 4162 8302
4032 4107 8122
4199 4200 8371
4003 4102 8074
4115 4142 8255
4079 4158 8217
4036 4193 8216
4029 4148 8166
4170 4171 8306
4156 4200 8354
4102 4104 8191
4041 4116 8147
4197 4200 8367
4080 4159 8201
4008 4023 8004
4037 4116 8119
4124 4176 8289
4061 4162 8189
4117 4156 8247
4017 4047 8027
4117 4140 8248
4144 4190 8300
4017 4033 8035
4178 4200 8361
4198 4199 8360
4033 4124 8137
4100 4105 8188
4145 4186 8322
4196 4198 8366
4138 4151 8278
4195 4196 8362
4035 4100 8103
4117 4193 8309
4054 4073 8103
4041 4177 8183
4186 4198 8361
4155 4160 8283
4020 4072 8081
4118 4126 8217
4171 4177 8345
4130 4182 8311
4171 4198 8331
4022 4076 8091
4161 4183 8305
4147 4186 8327
4175 4176 8344
4125 4183 8274
4025 4069 8070
4009 4133 8132
4029 4161 8181
4177 4187 8326
4007 4145 8138
4059 4085 8115
4083 4181 8258
4104 4173 8239
4025 4101 8113
4131 4175 8302
4195 4199 8390
4083 4176 8249
4153 4196 8313

0.010000 0.560000
