500
2469622
3179 3185 6364
3042 3185 6227
3143 3175 6318
3035 3147 6182
3017 3134 6151
3032 3112 6144
3186 3196 6382
3035 3197 6232
3106 3115 6221
3034 3060 6094
3026 3096 6122
3131 3170 6301
3145 3151 6296
3026 3100 6126
3139 3177 6316
3057 3146 6203
3188 3197 6385
3188 3192 6380
3041 3108 6149
3128 3146 6274
3130 3162 6292
3118 3151 6269
3018 3174 6192
3090 3101 6191
3190 3196 6386
3110 3189 6299
3101 3147 6248
3113 3141 6254
3187 3200 6387
3148 3175 6323
3060 3071 6131
3030 3149 6179
3191 3196 6387
3010 3096 6106
3049 3158 6207
3089 3116 6205
3053 3196 6249
3169 3196 6365
3056 3117 6173
3186 3199 6385
3109 3193 6302
3109 3114 6223
3177 3182 6359
3055 3088 6143
3102 3157 6259
3018 3067 6085
3121 3198 6319
3079 3080 6159
3007 3190 6197
3120 3151 6271
3072 3087 6159
3093 3185 6278
3089 3154 6243
3141 3183 6324
3021 3087 6108
3088 3149 6237
3033 3095 6128
3106 3194 6300
3064 3162 6226
3138 3146 6284
3188 3199 6387
3056 3079 6135
3064 3185 6249
3007 3127 6134
3027 3106 6133
3019 3188 6207
3126 3146 6272
3152 3192 6344
3089 3118 6207
3063 3089 6152
3161 3198 6359
3144 3158 6302
3050 3086 6136
3186 3195 6381
3147 3197 6344
3023 3159 6182
3166 3168 6334
3043 3200 6243
3100 3151 6251
3141 3180 6321
3013 3054 6067
3137 3165 6302
3197 3199 6396
3128 3150 6278
3133 3171 6304
3013 3161 6174
3095 3154 6249
3064 3135 6199
3170 3190 6360
3052 3098 6150
3116 3146 6262
3058 3154 6212
3036 3155 6191
3063 3075 6138
3061 3145 6206
3044 3070 6114
3063 3110 6173
3013 3039 6052
3006 3119 6125
3177 3192 6369
3102 3187 6289
3132 3168 6300
3158 3194 6352
3165 3181 6346
3081 3101 6182
3107 3124 6231
3187 3192 6379
3098 3153 6251
3185 3189 6374
3091 3157 6248
3109 3197 6306
3091 3163 6254
3032 3053 6085
3174 3186 6360
3137 3200 6337
3168 3177 6345
3006 3021 6027
3032 3067 6099
3113 3121 6234
3051 3073 6124
3017 3105 6122
3197 3198 6395
3009 3173 6182
3074 3131 6205
3100 3165 6265
3026 3095 6121
3020 3154 6174
3118 3191 6309
3035 3091 6126
3080 3127 6207
3000 3075 6075
3187 3199 6386
3141 3195 6336
3014 3015 6029
3167 3193 6360
3024 3093 6117
3114 3130 6244
3126 3191 6317
3055 3071 6126
3184 3190 6374
3079 3149 6228
3051 3173 6224
3052 3105 6157
3065 3112 6177
3039 3079 6118
3072 3090 6162
3195 3197 6392
3189 3196 6385
3060 3125 6185
3116 3169 6285
3146 3154 6300
3168 3174 6342
3046 3113 6159
3100 3158 6258
3182 3199 6381
3025 3060 6085
3018 3100 6118
3097 3175 6272
3172 3193 6365
3091 3139 6230
3199 3200 6399
3052 3115 6167
3036 3070 6106
3142 3172 6314
3028 3188 6216
3150 3153 6303
3011 3076 6087
3153 3160 6313
3149 3194 6343
3140 3153 6293
3063 3065 6128
3186 3196 6382
3112 3114 6226
3170 3198 6368
3192 3198 6390
3152 3200 6352
3074 3098 6172
3024 3035 6059
3156 3185 6341
3168 3181 6349
3055 3156 6211
3154 3200 6354
3131 3133 6264
3055 3100 6155
3121 3180 6301
3131 3143 6274
3052 3197 6249
3151 3182 6333
3176 3198 6374
3188 3189 6377
3118 3154 6272
3045 3175 6220
3171 3179 6350
3040 3092 6132
3059 3173 6232
3002 3141 6143
3125 3153 6278
3004 3174 6178
3074 3191 6265
3032 3185 6217
3146 3173 6319
3093 3121 6214
3172 3181 6353
3015 3120 6135
3084 3142 6226
3194 3198 6392
3161 3178 6339
3159 3193 6352
3097 3124 6221
3123 3129 6252
3091 3173 6264
3120 3128 6248
3191 3197 6388
3058 3175 6233
3171 3187 6358
3104 3121 6225
3162 3180 6342
3104 3175 6279
3154 3182 6336
3029 3067 6096
3060 3164 6224
3106 3190 6296
3090 3108 6198
3116 3170 6286
3159 3196 6355
3134 3183 6317
3061 3181 6242
3168 3191 6359
3070 3145 6215
3136 3142 6278
3109 3199 6308
3166 3185 6351
3122 3200 6322
3073 3103 6176
3158 3163 6321
3015 3164 6179
3107 3180 6287
3194 3200 6394
3193 3197 6390
3015 3122 6137
3092 3123 6215
3188 3190 6378
3081 3160 6241
3061 3086 6147
3108 3138 6246
3067 3168 6235
3067 3197 6264
3028 3100 6128
3050 3056 6106
3148 3169 6317
3073 3195 6268
3074 3114 6188
3136 3198 6334
3021 3099 6120
3015 3173 6188
3022 3183 6205
3091 3094 6185
3100 3163 6263
3017 3122 6139
3175 3193 6368
3041 3148 6189
3001 3137 6138
3068 3145 6213
3073 3196 6269
3115 3185 6300
3144 3195 6339
3012 3127 6139
3035 3150 6185
3197 3199 6396
3033 3101 6134
3181 3190 6371
3135 3152 6287
3067 3175 6242
3170 3184 6354
3094 3166 6260
3112 3157 6269
3190 3195 6385
3119 3135 6254
3018 3187 6205
3026 3034 6060
3151 3174 6325
3135 3148 6283
3040 3072 6112
3134 3170 6304
3107 3133 6240
3195 3197 6392
3125 3133 6258
3173 3192 6365
3087 3148 6235
3051 3118 6169
3152 3168 6320
3127 3151 6278
3157 3189 6346
3017 3187 6204
3198 3199 6397
3100 3129 6229
3159 3198 6357
3017 3191 6208
3007 3111 6118
3025 3171 6196
3146 3166 6312
3008 3124 6132
3056 3111 6167
3119 3187 6306
3191 3200 6391
3172 3200 6372
3145 3185 6330
3096 3112 6208
3190 3192 6382
3044 3093 6137
3193 3197 6390
3115 3122 6237
3027 3083 6110
3113 3168 6281
3104 3109 6213
3098 3190 6288
3085 3190 6275
3053 3152 6205
3182 3192 6374
3064 3195 6259
3027 3055 6082
3042 3164 6206
3170 3186 6356
3001 3025 6026
3010 3138 6148
3126 3193 6319
3052 3182 6234
3172 3186 6358
3004 3054 6058
3149 3155 6304
3166 3196 6362
3044 3047 6091
3051 3094 6145
3007 3087 6094
3144 3164 6308
3055 3168 6223
3150 3187 6337
3139 3154 6293
3163 3189 6352
3005 3131 6136
3138 3179 6317
3067 3139 6206
3088 3181 6269
3102 3168 6270
3092 3130 6222
3010 3050 6060
3129 3186 6315
3052 3186 6238
3022 3159 6181
3050 3186 6236
3111 3117 6228
3008 3031 6039
3080 3139 6219
3043 3147 6190
3094 3197 6291
3139 3172 6311
3032 3149 6181
3169 3175 6344
3173 3180 6353
3139 3167 6306
3100 3196 6296
3140 3161 6301
3162 3173 6335
3145 3159 6304
3086 3095 6181
3181 3196 6377
3173 3175 6348
3152 3160 6312
3161 3189 6350
3095 3166 6261
3163 3193 6356
3104 3133 6237
3003 3106 6109
3108 3195 6303
3102 3183 6285
3043 3058 6101
3188 3192 6380
3065 3168 6233
3194 3199 6393
3127 3146 6273
3110 3148 6258
3132 3200 6332
3107 3139 6246
3140 3178 6318
3068 3198 6266
3100 3123 6223
3028 3153 6181
3024 3195 6219
3063 3189 6252
3113 3123 6236
3146 3158 6304
3168 3198 6366
3181 3196 6377
3134 3168 6302
3114 3156 6270
3194 3195 6389
3029 3143 6172
3044 3060 6104
3168 3179 6347
3001 3179 6180
3193 3198 6391
3144 3160 6304
3106 3191 6297
3024 3040 6064
3066 3115 6181
3183 3197 6380
3196 3199 6395
3050 3197 6247
3146 3147 6293
3063 3190 6253
3028 3108 6136
3016 3160 6176
3149 3177 6326
3177 3178 6355
3159 3186 6345
3012 3188 6200
3144 3185 6329
3071 3169 6240
3093 3094 6187
3173 3177 6350
3119 3149 6268
3056 3156 6212
3179 3195 6374
3148 3186 6334
3041 3126 6167
3187 3197 6384
3191 3196 6387
3150 3163 6313
3134 3148 6282
3066 3159 6225
3121 3190 6311
3082 3106 6188
3076 3106 6182
3029 3077 6106
3103 3140 6243
3069 3200 6269
3174 3199 6373
3067 3084 6151
3065 3104 6169
3188 3193 6381
3021 3038 6059
3132 3180 6312
3174 3186 6360
3185 3197 6382
3179 3189 6368
3123 3173 6296
3062 3114 6176
3065 3188 6253
3149 3172 6321
3090 3137 6227
3057 3141 6198
3108 3167 6275
3088 3126 6214
3052 3097 6149
3119 3150 6269
3118 3189 6307
3063 3190 6253
3002 3193 6195
3081 3104 6185
3117 3127 6244
3163 3164 6327
3152 3188 6340
3055 3129 6184
3132 3176 6308
3028 3148 6176
3080 3125 6205
3147 3155 6302
3176 3198 6374
3086 3107 6193
3065 3121 6186
3038 3079 6117
3008 3015 6023
3159 3196 6355
3080 3163 6243
3025 3088 6113
3137 3175 6312
3016 3114 6130
3000 3068 6068
3102 3170 6272
3025 3180 6205
3177 3199 6376
3005 3035 6040
3103 3157 6260
3084 3161 6245
3130 3168 6298
3055 3163 6218
3142 3163 6305
3006 3161 6167
3055 3063 6118
3156 3182 6338
3015 3056 6071
3000 3026 6026
3082 3195 6277
3062 3080 6142
3059 3156 6215
3102 3172 6274
3159 3183 6342
3095 3098 6193
3182 3185 6367
3055 3174 6229

4059 4130 8187
4182 4198 8376
4136 4152 8259
4132 4200 8319
4116 4170 8260
4003 4060 8032
4032 4133 8138
4197 4198 8373
4137 4161 8270
4186 4200 8350
4004 4040 8006
4169 4198 8350
4146 4193 8315
4161 4179 8306
4014 4195 8204
4121 4152 8267
4116 4159 8251
4039 4169 8187
4140 4193 8327
4156 4194 8312
4163 4174 8315
4010 4106 8115
4196 4198 8368
4111 4175 8275
4046 4129 8158
4170 4184 8323
4106 4124 8198
4094 4139 8195
4043 4070 8088
4197 4199 8372
4004 4127 8125
4011 4163 8144
4132 4198 8299
4004 4156 8141
4037 4089 8102
4046 4143 8185
4033 4177 8173
4165 4189 8342
4168 4198 8335
4166 4173 8324
4032 4058 8068
4042 4072 8085
4183 4197 8353
4038 4071 8099
4106 4138 8215
4121 4172 8271
4148 4192 8334
4051 4136 8176
4183 4189 8340
4125 4171 8263
4167 4183 8322
4156 4180 8312
4109 4163 8251
4180 4188 8355
4193 4197 8362
4003 4042 8043
4164 4168 8322
4002 4197 8175
4161 4178 8300
4171 4190 8356
4101 4160 8244
4174 4184 8349
4028 4198 8193
4009 4148 8126
4100 4129 8228
4155 4190 8319
4193 4200 8382
4159 4182 8312
4042 4126 8161
4065 4124 8175
4125 4137 8240
4095 4108 8183
4024 4065 8081
4020 4092 8088
4091 4181 8241
4092 4169 8223
4048 4072 8105
4181 4192 8337
4096 4182 8253
4103 4197 8289
4142 4175 8281
4079 4167 8238
4014 4100 8078
4008 4030 8024
4039 4068 8090
4084 4145 8220
4191 4198 8377
4042 4089 8110
4015 4146 8148
4097 4155 8234
4140 4174 8278
4196 4197 8366
4081 4188 8244
4062 4156 8188
4198 4199 8384
4093 4151 8227
4082 4150 8195
4010 4133 8108
4108 4135 8214
4096 4132 8206
4135 4152 8275
4023 4119 8111
4182 4199 8359
4007 4197 8201
4072 4078 8140
4057 4078 8097
4057 4163 8209
4068 4175 8235
4052 4186 8219
4116 4173 8281
4107 4186 8273
4077 4123 8173
4183 4197 8370
4118 4143 8245
4152 4196 8315
4055 4153 8197
4177 4178 8346
4145 4191 8307
4094 4165 8241
4198 4200 8379
4047 4169 8187
4046 4155 8177
4125 4141 8231
4043 4107 8146
4079 4193 8241
4054 4070 8112
4075 4128 8189
4023 4122 8116
4176 4194 8332
4026 4037 8055
4159 4165 8306
4183 4189 8341
4168 4169 8300
4094 4169 8241
4139 4162 8266
4048 4165 8209
4114 4168 8268
4064 4156 8185
4144 4160 8284
4108 4195 8278
4158 4185 8307
4199 4200 8372
4180 4189 8336
4029 4195 8212
4074 4177 8247
4041 4112 8152
4094 4146 8203
4145 4200 8336
4178 4183 8342
4116 4182 8265
4028 4078 8096
4094 4133 8225
4020 4132 8123
4089 4125 8182
4132 4176 8297
4159 4173 8296
4015 4073 8058
4174 4186 8346
4034 4138 8157
4151 4185 8324
4188 4200 8372
4011 4084 8091
4121 4156 8249
4125 4174 8280
4124 4166 8252
4198 4200 8363
4149 4181 8300
4153 4169 8300
4164 4168 8305
4042 4183 8214
4184 4194 8344
4197 4199 8393
4038 4175 8187
4005 4127 8097
4035 4171 8187
4103 4179 8265
4097 4104 8177
4161 4199 8355
4150 4191 8304
4101 4125 8192
4187 4192 8356
4085 4161 8229
4075 4141 8195
4010 4068 8053
4038 4171 8206
4115 4168 8255
4008 4015 8002
4064 4132 8158
4072 4114 8167
4013 4105 8100
4139 4185 8292
4117 4191 8301
4071 4082 8128
4052 4111 8131
4178 4188 8331
4098 4148 8209
4116 4136 8245
4120 4140 8246
4083 4104 8159
4017 4062 8054
4047 4114 8138
4070 4142 8205
4113 4181 8261
4128 4161 8259
4155 4175 8323
4175 4190 8362
4144 4161 8299
4171 4196 8337
4043 4103 8116
4109 4159 8241
4138 4149 8272
4189 4200 8381
4149 4173 8283
4035 4072 8087
4098 4179 8252
4153 4170 8296
4116 4196 8288
4196 4199 8394
4145 4194 8301
4054 4089 8109
4132 4135 8247
4123 4142 8240
4039 4101 8128
4121 4135 8225
4057 4064 8100
4021 4026 8031
4147 4173 8290
4055 4075 8102
4017 4019 8014
4012 4129 8105
4102 4136 8203
4090 4159 8243
4003 4165 8149
4077 4137 8201
4172 4195 8335
4163 4199 8335
4135 4168 8280
4044 4135 8144
4004 4104 8075
4161 4191 8333
4015 4032 8041
4198 4200 8362
4146 4198 8317
4080 4088 8141
4198 4200 8387
4150 4159 8273
4050 4105 8133
4085 4086 8144
4015 4035 8014
4019 4172 8168
4031 4129 8146
4097 4098 8159
4065 4135 8190
4098 4136 8203
4037 4115 8122
4187 4190 8347
4122 4136 8252
4071 4141 8205
4083 4181 8253
4018 4115 8096
4192 4193 8372
4058 4102 8159
4116 4147 8259
4147 4152 8263
4015 4182 8193
4143 4182 8315
4104 4193 8288
4144 4170 8291
4032 4057 8072
4053 4082 8105
4190 4199 8356
4025 4085 8102
4062 4138 8193
4155 4181 8307
4060 4124 8174
4118 4190 8305
4134 4173 8285
4015 4033 8026
4170 4191 8346
4061 4163 8216
4039 4122 8129
4185 4200 8364
4163 4182 8342
4137 4143 8241
4040 4191 8203
4151 4183 8328
4021 4191 8211
4028 4090 8082
4185 4187 8351
4106 4141 8214
4042 4109 8122
4021 4139 8149
4140 4152 8272
4104 4113 8205
4023 4159 8164
4188 4194 8374
4109 4189 8279
4059 4061 8115
4053 4178 8201
4149 4183 8295
4095 4188 8261
4170 4191 8336
4070 4154 8198
4003 4140 8128
4144 4181 8288
4157 4197 8346
4106 4169 8243
4023 4086 8092
4151 4180 8298
4110 4149 8225
4114 4129 8220
4057 4129 8171
4140 4183 8290
4182 4198 8357
4004 4121 8099
4158 4186 8316
4153 4184 8332
4141 4182 8302
4103 4186 8274
4146 4175 8289
4080 4161 8217
4110 4178 8279
4153 4186 8337
4071 4189 8240
4084 4136 8183
4169 4170 8304
4111 4153 8227
4133 4139 8235
4059 4122 8161
4170 4184 8332
4004 4134 8107
4068 4170 8234
4099 4197 8292
4162 4169 8319
4197 4198 8358
4064 4102 8135
4197 4198 8358
4196 4199 8359
4115 4181 8257
4188 4195 8370
4103 4132 8207
4082 4117 8167
4131 4145 8244
4041 4053 8065
4078 4089 8154
4073 4119 8180
4186 4194 8347
4048 4134 8175
4195 4199 8366
4082 4186 8230
4044 4092 8106
4006 4019 8003
4181 4199 8346
4113 4200 8304
4079 4096 8167
4111 4148 8226
4175 4191 8349
4131 4157 8284
4082 4144 8209
4198 4200 8368
4114 4167 8273
4099 4141 8213
4172 4192 8341
4091 4174 8242
4086 4186 8264
4133 4195 8312
4074 4170 8239
4062 4079 8127
4004 4021 8013
4047 4080 8094
4152 4177 8291
4147 4187 8301
4040 4198 8227
4012 4118 8093
4115 4138 8215
4006 4133 8114
4061 4108 8136
4010 4061 8044
4014 4182 8164
4175 4180 8322
4120 4179 8290
4126 4187 8299
4059 4112 8160
4025 4118 8108
4145 4191 8335
4070 4096 8135
4052 4142 8166
4167 4197 8347
4062 4064 8101
4135 4190 8302
4194 4199 8368
4152 4169 8285
4170 4200 8364
4055 4094 8145
4181 4186 8364
4124 4142 8254
4086 4131 8205
4181 4194 8350
4029 4082 8076
4047 4101 8117
4127 4199 8297
4135 4179 8312
4016 4091 8104
4173 4200 8349
4072 4125 8194
4179 4185 8331
4052 4134 8169
4134 4143 8238
4136 4164 8276
4026 4063 8086
4095 4199 8264
4076 4132 8171
4006 4123 8128
4154 4178 8304
4117 4184 8297
4145 4184 8296
4171 4185 8351
4075 4142 8210
4145 4166 8307
4030 4190 8213
4185 4196 8366
4028 4098 8091
4127 4187 8293
4057 4135 8183
4067 4068 8130
4093 4105 8197
4088 4134 8191
4006 4143 8119
4196 4199 8391
4071 4079 8118
4039 4115 8143
4089 4155 8233
4004 4099 8067
4163 4177 8318
4147 4152 8273
4050 4146 8192
4039 4114 8123
4160 4186 8327
4014 4094 8082
4098 4123 8211
4136 4138 8251
4033 4186 8187
4005 4120 8112
4197 4198 8366
4030 4095 8115
4118 4119 8227
4072 4179 8229
4168 4192 8346
4037 4189 8207
4176 4193 8347
4060 4078 8131
4036 4073 8080
4048 4154 8176
4018 4064 8071
4175 4183 8323
4098 4105 8179
4156 4160 8313
4086 4166 8226
4156 4184 8313
4057 4163 8199
4104 4142 8235
4070 4087 8131
4103 4200 8271
4150 4188 8311
4084 4142 8211
4156 4157 8285
4154 4199 8317
4099 4115 8183
4175 4188 8358
4099 4106 8188
4056 4145 8200
4194 4200 8368
4133 4195 8293
4126 4157 8280
4057 4092 8117
4091 4180 8252
4128 4150 8271
4161 4170 8292
4134 4189 8292
4116 4119 8207
4133 4196 8293
4071 4112 8157
4112 4151 8251
4161 4169 8302
4050 4175 8199
4019 4150 8165
4092 4145 8233
4084 4175 8254
4135 4148 8247
4154 4198 8329
4081 4165 8213
4197 4200 8382
4162 4175 8301
4072 4184 8240
4005 4191 8194
4116 4191 8276
4031 4091 8097
4081 4082 8151
4179 4192 8349
4182 4196 8369

0.010000 0.600000
