500
2633370
3005 3087 6092
3178 3197 6375
3047 3066 6113
3001 3050 6051
3120 3126 6246
3122 3136 6258
3133 3172 6305
3146 3197 6343
3178 3190 6368
3167 3196 6363
3142 3179 6321
3104 3168 6272
3161 3172 6333
3194 3197 6391
3181 3182 6363
3092 3134 6226
3142 3193 6335
3076 3190 6266
3042 3154 6196
3190 3192 6382
3007 3193 6200
3058 3174 6232
3176 3187 6363
3134 3165 6299
3097 3141 6238
3075 3140 6215
3026 3181 6207
3047 3185 6232
3054 3146 6200
3123 3176 6299
3178 3192 6370
3078 3080 6158
3125 3154 6279
3005 3017 6022
3076 3121 6197
3100 3113 6213
3098 3189 6287
3092 3147 6239
3080 3103 6183
3015 3053 6068
3070 3151 6221
3114 3161 6275
3103 3155 6258
3087 3199 6286
3087 3091 6178
3012 3161 6173
3104 3136 6240
3135 3149 6284
3097 3133 6230
3109 3164 6273
3090 3134 6224
3130 3148 6278
3198 3200 6398
3009 3106 6115
3116 3164 6280
3120 3135 6255
3084 3194 6278
3013 3030 6043
3003 3069 6072
3032 3081 6113
3054 3133 6187
3093 3167 6260
3019 3191 6210
3008 3135 6143
3070 3090 6160
3181 3197 6378
3066 3092 6158
3138 3143 6281
3025 3109 6134
3084 3171 6255
3120 3121 6241
3193 3196 6389
3163 3167 6330
3045 3138 6183
3195 3200 6395
3028 3198 6226
3027 3062 6089
3047 3080 6127
3122 3193 6315
3105 3171 6276
3017 3128 6145
3055 3178 6233
3167 3174 6341
3166 3171 6337
3023 3038 6061
3076 3113 6189
3042 3113 6155
3131 3194 6325
3069 3151 6220
3155 3173 6328
3075 3111 6186
3083 3092 6175
3185 3194 6379
3043 3116 6159
3064 3112 6176
3164 3190 6354
3175 3191 6366
3075 3147 6222
3023 3161 6184
3093 3174 6267
3109 3163 6272
3122 3147 6269
3054 3115 6169
3176 3188 6364
3129 3168 6297
3031 3114 6145
3009 3058 6067
3031 3122 6153
3006 3153 6159
3091 3179 6270
3195 3198 6393
3018 3178 6196
3132 3181 6313
3051 3132 6183
3040 3081 6121
3049 3129 6178
3048 3100 6148
3073 3121 6194
3001 3186 6187
3103 3183 6286
3004 3117 6121
3124 3138 6262
3177 3184 6361
3128 3194 6322
3143 3193 6336
3006 3090 6096
3175 3195 6370
3020 3027 6047
3103 3125 6228
3191 3198 6389
3045 3049 6094
3196 3198 6394
3037 3091 6128
3112 3140 6252
3112 3181 6293
3099 3103 6202
3170 3184 6354
3081 3170 6251
3025 3118 6143
3152 3187 6339
3096 3181 6277
3047 3130 6177
3155 3193 6348
3171 3176 6347
3140 3182 6322
3064 3086 6150
3133 3192 6325
3093 3147 6240
3050 3180 6230
3096 3117 6213
3113 3152 6265
3077 3199 6276
3136 3186 6322
3009 3164 6173
3101 3111 6212
3055 3107 6162
3135 3146 6281
3061 3125 6186
3186 3189 6375
3055 3137 6192
3047 3069 6116
3096 3181 6277
3179 3181 6360
3199 3200 6399
3011 3032 6043
3107 3121 6228
3137 3144 6281
3044 3103 6147
3148 3154 6302
3067 3080 6147
3011 3093 6104
3007 3070 6077
3041 3069 6110
3035 3089 6124
3003 3114 6117
3162 3193 6355
3095 3180 6275
3063 3080 6143
3054 3185 6239
3129 3175 6304
3149 3183 6332
3058 3139 6197
3003 3078 6081
3067 3200 6267
3075 3150 6225
3065 3197 6262
3056 3148 6204
3177 3198 6375
3051 3076 6127
3105 3186 6291
3033 3102 6135
3157 3197 6354
3095 3110 6205
3190 3192 6382
3130 3199 6329
3118 3149 6267
3005 3180 6185
3014 3023 6037
3134 3142 6276
3130 3174 6304
3184 3200 6384
3060 3172 6232
3152 3180 6332
3036 3115 6151
3137 3196 6333
3128 3134 6262
3010 3157 6167
3169 3196 6365
3182 3191 6373
3047 3092 6139
3100 3164 6264
3117 3181 6298
3144 3165 6309
3023 3133 6156
3062 3066 6128
3131 3190 6321
3059 3089 6148
3181 3195 6376
3105 3186 6291
3092 3157 6249
3121 3173 6294
3114 3180 6294
3154 3156 6310
3190 3200 6390
3127 3180 6307
3042 3086 6128
3185 3198 6383
3089 3180 6269
3108 3170 6278
3183 3196 6379
3113 3169 6282
3013 3192 6205
3166 3180 6346
3029 3152 6181
3055 3157 6212
3072 3126 6198
3152 3187 6339
3078 3099 6177
3184 3199 6383
3038 3108 6146
3048 3160 6208
3017 3088 6105
3118 3121 6239
3105 3157 6262
3149 3194 6343
3198 3199 6397
3018 3036 6054
3163 3177 6340
3185 3198 6383
3141 3167 6308
3096 3136 6232
3161 3165 6326
3154 3197 6351
3015 3104 6119
3127 3143 6270
3154 3163 6317
3055 3125 6180
3116 3190 6306
3152 3180 6332
3040 3104 6144
3120 3185 6305
3014 3077 6091
3057 3174 6231
3197 3198 6395
3038 3089 6127
3045 3048 6093
3113 3175 6288
3097 3118 6215
3069 3074 6143
3053 3134 6187
3069 3117 6186
3027 3051 6078
3199 3200 6399
3004 3091 6095
3076 3104 6180
3133 3166 6299
3082 3151 6233
3144 3185 6329
3072 3077 6149
3069 3192 6261
3148 3188 6336
3032 3049 6081
3166 3187 6353
3032 3156 6188
3038 3088 6126
3184 3193 6377
3063 3098 6161
3193 3196 6389
3182 3184 6366
3075 3087 6162
3159 3171 6330
3187 3196 6383
3153 3193 6346
3028 3090 6118
3182 3199 6381
3155 3190 6345
3176 3197 6373
3109 3165 6274
3037 3044 6081
3160 3181 6341
3081 3086 6167
3067 3146 6213
3178 3180 6358
3031 3065 6096
3105 3187 6292
3137 3161 6298
3031 3187 6218
3129 3170 6299
3048 3105 6153
3036 3160 6196
3159 3189 6348
3192 3195 6387
3070 3182 6252
3070 3082 6152
3170 3186 6356
3082 3091 6173
3140 3181 6321
3047 3173 6220
3011 3059 6070
3092 3155 6247
3109 3170 6279
3016 3170 6186
3023 3160 6183
3074 3130 6204
3030 3191 6221
3089 3175 6264
3009 3040 6049
3133 3178 6311
3179 3182 6361
3021 3129 6150
3059 3089 6148
3030 3189 6219
3060 3101 6161
3155 3158 6313
3063 3149 6212
3089 3144 6233
3095 3188 6283
3080 3081 6161
3022 3049 6071
3117 3192 6309
3055 3128 6183
3163 3164 6327
3015 3097 6112
3083 3092 6175
3133 3181 6314
3041 3094 6135
3116 3156 6272
3037 3052 6089
3102 3130 6232
3041 3061 6102
3154 3162 6316
3073 3189 6262
3196 3199 6395
3002 3048 6050
3175 3179 6354
3133 3134 6267
3184 3194 6378
3180 3192 6372
3193 3200 6393
3156 3163 6319
3048 3160 6208
3180 3193 6373
3163 3194 6357
3097 3194 6291
3022 3094 6116
3099 3126 6225
3074 3142 6216
3179 3194 6373
3129 3140 6269
3160 3173 6333
3009 3170 6179
3106 3128 6234
3063 3082 6145
3100 3192 6292
3185 3199 6384
3104 3131 6235
3114 3190 6304
3190 3196 6386
3101 3167 6268
3123 3196 6319
3114 3156 6270
3161 3171 6332
3116 3173 6289
3169 3192 6361
3067 3132 6199
3194 3199 6393
3072 3126 6198
3020 3088 6108
3064 3115 6179
3029 3096 6125
3094 3131 6225
3185 3186 6371
3039 3161 6200
3018 3172 6190
3158 3178 6336
3179 3187 6366
3094 3163 6257
3195 3198 6393
3069 3100 6169
3020 3147 6167
3159 3198 6357
3106 3136 6242
3177 3190 6367
3198 3199 6397
3071 3094 6165
3168 3185 6353
3012 3092 6104
3086 3121 6207
3189 3194 6383
3168 3187 6355
3172 3178 6350
3114 3166 6280
3177 3200 6377
3172 3199 6371
3122 3151 6273
3021 3114 6135
3138 3141 6279
3152 3153 6305
3152 3199 6351
3184 3186 6370
3124 3126 6250
3086 3163 6249
3176 3188 6364
3090 3102 6192
3008 3173 6181
3032 3120 6152
3099 3134 6233
3050 3165 6215
3118 3155 6273
3189 3190 6379
3175 3190 6365
3036 3056 6092
3001 3150 6151
3109 3152 6261
3188 3196 6384
3018 3051 6069
3193 3198 6391
3039 3093 6132
3144 3193 6337
3037 3128 6165
3190 3191 6381
3021 3165 6186
3129 3187 6316
3084 3180 6264
3067 3118 6185
3133 3167 6300
3162 3181 6343
3171 3177 6348
3120 3198 6318
3067 3114 6181
3177 3181 6358
3127 3140 6267
3132 3182 6314
3076 3147 6223
3072 3118 6190
3016 3135 6151
3067 3153 6220
3086 3159 6245
3130 3196 6326
3176 3200 6376
3108 3131 6239
3110 3112 6222
3121 3141 6262
3163 3193 6356
3062 3170 6232
3194 3195 6389
3133 3164 6297
3119 3148 6267
3187 3195 6382
3064 3155 6219
3198 3199 6397
3069 3145 6214
3181 3192 6373
3125 3195 6320
3029 3039 6068
3056 3161 6217
3175 3196 6371
3178 3196 6374
3039 3125 6164
3077 3106 6183
3023 3187 6210
3131 3190 6321
3195 3200 6395
3147 3151 6298
3106 3164 6270
3114 3185 6299
3150 3165 6315
3180 3185 6365
3096 3189 6285
3107 3122 6229
3084 3111 6195
3044 3157 6201
3129 3136 6265
3169 3185 6354
3105 3122 6227
3105 3134 6239
3015 3180 6195
3120 3134 6254
3049 3073 6122
3171 3197 6368

4190 4192 8345
4054 4085 8120
4074 4190 8251
4170 4175 8323
4068 4080 8133
4160 4170 8324
4186 4189 8370
4179 4195 8359
4137 4140 8239
4162 4194 8350
4051 4161 8205
4060 4137 8191
4168 4178 8329
4173 4179 8346
4187 4199 8367
4144 4166 8292
4173 4175 8342
4084 4144 8219
4184 4198 8361
4181 4184 8332
4194 4200 8360
4155 4167 8304
4104 4121 8215
4079 4123 8178
4092 4181 8268
4124 4150 8253
4116 4199 8289
4071 4116 8150
4015 4162 8148
4139 4174 8294
4036 4125 8157
4180 4186 8334
4167 4193 8326
4183 4198 8342
4112 4168 8274
4080 4157 8232
4145 4163 8304
4084 4158 8216
4021 4025 8043
4037 4051 8078
4024 4132 8139
4143 4170 8311
4062 4163 8224
4169 4173 8323
4067 4159 8191
4105 4110 8195
4021 4036 8032
4079 4171 8218
4166 4168 8322
4127 4199 8299
4130 4150 8265
4191 4195 8350
4168 4187 8353
4129 4147 8267
4051 4079 8113
4089 4155 8230
4141 4164 8297
4072 4132 8167
4076 4090 8161
4173 4187 8333
4061 4100 8139
4117 4140 8248
4024 4086 8104
4158 4159 8315
4012 4121 8122
4183 4185 8359
4008 4065 8068
4024 4073 8064
4130 4162 8258
4117 4153 8246
4002 4022 7996
4007 4142 8115
4125 4189 8286
4028 4200 8190
4086 4093 8164
4042 4091 8101
4085 4159 8222
4042 4138 8173
4005 4064 8051
4191 4198 8360
4176 4187 8348
4189 4194 8365
4138 4141 8263
4048 4101 8144
4102 4131 8210
4045 4120 8153
4077 4184 8247
4014 4179 8158
4128 4184 8307
4073 4187 8227
4092 4185 8276
4084 4176 8235
4068 4106 8150
4192 4200 8383
4061 4104 8137
4159 4161 8308
4036 4109 8115
4029 4058 8080
4042 4164 8180
4172 4185 8324
4039 4071 8098
4088 4096 8152
4027 4038 8062
4089 4187 8262
4031 4062 8061
4186 4194 8369
4105 4186 8261
4105 4182 8272
4181 4195 8371
4121 4194 8303
4129 4199 8317
4186 4193 8357
4096 4141 8229
4053 4063 8098
4088 4122 8192
4192 4196 8379
4125 4156 8253
4041 4099 8138
4094 4178 8266
4055 4141 8177
4044 4189 8222
4085 4194 8272
4029 4034 8050
4084 4188 8234
4158 4174 8309
4188 4198 8359
4075 4102 8140
4165 4192 8340
4151 4167 8298
4081 4169 8224
4157 4165 8318
4170 4175 8306
4177 4185 8339
4103 4179 8278
4063 4092 8120
4115 4137 8239
4031 4071 8067
4168 4170 8328
4065 4118 8161
4092 4196 8284
4099 4131 8208
4053 4083 8124
4027 4150 8148
4094 4185 8255
4153 4198 8347
4023 4166 8164
4180 4191 8369
4143 4172 8311
4109 4151 8232
4021 4078 8067
4126 4158 8263
4140 4147 8276
4009 4173 8160
4191 4192 8357
4006 4087 8061
4165 4185 8316
4163 4170 8318
4033 4042 8051
4002 4162 8158
4025 4079 8091
4198 4200 8383
4019 4065 8079
4019 4185 8193
4107 4199 8286
4024 4051 8058
4169 4175 8319
4149 4183 8320
4141 4173 8282
4012 4158 8140
4014 4180 8172
4165 4194 8356
4020 4110 8097
4096 4170 8259
4046 4143 8154
4138 4180 8294
4076 4168 8210
4137 4153 8279
4124 4153 8266
4077 4111 8150
4028 4052 8045
4013 4106 8081
4128 4147 8244
4133 4156 8279
4156 4183 8307
4112 4172 8266
4020 4134 8136
4070 4115 8164
4030 4196 8204
4099 4188 8271
4024 4094 8096
4186 4198 8354
4179 4182 8334
4121 4180 8275
4012 4032 8033
4051 4179 8200
4087 4097 8149
4147 4196 8337
4030 4037 8066
4039 4074 8090
4055 4058 8090
4095 4154 8232
4085 4191 8238
4196 4200 8387
4113 4150 8259
4180 4184 8332
4052 4147 8185
4109 4136 8225
4155 4158 8287
4008 4123 8128
4098 4190 8269
4197 4199 8389
4024 4030 8041
4077 4138 8197
4106 4192 8274
4188 4192 8376
4121 4145 8240
4041 4162 8174
4094 4119 8198
4191 4199 8388
4128 4178 8281
4028 4092 8106
4192 4193 8369
4044 4164 8177
4098 4177 8254
4191 4192 8360
4179 4184 8362
4197 4198 8363
4158 4176 8305
4027 4164 8171
4031 4165 8186
4188 4192 8369
4168 4174 8341
4199 4200 8367
4124 4142 8236
4040 4077 8108
4074 4150 8197
4070 4120 8167
4088 4174 8231
4062 4099 8157
4149 4169 8300
4023 4134 8153
4012 4141 8115
4148 4185 8306
4052 4107 8145
4190 4200 8361
4003 4192 8179
4065 4089 8136
4113 4146 8227
4179 4185 8328
4084 4111 8160
4096 4125 8192
4019 4044 8053
4033 4184 8180
4178 4193 8360
4134 4152 8270
4112 4155 8239
4049 4115 8153
4193 4200 8374
4161 4162 8298
4175 4195 8346
4159 4162 8292
4155 4172 8292
4092 4165 8223
4025 4113 8104
4077 4136 8179
4131 4194 8303
4136 4166 8285
4089 4104 8189
4175 4195 8353
4041 4122 8129
4124 4163 8269
4168 4185 8341
4070 4075 8130
4143 4190 8328
4128 4133 8227
4005 4145 8128
4088 4179 8247
4004 4143 8140
4117 4164 8245
4037 4198 8221
4079 4167 8213
4182 4183 8364
4001 4081 8048
4175 4183 8319
4144 4178 8283
4116 4153 8264
4122 4148 8262
4115 4181 8282
4167 4172 8319
4180 4195 8340
4007 4021 7999
4043 4056 8085
4056 4092 8146
4090 4168 8220
4191 4196 8360
4162 4171 8320
4081 4104 8174
4027 4054 8080
4180 4195 8338
4116 4192 8305
4046 4108 8146
4104 4164 8249
4199 4200 8383
4053 4199 8240
4068 4085 8122
4165 4173 8315
4194 4199 8388
4062 4078 8139
4194 4197 8388
4196 4197 8375
4001 4155 8139
4197 4199 8373
4156 4182 8320
4069 4128 8190
4082 4161 8239
4044 4051 8068
4170 4198 8353
4152 4191 8320
4046 4189 8212
4060 4179 8213
4080 4129 8180
4086 4165 8216
4184 4189 8372
4147 4189 8320
4014 4058 8036
4157 4166 8312
4029 4089 8087
4011 4015 7988
4090 4143 8203
4114 4160 8250
4092 4155 8231
4060 4070 8128
4052 4169 8196
4035 4113 8123
4095 4110 8201
4004 4070 8050
4042 4078 8088
4133 4168 8276
4194 4196 8351
4110 4112 8196
4141 4167 8274
4171 4176 8335
4115 4199 8290
4153 4182 8313
4195 4199 8380
4008 4163 8148
4171 4189 8321
4153 4159 8274
4038 4090 8111
4166 4176 8318
4020 4046 8030
4195 4198 8391
4060 4164 8209
4079 4086 8150
4034 4043 8071
4141 4144 8255
4040 4127 8150
4115 4154 8247
4158 4160 8315
4131 4188 8289
4121 4178 8271
4019 4030 8020
4016 4096 8109
4073 4093 8161
4112 4172 8249
4068 4167 8216
4196 4197 8376
4053 4082 8102
4007 4119 8097
4024 4115 8118
4096 4148 8218
4180 4184 8354
4048 4144 8168
4121 4147 8254
4069 4188 8222
4096 4199 8270
4107 4175 8271
4151 4179 8301
4124 4196 8288
4144 4157 8283
4092 4130 8215
4036 4044 8069
4098 4145 8216
4032 4093 8103
4108 4116 8216
4109 4185 8285
4190 4192 8381
4065 4114 8157
4062 4143 8197
4092 4134 8198
4106 4174 8270
4180 4187 8353
4021 4114 8127
4187 4192 8355
4120 4144 8254
4147 4183 8298
4027 4088 8095
4035 4134 8134
4127 4133 8228
4056 4069 8114
4116 4158 8264
4197 4199 8392
4165 4179 8312
4049 4187 8221
4148 4197 8344
4111 4167 8254
4006 4041 8009
4179 4200 8371
4077 4082 8136
4003 4121 8091
4053 4108 8125
4031 4153 8178
4158 4183 8331
4084 4143 8215
4074 4174 8241
4074 4180 8232
4160 4165 8319
4082 4087 8168
4077 4096 8147
4137 4198 8325
4090 4132 8203
4089 4112 8179
4073 4128 8169
4036 4121 8133
4039 4081 8100
4148 4161 8275
4028 4132 8152
4057 4083 8137
4013 4052 8038
4038 4126 8135
4118 4147 8261
4132 4174 8273
4153 4200 8334
4004 4196 8174
4151 4155 8304
4005 4165 8136
4192 4200 8386
4109 4195 8282
4182 4188 8364
4083 4094 8176
4081 4182 8248
4187 4197 8382
4198 4200 8369
4111 4195 8283
4074 4112 8185
4198 4200 8382
4083 4134 8182
4123 4140 8261
4079 4101 8176
4158 4171 8324
4141 4173 8289
4115 4190 8267
4009 4107 8114
4072 4098 8154
4100 4164 8253
4148 4163 8293
4150 4191 8328
4053 4134 8152
4092 4124 8211
4052 4075 8125
4101 4135 8210
4119 4123 8209
4074 4161 8214
4163 4177 8332
4133 4149 8254
4077 4122 8167
4064 4200 8231
4016 4172 8156
4109 4154 8236
4049 4103 8132
4156 4174 8327
4014 4166 8143
4030 4048 8042
4183 4184 8328
4151 4200 8331
4023 4124 8112
4064 4093 8136
4168 4180 8329
4101 4103 8190
4073 4177 8218
4034 4172 8203
4079 4092 8146
4056 4192 8231
4104 4190 8275
4198 4199 8370
4148 4187 8321
4001 4065 8061
4020 4118 8123
4035 4177 8200
4174 4181 8329
4017 4052 8041
4197 4200 8393
4140 4188 8294
4022 4064 8084
4043 4078 8119
4123 4139 8232
4104 4156 8227
4041 4200 8220
4070 4130 8199
4026 4155 8162

0.010000 0.640000
