500
1975981
3001 3057 6058
3015 3152 6167
3012 3065 6077
3016 3158 6174
3006 3156 6162
3135 3137 6272
3056 3080 6136
3192 3200 6392
3076 3161 6237
3037 3042 6079
3151 3191 6342
3037 3170 6207
3009 3017 6026
3108 3138 6246
3143 3197 6340
3002 3015 6017
3133 3146 6279
3145 3196 6341
3005 3133 6138
3185 3196 6381
3104 3125 6229
3116 3122 6238
3199 3200 6399
3172 3189 6361
3177 3188 6365
3139 3155 6294
3153 3187 6340
3140 3168 6308
3003 3141 6144
3169 3188 6357
3100 3161 6261
3049 3055 6104
3186 3189 6375
3135 3151 6286
3011 3166 6177
3075 3130 6205
3110 3160 6270
3122 3161 6283
3159 3175 6334
3144 3187 6331
3103 3157 6260
3173 3198 6371
3078 3096 6174
3143 3186 6329
3129 3167 6296
3055 3166 6221
3143 3191 6334
3091 3127 6218
3065 3150 6215
3135 3196 6331
3089 3169 6258
3155 3182 6337
3073 3144 6217
3039 3124 6163
3140 3167 6307
3177 3191 6368
3183 3186 6369
3182 3200 6382
3110 3114 6224
3081 3105 6186
3029 3074 6103
3138 3151 6289
3042 3057 6099
3156 3181 6337
3012 3124 6136
3029 3079 6108
3094 3120 6214
3005 3055 6060
3129 3152 6281
3127 3168 6295
3012 3109 6121
3179 3199 6378
3036 3151 6187
3141 3179 6320
3027 3166 6193
3152 3174 6326
3142 3158 6300
3191 3196 6387
3174 3176 6350
3057 3081 6138
3107 3111 6218
3159 3168 6327
3012 3127 6139
3071 3116 6187
3199 3200 6399
3032 3169 6201
3017 3172 6189
3053 3145 6198
3157 3189 6346
3029 3198 6227
3005 3178 6183
3185 3195 6380
3046 3128 6174
3196 3199 6395
3179 3199 6378
3104 3184 6288
3127 3167 6294
3121 3130 6251
3188 3197 6385
3037 3116 6153
3189 3190 6379
3167 3180 6347
3133 3140 6273
3170 3199 6369
3196 3199 6395
3076 3088 6164
3173 3184 6357
3090 3175 6265
3078 3141 6219
3188 3192 6380
3099 3140 6239
3181 3185 6366
3177 3195 6372
3089 3091 6180
3055 3085 6140
3141 3142 6283
3076 3124 6200
3153 3166 6319
3127 3171 6298
3112 3150 6262
3074 3181 6255
3111 3132 6243
3181 3194 6375
3038 3071 6109
3031 3054 6085
3174 3200 6374
3031 3170 6201
3125 3152 6277
3155 3178 6333
3059 3136 6195
3094 3148 6242
3187 3193 6380
3044 3052 6096
3138 3156 6294
3194 3195 6389
3060 3156 6216
3016 3061 6077
3140 3184 6324
3126 3178 6304
3036 3059 6095
3090 3115 6205
3134 3198 6332
3031 3169 6200
3110 3122 6232
3172 3179 6351
3157 3200 6357
3066 3187 6253
3125 3199 6324
3015 3042 6057
3136 3168 6304
3014 3029 6043
3098 3145 6243
3182 3188 6370
3022 3085 6107
3079 3125 6204
3175 3198 6373
3185 3186 6371
3113 3151 6264
3101 3151 6252
3052 3062 6114
3128 3166 6294
3123 3160 6283
3140 3172 6312
3096 3124 6220
3005 3084 6089
3111 3114 6225
3148 3154 6302
3033 3052 6085
3030 3134 6164
3123 3167 6290
3091 3106 6197
3150 3197 6347
3059 3141 6200
3124 3144 6268
3161 3174 6335
3196 3198 6394
3093 3103 6196
3154 3180 6334
3188 3189 6377
3040 3053 6093
3023 3049 6072
3158 3184 6342
3005 3053 6058
3196 3199 6395
3073 3175 6248
3184 3197 6381
3043 3062 6105
3157 3200 6357
3130 3182 6312
3133 3147 6280
3173 3188 6361
3123 3179 6302
3150 3156 6306
3120 3194 6314
3085 3192 6277
3018 3084 6102
3104 3114 6218
3040 3089 6129
3131 3183 6314
3137 3156 6293
3016 3093 6109
3042 3066 6108
3078 3144 6222
3185 3196 6381
3119 3172 6291
3000 3189 6189
3170 3189 6359
3031 3181 6212
3147 3197 6344
3138 3149 6287
3166 3186 6352
3085 3157 6242
3030 3071 6101
3011 3093 6104
3077 3182 6259
3189 3197 6386
3011 3143 6154
3110 3183 6293
3007 3147 6154
3023 3119 6142
3148 3196 6344
3130 3170 6300
3185 3193 6378
3013 3085 6098
3133 3165 6298
3019 3042 6061
3057 3128 6185
3099 3182 6281
3132 3156 6288
3019 3136 6155
3126 3182 6308
3093 3138 6231
3061 3069 6130
3113 3167 6280
3159 3187 6346
3108 3111 6219
3064 3187 6251
3048 3115 6163
3082 3167 6249
3104 3126 6230
3117 3142 6259
3187 3200 6387
3176 3196 6372
3012 3033 6045
3187 3198 6385
3062 3138 6200
3021 3086 6107
3101 3149 6250
3037 3049 6086
3112 3162 6274
3182 3188 6370
3037 3103 6140
3109 3160 6269
3047 3093 6140
3182 3185 6367
3063 3151 6214
3197 3198 6395
3116 3126 6242
3018 3172 6190
3003 3129 6132
3107 3131 6238
3057 3074 6131
3165 3194 6359
3060 3177 6237
3020 3117 6137
3176 3186 6362
3005 3134 6139
3111 3160 6271
3045 3172 6217
3101 3152 6253
3136 3163 6299
3046 3196 6242
3093 3142 6235
3182 3188 6370
3160 3182 6342
3166 3194 6360
3174 3178 6352
3193 3200 6393
3046 3198 6244
3189 3191 6380
3125 3147 6272
3062 3096 6158
3102 3126 6228
3183 3187 6370
3079 3161 6240
3038 3045 6083
3135 3164 6299
3123 3198 6321
3102 3186 6288
3171 3176 6347
3189 3200 6389
3081 3178 6259
3132 3162 6294
3138 3172 6310
3034 3149 6183
3062 3164 6226
3095 3126 6221
3198 3199 6397
3153 3156 6309
3003 3107 6110
3133 3187 6320
3199 3200 6399
3156 3158 6314
3122 3168 6290
3138 3176 6314
3194 3198 6392
3161 3169 6330
3169 3181 6350
3055 3172 6227
3026 3181 6207
3008 3162 6170
3116 3188 6304
3132 3163 6295
3127 3138 6265
3072 3074 6146
3030 3114 6144
3041 3120 6161
3101 3106 6207
3154 3178 6332
3008 3177 6185
3017 3189 6206
3168 3173 6341
3197 3200 6397
3101 3128 6229
3071 3159 6230
3094 3181 6275
3026 3165 6191
3164 3194 6358
3093 3134 6227
3181 3183 6364
3139 3156 6295
3047 3139 6186
3098 3102 6200
3198 3200 6398
3151 3168 6319
3131 3136 6267
3124 3185 6309
3057 3184 6241
3049 3178 6227
3072 3073 6145
3126 3169 6295
3066 3135 6201
3146 3196 6342
3179 3184 6363
3051 3193 6244
3100 3177 6277
3027 3095 6122
3033 3145 6178
3139 3184 6323
3013 3160 6173
3039 3186 6225
3070 3138 6208
3180 3192 6372
3122 3166 6288
3095 3133 6228
3087 3111 6198
3044 3058 6102
3100 3116 6216
3024 3049 6073
3165 3190 6355
3126 3188 6314
3147 3170 6317
3066 3183 6249
3123 3162 6285
3091 3122 6213
3129 3168 6297
3105 3149 6254
3113 3188 6301
3163 3181 6344
3065 3178 6243
3033 3061 6094
3072 3194 6266
3099 3119 6218
3161 3186 6347
3013 3104 6117
3112 3161 6273
3016 3060 6076
3173 3174 6347
3168 3179 6347
3168 3196 6364
3141 3185 6326
3094 3110 6204
3167 3188 6355
3166 3167 6333
3008 3063 6071
3011 3089 6100
3174 3199 6373
3016 3092 6108
3163 3185 6348
3142 3153 6295
3122 3172 6294
3001 3009 6010
3018 3117 6135
3017 3200 6217
3198 3200 6398
3167 3170 6337
3160 3174 6334
3169 3171 6340
3058 3106 6164
3108 3119 6227
3039 3072 6111
3043 3078 6121
3048 3090 6138
3155 3164 6319
3182 3193 6375
3135 3142 6277
3080 3144 6224
3021 3054 6075
3101 3194 6295
3130 3156 6286
3062 3142 6204
3164 3183 6347
3039 3081 6120
3144 3183 6327
3034 3200 6234
3023 3158 6181
3190 3197 6387
3169 3186 6355
3120 3200 6320
3183 3195 6378
3197 3199 6396
3018 3123 6141
3064 3065 6129
3145 3189 6334
3161 3195 6356
3007 3010 6017
3104 3124 6228
3036 3105 6141
3041 3159 6200
3142 3147 6289
3160 3184 6344
3093 3145 6238
3112 3126 6238
3175 3191 6366
3199 3200 6399
3096 3167 6263
3040 3150 6190
3059 3188 6247
3132 3157 6289
3145 3184 6329
3056 3165 6221
3051 3197 6248
3174 3195 6369
3036 3158 6194
3113 3178 6291
3074 3147 6221
3183 3189 6372
3002 3130 6132
3157 3197 6354
3197 3199 6396
3053 3087 6140
3172 3200 6372
3168 3181 6349
3105 3184 6289
3179 3200 6379
3140 3148 6288
3027 3105 6132
3060 3108 6168
3016 3025 6041
3105 3174 6279
3030 3093 6123
3112 3184 6296
3182 3186 6368
3051 3148 6199
3150 3194 6344
3141 3174 6315
3021 3030 6051
3152 3179 6331
3191 3199 6390
3183 3185 6368
3072 3097 6169
3197 3198 6395
3003 3038 6041
3007 3083 6090
3103 3181 6284
3153 3186 6339
3171 3198 6369
3173 3199 6372
3006 3064 6070
3069 3094 6163
3012 3101 6113
3086 3174 6260
3158 3161 6319
3152 3188 6340
3029 3191 6220
3122 3188 6310
3075 3125 6200
3162 3178 6340
3024 3049 6073
3082 3188 6270
3197 3198 6395
3135 3192 6327
3143 3153 6296
3159 3200 6359
3106 3152 6258
3030 3154 6184
3193 3195 6388
3181 3184 6365
3115 3198 6313
3170 3172 6342

4061 4118 8147
4169 4192 8350
4032 4185 8204
4084 4171 8233
4186 4199 8362
4094 4189 8264
4182 4186 8340
4017 4086 8094
4178 4197 8336
4198 4199 8389
4017 4072 8065
4093 4184 8243
4067 4141 8188
4096 4130 8220
4167 4193 8330
4167 4199 8328
4151 4154 8267
4090 4100 8180
4038 4080 8116
4084 4186 8249
4191 4199 8353
4027 4173 8170
4066 4133 8167
4088 4132 8213
4127 4138 8262
4091 4192 8281
4153 4160 8284
4094 4120 8185
4003 4115 8089
4177 4187 8351
4069 4134 8189
4020 4134 8121
4066 4100 8147
4005 4148 8117
4132 4135 8264
4018 4178 8175
4104 4140 8208
4032 4124 8120
4085 4130 8199
4179 4183 8348
4082 4137 8213
4048 4101 8144
4083 4180 8240
4036 4161 8174
4086 4195 8243
4103 4139 8231
4166 4182 8314
4133 4143 8239
4177 4179 8317
4133 4164 8294
4167 4177 8314
4141 4150 8269
4108 4187 8272
4165 4173 8307
4116 4185 8282
4186 4197 8375
4033 4192 8219
4013 4168 8176
4092 4133 8212
4001 4137 8123
4058 4068 8124
4146 4153 8289
4037 4122 8144
4106 4125 8198
4066 4137 8172
4123 4140 8230
4124 4189 8282
4072 4096 8167
4160 4188 8347
4051 4055 8083
4196 4197 8358
4007 4093 8095
4192 4197 8352
4053 4117 8153
4034 4114 8133
4053 4100 8127
4188 4192 8343
4115 4152 8261
4032 4182 8183
4158 4169 8320
4130 4178 8298
4111 4174 8280
4136 4149 8248
4026 4193 8190
4103 4172 8265
4045 4081 8117
4075 4119 8186
4065 4184 8213
4021 4048 8034
4055 4095 8141
4122 4198 8309
4098 4149 8244
4056 4174 8227
4075 4139 8198
4116 4136 8241
4144 4150 8284
4030 4185 8204
4186 4197 8361
4161 4166 8306
4142 4144 8281
4152 4187 8323
4162 4199 8322
4085 4124 8207
4011 4100 8106
4196 4197 8377
4061 4139 8194
4128 4165 8291
4185 4196 8370
4004 4073 8046
4155 4186 8325
4014 4156 8138
4026 4176 8191
4076 4094 8155
4085 4104 8158
4194 4200 8370
4179 4188 8330
4031 4119 8137
4067 4195 8259
4032 4054 8065
4110 4189 8281
4194 4197 8366
4121 4194 8290
4042 4196 8229
4058 4063 8088
4037 4135 8141
4164 4189 8333
4090 4159 8234
4069 4100 8137
4191 4197 8349
4090 4165 8253
4018 4073 8070
4148 4164 8307
4193 4194 8384
4018 4079 8066
4192 4196 8366
4177 4184 8339
4109 4174 8254
4026 4118 8131
4173 4177 8316
4062 4128 8153
4112 4154 8253
4031 4082 8112
4063 4109 8137
4129 4195 8290
4141 4200 8313
4122 4145 8234
4108 4119 8218
4169 4196 8334
4059 4137 8171
4080 4146 8188
4074 4097 8147
4007 4119 8090
4185 4198 8354
4106 4175 8259
4037 4109 8115
4103 4159 8249
4081 4083 8142
4094 4098 8155
4080 4153 8223
4193 4199 8368
4170 4181 8329
4132 4187 8305
4087 4189 8249
4170 4182 8318
4138 4186 8285
4030 4057 8071
4155 4171 8287
4064 4083 8119
4076 4172 8241
4193 4196 8384
4063 4076 8102
4174 4178 8340
4134 4180 8310
4033 4172 8179
4067 4169 8228
4164 4189 8338
4149 4192 8311
4044 4088 8101
4199 4200 8388
4050 4177 8202
4100 4170 8265
4180 4191 8348
4097 4151 8216
4085 4186 8235
4050 4051 8081
4178 4194 8371
4145 4176 8316
4019 4025 8006
4083 4132 8211
4097 4110 8176
4173 4185 8342
4067 4197 8262
4090 4095 8153
4136 4137 8234
4152 4158 8283
4009 4192 8192
4125 4196 8320
4116 4170 8249
4056 4143 8196
4072 4148 8218
4137 4190 8308
4045 4132 8155
4048 4189 8221
4031 4084 8104
4071 4089 8127
4199 4200 8379
4050 4142 8154
4137 4193 8295
4086 4120 8201
4147 4192 8307
4073 4137 8191
4103 4131 8209
4146 4153 8273
4014 4123 8125
4030 4198 8214
4017 4190 8183
4077 4149 8223
4066 4158 8220
4024 4077 8097
4012 4166 8141
4117 4181 8262
4084 4139 8218
4065 4191 8247
4085 4187 8235
4198 4200 8397
4197 4198 8371
4046 4106 8130
4055 4072 8103
4064 4075 8117
4148 4185 8309
4006 4035 8009
4073 4130 8188
4028 4158 8161
4196 4200 8385
4127 4175 8281
4171 4184 8325
4067 4095 8160
4049 4078 8100
4109 4174 8264
4161 4185 8320
4095 4163 8220
4024 4068 8060
4092 4157 8216
4001 4164 8147
4197 4199 8370
4079 4176 8221
4071 4112 8159
4145 4173 8296
4114 4175 8277
4034 4195 8195
4154 4190 8340
4148 4184 8314
4133 4165 8282
4183 4192 8349
4116 4199 8310
4182 4198 8374
4069 4140 8172
4140 4161 8266
4088 4146 8203
4061 4081 8125
4149 4198 8312
4015 4022 8001
4158 4159 8288
4083 4160 8230
4140 4171 8305
4190 4191 8351
4157 4171 8298
4185 4195 8352
4145 4166 8295
4120 4189 8299
4139 4147 8255
4125 4160 8251
4183 4200 8357
4099 4128 8192
4104 4142 8224
4102 4114 8199
4132 4197 8313
4182 4187 8331
4191 4199 8373
4087 4113 8164
4104 4170 8254
4177 4181 8342
4030 4089 8112
4114 4185 8275
4060 4133 8192
4140 4193 8304
4095 4130 8220
4094 4140 8230
4008 4116 8100
4189 4195 8376
4087 4141 8223
4100 4195 8281
4146 4179 8322
4149 4155 8276
4199 4200 8393
4190 4195 8367
4003 4168 8165
4140 4143 8259
4145 4162 8275
4025 4188 8176
4107 4131 8211
4196 4199 8363
4109 4195 8289
4020 4051 8064
4151 4178 8327
4195 4200 8372
4139 4179 8283
4096 4100 8185
4081 4112 8190
4020 4124 8114
4027 4111 8136
4033 4179 8197
4185 4194 8350
4088 4126 8201
4004 4148 8136
4190 4198 8381
4138 4192 8294
4113 4190 8300
4001 4003 7987
4174 4181 8342
4015 4080 8073
4199 4200 8371
4034 4053 8054
4003 4067 8068
4071 4080 8149
4069 4187 8240
4185 4190 8357
4122 4171 8269
4063 4154 8211
4022 4199 8202
4083 4092 8152
4098 4126 8186
4199 4200 8374
4012 4071 8062
4121 4191 8309
4181 4191 8345
4031 4144 8157
4169 4181 8326
4087 4100 8186
4189 4199 8364
4042 4043 8048
4033 4180 8202
4189 4190 8345
4153 4158 8302
4123 4139 8259
4094 4145 8210
4012 4033 8025
4112 4187 8261
4119 4148 8243
4078 4159 8209
4106 4198 8287
4140 4159 8295
4050 4167 8190
4026 4177 8191
4009 4144 8117
4089 4192 8280
4150 4184 8295
4176 4192 8360
4044 4139 8174
4015 4183 8165
4137 4160 8272
4179 4187 8338
4019 4037 8046
4070 4071 8105
4078 4134 8192
4184 4194 8370
4017 4116 8111
4018 4176 8173
4079 4118 8167
4108 4138 8230
4052 4066 8113
4151 4154 8281
4032 4169 8193
4180 4198 8368
4156 4161 8282
4150 4165 8295
4079 4085 8133
4188 4194 8343
4046 4116 8156
4007 4120 8095
4098 4103 8164
4092 4170 8257
4155 4157 8308
4121 4184 8284
4169 4197 8361
4159 4182 8311
4180 4189 8353
4008 4173 8175
4117 4155 8258
4117 4154 8243
4041 4193 8217
4014 4076 8065
4033 4190 8212
4052 4106 8134
4122 4124 8229
4196 4198 8361
4080 4085 8131
4178 4179 8352
4141 4174 8301
4082 4118 8196
4014 4031 8018
4165 4176 8306
4160 4182 8311
4005 4029 8007
4043 4050 8087
4134 4174 8298
4009 4148 8141
4072 4100 8150
4140 4164 8288
4194 4198 8384
4115 4139 8239
4061 4192 8230
4020 4095 8112
4162 4181 8306
4091 4176 8249
4189 4193 8378
4187 4192 8365
4182 4189 8368
4132 4188 8285
4095 4119 8206
4158 4200 8348
4157 4190 8333
4039 4142 8178
4133 4152 8283
4118 4141 8236
4080 4122 8175
4143 4183 8321
4156 4186 8325
4052 4069 8088
4007 4191 8167
4004 4035 8037
4093 4166 8249
4085 4105 8160
4195 4197 8366
4125 4171 8262
4199 4200 8362
4178 4195 8353
4118 4170 8262
4098 4169 8250
4175 4185 8325
4060 4164 8195
4135 4148 8261
4051 4156 8185
4050 4061 8083
4101 4185 8260
4009 4194 8190
4195 4196 8372
4121 4152 8269
4050 4085 8121
4150 4191 8309
4136 4154 8289
4173 4196 8346
4063 4118 8168
4112 4190 8264
4111 4180 8253
4101 4113 8207
4026 4127 8150
4040 4183 8198
4091 4168 8231
4022 4192 8176
4020 4029 8025
4002 4027 8009
4022 4174 8174
4051 4077 8104
4069 4076 8115
4015 4046 8056
4178 4193 8338
4004 4052 8023
4023 4156 8168
4100 4106 8194
4113 4160 8254
4050 4063 8090
4181 4189 8352
4100 4150 8219
4068 4154 8211
4068 4081 8111
4141 4145 8261
4041 4070 8110
4185 4198 8367
4099 4198 8295
4164 4193 8336
4112 4130 8220
4153 4194 8333
4132 4193 8317
4104 4199 8298
4141 4162 8276
4095 4128 8189
4047 4166 8189
4147 4179 8302
4099 4189 8259
4188 4195 8347
4186 4190 8344
4086 4175 8240
4009 4039 8047
4083 4131 8192
4092 4186 8272
4132 4168 8277
4177 4186 8338
4072 4111 8180
4086 4199 8257

0.010000 0.480000
