500
2428402
3085 3131 6216
3181 3190 6371
3024 3070 6094
3028 3139 6167
3125 3166 6291
3021 3094 6115
3134 3194 6328
3001 3152 6153
3156 3172 6328
3082 3138 6220
3037 3146 6183
3092 3192 6284
3031 3149 6180
3045 3185 6230
3075 3188 6263
3038 3044 6082
3077 3176 6253
3182 3192 6374
3138 3198 6336
3175 3200 6375
3062 3195 6257
3016 3066 6082
3144 3164 6308
3068 3186 6254
3091 3177 6268
3129 3190 6319
3157 3182 6339
3041 3105 6146
3024 3141 6165
3038 3059 6097
3109 3155 6264
3024 3138 6162
3167 3197 6364
3190 3195 6385
3134 3179 6313
3018 3170 6188
3054 3086 6140
3068 3099 6167
3019 3039 6058
3156 3181 6337
3187 3199 6386
3154 3165 6319
3002 3088 6090
3109 3186 6295
3086 3185 6271
3060 3102 6162
3187 3197 6384
3015 3117 6132
3159 3175 6334
3107 3117 6224
3089 3184 6273
3012 3016 6028
3002 3009 6011
3051 3129 6180
3069 3085 6154
3051 3125 6176
3072 3184 6256
3183 3200 6383
3160 3192 6352
3114 3190 6304
3087 3125 6212
3066 3147 6213
3105 3122 6227
3029 3072 6101
3188 3189 6377
3160 3200 6360
3176 3179 6355
3007 3072 6079
3007 3031 6038
3030 3048 6078
3026 3092 6118
3192 3197 6389
3064 3176 6240
3151 3197 6348
3189 3199 6388
3144 3194 6338
3088 3125 6213
3064 3195 6259
3118 3162 6280
3123 3194 6317
3098 3128 6226
3117 3194 6311
3136 3180 6316
3173 3200 6373
3083 3179 6262
3157 3158 6315
3087 3151 6238
3038 3170 6208
3111 3195 6306
3180 3181 6361
3190 3198 6388
3089 3185 6274
3118 3142 6260
3119 3134 6253
3053 3193 6246
3049 3106 6155
3054 3108 6162
3028 3096 6124
3166 3198 6364
3061 3126 6187
3106 3123 6229
3138 3162 6300
3066 3074 6140
3134 3178 6312
3043 3071 6114
3094 3100 6194
3151 3152 6303
3037 3184 6221
3189 3197 6386
3040 3063 6103
3092 3151 6243
3194 3200 6394
3093 3177 6270
3181 3186 6367
3024 3184 6208
3033 3051 6084
3017 3162 6179
3158 3173 6331
3031 3033 6064
3127 3198 6325
3080 3094 6174
3128 3132 6260
3070 3113 6183
3134 3157 6291
3139 3174 6313
3052 3148 6200
3048 3117 6165
3101 3129 6230
3131 3138 6269
3066 3147 6213
3041 3083 6124
3163 3175 6338
3013 3122 6135
3177 3185 6362
3123 3147 6270
3148 3156 6304
3011 3019 6030
3010 3139 6149
3023 3084 6107
3084 3099 6183
3085 3191 6276
3085 3089 6174
3110 3183 6293
3035 3076 6111
3143 3165 6308
3003 3184 6187
3112 3154 6266
3058 3117 6175
3188 3200 6388
3093 3141 6234
3067 3183 6250
3189 3193 6382
3178 3183 6361
3100 3112 6212
3016 3136 6152
3041 3167 6208
3023 3034 6057
3139 3181 6320
3122 3164 6286
3047 3154 6201
3013 3102 6115
3041 3072 6113
3024 3178 6202
3193 3200 6393
3041 3200 6241
3107 3179 6286
3117 3186 6303
3011 3099 6110
3050 3143 6193
3153 3158 6311
3061 3074 6135
3005 3040 6045
3151 3162 6313
3046 3200 6246
3067 3171 6238
3128 3159 6287
3041 3120 6161
3118 3150 6268
3184 3196 6380
3103 3189 6292
3163 3190 6353
3083 3178 6261
3069 3118 6187
3168 3196 6364
3071 3135 6206
3104 3109 6213
3093 3096 6189
3090 3114 6204
3114 3164 6278
3033 3075 6108
3108 3142 6250
3120 3147 6267
3058 3098 6156
3122 3140 6262
3156 3186 6342
3150 3198 6348
3110 3184 6294
3143 3190 6333
3105 3110 6215
3004 3137 6141
3102 3179 6281
3011 3027 6038
3010 3043 6053
3112 3171 6283
3077 3096 6173
3052 3176 6228
3035 3064 6099
3128 3200 6328
3139 3155 6294
3158 3177 6335
3177 3179 6356
3080 3126 6206
3119 3186 6305
3031 3171 6202
3109 3129 6238
3016 3165 6181
3077 3083 6160
3075 3094 6169
3155 3183 6338
3089 3166 6255
3140 3160 6300
3104 3182 6286
3013 3088 6101
3129 3156 6285
3083 3124 6207
3108 3174 6282
3099 3178 6277
3092 3173 6265
3020 3096 6116
3077 3146 6223
3078 3169 6247
3149 3160 6309
3104 3127 6231
3073 3092 6165
3197 3200 6397
3006 3088 6094
3157 3178 6335
3047 3061 6108
3055 3089 6144
3195 3198 6393
3053 3145 6198
3124 3143 6267
3009 3031 6040
3061 3087 6148
3112 3113 6225
3090 3105 6195
3066 3071 6137
3093 3117 6210
3085 3181 6266
3118 3121 6239
3141 3190 6331
3070 3115 6185
3004 3121 6125
3040 3131 6171
3141 3157 6298
3056 3108 6164
3199 3200 6399
3032 3147 6179
3167 3192 6359
3002 3124 6126
3114 3145 6259
3022 3138 6160
3164 3178 6342
3144 3186 6330
3056 3118 6174
3090 3163 6253
3007 3097 6104
3013 3023 6036
3136 3182 6318
3158 3167 6325
3198 3199 6397
3065 3162 6227
3127 3147 6274
3016 3169 6185
3059 3184 6243
3038 3135 6173
3174 3178 6352
3195 3198 6393
3052 3174 6226
3167 3175 6342
3039 3111 6150
3168 3186 6354
3176 3178 6354
3018 3094 6112
3156 3161 6317
3040 3095 6135
3005 3074 6079
3191 3199 6390
3016 3120 6136
3157 3184 6341
3032 3086 6118
3152 3182 6334
3049 3200 6249
3170 3197 6367
3132 3157 6289
3092 3171 6263
3150 3166 6316
3184 3194 6378
3006 3197 6203
3182 3187 6369
3101 3168 6269
3193 3198 6391
3080 3199 6279
3083 3198 6281
3032 3062 6094
3129 3138 6267
3052 3102 6154
3163 3170 6333
3017 3066 6083
3131 3197 6328
3187 3196 6383
3110 3187 6297
3146 3187 6333
3194 3197 6391
3006 3103 6109
3011 3179 6190
3154 3189 6343
3121 3130 6251
3052 3124 6176
3197 3199 6396
3036 3129 6165
3085 3127 6212
3044 3106 6150
3007 3056 6063
3026 3141 6167
3128 3195 6323
3149 3195 6344
3104 3154 6258
3041 3159 6200
3136 3172 6308
3052 3125 6177
3154 3191 6345
3086 3100 6186
3114 3195 6309
3181 3182 6363
3031 3095 6126
3033 3189 6222
3128 3178 6306
3006 3095 6101
3044 3164 6208
3064 3100 6164
3130 3196 6326
3056 3063 6119
3106 3191 6297
3112 3179 6291
3195 3199 6394
3198 3199 6397
3187 3194 6381
3071 3156 6227
3083 3143 6226
3098 3138 6236
3146 3192 6338
3020 3111 6131
3173 3198 6371
3181 3199 6380
3085 3159 6244
3186 3197 6383
3121 3139 6260
3119 3184 6303
3198 3199 6397
3147 3185 6332
3164 3168 6332
3120 3175 6295
3191 3194 6385
3033 3039 6072
3190 3197 6387
3086 3192 6278
3166 3195 6361
3026 3121 6147
3140 3181 6321
3152 3179 6331
3049 3126 6175
3117 3156 6273
3039 3198 6237
3081 3156 6237
3108 3172 6280
3063 3190 6253
3172 3195 6367
3168 3192 6360
3136 3159 6295
3123 3155 6278
3173 3199 6372
3063 3189 6252
3013 3176 6189
3096 3178 6274
3119 3171 6290
3171 3188 6359
3099 3156 6255
3092 3158 6250
3157 3165 6322
3019 3098 6117
3101 3175 6276
3178 3183 6361
3116 3189 6305
3171 3195 6366
3183 3186 6369
3031 3129 6160
3080 3089 6169
3018 3020 6038
3056 3138 6194
3067 3083 6150
3094 3096 6190
3146 3183 6329
3067 3141 6208
3118 3175 6293
3091 3152 6243
3025 3035 6060
3114 3115 6229
3160 3192 6352
3189 3191 6380
3189 3192 6381
3044 3132 6176
3037 3074 6111
3023 3055 6078
3036 3090 6126
3152 3159 6311
3016 3129 6145
3115 3122 6237
3124 3170 6294
3049 3192 6241
3175 3192 6367
3155 3188 6343
3024 3168 6192
3013 3109 6122
3175 3200 6375
3008 3140 6148
3188 3198 6386
3008 3167 6175
3016 3020 6036
3053 3192 6245
3002 3036 6038
3038 3163 6201
3172 3189 6361
3118 3166 6284
3061 3132 6193
3176 3185 6361
3028 3145 6173
3029 3155 6184
3149 3188 6337
3126 3179 6305
3091 3193 6284
3077 3136 6213
3052 3138 6190
3149 3191 6340
3055 3165 6220
3179 3197 6376
3112 3164 6276
3090 3170 6260
3028 3089 6117
3056 3173 6229
3010 3149 6159
3064 3107 6171
3082 3138 6220
3187 3188 6375
3118 3154 6272
3038 3041 6079
3169 3170 6339
3118 3186 6304
3003 3132 6135
3004 3137 6141
3196 3199 6395
3000 3018 6018
3197 3199 6396
3158 3190 6348
3052 3190 6242
3035 3161 6196
3160 3186 6346
3017 3061 6078
3015 3030 6045
3086 3123 6209
3119 3193 6312
3054 3106 6160
3136 3150 6286
3165 3190 6355
3070 3160 6230
3117 3198 6315
3191 3193 6384
3134 3183 6317
3052 3080 6132
3059 3085 6144
3107 3168 6275
3199 3200 6399
3116 3175 6291
3158 3164 6322
3070 3132 6202
3006 3172 6178
3118 3194 6312
3160 3182 6342
3026 3132 6158
3193 3196 6389
3073 3164 6237
3161 3200 6361
3131 3182 6313
3087 3138 6225
3067 3181 6248
3138 3196 6334
3085 3139 6224
3070 3106 6176
3019 3070 6089
3119 3124 6243

4109 4198 8305
4050 4137 8154
4102 4174 8250
4072 4137 8200
4089 4130 8196
4060 4066 8118
4120 4168 8257
4075 4162 8231
4110 4145 8240
4080 4096 8173
4118 4162 8273
4105 4143 8210
4047 4131 8167
4039 4138 8144
4199 4200 8397
4072 4150 8194
4142 4171 8289
4134 4150 8275
4136 4159 8294
4026 4076 8069
4181 4199 8346
4048 4064 8074
4107 4151 8248
4021 4099 8101
4119 4169 8280
4023 4036 8037
4115 4136 8229
4100 4153 8237
4048 4108 8136
4074 4190 8235
4062 4124 8178
4123 4182 8299
4105 4113 8188
4077 4086 8145
4091 4168 8256
4142 4161 8276
4024 4094 8100
4108 4156 8238
4102 4189 8255
4090 4115 8204
4032 4175 8193
4074 4147 8218
4041 4145 8148
4104 4131 8232
4108 4182 8271
4185 4188 8339
4020 4044 8028
4063 4134 8165
4161 4175 8316
4138 4179 8311
4184 4192 8350
4041 4083 8113
4060 4154 8212
4143 4164 8294
4128 4157 8282
4129 4197 8294
4192 4195 8373
4094 4166 8238
4009 4158 8155
4171 4178 8344
4029 4177 8170
4032 4111 8118
4083 4171 8251
4059 4066 8120
4117 4168 8278
4154 4169 8300
4031 4179 8197
4114 4181 8283
4016 4171 8155
4060 4068 8127
4043 4177 8188
4134 4163 8272
4154 4161 8305
4000 4013 7985
4179 4182 8337
4185 4193 8346
4163 4164 8325
4157 4169 8301
4146 4160 8298
4092 4188 8274
4191 4198 8380
4091 4099 8157
4114 4162 8274
4028 4178 8185
4103 4192 8286
4185 4193 8343
4167 4195 8356
4077 4081 8128
4047 4153 8194
4005 4059 8053
4130 4156 8270
4198 4199 8395
4144 4189 8306
4059 4065 8103
4116 4117 8218
4030 4144 8162
4072 4121 8175
4146 4164 8290
4041 4048 8053
4085 4171 8239
4008 4159 8137
4179 4187 8336
4183 4197 8360
4109 4188 8274
4135 4174 8289
4066 4104 8146
4174 4191 8339
4017 4086 8077
4013 4065 8052
4009 4146 8131
4169 4183 8328
4014 4080 8073
4113 4165 8276
4003 4040 8021
4109 4157 8233
4154 4158 8308
4062 4148 8199
4142 4163 8274
4154 4188 8314
4137 4200 8319
4011 4158 8143
4093 4122 8214
4000 4156 8127
4175 4182 8347
4186 4195 8355
4196 4197 8362
4187 4199 8378
4170 4191 8360
4099 4101 8168
4004 4043 8025
4001 4123 8097
4095 4139 8207
4129 4153 8276
4169 4185 8350
4002 4150 8150
4048 4124 8153
4197 4200 8373
4065 4117 8154
4056 4114 8167
4115 4139 8235
4145 4151 8271
4168 4195 8343
4081 4145 8218
4182 4198 8362
4071 4187 8251
4033 4188 8208
4011 4142 8141
4130 4152 8272
4106 4128 8208
4119 4198 8315
4024 4135 8131
4005 4037 8010
4037 4068 8092
4077 4144 8219
4025 4169 8167
4004 4039 8025
4098 4200 8263
4018 4094 8078
4094 4097 8178
4080 4136 8202
4190 4194 8382
4096 4193 8267
4046 4164 8189
4095 4194 8267
4187 4200 8350
4134 4177 8301
4092 4114 8193
4143 4196 8331
4028 4055 8077
4044 4091 8122
4147 4188 8303
4038 4114 8134
4056 4121 8152
4191 4196 8371
4187 4192 8359
4044 4146 8175
4104 4145 8221
4062 4157 8183
4019 4047 8038
4149 4181 8292
4051 4099 8136
4019 4056 8038
4184 4189 8371
4137 4141 8273
4148 4162 8279
4093 4106 8187
4143 4182 8304
4198 4199 8386
4074 4112 8166
4069 4075 8143
4111 4192 8292
4088 4126 8213
4071 4185 8255
4047 4134 8179
4106 4107 8184
4151 4166 8298
4036 4132 8160
4051 4155 8196
4045 4054 8070
4185 4188 8339
4117 4120 8207
4068 4151 8192
4158 4167 8290
4089 4191 8260
4129 4134 8242
4176 4191 8365
4197 4200 8382
4072 4197 8259
4125 4189 8310
4056 4067 8105
4021 4054 8047
4179 4184 8354
4128 4151 8253
4091 4106 8188
4084 4115 8172
4021 4036 8032
4097 4099 8180
4005 4092 8077
4177 4188 8343
4053 4060 8089
4015 4184 8197
4197 4200 8388
4085 4165 8224
4082 4086 8167
4033 4101 8116
4168 4183 8323
4132 4194 8310
4069 4095 8160
4087 4184 8249
4063 4130 8174
4134 4166 8294
4024 4119 8130
4184 4185 8354
4055 4119 8142
4160 4163 8285
4150 4188 8332
4197 4199 8382
4090 4119 8206
4192 4198 8377
4138 4183 8319
4037 4165 8167
4105 4122 8209
4065 4155 8206
4099 4196 8285
4018 4098 8091
4109 4196 8272
4115 4197 8286
4136 4158 8289
4171 4199 8332
4190 4196 8358
4006 4036 8034
4136 4149 8260
4147 4177 8297
4123 4154 8245
4104 4164 8233
4045 4167 8180
4066 4162 8220
4155 4192 8328
4196 4198 8370
4034 4061 8081
4026 4156 8156
4186 4188 8366
4101 4173 8256
4170 4179 8325
4180 4181 8350
4047 4173 8192
4179 4185 8333
4147 4180 8324
4171 4191 8360
4101 4198 8293
4069 4173 8208
4105 4109 8192
4081 4191 8251
4113 4143 8234
4119 4120 8214
4071 4135 8200
4184 4200 8368
4059 4138 8182
4141 4144 8257
4091 4121 8184
4187 4190 8347
4048 4101 8129
4072 4101 8159
4033 4102 8104
4174 4187 8349
4166 4176 8335
4096 4117 8198
4091 4123 8189
4059 4072 8094
4024 4193 8182
4066 4096 8136
4046 4190 8235
4126 4198 8292
4005 4172 8176
4195 4199 8368
4096 4187 8275
4090 4136 8208
4036 4042 8076
4134 4179 8276
4184 4191 8347
4116 4121 8224
4050 4083 8102
4154 4194 8345
4167 4197 8341
4096 4146 8220
4039 4098 8122
4079 4180 8257
4061 4128 8159
4107 4181 8252
4029 4071 8068
4098 4139 8232
4158 4171 8324
4065 4076 8120
4097 4106 8189
4070 4156 8202
4102 4103 8185
4015 4186 8166
4119 4158 8263
4197 4198 8371
4058 4123 8174
4099 4180 8269
4112 4180 8260
4199 4200 8395
4081 4082 8143
4106 4174 8253
4007 4026 8029
4145 4167 8287
4138 4172 8271
4097 4187 8279
4133 4138 8248
4033 4151 8164
4079 4105 8164
4176 4190 8337
4080 4136 8190
4057 4176 8215
4042 4171 8209
4019 4022 8017
4163 4191 8349
4098 4130 8191
4086 4181 8246
4147 4191 8316
4137 4159 8281
4066 4101 8145
4001 4144 8141
4084 4144 8212
4075 4137 8196
4120 4142 8243
4048 4145 8190
4143 4162 8277
4172 4185 8345
4015 4117 8104
4083 4130 8184
4075 4118 8156
4042 4132 8149
4073 4183 8244
4122 4138 8257
4135 4176 8306
4048 4158 8176
4182 4195 8343
4192 4194 8359
4186 4198 8362
4002 4120 8098
4172 4190 8353
4159 4170 8295
4110 4182 8263
4136 4172 8299
4056 4169 8218
4115 4198 8291
4186 4196 8353
4085 4126 8195
4014 4151 8127
4106 4130 8212
4079 4165 8240
4145 4197 8322
4165 4198 8336
4147 4171 8289
4029 4145 8161
4141 4176 8306
4166 4179 8341
4055 4136 8183
4006 4140 8123
4127 4192 8302
4102 4112 8197
4126 4150 8250
4170 4180 8333
4023 4097 8101
4193 4195 8364
4107 4174 8266
4196 4200 8359
4057 4192 8242
4009 4145 8152
4113 4200 8288
4069 4133 8169
4195 4199 8390
4111 4185 8285
4095 4185 8264
4095 4198 8290
4032 4141 8145
4105 4128 8198
4161 4180 8338
4132 4173 8288
4158 4191 8319
4164 4177 8321
4025 4031 8033
4031 4174 8197
4148 4189 8329
4187 4198 8382
4118 4141 8232
4147 4154 8288
4008 4191 8187
4176 4199 8370
4019 4094 8079
4139 4192 8302
4016 4188 8173
4114 4124 8216
4178 4197 8371
4137 4194 8309
4182 4195 8352
4056 4167 8187
4042 4131 8143
4026 4083 8089
4065 4173 8225
4044 4167 8198
4022 4144 8129
4193 4199 8362
4185 4197 8375
4026 4125 8146
4072 4074 8117
4122 4189 8277
4090 4193 8260
4099 4100 8187
4054 4082 8104
4026 4134 8136
4053 4149 8191
4037 4195 8225
4059 4164 8204
4045 4073 8100
4011 4049 8049
4132 4133 8238
4096 4165 8233
4183 4195 8376
4138 4157 8264
4142 4153 8264
4011 4071 8066
4190 4197 8383
4141 4177 8316
4083 4191 8242
4161 4172 8313
4159 4193 8339
4071 4178 8215
4044 4142 8161
4016 4101 8080
4072 4160 8217
4136 4174 8300
4038 4100 8100
4032 4069 8089
4038 4184 8215
4162 4194 8329
4158 4172 8303
4186 4195 8357
4168 4176 8335
4030 4106 8106
4173 4180 8335
4024 4153 8141
4067 4095 8136
4162 4175 8319
4111 4129 8232
4167 4175 8319
4142 4143 8262
4037 4135 8137
4009 4066 8062
4026 4171 8164
4184 4190 8363
4150 4158 8304
4049 4118 8145
4017 4051 8045
4160 4186 8343
4176 4183 8346
4050 4094 8125
4121 4125 8233
4085 4150 8217
4154 4189 8326
4135 4164 8283
4029 4038 8048
4199 4200 8371
4142 4175 8310
4086 4096 8150
4085 4109 8190
4149 4168 8299
4137 4191 8312
4033 4185 8194
4109 4176 8269
4184 4188 8362
4042 4117 8131
4169 4186 8344
4000 4159 8147
4120 4167 8250
4029 4176 8187
4196 4200 8361
4190 4196 8359

0.010000 0.590000
