500
1646788
3174 3182 6356
3019 3071 6090
3164 3172 6336
3150 3198 6348
3028 3039 6067
3080 3195 6275
3187 3197 6384
3165 3191 6356
3093 3136 6229
3031 3172 6203
3105 3170 6275
3167 3187 6354
3113 3160 6273
3079 3173 6252
3183 3187 6370
3050 3150 6200
3126 3163 6289
3194 3200 6394
3075 3182 6257
3188 3195 6383
3071 3127 6198
3025 3101 6126
3061 3095 6156
3025 3040 6065
3102 3200 6302
3029 3159 6188
3049 3077 6126
3003 3194 6197
3094 3172 6266
3159 3181 6340
3013 3051 6064
3051 3097 6148
3086 3120 6206
3123 3165 6288
3148 3164 6312
3038 3088 6126
3098 3142 6240
3067 3142 6209
3036 3132 6168
3156 3178 6334
3012 3103 6115
3120 3195 6315
3100 3109 6209
3077 3164 6241
3091 3102 6193
3046 3163 6209
3122 3147 6269
3140 3180 6320
3098 3139 6237
3199 3200 6399
3044 3104 6148
3152 3191 6343
3131 3143 6274
3167 3180 6347
3004 3197 6201
3055 3111 6166
3037 3043 6080
3115 3126 6241
3105 3155 6260
3101 3155 6256
3060 3143 6203
3035 3057 6092
3115 3146 6261
3142 3194 6336
3039 3066 6105
3143 3163 6306
3142 3191 6333
3096 3130 6226
3079 3170 6249
3072 3084 6156
3187 3196 6383
3124 3145 6269
3046 3077 6123
3077 3128 6205
3003 3012 6015
3198 3199 6397
3173 3188 6361
3137 3178 6315
3037 3111 6148
3042 3096 6138
3130 3198 6328
3163 3200 6363
3129 3181 6310
3129 3167 6296
3018 3153 6171
3038 3172 6210
3189 3195 6384
3036 3119 6155
3043 3046 6089
3025 3175 6200
3008 3142 6150
3151 3152 6303
3125 3170 6295
3105 3118 6223
3085 3149 6234
3137 3168 6305
3025 3029 6054
3053 3121 6174
3066 3171 6237
3123 3124 6247
3169 3182 6351
3097 3131 6228
3168 3169 6337
3087 3122 6209
3018 3150 6168
3191 3195 6386
3117 3137 6254
3042 3192 6234
3039 3114 6153
3099 3154 6253
3016 3188 6204
3172 3196 6368
3008 3140 6148
3085 3187 6272
3140 3155 6295
3159 3183 6342
3146 3169 6315
3020 3196 6216
3152 3192 6344
3174 3176 6350
3152 3180 6332
3088 3110 6198
3127 3182 6309
3144 3199 6343
3130 3160 6290
3080 3173 6253
3035 3144 6179
3132 3196 6328
3052 3176 6228
3141 3195 6336
3078 3166 6244
3127 3143 6270
3065 3104 6169
3174 3197 6371
3156 3192 6348
3147 3149 6296
3001 3026 6027
3069 3192 6261
3010 3095 6105
3122 3183 6305
3161 3164 6325
3010 3168 6178
3163 3172 6335
3139 3150 6289
3058 3118 6176
3078 3112 6190
3021 3152 6173
3187 3193 6380
3124 3151 6275
3193 3198 6391
3182 3186 6368
3039 3054 6093
3075 3099 6174
3088 3116 6204
3100 3186 6286
3184 3192 6376
3178 3180 6358
3073 3085 6158
3093 3168 6261
3112 3146 6258
3103 3178 6281
3048 3113 6161
3172 3179 6351
3060 3197 6257
3087 3162 6249
3135 3150 6285
3181 3183 6364
3066 3098 6164
3115 3174 6289
3064 3172 6236
3195 3197 6392
3092 3108 6200
3139 3180 6319
3078 3113 6191
3167 3178 6345
3069 3115 6184
3089 3184 6273
3005 3105 6110
3114 3172 6286
3099 3156 6255
3056 3062 6118
3175 3182 6357
3086 3156 6242
3053 3126 6179
3070 3123 6193
3016 3040 6056
3074 3161 6235
3047 3184 6231
3135 3196 6331
3123 3181 6304
3148 3176 6324
3019 3170 6189
3012 3041 6053
3094 3183 6277
3147 3192 6339
3146 3157 6303
3155 3186 6341
3074 3083 6157
3198 3199 6397
3098 3193 6291
3152 3187 6339
3015 3140 6155
3078 3103 6181
3017 3034 6051
3068 3142 6210
3048 3179 6227
3107 3169 6276
3187 3193 6380
3085 3185 6270
3179 3186 6365
3173 3177 6350
3025 3035 6060
3006 3049 6055
3075 3180 6255
3161 3187 6348
3066 3180 6246
3103 3160 6263
3088 3154 6242
3190 3200 6390
3181 3192 6373
3127 3166 6293
3007 3099 6106
3199 3200 6399
3119 3135 6254
3049 3060 6109
3014 3128 6142
3004 3121 6125
3113 3137 6250
3013 3124 6137
3090 3168 6258
3108 3166 6274
3053 3115 6168
3152 3195 6347
3075 3100 6175
3110 3115 6225
3002 3187 6189
3006 3137 6143
3160 3185 6345
3111 3161 6272
3070 3095 6165
3045 3151 6196
3127 3180 6307
3013 3126 6139
3163 3167 6330
3101 3181 6282
3040 3107 6147
3149 3190 6339
3181 3196 6377
3119 3148 6267
3130 3159 6289
3034 3171 6205
3178 3185 6363
3076 3198 6274
3100 3142 6242
3039 3171 6210
3170 3191 6361
3135 3181 6316
3160 3198 6358
3046 3095 6141
3001 3139 6140
3068 3070 6138
3109 3158 6267
3105 3169 6274
3130 3161 6291
3034 3046 6080
3012 3018 6030
3040 3088 6128
3022 3075 6097
3103 3198 6301
3053 3122 6175
3132 3160 6292
3020 3106 6126
3043 3050 6093
3058 3085 6143
3027 3054 6081
3123 3185 6308
3095 3149 6244
3179 3186 6365
3124 3145 6269
3062 3077 6139
3110 3196 6306
3083 3177 6260
3157 3175 6332
3102 3182 6284
3028 3040 6068
3107 3135 6242
3043 3149 6192
3054 3160 6214
3134 3135 6269
3101 3108 6209
3081 3152 6233
3122 3146 6268
3089 3134 6223
3092 3198 6290
3164 3199 6363
3121 3182 6303
3159 3178 6337
3009 3185 6194
3022 3145 6167
3028 3121 6149
3040 3116 6156
3136 3146 6282
3137 3173 6310
3031 3146 6177
3197 3200 6397
3100 3187 6287
3038 3080 6118
3087 3111 6198
3170 3193 6363
3039 3120 6159
3102 3134 6236
3028 3112 6140
3076 3192 6268
3110 3147 6257
3015 3091 6106
3057 3117 6174
3095 3186 6281
3100 3105 6205
3107 3119 6226
3073 3128 6201
3021 3064 6085
3021 3119 6140
3086 3175 6261
3196 3198 6394
3140 3186 6326
3198 3200 6398
3150 3177 6327
3042 3043 6085
3071 3190 6261
3067 3182 6249
3047 3115 6162
3182 3193 6375
3024 3112 6136
3176 3182 6358
3118 3172 6290
3086 3103 6189
3108 3166 6274
3092 3179 6271
3142 3200 6342
3113 3189 6302
3071 3157 6228
3026 3178 6204
3025 3051 6076
3089 3138 6227
3064 3121 6185
3081 3145 6226
3033 3173 6206
3059 3180 6239
3183 3191 6374
3118 3143 6261
3015 3174 6189
3125 3182 6307
3118 3170 6288
3152 3158 6310
3139 3179 6318
3015 3110 6125
3045 3060 6105
3051 3064 6115
3077 3161 6238
3197 3198 6395
3186 3191 6377
3001 3049 6050
3075 3192 6267
3147 3163 6310
3193 3198 6391
3182 3199 6381
3116 3176 6292
3192 3196 6388
3016 3081 6097
3090 3166 6256
3003 3162 6165
3096 3147 6243
3037 3180 6217
3012 3151 6163
3055 3137 6192
3148 3170 6318
3099 3100 6199
3188 3189 6377
3138 3180 6318
3125 3155 6280
3058 3197 6255
3129 3179 6308
3104 3184 6288
3129 3190 6319
3087 3170 6257
3140 3167 6307
3026 3114 6140
3116 3180 6296
3124 3153 6277
3077 3185 6262
3187 3193 6380
3018 3030 6048
3136 3147 6283
3076 3181 6257
3035 3194 6229
3131 3193 6324
3009 3198 6207
3185 3200 6385
3026 3129 6155
3015 3048 6063
3176 3189 6365
3103 3114 6217
3190 3198 6388
3108 3112 6220
3102 3106 6208
3142 3177 6319
3135 3183 6318
3029 3155 6184
3117 3164 6281
3168 3197 6365
3130 3194 6324
3149 3195 6344
3050 3116 6166
3103 3191 6294
3061 3127 6188
3029 3126 6155
3073 3143 6216
3084 3190 6274
3067 3143 6210
3137 3169 6306
3192 3194 6386
3098 3152 6250
3000 3098 6098
3057 3074 6131
3129 3168 6297
3171 3199 6370
3094 3181 6275
3014 3189 6203
3065 3099 6164
3090 3119 6209
3000 3052 6052
3010 3158 6168
3022 3156 6178
3083 3117 6200
3174 3197 6371
3061 3171 6232
3160 3185 6345
3152 3173 6325
3034 3047 6081
3148 3154 6302
3134 3139 6273
3045 3063 6108
3042 3161 6203
3133 3157 6290
3045 3199 6244
3141 3188 6329
3095 3131 6226
3024 3125 6149
3132 3133 6265
3094 3184 6278
3149 3189 6338
3128 3170 6298
3091 3174 6265
3066 3161 6227
3059 3136 6195
3058 3096 6154
3052 3188 6240
3015 3075 6090
3020 3146 6166
3083 3192 6275
3049 3069 6118
3097 3196 6293
3070 3113 6183
3057 3138 6195
3128 3139 6267
3133 3147 6280
3195 3196 6391
3139 3144 6283
3068 3187 6255
3113 3158 6271
3071 3075 6146
3178 3193 6371
3006 3173 6179
3186 3195 6381
3113 3173 6286
3083 3126 6209
3164 3195 6359
3078 3127 6205
3036 3075 6111
3108 3161 6269
3127 3190 6317
3035 3056 6091
3000 3066 6066
3111 3183 6294
3091 3186 6277
3006 3067 6073
3028 3160 6188
3125 3187 6312
3002 3188 6190
3120 3187 6307
3022 3156 6178
3005 3142 6147
3009 3048 6057
3005 3068 6073
3061 3102 6163
3092 3107 6199
3151 3163 6314
3142 3164 6306
3134 3139 6273
3070 3128 6198

4162 4192 8346
4186 4194 8364
4093 4149 8224
4108 4124 8212
4138 4199 8300
4105 4170 8240
4098 4134 8216
4155 4199 8325
4153 4158 8307
4018 4084 8072
4108 4109 8187
4018 4171 8188
4104 4151 8250
4122 4178 8268
4009 4107 8104
4002 4142 8136
4123 4195 8310
4180 4193 8344
4107 4167 8261
4138 4194 8305
4164 4189 8342
4089 4124 8208
4165 4193 8320
4102 4109 8180
4142 4188 8319
4075 4129 8166
4029 4123 8116
4176 4186 8335
4116 4192 8270
4074 4189 8246
4131 4200 8312
4174 4182 8325
4147 4160 8290
4150 4165 8311
4016 4180 8180
4188 4197 8380
4053 4112 8140
4126 4167 8287
4065 4124 8185
4018 4190 8195
4055 4152 8178
4032 4183 8204
4022 4084 8096
4024 4200 8210
4076 4114 8167
4049 4186 8198
4126 4196 8317
4105 4116 8220
4163 4171 8309
4086 4144 8217
4173 4176 8335
4094 4097 8186
4054 4183 8224
4012 4147 8122
4192 4198 8366
4004 4027 8023
4180 4183 8329
4164 4186 8319
4095 4146 8210
4056 4136 8171
4097 4103 8175
4051 4094 8139
4060 4121 8147
4161 4175 8322
4020 4183 8199
4145 4153 8271
4035 4091 8123
4182 4193 8356
4097 4178 8252
4000 4024 7997
4089 4189 8275
4186 4196 8367
4159 4161 8284
4167 4186 8344
4074 4112 8167
4076 4107 8163
4068 4086 8138
4046 4066 8108
4093 4182 8238
4187 4195 8374
4119 4169 8250
4172 4178 8328
4050 4147 8188
4050 4200 8236
4078 4184 8251
4135 4156 8256
4111 4193 8276
4191 4198 8377
4049 4123 8136
4123 4174 8278
4158 4178 8332
4114 4137 8247
4182 4191 8343
4102 4124 8202
4115 4144 8237
4060 4074 8105
4102 4118 8203
4075 4156 8200
4196 4200 8369
4005 4113 8113
4103 4146 8223
4174 4185 8326
4185 4193 8345
4002 4025 8001
4011 4091 8071
4087 4161 8238
4158 4167 8317
4102 4105 8191
4064 4084 8132
4033 4108 8126
4070 4096 8138
4024 4180 8188
4152 4189 8312
4045 4062 8089
4138 4189 8301
4117 4154 8248
4068 4093 8146
4098 4140 8237
4114 4137 8233
4095 4187 8264
4117 4150 8244
4199 4200 8381
4018 4096 8099
4094 4192 8251
4138 4147 8268
4052 4150 8194
4152 4156 8269
4117 4181 8275
4192 4200 8370
4021 4189 8194
4125 4133 8229
4096 4120 8214
4134 4154 8255
4152 4156 8295
4162 4173 8311
4123 4130 8244
4168 4199 8359
4193 4196 8356
4180 4190 8366
4166 4183 8325
4151 4177 8305
4043 4124 8149
4106 4180 8253
4104 4124 8198
4006 4132 8100
4017 4184 8192
4149 4161 8300
4001 4021 8021
4119 4165 8265
4029 4156 8175
4121 4127 8230
4028 4099 8095
4167 4181 8316
4177 4192 8333
4116 4163 8263
4172 4189 8333
4070 4136 8176
4180 4197 8366
4116 4187 8287
4061 4121 8180
4075 4111 8148
4094 4116 8209
4117 4151 8237
4158 4166 8315
4023 4185 8171
4087 4171 8238
4178 4189 8363
4150 4157 8287
4105 4161 8227
4084 4109 8167
4051 4078 8093
4020 4045 8046
4146 4170 8313
4067 4146 8202
4007 4196 8167
4058 4196 8219
4104 4142 8211
4073 4106 8167
4068 4176 8219
4100 4145 8244
4096 4098 8189
4113 4124 8227
4172 4175 8320
4077 4133 8208
4199 4200 8361
4175 4181 8330
4066 4119 8179
4051 4087 8110
4010 4180 8154
4086 4190 8275
4173 4191 8350
4164 4180 8338
4151 4188 8303
4046 4162 8184
4043 4180 8210
4120 4132 8218
4098 4186 8253
4186 4193 8350
4058 4159 8183
4160 4199 8356
4147 4194 8311
4032 4099 8108
4154 4200 8343
4015 4086 8095
4032 4106 8125
4177 4192 8330
4071 4140 8199
4032 4105 8119
4087 4194 8274
4027 4143 8145
4117 4187 8272
4143 4176 8280
4094 4191 8276
4013 4035 8037
4067 4123 8179
4148 4181 8309
4062 4124 8172
4187 4198 8358
4189 4196 8359
4092 4120 8209
4189 4196 8350
4186 4197 8361
4085 4195 8273
4074 4117 8186
4099 4163 8247
4062 4096 8141
4049 4126 8171
4142 4165 8279
4054 4062 8094
4113 4156 8257
4178 4194 8340
4044 4154 8169
4033 4153 8175
4014 4018 8031
4083 4140 8185
4096 4200 8275
4058 4119 8153
4038 4059 8072
4120 4127 8232
4112 4191 8264
4178 4185 8342
4138 4185 8286
4161 4200 8336
4018 4084 8080
4042 4192 8216
4154 4156 8279
4199 4200 8361
4183 4186 8352
4020 4111 8113
4068 4109 8170
4117 4176 8272
4023 4061 8061
4007 4116 8097
4121 4173 8273
4034 4109 8125
4087 4118 8188
4151 4152 8288
4132 4178 8284
4086 4190 8247
4176 4178 8344
4084 4182 8242
4013 4070 8052
4106 4178 8281
4137 4144 8257
4185 4199 8365
4173 4182 8325
4005 4196 8165
4135 4156 8270
4103 4191 8260
4097 4175 8236
4100 4196 8273
4067 4086 8152
4114 4146 8248
4027 4145 8156
4073 4119 8187
4109 4131 8218
4164 4168 8330
4174 4179 8347
4110 4139 8210
4039 4057 8070
4152 4155 8298
4051 4173 8219
4187 4193 8374
4164 4178 8324
4130 4188 8299
4114 4136 8211
4062 4114 8161
4106 4158 8255
4020 4170 8179
4051 4099 8148
4146 4178 8291
4037 4114 8132
4115 4135 8215
4052 4132 8177
4171 4197 8352
4086 4106 8162
4107 4114 8198
4189 4192 8364
4192 4196 8363
4100 4154 8224
4184 4199 8377
4122 4156 8274
4177 4182 8352
4009 4099 8092
4183 4196 8341
4024 4035 8023
4067 4193 8222
4095 4130 8190
4155 4198 8323
4067 4144 8174
4042 4189 8218
4020 4132 8136
4155 4161 8287
4135 4174 8274
4005 4006 7979
4163 4200 8362
4083 4151 8201
4077 4183 8254
4199 4200 8374
4052 4138 8182
4034 4155 8154
4144 4168 8274
4197 4199 8366
4135 4145 8263
4140 4158 8280
4121 4144 8249
4019 4038 8056
4180 4182 8328
4152 4153 8289
4182 4186 8357
4092 4113 8183
4086 4159 8242
4012 4130 8122
4034 4096 8123
4081 4195 8261
4193 4197 8364
4087 4196 8264
4160 4189 8333
4129 4186 8285
4049 4197 8230
4103 4115 8185
4081 4165 8245
4153 4159 8290
4005 4009 7979
4004 4199 8196
4088 4138 8219
4061 4135 8183
4195 4199 8363
4164 4196 8355
4075 4095 8134
4135 4194 8303
4085 4163 8210
4136 4175 8298
4149 4191 8322
4111 4193 8301
4108 4149 8243
4014 4100 8096
4057 4079 8110
4060 4115 8140
4123 4188 8281
4024 4055 8045
4073 4151 8195
4161 4192 8346
4119 4145 8226
4164 4183 8316
4039 4047 8062
4195 4200 8393
4021 4027 8045
4013 4161 8138
4068 4097 8134
4185 4193 8369
4107 4125 8204
4002 4098 8064
4015 4122 8136
4165 4191 8332
4188 4194 8370
4028 4032 8027
4015 4048 8051
4178 4179 8353
4134 4179 8287
4101 4102 8172
4091 4152 8236
4181 4194 8342
4013 4156 8137
4055 4200 8220
4097 4104 8165
4072 4089 8159
4053 4080 8123
4194 4200 8382
4022 4195 8189
4156 4186 8326
4195 4199 8372
4170 4177 8340
4117 4119 8221
4127 4147 8242
4181 4200 8342
4152 4172 8306
4068 4081 8132
4127 4140 8249
4139 4170 8286
4095 4191 8248
4018 4155 8171
4173 4197 8352
4133 4174 8286
4105 4199 8273
4156 4177 8296
4020 4035 8045
4135 4170 8269
4067 4112 8144
4026 4150 8140
4187 4195 8358
4010 4183 8157
4086 4150 8230
4061 4067 8111
4041 4051 8069
4188 4191 8370
4062 4150 8192
4028 4054 8068
4032 4113 8114
4066 4133 8181
4104 4144 8224
4127 4151 8246
4165 4192 8328
4124 4171 8270
4127 4171 8260
4043 4072 8093
4158 4173 8313
4121 4130 8219
4183 4193 8344
4198 4200 8367
4141 4172 8303
4004 4017 7994
4014 4086 8083
4052 4108 8146
4100 4180 8270
4183 4193 8351
4103 4165 8259
4011 4120 8120
4152 4189 8317
4095 4119 8197
4048 4139 8150
4068 4103 8148
4162 4171 8316
4184 4200 8349
4110 4148 8251
4146 4147 8255
4075 4096 8161
4105 4122 8210
4086 4160 8243
4119 4123 8205
4056 4092 8111
4034 4057 8058
4063 4138 8191
4173 4200 8344
4062 4073 8130
4109 4113 8203
4142 4187 8297
4114 4200 8307
4167 4189 8338
4147 4159 8292
4034 4088 8105
4031 4099 8128
4093 4110 8187
4152 4180 8331
4169 4171 8315
4146 4180 8324
4181 4196 8360
4177 4196 8370
4114 4118 8203
4137 4186 8285
4152 4174 8292
4196 4197 8375
4108 4180 8269
4186 4190 8363
4086 4178 8250
4079 4172 8232
4165 4169 8319
4185 4194 8348
4035 4105 8125
4174 4185 8347
4031 4191 8186
4113 4169 8277
4078 4093 8152
4143 4163 8274
4024 4034 8048
4110 4169 8256
4086 4129 8184
4135 4143 8252
4048 4176 8212
4194 4196 8369
4136 4143 8255
4026 4137 8158
4144 4185 8321
4054 4133 8174
4031 4058 8058
4031 4098 8107
4177 4196 8371
4178 4181 8326
4074 4183 8255
4162 4178 8332

0.010000 0.400000
