600
3161020
3102 3136 6238
3027 3174 6201
3073 3094 6167
3121 3128 6249
3005 3090 6095
3110 3149 6259
3008 3140 6148
3080 3162 6242
3175 3199 6374
3004 3176 6180
3059 3153 6212
3029 3139 6168
3110 3150 6260
3042 3126 6168
3032 3189 6221
3098 3197 6295
3122 3190 6312
3080 3138 6218
3164 3200 6364
3149 3160 6309
3012 3062 6074
3013 3033 6046
3153 3155 6308
3113 3143 6256
3178 3181 6359
3168 3191 6359
3118 3130 6248
3023 3065 6088
3156 3199 6355
3059 3117 6176
3136 3184 6320
3145 3151 6296
3078 3102 6180
3106 3173 6279
3185 3193 6378
3079 3138 6217
3102 3106 6208
3180 3195 6375
3192 3196 6388
3020 3167 6187
3119 3159 6278
3112 3162 6274
3129 3190 6319
3059 3184 6243
3086 3141 6227
3044 3142 6186
3006 3136 6142
3061 3134 6195
3037 3198 6235
3033 3071 6104
3149 3178 6327
3062 3171 6233
3086 3091 6177
3075 3177 6252
3155 3187 6342
3169 3174 6343
3194 3198 6392
3079 3087 6166
3170 3197 6367
3105 3123 6228
3194 3200 6394
3085 3189 6274
3070 3092 6162
3065 3117 6182
3181 3199 6380
3071 3137 6208
3069 3173 6242
3142 3191 6333
3042 3113 6155
3186 3191 6377
3104 3138 6242
3194 3195 6389
3056 3089 6145
3133 3180 6313
3133 3142 6275
3187 3199 6386
3004 3078 6082
3079 3086 6165
3118 3145 6263
3166 3184 6350
3082 3120 6202
3197 3198 6395
3135 3164 6299
3069 3127 6196
3080 3114 6194
3124 3157 6281
3147 3157 6304
3080 3174 6254
3022 3160 6182
3091 3101 6192
3015 3102 6117
3170 3200 6370
3154 3166 6320
3124 3194 6318
3075 3188 6263
3091 3141 6232
3027 3141 6168
3060 3150 6210
3190 3195 6385
3174 3192 6366
3067 3143 6210
3048 3087 6135
3121 3133 6254
3195 3199 6394
3026 3114 6140
3187 3192 6379
3054 3102 6156
3031 3089 6120
3104 3160 6264
3181 3182 6363
3114 3197 6311
3050 3083 6133
3011 3036 6047
3101 3185 6286
3048 3085 6133
3130 3142 6272
3130 3144 6274
3129 3178 6307
3031 3196 6227
3125 3196 6321
3120 3159 6279
3060 3074 6134
3150 3190 6340
3051 3087 6138
3188 3189 6377
3170 3186 6356
3135 3136 6271
3069 3158 6227
3136 3200 6336
3152 3184 6336
3138 3156 6294
3072 3116 6188
3104 3131 6235
3079 3157 6236
3035 3184 6219
3095 3187 6282
3102 3124 6226
3129 3166 6295
3037 3122 6159
3175 3187 6362
3051 3103 6154
3068 3107 6175
3080 3159 6239
3140 3185 6325
3111 3171 6282
3071 3150 6221
3112 3145 6257
3139 3167 6306
3020 3145 6165
3178 3182 6360
3152 3194 6346
3169 3171 6340
3048 3092 6140
3147 3188 6335
3167 3197 6364
3180 3200 6380
3001 3177 6178
3005 3067 6072
3009 3193 6202
3063 3067 6130
3101 3185 6286
3131 3200 6331
3065 3197 6262
3028 3077 6105
3170 3199 6369
3045 3102 6147
3045 3167 6212
3181 3197 6378
3131 3190 6321
3129 3180 6309
3154 3167 6321
3099 3183 6282
3156 3186 6342
3022 3038 6060
3185 3188 6373
3137 3172 6309
3007 3137 6144
3084 3095 6179
3177 3179 6356
3091 3111 6202
3095 3192 6287
3088 3091 6179
3166 3194 6360
3091 3104 6195
3132 3140 6272
3022 3126 6148
3154 3178 6332
3020 3076 6096
3184 3199 6383
3071 3075 6146
3107 3169 6276
3187 3192 6379
3177 3180 6357
3125 3162 6287
3189 3199 6388
3001 3108 6109
3096 3122 6218
3107 3187 6294
3000 3179 6179
3157 3189 6346
3057 3199 6256
3026 3188 6214
3141 3180 6321
3082 3116 6198
3155 3167 6322
3009 3052 6061
3173 3180 6353
3196 3197 6393
3058 3072 6130
3085 3178 6263
3154 3190 6344
3112 3180 6292
3146 3181 6327
3193 3196 6389
3145 3180 6325
3188 3193 6381
3142 3193 6335
3031 3150 6181
3191 3198 6389
3100 3106 6206
3081 3115 6196
3198 3199 6397
3011 3133 6144
3102 3190 6292
3165 3188 6353
3198 3200 6398
3116 3145 6261
3152 3162 6314
3170 3178 6348
3082 3109 6191
3157 3165 6322
3112 3138 6250
3168 3195 6363
3068 3088 6156
3125 3142 6267
3036 3088 6124
3136 3169 6305
3159 3192 6351
3067 3168 6235
3155 3173 6328
3064 3102 6166
3192 3196 6388
3018 3184 6202
3091 3178 6269
3021 3022 6043
3022 3109 6131
3032 3092 6124
3171 3200 6371
3045 3048 6093
3188 3197 6385
3021 3174 6195
3051 3056 6107
3093 3103 6196
3076 3172 6248
3082 3105 6187
3019 3165 6184
3160 3164 6324
3158 3184 6342
3119 3154 6273
3168 3173 6341
3065 3192 6257
3008 3010 6018
3018 3046 6064
3014 3041 6055
3017 3076 6093
3143 3148 6291
3164 3179 6343
3074 3094 6168
3140 3196 6336
3055 3152 6207
3037 3161 6198
3030 3083 6113
3025 3169 6194
3135 3159 6294
3138 3170 6308
3187 3192 6379
3121 3186 6307
3064 3131 6195
3189 3200 6389
3097 3170 6267
3082 3085 6167
3023 3120 6143
3118 3175 6293
3098 3129 6227
3067 3114 6181
3184 3185 6369
3096 3172 6268
3063 3177 6240
3098 3168 6266
3053 3092 6145
3030 3176 6206
3042 3090 6132
3075 3108 6183
3119 3187 6306
3063 3120 6183
3046 3187 6233
3195 3200 6395
3147 3175 6322
3144 3145 6289
3172 3186 6358
3062 3124 6186
3137 3147 6284
3025 3067 6092
3191 3195 6386
3078 3186 6264
3049 3175 6224
3074 3107 6181
3089 3108 6197
3197 3200 6397
3126 3135 6261
3150 3197 6347
3046 3127 6173
3092 3116 6208
3198 3199 6397
3144 3145 6289
3168 3170 6338
3107 3125 6232
3026 3082 6108
3069 3147 6216
3045 3095 6140
3019 3133 6152
3139 3200 6339
3177 3180 6357
3062 3122 6184
3179 3199 6378
3133 3135 6268
3054 3158 6212
3009 3107 6116
3127 3168 6295
3049 3055 6104
3010 3081 6091
3073 3140 6213
3015 3038 6053
3037 3192 6229
3160 3190 6350
3051 3079 6130
3030 3089 6119
3141 3177 6318
3154 3166 6320
3116 3195 6311
3089 3118 6207
3175 3184 6359
3196 3197 6393
3105 3132 6237
3123 3179 6302
3155 3182 6337
3196 3200 6396
3054 3069 6123
3174 3191 6365
3026 3075 6101
3000 3017 6017
3187 3188 6375
3164 3171 6335
3144 3194 6338
3080 3129 6209
3147 3155 6302
3110 3156 6266
3132 3188 6320
3157 3194 6351
3118 3138 6256
3012 3131 6143
3191 3192 6383
3138 3194 6332
3186 3199 6385
3198 3199 6397
3179 3188 6367
3074 3089 6163
3044 3158 6202
3057 3155 6212
3029 3055 6084
3129 3188 6317
3125 3160 6285
3158 3200 6358
3069 3148 6217
3087 3193 6280
3082 3200 6282
3055 3142 6197
3141 3145 6286
3161 3177 6338
3180 3181 6361
3107 3171 6278
3072 3075 6147
3194 3196 6390
3129 3154 6283
3180 3189 6369
3005 3181 6186
3090 3110 6200
3186 3192 6378
3022 3113 6135
3019 3092 6111
3190 3198 6388
3038 3123 6161
3082 3149 6231
3126 3189 6315
3063 3170 6233
3150 3187 6337
3067 3176 6243
3107 3192 6299
3183 3194 6377
3186 3189 6375
3008 3042 6050
3168 3184 6352
3081 3125 6206
3099 3132 6231
3115 3178 6293
3023 3037 6060
3095 3118 6213
3035 3065 6100
3073 3175 6248
3076 3200 6276
3025 3085 6110
3169 3184 6353
3138 3162 6300
3004 3172 6176
3107 3122 6229
3128 3189 6317
3179 3189 6368
3032 3068 6100
3153 3164 6317
3130 3136 6266
3018 3141 6159
3186 3194 6380
3111 3121 6232
3017 3051 6068
3073 3106 6179
3079 3110 6189
3019 3047 6066
3038 3088 6126
3158 3191 6349
3061 3145 6206
3110 3193 6303
3005 3052 6057
3130 3174 6304
3190 3196 6386
3016 3166 6182
3127 3170 6297
3192 3196 6388
3109 3188 6297
3067 3198 6265
3097 3109 6206
3000 3177 6177
3088 3109 6197
3130 3171 6301
3109 3126 6235
3084 3115 6199
3054 3090 6144
3035 3124 6159
3088 3123 6211
3146 3194 6340
3042 3059 6101
3107 3132 6239
3196 3199 6395
3058 3199 6257
3185 3190 6375
3193 3200 6393
3182 3193 6375
3026 3120 6146
3112 3136 6248
3196 3197 6393
3121 3170 6291
3136 3148 6284
3065 3103 6168
3192 3199 6391
3011 3083 6094
3175 3198 6373
3031 3129 6160
3175 3199 6374
3057 3194 6251
3109 3142 6251
3191 3199 6390
3164 3178 6342
3095 3197 6292
3124 3190 6314
3113 3151 6264
3086 3088 6174
3090 3198 6288
3080 3102 6182
3078 3118 6196
3122 3123 6245
3128 3175 6303
3104 3109 6213
3196 3197 6393
3121 3173 6294
3103 3174 6277
3023 3085 6108
3056 3128 6184
3051 3128 6179
3045 3157 6202
3148 3200 6348
3067 3123 6190
3115 3196 6311
3072 3135 6207
3176 3199 6375
3007 3022 6029
3013 3034 6047
3103 3160 6263
3136 3169 6305
3139 3165 6304
3053 3199 6252
3104 3165 6269
3171 3197 6368
3021 3160 6181
3026 3183 6209
3058 3177 6235
3142 3163 6305
3095 3171 6266
3059 3127 6186
3197 3198 6395
3150 3160 6310
3092 3128 6220
3120 3139 6259
3017 3166 6183
3141 3179 6320
3157 3177 6334
3090 3130 6220
3164 3191 6355
3008 3163 6171
3199 3200 6399
3047 3121 6168
3167 3183 6350
3087 3117 6204
3190 3197 6387
3192 3198 6390
3059 3165 6224
3078 3132 6210
3095 3150 6245
3197 3200 6397
3055 3154 6209
3068 3196 6264
3098 3166 6264
3012 3056 6068
3052 3104 6156
3138 3169 6307
3143 3192 6335
3133 3152 6285
3077 3126 6203
3149 3200 6349
3082 3190 6272
3177 3178 6355
3017 3131 6148
3134 3193 6327
3065 3139 6204
3060 3172 6232
3074 3188 6262
3154 3168 6322
3164 3185 6349
3072 3192 6264
3130 3190 6320
3133 3158 6291
3070 3166 6236
3051 3177 6228
3092 3131 6223
3124 3185 6309
3067 3147 6214
3171 3194 6365
3185 3188 6373
3163 3175 6338
3162 3187 6349
3184 3187 6371
3028 3188 6216
3003 3020 6023
3068 3134 6202
3074 3161 6235
3183 3187 6370
3184 3198 6382
3125 3145 6270
3117 3181 6298
3182 3194 6376
3081 3173 6254
3034 3118 6152
3034 3122 6156
3100 3184 6284
3097 3118 6215
3091 3129 6220
3055 3091 6146
3132 3156 6288
3038 3049 6087
3099 3153 6252
3153 3169 6322
3146 3187 6333
3103 3176 6279
3181 3187 6368
3016 3050 6066
3075 3156 6231
3178 3194 6372
3161 3163 6324
3155 3168 6323
3082 3132 6214
3102 3184 6286
3030 3066 6096
3054 3099 6153
3061 3199 6260
3038 3155 6193
3049 3141 6190
3121 3200 6321
3006 3179 6185
3143 3188 6331
3127 3134 6261
3081 3155 6236
3157 3158 6315

4008 4138 8140
4029 4186 8209
4105 4149 8235
4039 4123 8150
4078 4189 8243
4087 4125 8183
4154 4200 8340
4051 4143 8182
4032 4101 8127
4019 4143 8138
4005 4024 8025
4173 4194 8331
4143 4148 8268
4153 4177 8315
4149 4179 8303
4080 4195 8247
4185 4189 8367
4141 4176 8282
4116 4143 8254
4065 4074 8112
4181 4191 8349
4031 4153 8171
4052 4075 8115
4144 4172 8278
4035 4076 8110
4008 4155 8143
4136 4186 8290
4105 4126 8204
4048 4086 8130
4019 4035 8049
4084 4099 8150
4069 4188 8226
4088 4171 8251
4090 4178 8239
4042 4095 8104
4020 4106 8109
4100 4111 8187
4139 4154 8262
4014 4023 8000
4062 4072 8128
4174 4180 8340
4081 4094 8142
4139 4188 8292
4026 4192 8190
4138 4193 8293
4031 4046 8043
4198 4199 8362
4021 4074 8075
4135 4146 8258
4186 4196 8366
4027 4146 8141
4166 4189 8352
4093 4163 8248
4022 4093 8092
4047 4179 8197
4161 4186 8327
4064 4175 8237
4163 4199 8361
4142 4190 8315
4099 4185 8273
4134 4135 8262
4104 4170 8252
4125 4137 8231
4085 4087 8140
4093 4189 8254
4041 4112 8118
4066 4087 8122
4148 4165 8302
4184 4187 8349
4197 4198 8356
4178 4199 8374
4168 4197 8337
4020 4038 8055
4163 4196 8340
4146 4185 8295
4114 4115 8228
4141 4154 8266
4085 4188 8270
4018 4070 8085
4187 4195 8368
4149 4151 8284
4181 4182 8353
4022 4078 8094
4162 4185 8313
4095 4101 8159
4199 4200 8377
4183 4185 8342
4030 4153 8181
4152 4200 8331
4030 4107 8099
4097 4193 8286
4085 4181 8262
4072 4144 8183
4155 4194 8335
4109 4194 8278
4115 4130 8240
4199 4200 8366
4186 4196 8374
4066 4097 8159
4078 4117 8185
4074 4089 8129
4119 4127 8218
4015 4098 8088
4193 4196 8366
4000 4125 8090
4193 4199 8369
4139 4153 8287
4103 4166 8245
4152 4160 8291
4045 4115 8135
4104 4194 8285
4058 4152 8173
4077 4164 8237
4110 4167 8242
4101 4128 8201
4149 4151 8291
4195 4198 8388
4091 4135 8209
4003 4155 8125
4110 4186 8272
4188 4199 8349
4137 4189 8308
4018 4078 8075
4119 4175 8271
4038 4054 8078
4017 4143 8145
4052 4146 8164
4190 4200 8351
4054 4074 8092
4053 4085 8105
4193 4195 8361
4155 4166 8304
4011 4038 8038
4167 4174 8337
4076 4160 8206
4130 4148 8242
4156 4183 8301
4026 4198 8188
4102 4186 8277
4113 4144 8239
4059 4093 8114
4013 4060 8050
4065 4100 8128
4115 4117 8194
4069 4099 8161
4149 4199 8341
4167 4179 8315
4181 4196 8352
4194 4196 8386
4001 4069 8052
4131 4146 8252
4097 4147 8207
4194 4195 8370
4139 4172 8281
4152 4198 8344
4081 4155 8226
4168 4200 8364
4157 4197 8321
4089 4171 8250
4110 4140 8212
4019 4147 8145
4034 4119 8137
4000 4079 8057
4106 4180 8255
4121 4163 8259
4054 4194 8227
4162 4185 8331
4042 4153 8181
4198 4199 8393
4184 4190 8350
4114 4143 8219
4046 4076 8090
4110 4120 8206
4110 4187 8262
4092 4107 8175
4109 4188 8278
4055 4112 8141
4169 4182 8347
4021 4161 8151
4164 4169 8315
4146 4166 8303
4179 4192 8342
4113 4131 8228
4088 4194 8253
4139 4195 8331
4117 4199 8277
4180 4199 8347
4036 4128 8162
4086 4170 8235
4078 4174 8216
4036 4141 8152
4012 4173 8183
4188 4199 8363
4080 4178 8228
4102 4126 8201
4179 4186 8336
4190 4199 8386
4132 4176 8277
4120 4176 8288
4065 4195 8250
4184 4198 8372
4113 4119 8223
4087 4124 8204
4128 4193 8295
4009 4047 8031
4128 4176 8303
4194 4198 8373
4064 4161 8224
4138 4145 8246
4171 4196 8332
4094 4188 8281
4090 4184 8267
4069 4072 8131
4119 4132 8248
4002 4067 8068
4186 4194 8365
4199 4200 8388
4183 4191 8369
4045 4145 8162
4167 4174 8333
4008 4144 8138
4099 4185 8253
4190 4199 8374
4103 4162 8241
4170 4175 8334
4072 4192 8228
4116 4143 8247
4110 4147 8237
4160 4182 8341
4137 4188 8297
4151 4181 8301
4199 4200 8389
4041 4127 8149
4054 4151 8191
4166 4189 8342
4071 4180 8231
4116 4168 8248
4043 4165 8170
4058 4080 8114
4005 4183 8160
4158 4166 8297
4084 4101 8171
4155 4173 8299
4101 4114 8195
4097 4157 8234
4158 4195 8325
4073 4193 8243
4095 4200 8275
4055 4151 8173
4177 4187 8355
4060 4091 8119
4179 4191 8362
4174 4186 8344
4181 4189 8339
4135 4152 8271
4159 4192 8335
4110 4185 8263
4186 4192 8374
4058 4123 8154
4188 4197 8383
4065 4148 8199
4045 4105 8115
4135 4143 8264
4053 4090 8141
4169 4179 8332
4079 4081 8153
4063 4137 8198
4169 4186 8348
4152 4154 8286
4039 4140 8174
4125 4167 8272
4091 4124 8179
4099 4121 8216
4162 4176 8329
4067 4137 8166
4199 4200 8391
4096 4192 8256
4016 4060 8040
4011 4017 8021
4023 4079 8068
4193 4198 8360
4099 4168 8258
4169 4196 8326
4062 4157 8211
4049 4125 8160
4100 4125 8186
4198 4199 8358
4061 4180 8221
4126 4152 8262
4126 4137 8238
4007 4010 8011
4188 4195 8364
4063 4082 8116
4111 4170 8261
4167 4179 8318
4002 4165 8132
4112 4177 8255
4115 4135 8222
4153 4194 8335
4008 4073 8078
4123 4146 8235
4179 4183 8349
4083 4151 8200
4154 4194 8341
4017 4093 8090
4189 4193 8354
4159 4184 8327
4167 4188 8323
4048 4127 8162
4053 4104 8140
4059 4099 8141
4083 4110 8186
4046 4059 8083
4044 4174 8203
4011 4126 8108
4195 4196 8365
4119 4170 8251
4072 4184 8230
4060 4064 8118
4056 4152 8175
4147 4160 8273
4156 4181 8299
4044 4066 8103
4102 4140 8218
4068 4176 8242
4104 4118 8202
4160 4172 8301
4127 4179 8289
4054 4135 8160
4060 4088 8130
4045 4107 8129
4059 4069 8115
4030 4059 8081
4136 4186 8303
4131 4178 8296
4163 4196 8346
4144 4182 8323
4079 4082 8146
4094 4174 8244
4110 4111 8218
4067 4118 8149
4109 4143 8229
4031 4119 8134
4186 4196 8365
4151 4182 8300
4070 4136 8192
4130 4182 8275
4039 4166 8198
4098 4143 8221
4096 4133 8203
4113 4176 8257
4064 4178 8212
4142 4183 8296
4035 4054 8068
4112 4138 8244
4115 4148 8254
4119 4124 8218
4136 4149 8268
4073 4153 8218
4043 4066 8084
4051 4197 8226
4032 4061 8076
4179 4197 8369
4179 4182 8326
4066 4097 8132
4198 4199 8377
4126 4192 8298
4021 4119 8114
4152 4198 8328
4038 4053 8069
4001 4171 8150
4019 4120 8119
4184 4185 8366
4167 4170 8315
4031 4058 8077
4053 4064 8108
4051 4120 8170
4127 4191 8313
4199 4200 8389
4180 4189 8345
4152 4194 8337
4014 4057 8049
4099 4115 8190
4142 4152 8287
4118 4167 8281
4053 4057 8088
4124 4195 8280
4090 4142 8220
4143 4162 8284
4031 4049 8048
4051 4069 8086
4166 4178 8320
4167 4183 8346
4080 4156 8222
4162 4173 8302
4143 4144 8275
4142 4163 8279
4061 4181 8221
4099 4180 8242
4168 4186 8324
4185 4187 8362
4004 4054 8054
4072 4140 8181
4070 4118 8169
4159 4164 8287
4093 4176 8268
4077 4153 8209
4034 4071 8099
4097 4131 8196
4096 4115 8197
4058 4109 8134
4185 4197 8369
4011 4128 8111
4144 4171 8311
4181 4190 8353
4080 4166 8221
4090 4095 8184
4024 4129 8134
4055 4073 8127
4051 4064 8090
4030 4173 8175
4157 4176 8322
4149 4151 8284
4088 4119 8182
4042 4178 8192
4148 4195 8307
4066 4111 8154
4015 4066 8066
4097 4171 8267
4100 4141 8225
4067 4140 8191
4148 4187 8326
4163 4166 8294
4103 4139 8231
4034 4192 8225
4095 4184 8266
4104 4187 8258
4157 4171 8315
4134 4156 8251
4156 4162 8287
4115 4140 8220
4184 4200 8361
4010 4073 8054
4078 4129 8198
4090 4169 8250
4151 4196 8338
4197 4199 8358
4008 4192 8166
4116 4199 8279
4093 4153 8229
4082 4157 8220
4071 4082 8117
4123 4188 8297
4193 4196 8369
4112 4165 8265
4034 4135 8142
4188 4193 8343
4075 4132 8202
4028 4152 8177
4043 4118 8123
4061 4150 8195
4005 4033 8002
4197 4200 8377
4042 4060 8068
4046 4190 8231
4127 4134 8257
4080 4190 8254
4143 4184 8293
4195 4197 8356
4016 4086 8074
4084 4162 8214
4176 4192 8330
4104 4112 8193
4161 4165 8304
4160 4178 8331
4003 4091 8088
4028 4064 8078
4179 4183 8353
4172 4200 8344
4158 4194 8344
4059 4080 8133
4132 4199 8293
4045 4058 8081
4077 4090 8146
4054 4184 8232
4133 4186 8318
4028 4062 8082
4131 4138 8258
4126 4136 8234
4063 4080 8136
4152 4177 8302
4132 4189 8303
4153 4186 8334
4038 4069 8105
4170 4187 8319
4033 4048 8062
4003 4031 8001
4198 4200 8381
4097 4157 8238
4085 4123 8170
4160 4188 8337
4029 4135 8158
4127 4167 8278
4160 4171 8313
4072 4113 8173
4025 4113 8137
4044 4164 8183
4121 4179 8265
4027 4193 8205
4180 4192 8351
4177 4189 8362
4097 4147 8218
4191 4198 8378
4140 4167 8289
4183 4184 8338
4013 4083 8072
4151 4170 8299
4143 4194 8314
4136 4191 8315
4011 4121 8106
4046 4071 8085
4070 4097 8132
4173 4192 8328
4169 4176 8331
4116 4156 8270
4176 4177 8316
4049 4165 8193
4074 4099 8137
4040 4088 8112
4163 4183 8309
4142 4186 8292
4178 4181 8334
4119 4145 8261
4142 4152 8269
4175 4191 8356
4139 4164 8270
4098 4175 8255
4033 4082 8111
4029 4093 8115
4016 4061 8052
4174 4178 8315
4121 4185 8296
4069 4077 8123
4129 4145 8260
4056 4101 8146
4014 4129 8131
4136 4172 8285
4016 4020 8026
4094 4138 8227
4040 4094 8096
4156 4193 8329
4075 4197 8256
4086 4132 8182
4121 4174 8276
4092 4134 8209
4130 4150 8277
4184 4197 8377
4075 4198 8265
4179 4188 8361
4019 4071 8085
4038 4141 8166
4197 4199 8372
4006 4096 8084
4164 4183 8346
4184 4197 8358
4105 4175 8243
4123 4150 8248
4049 4097 8145
4072 4079 8121
4041 4097 8110
4051 4083 8100
4054 4166 8185
4149 4191 8328
4011 4145 8150
4015 4165 8154
4030 4155 8176
4174 4190 8348
4011 4181 8165
4042 4177 8212
4036 4112 8137
4092 4181 8256
4047 4157 8177
4194 4198 8360
4194 4195 8364
4052 4089 8135
4000 4051 8038
4076 4190 8247
4112 4176 8285
4084 4089 8151
4199 4200 8397
4024 4054 8057
4030 4124 8123
4190 4199 8381
4037 4094 8093
4074 4126 8180
4005 4006 7974
4155 4160 8294
4119 4186 8290
4147 4200 8337
4131 4189 8284

0.010000 0.640000
