600
3110532
3022 3023 6045
3194 3198 6392
3141 3163 6304
3028 3112 6140
3143 3174 6317
3169 3189 6358
3191 3195 6386
3062 3075 6137
3040 3050 6090
3086 3191 6277
3143 3148 6291
3149 3167 6316
3046 3088 6134
3032 3186 6218
3083 3102 6185
3009 3032 6041
3039 3063 6102
3030 3075 6105
3118 3161 6279
3183 3193 6376
3102 3136 6238
3052 3066 6118
3090 3148 6238
3120 3193 6313
3084 3156 6240
3162 3196 6358
3082 3119 6201
3115 3187 6302
3077 3125 6202
3169 3185 6354
3073 3105 6178
3085 3198 6283
3073 3152 6225
3174 3187 6361
3046 3167 6213
3072 3143 6215
3004 3186 6190
3004 3018 6022
3164 3189 6353
3073 3110 6183
3191 3192 6383
3148 3164 6312
3028 3070 6098
3038 3098 6136
3167 3194 6361
3056 3174 6230
3029 3093 6122
3167 3177 6344
3182 3187 6369
3160 3183 6343
3063 3136 6199
3043 3177 6220
3176 3190 6366
3164 3175 6339
3123 3126 6249
3143 3174 6317
3001 3093 6094
3074 3090 6164
3135 3199 6334
3177 3192 6369
3140 3169 6309
3090 3128 6218
3105 3182 6287
3107 3129 6236
3039 3152 6191
3048 3175 6223
3113 3115 6228
3166 3189 6355
3037 3050 6087
3105 3112 6217
3155 3186 6341
3093 3178 6271
3003 3018 6021
3074 3177 6251
3076 3134 6210
3043 3148 6191
3175 3190 6365
3068 3150 6218
3109 3194 6303
3159 3185 6344
3196 3200 6396
3012 3100 6112
3173 3182 6355
3118 3172 6290
3091 3194 6285
3170 3172 6342
3075 3172 6247
3041 3192 6233
3063 3084 6147
3032 3157 6189
3140 3169 6309
3137 3187 6324
3103 3166 6269
3100 3103 6203
3026 3132 6158
3151 3163 6314
3016 3035 6051
3153 3189 6342
3085 3126 6211
3152 3186 6338
3027 3055 6082
3154 3166 6320
3134 3174 6308
3176 3181 6357
3085 3123 6208
3160 3180 6340
3065 3134 6199
3198 3200 6398
3197 3198 6395
3055 3069 6124
3089 3159 6248
3040 3194 6234
3163 3181 6344
3003 3105 6108
3186 3194 6380
3120 3140 6260
3174 3175 6349
3152 3187 6339
3002 3018 6020
3167 3174 6341
3110 3129 6239
3121 3195 6316
3090 3093 6183
3081 3126 6207
3115 3165 6280
3104 3174 6278
3172 3186 6358
3088 3170 6258
3101 3199 6300
3048 3134 6182
3132 3180 6312
3012 3079 6091
3141 3164 6305
3135 3148 6283
3011 3019 6030
3043 3160 6203
3044 3122 6166
3159 3196 6355
3129 3183 6312
3141 3170 6311
3178 3181 6359
3038 3050 6088
3115 3151 6266
3004 3159 6163
3025 3045 6070
3132 3142 6274
3133 3200 6333
3073 3160 6233
3170 3200 6370
3197 3200 6397
3105 3166 6271
3137 3175 6312
3183 3196 6379
3055 3127 6182
3095 3156 6251
3073 3107 6180
3178 3200 6378
3109 3158 6267
3023 3034 6057
3191 3192 6383
3118 3195 6313
3109 3161 6270
3045 3190 6235
3044 3188 6232
3101 3177 6278
3135 3175 6310
3140 3166 6306
3038 3150 6188
3184 3200 6384
3070 3128 6198
3030 3106 6136
3162 3188 6350
3141 3158 6299
3011 3145 6156
3065 3131 6196
3097 3136 6233
3190 3195 6385
3119 3140 6259
3166 3168 6334
3145 3179 6324
3134 3148 6282
3193 3198 6391
3118 3127 6245
3095 3159 6254
3121 3176 6297
3161 3164 6325
3165 3167 6332
3123 3181 6304
3012 3159 6171
3092 3172 6264
3131 3192 6323
3020 3046 6066
3162 3173 6335
3000 3161 6161
3136 3186 6322
3054 3059 6113
3168 3170 6338
3010 3164 6174
3144 3184 6328
3137 3152 6289
3147 3188 6335
3085 3110 6195
3118 3137 6255
3155 3188 6343
3096 3132 6228
3101 3134 6235
3165 3176 6341
3096 3200 6296
3003 3100 6103
3005 3045 6050
3029 3169 6198
3015 3113 6128
3011 3044 6055
3165 3173 6338
3090 3133 6223
3113 3140 6253
3093 3115 6208
3024 3095 6119
3059 3070 6129
3149 3159 6308
3113 3116 6229
3100 3171 6271
3056 3078 6134
3135 3144 6279
3090 3176 6266
3106 3130 6236
3181 3183 6364
3195 3200 6395
3160 3174 6334
3088 3111 6199
3190 3194 6384
3075 3100 6175
3067 3080 6147
3181 3190 6371
3099 3165 6264
3032 3086 6118
3064 3094 6158
3141 3195 6336
3110 3187 6297
3040 3052 6092
3103 3149 6252
3117 3128 6245
3090 3182 6272
3045 3067 6112
3121 3200 6321
3008 3148 6156
3005 3166 6171
3190 3195 6385
3171 3187 6358
3010 3103 6113
3097 3121 6218
3017 3098 6115
3127 3178 6305
3149 3190 6339
3135 3161 6296
3088 3101 6189
3125 3173 6298
3130 3185 6315
3108 3119 6227
3162 3194 6356
3141 3146 6287
3098 3102 6200
3152 3199 6351
3118 3149 6267
3080 3151 6231
3085 3170 6255
3108 3117 6225
3147 3149 6296
3119 3173 6292
3097 3107 6204
3140 3168 6308
3099 3152 6251
3131 3169 6300
3167 3184 6351
3173 3182 6355
3033 3189 6222
3071 3108 6179
3186 3196 6382
3128 3148 6276
3023 3059 6082
3090 3184 6274
3113 3131 6244
3022 3082 6104
3005 3070 6075
3089 3104 6193
3191 3192 6383
3038 3073 6111
3126 3196 6322
3124 3163 6287
3161 3175 6336
3037 3109 6146
3101 3105 6206
3159 3188 6347
3039 3175 6214
3077 3172 6249
3024 3053 6077
3123 3140 6263
3181 3190 6371
3097 3200 6297
3131 3193 6324
3149 3163 6312
3075 3196 6271
3199 3200 6399
3031 3105 6136
3159 3180 6339
3124 3132 6256
3094 3132 6226
3196 3198 6394
3181 3189 6370
3068 3109 6177
3121 3151 6272
3100 3143 6243
3051 3190 6241
3005 3133 6138
3004 3061 6065
3066 3117 6183
3141 3182 6323
3051 3197 6248
3151 3166 6317
3027 3045 6072
3110 3134 6244
3141 3172 6313
3080 3195 6275
3130 3149 6279
3141 3157 6298
3015 3020 6035
3085 3114 6199
3178 3184 6362
3196 3197 6393
3070 3086 6156
3146 3179 6325
3095 3179 6274
3057 3174 6231
3083 3188 6271
3039 3074 6113
3061 3113 6174
3026 3086 6112
3138 3188 6326
3061 3111 6172
3157 3198 6355
3189 3197 6386
3125 3158 6283
3162 3190 6352
3005 3191 6196
3053 3063 6116
3148 3178 6326
3066 3094 6160
3199 3200 6399
3012 3188 6200
3120 3160 6280
3192 3193 6385
3093 3096 6189
3068 3191 6259
3168 3182 6350
3037 3143 6180
3146 3178 6324
3031 3060 6091
3099 3173 6272
3072 3193 6265
3132 3191 6323
3130 3198 6328
3174 3198 6372
3127 3198 6325
3128 3162 6290
3196 3200 6396
3032 3127 6159
3052 3194 6246
3173 3198 6371
3133 3166 6299
3052 3113 6165
3002 3016 6018
3158 3186 6344
3180 3194 6374
3197 3199 6396
3065 3088 6153
3186 3195 6381
3097 3109 6206
3192 3193 6385
3024 3190 6214
3150 3198 6348
3181 3183 6364
3094 3154 6248
3163 3182 6345
3125 3181 6306
3086 3143 6229
3058 3122 6180
3037 3153 6190
3061 3191 6252
3158 3168 6326
3098 3107 6205
3142 3157 6299
3093 3147 6240
3125 3155 6280
3168 3189 6357
3032 3152 6184
3062 3105 6167
3102 3160 6262
3034 3096 6130
3006 3136 6142
3015 3129 6144
3151 3166 6317
3087 3122 6209
3174 3194 6368
3077 3090 6167
3189 3194 6383
3029 3033 6062
3088 3094 6182
3082 3184 6266
3047 3132 6179
3105 3127 6232
3150 3190 6340
3005 3071 6076
3104 3182 6286
3006 3173 6179
3030 3143 6173
3114 3182 6296
3115 3121 6236
3113 3166 6279
3126 3163 6289
3027 3111 6138
3130 3188 6318
3092 3106 6198
3103 3122 6225
3135 3145 6280
3047 3138 6185
3081 3097 6178
3013 3106 6119
3176 3181 6357
3158 3163 6321
3041 3126 6167
3109 3192 6301
3027 3192 6219
3081 3147 6228
3093 3158 6251
3151 3166 6317
3075 3172 6247
3166 3182 6348
3068 3188 6256
3094 3153 6247
3063 3125 6188
3166 3192 6358
3173 3182 6355
3108 3183 6291
3069 3095 6164
3159 3170 6329
3191 3196 6387
3107 3196 6303
3150 3176 6326
3140 3182 6322
3087 3198 6285
3145 3155 6300
3043 3182 6225
3138 3198 6336
3097 3185 6282
3140 3184 6324
3056 3150 6206
3189 3191 6380
3027 3037 6064
3046 3116 6162
3160 3197 6357
3028 3169 6197
3174 3199 6373
3041 3187 6228
3144 3162 6306
3091 3093 6184
3133 3156 6289
3006 3093 6099
3024 3108 6132
3175 3176 6351
3162 3164 6326
3186 3188 6374
3159 3195 6354
3150 3161 6311
3006 3109 6115
3019 3192 6211
3150 3200 6350
3136 3146 6282
3153 3196 6349
3145 3198 6343
3183 3192 6375
3144 3186 6330
3091 3183 6274
3127 3178 6305
3023 3025 6048
3023 3096 6119
3130 3132 6262
3075 3140 6215
3017 3175 6192
3050 3139 6189
3173 3183 6356
3163 3199 6362
3180 3187 6367
3129 3146 6275
3088 3169 6257
3027 3191 6218
3064 3131 6195
3012 3089 6101
3159 3194 6353
3196 3199 6395
3108 3135 6243
3001 3128 6129
3000 3194 6194
3142 3167 6309
3027 3064 6091
3161 3167 6328
3132 3165 6297
3193 3198 6391
3008 3096 6104
3139 3145 6284
3069 3176 6245
3136 3196 6332
3022 3055 6077
3008 3167 6175
3086 3091 6177
3190 3198 6388
3053 3170 6223
3040 3048 6088
3047 3169 6216
3109 3149 6258
3042 3073 6115
3188 3200 6388
3175 3181 6356
3188 3200 6388
3117 3119 6236
3093 3156 6249
3143 3154 6297
3025 3190 6215
3145 3169 6314
3108 3136 6244
3044 3167 6211
3039 3133 6172
3119 3199 6318
3140 3187 6327
3036 3182 6218
3049 3194 6243
3155 3168 6323
3060 3077 6137
3197 3198 6395
3199 3200 6399
3074 3127 6201
3193 3195 6388
3082 3150 6232
3112 3165 6277
3043 3115 6158
3115 3179 6294
3119 3185 6304
3016 3120 6136
3166 3173 6339
3062 3137 6199
3038 3050 6088
3115 3163 6278
3178 3189 6367
3131 3182 6313
3106 3160 6266
3002 3070 6072
3027 3047 6074
3031 3062 6093
3035 3117 6152
3108 3199 6307
3107 3132 6239
3180 3196 6376
3011 3088 6099
3041 3137 6178
3032 3200 6232
3103 3183 6286
3001 3056 6057
3099 3171 6270
3190 3199 6389
3106 3141 6247
3035 3103 6138
3030 3081 6111
3198 3199 6397
3033 3179 6212
3040 3058 6098
3048 3179 6227
3046 3053 6099
3010 3190 6200
3158 3197 6355
3172 3177 6349
3010 3088 6098
3176 3185 6361
3033 3192 6225
3003 3024 6027
3075 3117 6192
3104 3115 6219
3125 3152 6277
3107 3137 6244
3014 3143 6157
3040 3168 6208
3165 3178 6343
3053 3100 6153
3000 3172 6172
3188 3197 6385
3173 3199 6372
3001 3154 6155
3096 3110 6206
3019 3185 6204
3052 3164 6216
3124 3161 6285
3110 3158 6268

4004 4184 8171
4187 4195 8365
4023 4068 8056
4077 4079 8144
4149 4172 8282
4065 4191 8227
4004 4061 8053
4009 4170 8142
4100 4160 8221
4094 4159 8219
4164 4167 8315
4074 4118 8162
4154 4195 8315
4085 4100 8161
4143 4144 8282
4168 4182 8327
4195 4196 8353
4048 4160 8191
4001 4012 8004
4177 4190 8334
4086 4111 8190
4006 4061 8037
4035 4085 8098
4006 4170 8139
4165 4198 8324
4029 4177 8193
4123 4194 8309
4180 4190 8332
4136 4180 8280
4129 4149 8256
4101 4136 8230
4197 4198 8375
4029 4059 8054
4109 4126 8202
4075 4141 8185
4168 4181 8342
4066 4126 8157
4194 4199 8367
4068 4101 8160
4014 4131 8131
4110 4157 8257
4189 4195 8378
4081 4104 8166
4054 4144 8168
4139 4166 8278
4077 4182 8258
4189 4190 8342
4139 4157 8258
4160 4168 8323
4189 4200 8376
4132 4193 8297
4011 4182 8163
4119 4133 8234
4086 4117 8192
4108 4199 8291
4011 4047 8033
4114 4121 8215
4144 4165 8275
4140 4182 8303
4033 4137 8156
4122 4164 8250
4082 4161 8241
4058 4180 8210
4034 4145 8158
4130 4146 8265
4088 4193 8278
4080 4168 8214
4052 4167 8193
4016 4146 8127
4059 4188 8226
4137 4181 8293
4046 4057 8092
4046 4187 8217
4199 4200 8382
4144 4160 8286
4134 4150 8246
4192 4194 8378
4096 4130 8219
4066 4151 8193
4059 4160 8205
4006 4010 7981
4150 4158 8294
4069 4148 8182
4116 4134 8241
4188 4190 8360
4163 4187 8337
4127 4158 8246
4176 4200 8374
4112 4138 8212
4114 4183 8269
4139 4177 8283
4191 4198 8382
4124 4190 8308
4162 4164 8291
4114 4182 8281
4128 4197 8303
4003 4125 8104
4098 4165 8245
4062 4093 8144
4172 4182 8326
4040 4181 8211
4022 4149 8158
4156 4164 8283
4122 4136 8231
4069 4087 8127
4010 4188 8184
4042 4096 8135
4172 4197 8353
4001 4147 8132
4175 4176 8343
4030 4127 8150
4121 4150 8251
4189 4196 8359
4188 4190 8365
4122 4167 8254
4124 4135 8222
4088 4195 8270
4166 4175 8323
4116 4155 8240
4101 4183 8257
4065 4077 8141
4089 4180 8231
4186 4192 8354
4118 4142 8243
4196 4198 8368
4185 4194 8376
4053 4167 8213
4144 4171 8312
4097 4142 8212
4076 4196 8260
4053 4079 8097
4014 4180 8182
4049 4139 8162
4050 4081 8106
4165 4182 8333
4121 4180 8269
4193 4196 8362
4136 4175 8276
4007 4136 8108
4070 4166 8222
4020 4056 8044
4184 4195 8342
4035 4116 8135
4021 4072 8061
4012 4045 8046
4149 4165 8302
4116 4194 8271
4146 4171 8289
4080 4156 8219
4029 4118 8142
4163 4194 8336
4113 4176 8284
4164 4183 8341
4143 4163 8302
4151 4163 8298
4061 4105 8141
4133 4200 8313
4079 4149 8193
4061 4137 8186
4137 4138 8247
4043 4140 8178
4183 4185 8366
4068 4192 8242
4050 4197 8229
4059 4123 8175
4047 4065 8107
4164 4194 8326
4124 4195 8282
4021 4196 8205
4144 4153 8265
4119 4137 8251
4116 4189 8297
4115 4192 8296
4173 4188 8347
4024 4184 8197
4150 4177 8299
4171 4181 8350
4106 4167 8250
4018 4190 8197
4079 4086 8130
4030 4131 8144
4033 4070 8092
4148 4185 8304
4044 4080 8090
4153 4189 8329
4107 4163 8261
4052 4124 8141
4180 4182 8357
4028 4196 8209
4076 4158 8203
4176 4190 8343
4100 4139 8220
4129 4194 8307
4033 4073 8084
4164 4186 8342
4033 4172 8190
4119 4191 8276
4197 4199 8392
4048 4179 8218
4043 4151 8156
4006 4040 8010
4129 4163 8254
4034 4179 8206
4047 4194 8230
4181 4182 8334
4124 4184 8283
4004 4054 8045
4132 4156 8250
4178 4185 8339
4020 4111 8114
4078 4154 8214
4098 4182 8270
4041 4200 8218
4027 4096 8101
4182 4194 8375
4056 4163 8185
4097 4176 8258
4037 4200 8235
4183 4188 8339
4021 4029 8020
4083 4194 8240
4184 4194 8355
4039 4106 8113
4192 4199 8366
4027 4134 8144
4100 4180 8255
4045 4080 8121
4099 4103 8185
4084 4144 8209
4052 4137 8184
4075 4145 8182
4157 4189 8316
4190 4197 8382
4109 4160 8250
4119 4182 8278
4014 4161 8142
4018 4071 8062
4103 4153 8248
4144 4156 8272
4024 4172 8172
4170 4195 8344
4009 4144 8117
4118 4169 8270
4132 4172 8293
4018 4166 8147
4170 4179 8340
4035 4153 8163
4042 4179 8215
4179 4192 8344
4044 4152 8171
4152 4187 8312
4141 4172 8291
4065 4117 8179
4083 4115 8176
4082 4194 8254
4134 4165 8282
4034 4036 8049
4182 4189 8354
4023 4159 8146
4031 4076 8073
4178 4188 8354
4076 4165 8210
4131 4195 8319
4074 4192 8246
4100 4135 8218
4123 4198 8299
4055 4060 8089
4019 4130 8120
4099 4136 8197
4140 4149 8270
4140 4183 8321
4050 4133 8170
4130 4197 8317
4051 4125 8167
4076 4176 8218
4157 4193 8338
4072 4175 8227
4061 4083 8126
4041 4191 8211
4197 4199 8366
4071 4173 8221
4034 4159 8158
4145 4160 8276
4119 4146 8241
4046 4055 8090
4197 4198 8381
4065 4076 8119
4118 4173 8272
4093 4157 8247
4169 4200 8362
4025 4180 8179
4030 4090 8100
4161 4166 8304
4006 4070 8051
4161 4200 8325
4139 4160 8267
4049 4064 8079
4171 4189 8342
4098 4158 8253
4043 4181 8206
4095 4195 8268
4181 4183 8330
4184 4194 8355
4097 4151 8221
4098 4159 8248
4145 4200 8315
4166 4191 8333
4196 4199 8378
4011 4181 8156
4174 4189 8329
4025 4105 8092
4111 4182 8276
4030 4056 8066
4198 4200 8366
4025 4115 8108
4009 4050 8022
4171 4178 8332
4086 4198 8249
4076 4117 8182
4127 4131 8255
4005 4018 8008
4003 4169 8167
4021 4029 8022
4111 4180 8252
4130 4159 8276
4016 4136 8146
4109 4157 8252
4160 4189 8346
4171 4197 8352
4109 4184 8271
4184 4195 8344
4152 4182 8302
4151 4165 8306
4073 4131 8194
4059 4070 8099
4118 4176 8284
4003 4196 8193
4082 4111 8183
4180 4195 8372
4121 4199 8319
4019 4066 8050
4156 4164 8294
4178 4184 8342
4008 4139 8141
4199 4200 8397
4056 4066 8115
4199 4200 8389
4019 4152 8159
4047 4194 8229
4022 4162 8180
4098 4150 8242
4017 4151 8146
4088 4103 8175
4158 4174 8309
4025 4098 8110
4107 4151 8244
4052 4169 8211
4091 4097 8183
4174 4175 8345
4008 4185 8178
4188 4189 8342
4049 4147 8162
4161 4166 8308
4162 4199 8358
4113 4183 8283
4040 4192 8207
4182 4185 8336
4001 4032 8014
4019 4039 8035
4112 4125 8214
4024 4062 8082
4158 4180 8323
4081 4189 8250
4127 4134 8249
4118 4124 8226
4113 4135 8216
4042 4106 8143
4048 4163 8183
4020 4138 8145
4038 4109 8134
4058 4070 8095
4014 4178 8162
4045 4048 8062
4174 4185 8353
4017 4124 8108
4057 4086 8122
4030 4153 8152
4162 4186 8346
4096 4125 8211
4191 4193 8370
4158 4175 8296
4060 4194 8221
4004 4166 8132
4095 4127 8218
4020 4032 8032
4137 4142 8252
4031 4120 8139
4114 4179 8261
4130 4164 8291
4097 4106 8185
4117 4167 8271
4138 4163 8277
4112 4147 8228
4008 4111 8108
4052 4164 8212
4015 4128 8121
4187 4191 8366
4114 4187 8278
4039 4101 8103
4006 4123 8115
4120 4181 8270
4138 4169 8299
4189 4197 8347
4180 4191 8355
4187 4194 8351
4147 4199 8345
4149 4154 8276
4188 4198 8351
4076 4120 8161
4107 4108 8199
4100 4149 8229
4013 4036 8041
4051 4122 8147
4052 4108 8138
4146 4161 8286
4007 4198 8185
4099 4180 8247
4052 4122 8139
4057 4188 8213
4063 4184 8218
4037 4111 8147
4054 4125 8160
4046 4184 8228
4192 4198 8367
4006 4090 8067
4194 4197 8355
4021 4071 8065
4156 4174 8300
4195 4200 8360
4066 4127 8183
4031 4135 8150
4122 4189 8310
4106 4195 8279
4070 4101 8169
4127 4171 8283
4178 4183 8355
4093 4147 8237
4123 4174 8281
4062 4189 8230
4055 4071 8114
4179 4193 8358
4086 4141 8203
4042 4124 8163
4195 4200 8380
4142 4167 8304
4055 4136 8185
4062 4162 8208
4105 4138 8205
4076 4082 8145
4003 4012 7996
4181 4184 8333
4103 4183 8264
4135 4183 8291
4193 4196 8353
4112 4121 8223
4026 4143 8164
4176 4178 8340
4018 4166 8179
4050 4135 8156
4094 4194 8281
4108 4181 8270
4122 4158 8243
4138 4149 8272
4141 4198 8300
4068 4149 8202
4171 4178 8334
4128 4142 8263
4006 4102 8087
4026 4034 8035
4180 4192 8343
4123 4176 8268
4026 4029 8045
4098 4175 8241
4060 4150 8184
4002 4190 8184
4187 4194 8353
4111 4180 8275
4005 4047 8038
4048 4137 8147
4166 4188 8337
4048 4053 8081
4135 4187 8316
4061 4116 8164
4050 4192 8223
4186 4192 8340
4026 4089 8114
4074 4181 8231
4016 4119 8114
4039 4060 8077
4096 4173 8231
4037 4076 8112
4045 4116 8125
4054 4127 8163
4169 4195 8355
4102 4114 8203
4101 4149 8247
4036 4095 8102
4192 4199 8361
4089 4171 8225
4106 4182 8286
4044 4156 8177
4102 4107 8200
4148 4197 8311
4157 4174 8304
4106 4148 8228
4005 4057 8025
4026 4127 8150
4140 4167 8303
4070 4161 8214
4071 4090 8137
4025 4107 8120
4052 4074 8125
4151 4186 8315
4072 4083 8138
4160 4197 8354
4032 4066 8091
4044 4169 8183
4000 4133 8127
4109 4166 8236
4034 4199 8202
4090 4166 8228
4165 4193 8326
4182 4196 8350
4033 4097 8097
4195 4197 8355
4056 4142 8162
4021 4077 8065
4163 4190 8331
4188 4192 8343
4166 4170 8319
4137 4180 8295
4157 4179 8323
4065 4102 8147
4002 4094 8084
4178 4187 8346
4160 4199 8348
4188 4195 8375
4112 4123 8222
4068 4147 8185
4181 4193 8359
4122 4140 8242
4021 4080 8095
4064 4095 8143
4156 4169 8323
4000 4185 8166
4157 4188 8338
4143 4163 8298
4049 4199 8243
4159 4188 8310
4164 4186 8341
4015 4173 8180
4168 4191 8352
4003 4085 8070
4073 4144 8186
4187 4192 8347
4090 4134 8209
4113 4148 8248
4103 4115 8211
4174 4199 8362
4048 4135 8160
4177 4193 8353
4045 4174 8192
4008 4030 8014
4078 4163 8238
4002 4102 8067
4160 4178 8325
4068 4163 8209
4139 4156 8263
4037 4073 8093
4190 4200 8369
4184 4196 8344
4048 4066 8076
4037 4140 8162
4086 4173 8229
4125 4177 8282
4191 4194 8346
4125 4141 8243
4047 4161 8197
4113 4156 8261
4109 4119 8201
4073 4127 8176
4029 4093 8107
4011 4096 8106
4002 4143 8121
4160 4179 8338
4019 4160 8154
4094 4159 8250
4088 4182 8261
4090 4188 8263
4125 4179 8295

0.010000 0.630000
