600
3508163
3112 3197 6309
3181 3191 6372
3079 3149 6228
3094 3177 6271
3116 3198 6314
3004 3109 6113
3083 3088 6171
3153 3198 6351
3084 3192 6276
3115 3117 6232
3061 3064 6125
3198 3199 6397
3079 3160 6239
3119 3178 6297
3017 3192 6209
3093 3109 6202
3193 3194 6387
3122 3139 6261
3001 3014 6015
3198 3200 6398
3045 3172 6217
3142 3152 6294
3185 3195 6380
3140 3186 6326
3110 3114 6224
3108 3160 6268
3190 3200 6390
3082 3143 6225
3054 3193 6247
3125 3177 6302
3056 3193 6249
3125 3184 6309
3074 3078 6152
3039 3183 6222
3010 3076 6086
3098 3174 6272
3077 3119 6196
3132 3155 6287
3015 3028 6043
3137 3172 6309
3108 3137 6245
3096 3125 6221
3007 3141 6148
3001 3004 6005
3033 3152 6185
3009 3082 6091
3193 3199 6392
3045 3051 6096
3115 3122 6237
3059 3075 6134
3051 3092 6143
3143 3183 6326
3005 3011 6016
3123 3142 6265
3031 3153 6184
3195 3199 6394
3150 3174 6324
3116 3178 6294
3160 3171 6331
3143 3191 6334
3089 3102 6191
3072 3122 6194
3005 3007 6012
3154 3200 6354
3069 3109 6178
3113 3175 6288
3164 3198 6362
3138 3197 6335
3199 3200 6399
3112 3132 6244
3075 3160 6235
3161 3166 6327
3062 3129 6191
3117 3198 6315
3178 3180 6358
3042 3134 6176
3071 3100 6171
3048 3123 6171
3100 3165 6265
3168 3197 6365
3033 3119 6152
3055 3101 6156
3024 3144 6168
3055 3144 6199
3099 3163 6262
3097 3170 6267
3026 3060 6086
3015 3027 6042
3117 3182 6299
3073 3153 6226
3167 3174 6341
3086 3191 6277
3195 3198 6393
3166 3185 6351
3080 3098 6178
3029 3179 6208
3153 3158 6311
3066 3170 6236
3094 3200 6294
3181 3195 6376
3051 3195 6246
3113 3163 6276
3047 3055 6102
3090 3128 6218
3195 3199 6394
3029 3120 6149
3174 3180 6354
3104 3163 6267
3016 3082 6098
3175 3182 6357
3001 3161 6162
3190 3192 6382
3044 3100 6144
3175 3191 6366
3127 3186 6313
3064 3151 6215
3095 3144 6239
3023 3195 6218
3065 3178 6243
3152 3191 6343
3082 3114 6196
3180 3198 6378
3115 3126 6241
3142 3192 6334
3014 3142 6156
3118 3173 6291
3105 3158 6263
3119 3190 6309
3197 3198 6395
3131 3198 6329
3094 3110 6204
3188 3196 6384
3168 3190 6358
3022 3076 6098
3010 3040 6050
3037 3138 6175
3034 3161 6195
3117 3160 6277
3036 3128 6164
3005 3024 6029
3093 3153 6246
3147 3186 6333
3080 3186 6266
3054 3183 6237
3195 3199 6394
3018 3172 6190
3074 3095 6169
3128 3189 6317
3096 3181 6277
3053 3152 6205
3172 3174 6346
3005 3145 6150
3069 3121 6190
3108 3140 6248
3147 3154 6301
3041 3198 6239
3015 3114 6129
3097 3142 6239
3128 3147 6275
3040 3109 6149
3121 3150 6271
3138 3147 6285
3029 3066 6095
3183 3193 6376
3087 3092 6179
3184 3198 6382
3030 3067 6097
3087 3170 6257
3196 3197 6393
3039 3126 6165
3146 3165 6311
3119 3126 6245
3189 3195 6384
3006 3167 6173
3186 3191 6377
3113 3187 6300
3015 3053 6068
3152 3166 6318
3088 3112 6200
3168 3179 6347
3134 3138 6272
3187 3198 6385
3091 3099 6190
3088 3125 6213
3048 3181 6229
3098 3101 6199
3017 3020 6037
3173 3195 6368
3072 3152 6224
3054 3066 6120
3157 3171 6328
3016 3068 6084
3167 3190 6357
3161 3183 6344
3012 3093 6105
3150 3179 6329
3039 3172 6211
3125 3144 6269
3034 3200 6234
3107 3119 6226
3073 3190 6263
3186 3187 6373
3026 3117 6143
3183 3188 6371
3193 3198 6391
3047 3069 6116
3149 3152 6301
3168 3200 6368
3016 3138 6154
3018 3102 6120
3129 3171 6300
3000 3115 6115
3010 3026 6036
3050 3084 6134
3126 3164 6290
3151 3186 6337
3169 3185 6354
3028 3161 6189
3084 3116 6200
3155 3185 6340
3153 3178 6331
3061 3128 6189
3057 3161 6218
3150 3191 6341
3148 3191 6339
3007 3154 6161
3089 3182 6271
3001 3068 6069
3025 3175 6200
3095 3158 6253
3102 3108 6210
3008 3135 6143
3176 3195 6371
3054 3075 6129
3074 3156 6230
3197 3199 6396
3089 3143 6232
3054 3127 6181
3098 3117 6215
3056 3099 6155
3189 3195 6384
3191 3200 6391
3133 3151 6284
3199 3200 6399
3156 3185 6341
3114 3167 6281
3173 3177 6350
3163 3169 6332
3136 3181 6317
3044 3152 6196
3149 3184 6333
3067 3181 6248
3129 3172 6301
3079 3177 6256
3178 3187 6365
3027 3102 6129
3035 3138 6173
3021 3054 6075
3150 3153 6303
3111 3171 6282
3140 3182 6322
3062 3078 6140
3074 3171 6245
3045 3154 6199
3130 3134 6264
3108 3154 6262
3092 3194 6286
3153 3189 6342
3196 3197 6393
3164 3188 6352
3113 3122 6235
3036 3115 6151
3047 3060 6107
3183 3200 6383
3077 3197 6274
3039 3119 6158
3003 3085 6088
3041 3141 6182
3080 3120 6200
3035 3176 6211
3166 3197 6363
3098 3194 6292
3018 3043 6061
3084 3095 6179
3033 3091 6124
3186 3196 6382
3001 3056 6057
3072 3176 6248
3178 3196 6374
3114 3160 6274
3058 3199 6257
3082 3186 6268
3185 3196 6381
3080 3086 6166
3014 3057 6071
3019 3175 6194
3078 3200 6278
3019 3160 6179
3127 3145 6272
3074 3186 6260
3067 3096 6163
3096 3191 6287
3171 3181 6352
3107 3182 6289
3077 3129 6206
3043 3162 6205
3111 3116 6227
3150 3173 6323
3080 3162 6242
3113 3184 6297
3159 3184 6343
3025 3127 6152
3091 3169 6260
3076 3181 6257
3140 3187 6327
3040 3051 6091
3001 3021 6022
3048 3126 6174
3127 3195 6322
3123 3189 6312
3009 3017 6026
3006 3055 6061
3085 3189 6274
3176 3181 6357
3120 3168 6288
3191 3192 6383
3043 3188 6231
3042 3145 6187
3045 3199 6244
3155 3163 6318
3195 3199 6394
3010 3119 6129
3149 3156 6305
3194 3197 6391
3134 3145 6279
3012 3076 6088
3055 3082 6137
3090 3111 6201
3092 3143 6235
3061 3131 6192
3082 3085 6167
3065 3110 6175
3074 3096 6170
3131 3178 6309
3126 3137 6263
3068 3127 6195
3171 3184 6355
3101 3145 6246
3096 3104 6200
3017 3116 6133
3050 3168 6218
3196 3198 6394
3009 3125 6134
3114 3165 6279
3006 3120 6126
3154 3197 6351
3040 3124 6164
3091 3135 6226
3103 3133 6236
3138 3156 6294
3134 3166 6300
3061 3155 6216
3055 3084 6139
3071 3124 6195
3059 3167 6226
3186 3195 6381
3124 3171 6295
3072 3142 6214
3071 3115 6186
3044 3111 6155
3020 3178 6198
3028 3031 6059
3138 3158 6296
3049 3153 6202
3049 3146 6195
3034 3156 6190
3135 3141 6276
3033 3111 6144
3040 3169 6209
3124 3155 6279
3118 3123 6241
3164 3193 6357
3020 3104 6124
3021 3148 6169
3178 3198 6376
3197 3198 6395
3111 3115 6226
3000 3106 6106
3074 3130 6204
3090 3122 6212
3131 3194 6325
3106 3117 6223
3002 3197 6199
3080 3121 6201
3109 3140 6249
3130 3155 6285
3012 3135 6147
3153 3186 6339
3051 3162 6213
3055 3120 6175
3163 3165 6328
3129 3136 6265
3168 3188 6356
3002 3009 6011
3008 3040 6048
3074 3146 6220
3165 3175 6340
3158 3182 6340
3000 3157 6157
3036 3053 6089
3049 3143 6192
3197 3200 6397
3132 3135 6267
3113 3140 6253
3043 3148 6191
3068 3091 6159
3091 3190 6281
3079 3182 6261
3055 3077 6132
3097 3108 6205
3013 3089 6102
3158 3187 6345
3088 3195 6283
3163 3165 6328
3121 3199 6320
3060 3115 6175
3196 3200 6396
3123 3129 6252
3121 3136 6257
3199 3200 6399
3021 3141 6162
3073 3127 6200
3083 3126 6209
3042 3155 6197
3078 3112 6190
3161 3190 6351
3083 3126 6209
3067 3146 6213
3124 3185 6309
3039 3191 6230
3046 3057 6103
3076 3144 6220
3176 3194 6370
3136 3158 6294
3066 3197 6263
3176 3193 6369
3017 3020 6037
3123 3179 6302
3012 3130 6142
3056 3159 6215
3174 3184 6358
3055 3115 6170
3050 3130 6180
3182 3197 6379
3052 3102 6154
3198 3200 6398
3042 3043 6085
3185 3194 6379
3196 3200 6396
3177 3196 6373
3097 3199 6296
3074 3128 6202
3193 3200 6393
3182 3183 6365
3136 3166 6302
3046 3109 6155
3176 3197 6373
3111 3114 6225
3187 3200 6387
3108 3156 6264
3192 3195 6387
3189 3197 6386
3020 3149 6169
3153 3160 6313
3139 3171 6310
3180 3191 6371
3015 3186 6201
3186 3192 6378
3133 3176 6309
3080 3119 6199
3087 3133 6220
3097 3146 6243
3108 3132 6240
3144 3198 6342
3040 3046 6086
3035 3114 6149
3168 3185 6353
3113 3143 6256
3102 3108 6210
3144 3174 6318
3165 3178 6343
3150 3188 6338
3053 3091 6144
3188 3197 6385
3183 3184 6367
3117 3167 6284
3074 3084 6158
3174 3179 6353
3052 3116 6168
3189 3192 6381
3082 3132 6214
3198 3199 6397
3183 3200 6383
3199 3200 6399
3048 3170 6218
3076 3165 6241
3132 3198 6330
3170 3190 6360
3140 3154 6294
3190 3191 6381
3135 3141 6276
3147 3185 6332
3105 3129 6234
3033 3163 6196
3137 3138 6275
3029 3092 6121
3176 3194 6370
3076 3174 6250
3133 3154 6287
3188 3198 6386
3084 3124 6208
3192 3200 6392
3031 3197 6228
3160 3178 6338
3165 3167 6332
3036 3055 6091
3198 3200 6398
3023 3152 6175
3128 3192 6320
3064 3073 6137
3076 3182 6258
3091 3101 6192
3117 3141 6258
3088 3186 6274
3011 3146 6157
3174 3192 6366
3170 3193 6363
3083 3160 6243
3017 3116 6133
3139 3144 6283
3169 3172 6341
3028 3168 6196
3159 3184 6343
3142 3176 6318
3045 3187 6232
3040 3166 6206
3086 3132 6218
3038 3077 6115
3146 3166 6312
3185 3200 6385
3002 3063 6065
3017 3036 6053
3157 3169 6326
3058 3174 6232
3131 3159 6290
3120 3160 6280
3176 3185 6361
3131 3190 6321
3072 3185 6257
3092 3144 6236
3050 3062 6112
3158 3169 6327
3023 3138 6161
3041 3173 6214
3151 3183 6334
3186 3187 6373
3075 3131 6206
3194 3195 6389
3147 3163 6310
3025 3180 6205
3036 3182 6218
3013 3051 6064
3093 3182 6275
3189 3197 6386
3133 3157 6290
3096 3186 6282
3161 3171 6332
3191 3194 6385
3113 3187 6300
3026 3068 6094
3069 3198 6267
3130 3185 6315
3118 3153 6271
3070 3101 6171
3000 3181 6181
3005 3122 6127
3175 3183 6358
3006 3103 6109
3095 3155 6250
3071 3168 6239
3028 3038 6066
3092 3123 6215
3074 3187 6261
3064 3152 6216
3109 3148 6257
3190 3198 6388
3070 3096 6166
3117 3142 6259
3030 3128 6158
3019 3082 6101

4185 4191 8365
4042 4077 8081
4093 4156 8244
4145 4191 8330
4033 4069 8090
4090 4157 8211
4108 4178 8262
4185 4196 8354
4043 4162 8202
4019 4088 8080
4136 4184 8288
4036 4112 8134
4061 4156 8214
4097 4122 8215
4050 4165 8211
4154 4177 8328
4007 4027 8012
4059 4182 8220
4104 4132 8217
4139 4164 8280
4053 4104 8144
4097 4132 8206
4062 4165 8209
4151 4161 8274
4148 4171 8317
4192 4197 8350
4070 4100 8154
4112 4164 8260
4001 4004 7996
4139 4154 8262
4051 4163 8210
4125 4162 8255
4061 4170 8206
4044 4200 8213
4139 4161 8265
4019 4038 8030
4141 4172 8285
4019 4040 8021
4182 4188 8348
4126 4199 8295
4048 4096 8125
4094 4197 8254
4041 4123 8151
4101 4165 8265
4090 4193 8275
4057 4145 8189
4160 4171 8292
4127 4184 8284
4088 4180 8263
4015 4181 8170
4147 4165 8284
4088 4116 8190
4197 4198 8381
4057 4195 8227
4007 4161 8159
4176 4190 8357
4140 4149 8265
4165 4170 8331
4056 4190 8227
4021 4093 8111
4110 4199 8272
4011 4192 8191
4069 4142 8202
4047 4171 8198
4030 4055 8058
4028 4138 8138
4036 4060 8089
4156 4174 8309
4090 4187 8270
4107 4166 8262
4175 4177 8330
4077 4197 8237
4021 4059 8061
4176 4194 8336
4134 4199 8328
4120 4200 8296
4058 4140 8185
4138 4198 8320
4151 4181 8303
4046 4192 8213
4091 4189 8270
4084 4178 8246
4051 4180 8204
4032 4153 8156
4074 4136 8198
4155 4173 8303
4194 4197 8369
4109 4135 8240
4096 4185 8250
4014 4033 8032
4194 4200 8372
4015 4048 8046
4148 4161 8301
4142 4180 8302
4147 4176 8318
4095 4146 8213
4165 4180 8319
4016 4105 8114
4086 4185 8262
4085 4180 8262
4098 4193 8267
4169 4186 8337
4063 4145 8198
4195 4197 8386
4161 4169 8294
4049 4151 8166
4151 4197 8335
4116 4132 8229
4063 4072 8109
4034 4153 8168
4071 4172 8233
4161 4165 8324
4071 4084 8123
4194 4200 8355
4034 4184 8204
4179 4183 8326
4183 4195 8367
4198 4200 8379
4105 4174 8270
4151 4175 8315
4150 4163 8279
4170 4191 8336
4180 4187 8364
4119 4175 8289
4034 4105 8112
4046 4100 8124
4190 4192 8366
4045 4099 8143
4008 4165 8171
4010 4092 8081
4090 4105 8160
4133 4184 8312
4037 4076 8085
4005 4183 8164
4029 4200 8208
4091 4104 8166
4076 4110 8148
4001 4058 8029
4084 4197 8254
4009 4132 8140
4016 4187 8168
4171 4192 8334
4143 4158 8292
4005 4058 8047
4157 4198 8336
4049 4161 8192
4110 4163 8270
4042 4148 8182
4033 4115 8115
4052 4061 8108
4162 4183 8322
4150 4153 8268
4112 4140 8229
4176 4197 8368
4142 4148 8262
4084 4094 8141
4072 4101 8166
4122 4169 8267
4046 4194 8203
4090 4110 8164
4138 4165 8272
4081 4125 8186
4176 4198 8336
4189 4200 8359
4161 4170 8324
4143 4176 8295
4171 4172 8325
4187 4196 8354
4007 4163 8150
4160 4186 8315
4021 4052 8043
4088 4196 8267
4150 4183 8326
4059 4110 8154
4041 4077 8104
4029 4157 8155
4012 4028 8025
4026 4078 8098
4087 4144 8217
4093 4153 8239
4194 4197 8357
4140 4149 8263
4134 4199 8323
4073 4133 8182
4126 4168 8260
4082 4134 8203
4095 4126 8216
4167 4177 8323
4190 4200 8382
4025 4062 8051
4107 4108 8192
4102 4117 8192
4168 4196 8353
4045 4165 8208
4064 4189 8219
4180 4187 8363
4048 4133 8155
4135 4173 8302
4095 4178 8237
4091 4116 8192
4065 4182 8246
4031 4035 8056
4113 4154 8254
4073 4076 8139
4183 4184 8351
4068 4144 8191
4011 4101 8095
4095 4191 8261
4100 4162 8227
4107 4185 8287
4135 4159 8293
4107 4118 8187
4185 4192 8358
4174 4176 8339
4068 4186 8252
4033 4049 8063
4134 4138 8253
4079 4177 8222
4089 4108 8175
4087 4192 8271
4101 4188 8256
4141 4199 8307
4045 4188 8230
4136 4155 8256
4084 4175 8225
4053 4163 8198
4074 4121 8182
4163 4188 8338
4129 4173 8269
4189 4195 8370
4122 4137 8221
4092 4106 8172
4099 4173 8262
4188 4191 8363
4106 4124 8213
4083 4086 8160
4189 4195 8375
4093 4195 8261
4046 4188 8207
4051 4192 8227
4093 4176 8268
4085 4116 8190
4084 4093 8163
4157 4177 8307
4046 4130 8146
4058 4070 8097
4158 4170 8309
4062 4130 8172
4090 4175 8261
4063 4075 8108
4066 4077 8122
4093 4197 8259
4005 4114 8107
4005 4142 8110
4107 4174 8262
4097 4154 8239
4109 4157 8245
4003 4055 8033
4013 4139 8148
4058 4184 8210
4021 4137 8125
4105 4128 8213
4084 4200 8265
4094 4115 8201
4059 4200 8226
4185 4191 8342
4070 4155 8217
4135 4148 8259
4128 4182 8286
4182 4198 8365
4186 4199 8362
4058 4162 8217
4032 4046 8052
4193 4200 8363
4128 4178 8278
4115 4127 8231
4170 4176 8321
4121 4137 8234
4170 4175 8326
4102 4172 8247
4146 4195 8303
4106 4177 8265
4195 4196 8370
4073 4156 8195
4084 4154 8217
4049 4105 8137
4055 4085 8108
4040 4068 8085
4131 4156 8273
4062 4126 8155
4026 4084 8076
4088 4152 8231
4091 4171 8247
4003 4029 8001
4189 4192 8346
4184 4199 8380
4067 4121 8176
4012 4045 8046
4142 4152 8277
4180 4186 8356
4111 4160 8242
4079 4088 8145
4078 4099 8169
4164 4167 8297
4156 4169 8311
4101 4110 8172
4153 4183 8330
4116 4136 8220
4004 4070 8049
4113 4179 8255
4089 4094 8180
4084 4098 8179
4156 4188 8339
4152 4161 8288
4043 4185 8221
4106 4155 8233
4012 4193 8184
4025 4149 8172
4127 4158 8269
4134 4151 8248
4079 4196 8244
4174 4196 8335
4145 4177 8292
4006 4166 8151
4131 4163 8257
4067 4165 8210
4156 4192 8329
4163 4175 8336
4114 4187 8271
4135 4136 8260
4049 4158 8197
4067 4137 8168
4002 4032 8029
4048 4191 8233
4052 4165 8196
4160 4171 8302
4113 4132 8239
4091 4176 8229
4176 4191 8355
4064 4139 8165
4012 4076 8051
4075 4184 8255
4107 4188 8293
4118 4200 8300
4114 4173 8256
4121 4142 8261
4036 4052 8074
4177 4193 8355
4180 4199 8362
4045 4140 8179
4172 4194 8333
4162 4188 8323
4184 4200 8383
4123 4197 8319
4034 4102 8128
4163 4200 8329
4181 4194 8372
4066 4099 8149
4019 4056 8055
4150 4194 8316
4193 4197 8362
4192 4197 8361
4185 4192 8347
4044 4193 8200
4153 4167 8297
4145 4154 8271
4178 4179 8335
4191 4193 8362
4184 4197 8346
4081 4195 8269
4172 4200 8337
4096 4135 8221
4147 4193 8324
4143 4149 8283
4096 4196 8287
4061 4173 8233
4116 4151 8263
4141 4188 8311
4028 4133 8153
4165 4198 8344
4101 4134 8229
4109 4177 8253
4085 4194 8272
4093 4177 8255
4046 4108 8143
4166 4185 8326
4116 4143 8227
4080 4190 8235
4138 4198 8321
4094 4146 8238
4088 4183 8264
4146 4199 8332
4135 4200 8322
4033 4108 8129
4132 4165 8271
4190 4193 8359
4068 4126 8182
4018 4159 8159
4041 4125 8139
4112 4180 8281
4056 4168 8217
4001 4057 8025
4015 4152 8151
4012 4065 8055
4016 4158 8144
4006 4156 8156
4135 4137 8245
4056 4080 8103
4192 4200 8369
4076 4161 8203
4037 4042 8064
4151 4191 8327
4037 4170 8174
4009 4017 7992
4108 4138 8241
4143 4197 8338
4002 4015 8004
4133 4146 8252
4145 4196 8339
4005 4133 8112
4185 4196 8360
4104 4125 8202
4116 4122 8206
4199 4200 8360
4172 4189 8352
4177 4188 8328
4139 4155 8256
4153 4187 8315
4140 4168 8292
4003 4141 8135
4169 4188 8347
4100 4161 8238
4049 4055 8092
4186 4189 8362
4135 4151 8263
4011 4166 8145
4075 4130 8167
4110 4160 8268
4122 4161 8249
4159 4175 8328
4144 4187 8317
4103 4157 8236
4173 4198 8342
4078 4096 8144
4143 4186 8305
4129 4167 8281
4055 4166 8213
4143 4191 8297
4091 4127 8191
4065 4150 8206
4135 4196 8319
4089 4169 8245
4155 4182 8307
4073 4144 8190
4039 4124 8155
4140 4167 8281
4177 4191 8337
4183 4186 8337
4182 4200 8361
4110 4114 8211
4081 4105 8148
4029 4074 8099
4138 4151 8272
4042 4057 8073
4156 4181 8303
4012 4124 8127
4029 4079 8100
4094 4120 8176
4005 4055 8032
4129 4152 8276
4127 4168 8286
4012 4109 8098
4179 4199 8375
4036 4151 8182
4141 4179 8309
4027 4166 8180
4152 4174 8317
4142 4158 8291
4191 4196 8377
4174 4176 8348
4057 4081 8114
4107 4111 8215
4159 4168 8306
4012 4127 8137
4071 4116 8158
4199 4200 8372
4032 4169 8200
4017 4172 8188
4053 4145 8191
4157 4189 8324
4029 4198 8197
4005 4178 8179
4185 4195 8341
4046 4128 8169
4196 4199 8361
4179 4199 8353
4104 4184 8253
4127 4167 8275
4121 4130 8247
4188 4197 8360
4037 4116 8131
4189 4190 8361
4167 4180 8321
4133 4140 8269
4170 4199 8354
4196 4199 8378
4076 4088 8152
4173 4184 8346
4090 4175 8263
4078 4141 8206
4188 4192 8341
4099 4140 8203
4181 4185 8332
4177 4195 8370
4089 4091 8166
4055 4085 8103
4141 4142 8250
4076 4124 8185
4153 4166 8283
4127 4171 8259
4112 4150 8248
4074 4181 8234
4111 4132 8230
4181 4194 8373
4038 4071 8082
4031 4054 8055
4174 4200 8339
4031 4170 8170
4125 4152 8257
4155 4178 8327
4059 4136 8157
4094 4148 8230
4187 4193 8348
4044 4052 8072
4138 4156 8273
4194 4195 8358
4060 4156 8211
4016 4061 8055
4140 4184 8322
4126 4178 8273
4036 4059 8079
4090 4115 8180
4134 4198 8319
4031 4169 8199
4110 4122 8220
4172 4179 8327
4157 4200 8354
4066 4187 8240
4125 4199 8316
4015 4042 8049
4136 4168 8273
4014 4029 8024
4098 4145 8212
4182 4188 8364
4022 4085 8086
4079 4125 8197
4175 4198 8368
4185 4186 8342
4113 4151 8239
4101 4151 8225
4052 4062 8100
4128 4166 8282
4123 4160 8251
4140 4172 8310
4096 4124 8206
4005 4084 8053
4111 4114 8206
4148 4154 8301
4033 4052 8059
4030 4134 8139
4123 4167 8254
4091 4106 8191
4150 4197 8318
4059 4141 8177
4124 4144 8236
4161 4174 8301
4196 4198 8373
4093 4103 8176
4154 4180 8315
4188 4189 8354
4040 4053 8065
4023 4049 8058
4158 4184 8328
4005 4053 8021
4196 4199 8392
4073 4175 8236
4184 4197 8367
4043 4062 8068
4157 4200 8339
4130 4182 8288
4133 4147 8268
4173 4188 8333
4123 4179 8283
4150 4156 8273
4120 4194 8297
4085 4192 8274
4018 4084 8099
4104 4114 8182
4040 4089 8091
4131 4183 8293

0.010000 0.710000
