700
3514113
3155 3189 6344
3028 3037 6065
3081 3097 6178
3018 3199 6217
3193 3200 6393
3159 3194 6353
3174 3195 6369
3161 3169 6330
3180 3188 6368
3079 3153 6232
3044 3047 6091
3133 3176 6309
3184 3191 6375
3144 3194 6338
3101 3159 6260
3193 3198 6391
3183 3200 6383
3064 3150 6214
3001 3002 6003
3084 3124 6208
3199 3200 6399
3021 3126 6147
3130 3198 6328
3052 3140 6192
3079 3149 6228
3006 3031 6037
3197 3200 6397
3153 3162 6315
3157 3177 6334
3199 3200 6399
3147 3162 6309
3139 3172 6311
3138 3164 6302
3131 3177 6308
3032 3061 6093
3197 3198 6395
3114 3121 6235
3181 3193 6374
3180 3195 6375
3174 3193 6367
3174 3180 6354
3063 3171 6234
3144 3174 6318
3077 3103 6180
3028 3133 6161
3006 3119 6125
3170 3193 6363
3132 3153 6285
3137 3158 6295
3053 3166 6219
3188 3193 6381
3136 3168 6304
3070 3125 6195
3057 3194 6251
3145 3162 6307
3047 3103 6150
3000 3067 6067
3061 3070 6131
3081 3184 6265
3122 3175 6297
3059 3108 6167
3062 3070 6132
3151 3194 6345
3005 3099 6104
3074 3136 6210
3040 3178 6218
3016 3097 6113
3196 3199 6395
3079 3096 6175
3058 3147 6205
3182 3184 6366
3008 3125 6133
3154 3170 6324
3087 3163 6250
3086 3196 6282
3074 3179 6253
3143 3174 6317
3150 3194 6344
3174 3199 6373
3191 3197 6388
3064 3109 6173
3076 3085 6161
3154 3186 6340
3060 3172 6232
3085 3137 6222
3104 3153 6257
3025 3088 6113
3011 3160 6171
3015 3052 6067
3071 3105 6176
3187 3193 6380
3182 3187 6369
3093 3138 6231
3032 3146 6178
3046 3188 6234
3155 3190 6345
3057 3146 6203
3018 3118 6136
3168 3195 6363
3184 3194 6378
3194 3200 6394
3037 3126 6163
3070 3127 6197
3152 3192 6344
3119 3170 6289
3014 3047 6061
3022 3089 6111
3054 3135 6189
3145 3174 6319
3022 3132 6154
3034 3071 6105
3081 3150 6231
3186 3194 6380
3060 3145 6205
3198 3199 6397
3000 3008 6008
3036 3078 6114
3001 3038 6039
3147 3184 6331
3168 3188 6356
3037 3145 6182
3117 3178 6295
3076 3088 6164
3019 3109 6128
3145 3183 6328
3000 3073 6073
3120 3150 6270
3083 3166 6249
3175 3200 6375
3058 3060 6118
3008 3092 6100
3015 3043 6058
3169 3194 6363
3150 3154 6304
3004 3031 6035
3100 3143 6243
3126 3172 6298
3044 3199 6243
3193 3196 6389
3095 3151 6246
3194 3195 6389
3087 3110 6197
3173 3182 6355
3154 3165 6319
3023 3081 6104
3166 3186 6352
3165 3185 6350
3061 3091 6152
3125 3176 6301
3069 3189 6258
3086 3148 6234
3086 3127 6213
3072 3080 6152
3182 3193 6375
3195 3197 6392
3179 3196 6375
3152 3165 6317
3068 3194 6262
3165 3178 6343
3198 3199 6397
3014 3174 6188
3088 3192 6280
3145 3169 6314
3170 3191 6361
3061 3113 6174
3143 3192 6335
3046 3106 6152
3158 3163 6321
3031 3068 6099
3074 3163 6237
3054 3197 6251
3143 3190 6333
3129 3169 6298
3024 3040 6064
3151 3161 6312
3034 3171 6205
3193 3196 6389
3153 3190 6343
3121 3145 6266
3033 3082 6115
3030 3196 6226
3180 3183 6363
3026 3052 6078
3005 3049 6054
3184 3197 6381
3179 3182 6361
3112 3161 6273
3133 3154 6287
3122 3174 6296
3092 3125 6217
3142 3198 6340
3013 3189 6202
3085 3098 6183
3067 3128 6195
3138 3190 6328
3090 3119 6209
3038 3064 6102
3045 3060 6105
3030 3181 6211
3068 3105 6173
3145 3188 6333
3168 3181 6349
3085 3196 6281
3061 3081 6142
3167 3186 6353
3129 3184 6313
3128 3135 6263
3057 3135 6192
3102 3200 6302
3014 3039 6053
3089 3134 6223
3165 3194 6359
3144 3162 6306
3021 3161 6182
3016 3174 6190
3037 3148 6185
3039 3050 6089
3187 3196 6383
3083 3125 6208
3104 3144 6248
3014 3057 6071
3041 3174 6215
3082 3132 6214
3014 3192 6206
3195 3199 6394
3051 3073 6124
3100 3130 6230
3165 3179 6344
3083 3165 6248
3067 3166 6233
3091 3110 6201
3048 3170 6218
3182 3192 6374
3053 3141 6194
3183 3191 6374
3168 3184 6352
3140 3173 6313
3012 3125 6137
3041 3148 6189
3095 3156 6251
3023 3117 6140
3172 3190 6362
3174 3177 6351
3066 3143 6209
3003 3018 6021
3024 3030 6054
3110 3146 6256
3174 3176 6350
3027 3138 6165
3183 3189 6372
3181 3199 6380
3046 3061 6107
3030 3173 6203
3066 3193 6259
3186 3196 6382
3195 3197 6392
3145 3167 6312
3034 3168 6202
3133 3155 6288
3085 3128 6213
3086 3113 6199
3103 3152 6255
3070 3111 6181
3024 3097 6121
3044 3177 6221
3090 3114 6204
3099 3194 6293
3114 3187 6301
3152 3179 6331
3198 3199 6397
3089 3098 6187
3164 3190 6354
3020 3122 6142
3052 3087 6139
3103 3167 6270
3166 3190 6356
3119 3196 6315
3111 3176 6287
3167 3169 6336
3008 3038 6046
3165 3191 6356
3079 3121 6200
3101 3122 6223
3198 3200 6398
3112 3159 6271
3169 3193 6362
3157 3184 6341
3059 3127 6186
3199 3200 6399
3101 3112 6213
3055 3160 6215
3056 3131 6187
3149 3186 6335
3025 3183 6208
3006 3070 6076
3062 3189 6251
3164 3167 6331
3007 3008 6015
3137 3164 6301
3066 3172 6238
3123 3183 6306
3066 3163 6229
3145 3173 6318
3184 3194 6378
3189 3195 6384
3174 3185 6359
3188 3196 6384
3155 3176 6331
3052 3075 6127
3079 3187 6266
3112 3172 6284
3011 3090 6101
3101 3146 6247
3050 3159 6209
3156 3179 6335
3160 3163 6323
3189 3200 6389
3099 3170 6269
3035 3069 6104
3045 3077 6122
3181 3194 6375
3143 3198 6341
3074 3084 6158
3016 3020 6036
3121 3184 6305
3162 3179 6341
3011 3017 6028
3001 3038 6039
3070 3128 6198
3194 3196 6390
3186 3188 6374
3120 3170 6290
3116 3156 6272
3102 3162 6264
3183 3189 6372
3019 3163 6182
3018 3175 6193
3025 3040 6065
3197 3200 6397
3144 3149 6293
3105 3184 6289
3179 3195 6374
3043 3119 6162
3191 3197 6388
3043 3078 6121
3137 3182 6319
3081 3175 6256
3020 3195 6215
3093 3099 6192
3122 3186 6308
3164 3199 6363
3107 3154 6261
3010 3021 6031
3045 3119 6164
3180 3195 6375
3020 3169 6189
3162 3197 6359
3018 3189 6207
3069 3199 6268
3088 3146 6234
3050 3139 6189
3110 3164 6274
3125 3180 6305
3092 3151 6243
3005 3200 6205
3050 3093 6143
3117 3133 6250
3038 3125 6163
3154 3166 6320
3093 3124 6217
3115 3121 6236
3101 3111 6212
3095 3115 6210
3041 3048 6089
3159 3185 6344
3101 3147 6248
3127 3185 6312
3147 3191 6338
3060 3116 6176
3058 3136 6194
3040 3139 6179
3118 3179 6297
3025 3172 6197
3164 3196 6360
3135 3171 6306
3162 3177 6339
3055 3158 6213
3115 3153 6268
3175 3192 6367
3016 3115 6131
3197 3199 6396
3045 3159 6204
3055 3145 6200
3145 3169 6314
3082 3180 6262
3158 3185 6343
3076 3151 6227
3063 3153 6216
3027 3130 6157
3119 3164 6283
3047 3167 6214
3132 3174 6306
3149 3181 6330
3121 3155 6276
3046 3068 6114
3145 3155 6300
3164 3178 6342
3131 3160 6291
3016 3042 6058
3121 3141 6262
3101 3180 6281
3178 3196 6374
3053 3190 6243
3119 3133 6252
3065 3188 6253
3016 3153 6169
3165 3171 6336
3044 3060 6104
3130 3139 6269
3175 3187 6362
3010 3060 6070
3061 3187 6248
3082 3196 6278
3199 3200 6399
3031 3162 6193
3020 3038 6058
3010 3076 6086
3150 3189 6339
3194 3198 6392
3013 3175 6188
3063 3124 6187
3111 3159 6270
3199 3200 6399
3155 3195 6350
3156 3175 6331
3190 3191 6381
3198 3199 6397
3020 3157 6177
3163 3175 6338
3147 3162 6309
3040 3162 6202
3130 3188 6318
3165 3178 6343
3108 3176 6284
3006 3103 6109
3068 3150 6218
3172 3195 6367
3199 3200 6399
3002 3194 6196
3075 3145 6220
3190 3199 6389
3031 3049 6080
3025 3064 6089
3072 3140 6212
3085 3178 6263
3054 3186 6240
3016 3041 6057
3190 3194 6384
3107 3137 6244
3124 3171 6295
3134 3188 6322
3187 3200 6387
3115 3199 6314
3007 3156 6163
3147 3165 6312
3117 3195 6312
3182 3199 6381
3147 3170 6317
3199 3200 6399
3146 3147 6293
3067 3092 6159
3019 3071 6090
3149 3194 6343
3111 3117 6228
3163 3164 6327
3032 3108 6140
3009 3113 6122
3093 3094 6187
3035 3128 6163
3193 3197 6390
3110 3158 6268
3073 3084 6157
3042 3086 6128
3099 3104 6203
3061 3190 6251
3154 3179 6333
3028 3141 6169
3018 3144 6162
3179 3200 6379
3176 3183 6359
3000 3073 6073
3161 3177 6338
3018 3060 6078
3186 3190 6376
3039 3156 6195
3173 3174 6347
3018 3136 6154
3032 3180 6212
3125 3152 6277
3024 3110 6134
3176 3196 6372
3082 3109 6191
3021 3135 6156
3197 3200 6397
3192 3199 6391
3000 3108 6108
3095 3143 6238
3126 3192 6318
3191 3197 6388
3139 3148 6287
3013 3111 6124
3150 3190 6340
3187 3197 6384
3083 3158 6241
3110 3174 6284
3027 3097 6124
3102 3134 6236
3090 3166 6256
3113 3167 6280
3107 3131 6238
3184 3190 6374
3097 3149 6246
3094 3180 6274
3099 3117 6216
3044 3100 6144
3129 3196 6325
3129 3184 6313
3147 3185 6332
3006 3072 6078
3012 3151 6163
3073 3079 6152
3013 3041 6054
3171 3188 6359
3005 3089 6094
3039 3136 6175
3199 3200 6399
3048 3108 6156
3100 3117 6217
3114 3188 6302
3191 3198 6389
3023 3141 6164
3166 3178 6344
3034 3155 6189
3030 3158 6188
3183 3192 6375
3123 3131 6254
3138 3143 6281
3047 3116 6163
3140 3152 6292
3081 3168 6249
3172 3200 6372
3081 3094 6175
3086 3129 6215
3170 3181 6351
3023 3107 6130
3131 3187 6318
3021 3173 6194
3017 3141 6158
3083 3121 6204
3144 3151 6295
3061 3078 6139
3074 3161 6235
3192 3199 6391
3090 3106 6196
3198 3199 6397
3170 3194 6364
3107 3132 6239
3155 3190 6345
3055 3079 6134
3012 3038 6050
3091 3182 6273
3049 3097 6146
3187 3188 6375
3045 3115 6160
3162 3184 6346
3001 3186 6187
3052 3130 6182
3105 3143 6248
3191 3193 6384
3088 3145 6233
3182 3185 6367
3143 3155 6298
3075 3110 6185
3005 3060 6065
3007 3179 6186
3146 3170 6316
3098 3179 6277
3178 3195 6373
3005 3042 6047
3098 3172 6270
3132 3161 6293
3083 3103 6186
3096 3156 6252
3098 3127 6225
3044 3105 6149
3064 3145 6209
3154 3175 6329
3122 3129 6251
3049 3077 6126
3032 3196 6228
3011 3171 6182
3167 3191 6358
3018 3170 6188
3014 3099 6113
3009 3052 6061
3137 3160 6297
3070 3172 6242
3136 3180 6316
3168 3180 6348
3141 3190 6331
3188 3194 6382
3060 3121 6181
3014 3193 6207
3075 3149 6224
3096 3151 6247
3181 3200 6381
3025 3083 6108
3074 3119 6193
3024 3083 6107
3046 3170 6216
3028 3095 6123
3003 3049 6052
3117 3197 6314
3094 3130 6224
3087 3178 6265
3059 3092 6151
3172 3179 6351
3125 3200 6325
3078 3088 6166
3148 3180 6328
3087 3101 6188
3006 3055 6061
3045 3076 6121
3134 3159 6293
3040 3156 6196
3156 3194 6350
3130 3177 6307
3145 3180 6325
3125 3175 6300
3017 3074 6091
3172 3179 6351
3174 3186 6360
3066 3193 6259
3108 3173 6281
3130 3167 6297
3158 3196 6354
3010 3055 6065
3058 3130 6188
3117 3123 6240
3138 3179 6317
3119 3149 6268
3073 3182 6255
3170 3181 6351
3180 3190 6370
3173 3180 6353
3112 3183 6295
3138 3170 6308
3070 3151 6221
3041 3098 6139
3026 3181 6207
3156 3185 6341
3121 3192 6313
3151 3181 6332
3092 3166 6258
3181 3194 6375
3040 3051 6091
3155 3191 6346
3141 3163 6304
3166 3178 6344
3126 3181 6307
3104 3160 6264
3133 3140 6273
3063 3114 6177
3116 3143 6259
3047 3195 6242
3160 3184 6344
3171 3185 6356
3087 3142 6229
3066 3179 6245
3189 3198 6387
3187 3194 6381
3081 3147 6228
3129 3145 6274
3113 3122 6235
3118 3144 6262
3158 3170 6328
3012 3114 6126
3145 3184 6329
3080 3150 6230
3138 3198 6336
3066 3124 6190
3112 3131 6243
3050 3141 6191
3129 3162 6291
3104 3177 6281
3116 3163 6279
3035 3100 6135
3118 3143 6261
3118 3141 6259
3151 3166 6317

4079 4171 8246
4136 4147 8265
4090 4160 8214
4118 4148 8262
4094 4115 8187
4063 4067 8112
4149 4156 8292
4005 4145 8137
4061 4169 8221
4116 4169 8269
4034 4124 8152
4018 4139 8125
4104 4121 8206
4015 4200 8187
4152 4197 8318
4119 4129 8233
4056 4085 8108
4130 4150 8260
4012 4167 8152
4097 4148 8211
4059 4198 8225
4155 4185 8326
4155 4199 8352
4181 4199 8377
4099 4138 8215
4187 4195 8381
4087 4088 8166
4116 4155 8238
4085 4174 8254
4014 4184 8170
4145 4150 8270
4149 4162 8302
4133 4182 8293
4107 4125 8198
4144 4156 8284
4027 4140 8129
4079 4088 8152
4158 4169 8289
4136 4151 8278
4022 4184 8196
4185 4198 8350
4003 4059 8042
4110 4135 8212
4005 4054 8027
4143 4163 8302
4157 4168 8322
4003 4197 8180
4084 4137 8200
4054 4157 8195
4144 4197 8321
4062 4131 8177
4161 4174 8332
4005 4033 8007
4171 4197 8344
4094 4191 8280
4013 4014 7990
4144 4166 8309
4122 4159 8272
4160 4181 8310
4097 4102 8161
4151 4178 8299
4178 4184 8360
4062 4080 8133
4151 4180 8296
4174 4178 8333
4077 4110 8173
4144 4172 8293
4170 4187 8332
4133 4199 8323
4081 4121 8173
4062 4074 8125
4071 4163 8232
4074 4087 8138
4195 4198 8390
4038 4050 8085
4045 4168 8201
4093 4113 8181
4097 4193 8281
4107 4168 8254
4003 4078 8044
4116 4174 8287
4080 4135 8195
4127 4157 8267
4185 4197 8354
4136 4172 8305
4099 4133 8194
4097 4143 8237
4129 4139 8234
4007 4176 8181
4053 4076 8125
4089 4156 8240
4055 4089 8141
4067 4096 8150
4080 4180 8241
4059 4188 8225
4029 4131 8122
4138 4175 8285
4078 4126 8194
4035 4182 8192
4044 4181 8191
4063 4070 8114
4055 4074 8111
4111 4138 8225
4112 4177 8278
4041 4056 8063
4115 4127 8225
4026 4078 8092
4058 4182 8237
4137 4189 8294
4066 4180 8221
4048 4062 8107
4172 4183 8353
4161 4189 8337
4051 4140 8155
4077 4133 8195
4135 4194 8320
4099 4145 8242
4097 4121 8215
4003 4192 8168
4184 4198 8365
4168 4185 8349
4100 4161 8254
4130 4134 8230
4197 4200 8371
4041 4163 8202
4134 4185 8308
4194 4200 8377
4130 4143 8266
4194 4200 8391
4060 4147 8204
4047 4145 8155
4017 4046 8048
4029 4064 8070
4144 4175 8302
4012 4047 8029
4064 4126 8186
4069 4154 8196
4076 4171 8210
4010 4044 8040
4036 4159 8166
4044 4117 8145
4097 4117 8179
4050 4128 8147
4014 4164 8146
4006 4068 8057
4183 4195 8364
4009 4140 8140
4021 4050 8052
4031 4085 8078
4063 4089 8117
4091 4179 8260
4100 4150 8249
4010 4137 8131
4168 4192 8341
4132 4169 8275
4172 4174 8329
4035 4144 8170
4126 4179 8275
4026 4096 8111
4189 4192 8367
4078 4101 8146
4097 4153 8213
4037 4123 8131
4072 4129 8191
4073 4140 8182
4180 4188 8337
4163 4175 8307
4048 4116 8153
4103 4185 8249
4141 4185 8317
4183 4197 8377
4018 4030 8037
4062 4171 8232
4060 4089 8128
4113 4177 8288
4051 4123 8151
4171 4198 8338
4159 4173 8296
4108 4143 8248
4096 4108 8196
4179 4183 8335
4164 4173 8300
4083 4147 8199
4155 4157 8290
4109 4168 8256
4080 4091 8138
4197 4199 8379
4076 4169 8241
4087 4100 8185
4048 4124 8135
4122 4138 8251
4173 4176 8337
4021 4120 8108
4148 4191 8317
4022 4157 8178
4171 4176 8325
4152 4154 8280
4132 4139 8243
4005 4172 8155
4104 4114 8187
4190 4197 8380
4030 4170 8199
4191 4198 8377
4190 4195 8347
4022 4031 8028
4029 4121 8129
4174 4180 8349
4193 4197 8353
4103 4180 8268
4048 4082 8097
4148 4162 8302
4163 4165 8311
4008 4156 8149
4169 4188 8333
4042 4113 8136
4126 4165 8272
4146 4166 8309
4180 4193 8334
4086 4191 8274
4117 4123 8222
4021 4084 8102
4186 4193 8366
4028 4103 8094
4179 4199 8346
4056 4158 8203
4158 4167 8302
4104 4198 8273
4152 4192 8328
4005 4108 8110
4103 4121 8190
4122 4170 8273
4008 4177 8157
4107 4182 8285
4111 4197 8305
4043 4100 8115
4046 4047 8059
4141 4165 8298
4179 4188 8364
4079 4110 8155
4185 4197 8368
4050 4162 8210
4004 4049 8025
4099 4157 8246
4165 4168 8294
4134 4158 8288
4053 4160 8187
4000 4176 8175
4181 4190 8366
4097 4177 8262
4068 4113 8152
4119 4178 8283
4110 4141 8238
4174 4178 8342
4038 4077 8099
4023 4056 8047
4127 4180 8284
4014 4090 8075
4190 4194 8351
4181 4198 8361
4032 4166 8195
4054 4134 8152
4070 4200 8269
4003 4149 8133
4192 4193 8377
4029 4095 8112
4145 4191 8309
4035 4061 8070
4163 4166 8301
4178 4184 8357
4159 4189 8315
4181 4189 8353
4163 4183 8310
4061 4067 8095
4170 4199 8335
4015 4091 8086
4157 4195 8317
4116 4190 8281
4024 4142 8148
4069 4184 8248
4151 4157 8285
4105 4145 8219
4193 4200 8391
4137 4163 8269
4089 4194 8261
4001 4124 8102
4067 4169 8202
4067 4069 8124
4169 4177 8328
4024 4094 8091
4164 4171 8321
4035 4079 8111
4139 4190 8306
4035 4080 8087
4176 4196 8363
4174 4181 8341
4183 4187 8344
4101 4113 8207
4139 4144 8272
4056 4146 8172
4157 4164 8308
4182 4185 8352
4016 4160 8144
4009 4065 8038
4158 4179 8327
4048 4157 8179
4138 4149 8259
4146 4172 8299
4140 4190 8321
4003 4073 8051
4194 4197 8385
4097 4177 8256
4166 4172 8313
4011 4058 8048
4059 4108 8142
4074 4134 8197
4124 4175 8265
4040 4140 8175
4042 4077 8089
4056 4061 8099
4184 4187 8348
4118 4142 8228
4017 4163 8175
4180 4188 8366
4112 4162 8246
4101 4119 8183
4101 4108 8177
4109 4193 8290
4143 4164 8297
4131 4137 8250
4125 4140 8257
4184 4193 8366
4091 4144 8202
4112 4124 8226
4070 4084 8121
4129 4179 8274
4164 4191 8330
4122 4181 8299
4125 4157 8254
4131 4137 8232
4194 4196 8363
4186 4189 8353
4180 4186 8347
4076 4094 8168
4008 4141 8138
4158 4187 8322
4088 4198 8276
4188 4196 8382
4104 4122 8200
4008 4110 8104
4066 4090 8122
4062 4111 8145
4014 4135 8113
4087 4142 8215
4140 4182 8321
4015 4139 8135
4137 4143 8268
4155 4158 8312
4029 4180 8196
4150 4166 8302
4118 4151 8233
4190 4192 8372
4152 4176 8315
4189 4196 8356
4175 4196 8359
4177 4192 8338
4010 4130 8138
4151 4153 8290
4067 4122 8187
4196 4198 8356
4098 4195 8272
4098 4194 8279
4175 4180 8317
4010 4048 8049
4101 4174 8258
4070 4126 8166
4198 4200 8368
4083 4168 8229
4058 4129 8164
4125 4179 8300
4125 4150 8236
4139 4148 8271
4147 4184 8327
4197 4199 8385
4057 4071 8115
4059 4132 8187
4077 4141 8201
4164 4174 8328
4044 4172 8211
4183 4186 8354
4017 4106 8094
4051 4175 8198
4125 4191 8286
4119 4136 8227
4091 4122 8188
4062 4167 8211
4063 4173 8235
4073 4189 8224
4194 4200 8366
4058 4151 8197
4020 4147 8131
4077 4195 8264
4009 4019 8026
4135 4178 8309
4019 4076 8087
4066 4172 8212
4046 4194 8227
4151 4177 8326
4176 4179 8346
4194 4200 8371
4032 4099 8127
4191 4195 8373
4162 4168 8319
4017 4153 8163
4061 4068 8128
4181 4186 8329
4114 4161 8254
4195 4200 8375
4092 4181 8246
4075 4134 8197
4138 4182 8312
4046 4124 8143
4152 4172 8298
4035 4166 8181
4003 4169 8144
4189 4195 8374
4198 4200 8376
4154 4165 8313
4116 4170 8258
4103 4114 8201
4153 4185 8324
4169 4193 8355
4063 4081 8129
4142 4176 8297
4067 4077 8121
4049 4051 8067
4005 4103 8103
4027 4103 8105
4005 4095 8082
4031 4172 8188
4181 4198 8377
4026 4150 8147
4026 4138 8129
4081 4082 8152
4105 4139 8208
4042 4056 8077
4089 4145 8212
4007 4076 8066
4073 4124 8175
4119 4139 8253
4002 4133 8121
4188 4191 8340
4107 4173 8256
4130 4142 8260
4194 4198 8374
4102 4130 8193
4122 4148 8237
4137 4197 8299
4082 4200 8245
4075 4108 8164
4014 4149 8142
4027 4096 8117
4148 4160 8279
4086 4136 8193
4004 4085 8070
4199 4200 8379
4199 4200 8375
4178 4195 8343
4159 4192 8349
4053 4070 8115
4108 4123 8229
4031 4143 8162
4183 4192 8342
4052 4086 8101
4009 4072 8062
4114 4164 8244
4048 4100 8141
4060 4068 8118
4046 4138 8181
4041 4193 8213
4190 4198 8375
4055 4190 8215
4142 4185 8305
4167 4197 8349
4046 4081 8108
4099 4192 8272
4176 4193 8365
4091 4187 8250
4080 4149 8211
4067 4153 8192
4006 4154 8144
4120 4150 8264
4108 4142 8242
4182 4200 8353
4117 4176 8276
4144 4179 8320
4043 4118 8124
4087 4111 8167
4149 4200 8341
4113 4154 8265
4015 4038 8042
4079 4196 8271
4019 4173 8188
4109 4154 8225
4140 4162 8266
4071 4145 8193
4004 4034 8023
4036 4121 8154
4104 4178 8246
4002 4104 8084
4189 4194 8358
4060 4063 8093
4176 4187 8333
4057 4121 8173
4072 4104 8139
4164 4168 8326
4133 4198 8294
4033 4172 8197
4161 4189 8341
4052 4123 8144
4070 4135 8194
4178 4195 8357
4018 4076 8073
4145 4168 8303
4032 4046 8066
4192 4199 8376
4163 4190 8321
4055 4183 8218
4075 4192 8236
4079 4141 8198
4053 4087 8125
4071 4198 8258
4022 4031 8041
4162 4192 8329
4040 4048 8050
4034 4089 8089
4077 4159 8214
4052 4071 8110
4020 4110 8129
4046 4138 8147
4193 4195 8370
4082 4130 8185
4068 4077 8120
4113 4131 8214
4176 4185 8345
4016 4140 8137
4065 4169 8214
4091 4134 8203
4086 4127 8200
4059 4153 8192
4053 4109 8148
4104 4111 8200
4044 4126 8161
4006 4126 8100
4054 4143 8165
4197 4198 8373
4096 4099 8186
4024 4035 8047
4062 4172 8200
4139 4144 8249
4189 4199 8351
4046 4150 8168
4096 4140 8206
4154 4179 8314
4171 4195 8334
4069 4083 8150
4141 4163 8284
4015 4158 8145
4178 4199 8342
4162 4192 8315
4151 4194 8330
4136 4142 8246
4114 4187 8291
4093 4117 8198
4181 4193 8347
4086 4166 8230
4094 4113 8190
4186 4194 8352
4120 4142 8239
4116 4192 8305
4170 4187 8340
4089 4091 8161
4125 4183 8280
4111 4169 8274
4018 4165 8181
4016 4052 8064
4003 4093 8067
4046 4185 8219
4189 4198 8368
4167 4197 8363
4023 4041 8037
4020 4041 8042
4137 4138 8240
4125 4128 8247
4118 4149 8255
4195 4198 8381
4136 4153 8264
4056 4170 8217
4130 4191 8305
4099 4130 8222
4155 4197 8343
4034 4103 8114
4047 4051 8072
4154 4171 8299
4013 4112 8098
4178 4198 8359
4088 4108 8173
4045 4134 8159
4162 4194 8327
4183 4186 8337
4117 4196 8283
4031 4136 8132
4129 4168 8267
4084 4166 8234
4152 4172 8298
4073 4189 8258
4168 4176 8310
4176 4193 8341
4041 4199 8219
4019 4087 8081
4143 4165 8303
4021 4168 8160
4061 4119 8166
4034 4065 8080
4199 4200 8398
4083 4186 8249
4077 4139 8180
4082 4120 8201
4163 4195 8324
4189 4194 8348
4117 4147 8246
4077 4174 8217
4015 4066 8060
4131 4150 8259
4076 4150 8198
4140 4191 8312
4144 4163 8284
4097 4173 8240
4188 4191 8375
4061 4157 8204
4140 4181 8300
4064 4103 8155
4193 4198 8372
4021 4100 8099
4083 4173 8230
4020 4199 8200
4046 4065 8086
4135 4199 8323
4133 4196 8320
4013 4127 8130
4126 4162 8279
4037 4040 8041
4070 4166 8231
4137 4158 8284
4192 4194 8371
4021 4077 8093
4183 4192 8356
4025 4062 8059
4119 4158 8245
4160 4191 8337
4045 4161 8200
4018 4046 8044
4016 4123 8115
4079 4132 8203
4095 4188 8280
4118 4167 8267
4124 4158 8244
4190 4191 8342
4108 4117 8193
4060 4129 8170
4016 4175 8160
4141 4166 8304
4115 4139 8251
4077 4155 8219
4171 4177 8317
4188 4189 8348
4064 4187 8235
4120 4191 8285
4024 4161 8167
4047 4105 8130
4146 4148 8272
4160 4170 8319
4076 4193 8249
4170 4183 8351
4193 4194 8383
4179 4188 8360
4105 4132 8216
4030 4062 8054
4056 4163 8182
4182 4191 8346
4011 4089 8091
4163 4167 8305
4022 4100 8114
4143 4169 8279
4010 4143 8140
4176 4200 8375
4092 4190 8279
4059 4123 8149
4169 4173 8303
4192 4199 8369
4017 4078 8062

0.010000 0.610000
