700
2477262
3157 3196 6353
3014 3043 6057
3196 3199 6395
3012 3199 6211
3040 3129 6169
3104 3151 6255
3006 3186 6192
3008 3105 6113
3082 3120 6202
3009 3027 6036
3041 3067 6108
3193 3194 6387
3165 3181 6346
3088 3107 6195
3045 3187 6232
3074 3080 6154
3159 3187 6346
3057 3170 6227
3191 3199 6390
3182 3194 6376
3043 3197 6240
3137 3197 6334
3066 3200 6266
3057 3121 6178
3137 3193 6330
3065 3117 6182
3032 3101 6133
3080 3136 6216
3115 3158 6273
3014 3155 6169
3145 3182 6327
3106 3115 6221
3081 3100 6181
3080 3141 6221
3178 3193 6371
3198 3200 6398
3080 3143 6223
3024 3175 6199
3137 3191 6328
3014 3146 6160
3029 3125 6154
3015 3199 6214
3096 3186 6282
3060 3152 6212
3032 3136 6168
3036 3150 6186
3151 3174 6325
3148 3196 6344
3102 3109 6211
3030 3066 6096
3071 3090 6161
3105 3136 6241
3062 3151 6213
3147 3197 6344
3036 3146 6182
3059 3080 6139
3193 3197 6390
3079 3180 6259
3098 3124 6222
3081 3200 6281
3019 3056 6075
3024 3159 6183
3147 3175 6322
3124 3170 6294
3006 3043 6049
3017 3103 6120
3006 3116 6122
3100 3169 6269
3169 3186 6355
3197 3199 6396
3052 3167 6219
3094 3160 6254
3036 3076 6112
3078 3156 6234
3039 3172 6211
3029 3137 6166
3078 3113 6191
3063 3147 6210
3068 3086 6154
3135 3174 6309
3090 3169 6259
3166 3180 6346
3074 3174 6248
3004 3097 6101
3007 3125 6132
3125 3168 6293
3178 3187 6365
3146 3193 6339
3103 3140 6243
3122 3132 6254
3025 3164 6189
3172 3178 6350
3010 3093 6103
3165 3171 6336
3003 3195 6198
3036 3072 6108
3083 3124 6207
3186 3196 6382
3018 3075 6093
3109 3116 6225
3051 3164 6215
3143 3190 6333
3175 3177 6352
3086 3099 6185
3076 3191 6267
3047 3066 6113
3192 3194 6386
3076 3150 6226
3072 3111 6183
3119 3176 6295
3058 3147 6205
3078 3189 6267
3083 3161 6244
3193 3195 6388
3160 3186 6346
3030 3126 6156
3093 3157 6250
3015 3149 6164
3028 3187 6215
3142 3169 6311
3100 3157 6257
3130 3136 6266
3037 3172 6209
3113 3128 6241
3041 3056 6097
3131 3141 6272
3178 3193 6371
3123 3186 6309
3145 3147 6292
3049 3176 6225
3197 3198 6395
3011 3178 6189
3111 3121 6232
3164 3199 6363
3018 3165 6183
3175 3189 6364
3112 3173 6285
3105 3151 6256
3082 3138 6220
3008 3139 6147
3014 3093 6107
3078 3103 6181
3146 3172 6318
3024 3066 6090
3120 3191 6311
3144 3178 6322
3129 3151 6280
3104 3108 6212
3065 3200 6265
3018 3184 6202
3042 3131 6173
3191 3199 6390
3136 3191 6327
3072 3101 6173
3166 3196 6362
3087 3158 6245
3096 3140 6236
3141 3187 6328
3054 3092 6146
3137 3169 6306
3008 3042 6050
3041 3157 6198
3127 3132 6259
3052 3101 6153
3093 3153 6246
3054 3083 6137
3085 3099 6184
3121 3143 6264
3181 3184 6365
3108 3170 6278
3044 3050 6094
3090 3101 6191
3103 3183 6286
3131 3187 6318
3149 3187 6336
3132 3136 6268
3026 3058 6084
3153 3195 6348
3190 3192 6382
3034 3121 6155
3003 3032 6035
3181 3189 6370
3173 3174 6347
3172 3176 6348
3106 3167 6273
3187 3200 6387
3117 3169 6286
3111 3197 6308
3190 3195 6385
3160 3194 6354
3176 3189 6365
3078 3192 6270
3135 3181 6316
3063 3179 6242
3071 3097 6168
3041 3193 6234
3108 3157 6265
3020 3131 6151
3073 3089 6162
3132 3140 6272
3142 3193 6335
3017 3110 6127
3088 3147 6235
3051 3077 6128
3140 3142 6282
3023 3101 6124
3001 3013 6014
3011 3108 6119
3040 3088 6128
3127 3189 6316
3021 3113 6134
3060 3102 6162
3017 3163 6180
3113 3169 6282
3091 3099 6190
3118 3176 6294
3026 3154 6180
3187 3188 6375
3136 3144 6280
3025 3182 6207
3003 3182 6185
3078 3199 6277
3177 3179 6356
3057 3169 6226
3142 3153 6295
3157 3189 6346
3199 3200 6399
3082 3115 6197
3101 3169 6270
3031 3148 6179
3164 3189 6353
3159 3199 6358
3065 3172 6237
3023 3188 6211
3197 3200 6397
3112 3125 6237
3020 3041 6061
3121 3158 6279
3168 3199 6367
3109 3119 6228
3083 3193 6276
3071 3112 6183
3015 3195 6210
3150 3159 6309
3118 3160 6278
3132 3135 6267
3093 3130 6223
3069 3094 6163
3026 3142 6168
3017 3189 6206
3176 3199 6375
3133 3161 6294
3152 3176 6328
3102 3187 6289
3048 3153 6201
3100 3113 6213
3127 3165 6292
3066 3077 6143
3118 3176 6294
3038 3154 6192
3047 3084 6131
3134 3194 6328
3103 3135 6238
3132 3149 6281
3070 3197 6267
3158 3182 6340
3195 3200 6395
3092 3105 6197
3176 3182 6358
3073 3169 6242
3033 3162 6195
3122 3151 6273
3194 3196 6390
3099 3163 6262
3133 3196 6329
3031 3078 6109
3048 3092 6140
3088 3169 6257
3004 3127 6131
3177 3191 6368
3016 3098 6114
3028 3184 6212
3198 3199 6397
3099 3190 6289
3149 3166 6315
3128 3161 6289
3036 3039 6075
3037 3108 6145
3063 3121 6184
3135 3165 6300
3180 3192 6372
3102 3127 6229
3123 3159 6282
3033 3152 6185
3155 3196 6351
3025 3189 6214
3062 3097 6159
3191 3192 6383
3178 3183 6361
3038 3152 6190
3136 3148 6284
3120 3123 6243
3171 3193 6364
3122 3185 6307
3158 3165 6323
3122 3165 6287
3045 3125 6170
3129 3162 6291
3048 3194 6242
3141 3175 6316
3030 3062 6092
3137 3178 6315
3092 3097 6189
3036 3122 6158
3136 3168 6304
3018 3030 6048
3105 3161 6266
3069 3092 6161
3047 3058 6105
3181 3188 6369
3048 3198 6246
3178 3195 6373
3041 3083 6124
3131 3184 6315
3000 3151 6151
3121 3165 6286
3110 3198 6308
3191 3196 6387
3193 3200 6393
3056 3086 6142
3018 3031 6049
3021 3063 6084
3027 3121 6148
3117 3198 6315
3088 3152 6240
3060 3100 6160
3111 3136 6247
3061 3094 6155
3097 3144 6241
3026 3135 6161
3157 3189 6346
3073 3120 6193
3013 3198 6211
3127 3166 6293
3063 3134 6197
3065 3194 6259
3000 3042 6042
3076 3103 6179
3197 3199 6396
3060 3091 6151
3176 3178 6354
3124 3184 6308
3090 3145 6235
3118 3150 6268
3165 3182 6347
3171 3177 6348
3087 3144 6231
3036 3104 6140
3018 3111 6129
3062 3068 6130
3030 3117 6147
3100 3139 6239
3027 3032 6059
3010 3198 6208
3009 3068 6077
3008 3056 6064
3071 3167 6238
3033 3164 6197
3068 3167 6235
3066 3193 6259
3040 3095 6135
3171 3172 6343
3184 3187 6371
3190 3199 6389
3007 3114 6121
3065 3145 6210
3088 3109 6197
3108 3178 6286
3005 3029 6034
3191 3192 6383
3137 3151 6288
3021 3134 6155
3111 3178 6289
3066 3076 6142
3117 3186 6303
3040 3184 6224
3025 3066 6091
3166 3190 6356
3056 3153 6209
3013 3051 6064
3182 3195 6377
3109 3171 6280
3190 3194 6384
3160 3180 6340
3093 3161 6254
3037 3170 6207
3076 3094 6170
3025 3090 6115
3104 3170 6274
3050 3131 6181
3166 3194 6360
3131 3173 6304
3097 3162 6259
3171 3195 6366
3064 3167 6231
3116 3185 6301
3166 3192 6358
3048 3106 6154
3176 3177 6353
3092 3108 6200
3006 3195 6201
3004 3200 6204
3131 3180 6311
3193 3198 6391
3028 3079 6107
3054 3097 6151
3032 3150 6182
3138 3179 6317
3099 3138 6237
3190 3196 6386
3010 3064 6074
3065 3117 6182
3065 3187 6252
3158 3195 6353
3072 3179 6251
3086 3161 6247
3041 3110 6151
3158 3199 6357
3185 3191 6376
3153 3186 6339
3091 3159 6250
3060 3107 6167
3116 3168 6284
3080 3144 6224
3070 3119 6189
3028 3124 6152
3070 3097 6167
3057 3096 6153
3097 3111 6208
3188 3197 6385
3183 3190 6373
3050 3062 6112
3069 3179 6248
3090 3106 6196
3190 3198 6388
3103 3147 6250
3095 3096 6191
3113 3137 6250
3195 3197 6392
3107 3127 6234
3108 3163 6271
3042 3092 6134
3053 3075 6128
3130 3189 6319
3053 3095 6148
3103 3145 6248
3189 3199 6388
3061 3200 6261
3005 3190 6195
3061 3070 6131
3163 3167 6330
3159 3165 6324
3096 3179 6275
3130 3170 6300
3119 3129 6248
3143 3164 6307
3198 3200 6398
3108 3145 6253
3169 3187 6356
3143 3159 6302
3063 3164 6227
3036 3045 6081
3180 3183 6363
3149 3177 6326
3097 3172 6269
3115 3152 6267
3184 3200 6384
3063 3146 6209
3104 3132 6236
3179 3193 6372
3143 3175 6318
3043 3098 6141
3044 3102 6146
3049 3157 6206
3186 3196 6382
3095 3163 6258
3057 3184 6241
3057 3161 6218
3141 3191 6332
3037 3148 6185
3194 3197 6391
3193 3200 6393
3127 3185 6312
3099 3147 6246
3039 3189 6228
3099 3132 6231
3054 3171 6225
3122 3169 6291
3129 3156 6285
3100 3187 6287
3098 3125 6223
3157 3161 6318
3122 3185 6307
3026 3091 6117
3024 3088 6112
3061 3169 6230
3002 3114 6116
3141 3173 6314
3154 3190 6344
3073 3075 6148
3103 3149 6252
3100 3163 6263
3132 3167 6299
3083 3087 6170
3076 3200 6276
3068 3092 6160
3145 3172 6317
3136 3141 6277
3109 3195 6304
3172 3192 6364
3071 3117 6188
3071 3144 6215
3089 3114 6203
3196 3198 6394
3104 3123 6227
3054 3057 6111
3032 3131 6163
3022 3038 6060
3082 3139 6221
3185 3195 6380
3183 3185 6368
3028 3166 6194
3057 3185 6242
3036 3071 6107
3185 3190 6375
3068 3111 6179
3050 3063 6113
3026 3049 6075
3104 3133 6237
3025 3079 6104
3003 3088 6091
3054 3176 6230
3100 3160 6260
3036 3147 6183
3097 3117 6214
3130 3155 6285
3146 3193 6339
3051 3121 6172
3098 3164 6262
3150 3180 6330
3137 3188 6325
3016 3160 6176
3075 3165 6240
3090 3092 6182
3112 3200 6312
3108 3181 6289
3180 3200 6380
3015 3079 6094
3075 3089 6164
3164 3190 6354
3082 3122 6204
3002 3066 6068
3024 3073 6097
3172 3173 6345
3077 3132 6209
3067 3139 6206
3124 3198 6322
3051 3058 6109
3011 3061 6072
3189 3190 6379
3027 3085 6112
3151 3159 6310
3036 3175 6211
3046 3179 6225
3023 3060 6083
3123 3164 6287
3191 3195 6386
3024 3103 6127
3168 3189 6357
3077 3084 6161
3139 3146 6285
3184 3187 6371
3053 3081 6134
3132 3157 6289
3131 3171 6302
3087 3139 6226
3129 3175 6304
3162 3189 6351
3139 3152 6291
3135 3198 6333
3129 3161 6290
3101 3155 6256
3015 3112 6127
3087 3182 6269
3052 3058 6110
3044 3193 6237
3126 3186 6312
3090 3091 6181
3131 3180 6311
3175 3194 6369
3043 3163 6206
3165 3168 6333
3139 3200 6339
3031 3153 6184
3188 3198 6386
3071 3168 6239
3129 3176 6305
3008 3016 6024
3149 3180 6329
3078 3120 6198
3133 3171 6304
3020 3143 6163
3039 3093 6132
3006 3014 6020
3033 3154 6187
3009 3101 6110
3028 3067 6095
3196 3197 6393
3075 3179 6254
3149 3165 6314
3102 3191 6293
3148 3199 6347
3008 3174 6182
3153 3172 6325
3089 3158 6247
3016 3039 6055
3179 3195 6374
3011 3090 6101
3102 3176 6278
3169 3199 6368
3158 3175 6333
3184 3192 6376
3097 3114 6211
3002 3099 6101
3080 3197 6277
3009 3032 6041
3060 3071 6131
3011 3078 6089
3128 3174 6302
3020 3102 6122
3188 3197 6385
3002 3088 6090
3136 3157 6293
3182 3199 6381
3124 3160 6284
3073 3182 6255
3005 3098 6103
3015 3190 6205
3113 3124 6237
3019 3081 6100
3093 3193 6286
3159 3191 6350
3053 3163 6216
3008 3078 6086
3121 3141 6262
3119 3156 6275
3095 3114 6209
3035 3051 6086
3021 3135 6156
3010 3158 6168
3099 3197 6296
3017 3063 6080
3181 3194 6375
3101 3114 6215
3069 3124 6193
3189 3191 6380
3035 3138 6173
3084 3106 6190
3019 3197 6216
3065 3200 6265
3021 3084 6105
3063 3186 6249
3107 3152 6259
3151 3175 6326
3083 3190 6273
3060 3167 6227
3059 3175 6234
3056 3154 6210
3089 3168 6257
3062 3084 6146
3039 3101 6140
3028 3104 6132
3105 3135 6240
3142 3189 6331
3007 3118 6125
3026 3177 6203
3197 3198 6395
3113 3196 6309
3074 3192 6266
3034 3117 6151
3003 3128 6131
3033 3189 6222
3045 3142 6187
3137 3161 6298
3001 3162 6163
3128 3165 6293
3144 3186 6330
3181 3184 6365
3154 3192 6346
3122 3176 6298

4197 4199 8388
4099 4100 8198
4103 4104 8205
4172 4180 8335
4005 4119 8107
4022 4169 8161
4137 4148 8266
4129 4141 8247
4194 4197 8371
4050 4184 8205
4185 4195 8345
4013 4024 8031
4140 4176 8285
4046 4117 8140
4136 4141 8239
4045 4123 8136
4181 4198 8361
4051 4169 8184
4104 4150 8243
4040 4079 8118
4011 4172 8165
4099 4180 8257
4174 4183 8325
4100 4125 8215
4078 4184 8248
4028 4040 8039
4029 4144 8138
4095 4134 8218
4115 4153 8257
4044 4157 8175
4012 4148 8138
4090 4099 8175
4023 4097 8117
4150 4196 8315
4034 4141 8143
4170 4183 8315
4199 4200 8398
4165 4188 8334
4161 4185 8344
4153 4155 8280
4039 4131 8158
4144 4164 8299
4168 4182 8349
4069 4111 8167
4065 4170 8229
4134 4180 8312
4117 4161 8259
4174 4196 8365
4144 4169 8296
4052 4069 8097
4131 4183 8285
4189 4192 8345
4125 4128 8245
4148 4195 8304
4023 4024 8030
4050 4121 8146
4145 4183 8290
4096 4153 8237
4161 4189 8324
4182 4196 8369
4061 4144 8183
4087 4105 8170
4089 4121 8179
4027 4185 8210
4046 4104 8149
4078 4147 8194
4047 4080 8121
4120 4191 8307
4107 4120 8205
4002 4004 7992
4175 4190 8361
4153 4194 8322
4123 4150 8238
4060 4155 8193
4068 4127 8188
4014 4132 8145
4170 4198 8361
4006 4095 8066
4107 4153 8254
4010 4087 8060
4028 4058 8050
4053 4188 8238
4163 4172 8297
4110 4119 8214
4038 4108 8128
4087 4162 8246
4124 4154 8258
4158 4163 8310
4032 4083 8081
4094 4099 8170
4101 4112 8193
4163 4167 8306
4047 4163 8181
4189 4195 8363
4042 4121 8160
4051 4180 8215
4002 4006 8007
4027 4072 8079
4069 4092 8155
4094 4185 8262
4162 4165 8301
4181 4184 8333
4060 4162 8213
4018 4132 8126
4015 4016 8025
4032 4078 8100
4139 4177 8311
4017 4079 8075
4032 4102 8133
4062 4084 8119
4194 4200 8367
4032 4107 8131
4194 4200 8363
4071 4168 8233
4041 4143 8178
4090 4142 8195
4125 4157 8249
4028 4127 8135
4195 4200 8363
4014 4196 8185
4107 4121 8223
4144 4159 8281
4033 4153 8173
4006 4062 8041
4009 4039 8023
4000 4133 8121
4080 4122 8196
4129 4149 8253
4067 4122 8173
4149 4151 8298
4157 4169 8297
4195 4196 8371
4083 4122 8175
4078 4154 8229
4143 4168 8289
4115 4131 8218
4018 4039 8035
4002 4175 8158
4197 4200 8371
4109 4118 8200
4145 4176 8310
4030 4181 8181
4010 4021 8019
4168 4190 8333
4097 4168 8260
4163 4185 8324
4005 4197 8187
4050 4181 8215
4018 4183 8163
4107 4123 8219
4069 4072 8130
4066 4155 8193
4176 4200 8343
4173 4196 8339
4109 4114 8185
4110 4150 8242
4004 4188 8164
4055 4104 8138
4027 4132 8124
4118 4185 8290
4018 4189 8195
4004 4194 8189
4031 4163 8193
4096 4126 8185
4110 4158 8242
4021 4093 8113
4162 4190 8318
4165 4189 8346
4108 4115 8215
4020 4102 8084
4092 4152 8210
4059 4089 8137
4159 4193 8346
4190 4191 8358
4130 4162 8284
4027 4145 8150
4002 4100 8089
4192 4195 8373
4151 4159 8278
4110 4161 8270
4029 4199 8195
4181 4188 8342
4154 4162 8306
4075 4119 8166
4049 4178 8190
4054 4137 8179
4168 4175 8314
4140 4194 8302
4071 4139 8175
4082 4114 8166
4147 4198 8325
4049 4117 8161
4102 4113 8214
4192 4198 8386
4067 4128 8190
4164 4193 8352
4036 4080 8078
4099 4177 8250
4163 4187 8311
4135 4189 8305
4094 4150 8235
4140 4169 8273
4095 4192 8261
4162 4177 8330
4074 4112 8180
4014 4068 8046
4148 4161 8277
4105 4108 8199
4171 4193 8342
4061 4167 8197
4175 4195 8344
4021 4050 8051
4031 4111 8133
4000 4077 8068
4106 4133 8226
4081 4171 8234
4038 4142 8170
4025 4037 8034
4084 4111 8184
4127 4151 8269
4075 4181 8230
4097 4162 8256
4088 4199 8249
4043 4056 8091
4103 4200 8268
4121 4198 8314
4177 4188 8326
4000 4062 8033
4171 4195 8341
4022 4154 8153
4075 4098 8166
4010 4099 8096
4190 4200 8389
4060 4151 8178
4077 4135 8182
4051 4094 8125
4112 4126 8225
4134 4194 8320
4094 4161 8237
4073 4112 8179
4110 4177 8258
4148 4163 8301
4197 4200 8358
4135 4163 8272
4079 4131 8181
4005 4189 8171
4156 4200 8338
4043 4165 8206
4157 4172 8326
4039 4156 8188
4023 4061 8067
4136 4163 8295
4127 4170 8293
4045 4121 8156
4169 4191 8325
4196 4198 8376
4142 4186 8293
4071 4157 8200
4192 4194 8380
4140 4160 8276
4117 4136 8227
4159 4171 8303
4170 4180 8314
4053 4143 8175
4047 4086 8122
4019 4125 8111
4199 4200 8383
4022 4107 8109
4147 4156 8281
4102 4164 8242
4081 4142 8220
4092 4176 8239
4123 4149 8243
4004 4188 8191
4000 4122 8111
4070 4186 8249
4045 4070 8098
4093 4152 8222
4050 4115 8156
4034 4110 8118
4192 4195 8362
4120 4162 8263
4146 4175 8313
4126 4184 8288
4163 4176 8338
4124 4173 8278
4096 4108 8193
4059 4156 8182
4074 4075 8124
4034 4186 8204
4145 4200 8307
4015 4110 8094
4090 4092 8144
4071 4083 8146
4128 4131 8246
4049 4173 8191
4150 4158 8284
4192 4198 8367
4189 4196 8375
4034 4087 8119
4075 4141 8204
4198 4199 8393
4132 4186 8304
4034 4066 8068
4016 4109 8119
4156 4186 8338
4129 4185 8283
4103 4181 8256
4161 4199 8350
4118 4138 8226
4042 4105 8134
4077 4126 8168
4030 4073 8092
4101 4128 8203
4109 4184 8259
4026 4195 8187
4103 4127 8208
4055 4192 8240
4043 4070 8089
4161 4170 8315
4059 4072 8095
4003 4179 8151
4196 4199 8360
4057 4104 8126
4129 4149 8251
4140 4178 8279
4181 4186 8328
4094 4095 8166
4125 4146 8248
4133 4135 8239
4031 4102 8124
4048 4186 8216
4174 4176 8323
4023 4048 8053
4017 4196 8212
4018 4065 8068
4103 4175 8267
4070 4167 8202
4024 4079 8089
4021 4189 8174
4140 4152 8261
4026 4083 8100
4165 4190 8322
4045 4150 8163
4032 4041 8070
4020 4088 8077
4096 4178 8247
4164 4193 8322
4156 4184 8305
4022 4028 8040
4003 4160 8150
4181 4187 8329
4162 4182 8318
4016 4152 8135
4097 4164 8234
4163 4182 8318
4026 4060 8058
4040 4143 8157
4064 4160 8211
4067 4170 8203
4195 4197 8378
4001 4190 8153
4108 4163 8258
4159 4161 8296
4014 4077 8077
4135 4159 8287
4014 4107 8086
4084 4098 8155
4031 4120 8137
4153 4184 8316
4053 4128 8145
4134 4168 8298
4118 4149 8247
4120 4193 8308
4099 4126 8204
4057 4101 8147
4189 4200 8350
4022 4103 8109
4018 4073 8075
4131 4188 8298
4049 4154 8173
4162 4190 8349
4112 4184 8260
4184 4193 8353
4045 4058 8089
4083 4147 8204
4096 4149 8207
4197 4200 8365
4125 4158 8258
4170 4199 8330
4130 4194 8306
4097 4137 8200
4025 4052 8062
4028 4196 8194
4062 4155 8199
4024 4043 8058
4114 4129 8230
4120 4132 8222
4148 4161 8306
4185 4187 8359
4017 4028 8042
4085 4118 8183
4175 4190 8363
4122 4149 8261
4181 4189 8354
4159 4182 8313
4099 4171 8247
4082 4095 8146
4133 4157 8252
4196 4197 8390
4148 4152 8272
4151 4160 8301
4126 4134 8244
4169 4172 8333
4081 4084 8147
4177 4186 8361
4183 4188 8364
4122 4146 8259
4168 4170 8303
4118 4173 8282
4091 4115 8182
4018 4028 8009
4075 4160 8216
4159 4189 8309
4045 4087 8119
4190 4198 8374
4131 4190 8309
4066 4140 8172
4147 4189 8297
4048 4171 8188
4187 4194 8364
4057 4086 8128
4116 4172 8284
4122 4190 8299
4152 4163 8294
4162 4189 8330
4139 4150 8274
4129 4187 8282
4167 4174 8322
4008 4154 8132
4032 4112 8118
4101 4144 8207
4190 4195 8362
4049 4051 8094
4124 4191 8289
4029 4143 8169
4072 4165 8225
4057 4101 8135
4109 4189 8264
4191 4195 8375
4155 4180 8312
4191 4198 8370
4107 4139 8234
4063 4131 8156
4139 4149 8252
4182 4195 8373
4026 4062 8075
4167 4179 8336
4148 4183 8320
4078 4101 8152
4008 4194 8194
4185 4194 8343
4147 4191 8313
4115 4140 8229
4184 4194 8347
4161 4171 8310
4166 4193 8352
4134 4145 8264
4183 4192 8339
4069 4111 8170
4149 4178 8320
4066 4177 8213
4191 4193 8371
4040 4141 8180
4040 4089 8099
4081 4166 8246
4194 4196 8382
4084 4174 8228
4051 4084 8113
4032 4167 8163
4137 4197 8303
4025 4161 8151
4119 4184 8301
4039 4154 8161
4077 4178 8220
4075 4192 8245
4106 4181 8252
4173 4183 8324
4173 4194 8364
4048 4091 8114
4105 4113 8194
4012 4105 8080
4041 4080 8105
4153 4169 8318
4020 4159 8158
4096 4128 8214
4149 4189 8302
4168 4175 8337
4098 4135 8214
4109 4127 8219
4130 4131 8258
4179 4190 8347
4070 4111 8164
4041 4042 8072
4113 4189 8283
4055 4189 8231
4122 4191 8297
4135 4138 8254
4176 4188 8343
4104 4108 8199
4035 4112 8138
4157 4197 8343
4074 4197 8247
4159 4188 8311
4157 4195 8327
4055 4084 8138
4026 4070 8091
4181 4193 8337
4039 4128 8166
4125 4190 8293
4160 4179 8309
4095 4138 8226
4025 4122 8124
4091 4139 8206
4046 4077 8101
4066 4118 8158
4141 4162 8271
4079 4118 8178
4108 4110 8210
4120 4167 8275
4124 4142 8261
4000 4174 8146
4010 4131 8113
4179 4196 8360
4130 4146 8254
4164 4192 8339
4078 4152 8196
4161 4196 8330
4188 4192 8377
4161 4171 8312
4063 4163 8200
4112 4141 8233
4016 4137 8117
4008 4198 8170
4073 4179 8239
4179 4181 8334
4188 4192 8371
4199 4200 8373
4097 4120 8182
4165 4200 8359
4116 4141 8226
4142 4153 8261
4066 4129 8163
4109 4178 8280
4126 4187 8309
4099 4160 8242
4144 4185 8324
4091 4174 8228
4159 4175 8309
4097 4153 8228
4060 4196 8249
4137 4200 8331
4044 4110 8117
4078 4122 8179
4113 4144 8252
4085 4154 8209
4145 4153 8276
4116 4165 8260
4199 4200 8385
4150 4177 8298
4053 4152 8179
4018 4178 8161
4134 4150 8267
4188 4190 8357
4065 4134 8178
4074 4188 8247
4180 4185 8344
4068 4092 8145
4166 4186 8319
4190 4194 8366
4186 4191 8374
4003 4043 8023
4119 4165 8258
4047 4131 8170
4107 4109 8205
4139 4159 8290
4118 4191 8271
4126 4199 8302
4174 4191 8352
4188 4195 8351
4002 4018 8012
4198 4199 8374
4142 4154 8281
4076 4113 8161
4025 4151 8155
4016 4023 8020
4111 4197 8292
4033 4093 8122
4138 4150 8251
4160 4185 8334
4091 4121 8185
4149 4163 8309
4158 4200 8331
4120 4132 8226
4021 4123 8117
4171 4178 8320
4064 4125 8157
4059 4113 8148
4189 4191 8352
4058 4189 8240
4033 4063 8089
4021 4105 8108
4109 4171 8255
4127 4176 8285
4049 4136 8171
4144 4186 8326
4132 4198 8310
4063 4089 8151
4074 4191 8234
4185 4197 8369
4192 4196 8355
4076 4124 8197
4174 4175 8322
4141 4171 8311
4192 4197 8350
4167 4195 8348
4124 4141 8242
4053 4157 8201
4131 4154 8255
4183 4200 8344
4183 4186 8331
4177 4184 8346
4106 4130 8203
4000 4079 8071
4175 4186 8334
4051 4170 8198
4077 4161 8232
4159 4187 8337
4139 4199 8304
4083 4089 8157
4020 4072 8075
4181 4191 8355
4199 4200 8371
4043 4108 8148
4171 4193 8361
4193 4194 8383
4145 4153 8266
4155 4199 8330
4164 4189 8317
4011 4079 8068
4162 4178 8309
4063 4111 8148
4047 4077 8094
4029 4099 8122
4091 4121 8175
4174 4184 8322
4020 4123 8135
4020 4058 8074
4197 4199 8382
4126 4191 8299
4085 4174 8255
4087 4121 8195
4190 4191 8373
4158 4188 8324
4037 4085 8118
4046 4146 8163
4136 4194 8317
4164 4179 8328
4172 4184 8338
4039 4047 8071
4163 4177 8310
4016 4191 8180
4136 4143 8272
4149 4180 8294
4094 4156 8220
4145 4146 8262
4059 4065 8086
4050 4178 8199
4097 4123 8198
4013 4050 8038
4059 4167 8223
4013 4065 8060
4046 4197 8216
4174 4184 8325
4002 4040 8026
4014 4024 8006
4112 4148 8241
4122 4134 8230
4074 4166 8237
4177 4181 8321
4060 4102 8147
4139 4147 8273
4037 4058 8075
4090 4092 8154
4088 4190 8258
4184 4189 8339
4139 4194 8309
4040 4067 8103
4033 4180 8201
4171 4190 8357

0.010000 0.430000
