700
2593452
3090 3199 6289
3196 3198 6394
3026 3030 6056
3070 3110 6180
3196 3197 6393
3083 3193 6276
3109 3172 6281
3116 3119 6235
3191 3193 6384
3185 3199 6384
3148 3170 6318
3087 3129 6216
3137 3145 6282
3162 3175 6337
3099 3191 6290
3025 3108 6133
3012 3039 6051
3001 3189 6190
3014 3125 6139
3090 3165 6255
3168 3169 6337
3034 3045 6079
3057 3101 6158
3081 3100 6181
3194 3199 6393
3041 3133 6174
3020 3058 6078
3193 3197 6390
3197 3199 6396
3003 3062 6065
3131 3167 6298
3127 3195 6322
3032 3116 6148
3146 3191 6337
3148 3155 6303
3131 3174 6305
3153 3184 6337
3110 3127 6237
3098 3107 6205
3196 3199 6395
3008 3089 6097
3089 3188 6277
3137 3163 6300
3120 3181 6301
3190 3193 6383
3012 3091 6103
3058 3100 6158
3172 3198 6370
3166 3192 6358
3008 3136 6144
3001 3192 6193
3080 3166 6246
3139 3172 6311
3191 3192 6383
3108 3136 6244
3166 3185 6351
3068 3118 6186
3123 3175 6298
3095 3097 6192
3116 3122 6238
3038 3094 6132
3159 3175 6334
3198 3199 6397
3176 3183 6359
3161 3166 6327
3196 3197 6393
3018 3072 6090
3003 3069 6072
3069 3154 6223
3118 3197 6315
3150 3160 6310
3024 3127 6151
3061 3187 6248
3168 3193 6361
3003 3063 6066
3190 3199 6389
3012 3080 6092
3101 3187 6288
3019 3081 6100
3132 3142 6274
3143 3199 6342
3048 3117 6165
3123 3179 6302
3044 3121 6165
3115 3168 6283
3117 3142 6259
3172 3183 6355
3195 3200 6395
3080 3147 6227
3073 3085 6158
3091 3179 6270
3112 3163 6275
3133 3154 6287
3046 3192 6238
3126 3158 6284
3106 3168 6274
3093 3135 6228
3156 3192 6348
3034 3092 6126
3086 3178 6264
3193 3196 6389
3124 3130 6254
3099 3123 6222
3024 3151 6175
3024 3101 6125
3174 3183 6357
3019 3134 6153
3065 3114 6179
3157 3193 6350
3181 3200 6381
3166 3194 6360
3194 3199 6393
3031 3128 6159
3000 3120 6120
3044 3170 6214
3040 3054 6094
3142 3200 6342
3157 3159 6316
3104 3122 6226
3072 3175 6247
3123 3131 6254
3161 3173 6334
3096 3122 6218
3116 3177 6293
3049 3157 6206
3066 3169 6235
3110 3131 6241
3030 3133 6163
3155 3195 6350
3079 3133 6212
3198 3199 6397
3020 3166 6186
3069 3122 6191
3103 3134 6237
3128 3155 6283
3013 3191 6204
3111 3173 6284
3002 3145 6147
3056 3192 6248
3114 3172 6286
3103 3146 6249
3101 3152 6253
3099 3126 6225
3135 3162 6297
3062 3190 6252
3033 3181 6214
3037 3197 6234
3195 3196 6391
3029 3131 6160
3022 3098 6120
3184 3196 6380
3126 3154 6280
3040 3166 6206
3011 3127 6138
3071 3110 6181
3106 3126 6232
3147 3149 6296
3016 3173 6189
3059 3118 6177
3021 3090 6111
3020 3130 6150
3176 3177 6353
3181 3190 6371
3190 3195 6385
3137 3196 6333
3168 3194 6362
3141 3168 6309
3029 3119 6148
3155 3180 6335
3069 3089 6158
3026 3192 6218
3183 3184 6367
3195 3198 6393
3109 3132 6241
3075 3129 6204
3185 3188 6373
3115 3192 6307
3059 3088 6147
3141 3196 6337
3077 3126 6203
3080 3194 6274
3024 3064 6088
3141 3183 6324
3107 3155 6262
3014 3040 6054
3128 3162 6290
3007 3089 6096
3097 3126 6223
3051 3180 6231
3163 3198 6361
3007 3073 6080
3173 3182 6355
3136 3164 6300
3164 3167 6331
3192 3193 6385
3114 3158 6272
3197 3199 6396
3063 3149 6212
3131 3145 6276
3105 3142 6247
3028 3044 6072
3070 3084 6154
3106 3138 6244
3194 3199 6393
3033 3066 6099
3052 3138 6190
3101 3156 6257
3138 3161 6299
3080 3137 6217
3173 3182 6355
3164 3174 6338
3030 3051 6081
3126 3139 6265
3173 3180 6353
3126 3128 6254
3192 3193 6385
3076 3112 6188
3167 3172 6339
3136 3138 6274
3145 3163 6308
3177 3190 6367
3001 3066 6067
3137 3156 6293
3040 3063 6103
3135 3200 6335
3118 3159 6277
3142 3150 6292
3057 3117 6174
3112 3134 6246
3195 3197 6392
3073 3129 6202
3162 3197 6359
3082 3127 6209
3150 3173 6323
3047 3107 6154
3073 3123 6196
3184 3187 6371
3010 3198 6208
3105 3192 6297
3041 3077 6118
3123 3170 6293
3088 3172 6260
3186 3187 6373
3134 3169 6303
3193 3197 6390
3042 3095 6137
3043 3148 6191
3182 3193 6375
3099 3123 6222
3097 3144 6241
3195 3198 6393
3082 3190 6272
3004 3122 6126
3026 3125 6151
3154 3160 6314
3197 3199 6396
3153 3167 6320
3020 3118 6138
3111 3116 6227
3124 3165 6289
3172 3190 6362
3172 3179 6351
3032 3126 6158
3142 3190 6332
3181 3194 6375
3004 3057 6061
3001 3039 6040
3054 3098 6152
3042 3045 6087
3129 3190 6319
3168 3187 6355
3029 3194 6223
3157 3200 6357
3163 3171 6334
3024 3067 6091
3117 3199 6316
3135 3156 6291
3074 3163 6237
3148 3189 6337
3099 3146 6245
3003 3020 6023
3038 3088 6126
3118 3164 6282
3012 3129 6141
3174 3193 6367
3167 3180 6347
3049 3124 6173
3180 3194 6374
3109 3119 6228
3006 3033 6039
3083 3085 6168
3090 3117 6207
3127 3139 6266
3004 3114 6118
3190 3193 6383
3151 3191 6342
3100 3140 6240
3009 3056 6065
3056 3195 6251
3079 3110 6189
3093 3112 6205
3118 3177 6295
3025 3127 6152
3104 3176 6280
3038 3166 6204
3143 3199 6342
3197 3198 6395
3107 3191 6298
3033 3091 6124
3075 3169 6244
3186 3188 6374
3025 3101 6126
3052 3063 6115
3157 3190 6347
3116 3195 6311
3047 3048 6095
3021 3190 6211
3152 3165 6317
3166 3193 6359
3044 3160 6204
3068 3126 6194
3029 3075 6104
3179 3198 6377
3074 3111 6185
3058 3123 6181
3192 3200 6392
3117 3194 6311
3147 3185 6332
3192 3194 6386
3188 3200 6388
3173 3180 6353
3166 3185 6351
3154 3181 6335
3156 3191 6347
3028 3187 6215
3049 3197 6246
3070 3170 6240
3019 3128 6147
3025 3049 6074
3144 3161 6305
3135 3145 6280
3181 3199 6380
3052 3078 6130
3031 3083 6114
3022 3079 6101
3103 3117 6220
3194 3200 6394
3076 3120 6196
3042 3151 6193
3172 3193 6365
3001 3022 6023
3039 3194 6233
3134 3160 6294
3121 3179 6300
3190 3199 6389
3070 3198 6268
3172 3192 6364
3179 3195 6374
3036 3187 6223
3180 3192 6372
3121 3179 6300
3086 3135 6221
3111 3186 6297
3170 3176 6346
3169 3179 6348
3017 3181 6198
3186 3189 6375
3008 3170 6178
3196 3197 6393
3032 3125 6157
3101 3152 6253
3141 3188 6329
3008 3168 6176
3033 3160 6193
3163 3179 6342
3180 3200 6380
3032 3172 6204
3075 3167 6242
3170 3191 6361
3089 3143 6232
3029 3073 6102
3052 3103 6155
3107 3119 6226
3172 3193 6365
3163 3198 6361
3097 3112 6209
3108 3186 6294
3141 3173 6314
3175 3179 6354
3099 3154 6253
3124 3135 6259
3193 3198 6391
3031 3078 6109
3023 3073 6096
3039 3121 6160
3186 3196 6382
3010 3039 6049
3173 3194 6367
3058 3070 6128
3149 3178 6327
3009 3139 6148
3006 3189 6195
3088 3172 6260
3048 3084 6132
3022 3170 6192
3199 3200 6399
3053 3117 6170
3090 3191 6281
3147 3170 6317
3090 3194 6284
3059 3148 6207
3087 3123 6210
3102 3104 6206
3015 3107 6122
3051 3193 6244
3171 3200 6371
3083 3111 6194
3022 3073 6095
3030 3038 6068
3095 3119 6214
3193 3200 6393
3056 3151 6207
3108 3162 6270
3081 3107 6188
3042 3145 6187
3174 3180 6354
3156 3192 6348
3088 3179 6267
3077 3097 6174
3001 3004 6005
3124 3148 6272
3064 3107 6171
3181 3198 6379
3012 3055 6067
3115 3135 6250
3162 3197 6359
3071 3073 6144
3182 3199 6381
3181 3192 6373
3040 3182 6222
3079 3127 6206
3076 3142 6218
3013 3136 6149
3047 3126 6173
3172 3183 6355
3118 3189 6307
3058 3064 6122
3124 3126 6250
3069 3086 6155
3008 3074 6082
3123 3174 6297
3180 3197 6377
3156 3194 6350
3051 3171 6222
3140 3167 6307
3102 3127 6229
3185 3186 6371
3092 3160 6252
3198 3200 6398
3019 3085 6104
3065 3195 6260
3005 3042 6047
3185 3186 6371
3001 3152 6153
3056 3116 6172
3170 3187 6357
3084 3117 6201
3084 3181 6265
3012 3028 6040
3183 3200 6383
3152 3181 6333
3030 3039 6069
3148 3155 6303
3112 3170 6282
3057 3111 6168
3183 3194 6377
3152 3192 6344
3184 3186 6370
3070 3121 6191
3176 3189 6365
3043 3172 6215
3117 3128 6245
3155 3156 6311
3115 3147 6262
3181 3188 6369
3052 3058 6110
3053 3107 6160
3135 3176 6311
3005 3095 6100
3080 3131 6211
3109 3160 6269
3099 3180 6279
3031 3066 6097
3056 3137 6193
3192 3198 6390
3168 3195 6363
3162 3165 6327
3186 3190 6376
3133 3155 6288
3020 3136 6156
3061 3118 6179
3169 3192 6361
3032 3185 6217
3084 3171 6255
3186 3199 6385
3094 3189 6283
3182 3186 6368
3017 3086 6103
3178 3197 6375
3198 3199 6397
3017 3072 6089
3093 3184 6277
3067 3141 6208
3096 3130 6226
3167 3193 6360
3167 3199 6366
3151 3154 6305
3090 3100 6190
3038 3080 6118
3084 3186 6270
3191 3199 6390
3027 3173 6200
3066 3133 6199
3088 3132 6220
3127 3138 6265
3091 3192 6283
3153 3160 6313
3094 3120 6214
3003 3115 6118
3177 3187 6364
3069 3134 6203
3020 3134 6154
3066 3100 6166
3005 3148 6153
3132 3135 6267
3018 3178 6196
3104 3140 6244
3032 3124 6156
3085 3130 6215
3179 3183 6362
3082 3137 6219
3048 3101 6149
3083 3180 6263
3036 3161 6197
3086 3195 6281
3103 3139 6242
3166 3182 6348
3133 3143 6276
3177 3179 6356
3133 3164 6297
3167 3177 6344
3141 3150 6291
3108 3187 6295
3165 3173 6338
3116 3185 6301
3186 3197 6383
3033 3192 6225
3013 3168 6181
3092 3133 6225
3001 3137 6138
3058 3068 6126
3146 3153 6299
3037 3122 6159
3106 3125 6231
3066 3137 6203
3123 3140 6263
3124 3189 6313
3072 3096 6168
3160 3188 6348
3051 3055 6106
3196 3197 6393
3007 3093 6100
3192 3197 6389
3053 3117 6170
3034 3114 6148
3053 3100 6153
3188 3192 6380
3115 3152 6267
3032 3182 6214
3158 3169 6327
3130 3178 6308
3111 3174 6285
3136 3149 6285
3026 3193 6219
3103 3172 6275
3045 3081 6126
3075 3119 6194
3065 3184 6249
3021 3048 6069
3055 3095 6150
3122 3198 6320
3098 3149 6247
3056 3174 6230
3075 3139 6214
3116 3136 6252
3144 3150 6294
3030 3185 6215
3186 3197 6383
3161 3166 6327
3142 3144 6286
3152 3187 6339
3162 3199 6361
3085 3124 6209
3011 3100 6111
3196 3197 6393
3061 3139 6200
3128 3165 6293
3185 3196 6381
3004 3073 6077
3155 3186 6341
3014 3156 6170
3026 3176 6202
3076 3094 6170
3085 3104 6189
3194 3200 6394
3179 3188 6367
3031 3119 6150
3067 3195 6262
3032 3054 6086
3110 3189 6299
3194 3197 6391
3121 3194 6315
3042 3196 6238
3058 3063 6121
3037 3135 6172
3164 3189 6353
3090 3159 6249
3069 3100 6169
3191 3197 6388
3090 3165 6255
3018 3073 6091
3148 3164 6312
3193 3194 6387
3018 3079 6097
3192 3196 6388
3177 3184 6361
3109 3174 6283
3026 3118 6144
3173 3177 6350
3062 3128 6190
3112 3154 6266
3031 3082 6113
3063 3109 6172
3129 3195 6324
3141 3200 6341
3122 3145 6267
3108 3119 6227
3169 3196 6365
3059 3137 6196
3080 3146 6226
3074 3097 6171
3007 3119 6126
3185 3198 6383
3106 3175 6281
3037 3109 6146
3103 3159 6262
3081 3083 6164
3094 3098 6192
3080 3153 6233
3193 3199 6392
3170 3181 6351
3132 3187 6319
3087 3189 6276
3170 3182 6352
3138 3186 6324
3030 3057 6087
3155 3171 6326
3064 3083 6147
3076 3172 6248
3193 3196 6389
3063 3076 6139
3174 3178 6352
3134 3180 6314
3033 3172 6205
3067 3169 6236
3164 3189 6353
3149 3192 6341
3044 3088 6132
3199 3200 6399
3050 3177 6227
3100 3170 6270
3180 3191 6371
3097 3151 6248
3085 3186 6271
3050 3051 6101
3178 3194 6372
3145 3176 6321
3019 3025 6044
3083 3132 6215
3097 3110 6207
3173 3185 6358
3067 3197 6264
3090 3095 6185
3136 3137 6273
3152 3158 6310
3009 3192 6201
3125 3196 6321
3116 3170 6286
3056 3143 6199
3072 3148 6220

4011 4188 8174
4118 4191 8303
4150 4156 8291
4155 4179 8315
4081 4142 8206
4154 4156 8294
4159 4170 8319
4072 4074 8121
4194 4198 8387
4128 4162 8282
4080 4183 8256
4086 4196 8256
4045 4125 8139
4049 4068 8090
4144 4196 8323
4078 4196 8255
4133 4185 8314
4037 4129 8136
4093 4160 8232
4168 4195 8353
4018 4035 8045
4113 4196 8298
4138 4178 8298
4113 4153 8262
4038 4163 8173
4067 4130 8185
4074 4178 8231
4138 4194 8305
4194 4196 8352
4088 4091 8156
4037 4130 8141
4122 4129 8226
4065 4126 8154
4164 4190 8335
4073 4088 8134
4078 4110 8150
4156 4182 8305
4148 4181 8296
4093 4117 8202
4039 4047 8066
4135 4198 8296
4145 4196 8326
4049 4188 8215
4044 4196 8218
4108 4187 8283
4102 4163 8244
4193 4195 8386
4033 4044 8064
4047 4176 8196
4107 4155 8233
4052 4125 8142
4169 4186 8332
4009 4188 8176
4001 4086 8075
4007 4055 8044
4135 4188 8316
4088 4130 8193
4104 4113 8183
4151 4159 8307
4179 4192 8343
4054 4123 8149
4063 4102 8143
4015 4120 8099
4178 4199 8338
4177 4196 8336
4188 4190 8371
4182 4197 8374
4150 4157 8301
4075 4117 8166
4045 4109 8146
4076 4177 8230
4144 4192 8318
4057 4110 8162
4173 4175 8340
4197 4199 8393
4058 4174 8207
4177 4198 8343
4050 4098 8132
4190 4191 8356
4034 4148 8159
4039 4068 8102
4134 4153 8265
4136 4181 8298
4091 4138 8226
4129 4165 8279
4132 4189 8303
4091 4191 8263
4173 4185 8336
4019 4173 8171
4093 4131 8222
4172 4194 8342
4088 4131 8181
4165 4185 8338
4059 4084 8120
4193 4197 8385
4004 4018 8001
4139 4149 8265
4149 4200 8330
4067 4087 8135
4044 4092 8111
4124 4174 8279
4172 4183 8349
4077 4102 8156
4084 4162 8215
4104 4114 8191
4053 4148 8179
4020 4089 8096
4176 4178 8328
4115 4184 8260
4015 4045 8027
4071 4190 8260
4199 4200 8382
4062 4188 8234
4095 4148 8240
4073 4130 8183
4151 4199 8345
4015 4143 8143
4145 4170 8287
4020 4145 8136
4162 4180 8313
4183 4193 8348
4041 4147 8173
4183 4188 8365
4144 4184 8297
4125 4199 8307
4123 4143 8249
4019 4154 8142
4079 4179 8257
4032 4082 8106
4008 4148 8153
4026 4070 8075
4024 4046 8047
4058 4108 8146
4113 4199 8311
4056 4188 8217
4035 4095 8111
4003 4149 8147
4024 4092 8103
4054 4135 8182
4142 4167 8285
4123 4192 8294
4172 4191 8358
4164 4178 8309
4065 4197 8247
4083 4105 8176
4037 4151 8156
4063 4064 8097
4029 4053 8075
4070 4109 8152
4001 4129 8129
4147 4176 8292
4117 4164 8268
4148 4178 8290
4125 4183 8289
4010 4108 8114
4189 4196 8356
4198 4199 8381
4023 4178 8163
4069 4113 8151
4090 4132 8189
4080 4191 8255
4163 4173 8330
4193 4196 8360
4186 4194 8353
4027 4125 8140
4005 4049 8025
4198 4199 8370
4053 4185 8213
4130 4181 8301
4134 4166 8265
4107 4141 8231
4059 4168 8220
4096 4198 8283
4082 4185 8258
4021 4133 8148
4039 4062 8078
4087 4185 8257
4176 4187 8341
4114 4194 8296
4164 4179 8325
4028 4168 8170
4011 4067 8051
4120 4172 8275
4199 4200 8375
4128 4179 8302
4192 4196 8381
4148 4187 8304
4189 4191 8353
4081 4128 8183
4048 4199 8243
4103 4131 8221
4038 4080 8107
4058 4173 8209
4152 4183 8298
4082 4128 8208
4017 4094 8075
4184 4198 8370
4167 4192 8339
4005 4022 8011
4169 4170 8337
4143 4193 8310
4064 4154 8216
4132 4148 8255
4160 4196 8340
4067 4107 8137
4128 4186 8297
4083 4194 8245
4083 4117 8197
4106 4172 8246
4001 4082 8053
4106 4186 8263
4030 4142 8153
4121 4174 8280
4039 4143 8169
4140 4195 8317
4080 4140 8187
4094 4200 8287
4058 4071 8102
4100 4106 8176
4177 4192 8334
4006 4009 8007
4173 4187 8344
4177 4196 8341
4035 4105 8112
4191 4197 8371
4079 4155 8213
4044 4051 8082
4167 4199 8345
4176 4193 8336
4111 4120 8218
4110 4161 8268
4129 4158 8260
4015 4183 8172
4133 4145 8260
4151 4184 8331
4109 4145 8252
4027 4177 8199
4174 4178 8339
4116 4153 8247
4059 4125 8171
4123 4169 8286
4167 4184 8327
4096 4120 8211
4185 4191 8350
4118 4172 8262
4173 4177 8335
4165 4171 8334
4008 4195 8202
4156 4194 8319
4044 4053 8081
4012 4107 8101
4177 4186 8345
4164 4169 8322
4158 4183 8322
4035 4043 8063
4105 4185 8265
4151 4186 8299
4118 4167 8253
4071 4142 8184
4146 4163 8284
4188 4195 8361
4030 4042 8061
4170 4177 8317
4019 4160 8171
4037 4066 8094
4061 4153 8189
4197 4199 8372
4026 4048 8066
4009 4036 8030
4044 4093 8124
4009 4162 8149
4016 4065 8052
4067 4152 8211
4034 4136 8159
4178 4192 8345
4126 4142 8239
4051 4056 8094
4182 4187 8330
4013 4181 8189
4079 4163 8237
4114 4127 8210
4141 4193 8321
4171 4192 8349
4109 4180 8262
4084 4155 8234
4052 4175 8218
4046 4174 8201
4015 4198 8202
4161 4197 8348
4015 4116 8128
4195 4198 8372
4163 4180 8311
4099 4139 8221
4139 4196 8310
4127 4184 8305
4040 4141 8179
4078 4197 8245
4040 4096 8104
4143 4174 8291
4063 4086 8114
4068 4146 8196
4179 4190 8359
4178 4186 8362
4178 4180 8351
4185 4194 8371
4067 4078 8132
4057 4077 8129
4037 4078 8089
4047 4156 8176
4193 4199 8367
4091 4160 8229
4164 4180 8306
4114 4144 8255
4005 4065 8041
4033 4045 8063
4189 4195 8380
4093 4185 8241
4086 4188 8239
4168 4194 8326
4047 4111 8120
4189 4199 8369
4049 4056 8072
4192 4198 8385
4081 4111 8158
4190 4195 8380
4006 4124 8106
4119 4128 8227
4072 4132 8181
4061 4180 8232
4199 4200 8376
4067 4073 8126
4163 4200 8331
4134 4168 8295
4170 4179 8339
4160 4187 8326
4113 4136 8212
4006 4110 8115
4160 4174 8333
4110 4177 8269
4166 4178 8342
4138 4198 8299
4150 4186 8327
4030 4125 8151
4016 4118 8111
4049 4163 8175
4100 4159 8224
4134 4163 8266
4056 4135 8156
4048 4083 8115
4148 4196 8306
4019 4088 8093
4023 4076 8092
4124 4174 8289
4141 4166 8287
4174 4198 8363
4134 4148 8261
4141 4173 8309
4087 4199 8261
4073 4144 8203
4002 4189 8172
4088 4174 8259
4001 4047 8032
4123 4174 8268
4136 4167 8274
4028 4128 8147
4033 4141 8172
4049 4074 8103
4101 4172 8246
4041 4072 8104
4156 4183 8327
4087 4185 8264
4024 4131 8118
4086 4113 8198
4150 4194 8341
4120 4169 8251
4163 4200 8326
4066 4147 8180
4027 4071 8071
4146 4147 8291
4119 4131 8238
4140 4187 8303
4046 4165 8207
4037 4075 8108
4080 4114 8179
4134 4149 8269
4042 4156 8196
4197 4199 8388
4176 4185 8326
4095 4152 8215
4087 4113 8191
4037 4075 8077
4168 4177 8334
4111 4180 8283
4015 4084 8077
4005 4155 8144
4148 4169 8313
4176 4180 8332
4001 4118 8101
4199 4200 8378
4165 4176 8323
4083 4105 8161
4188 4196 8363
4014 4033 8037
4148 4161 8275
4184 4197 8375
4144 4190 8327
4072 4162 8230
4077 4156 8226
4122 4129 8213
4121 4193 8313
4085 4130 8181
4074 4127 8194
4026 4163 8166
4141 4169 8306
4056 4172 8226
4066 4077 8109
4170 4173 8320
4144 4194 8316
4189 4194 8373
4161 4197 8329
4196 4200 8377
4069 4074 8126
4154 4168 8302
4048 4055 8100
4164 4196 8334
4007 4118 8089
4083 4164 8244
4064 4116 8148
4034 4103 8131
4193 4194 8361
4152 4186 8307
4178 4190 8337
4108 4195 8275
4002 4187 8179
4058 4151 8203
4106 4167 8245
4059 4153 8182
4036 4080 8096
4190 4197 8356
4046 4187 8225
4060 4193 8236
4118 4148 8227
4039 4088 8117
4049 4196 8222
4162 4177 8312
4176 4194 8360
4162 4171 8306
4004 4018 8006
4033 4089 8098
4007 4023 8011
4054 4155 8206
4167 4186 8334
4053 4090 8118
4146 4172 8293
4122 4155 8243
4131 4152 8276
4028 4166 8187
4123 4164 8257
4164 4192 8349
4139 4197 8310
4121 4158 8245
4049 4067 8098
4142 4196 8311
4188 4189 8369
4139 4169 8274
4173 4199 8333
4090 4179 8247
4122 4126 8237
4037 4087 8100
4083 4188 8250
4034 4133 8166
4197 4200 8383
4038 4190 8225
4163 4189 8327
4137 4166 8285
4100 4162 8224
4067 4199 8264
4120 4142 8251
4069 4151 8204
4168 4190 8353
4170 4172 8320
4128 4134 8225
4168 4174 8334
4003 4066 8044
4042 4125 8154
4085 4097 8154
4164 4177 8310
4121 4151 8252
4105 4114 8216
4003 4088 8084
4031 4139 8136
4095 4102 8177
4126 4150 8275
4194 4198 8381
4160 4173 8324
4051 4109 8152
4184 4197 8348
4054 4115 8155
4160 4162 8294
4188 4197 8373
4174 4181 8316
4028 4158 8178
4188 4196 8346
4107 4117 8205
4128 4161 8280
4167 4188 8349
4081 4175 8252
4074 4125 8174
4029 4157 8175
4156 4173 8322
4112 4182 8291
4036 4108 8127
4014 4148 8131
4106 4182 8279
4116 4145 8244
4004 4200 8200
4170 4193 8327
4006 4168 8173
4160 4186 8323
4066 4132 8190
4075 4136 8209
4093 4109 8178
4174 4175 8345
4178 4194 8353
4169 4187 8339
4043 4073 8082
4054 4100 8128
4175 4179 8315
4165 4181 8313
4091 4114 8176
4019 4189 8184
4120 4141 8240
4095 4170 8247
4103 4162 8254
4028 4064 8079
4161 4191 8350
4019 4112 8113
4011 4123 8129
4016 4059 8065
4020 4200 8218
4033 4110 8119
4060 4184 8240
4019 4130 8145
4169 4188 8349
4077 4192 8235
4078 4174 8219
4120 4136 8226
4004 4064 8039
4142 4178 8304
4181 4192 8337
4046 4088 8133
4189 4195 8367
4034 4132 8136
4179 4186 8360
4024 4096 8113
4165 4181 8339
4033 4196 8218
4060 4164 8202
4063 4101 8139
4039 4111 8121
4087 4124 8206
4110 4130 8203
4131 4167 8288
4029 4119 8112
4056 4117 8135
4189 4200 8383
4186 4188 8351
4156 4171 8297
4183 4188 8342
4045 4155 8167
4159 4162 8284
4010 4013 7993
4063 4065 8093
4088 4141 8225
4005 4027 8029
4007 4125 8131
4190 4193 8344
4050 4143 8182
4149 4197 8308
4193 4200 8368
4198 4200 8369
4139 4183 8304
4151 4184 8331
4195 4198 8375
4061 4129 8160
4045 4080 8087
4053 4167 8192
4192 4194 8369
4070 4184 8236
4029 4147 8163
4149 4165 8290
4172 4190 8339
4137 4200 8328
4199 4200 8390
4096 4165 8227
4156 4184 8329
4176 4177 8330
4189 4194 8362
4118 4152 8250
4103 4168 8234
4107 4159 8234
4191 4197 8370
4036 4164 8167
4076 4118 8166
4071 4134 8191
4121 4137 8243
4048 4133 8170
4029 4101 8098
4129 4155 8260
4033 4083 8082
4140 4189 8290
4060 4140 8178
4073 4169 8207
4023 4038 8053
4193 4196 8387
4165 4166 8324
4116 4194 8283
4113 4124 8203
4037 4050 8051
4059 4122 8159
4129 4177 8285
4159 4178 8299
4167 4193 8354
4079 4152 8224
4017 4044 8027
4021 4198 8202
4026 4061 8068
4101 4141 8211
4176 4190 8344
4127 4184 8306
4072 4116 8179
4089 4157 8237
4192 4196 8367
4040 4045 8084
4145 4169 8297
4018 4069 8061
4071 4076 8138
4022 4149 8159
4179 4194 8362
4101 4195 8266
4023 4039 8046
4136 4179 8292
4139 4150 8253
4085 4152 8210
4039 4121 8137
4001 4027 8026
4045 4048 8076
4025 4067 8090
4112 4150 8242
4177 4182 8355
4064 4177 8238
4158 4163 8287
4026 4061 8077
4105 4173 8250
4061 4128 8187
4141 4143 8246
4079 4099 8167
4072 4146 8201
4169 4197 8364
4096 4190 8263
4143 4192 8313
4011 4018 7996
4184 4188 8342
4177 4194 8345
4189 4199 8376
4153 4185 8299
4124 4192 8289
4155 4184 8331
4178 4184 8335
4143 4192 8323
4054 4092 8134
4157 4168 8324
4080 4111 8189
4145 4180 8322
4036 4133 8150
4148 4194 8315
4129 4181 8283
4026 4094 8089
4043 4152 8188
4079 4166 8229
4073 4093 8144
4165 4169 8332
4094 4145 8202
4176 4182 8327
4040 4077 8087
4180 4194 8336
4031 4134 8145
4057 4074 8105
4156 4178 8333
4184 4195 8349
4085 4109 8191
4029 4122 8145
4094 4124 8202
4170 4191 8328
4151 4185 8305
4112 4198 8273
4067 4154 8204
4025 4030 8048
4023 4180 8197
4177 4189 8333

0.010000 0.450000
