700
1555085
3147 3188 6335
3085 3110 6195
3118 3137 6255
3155 3188 6343
3096 3132 6228
3101 3134 6235
3165 3176 6341
3096 3200 6296
3003 3100 6103
3005 3045 6050
3029 3169 6198
3015 3113 6128
3011 3044 6055
3165 3173 6338
3090 3133 6223
3113 3140 6253
3093 3115 6208
3024 3095 6119
3059 3070 6129
3149 3159 6308
3113 3116 6229
3100 3171 6271
3056 3078 6134
3135 3144 6279
3090 3176 6266
3106 3130 6236
3181 3183 6364
3195 3200 6395
3160 3174 6334
3088 3111 6199
3190 3194 6384
3075 3100 6175
3067 3080 6147
3181 3190 6371
3099 3165 6264
3032 3086 6118
3064 3094 6158
3141 3195 6336
3110 3187 6297
3040 3052 6092
3103 3149 6252
3117 3128 6245
3090 3182 6272
3045 3067 6112
3121 3200 6321
3008 3148 6156
3005 3166 6171
3190 3195 6385
3171 3187 6358
3010 3103 6113
3097 3121 6218
3017 3098 6115
3127 3178 6305
3149 3190 6339
3135 3161 6296
3088 3101 6189
3125 3173 6298
3130 3185 6315
3108 3119 6227
3162 3194 6356
3141 3146 6287
3098 3102 6200
3152 3199 6351
3118 3149 6267
3080 3151 6231
3085 3170 6255
3108 3117 6225
3147 3149 6296
3119 3173 6292
3097 3107 6204
3140 3168 6308
3099 3152 6251
3131 3169 6300
3167 3184 6351
3173 3182 6355
3033 3189 6222
3071 3108 6179
3186 3196 6382
3128 3148 6276
3023 3059 6082
3090 3184 6274
3113 3131 6244
3022 3082 6104
3005 3070 6075
3089 3104 6193
3191 3192 6383
3038 3073 6111
3126 3196 6322
3124 3163 6287
3161 3175 6336
3037 3109 6146
3101 3105 6206
3159 3188 6347
3039 3175 6214
3077 3172 6249
3024 3053 6077
3123 3140 6263
3181 3190 6371
3097 3200 6297
3131 3193 6324
3149 3163 6312
3075 3196 6271
3199 3200 6399
3031 3105 6136
3159 3180 6339
3124 3132 6256
3094 3132 6226
3196 3198 6394
3181 3189 6370
3068 3109 6177
3121 3151 6272
3100 3143 6243
3051 3190 6241
3005 3133 6138
3004 3061 6065
3066 3117 6183
3141 3182 6323
3051 3197 6248
3151 3166 6317
3027 3045 6072
3110 3134 6244
3141 3172 6313
3080 3195 6275
3130 3149 6279
3141 3157 6298
3015 3020 6035
3085 3114 6199
3178 3184 6362
3196 3197 6393
3070 3086 6156
3146 3179 6325
3095 3179 6274
3057 3174 6231
3083 3188 6271
3039 3074 6113
3061 3113 6174
3026 3086 6112
3138 3188 6326
3061 3111 6172
3157 3198 6355
3189 3197 6386
3125 3158 6283
3162 3190 6352
3005 3191 6196
3053 3063 6116
3148 3178 6326
3066 3094 6160
3199 3200 6399
3012 3188 6200
3120 3160 6280
3192 3193 6385
3093 3096 6189
3068 3191 6259
3168 3182 6350
3037 3143 6180
3146 3178 6324
3031 3060 6091
3099 3173 6272
3072 3193 6265
3132 3191 6323
3130 3198 6328
3174 3198 6372
3127 3198 6325
3128 3162 6290
3196 3200 6396
3032 3127 6159
3052 3194 6246
3173 3198 6371
3133 3166 6299
3052 3113 6165
3002 3016 6018
3158 3186 6344
3180 3194 6374
3197 3199 6396
3065 3088 6153
3186 3195 6381
3097 3109 6206
3192 3193 6385
3024 3190 6214
3150 3198 6348
3181 3183 6364
3094 3154 6248
3163 3182 6345
3125 3181 6306
3086 3143 6229
3058 3122 6180
3037 3153 6190
3061 3191 6252
3158 3168 6326
3098 3107 6205
3142 3157 6299
3093 3147 6240
3125 3155 6280
3168 3189 6357
3032 3152 6184
3062 3105 6167
3102 3160 6262
3034 3096 6130
3006 3136 6142
3015 3129 6144
3151 3166 6317
3087 3122 6209
3174 3194 6368
3077 3090 6167
3189 3194 6383
3029 3033 6062
3088 3094 6182
3082 3184 6266
3047 3132 6179
3105 3127 6232
3150 3190 6340
3005 3071 6076
3104 3182 6286
3006 3173 6179
3030 3143 6173
3114 3182 6296
3115 3121 6236
3113 3166 6279
3126 3163 6289
3027 3111 6138
3130 3188 6318
3092 3106 6198
3103 3122 6225
3135 3145 6280
3047 3138 6185
3081 3097 6178
3013 3106 6119
3176 3181 6357
3158 3163 6321
3041 3126 6167
3109 3192 6301
3027 3192 6219
3081 3147 6228
3093 3158 6251
3151 3166 6317
3075 3172 6247
3166 3182 6348
3068 3188 6256
3094 3153 6247
3063 3125 6188
3166 3192 6358
3173 3182 6355
3108 3183 6291
3069 3095 6164
3159 3170 6329
3191 3196 6387
3107 3196 6303
3150 3176 6326
3140 3182 6322
3087 3198 6285
3145 3155 6300
3043 3182 6225
3138 3198 6336
3097 3185 6282
3140 3184 6324
3056 3150 6206
3189 3191 6380
3027 3037 6064
3046 3116 6162
3160 3197 6357
3028 3169 6197
3174 3199 6373
3041 3187 6228
3144 3162 6306
3091 3093 6184
3133 3156 6289
3006 3093 6099
3024 3108 6132
3175 3176 6351
3162 3164 6326
3186 3188 6374
3159 3195 6354
3150 3161 6311
3006 3109 6115
3019 3192 6211
3150 3200 6350
3136 3146 6282
3153 3196 6349
3145 3198 6343
3183 3192 6375
3144 3186 6330
3091 3183 6274
3127 3178 6305
3023 3025 6048
3023 3096 6119
3130 3132 6262
3075 3140 6215
3017 3175 6192
3050 3139 6189
3173 3183 6356
3163 3199 6362
3180 3187 6367
3129 3146 6275
3088 3169 6257
3027 3191 6218
3064 3131 6195
3012 3089 6101
3159 3194 6353
3196 3199 6395
3108 3135 6243
3001 3128 6129
3000 3194 6194
3142 3167 6309
3027 3064 6091
3161 3167 6328
3132 3165 6297
3193 3198 6391
3008 3096 6104
3139 3145 6284
3069 3176 6245
3136 3196 6332
3022 3055 6077
3008 3167 6175
3086 3091 6177
3190 3198 6388
3053 3170 6223
3040 3048 6088
3047 3169 6216
3109 3149 6258
3042 3073 6115
3188 3200 6388
3175 3181 6356
3188 3200 6388
3117 3119 6236
3093 3156 6249
3143 3154 6297
3025 3190 6215
3145 3169 6314
3108 3136 6244
3044 3167 6211
3039 3133 6172
3119 3199 6318
3140 3187 6327
3036 3182 6218
3049 3194 6243
3155 3168 6323
3060 3077 6137
3197 3198 6395
3199 3200 6399
3074 3127 6201
3193 3195 6388
3082 3150 6232
3112 3165 6277
3043 3115 6158
3115 3179 6294
3119 3185 6304
3016 3120 6136
3166 3173 6339
3062 3137 6199
3038 3050 6088
3115 3163 6278
3178 3189 6367
3131 3182 6313
3106 3160 6266
3002 3070 6072
3027 3047 6074
3031 3062 6093
3035 3117 6152
3108 3199 6307
3107 3132 6239
3180 3196 6376
3011 3088 6099
3041 3137 6178
3032 3200 6232
3103 3183 6286
3001 3056 6057
3099 3171 6270
3190 3199 6389
3106 3141 6247
3035 3103 6138
3030 3081 6111
3198 3199 6397
3033 3179 6212
3040 3058 6098
3048 3179 6227
3046 3053 6099
3010 3190 6200
3158 3197 6355
3172 3177 6349
3010 3088 6098
3176 3185 6361
3033 3192 6225
3003 3024 6027
3075 3117 6192
3104 3115 6219
3125 3152 6277
3107 3137 6244
3014 3143 6157
3040 3168 6208
3165 3178 6343
3053 3100 6153
3000 3172 6172
3188 3197 6385
3173 3199 6372
3001 3154 6155
3096 3110 6206
3019 3185 6204
3052 3164 6216
3124 3161 6285
3110 3158 6268
3056 3129 6185
3101 3117 6218
3036 3134 6170
3002 3191 6193
3180 3189 6369
3128 3173 6301
3058 3087 6145
3159 3163 6322
3140 3159 6299
3060 3195 6255
3185 3200 6385
3104 3169 6273
3183 3188 6371
3159 3181 6340
3095 3123 6218
3171 3178 6349
3067 3188 6255
3049 3196 6245
3033 3155 6188
3190 3193 6383
3096 3118 6214
3100 3140 6240
3178 3196 6374
3199 3200 6399
3195 3198 6393
3192 3195 6387
3174 3175 6349
3175 3196 6371
3167 3181 6348
3191 3199 6390
3100 3113 6213
3017 3131 6148
3105 3130 6235
3100 3199 6299
3123 3144 6267
3023 3107 6130
3170 3190 6360
3065 3106 6171
3198 3199 6397
3005 3076 6081
3082 3165 6247
3064 3078 6142
3073 3075 6148
3154 3155 6309
3171 3178 6349
3120 3182 6302
3117 3200 6317
3067 3160 6227
3107 3186 6293
3108 3163 6271
3098 3106 6204
3178 3186 6364
3125 3129 6254
3049 3084 6133
3141 3186 6327
3175 3185 6360
3194 3200 6394
3022 3135 6157
3106 3122 6228
3141 3174 6315
3172 3181 6353
3185 3200 6385
3139 3183 6322
3112 3180 6292
3171 3195 6366
3127 3154 6281
3089 3094 6183
3141 3199 6340
3186 3192 6378
3011 3056 6067
3162 3199 6361
3137 3162 6299
3148 3181 6329
3130 3152 6282
3011 3151 6162
3102 3115 6217
3139 3182 6321
3053 3176 6229
3007 3126 6133
3027 3189 6216
3049 3108 6157
3056 3058 6114
3048 3084 6132
3051 3082 6133
3106 3186 6292
3051 3094 6145
3141 3192 6333
3161 3196 6357
3113 3199 6312
3031 3117 6148
3100 3137 6237
3146 3155 6301
3009 3033 6042
3042 3101 6143
3065 3086 6151
3155 3196 6351
3046 3131 6177
3126 3180 6306
3056 3069 6125
3115 3190 6305
3029 3196 6225
3190 3195 6385
3119 3141 6260
3003 3010 6013
3145 3163 6308
3138 3163 6301
3095 3169 6264
3141 3175 6316
3103 3172 6275
3197 3199 6396
3004 3036 6040
3043 3059 6102
3180 3198 6378
3100 3123 6223
3114 3123 6237
3121 3169 6290
3093 3140 6233
3018 3083 6101
3017 3143 6160
3085 3137 6222
3142 3190 6332
3009 3096 6105
3116 3166 6282
3021 3031 6052
3103 3175 6278
3003 3016 6019
3007 3148 6155
3065 3118 6183
3115 3161 6276
3065 3165 6230
3070 3137 6207
3083 3089 6172
3114 3149 6263
3067 3181 6248
3013 3070 6083
3075 3175 6250
3082 3148 6230
3025 3199 6224
3117 3199 6316
3039 3061 6100
3065 3173 6238
3097 3194 6291
3091 3128 6219
3098 3188 6286
3021 3093 6114
3001 3083 6084
3087 3169 6256
3084 3151 6235
3127 3186 6313
3166 3177 6343
3019 3036 6055
3035 3179 6214
3108 3120 6228
3102 3167 6269
3074 3117 6191
3040 3065 6105
3093 3096 6189
3179 3181 6360
3099 3178 6277
3164 3168 6332
3002 3051 6053
3097 3119 6216
3133 3189 6322
3059 3081 6140
3106 3184 6290
3009 3187 6196
3029 3107 6136
3193 3197 6390
3134 3184 6318
3142 3151 6293
3021 3173 6194
3044 3107 6151
3134 3143 6277
3063 3106 6169
3126 3189 6315
3010 3111 6121
3091 3122 6213
3134 3140 6274
3049 3118 6167
3108 3143 6251
3199 3200 6399
3080 3198 6278
3066 3077 6143
3194 3197 6391
3033 3111 6144
3005 3053 6058
3046 3193 6239
3089 3193 6282
3069 3129 6198
3018 3090 6108
3054 3101 6155
3026 3152 6178
3154 3173 6327
3093 3129 6222
3140 3189 6329
3036 3054 6090
3085 3146 6231
3153 3188 6341
3157 3191 6348
3084 3158 6242
3038 3183 6221
3129 3195 6324
3079 3124 6203
3179 3185 6364
3177 3193 6370
3081 3178 6259
3140 3172 6312
3153 3179 6332
3143 3173 6316
3035 3084 6119
3007 3100 6107
3008 3124 6132
3078 3155 6233
3047 3185 6232
3086 3196 6282
3044 3195 6239
3038 3060 6098
3135 3177 6312
3032 3195 6227
3033 3090 6123
3100 3106 6206
3105 3143 6248
3089 3160 6249
3060 3096 6156
3060 3086 6146
3013 3126 6139
3107 3187 6294
3054 3077 6131
3114 3160 6274
3169 3185 6354
3062 3101 6163
3109 3128 6237
3001 3050 6051
3179 3185 6364
3019 3064 6083
3118 3147 6265
3072 3094 6166
3103 3162 6265
3037 3072 6109
3096 3147 6243
3025 3077 6102
3121 3140 6261
3121 3198 6319
3114 3143 6257
3019 3070 6089
3092 3176 6268
3015 3145 6160
3087 3105 6192
3146 3196 6342
3195 3196 6391
3056 3083 6139
3079 3103 6182
3108 3166 6274
3127 3152 6279
3194 3200 6394
3066 3175 6241
3135 3178 6313
3002 3181 6183
3010 3125 6135
3192 3197 6389
3169 3178 6347
3067 3113 6180
3153 3172 6325
3125 3181 6306
3128 3191 6319
3139 3177 6316
3057 3125 6182
3139 3185 6324
3179 3186 6365
3183 3185 6368
3161 3179 6340
3007 3180 6187
3056 3069 6125
3031 3114 6145
3047 3146 6193
3096 3187 6283
3023 3190 6213
3141 3142 6283
3029 3195 6224
3028 3140 6168
3110 3129 6239
3073 3117 6190
3031 3146 6177
3117 3151 6268
3029 3127 6156
3076 3130 6206
3003 3193 6196
3140 3186 6326
3060 3070 6130
3091 3155 6246
3113 3153 6266
3148 3161 6309
3180 3188 6368
3063 3188 6251
3172 3184 6356
3041 3163 6204
3019 3098 6117
3042 3180 6222
3106 3154 6260
3171 3182 6353

4006 4040 8010
4129 4163 8254
4034 4179 8206
4047 4194 8230
4181 4182 8334
4124 4184 8283
4004 4054 8045
4132 4156 8250
4178 4185 8339
4020 4111 8114
4078 4154 8214
4098 4182 8270
4041 4200 8218
4027 4096 8101
4182 4194 8375
4056 4163 8185
4097 4176 8258
4037 4200 8235
4183 4188 8339
4021 4029 8020
4083 4194 8240
4184 4194 8355
4039 4106 8113
4192 4199 8366
4027 4134 8144
4100 4180 8255
4045 4080 8121
4099 4103 8185
4084 4144 8209
4052 4137 8184
4075 4145 8182
4157 4189 8316
4190 4197 8382
4109 4160 8250
4119 4182 8278
4014 4161 8142
4018 4071 8062
4103 4153 8248
4144 4156 8272
4024 4172 8172
4170 4195 8344
4009 4144 8117
4118 4169 8270
4132 4172 8293
4018 4166 8147
4170 4179 8340
4035 4153 8163
4042 4179 8215
4179 4192 8344
4044 4152 8171
4152 4187 8312
4141 4172 8291
4065 4117 8179
4083 4115 8176
4082 4194 8254
4134 4165 8282
4034 4036 8049
4182 4189 8354
4023 4159 8146
4031 4076 8073
4178 4188 8354
4076 4165 8210
4131 4195 8319
4074 4192 8246
4100 4135 8218
4123 4198 8299
4055 4060 8089
4019 4130 8120
4099 4136 8197
4140 4149 8270
4140 4183 8321
4050 4133 8170
4130 4197 8317
4051 4125 8167
4076 4176 8218
4157 4193 8338
4072 4175 8227
4061 4083 8126
4041 4191 8211
4197 4199 8366
4071 4173 8221
4034 4159 8158
4145 4160 8276
4119 4146 8241
4046 4055 8090
4197 4198 8381
4065 4076 8119
4118 4173 8272
4093 4157 8247
4169 4200 8362
4025 4180 8179
4030 4090 8100
4161 4166 8304
4006 4070 8051
4161 4200 8325
4139 4160 8267
4049 4064 8079
4171 4189 8342
4098 4158 8253
4043 4181 8206
4095 4195 8268
4181 4183 8330
4184 4194 8355
4097 4151 8221
4098 4159 8248
4145 4200 8315
4166 4191 8333
4196 4199 8378
4011 4181 8156
4174 4189 8329
4025 4105 8092
4111 4182 8276
4030 4056 8066
4198 4200 8366
4025 4115 8108
4009 4050 8022
4171 4178 8332
4086 4198 8249
4076 4117 8182
4127 4131 8255
4005 4018 8008
4003 4169 8167
4021 4029 8022
4111 4180 8252
4130 4159 8276
4016 4136 8146
4109 4157 8252
4160 4189 8346
4171 4197 8352
4109 4184 8271
4184 4195 8344
4152 4182 8302
4151 4165 8306
4073 4131 8194
4059 4070 8099
4118 4176 8284
4003 4196 8193
4082 4111 8183
4180 4195 8372
4121 4199 8319
4019 4066 8050
4156 4164 8294
4178 4184 8342
4008 4139 8141
4199 4200 8397
4056 4066 8115
4199 4200 8389
4019 4152 8159
4047 4194 8229
4022 4162 8180
4098 4150 8242
4017 4151 8146
4088 4103 8175
4158 4174 8309
4025 4098 8110
4107 4151 8244
4052 4169 8211
4091 4097 8183
4174 4175 8345
4008 4185 8178
4188 4189 8342
4049 4147 8162
4161 4166 8308
4162 4199 8358
4113 4183 8283
4040 4192 8207
4182 4185 8336
4001 4032 8014
4019 4039 8035
4112 4125 8214
4024 4062 8082
4158 4180 8323
4081 4189 8250
4127 4134 8249
4118 4124 8226
4113 4135 8216
4042 4106 8143
4048 4163 8183
4020 4138 8145
4038 4109 8134
4058 4070 8095
4014 4178 8162
4045 4048 8062
4174 4185 8353
4017 4124 8108
4057 4086 8122
4030 4153 8152
4162 4186 8346
4096 4125 8211
4191 4193 8370
4158 4175 8296
4060 4194 8221
4004 4166 8132
4095 4127 8218
4020 4032 8032
4137 4142 8252
4031 4120 8139
4114 4179 8261
4130 4164 8291
4097 4106 8185
4117 4167 8271
4138 4163 8277
4112 4147 8228
4008 4111 8108
4052 4164 8212
4015 4128 8121
4187 4191 8366
4114 4187 8278
4039 4101 8103
4006 4123 8115
4120 4181 8270
4138 4169 8299
4189 4197 8347
4180 4191 8355
4187 4194 8351
4147 4199 8345
4149 4154 8276
4188 4198 8351
4076 4120 8161
4107 4108 8199
4100 4149 8229
4013 4036 8041
4051 4122 8147
4052 4108 8138
4146 4161 8286
4007 4198 8185
4099 4180 8247
4052 4122 8139
4057 4188 8213
4063 4184 8218
4037 4111 8147
4054 4125 8160
4046 4184 8228
4192 4198 8367
4006 4090 8067
4194 4197 8355
4021 4071 8065
4156 4174 8300
4195 4200 8360
4066 4127 8183
4031 4135 8150
4122 4189 8310
4106 4195 8279
4070 4101 8169
4127 4171 8283
4178 4183 8355
4093 4147 8237
4123 4174 8281
4062 4189 8230
4055 4071 8114
4179 4193 8358
4086 4141 8203
4042 4124 8163
4195 4200 8380
4142 4167 8304
4055 4136 8185
4062 4162 8208
4105 4138 8205
4076 4082 8145
4003 4012 7996
4181 4184 8333
4103 4183 8264
4135 4183 8291
4193 4196 8353
4112 4121 8223
4026 4143 8164
4176 4178 8340
4018 4166 8179
4050 4135 8156
4094 4194 8281
4108 4181 8270
4122 4158 8243
4138 4149 8272
4141 4198 8300
4068 4149 8202
4171 4178 8334
4128 4142 8263
4006 4102 8087
4026 4034 8035
4180 4192 8343
4123 4176 8268
4026 4029 8045
4098 4175 8241
4060 4150 8184
4002 4190 8184
4187 4194 8353
4111 4180 8275
4005 4047 8038
4048 4137 8147
4166 4188 8337
4048 4053 8081
4135 4187 8316
4061 4116 8164
4050 4192 8223
4186 4192 8340
4026 4089 8114
4074 4181 8231
4016 4119 8114
4039 4060 8077
4096 4173 8231
4037 4076 8112
4045 4116 8125
4054 4127 8163
4169 4195 8355
4102 4114 8203
4101 4149 8247
4036 4095 8102
4192 4199 8361
4089 4171 8225
4106 4182 8286
4044 4156 8177
4102 4107 8200
4148 4197 8311
4157 4174 8304
4106 4148 8228
4005 4057 8025
4026 4127 8150
4140 4167 8303
4070 4161 8214
4071 4090 8137
4025 4107 8120
4052 4074 8125
4151 4186 8315
4072 4083 8138
4160 4197 8354
4032 4066 8091
4044 4169 8183
4000 4133 8127
4109 4166 8236
4034 4199 8202
4090 4166 8228
4165 4193 8326
4182 4196 8350
4033 4097 8097
4195 4197 8355
4056 4142 8162
4021 4077 8065
4163 4190 8331
4188 4192 8343
4166 4170 8319
4137 4180 8295
4157 4179 8323
4065 4102 8147
4002 4094 8084
4178 4187 8346
4160 4199 8348
4188 4195 8375
4112 4123 8222
4068 4147 8185
4181 4193 8359
4122 4140 8242
4021 4080 8095
4064 4095 8143
4156 4169 8323
4000 4185 8166
4157 4188 8338
4143 4163 8298
4049 4199 8243
4159 4188 8310
4164 4186 8341
4015 4173 8180
4168 4191 8352
4003 4085 8070
4073 4144 8186
4187 4192 8347
4090 4134 8209
4113 4148 8248
4103 4115 8211
4174 4199 8362
4048 4135 8160
4177 4193 8353
4045 4174 8192
4008 4030 8014
4078 4163 8238
4002 4102 8067
4160 4178 8325
4068 4163 8209
4139 4156 8263
4037 4073 8093
4190 4200 8369
4184 4196 8344
4048 4066 8076
4037 4140 8162
4086 4173 8229
4125 4177 8282
4191 4194 8346
4125 4141 8243
4047 4161 8197
4113 4156 8261
4109 4119 8201
4073 4127 8176
4029 4093 8107
4011 4096 8106
4002 4143 8121
4160 4179 8338
4019 4160 8154
4094 4159 8250
4088 4182 8261
4090 4188 8263
4125 4179 8295
4097 4200 8267
4130 4162 8277
4038 4121 8124
4124 4187 8290
4071 4107 8159
4199 4200 8370
4031 4055 8057
4087 4114 8164
4130 4131 8246
4191 4195 8366
4128 4142 8253
4127 4138 8264
4196 4200 8373
4148 4187 8310
4173 4182 8348
4035 4041 8044
4120 4194 8295
4163 4195 8341
4028 4140 8143
4045 4091 8119
4038 4084 8109
4061 4089 8124
4027 4031 8054
4172 4182 8329
4166 4197 8351
4177 4186 8347
4026 4093 8084
4083 4108 8178
4047 4181 8200
4172 4192 8354
4068 4141 8197
4034 4052 8067
4047 4132 8149
4043 4185 8194
4082 4122 8174
4051 4159 8201
4164 4198 8346
4055 4063 8113
4088 4162 8213
4159 4196 8336
4028 4158 8150
4066 4106 8169
4180 4186 8337
4194 4198 8390
4066 4073 8116
4033 4131 8160
4155 4161 8283
4163 4193 8325
4146 4198 8343
4066 4180 8222
4094 4194 8268
4144 4189 8330
4031 4182 8194
4159 4176 8320
4188 4200 8364
4105 4130 8209
4106 4161 8247
4123 4142 8243
4073 4089 8158
4195 4198 8366
4188 4196 8360
4196 4199 8386
4184 4192 8341
4015 4193 8206
4031 4121 8126
4009 4065 8061
4164 4200 8352
4155 4197 8347
4034 4093 8121
4022 4180 8176
4004 4098 8091
4122 4147 8253
4147 4196 8329
4005 4121 8108
4088 4164 8216
4047 4124 8168
4161 4162 8287
4023 4121 8141
4031 4125 8145
4135 4160 8265
4155 4191 8332
4155 4186 8310
4019 4145 8148
4143 4154 8266
4098 4172 8246
4101 4140 8238
4086 4182 8232
4035 4129 8143
4174 4185 8321
4193 4195 8350
4053 4194 8216
4000 4167 8145
4103 4186 8256
4122 4123 8210
4069 4194 8233
4012 4169 8179
4010 4067 8067
4014 4150 8156
4085 4197 8257
4116 4199 8292
4022 4170 8158
4116 4145 8227
4141 4146 8259
4182 4188 8369
4190 4192 8360
4145 4188 8310
4125 4178 8302
4055 4117 8140
4146 4169 8286
4086 4113 8188
4016 4043 8043
4079 4123 8194
4017 4024 8036
4069 4074 8135
4074 4182 8250
4099 4105 8170
4089 4197 8279
4021 4098 8081
4143 4178 8293
4003 4156 8153
4066 4085 8149
4100 4151 8244
4198 4199 8384
4093 4137 8216
4111 4131 8211
4116 4188 8299
4117 4195 8298
4104 4129 8226
4030 4051 8048
4193 4197 8361
4158 4193 8321
4093 4179 8257
4114 4175 8263
4161 4197 8350
4049 4069 8100
4179 4191 8340
4046 4152 8187
4140 4182 8319
4147 4148 8289
4138 4145 8280
4060 4152 8199
4190 4192 8358
4184 4188 8364
4090 4167 8222
4190 4193 8371
4146 4187 8332
4013 4160 8159
4012 4095 8099
4156 4184 8325
4001 4122 8095
4144 4148 8286
4184 4190 8368
4199 4200 8390
4115 4173 8282
4115 4191 8273
4184 4186 8331
4101 4163 8234
4020 4062 8069
4014 4162 8161
4068 4178 8218
4029 4122 8128
4042 4164 8196
4172 4183 8324
4031 4132 8159
4029 4043 8062
4189 4194 8364
4081 4093 8149
4154 4170 8295
4194 4197 8358
4072 4148 8208
4050 4059 8076
4127 4196 8300
4175 4195 8365
4183 4195 8372
4101 4165 8233
4128 4188 8297
4153 4164 8282
4009 4197 8179
4130 4182 8311
4065 4067 8117
4050 4125 8174
4055 4117 8161
4169 4187 8335
4082 4178 8250
4044 4119 8128
4093 4145 8234
4157 4169 8325
4097 4172 8263
4064 4144 8176
4017 4100 8109
4177 4179 8342
4047 4087 8118
4191 4195 8351
4049 4134 8164
4162 4166 8310
4154 4182 8321
4119 4128 8222
4104 4169 8246
4045 4082 8093
4146 4167 8311
4194 4198 8369
4179 4185 8343
4042 4185 8189
4143 4175 8309
4035 4147 8174
4017 4134 8144
4032 4112 8134
4186 4196 8372
4035 4197 8203
4106 4115 8186
4034 4060 8074
4026 4096 8093
4131 4170 8277
4145 4151 8291
4026 4100 8110
4139 4177 8292
4057 4146 8177
4188 4197 8372
4188 4192 8352
4041 4108 8147
4128 4146 8269
4130 4162 8283
4118 4151 8245
4018 4174 8163
4090 4101 8177
4190 4196 8384
4110 4189 8263
4101 4147 8225
4113 4141 8230
4187 4200 8370
4148 4175 8312
4060 4071 8118
4030 4149 8145
4191 4196 8368
4010 4096 8105
4049 4158 8201
4089 4116 8194
4053 4196 8236
4169 4196 8342
4056 4117 8143
4186 4199 8349
4109 4193 8276
4109 4114 8215
4177 4182 8358
4055 4088 8125
4102 4157 8242
4018 4067 8077
4121 4198 8308
4079 4080 8122
4007 4190 8186
4120 4151 8257
4072 4087 8121
4093 4185 8243
4089 4154 8233
4141 4183 8289
4021 4087 8089
4088 4149 8225
4033 4095 8104
4106 4194 8272
4064 4162 8225
4138 4146 8247
4188 4199 8376
4056 4079 8127
4064 4185 8236
4007 4127 8128
4027 4106 8126
4019 4188 8204
4126 4146 8268
4152 4192 8327
4089 4118 8198
4063 4089 8139
4161 4198 8350
4144 4158 8296
4050 4086 8124
4186 4195 8345
4147 4197 8314
4023 4159 8172
4166 4168 8323
4043 4200 8215
4100 4151 8246
4141 4180 8313
4013 4054 8062
4137 4165 8295
4197 4199 8361
4128 4150 8255
4133 4171 8301
4013 4161 8163
4095 4154 8227
4064 4135 8196
4170 4190 8336
4052 4098 8134
4116 4146 8251
4058 4154 8201
4036 4155 8175
4063 4075 8124
4061 4145 8193
4044 4070 8086
4063 4110 8141
4013 4039 8028
4006 4119 8103

0.010000 0.270000
