700
2591738
3161 3163 6324
3005 3186 6191
3050 3134 6184
3050 3154 6204
3036 3071 6107
3086 3096 6182
3028 3188 6216
3036 3067 6103
3138 3196 6334
3168 3197 6365
3178 3180 6358
3073 3188 6261
3175 3195 6370
3198 3200 6398
3163 3182 6345
3130 3161 6291
3162 3191 6353
3145 3155 6300
3188 3192 6380
3063 3140 6203
3131 3180 6311
3001 3179 6180
3046 3115 6161
3058 3097 6155
3034 3127 6161
3019 3147 6166
3019 3068 6087
3012 3148 6160
3181 3192 6373
3179 3184 6363
3101 3187 6288
3174 3183 6357
3057 3139 6196
3114 3159 6273
3039 3067 6106
3034 3176 6210
3085 3183 6268
3051 3080 6131
3184 3200 6384
3186 3197 6383
3122 3128 6250
3146 3161 6307
3108 3168 6276
3112 3116 6228
3135 3187 6322
3094 3133 6227
3061 3200 6261
3112 3119 6231
3156 3157 6313
3105 3117 6222
3018 3131 6149
3099 3140 6239
3165 3182 6347
3045 3195 6240
3118 3162 6280
3093 3109 6202
3074 3198 6272
3088 3185 6273
3083 3188 6271
3136 3179 6315
3019 3193 6212
3178 3182 6360
3088 3155 6243
3033 3190 6223
3081 3163 6244
3086 3091 6177
3168 3185 6353
3019 3029 6048
3042 3096 6138
3048 3157 6205
3093 3193 6286
3179 3189 6368
3148 3168 6316
3069 3076 6145
3004 3078 6082
3155 3165 6320
3150 3177 6327
3008 3050 6058
3154 3174 6328
3115 3161 6276
3178 3185 6363
3132 3148 6280
3111 3113 6224
3036 3150 6186
3047 3135 6182
3084 3111 6195
3034 3088 6122
3134 3139 6273
3103 3143 6246
3003 3161 6164
3101 3180 6281
3092 3172 6264
3188 3200 6388
3024 3129 6153
3033 3104 6137
3157 3186 6343
3071 3151 6222
3082 3092 6174
3093 3150 6243
3030 3160 6190
3107 3148 6255
3188 3196 6384
3090 3149 6239
3030 3122 6152
3111 3124 6235
3082 3116 6198
3010 3189 6199
3074 3093 6167
3018 3057 6075
3132 3198 6330
3178 3186 6364
3138 3194 6332
3036 3144 6180
3009 3183 6192
3189 3193 6382
3027 3168 6195
3138 3199 6337
3112 3132 6244
3019 3023 6042
3021 3097 6118
3169 3181 6350
3043 3088 6131
3129 3164 6293
3135 3179 6314
3031 3102 6133
3164 3166 6330
3041 3102 6143
3018 3191 6209
3109 3166 6275
3140 3199 6339
3061 3133 6194
3051 3118 6169
3001 3031 6032
3009 3195 6204
3192 3194 6386
3004 3021 6025
3179 3185 6364
3199 3200 6399
3126 3155 6281
3076 3125 6201
3062 3160 6222
3010 3123 6133
3181 3199 6380
3062 3069 6131
3177 3194 6371
3026 3033 6059
3162 3195 6357
3159 3193 6352
3181 3200 6381
3176 3197 6373
3112 3166 6278
3011 3110 6121
3057 3133 6190
3064 3085 6149
3150 3171 6321
3026 3187 6213
3012 3016 6028
3142 3176 6318
3137 3156 6293
3071 3188 6259
3043 3088 6131
3069 3181 6250
3185 3195 6380
3001 3019 6020
3195 3197 6392
3070 3128 6198
3191 3199 6390
3181 3189 6370
3152 3155 6307
3013 3191 6204
3015 3056 6071
3170 3186 6356
3119 3193 6312
3082 3127 6209
3018 3057 6075
3182 3193 6375
3017 3052 6069
3182 3188 6370
3176 3182 6358
3017 3144 6161
3176 3195 6371
3148 3158 6306
3163 3189 6352
3008 3047 6055
3022 3167 6189
3058 3147 6205
3110 3133 6243
3117 3175 6292
3179 3197 6376
3190 3198 6388
3078 3197 6275
3188 3198 6386
3087 3154 6241
3022 3195 6217
3074 3197 6271
3065 3103 6168
3049 3092 6141
3155 3198 6353
3127 3178 6305
3056 3179 6235
3007 3045 6052
3157 3168 6325
3175 3199 6374
3092 3128 6220
3151 3152 6303
3172 3179 6351
3194 3196 6390
3179 3190 6369
3108 3123 6231
3181 3193 6374
3132 3145 6277
3185 3188 6373
3044 3163 6207
3092 3119 6211
3130 3190 6320
3100 3194 6294
3120 3178 6298
3097 3121 6218
3183 3189 6372
3031 3185 6216
3037 3084 6121
3165 3174 6339
3179 3193 6372
3091 3110 6201
3067 3196 6263
3021 3086 6107
3125 3131 6256
3194 3196 6390
3140 3187 6327
3040 3183 6223
3080 3103 6183
3141 3144 6285
3119 3136 6255
3069 3082 6151
3188 3189 6377
3081 3087 6168
3069 3137 6206
3169 3179 6348
3094 3186 6280
3012 3044 6056
3074 3160 6234
3167 3190 6357
3097 3183 6280
3046 3055 6101
3120 3194 6314
3160 3168 6328
3054 3200 6254
3021 3187 6208
3048 3166 6214
3021 3131 6152
3002 3071 6073
3121 3160 6281
3010 3129 6139
3113 3182 6295
3159 3198 6357
3145 3172 6317
3071 3083 6154
3100 3170 6270
3037 3120 6157
3101 3113 6214
3035 3108 6143
3189 3194 6383
3145 3188 6333
3197 3198 6395
3064 3098 6162
3031 3180 6211
3039 3161 6200
3137 3167 6304
3073 3127 6200
3079 3194 6273
3171 3184 6355
3194 3195 6389
3140 3162 6302
3092 3161 6253
3030 3192 6222
3049 3080 6129
3164 3168 6332
3064 3120 6184
3015 3049 6064
3158 3162 6320
3069 3193 6262
3150 3169 6319
3031 3181 6212
3106 3159 6265
3136 3186 6322
3003 3014 6017
3049 3065 6114
3105 3189 6294
3025 3173 6198
3065 3152 6217
3033 3179 6212
3138 3149 6287
3150 3187 6337
3058 3180 6238
3164 3181 6345
3000 3119 6119
3027 3150 6177
3194 3197 6391
3103 3152 6255
3165 3169 6334
3116 3128 6244
3135 3170 6305
3036 3142 6178
3149 3154 6303
3170 3181 6351
3052 3089 6141
3186 3198 6384
3073 3140 6213
3088 3117 6205
3172 3180 6352
3045 3191 6236
3077 3181 6258
3015 3078 6093
3172 3175 6347
3093 3154 6247
3171 3193 6364
3081 3191 6272
3068 3147 6215
3026 3096 6122
3001 3164 6165
3163 3187 6350
3030 3196 6226
3032 3046 6078
3048 3125 6173
3126 3131 6257
3095 3152 6247
3183 3185 6368
3173 3185 6358
3127 3131 6258
3085 3105 6190
3054 3082 6136
3197 3200 6397
3069 3078 6147
3130 3199 6329
3000 3026 6026
3052 3114 6166
3058 3118 6176
3112 3180 6292
3183 3192 6375
3167 3185 6352
3189 3192 6381
3108 3112 6220
3047 3153 6200
3194 3199 6393
3191 3194 6385
3087 3156 6243
3142 3185 6327
3132 3168 6300
3092 3155 6247
3122 3136 6258
3178 3187 6365
3185 3188 6373
3148 3185 6333
3114 3153 6267
3179 3183 6362
3079 3098 6177
3018 3118 6136
3036 3072 6108
3099 3191 6290
3093 3187 6280
3116 3121 6237
3010 3087 6097
3090 3147 6237
3168 3193 6361
3124 3181 6305
3174 3196 6370
3126 3168 6294
3160 3180 6340
3078 3197 6275
3014 3167 6181
3163 3175 6338
3074 3099 6173
3018 3125 6143
3088 3112 6200
3006 3181 6187
3175 3176 6351
3036 3168 6204
3199 3200 6399
3192 3193 6385
3140 3169 6309
3105 3157 6262
3143 3168 6311
3073 3193 6266
3154 3190 6344
3021 3100 6121
3181 3184 6365
3186 3199 6385
3176 3196 6372
3138 3165 6303
3177 3194 6371
3119 3169 6288
3016 3142 6158
3123 3186 6309
3008 3060 6068
3140 3156 6296
3143 3186 6329
3193 3195 6388
3141 3161 6302
3119 3151 6270
3112 3191 6303
3197 3200 6397
3039 3159 6198
3198 3199 6397
3107 3133 6240
3048 3087 6135
3120 3168 6288
3187 3193 6380
3065 3078 6143
3062 3115 6177
3157 3169 6326
3116 3188 6304
3075 3134 6209
3041 3046 6087
3065 3138 6203
3087 3090 6177
3188 3192 6380
3117 3168 6285
3031 3055 6086
3053 3180 6233
3115 3178 6293
3151 3193 6344
3103 3183 6286
3029 3109 6138
3076 3084 6160
3139 3161 6300
3031 3176 6207
3060 3190 6250
3153 3196 6349
3109 3170 6279
3125 3194 6319
3195 3200 6395
3197 3198 6395
3192 3193 6385
3076 3093 6169
3090 3170 6260
3041 3094 6135
3133 3144 6277
3101 3178 6279
3059 3080 6139
3130 3162 6292
3046 3073 6119
3143 3145 6288
3154 3174 6328
3018 3120 6138
3075 3189 6264
3178 3199 6377
3043 3188 6231
3118 3158 6276
3148 3190 6338
3039 3154 6193
3147 3200 6347
3007 3199 6206
3040 3146 6186
3188 3194 6382
3123 3168 6291
3100 3186 6286
3164 3198 6362
3167 3190 6357
3034 3131 6165
3095 3183 6278
3088 3137 6225
3048 3137 6185
3050 3147 6197
3118 3188 6306
3174 3180 6354
3155 3182 6337
3102 3110 6212
3053 3071 6124
3019 3082 6101
3085 3149 6234
3145 3172 6317
3114 3129 6243
3139 3148 6287
3055 3056 6111
3002 3044 6046
3017 3136 6153
3136 3138 6274
3096 3199 6295
3142 3197 6339
3120 3162 6282
3194 3195 6389
3191 3197 6388
3126 3159 6285
3093 3177 6270
3141 3158 6299
3033 3058 6091
3010 3121 6131
3054 3106 6160
3199 3200 6399
3080 3165 6245
3174 3187 6361
3097 3127 6224
3168 3178 6346
3116 3163 6279
3092 3131 6223
3196 3200 6396
3055 3200 6255
3046 3094 6140
3089 3155 6244
3151 3187 6338
3170 3184 6354
3050 3053 6103
3108 3134 6242
3145 3193 6338
3093 3158 6251
3091 3177 6268
3187 3198 6385
3015 3134 6149
3070 3161 6231
3093 3166 6259
3064 3157 6221
3092 3121 6213
3136 3178 6314
3143 3200 6343
3044 3121 6165
3148 3193 6341
3046 3103 6149
3063 3174 6237
3010 3144 6154
3091 3189 6280
3147 3156 6303
3178 3188 6366
3119 3141 6260
3022 3193 6215
3175 3179 6354
3099 3116 6215
3168 3184 6352
3031 3044 6075
3155 3199 6354
3059 3107 6166
3004 3012 6016
3174 3186 6360
3168 3175 6343
3066 3182 6248
3155 3188 6343
3166 3185 6351
3165 3187 6352
3197 3200 6397
3030 3099 6129
3157 3164 6321
3111 3157 6268
3096 3153 6249
3097 3158 6255
3039 3154 6193
3093 3100 6193
3093 3120 6213
3086 3151 6237
3077 3124 6201
3164 3188 6352
3157 3195 6352
3187 3193 6380
3178 3183 6361
3048 3082 6130
3037 3182 6219
3174 3200 6374
3094 3137 6231
3084 3143 6227
3188 3197 6385
3111 3144 6255
3142 3192 6334
3027 3180 6207
3148 3154 6302
3159 3169 6328
3195 3197 6392
3183 3196 6379
3159 3192 6351
3039 3088 6127
3169 3198 6367
3009 3105 6114
3083 3129 6212
3147 3169 6316
3187 3189 6376
3115 3183 6298
3193 3198 6391
3145 3190 6335
3156 3197 6353
3154 3161 6315
3178 3193 6371
3092 3131 6223
3120 3200 6320
3126 3170 6296
3154 3161 6315
3181 3192 6373
3100 3149 6249
3014 3143 6157
3177 3182 6359
3067 3179 6246
3043 3168 6211
3160 3163 6323
3031 3183 6214
3194 3199 6393
3194 3196 6390
3062 3179 6241
3104 3128 6232
3130 3152 6282
3053 3054 6107
3071 3158 6229
3111 3171 6282
3192 3200 6392
3027 3139 6166
3059 3181 6240
3111 3178 6289
3050 3145 6195
3111 3142 6253
3120 3139 6259
3128 3139 6267
3087 3200 6287
3017 3171 6188
3045 3095 6140
3046 3116 6162
3037 3140 6177
3012 3160 6172
3013 3184 6197
3016 3053 6069
3047 3173 6220
3088 3188 6276
3158 3182 6340
3126 3181 6307
3158 3188 6346
3090 3155 6245
3153 3165 6318
3068 3139 6207
3102 3117 6219
3170 3195 6365
3084 3090 6174
3158 3190 6348
3084 3103 6187
3085 3115 6200
3142 3160 6302
3132 3184 6316
3190 3195 6385
3100 3119 6219
3011 3055 6066
3176 3195 6371
3043 3188 6231
3140 3156 6296
3088 3101 6189
3133 3137 6270
3180 3182 6362
3142 3193 6335
3192 3195 6387
3049 3145 6194
3187 3189 6376
3194 3200 6394
3128 3169 6297
3198 3200 6398
3050 3058 6108
3191 3192 6383
3095 3198 6293
3085 3153 6238
3031 3081 6112
3062 3193 6255
3033 3074 6107
3027 3142 6169
3134 3200 6334
3167 3176 6343
3126 3189 6315
3152 3167 6319
3054 3069 6123
3059 3125 6184
3126 3165 6291
3053 3178 6231
3153 3175 6328
3059 3087 6146
3168 3191 6359
3014 3192 6206
3094 3152 6246
3112 3160 6272
3130 3139 6269
3136 3148 6284
3128 3172 6300
3108 3165 6273
3163 3169 6332
3148 3192 6340
3036 3137 6173
3097 3154 6251
3127 3189 6316
3107 3191 6298
3167 3176 6343
3104 3164 6268
3114 3121 6235
3092 3179 6271
3069 3183 6252
3012 3069 6081
3192 3194 6386
3028 3191 6219
3097 3163 6260
3032 3096 6128
3019 3167 6186
3165 3177 6342
3065 3116 6181
3078 3199 6277
3070 3075 6145
3130 3180 6310
3080 3124 6204
3057 3068 6125
3098 3107 6205
3073 3089 6162
3098 3190 6288
3100 3102 6202

4009 4152 8135
4104 4160 8235
4012 4094 8080
4038 4111 8124
4139 4182 8308
4018 4097 8094
4149 4162 8280
4125 4177 8270
4150 4179 8296
4015 4121 8135
4166 4192 8328
4090 4104 8190
4044 4138 8167
4087 4148 8225
4137 4173 8277
4154 4184 8316
4193 4195 8385
4158 4181 8334
4184 4187 8362
4088 4126 8197
4181 4194 8374
4197 4198 8377
4165 4177 8304
4086 4197 8277
4177 4187 8350
4139 4173 8283
4179 4190 8362
4175 4196 8347
4192 4194 8368
4188 4190 8370
4029 4066 8080
4067 4169 8226
4136 4145 8257
4050 4065 8104
4023 4127 8145
4028 4168 8160
4096 4120 8200
4018 4136 8122
4084 4100 8165
4088 4158 8217
4195 4198 8387
4138 4168 8269
4199 4200 8381
4111 4167 8270
4029 4059 8058
4097 4194 8259
4181 4195 8357
4055 4132 8168
4149 4154 8302
4120 4166 8249
4058 4136 8182
4046 4090 8110
4148 4200 8322
4079 4171 8228
4178 4198 8369
4160 4188 8325
4181 4199 8369
4034 4142 8138
4171 4187 8336
4025 4092 8092
4052 4193 8219
4149 4200 8314
4129 4148 8243
4172 4192 8351
4163 4177 8331
4181 4185 8353
4169 4174 8311
4140 4181 8310
4010 4069 8052
4145 4152 8267
4114 4187 8266
4002 4097 8063
4111 4123 8210
4072 4149 8213
4088 4097 8166
4192 4195 8350
4111 4191 8268
4069 4165 8206
4195 4198 8368
4054 4091 8132
4026 4176 8178
4023 4188 8195
4175 4179 8330
4003 4108 8083
4181 4187 8350
4197 4198 8390
4036 4089 8106
4005 4018 7988
4091 4136 8194
4098 4197 8285
4080 4191 8237
4019 4027 8045
4197 4199 8387
4188 4198 8359
4115 4146 8242
4026 4088 8102
4196 4198 8364
4027 4198 8215
4164 4167 8295
4191 4198 8388
4155 4165 8285
4111 4167 8274
4170 4181 8314
4052 4086 8111
4186 4199 8368
4139 4177 8293
4012 4171 8148
4022 4191 8202
4112 4123 8217
4121 4131 8242
4100 4132 8193
4054 4084 8119
4032 4068 8075
4109 4127 8198
4128 4168 8290
4013 4054 8048
4047 4185 8202
4069 4188 8241
4043 4055 8093
4173 4200 8363
4085 4185 8238
4081 4175 8239
4148 4198 8309
4006 4136 8114
4193 4195 8351
4111 4143 8232
4132 4184 8300
4117 4167 8250
4105 4112 8180
4138 4199 8330
4085 4147 8225
4044 4179 8219
4026 4139 8160
4140 4167 8293
4025 4181 8170
4021 4115 8100
4188 4193 8343
4153 4163 8294
4009 4111 8082
4112 4162 8251
4114 4116 8197
4181 4192 8336
4095 4127 8220
4063 4194 8221
4144 4175 8281
4112 4121 8225
4013 4075 8065
4159 4173 8295
4172 4173 8332
4025 4055 8070
4182 4189 8368
4017 4194 8175
4113 4168 8272
4064 4084 8118
4044 4077 8100
4025 4098 8101
4170 4192 8354
4072 4076 8125
4004 4130 8098
4006 4108 8083
4076 4142 8185
4067 4104 8144
4175 4193 8355
4155 4170 8315
4143 4146 8276
4000 4043 8027
4074 4122 8174
4166 4185 8316
4053 4109 8129
4058 4108 8143
4151 4157 8299
4158 4196 8317
4155 4187 8305
4027 4103 8092
4165 4178 8316
4057 4153 8190
4048 4191 8227
4129 4166 8266
4053 4197 8217
4166 4178 8337
4003 4023 8018
4103 4123 8190
4086 4196 8248
4096 4109 8168
4137 4186 8301
4054 4110 8146
4043 4065 8085
4196 4200 8393
4111 4166 8263
4069 4115 8163
4106 4112 8217
4020 4124 8125
4164 4195 8342
4022 4076 8075
4008 4024 8026
4133 4138 8266
4050 4137 8158
4138 4194 8329
4155 4183 8309
4077 4133 8205
4062 4088 8115
4160 4184 8309
4175 4188 8345
4008 4069 8057
4197 4199 8379
4113 4170 8278
4141 4158 8285
4117 4151 8242
4105 4161 8240
4152 4183 8301
4009 4186 8187
4188 4189 8351
4180 4194 8341
4192 4197 8358
4170 4176 8311
4034 4066 8091
4188 4195 8381
4053 4061 8078
4047 4156 8187
4096 4168 8232
4087 4153 8232
4078 4186 8231
4095 4149 8212
4024 4108 8099
4033 4099 8120
4011 4163 8170
4160 4171 8311
4001 4138 8115
4115 4140 8252
4012 4109 8104
4060 4121 8155
4052 4156 8191
4133 4143 8254
4026 4090 8109
4153 4191 8325
4167 4183 8334
4095 4113 8171
4169 4197 8347
4104 4177 8260
4026 4137 8135
4147 4171 8306
4132 4175 8273
4136 4162 8283
4192 4199 8389
4199 4200 8367
4019 4130 8134
4099 4195 8259
4096 4170 8263
4138 4142 8278
4027 4196 8215
4024 4047 8051
4188 4191 8368
4100 4169 8261
4053 4089 8107
4010 4192 8166
4121 4140 8239
4154 4164 8293
4065 4120 8153
4104 4159 8259
4175 4185 8329
4162 4164 8315
4124 4139 8232
4094 4101 8183
4187 4197 8355
4027 4120 8143
4183 4198 8355
4084 4105 8160
4090 4136 8208
4089 4198 8257
4073 4086 8128
4085 4087 8147
4137 4157 8289
4119 4134 8249
4087 4146 8221
4059 4191 8237
4170 4187 8354
4180 4195 8344
4130 4176 8282
4152 4176 8303
4113 4153 8256
4003 4030 8023
4001 4061 8052
4079 4137 8182
4088 4197 8248
4037 4164 8172
4161 4167 8319
4172 4197 8339
4079 4142 8208
4105 4130 8214
4082 4193 8244
4112 4133 8224
4087 4105 8186
4007 4029 8012
4123 4158 8276
4177 4179 8322
4016 4025 8030
4145 4146 8289
4088 4164 8244
4105 4159 8225
4186 4199 8379
4082 4107 8175
4146 4157 8276
4197 4200 8391
4072 4197 8266
4099 4194 8280
4023 4157 8155
4097 4107 8180
4099 4147 8233
4035 4138 8155
4075 4092 8146
4026 4167 8165
4157 4173 8296
4103 4191 8265
4095 4185 8245
4043 4147 8182
4196 4197 8364
4146 4150 8276
4009 4125 8125
4084 4133 8200
4042 4089 8122
4173 4181 8346
4084 4197 8244
4023 4123 8119
4058 4064 8102
4058 4092 8134
4000 4050 8049
4180 4187 8338
4077 4089 8143
4061 4190 8242
4093 4130 8205
4015 4150 8156
4149 4195 8328
4132 4173 8267
4019 4108 8106
4168 4175 8331
4025 4122 8113
4113 4153 8256
4013 4174 8154
4107 4164 8270
4106 4192 8285
4133 4179 8291
4087 4119 8179
4032 4056 8086
4133 4175 8276
4102 4158 8229
4157 4181 8328
4118 4122 8237
4169 4170 8314
4195 4197 8387
4054 4134 8154
4067 4150 8192
4019 4174 8179
4182 4184 8363
4088 4143 8215
4038 4048 8056
4191 4194 8347
4075 4124 8161
4093 4195 8284
4088 4196 8249
4146 4172 8293
4193 4197 8375
4109 4116 8187
4015 4109 8115
4029 4146 8152
4022 4116 8110
4006 4062 8061
4173 4197 8342
4092 4172 8252
4087 4093 8163
4121 4198 8284
4073 4183 8243
4175 4187 8348
4096 4182 8270
4142 4166 8271
4195 4196 8390
4016 4116 8114
4032 4082 8093
4099 4182 8243
4101 4110 8205
4150 4184 8314
4144 4151 8265
4064 4129 8169
4088 4117 8188
4193 4198 8372
4101 4164 8233
4174 4178 8338
4028 4129 8131
4183 4195 8349
4051 4147 8183
4184 4199 8377
4036 4076 8085
4165 4170 8318
4196 4199 8379
4146 4151 8275
4033 4171 8195
4194 4198 8380
4056 4078 8109
4193 4195 8378
4141 4158 8276
4103 4129 8209
4095 4117 8187
4107 4125 8229
4082 4175 8249
4043 4070 8097
4077 4124 8184
4128 4179 8278
4027 4096 8121
4118 4170 8273
4173 4177 8336
4056 4166 8203
4091 4098 8157
4132 4138 8252
4081 4127 8197
4182 4185 8357
4164 4193 8326
4044 4126 8150
4104 4111 8197
4117 4146 8242
4194 4198 8367
4009 4082 8065
4192 4197 8377
4066 4141 8183
4009 4198 8187
4048 4179 8210
4165 4177 8335
4002 4037 8006
4036 4081 8101
4130 4151 8261
4099 4136 8215
4117 4126 8225
4111 4182 8258
4028 4147 8171
4048 4091 8138
4026 4040 8056
4182 4194 8346
4029 4050 8056
4149 4164 8294
4044 4128 8144
4183 4200 8376
4088 4105 8184
4141 4186 8304
4197 4200 8371
4181 4185 8363
4162 4180 8326
4078 4198 8264
4098 4181 8265
4095 4144 8219
4197 4200 8359
4136 4151 8272
4087 4182 8236
4104 4181 8283
4069 4135 8200
4004 4024 8022
4011 4062 8041
4071 4148 8205
4178 4191 8335
4006 4191 8176
4078 4113 8154
4184 4199 8381
4015 4058 8060
4037 4059 8084
4186 4196 8357
4076 4085 8131
4139 4192 8293
4161 4174 8330
4096 4179 8256
4127 4184 8307
4045 4131 8172
4142 4198 8325
4100 4133 8206
4040 4140 8156
4045 4060 8093
4160 4161 8293
4082 4094 8154
4038 4102 8129
4176 4196 8342
4103 4123 8200
4146 4161 8298
4064 4179 8242
4171 4178 8346
4189 4199 8380
4178 4197 8339
4189 4191 8343
4147 4185 8310
4077 4167 8220
4035 4086 8084
4037 4137 8143
4076 4137 8196
4030 4154 8162
4030 4050 8052
4006 4064 8038
4040 4115 8140
4015 4162 8165
4128 4152 8255
4107 4187 8272
4010 4164 8165
4196 4198 8361
4027 4126 8122
4162 4171 8326
4116 4159 8255
4178 4200 8364
4118 4147 8247
4117 4172 8269
4109 4169 8247
4063 4182 8221
4167 4173 8330
4020 4076 8087
4094 4119 8211
4013 4157 8135
4039 4090 8108
4031 4168 8167
4094 4106 8174
4192 4193 8363
4119 4161 8244
4081 4125 8196
4084 4188 8238
4029 4055 8055
4034 4183 8186
4171 4197 8342
4133 4182 8288
4157 4195 8329
4146 4191 8316
4198 4199 8365
4190 4195 8346
4169 4181 8336
4006 4017 8020
4093 4111 8176
4187 4191 8363
4152 4195 8342
4060 4183 8229
4138 4167 8271
4193 4194 8366
4167 4174 8315
4099 4124 8221
4055 4143 8164
4072 4135 8176
4120 4155 8239
4036 4105 8108
4087 4176 8237
4125 4165 8275
4054 4105 8139
4169 4172 8330
4014 4100 8095
4031 4115 8120
4047 4069 8114
4062 4120 8178
4045 4082 8101
4103 4108 8203
4034 4043 8040
4111 4145 8252
4186 4200 8366
4005 4068 8045
4043 4191 8201
4106 4111 8215
4183 4189 8356
4128 4170 8278
4092 4127 8187
4038 4039 8055
4074 4098 8162
4117 4159 8247
4037 4112 8130
4027 4051 8072
4133 4145 8262
4076 4168 8242
4015 4160 8170
4155 4163 8300
4174 4190 8343
4063 4150 8200
4013 4118 8114
4000 4030 7995
4032 4196 8212
4028 4067 8087
4163 4188 8331
4168 4175 8313
4107 4168 8244
4045 4156 8165
4100 4126 8194
4055 4121 8141
4009 4184 8184
4116 4156 8246
4158 4169 8301
4019 4054 8059
4010 4101 8104
4156 4191 8324
4024 4058 8063
4053 4176 8220
4154 4186 8303
4142 4164 8283
4030 4086 8113
4078 4191 8232
4065 4144 8198
4185 4189 8371
4163 4196 8324
4191 4196 8386
4059 4154 8182
4053 4189 8206
4112 4175 8273
4141 4153 8270
4009 4153 8133
4145 4182 8325
4028 4180 8182
4101 4191 8285
4047 4070 8107
4115 4184 8292
4037 4049 8056
4020 4115 8105
4118 4137 8225
4072 4099 8157
4133 4178 8307
4073 4199 8257
4036 4037 8044
4020 4071 8079
4120 4194 8307
4054 4170 8208
4154 4173 8303
4187 4191 8352
4140 4146 8260
4092 4096 8185
4103 4138 8221
4073 4115 8179
4129 4150 8266
4031 4153 8153
4139 4170 8308
4110 4160 8237
4186 4191 8354
4010 4068 8073
4029 4109 8122
4165 4197 8359
4044 4092 8120
4027 4194 8204
4112 4194 8294
4119 4151 8236
4159 4173 8312
4105 4166 8246
4187 4194 8355
4123 4184 8295
4026 4134 8125
4012 4080 8075
4176 4178 8319
4120 4148 8243
4140 4195 8317
4157 4179 8329
4087 4102 8160
4166 4198 8328
4167 4191 8349
4088 4187 8244
4179 4194 8360
4065 4079 8106
4071 4177 8230
4055 4063 8115
4085 4139 8219
4047 4068 8104
4115 4176 8276
4009 4070 8063
4111 4165 8256
4084 4190 8240
4002 4049 8029
4002 4028 8016
4019 4154 8166
4139 4175 8287
4186 4193 8360
4091 4118 8200
4052 4198 8235
4055 4156 8190
4141 4168 8285
4045 4071 8100
4109 4141 8246
4003 4189 8174
4076 4123 8182
4185 4199 8372
4088 4173 8223
4062 4101 8144
4151 4172 8296
4004 4189 8180
4121 4164 8270
4058 4161 8204
4037 4072 8084
4073 4194 8263
4124 4200 8290
4063 4107 8156
4073 4074 8146
4070 4168 8221
4156 4175 8303
4011 4094 8094
4046 4166 8177
4139 4198 8322
4182 4197 8364
4068 4090 8144
4148 4184 8324
4080 4160 8207
4172 4193 8343
4024 4146 8165
4002 4042 8026
4190 4193 8348
4045 4178 8207
4060 4114 8163
4181 4192 8346
4008 4016 8015
4068 4170 8216
4195 4199 8387

0.010000 0.450000
