700
1441216
3163 3178 6341
3056 3113 6169
3138 3178 6316
3078 3102 6180
3186 3192 6378
3108 3145 6253
3150 3189 6339
3003 3200 6203
3199 3200 6399
3157 3187 6344
3151 3180 6331
3034 3093 6127
3039 3133 6172
3103 3142 6245
3170 3196 6366
3067 3192 6259
3115 3136 6251
3136 3181 6317
3128 3188 6316
3026 3086 6112
3003 3179 6182
3022 3192 6214
3150 3187 6337
3164 3173 6337
3171 3195 6366
3028 3155 6183
3101 3148 6249
3005 3138 6143
3018 3102 6120
3114 3184 6298
3180 3188 6368
3007 3156 6163
3040 3065 6105
3005 3197 6202
3037 3045 6082
3053 3059 6112
3103 3106 6209
3015 3153 6168
3005 3178 6183
3160 3194 6354
3101 3150 6251
3175 3177 6352
3135 3141 6276
3049 3136 6185
3113 3194 6307
3003 3199 6202
3035 3089 6124
3056 3124 6180
3107 3131 6238
3028 3131 6159
3098 3144 6242
3100 3126 6226
3128 3151 6279
3146 3155 6301
3061 3165 6226
3060 3076 6136
3070 3146 6216
3002 3174 6176
3055 3173 6228
3060 3198 6258
3116 3179 6295
3173 3191 6364
3031 3135 6166
3036 3136 6172
3149 3153 6302
3178 3185 6363
3082 3145 6227
3133 3136 6269
3078 3119 6197
3143 3186 6329
3119 3191 6310
3140 3197 6337
3038 3138 6176
3179 3182 6361
3092 3128 6220
3068 3197 6265
3165 3200 6365
3014 3177 6191
3025 3164 6189
3014 3078 6092
3063 3126 6189
3117 3174 6291
3084 3129 6213
3028 3070 6098
3051 3059 6110
3136 3149 6285
3004 3083 6087
3198 3199 6397
3142 3163 6305
3054 3086 6140
3145 3173 6318
3180 3199 6379
3173 3180 6353
3012 3041 6053
3091 3128 6219
3053 3118 6171
3003 3109 6112
3073 3140 6213
3129 3181 6310
3182 3198 6380
3166 3175 6341
3012 3164 6176
3189 3190 6379
3062 3093 6155
3192 3199 6391
3097 3191 6288
3094 3176 6270
3001 3112 6113
3125 3143 6268
3130 3149 6279
3118 3185 6303
3084 3194 6278
3040 3131 6171
3155 3174 6329
3195 3197 6392
3193 3197 6390
3130 3144 6274
3056 3085 6141
3059 3072 6131
3074 3090 6164
3069 3180 6249
3185 3194 6379
3147 3169 6316
3042 3160 6202
3005 3175 6180
3022 3132 6154
3169 3181 6350
3194 3195 6389
3064 3178 6242
3064 3123 6187
3147 3153 6300
3169 3187 6356
3063 3180 6243
3000 3084 6084
3111 3148 6259
3031 3191 6222
3045 3136 6181
3171 3186 6357
3060 3115 6175
3131 3182 6313
3095 3110 6205
3109 3123 6232
3119 3157 6276
3130 3134 6264
3012 3150 6162
3005 3097 6102
3162 3168 6330
3179 3186 6365
3167 3188 6355
3033 3052 6085
3105 3145 6250
3169 3185 6354
3122 3138 6260
3107 3170 6277
3127 3189 6316
3128 3147 6275
3068 3185 6253
3092 3176 6268
3041 3050 6091
3083 3129 6212
3125 3175 6300
3104 3154 6258
3024 3087 6111
3196 3198 6394
3177 3189 6366
3081 3159 6240
3044 3128 6172
3038 3144 6182
3060 3169 6229
3152 3154 6306
3022 3044 6066
3039 3150 6189
3021 3140 6161
3168 3187 6355
3070 3104 6174
3001 3024 6025
3117 3156 6273
3045 3159 6204
3191 3194 6385
3178 3199 6377
3136 3144 6280
3189 3196 6385
3119 3124 6243
3082 3154 6236
3164 3200 6364
3180 3187 6367
3123 3156 6279
3125 3176 6301
3162 3185 6347
3070 3161 6231
3010 3113 6123
3097 3118 6215
3099 3166 6265
3057 3091 6148
3023 3129 6152
3074 3097 6171
3085 3142 6227
3025 3143 6168
3116 3135 6251
3091 3115 6206
3029 3132 6161
3135 3186 6321
3101 3197 6298
3015 3067 6082
3053 3100 6153
3187 3189 6376
3043 3105 6148
3168 3194 6362
3081 3127 6208
3057 3117 6174
3010 3041 6051
3079 3111 6190
3055 3178 6233
3138 3167 6305
3077 3173 6250
3069 3143 6212
3149 3162 6311
3036 3095 6131
3095 3123 6218
3153 3188 6341
3191 3197 6388
3068 3110 6178
3148 3168 6316
3099 3132 6231
3193 3194 6387
3130 3148 6278
3065 3181 6246
3176 3180 6356
3073 3091 6164
3094 3109 6203
3089 3093 6182
3190 3195 6385
3168 3171 6339
3193 3196 6389
3097 3138 6235
3146 3193 6339
3017 3110 6127
3174 3187 6361
3077 3119 6196
3119 3141 6260
3122 3172 6294
3074 3164 6238
3060 3070 6130
3113 3134 6247
3147 3182 6329
3025 3185 6210
3122 3199 6321
3003 3121 6124
3188 3197 6385
3154 3160 6314
3052 3190 6242
3005 3026 6031
3036 3148 6184
3190 3199 6389
3096 3164 6260
3138 3165 6303
3134 3175 6309
3013 3034 6047
3181 3196 6377
3152 3175 6327
3134 3135 6269
3144 3173 6317
3184 3197 6381
3184 3188 6372
3149 3163 6312
3182 3195 6377
3089 3105 6194
3128 3151 6279
3080 3127 6207
3032 3182 6214
3109 3115 6224
3031 3087 6118
3079 3096 6175
3040 3049 6089
3197 3199 6396
3145 3185 6330
3140 3168 6308
3089 3122 6211
3126 3166 6292
3011 3079 6090
3113 3181 6294
3096 3128 6224
3081 3138 6219
3144 3148 6292
3047 3153 6200
3003 3094 6097
3022 3142 6164
3116 3163 6279
3076 3176 6252
3168 3188 6356
3084 3189 6273
3049 3071 6120
3004 3146 6150
3065 3118 6183
3028 3119 6147
3176 3182 6358
3068 3124 6192
3061 3157 6218
3110 3162 6272
3058 3150 6208
3082 3086 6168
3027 3172 6199
3107 3200 6307
3167 3193 6360
3152 3190 6342
3106 3170 6276
3060 3147 6207
3142 3194 6336
3073 3086 6159
3164 3188 6352
3098 3172 6270
3005 3145 6150
3084 3106 6190
3028 3039 6067
3023 3173 6196
3066 3068 6134
3185 3198 6383
3068 3112 6180
3061 3133 6194
3124 3176 6300
3130 3161 6291
3140 3194 6334
3006 3141 6147
3155 3175 6330
3156 3181 6337
3103 3181 6284
3074 3113 6187
3159 3189 6348
3013 3046 6059
3144 3145 6289
3039 3187 6226
3167 3180 6347
3135 3198 6333
3181 3200 6381
3006 3109 6115
3175 3190 6365
3196 3200 6396
3042 3094 6136
3170 3192 6362
3040 3058 6098
3124 3187 6311
3144 3161 6305
3078 3090 6168
3154 3174 6328
3149 3166 6315
3167 3196 6363
3166 3188 6354
3172 3193 6365
3019 3133 6152
3177 3192 6369
3182 3183 6365
3103 3177 6280
3128 3134 6262
3017 3182 6199
3026 3195 6221
3127 3189 6316
3172 3180 6352
3036 3094 6130
3013 3048 6061
3171 3194 6365
3128 3141 6269
3013 3164 6177
3173 3187 6360
3191 3193 6384
3063 3106 6169
3183 3186 6369
3142 3199 6341
3192 3199 6391
3189 3197 6386
3054 3114 6168
3166 3180 6346
3183 3188 6371
3180 3188 6368
3055 3184 6239
3033 3176 6209
3041 3154 6195
3117 3194 6311
3168 3170 6338
3013 3091 6104
3069 3126 6195
3123 3195 6318
3178 3193 6371
3184 3198 6382
3015 3179 6194
3030 3077 6107
3198 3199 6397
3104 3150 6254
3156 3164 6320
3110 3144 6254
3030 3138 6168
3131 3135 6266
3078 3081 6159
3181 3193 6374
3101 3166 6267
3056 3147 6203
3171 3197 6368
3058 3098 6156
3081 3191 6272
3012 3140 6152
3105 3193 6298
3138 3158 6296
3167 3189 6356
3065 3179 6244
3116 3143 6259
3033 3185 6218
3079 3148 6227
3004 3027 6031
3074 3108 6182
3082 3097 6179
3073 3120 6193
3149 3198 6347
3061 3171 6232
3147 3198 6345
3119 3162 6281
3100 3155 6255
3075 3122 6197
3116 3147 6263
3061 3199 6260
3185 3189 6374
3171 3185 6356
3096 3152 6248
3022 3119 6141
3148 3191 6339
3064 3186 6250
3164 3176 6340
3152 3164 6316
3047 3106 6153
3082 3200 6282
3192 3194 6386
3018 3183 6201
3184 3193 6377
3122 3186 6308
3067 3175 6242
3013 3101 6114
3170 3188 6358
3182 3199 6381
3115 3129 6244
3096 3117 6213
3190 3200 6390
3045 3118 6163
3165 3189 6354
3160 3167 6327
3141 3162 6303
3029 3119 6148
3146 3177 6323
3008 3193 6201
3129 3162 6291
3051 3139 6190
3194 3200 6394
3028 3051 6079
3061 3080 6141
3138 3157 6295
3004 3010 6014
3035 3058 6093
3049 3071 6120
3127 3144 6271
3062 3197 6259
3086 3151 6237
3090 3092 6182
3068 3074 6142
3041 3060 6101
3068 3099 6167
3121 3150 6271
3139 3180 6319
3128 3190 6318
3136 3200 6336
3130 3149 6279
3069 3099 6168
3171 3199 6370
3148 3176 6324
3096 3135 6231
3067 3198 6265
3079 3200 6279
3126 3127 6253
3142 3194 6336
3116 3168 6284
3183 3188 6371
3044 3110 6154
3032 3067 6099
3032 3065 6097
3160 3192 6352
3132 3161 6293
3075 3185 6260
3059 3071 6130
3145 3183 6328
3127 3138 6265
3186 3195 6381
3125 3135 6260
3145 3195 6340
3103 3104 6207
3074 3116 6190
3114 3170 6284
3021 3172 6193
3093 3147 6240
3152 3186 6338
3005 3137 6142
3098 3181 6279
3159 3175 6334
3081 3179 6260
3162 3194 6356
3111 3116 6227
3169 3183 6352
3153 3193 6346
3139 3152 6291
3158 3160 6318
3107 3133 6240
3016 3026 6042
3042 3066 6108
3164 3199 6363
3060 3132 6192
3009 3153 6162
3025 3030 6055
3134 3196 6330
3053 3118 6171
3116 3180 6296
3174 3176 6350
3134 3198 6332
3080 3177 6257
3174 3186 6360
3002 3092 6094
3046 3109 6155
3146 3186 6332
3143 3148 6291
3034 3038 6072
3156 3198 6354
3158 3192 6350
3140 3169 6309
3151 3197 6348
3007 3138 6145
3019 3124 6143
3134 3187 6321
3084 3193 6277
3192 3198 6390
3025 3175 6200
3162 3163 6325
3078 3109 6187
3163 3195 6358
3119 3161 6280
3178 3181 6359
3192 3193 6385
3032 3144 6176
3080 3115 6195
3051 3183 6234
3158 3163 6321
3028 3171 6199
3047 3170 6217
3192 3198 6390
3121 3139 6260
3133 3140 6273
3071 3129 6200
3030 3098 6128
3148 3154 6302
3086 3095 6181
3104 3198 6302
3184 3191 6375
3055 3118 6173
3047 3139 6186
3183 3199 6382
3078 3194 6272
3002 3131 6133
3080 3081 6161
3093 3135 6228
3122 3130 6252
3195 3198 6393
3111 3128 6239
3106 3141 6247
3187 3189 6376
3122 3193 6315
3143 3189 6332
3026 3193 6219
3092 3109 6201
3189 3198 6387
3107 3115 6222
3192 3194 6386
3087 3196 6283
3111 3122 6233
3179 3193 6372
3049 3144 6193
3190 3199 6389
3014 3145 6159
3109 3118 6227
3108 3138 6246
3033 3036 6069
3149 3164 6313
3144 3161 6305
3177 3195 6372
3102 3194 6296
3062 3130 6192
3164 3171 6335
3119 3140 6259
3062 3140 6202
3028 3111 6139
3165 3196 6361
3171 3198 6369
3124 3200 6324
3160 3174 6334
3138 3178 6316
3101 3165 6266
3091 3118 6209
3097 3167 6264
3073 3146 6219
3163 3179 6342
3071 3122 6193
3193 3197 6390
3181 3190 6371
3075 3084 6159
3076 3197 6273
3053 3104 6157
3009 3035 6044
3173 3176 6349
3014 3030 6044
3100 3165 6265
3166 3188 6354
3191 3196 6387
3032 3150 6182
3004 3059 6063
3155 3198 6353
3077 3155 6232
3017 3175 6192
3089 3154 6243
3021 3141 6162
3080 3143 6223
3083 3106 6189
3159 3187 6346
3031 3189 6220
3021 3038 6059
3037 3127 6164
3041 3188 6229
3082 3087 6169
3089 3106 6195
3107 3167 6274
3083 3090 6173
3016 3047 6063
3051 3199 6250
3043 3105 6148
3100 3116 6216
3086 3186 6272
3107 3108 6215
3011 3186 6197
3103 3186 6289
3104 3155 6259
3041 3173 6214
3185 3198 6383
3164 3165 6329
3120 3156 6276
3016 3117 6133
3139 3186 6325
3002 3049 6051
3081 3107 6188
3196 3199 6395
3168 3190 6358
3095 3156 6251
3104 3180 6284
3136 3181 6317
3197 3199 6396
3107 3114 6221
3108 3141 6249
3093 3191 6284
3068 3112 6180
3177 3199 6376
3096 3145 6241
3016 3140 6156
3026 3134 6160
3006 3198 6204
3030 3032 6062
3050 3168 6218
3119 3130 6249
3143 3194 6337
3198 3200 6398
3126 3147 6273
3147 3178 6325
3102 3150 6252
3102 3168 6270
3190 3199 6389
3071 3123 6194
3093 3130 6223
3027 3047 6074
3006 3062 6068
3097 3170 6267
3150 3168 6318
3137 3183 6320
3197 3199 6396
3003 3176 6179
3185 3190 6375
3175 3180 6355
3192 3195 6387
3198 3200 6398
3006 3101 6107
3182 3187 6369
3009 3115 6124
3082 3139 6221
3173 3180 6353
3171 3193 6364
3184 3194 6378
3145 3179 6324
3020 3117 6137
3058 3196 6254
3168 3187 6355
3124 3164 6288
3089 3169 6258

4168 4193 8344
4075 4198 8254
4097 4184 8246
4110 4200 8299
4158 4170 8315
4099 4194 8255
4186 4198 8346
4141 4169 8287
4019 4092 8089
4122 4190 8299
4142 4175 8314
4159 4196 8319
4139 4188 8302
4119 4134 8252
4166 4168 8295
4160 4164 8320
4069 4111 8173
4035 4038 8061
4004 4172 8157
4113 4126 8224
4175 4185 8323
4085 4095 8161
4183 4195 8349
4114 4134 8231
4153 4168 8308
4025 4122 8120
4119 4160 8275
4176 4197 8357
4068 4165 8221
4142 4199 8305
4194 4197 8357
4119 4191 8304
4156 4193 8327
4063 4106 8164
4181 4185 8362
4049 4161 8193
4122 4150 8255
4149 4158 8279
4038 4162 8172
4015 4020 8026
4142 4160 8297
4194 4198 8375
4153 4190 8307
4175 4181 8320
4173 4197 8369
4120 4169 8287
4170 4182 8330
4014 4052 8046
4087 4121 8195
4026 4116 8109
4034 4078 8082
4023 4030 8018
4156 4173 8306
4019 4104 8096
4109 4126 8221
4148 4173 8317
4024 4159 8154
4109 4135 8213
4018 4109 8099
4067 4118 8161
4068 4069 8129
4196 4198 8379
4028 4086 8087
4141 4150 8289
4038 4071 8077
4116 4124 8216
4056 4068 8101
4187 4194 8369
4163 4167 8302
4008 4021 8015
4175 4186 8323
4145 4193 8310
4002 4011 8006
4076 4168 8221
4006 4152 8132
4031 4152 8172
4093 4107 8169
4036 4196 8210
4004 4187 8163
4173 4178 8314
4004 4162 8163
4150 4192 8339
4028 4058 8079
4159 4186 8315
4106 4174 8257
4077 4097 8151
4026 4067 8061
4025 4179 8188
4163 4198 8339
4056 4095 8139
4179 4184 8346
4123 4160 8253
4013 4034 8041
4050 4118 8153
4008 4168 8153
4048 4190 8237
4119 4194 8281
4066 4101 8165
4074 4104 8170
4196 4200 8382
4007 4072 8051
4068 4155 8211
4036 4178 8186
4187 4192 8355
4047 4058 8103
4193 4197 8359
4140 4141 8247
4017 4124 8106
4082 4180 8230
4053 4106 8134
4044 4088 8130
4103 4169 8269
4163 4199 8329
4015 4072 8062
4168 4170 8299
4178 4185 8359
4119 4129 8209
4158 4191 8339
4041 4158 8181
4178 4191 8331
4004 4109 8112
4113 4164 8275
4025 4191 8182
4097 4177 8244
4168 4200 8335
4103 4181 8256
4086 4131 8181
4066 4188 8245
4182 4192 8360
4128 4159 8269
4188 4198 8354
4051 4113 8144
4047 4113 8147
4195 4198 8356
4117 4134 8226
4118 4120 8237
4165 4199 8337
4184 4188 8342
4164 4189 8341
4156 4180 8323
4085 4194 8255
4152 4189 8321
4187 4190 8354
4090 4095 8170
4189 4191 8378
4108 4195 8282
4113 4133 8228
4080 4106 8164
4020 4187 8204
4156 4192 8318
4103 4107 8185
4031 4157 8160
4193 4200 8357
4113 4132 8220
4180 4183 8352
4019 4153 8144
4125 4143 8254
4187 4196 8373
4199 4200 8396
4145 4198 8335
4189 4192 8342
4030 4122 8123
4052 4098 8140
4042 4131 8152
4170 4190 8342
4146 4199 8318
4099 4163 8238
4040 4138 8157
4092 4159 8226
4170 4188 8319
4053 4150 8186
4048 4133 8171
4110 4199 8283
4016 4147 8142
4112 4119 8196
4048 4112 8138
4114 4194 8295
4102 4112 8186
4084 4160 8209
4002 4049 8013
4056 4184 8216
4095 4129 8190
4190 4199 8376
4065 4194 8240
4155 4180 8316
4199 4200 8376
4076 4107 8149
4027 4047 8046
4036 4105 8116
4167 4191 8353
4106 4155 8253
4159 4164 8313
4146 4179 8288
4189 4195 8351
4197 4200 8384
4160 4192 8340
4026 4074 8091
4083 4139 8212
4149 4171 8302
4146 4147 8257
4107 4189 8272
4191 4200 8388
4191 4193 8346
4133 4195 8327
4189 4192 8374
4155 4192 8322
4155 4189 8315
4079 4080 8123
4018 4101 8090
4117 4159 8249
4043 4137 8172
4158 4200 8353
4109 4134 8226
4104 4179 8263
4093 4164 8220
4182 4186 8364
4090 4157 8226
4068 4141 8192
4178 4198 8361
4063 4190 8230
4085 4128 8195
4139 4187 8294
4183 4190 8364
4106 4167 8262
4103 4143 8233
4197 4199 8384
4148 4196 8319
4037 4058 8073
4021 4129 8146
4030 4195 8195
4019 4065 8057
4085 4108 8155
4067 4099 8151
4198 4199 8395
4195 4197 8356
4027 4100 8100
4185 4186 8352
4017 4091 8075
4004 4086 8078
4009 4048 8033
4021 4199 8195
4056 4191 8227
4189 4199 8387
4102 4126 8227
4017 4146 8144
4039 4177 8187
4092 4185 8253
4079 4114 8190
4045 4193 8200
4031 4168 8167
4190 4193 8359
4113 4189 8263
4079 4088 8143
4030 4139 8162
4199 4200 8370
4076 4192 8259
4122 4140 8241
4165 4171 8320
4107 4189 8265
4049 4078 8104
4029 4050 8047
4011 4118 8108
4117 4152 8237
4031 4142 8149
4076 4165 8223
4160 4192 8324
4184 4192 8368
4082 4130 8185
4156 4183 8334
4147 4163 8299
4132 4180 8299
4157 4199 8342
4026 4104 8107
4071 4079 8141
4155 4182 8314
4128 4188 8282
4149 4173 8297
4091 4172 8241
4124 4172 8265
4109 4189 8294
4013 4088 8078
4081 4113 8190
4014 4038 8016
4167 4185 8333
4124 4162 8270
4169 4192 8324
4033 4086 8118
4180 4197 8348
4044 4105 8144
4054 4166 8196
4041 4161 8184
4108 4145 8241
4080 4157 8209
4017 4114 8098
4004 4052 8053
4082 4128 8176
4182 4190 8337
4028 4120 8143
4150 4170 8303
4130 4156 8262
4020 4061 8054
4121 4182 8296
4034 4183 8190
4195 4198 8390
4146 4166 8298
4163 4176 8332
4043 4176 8192
4070 4110 8164
4169 4179 8334
4149 4167 8287
4172 4179 8347
4047 4080 8117
4131 4171 8278
4161 4173 8324
4196 4199 8380
4027 4115 8109
4186 4195 8347
4147 4190 8325
4125 4196 8303
4122 4186 8270
4020 4150 8156
4039 4133 8170
4022 4186 8200
4071 4144 8198
4134 4163 8289
4000 4047 8023
4159 4187 8316
4092 4198 8267
4009 4110 8081
4003 4004 7974
4085 4148 8216
4139 4146 8284
4122 4195 8295
4114 4155 8256
4191 4193 8370
4123 4172 8284
4006 4153 8154
4148 4179 8317
4063 4161 8213
4071 4119 8168
4101 4163 8234
4100 4126 8192
4076 4152 8204
4060 4131 8163
4077 4125 8172
4128 4145 8270
4047 4096 8132
4164 4180 8325
4026 4031 8021
4093 4111 8169
4132 4148 8278
4062 4187 8223
4148 4182 8311
4009 4059 8052
4027 4105 8128
4032 4195 8210
4049 4115 8159
4185 4198 8345
4047 4182 8227
4175 4198 8350
4060 4173 8195
4132 4173 8269
4022 4194 8197
4085 4136 8208
4174 4196 8352
4103 4169 8262
4170 4182 8341
4196 4197 8379
4139 4152 8270
4025 4186 8187
4191 4192 8382
4147 4197 8307
4096 4183 8252
4033 4198 8215
4197 4200 8360
4174 4187 8332
4148 4177 8309
4022 4192 8184
4048 4157 8173
4025 4102 8099
4100 4187 8249
4095 4147 8231
4029 4093 8084
4184 4187 8362
4034 4038 8068
4140 4170 8292
4199 4200 8365
4096 4155 8232
4007 4178 8179
4124 4177 8285
4123 4182 8292
4034 4159 8189
4184 4194 8364
4016 4017 8011
4160 4184 8322
4153 4182 8316
4008 4110 8097
4159 4169 8318
4155 4184 8308
4097 4174 8248
4028 4070 8062
4075 4183 8239
4105 4187 8265
4185 4198 8364
4172 4183 8332
4099 4161 8259
4046 4149 8185
4036 4062 8085
4143 4148 8281
4066 4068 8123
4149 4176 8296
4100 4187 8271
4055 4114 8132
4144 4176 8292
4048 4192 8237
4096 4188 8279
4167 4198 8359
4119 4169 8254
4154 4177 8330
4071 4167 8202
4154 4172 8305
4000 4117 8107
4123 4124 8246
4061 4071 8110
4109 4119 8202
4198 4200 8373
4100 4109 8207
4101 4160 8249
4191 4194 8349
4091 4200 8269
4122 4133 8237
4159 4190 8347
4064 4186 8221
4193 4199 8366
4023 4172 8158
4155 4178 8329
4167 4194 8345
4019 4120 8119
4023 4082 8095
4118 4143 8243
4016 4190 8193
4197 4199 8388
4040 4080 8108
4148 4175 8302
4140 4185 8290
4129 4157 8284
4006 4062 8066
4166 4190 8317
4075 4088 8142
4083 4132 8177
4109 4146 8226
4078 4134 8183
4160 4164 8289
4134 4184 8281
4175 4178 8338
4040 4095 8114
4171 4186 8352
4143 4150 8264
4016 4037 8045
4027 4154 8153
4148 4192 8337
4170 4172 8320
4096 4197 8284
4143 4188 8319
4182 4200 8350
4028 4048 8039
4065 4147 8178
4024 4104 8093
4154 4168 8316
4041 4047 8070
4112 4126 8211
4148 4171 8310
4125 4176 8271
4070 4145 8178
4145 4200 8322
4073 4099 8167
4060 4150 8192
4105 4186 8256
4069 4096 8144
4082 4192 8243
4102 4118 8218
4087 4152 8206
4119 4135 8232
4139 4146 8254
4130 4181 8281
4109 4115 8211
4056 4057 8075
4147 4165 8302
4154 4165 8289
4163 4196 8343
4118 4135 8230
4137 4179 8278
4167 4189 8321
4165 4181 8333
4124 4131 8226
4137 4158 8283
4199 4200 8379
4172 4199 8370
4085 4115 8176
4104 4200 8279
4165 4170 8321
4148 4181 8322
4154 4194 8310
4150 4188 8316
4175 4189 8348
4054 4058 8103
4158 4192 8325
4083 4101 8150
4117 4155 8258
4057 4098 8139
4064 4161 8207
4124 4128 8251
4167 4185 8344
4100 4141 8237
4008 4149 8135
4088 4197 8269
4023 4200 8198
4006 4154 8131
4133 4192 8297
4046 4182 8209
4185 4192 8362
4017 4091 8080
4086 4122 8197
4145 4168 8308
4096 4101 8161
4148 4185 8295
4038 4047 8054
4181 4189 8366
4107 4144 8242
4168 4183 8322
4077 4113 8163
4083 4090 8162
4191 4194 8368
4157 4164 8309
4172 4186 8327
4164 4192 8319
4182 4197 8344
4133 4189 8301
4009 4065 8039
4162 4199 8358
4039 4105 8140
4072 4115 8186
4196 4198 8360
4197 4198 8357
4071 4168 8230
4105 4171 8263
4137 4184 8299
4164 4175 8308
4065 4154 8208
4041 4160 8177
4022 4061 8068
4129 4173 8275
4138 4151 8255
4082 4152 8211
4198 4200 8396
4137 4197 8306
4079 4087 8141
4086 4143 8204
4159 4163 8313
4108 4139 8215
4178 4184 8328
4176 4178 8353
4169 4177 8307
4186 4197 8373
4090 4112 8168
4115 4137 8225
4079 4183 8251
4094 4199 8264
4010 4090 8088
4074 4105 8177
4034 4161 8184
4103 4191 8256
4020 4056 8049
4135 4162 8295
4131 4140 8265
4195 4200 8382
4023 4141 8145
4071 4149 8210
4001 4059 8029
4046 4131 8144
4142 4145 8284
4093 4136 8227
4164 4200 8341
4140 4165 8286
4027 4100 8106
4181 4199 8355
4144 4167 8281
4043 4059 8068
4156 4197 8317
4148 4178 8314
4022 4029 8040
4076 4094 8160
4027 4067 8079
4037 4079 8112
4191 4192 8358
4147 4186 8313
4076 4078 8127
4167 4174 8317
4138 4178 8311
4132 4145 8252
4162 4169 8315
4061 4112 8146
4199 4200 8364
4000 4183 8147
4042 4191 8211
4029 4084 8084
4116 4199 8295
4071 4115 8181
4045 4100 8114
4045 4133 8171
4136 4190 8305
4056 4143 8172
4167 4183 8343
4074 4134 8189
4014 4065 8060
4151 4166 8299
4149 4177 8311
4123 4194 8298
4044 4059 8075
4062 4164 8212
4022 4098 8095
4165 4189 8352
4155 4181 8309
4198 4199 8362
4048 4161 8188
4143 4197 8311
4049 4066 8102
4007 4147 8143
4094 4182 8270
4192 4198 8377
4133 4183 8299
4158 4174 8326
4191 4197 8365
4191 4195 8377
4114 4123 8231
4062 4093 8120
4123 4154 8244
4139 4145 8262
4151 4175 8291
4034 4071 8102
4001 4080 8070
4060 4061 8084
4111 4171 8268
4089 4132 8197
4148 4150 8289
4065 4133 8170
4116 4129 8229
4122 4132 8253
4111 4143 8239
4131 4179 8273
4088 4108 8182
4106 4197 8273
4110 4146 8238
4138 4153 8263
4103 4198 8263
4179 4192 8347
4079 4130 8204
4166 4177 8333
4078 4191 8234
4014 4160 8162
4016 4091 8087
4103 4129 8208
4104 4149 8237
4148 4156 8302
4026 4034 8059
4080 4111 8157
4123 4196 8303
4033 4053 8083
4101 4154 8247
4177 4189 8343
4029 4073 8083
4050 4194 8229
4173 4196 8367
4164 4191 8323
4165 4176 8329
4113 4147 8231
4021 4128 8134
4042 4081 8112
4070 4073 8140
4174 4183 8348
4131 4141 8249
4110 4193 8291
4006 4101 8077
4086 4174 8259
4108 4123 8204
4130 4151 8278
4128 4156 8276
4082 4093 8168
4105 4134 8237
4192 4195 8357
4087 4127 8198
4025 4145 8155
4009 4011 7994
4075 4084 8144
4140 4152 8290
4199 4200 8383
4040 4103 8134
4023 4061 8078
4136 4188 8292
4034 4075 8090

0.010000 0.250000
