700
3283651
3179 3195 6374
3055 3095 6150
3089 3118 6207
3043 3139 6182
3073 3103 6176
3012 3145 6157
3130 3149 6279
3070 3099 6169
3065 3130 6195
3062 3064 6126
3187 3191 6378
3193 3194 6387
3067 3160 6227
3186 3193 6379
3145 3195 6340
3136 3153 6289
3149 3172 6321
3183 3185 6368
3171 3191 6362
3106 3152 6258
3015 3166 6181
3153 3180 6333
3172 3178 6350
3117 3160 6277
3112 3118 6230
3135 3153 6288
3006 3162 6168
3003 3052 6055
3023 3195 6218
3042 3112 6154
3120 3141 6261
3100 3147 6247
3155 3191 6346
3007 3097 6104
3075 3121 6196
3134 3154 6288
3054 3161 6215
3094 3154 6248
3049 3064 6113
3098 3182 6280
3094 3111 6205
3091 3141 6232
3014 3101 6115
3064 3196 6260
3006 3175 6181
3069 3159 6228
3067 3196 6263
3070 3097 6167
3173 3179 6352
3068 3188 6256
3144 3182 6326
3100 3129 6229
3101 3175 6276
3135 3169 6304
3186 3192 6378
3027 3197 6224
3046 3168 6214
3134 3167 6301
3021 3189 6210
3038 3099 6137
3051 3086 6137
3102 3150 6252
3147 3193 6340
3049 3093 6142
3013 3103 6116
3075 3111 6186
3125 3136 6261
3017 3082 6099
3142 3193 6335
3138 3198 6336
3136 3153 6289
3044 3177 6221
3128 3154 6282
3183 3187 6370
3179 3197 6376
3122 3131 6253
3190 3191 6381
3019 3115 6134
3000 3041 6041
3027 3116 6143
3098 3149 6247
3153 3169 6322
3089 3102 6191
3059 3183 6242
3121 3143 6264
3011 3026 6037
3053 3170 6223
3066 3105 6171
3084 3179 6263
3168 3188 6356
3122 3146 6268
3088 3157 6245
3048 3109 6157
3009 3123 6132
3045 3070 6115
3025 3125 6150
3048 3101 6149
3116 3136 6252
3103 3173 6276
3093 3113 6206
3144 3196 6340
3111 3178 6289
3105 3184 6289
3131 3134 6265
3148 3192 6340
3193 3195 6388
3187 3198 6385
3167 3169 6336
3010 3031 6041
3020 3088 6108
3033 3186 6219
3008 3196 6204
3021 3165 6186
3119 3193 6312
3150 3187 6337
3006 3173 6179
3139 3165 6304
3067 3083 6150
3053 3119 6172
3140 3187 6327
3193 3195 6388
3068 3146 6214
3014 3107 6121
3025 3112 6137
3045 3073 6118
3011 3053 6064
3117 3185 6302
3061 3150 6211
3124 3148 6272
3137 3187 6324
3097 3180 6277
3074 3194 6268
3085 3177 6262
3053 3070 6123
3139 3156 6295
3009 3149 6158
3140 3184 6324
3097 3108 6205
3036 3077 6113
3110 3174 6284
3107 3166 6273
3089 3193 6282
3084 3168 6252
3173 3192 6365
3069 3173 6242
3069 3153 6222
3192 3193 6385
3110 3131 6241
3173 3180 6353
3097 3182 6279
3179 3187 6366
3111 3164 6275
3174 3197 6371
3187 3194 6381
3119 3190 6309
3065 3105 6170
3059 3160 6219
3196 3199 6395
3109 3171 6280
3181 3187 6368
3170 3174 6344
3130 3162 6292
3051 3063 6114
3016 3135 6151
3004 3133 6137
3037 3080 6117
3198 3199 6397
3156 3177 6333
3184 3197 6381
3191 3193 6384
3048 3095 6143
3040 3174 6214
3072 3144 6216
3049 3099 6148
3122 3145 6267
3146 3157 6303
3171 3192 6363
3188 3198 6386
3069 3095 6164
3084 3188 6272
3052 3130 6182
3125 3160 6285
3189 3196 6385
3004 3151 6155
3123 3196 6319
3028 3061 6089
3159 3190 6349
3136 3139 6275
3186 3191 6377
3189 3197 6386
3172 3184 6356
3105 3174 6279
3146 3157 6303
3112 3176 6288
3134 3170 6304
3086 3110 6196
3190 3197 6387
3142 3182 6324
3145 3162 6307
3077 3125 6202
3064 3084 6148
3188 3200 6388
3101 3184 6285
3189 3190 6379
3074 3093 6167
3125 3177 6302
3020 3129 6149
3143 3164 6307
3087 3194 6281
3018 3077 6095
3198 3199 6397
3149 3152 6301
3123 3169 6292
3013 3039 6052
3188 3195 6383
3139 3199 6338
3071 3087 6158
3151 3184 6335
3036 3098 6134
3077 3181 6258
3105 3147 6252
3013 3120 6133
3034 3156 6190
3081 3108 6189
3043 3100 6143
3049 3116 6165
3104 3170 6274
3166 3195 6361
3147 3196 6343
3016 3178 6194
3158 3163 6321
3108 3162 6270
3090 3136 6226
3192 3193 6385
3197 3199 6396
3037 3055 6092
3168 3184 6352
3076 3188 6264
3088 3124 6212
3043 3136 6179
3176 3180 6356
3186 3194 6380
3116 3119 6235
3076 3123 6199
3047 3114 6161
3195 3198 6393
3121 3152 6273
3132 3181 6313
3115 3178 6293
3132 3189 6321
3152 3200 6352
3073 3179 6252
3145 3174 6319
3101 3103 6204
3191 3200 6391
3084 3154 6238
3022 3188 6210
3128 3197 6325
3178 3197 6375
3046 3171 6217
3162 3199 6361
3076 3110 6186
3084 3151 6235
3008 3075 6083
3145 3170 6315
3153 3199 6352
3031 3142 6173
3040 3068 6108
3091 3144 6235
3166 3182 6348
3048 3134 6182
3088 3198 6286
3095 3197 6292
3105 3165 6270
3117 3180 6297
3112 3198 6310
3171 3185 6356
3006 3007 6013
3138 3198 6336
3158 3161 6319
3150 3184 6334
3004 3109 6113
3194 3195 6389
3052 3176 6228
3049 3055 6104
3148 3196 6344
3187 3194 6381
3019 3094 6113
3106 3179 6285
3122 3132 6254
3165 3187 6352
3095 3185 6280
3035 3148 6183
3008 3038 6046
3044 3083 6127
3139 3172 6311
3003 3004 6007
3017 3107 6124
3019 3173 6192
3165 3198 6363
3195 3200 6395
3131 3197 6328
3194 3195 6389
3076 3101 6177
3035 3157 6192
3009 3103 6112
3123 3149 6272
3080 3196 6276
3085 3162 6247
3087 3104 6191
3097 3168 6265
3091 3103 6194
3137 3189 6326
3118 3189 6307
3074 3080 6154
3054 3191 6245
3178 3189 6367
3026 3188 6214
3102 3185 6287
3054 3094 6148
3152 3194 6346
3193 3199 6392
3160 3173 6333
3161 3189 6350
3120 3125 6245
3007 3112 6119
3164 3195 6359
3083 3136 6219
3177 3192 6369
3007 3187 6194
3168 3200 6368
3093 3161 6254
3079 3155 6234
3108 3122 6230
3160 3183 6343
3040 3195 6235
3052 3172 6224
3184 3193 6377
3172 3182 6354
3085 3158 6243
3133 3189 6322
3045 3105 6150
3133 3157 6290
3193 3200 6393
3067 3079 6146
3042 3179 6221
3096 3139 6235
3199 3200 6399
3139 3143 6282
3071 3118 6189
3024 3041 6065
3013 3066 6079
3048 3096 6144
3052 3183 6235
3018 3091 6109
3035 3104 6139
3046 3053 6099
3062 3088 6150
3117 3131 6248
3153 3176 6329
3074 3200 6274
3108 3159 6267
3080 3145 6225
3048 3101 6149
3160 3164 6324
3136 3172 6308
3057 3148 6205
3035 3186 6221
3100 3191 6291
3137 3153 6290
3170 3190 6360
3007 3193 6200
3172 3198 6370
3192 3194 6386
3149 3173 6322
3161 3165 6326
3069 3174 6243
3169 3179 6348
3020 3028 6048
3182 3188 6370
3125 3166 6291
3028 3098 6126
3018 3114 6132
3120 3169 6289
3081 3195 6276
3132 3139 6271
3053 3118 6171
3023 3173 6196
3168 3181 6349
3007 3169 6176
3111 3128 6239
3125 3199 6324
3070 3188 6258
3182 3192 6374
3106 3184 6290
3030 3096 6126
3037 3130 6167
3159 3198 6357
3164 3166 6330
3183 3187 6370
3001 3174 6175
3193 3197 6390
3004 3061 6065
3174 3195 6369
3042 3149 6191
3008 3051 6059
3195 3197 6392
3082 3170 6252
3031 3058 6089
3074 3133 6207
3029 3158 6187
3013 3126 6139
3008 3155 6163
3040 3133 6173
3082 3164 6246
3190 3198 6388
3172 3178 6350
3119 3148 6267
3168 3174 6342
3171 3194 6365
3180 3186 6366
3105 3125 6230
3098 3142 6240
3102 3111 6213
3007 3026 6033
3151 3177 6328
3030 3066 6096
3023 3168 6191
3191 3194 6385
3090 3147 6237
3075 3150 6225
3130 3187 6317
3139 3147 6286
3098 3143 6241
3058 3100 6158
3154 3173 6327
3166 3193 6359
3182 3194 6376
3158 3191 6349
3142 3144 6286
3112 3185 6297
3021 3115 6136
3102 3120 6222
3042 3169 6211
3043 3140 6183
3187 3190 6377
3097 3102 6199
3136 3164 6300
3040 3142 6182
3087 3100 6187
3154 3172 6326
3040 3153 6193
3194 3199 6393
3060 3094 6154
3071 3144 6215
3182 3183 6365
3155 3187 6342
3191 3195 6386
3020 3182 6202
3082 3134 6216
3085 3088 6173
3112 3156 6268
3085 3161 6246
3054 3058 6112
3067 3155 6222
3020 3173 6193
3067 3126 6193
3098 3110 6208
3049 3116 6165
3065 3135 6200
3198 3200 6398
3083 3185 6268
3064 3156 6220
3026 3096 6122
3036 3049 6085
3102 3163 6265
3134 3162 6296
3190 3194 6384
3048 3165 6213
3031 3160 6191
3102 3165 6267
3060 3086 6146
3165 3179 6344
3134 3150 6284
3043 3143 6186
3113 3121 6234
3124 3171 6295
3091 3101 6192
3154 3177 6331
3124 3198 6322
3005 3075 6080
3113 3130 6243
3032 3173 6205
3177 3179 6356
3066 3194 6260
3088 3194 6282
3169 3172 6341
3141 3143 6284
3065 3107 6172
3032 3076 6108
3178 3200 6378
3018 3125 6143
3019 3032 6051
3114 3117 6231
3113 3128 6241
3194 3197 6391
3152 3181 6333
3000 3058 6058
3171 3184 6355
3136 3164 6300
3189 3196 6385
3040 3177 6217
3141 3176 6317
3116 3162 6278
3040 3133 6173
3069 3160 6229
3071 3197 6268
3039 3103 6142
3067 3102 6169
3014 3151 6165
3141 3147 6288
3001 3143 6144
3167 3182 6349
3130 3149 6279
3159 3190 6349
3110 3127 6237
3130 3189 6319
3067 3106 6173
3028 3197 6225
3135 3140 6275
3171 3184 6355
3162 3193 6355
3154 3157 6311
3031 3179 6210
3029 3038 6067
3003 3049 6052
3008 3117 6125
3012 3026 6038
3066 3144 6210
3026 3168 6194
3151 3165 6316
3113 3114 6227
3090 3190 6280
3030 3076 6106
3174 3175 6349
3121 3126 6247
3179 3184 6363
3140 3197 6337
3069 3142 6211
3151 3182 6333
3010 3154 6164
3103 3165 6268
3020 3105 6125
3083 3150 6233
3019 3045 6064
3158 3188 6346
3043 3130 6173
3134 3198 6332
3029 3042 6071
3118 3128 6246
3124 3148 6272
3025 3161 6186
3161 3162 6323
3137 3150 6287
3096 3124 6220
3170 3178 6348
3180 3197 6377
3046 3107 6153
3072 3075 6147
3057 3153 6210
3114 3188 6302
3010 3173 6183
3165 3172 6337
3186 3198 6384
3021 3073 6094
3056 3112 6168
3048 3054 6102
3195 3196 6391
3006 3036 6042
3052 3183 6235
3150 3157 6307
3095 3159 6254
3043 3152 6195
3166 3170 6336
3158 3174 6332
3123 3171 6294
3057 3165 6222
3036 3122 6158
3044 3130 6174
3113 3120 6233
3155 3197 6352
3192 3198 6390
3075 3172 6247
3060 3127 6187
3003 3080 6083
3084 3150 6234
3005 3060 6065
3003 3053 6056
3096 3157 6253
3067 3130 6197
3087 3156 6243
3024 3030 6054
3193 3196 6389
3097 3117 6214
3107 3168 6275
3114 3170 6284
3064 3190 6254
3037 3184 6221
3012 3155 6167
3040 3110 6150
3065 3068 6133
3157 3159 6316
3169 3172 6341
3193 3197 6390
3093 3175 6268
3042 3183 6225
3155 3166 6321
3130 3161 6291
3074 3173 6247
3014 3104 6118
3001 3052 6053
3112 3113 6225
3013 3097 6110
3043 3121 6164
3190 3193 6383
3166 3171 6337
3058 3157 6215
3013 3163 6176
3065 3125 6190
3032 3133 6165
3074 3076 6150
3185 3189 6374
3037 3144 6181
3129 3167 6296
3053 3120 6173
3007 3031 6038
3097 3135 6232
3001 3080 6081
3138 3155 6293
3086 3102 6188
3010 3117 6127
3082 3135 6217
3029 3106 6135
3015 3085 6100
3103 3128 6231
3133 3138 6271
3128 3148 6276
3133 3154 6287
3181 3200 6381
3128 3169 6297
3116 3166 6282
3050 3063 6113
3075 3151 6226
3098 3134 6232
3105 3115 6220
3013 3129 6142
3184 3199 6383
3097 3160 6257
3172 3177 6349
3138 3169 6307
3139 3155 6294
3099 3112 6211
3152 3200 6352
3113 3198 6311
3107 3124 6231
3172 3185 6357
3072 3168 6240
3108 3183 6291
3064 3134 6198
3047 3105 6152
3139 3144 6283
3147 3173 6320
3121 3188 6309
3065 3155 6220
3056 3169 6225
3034 3137 6171
3039 3049 6088
3105 3196 6301
3155 3177 6332
3029 3091 6120
3033 3183 6216
3059 3178 6237
3089 3174 6263
3186 3200 6386
3001 3007 6008
3143 3163 6306
3016 3027 6043
3174 3197 6371
3199 3200 6399
3125 3178 6303
3154 3179 6333
3156 3162 6318
3108 3112 6220
3011 3031 6042
3011 3036 6047
3196 3197 6393
3009 3027 6036
3178 3180 6358
3048 3134 6182
3176 3195 6371

4026 4092 8093
4140 4180 8282
4100 4116 8203
4078 4133 8177
4060 4093 8128
4045 4156 8198
4149 4163 8305
4043 4066 8104
4159 4171 8293
4145 4180 8315
4057 4185 8216
4180 4188 8360
4156 4169 8322
4161 4186 8336
4068 4196 8262
4161 4173 8300
4038 4045 8075
4002 4164 8131
4052 4058 8072
4179 4190 8361
4108 4185 8265
4045 4046 8062
4079 4163 8211
4120 4174 8281
4048 4178 8190
4089 4137 8211
4142 4194 8334
4109 4123 8214
4111 4128 8216
4067 4081 8111
4098 4147 8241
4088 4160 8225
4113 4150 8225
4032 4044 8057
4069 4078 8135
4189 4191 8343
4147 4199 8324
4065 4131 8194
4011 4015 8022
4147 4181 8319
4091 4136 8205
4192 4199 8358
4154 4181 8323
4039 4136 8174
4179 4185 8360
4137 4150 8271
4040 4116 8134
4057 4198 8218
4105 4115 8202
4012 4126 8111
4036 4082 8098
4037 4109 8142
4030 4140 8167
4115 4188 8264
4006 4140 8124
4092 4094 8149
4133 4140 8256
4102 4160 8243
4107 4148 8236
4164 4197 8349
4198 4199 8366
4175 4200 8367
4027 4135 8143
4037 4195 8231
4187 4189 8348
4138 4170 8307
4085 4131 8211
4148 4150 8292
4194 4200 8361
4179 4189 8355
4181 4191 8336
4077 4176 8240
4075 4110 8180
4198 4200 8378
4044 4068 8076
4004 4074 8045
4188 4194 8380
4107 4162 8255
4049 4155 8200
4084 4146 8193
4131 4184 8288
4137 4145 8261
4006 4064 8032
4004 4186 8177
4067 4132 8181
4116 4186 8268
4037 4108 8113
4070 4106 8148
4131 4172 8268
4072 4189 8232
4028 4148 8148
4137 4139 8248
4106 4184 8284
4176 4198 8338
4022 4048 8052
4129 4194 8311
4087 4174 8225
4146 4160 8295
4124 4140 8231
4140 4154 8261
4088 4188 8252
4181 4200 8379
4027 4061 8066
4016 4021 8013
4024 4160 8170
4005 4127 8098
4143 4166 8279
4188 4196 8355
4190 4198 8374
4141 4193 8305
4016 4096 8075
4147 4162 8274
4195 4200 8378
4127 4136 8230
4179 4186 8336
4175 4178 8339
4076 4149 8198
4128 4154 8257
4172 4190 8346
4069 4139 8183
4080 4136 8211
4086 4105 8179
4146 4180 8295
4165 4196 8353
4100 4121 8202
4110 4112 8183
4083 4141 8212
4085 4152 8236
4133 4147 8246
4104 4196 8270
4073 4097 8167
4069 4123 8191
4085 4098 8158
4101 4155 8225
4109 4133 8233
4181 4197 8350
4001 4122 8101
4012 4054 8030
4178 4198 8348
4118 4150 8232
4034 4153 8183
4057 4196 8235
4189 4193 8355
4118 4184 8269
4161 4195 8342
4023 4181 8184
4115 4117 8196
4159 4166 8319
4080 4092 8169
4135 4140 8254
4003 4031 8007
4106 4150 8217
4007 4021 8003
4120 4126 8227
4077 4096 8152
4199 4200 8397
4139 4175 8293
4129 4197 8305
4074 4154 8191
4056 4146 8174
4069 4159 8223
4116 4192 8306
4165 4170 8327
4119 4195 8312
4082 4184 8231
4013 4130 8133
4154 4196 8330
4020 4096 8098
4158 4194 8340
4075 4076 8122
4055 4120 8166
4034 4156 8182
4198 4199 8396
4038 4163 8168
4079 4128 8172
4196 4197 8382
4118 4200 8313
4193 4198 8354
4118 4180 8263
4084 4095 8162
4111 4113 8192
4033 4149 8178
4017 4173 8187
4060 4066 8092
4189 4190 8364
4143 4173 8277
4181 4191 8345
4040 4129 8158
4128 4132 8251
4089 4196 8266
4019 4136 8130
4027 4175 8177
4056 4108 8159
4111 4116 8217
4177 4184 8326
4088 4196 8276
4174 4189 8355
4132 4191 8310
4012 4043 8021
4012 4117 8114
4000 4056 8039
4075 4091 8142
4124 4195 8287
4098 4131 8220
4004 4152 8134
4179 4200 8372
4192 4195 8372
4150 4158 8294
4001 4065 8056
4062 4182 8216
4003 4144 8131
4189 4199 8377
4066 4177 8232
4086 4186 8258
4199 4200 8367
4012 4051 8052
4092 4169 8252
4113 4127 8228
4065 4085 8127
4072 4151 8191
4033 4073 8078
4190 4198 8383
4101 4143 8227
4149 4197 8344
4045 4161 8178
4007 4025 8008
4163 4176 8338
4163 4164 8310
4193 4194 8382
4041 4122 8159
4065 4110 8150
4037 4178 8184
4086 4118 8171
4114 4145 8249
4114 4196 8289
4148 4154 8265
4171 4173 8320
4018 4178 8167
4126 4161 8257
4147 4168 8301
4138 4166 8292
4140 4142 8277
4100 4145 8211
4067 4176 8206
4080 4148 8209
4070 4174 8207
4093 4129 8196
4073 4126 8175
4131 4184 8278
4079 4154 8231
4114 4131 8228
4158 4177 8302
4064 4135 8176
4136 4158 8277
4137 4159 8265
4071 4099 8147
4069 4138 8183
4014 4089 8067
4155 4192 8330
4038 4106 8120
4179 4181 8353
4006 4145 8135
4154 4196 8313
4040 4068 8098
4024 4124 8131
4153 4199 8346
4064 4070 8124
4008 4037 8044
4028 4101 8105
4194 4197 8380
4010 4123 8112
4084 4087 8157
4074 4200 8238
4101 4134 8216
4111 4133 8230
4021 4116 8120
4025 4173 8177
4034 4106 8102
4171 4188 8347
4156 4187 8338
4146 4156 8276
4049 4129 8154
4024 4097 8095
4179 4194 8366
4196 4197 8367
4008 4192 8190
4135 4181 8315
4041 4122 8143
4150 4181 8304
4130 4168 8267
4067 4188 8243
4161 4172 8325
4037 4094 8114
4026 4137 8151
4014 4052 8028
4165 4186 8323
4015 4100 8078
4112 4200 8302
4128 4190 8297
4183 4195 8349
4166 4200 8334
4059 4107 8162
4100 4174 8259
4160 4179 8323
4040 4054 8090
4007 4122 8100
4189 4193 8364
4140 4185 8292
4141 4196 8316
4000 4003 7984
4001 4062 8026
4069 4180 8214
4194 4198 8373
4152 4171 8320
4067 4096 8160
4198 4200 8381
4142 4179 8303
4156 4192 8327
4199 4200 8397
4074 4087 8158
4099 4168 8265
4149 4156 8288
4185 4196 8379
4198 4200 8382
4142 4176 8315
4013 4074 8080
4047 4068 8103
4187 4188 8357
4074 4183 8239
4000 4107 8097
4000 4011 8008
4160 4181 8336
4017 4163 8144
4101 4200 8267
4180 4197 8363
4104 4175 8266
4052 4080 8121
4044 4060 8074
4094 4121 8179
4063 4113 8153
4173 4183 8322
4130 4150 8256
4110 4198 8285
4155 4178 8309
4018 4056 8063
4010 4160 8157
4131 4187 8308
4096 4105 8188
4085 4140 8224
4078 4148 8193
4193 4196 8382
4115 4166 8279
4105 4149 8224
4150 4199 8316
4047 4167 8203
4122 4156 8258
4175 4194 8340
4015 4117 8106
4075 4154 8200
4083 4178 8247
4105 4181 8276
4183 4191 8371
4089 4168 8237
4045 4183 8205
4150 4157 8294
4120 4189 8272
4130 4168 8287
4147 4149 8288
4150 4177 8315
4187 4190 8344
4065 4104 8142
4175 4191 8333
4104 4172 8247
4094 4152 8219
4124 4183 8302
4022 4038 8022
4114 4184 8287
4168 4185 8352
4112 4150 8231
4064 4181 8232
4177 4182 8324
4172 4192 8327
4076 4198 8237
4011 4061 8057
4154 4193 8334
4004 4115 8082
4195 4196 8381
4032 4041 8036
4151 4153 8274
4088 4193 8264
4188 4190 8361
4093 4160 8221
4132 4193 8316
4119 4130 8234
4115 4190 8278
4019 4022 8009
4068 4160 8192
4052 4062 8102
4021 4118 8111
4082 4109 8178
4159 4164 8298
4172 4174 8324
4056 4066 8118
4012 4042 8022
4183 4197 8345
4038 4046 8082
4193 4199 8381
4111 4140 8230
4067 4084 8150
4195 4198 8359
4049 4175 8208
4047 4075 8113
4107 4152 8251
4048 4178 8188
4138 4173 8292
4003 4194 8168
4077 4080 8156
4177 4192 8341
4053 4060 8080
4101 4192 8265
4022 4106 8097
4000 4161 8144
4168 4180 8332
4056 4085 8136
4164 4200 8342
4054 4064 8114
4006 4183 8182
4052 4174 8190
4011 4164 8154
4145 4177 8283
4158 4184 8322
4037 4039 8041
4054 4190 8231
4022 4182 8198
4161 4170 8315
4189 4200 8383
4097 4124 8190
4112 4117 8228
4062 4074 8098
4126 4173 8279
4180 4198 8347
4018 4167 8161
4031 4175 8191
4036 4200 8213
4001 4118 8114
4088 4153 8238
4193 4196 8357
4170 4180 8321
4130 4197 8288
4020 4105 8091
4159 4173 8299
4124 4173 8289
4044 4059 8071
4087 4160 8212
4023 4144 8149
4044 4052 8073
4032 4155 8181
4062 4168 8218
4074 4087 8158
4160 4183 8309
4155 4163 8279
4183 4185 8340
4069 4101 8168
4171 4197 8348
4068 4070 8125
4187 4199 8353
4021 4044 8029
4043 4090 8130
4102 4186 8261
4142 4184 8289
4042 4124 8158
4074 4111 8180
4109 4157 8255
4052 4119 8136
4090 4140 8201
4040 4097 8132
4054 4103 8126
4150 4174 8302
4186 4196 8364
4153 4189 8327
4185 4193 8358
4077 4106 8162
4024 4138 8142
4171 4177 8326
4042 4098 8134
4062 4134 8180
4163 4191 8336
4162 4200 8354
4185 4200 8356
4070 4101 8147
4102 4132 8199
4110 4151 8249
4117 4160 8248
4126 4191 8301
4114 4131 8233
4141 4188 8314
4184 4197 8365
4138 4140 8268
4156 4197 8329
4085 4200 8273
4126 4191 8284
4127 4169 8276
4167 4177 8325
4124 4186 8295
4031 4132 8161
4107 4186 8272
4034 4159 8191
4083 4093 8169
4063 4139 8189
4129 4157 8253
4188 4200 8358
4128 4181 8275
4003 4150 8147
4148 4199 8346
4071 4147 8210
4002 4103 8084
4111 4160 8238
4011 4049 8055
4051 4180 8200
4146 4191 8332
4125 4138 8228
4197 4200 8366
4059 4094 8121
4015 4197 8204
4144 4168 8300
4111 4200 8304
4045 4142 8162
4106 4165 8262
4170 4200 8342
4139 4144 8272
4062 4108 8153
4116 4125 8230
4066 4165 8211
4075 4142 8212
4035 4080 8097
4180 4188 8350
4073 4165 8217
4046 4146 8173
4183 4190 8341
4036 4142 8159
4166 4197 8339
4129 4193 8303
4169 4179 8345
4166 4199 8334
4032 4073 8088
4161 4168 8315
4173 4194 8344
4154 4181 8333
4115 4164 8266
4095 4138 8212
4150 4198 8331
4099 4149 8233
4143 4152 8282
4189 4191 8368
4153 4179 8305
4107 4179 8247
4125 4182 8289
4008 4167 8171
4109 4181 8279
4187 4200 8379
4050 4135 8163
4110 4180 8268
4082 4185 8236
4047 4094 8139
4153 4196 8316
4098 4143 8212
4039 4196 8215
4041 4155 8172
4051 4071 8104
4093 4181 8238
4104 4164 8249
4188 4200 8354
4130 4133 8247
4198 4199 8375
4087 4101 8184
4139 4198 8313
4102 4148 8220
4196 4199 8393
4010 4187 8160
4083 4159 8207
4023 4036 8038
4115 4200 8282
4149 4168 8284
4190 4200 8380
4044 4166 8195
4045 4143 8168
4072 4095 8135
4097 4128 8205
4178 4185 8333
4003 4055 8033
4116 4118 8213
4007 4127 8096
4001 4158 8151
4195 4197 8388
4001 4028 8028
4175 4188 8351
4059 4168 8207
4052 4070 8121
4099 4106 8170
4043 4055 8060
4070 4097 8131
4192 4199 8371
4007 4198 8169
4074 4077 8115
4099 4179 8261
4152 4189 8314
4135 4176 8309
4088 4176 8262
4103 4113 8197
4125 4128 8237
4006 4164 8144
4124 4163 8261
4138 4166 8281
4045 4180 8190
4000 4019 8008
4082 4102 8176
4094 4129 8186
4125 4159 8269
4016 4079 8075
4145 4159 8295
4001 4118 8102
4150 4168 8317
4136 4161 8273
4087 4190 8242
4054 4055 8099
4131 4160 8255
4019 4090 8075
4011 4163 8171
4121 4191 8287
4065 4090 8121
4063 4146 8191
4187 4190 8372
4081 4118 8165
4015 4023 8003
4146 4177 8301
4183 4184 8347
4050 4196 8220
4151 4191 8313
4097 4200 8287
4181 4196 8372
4138 4179 8292
4149 4186 8312
4000 4113 8101
4030 4160 8156
4068 4130 8164
4103 4133 8206
4182 4195 8364
4144 4147 8258
4172 4187 8358
4109 4111 8201
4128 4164 8271
4133 4169 8283
4154 4162 8302
4147 4194 8304
4170 4174 8323
4179 4199 8342
4121 4127 8236
4140 4157 8290
4144 4147 8281
4149 4169 8309
4050 4073 8110
4073 4083 8137
4075 4111 8164
4169 4192 8349
4196 4200 8392
4122 4172 8271
4090 4198 8283
4147 4174 8292
4198 4200 8387
4163 4164 8299
4085 4101 8185
4154 4170 8318
4000 4107 8087
4018 4042 8041
4105 4154 8237
4136 4176 8279
4158 4178 8323
4175 4192 8362
4169 4199 8348
4039 4144 8156
4182 4187 8364
4037 4074 8076
4066 4194 8230
4114 4128 8206
4067 4154 8218
4128 4185 8292
4041 4181 8184
4002 4174 8147
4075 4108 8178
4007 4149 8127
4032 4043 8051
4162 4186 8336
4022 4175 8193
4020 4054 8069
4006 4030 8025
4020 4041 8027
4007 4182 8173
4065 4110 8137
4014 4184 8172
4085 4101 8165

0.010000 0.570000
