700
3745300
3056 3132 6188
3036 3089 6125
3195 3198 6393
3136 3154 6290
3098 3157 6255
3113 3188 6301
3112 3199 6311
3167 3191 6358
3180 3193 6373
3074 3112 6186
3160 3186 6346
3052 3095 6147
3042 3174 6216
3157 3162 6319
3017 3151 6168
3021 3083 6104
3134 3190 6324
3001 3197 6198
3143 3177 6320
3151 3184 6335
3171 3173 6344
3136 3178 6314
3074 3082 6156
3056 3141 6197
3140 3167 6307
3135 3156 6291
3176 3184 6360
3117 3150 6267
3072 3181 6253
3139 3186 6325
3140 3168 6308
3069 3129 6198
3081 3200 6281
3127 3186 6313
3079 3174 6253
3197 3199 6396
3157 3172 6329
3035 3037 6072
3157 3173 6330
3044 3144 6188
3179 3192 6371
3174 3199 6373
3027 3109 6136
3169 3181 6350
3122 3178 6300
3110 3194 6304
3000 3121 6121
3139 3167 6306
3014 3044 6058
3159 3161 6320
3153 3171 6324
3041 3195 6236
3132 3177 6309
3082 3104 6186
3168 3184 6352
3059 3177 6236
3192 3197 6389
3191 3195 6386
3095 3190 6285
3104 3122 6226
3140 3160 6300
3198 3200 6398
3024 3178 6202
3065 3080 6145
3155 3157 6312
3010 3081 6091
3153 3182 6335
3021 3134 6155
3190 3200 6390
3103 3112 6215
3182 3188 6370
3006 3187 6193
3014 3118 6132
3109 3152 6261
3183 3189 6372
3147 3178 6325
3131 3149 6280
3132 3133 6265
3067 3164 6231
3151 3196 6347
3044 3131 6175
3066 3081 6147
3052 3111 6163
3138 3157 6295
3048 3049 6097
3106 3183 6289
3197 3200 6397
3022 3063 6085
3075 3190 6265
3031 3067 6098
3073 3139 6212
3156 3182 6338
3132 3194 6326
3145 3151 6296
3165 3194 6359
3039 3144 6183
3182 3197 6379
3142 3149 6291
3184 3187 6371
3049 3079 6128
3070 3071 6141
3085 3109 6194
3010 3014 6024
3180 3192 6372
3068 3172 6240
3175 3193 6368
3098 3195 6293
3107 3173 6280
3132 3147 6279
3094 3154 6248
3036 3094 6130
3130 3164 6294
3047 3158 6205
3050 3162 6212
3122 3130 6252
3098 3145 6243
3133 3182 6315
3040 3123 6163
3161 3182 6343
3081 3095 6176
3174 3194 6368
3069 3124 6193
3087 3133 6220
3162 3195 6357
3009 3144 6153
3164 3182 6346
3067 3192 6259
3120 3169 6289
3035 3160 6195
3156 3157 6313
3029 3079 6108
3184 3195 6379
3155 3200 6355
3045 3189 6234
3080 3184 6264
3183 3186 6369
3061 3069 6130
3012 3182 6194
3013 3017 6030
3097 3150 6247
3046 3121 6167
3092 3142 6234
3129 3175 6304
3027 3042 6069
3111 3196 6307
3047 3113 6160
3001 3125 6126
3179 3183 6362
3125 3173 6298
3140 3159 6299
3100 3124 6224
3126 3164 6290
3144 3149 6293
3067 3200 6267
3105 3108 6213
3001 3184 6185
3113 3139 6252
3031 3189 6220
3082 3189 6271
3020 3127 6147
3121 3194 6315
3090 3128 6218
3176 3190 6366
3099 3104 6203
3159 3193 6352
3199 3200 6399
3105 3185 6290
3038 3072 6110
3050 3171 6221
3196 3198 6394
3192 3195 6387
3068 3133 6201
3176 3178 6354
3046 3067 6113
3155 3170 6325
3147 3196 6343
3133 3176 6309
3033 3194 6227
3090 3126 6216
3130 3181 6311
3079 3145 6224
3087 3183 6270
3069 3152 6221
3090 3194 6284
3041 3045 6086
3087 3094 6181
3086 3184 6270
3026 3093 6119
3078 3155 6233
3178 3179 6357
3001 3107 6108
3066 3193 6259
3120 3178 6298
3058 3071 6129
3009 3057 6066
3162 3167 6329
3050 3190 6240
3124 3146 6270
3045 3113 6158
3027 3187 6214
3058 3136 6194
3015 3071 6086
3194 3195 6389
3100 3116 6216
3050 3064 6114
3068 3199 6267
3130 3153 6283
3073 3196 6269
3176 3200 6376
3024 3055 6079
3052 3096 6148
3074 3193 6267
3004 3099 6103
3183 3190 6373
3134 3183 6317
3160 3185 6345
3194 3198 6392
3171 3186 6357
3024 3064 6088
3148 3162 6310
3056 3126 6182
3093 3135 6228
3066 3067 6133
3035 3189 6224
3017 3085 6102
3115 3184 6299
3136 3189 6325
3108 3189 6297
3178 3180 6358
3018 3038 6056
3172 3184 6356
3003 3141 6144
3181 3189 6370
3061 3150 6211
3109 3143 6252
3011 3057 6068
3076 3089 6165
3190 3194 6384
3182 3184 6366
3174 3188 6362
3072 3146 6218
3012 3095 6107
3113 3155 6268
3193 3195 6388
3163 3165 6328
3157 3198 6355
3037 3053 6090
3166 3172 6338
3097 3199 6296
3198 3199 6397
3037 3171 6208
3184 3187 6371
3149 3198 6347
3056 3168 6224
3091 3139 6230
3182 3198 6380
3027 3052 6079
3052 3105 6157
3029 3032 6061
3105 3162 6267
3049 3071 6120
3138 3165 6303
3133 3199 6332
3112 3190 6302
3052 3106 6158
3102 3188 6290
3151 3157 6308
3111 3116 6227
3087 3187 6274
3140 3180 6320
3182 3195 6377
3066 3112 6178
3094 3097 6191
3061 3143 6204
3024 3092 6116
3071 3103 6174
3004 3056 6060
3098 3163 6261
3067 3120 6187
3060 3185 6245
3089 3146 6235
3023 3092 6115
3006 3115 6121
3078 3164 6242
3119 3121 6240
3139 3147 6286
3173 3197 6370
3084 3177 6261
3006 3170 6176
3175 3176 6351
3087 3195 6282
3187 3188 6375
3055 3091 6146
3101 3159 6260
3058 3177 6235
3010 3145 6155
3006 3011 6017
3178 3196 6374
3033 3167 6200
3112 3151 6263
3002 3004 6006
3166 3191 6357
3083 3103 6186
3012 3142 6154
3081 3184 6265
3043 3199 6242
3032 3170 6202
3157 3177 6334
3063 3070 6133
3076 3142 6218
3055 3200 6255
3107 3110 6217
3167 3200 6367
3040 3175 6215
3171 3174 6345
3109 3148 6257
3173 3177 6350
3071 3159 6230
3119 3149 6268
3196 3197 6393
3147 3148 6295
3091 3131 6222
3007 3052 6059
3119 3158 6277
3074 3130 6204
3041 3050 6091
3017 3133 6150
3168 3191 6359
3147 3181 6328
3138 3188 6326
3059 3089 6148
3127 3134 6261
3190 3198 6388
3141 3195 6336
3182 3192 6374
3061 3088 6149
3009 3155 6164
3007 3016 6023
3146 3200 6346
3003 3131 6134
3061 3189 6250
3197 3200 6397
3083 3101 6184
3019 3162 6181
3141 3154 6295
3184 3200 6384
3036 3101 6137
3054 3200 6254
3144 3159 6303
3034 3080 6114
3147 3196 6343
3191 3197 6388
3009 3056 6065
3048 3076 6124
3077 3115 6192
3032 3035 6067
3004 3045 6049
3024 3040 6064
3195 3197 6392
3011 3194 6205
3083 3126 6209
3004 3144 6148
3164 3191 6355
3131 3195 6326
3041 3166 6207
3063 3092 6155
3117 3121 6238
3108 3136 6244
3159 3179 6338
3135 3187 6322
3070 3121 6191
3152 3154 6306
3173 3187 6360
3147 3168 6315
3037 3072 6109
3027 3033 6060
3186 3193 6379
3199 3200 6399
3001 3132 6133
3088 3093 6181
3015 3155 6170
3005 3038 6043
3087 3152 6239
3157 3177 6334
3192 3194 6386
3006 3161 6167
3081 3179 6260
3156 3196 6352
3164 3187 6351
3033 3187 6220
3120 3165 6285
3107 3162 6269
3127 3156 6283
3074 3164 6238
3078 3149 6227
3101 3176 6277
3069 3170 6239
3053 3122 6175
3040 3190 6230
3034 3181 6215
3178 3180 6358
3157 3170 6327
3067 3082 6149
3084 3124 6208
3159 3181 6340
3144 3192 6336
3119 3145 6264
3108 3133 6241
3183 3185 6368
3101 3123 6224
3121 3125 6246
3188 3190 6378
3058 3067 6125
3185 3187 6372
3012 3017 6029
3061 3181 6242
3129 3163 6292
3061 3070 6131
3098 3099 6197
3019 3145 6164
3059 3137 6196
3011 3168 6179
3063 3078 6141
3175 3186 6361
3190 3195 6385
3082 3165 6247
3023 3194 6217
3077 3192 6269
3034 3056 6090
3056 3139 6195
3049 3127 6176
3198 3200 6398
3186 3194 6380
3039 3184 6223
3067 3162 6229
3081 3192 6273
3036 3072 6108
3091 3160 6251
3007 3158 6165
3157 3177 6334
3146 3177 6323
3146 3149 6295
3021 3087 6108
3161 3192 6353
3194 3199 6393
3164 3198 6362
3042 3086 6128
3055 3178 6233
3059 3116 6175
3085 3151 6236
3170 3195 6365
3118 3178 6296
3112 3142 6254
3128 3185 6313
3146 3177 6323
3183 3189 6372
3193 3194 6387
3142 3144 6286
3016 3163 6179
3066 3123 6189
3054 3062 6116
3174 3190 6364
3118 3158 6276
3145 3151 6296
3039 3158 6197
3159 3196 6355
3188 3197 6385
3148 3161 6309
3003 3094 6097
3052 3146 6198
3126 3193 6319
3151 3159 6310
3062 3196 6258
3166 3175 6341
3181 3184 6365
3112 3146 6258
3133 3158 6291
3056 3196 6252
3009 3143 6152
3045 3200 6245
3086 3117 6203
3190 3196 6386
3063 3170 6233
3045 3058 6103
3067 3089 6156
3007 3081 6088
3095 3098 6193
3052 3162 6214
3086 3169 6255
3068 3105 6173
3073 3145 6218
3109 3117 6226
3131 3163 6294
3001 3114 6115
3136 3169 6305
3131 3196 6327
3130 3172 6302
3131 3163 6294
3047 3122 6169
3168 3171 6339
3180 3200 6380
3147 3200 6347
3043 3071 6114
3113 3179 6292
3184 3191 6375
3001 3180 6181
3081 3152 6233
3049 3054 6103
3142 3187 6329
3131 3145 6276
3121 3175 6296
3108 3155 6263
3090 3168 6258
3128 3198 6326
3010 3013 6023
3127 3148 6275
3188 3189 6377
3096 3195 6291
3119 3171 6290
3046 3085 6131
3095 3120 6215
3190 3196 6386
3034 3073 6107
3141 3165 6306
3025 3089 6114
3120 3189 6309
3031 3169 6200
3067 3100 6167
3186 3192 6378
3045 3176 6221
3188 3190 6378
3179 3190 6369
3144 3164 6308
3183 3197 6380
3072 3098 6170
3052 3053 6105
3106 3153 6259
3028 3116 6144
3057 3191 6248
3107 3170 6277
3098 3158 6256
3055 3172 6227
3129 3182 6311
3015 3072 6087
3184 3199 6383
3027 3127 6154
3067 3188 6255
3021 3100 6121
3092 3112 6204
3035 3186 6221
3170 3196 6366
3180 3191 6371
3148 3200 6348
3171 3192 6363
3034 3084 6118
3003 3165 6168
3174 3194 6368
3138 3181 6319
3147 3174 6321
3073 3198 6271
3040 3180 6220
3132 3171 6303
3051 3108 6159
3021 3159 6180
3118 3176 6294
3066 3189 6255
3171 3191 6362
3191 3194 6385
3155 3161 6316
3101 3185 6286
3108 3178 6286
3191 3195 6386
3075 3126 6201
3179 3191 6370
3003 3009 6012
3076 3174 6250
3183 3189 6372
3088 3144 6232
3154 3178 6332
3118 3128 6246
3050 3127 6177
3120 3188 6308
3112 3164 6276
3087 3133 6220
3172 3175 6347
3019 3096 6115
3107 3189 6296
3094 3138 6232
3076 3097 6173
3121 3136 6257
3140 3162 6302
3159 3194 6353
3059 3080 6139
3128 3164 6292
3068 3189 6257
3071 3147 6218
3182 3186 6368
3019 3114 6133
3109 3166 6275
3036 3128 6164
3163 3194 6357
3045 3154 6199
3099 3198 6297
3068 3110 6178
3192 3195 6387
3079 3148 6227
3149 3200 6349
3091 3168 6259
3008 3093 6101
3117 3143 6260
3118 3195 6313
3107 3172 6279
3150 3188 6338
3071 3096 6167
3152 3185 6337
3110 3126 6236
3167 3199 6366
3014 3059 6073
3107 3170 6277
3151 3170 6321
3115 3129 6244
3124 3129 6253
3105 3177 6282
3042 3135 6177
3115 3152 6267
3113 3156 6269
3102 3123 6225
3033 3161 6194
3073 3128 6201
3091 3116 6207
3102 3163 6265
3040 3098 6138
3131 3138 6269
3165 3198 6363
3150 3178 6328
3107 3127 6234
3161 3172 6333
3123 3197 6320
3055 3180 6235
3005 3154 6159
3081 3179 6260
3132 3165 6297
3136 3153 6289
3043 3169 6212
3169 3197 6366
3000 3188 6188
3179 3191 6370
3082 3174 6256
3069 3191 6260
3012 3130 6142
3059 3082 6141
3142 3190 6332
3089 3091 6180
3059 3113 6172
3156 3192 6348
3029 3041 6070
3080 3083 6163
3039 3105 6144
3042 3154 6196
3010 3101 6111
3173 3180 6353
3088 3117 6205
3174 3198 6372
3141 3150 6291
3098 3169 6267
3099 3192 6291
3149 3152 6301
3075 3179 6254
3175 3195 6370
3102 3115 6217
3155 3170 6325
3146 3151 6297
3196 3200 6396
3019 3020 6039
3080 3183 6263
3015 3135 6150
3138 3166 6304
3107 3122 6229
3090 3129 6219
3179 3182 6361
3086 3096 6182
3173 3183 6356
3075 3144 6219
3098 3124 6222
3024 3153 6177
3198 3199 6397
3179 3196 6375
3037 3099 6136
3003 3053 6056
3098 3138 6236
3040 3079 6119
3075 3184 6259
3125 3166 6291
3107 3132 6239
3028 3157 6185
3059 3117 6176
3136 3142 6278
3065 3101 6166
3072 3169 6241
3037 3098 6135

4157 4167 8314
4148 4187 8329
4111 4141 8227
4198 4199 8367
4006 4143 8132
4031 4050 8077
4186 4196 8358
4040 4086 8110
4023 4057 8055
4124 4152 8258
4137 4160 8289
4013 4050 8039
4131 4133 8225
4193 4199 8384
4110 4176 8262
4124 4173 8266
4056 4158 8189
4136 4190 8295
4126 4130 8236
4131 4137 8256
4171 4183 8337
4113 4133 8234
4177 4200 8346
4199 4200 8365
4184 4194 8364
4107 4182 8254
4093 4156 8235
4068 4099 8142
4001 4124 8105
4102 4154 8225
4123 4173 8262
4038 4163 8196
4110 4184 8270
4044 4089 8119
4137 4175 8276
4009 4160 8164
4173 4193 8355
4129 4130 8241
4032 4134 8152
4037 4121 8142
4139 4155 8271
4152 4180 8319
4048 4143 8185
4054 4115 8154
4148 4149 8279
4119 4195 8280
4075 4167 8228
4011 4162 8155
4111 4126 8209
4181 4196 8373
4175 4184 8335
4092 4164 8248
4054 4196 8219
4010 4179 8165
4136 4169 8275
4056 4059 8110
4059 4065 8094
4080 4146 8213
4125 4169 8279
4063 4181 8239
4046 4116 8124
4033 4183 8211
4040 4051 8069
4182 4194 8352
4166 4194 8336
4128 4155 8275
4172 4184 8317
4105 4161 8240
4189 4195 8378
4163 4165 8301
4177 4184 8342
4189 4196 8378
4113 4137 8233
4177 4178 8344
4003 4151 8136
4061 4159 8182
4079 4083 8161
4064 4166 8216
4188 4194 8359
4060 4113 8150
4162 4170 8313
4082 4083 8154
4110 4133 8233
4189 4198 8371
4148 4175 8314
4121 4147 8252
4110 4165 8250
4007 4087 8081
4164 4174 8329
4199 4200 8392
4020 4182 8169
4133 4153 8271
4177 4185 8329
4178 4181 8323
4151 4157 8303
4004 4052 8054
4029 4044 8054
4176 4186 8348
4024 4135 8139
4013 4080 8084
4092 4174 8233
4111 4122 8222
4173 4192 8331
4005 4178 8160
4199 4200 8391
4096 4112 8175
4161 4179 8315
4131 4147 8268
4140 4170 8280
4100 4153 8215
4018 4190 8181
4097 4178 8253
4136 4183 8283
4047 4105 8117
4067 4127 8161
4014 4020 8014
4071 4127 8176
4044 4122 8163
4138 4181 8310
4043 4197 8208
4122 4157 8275
4144 4183 8325
4123 4154 8264
4116 4186 8284
4138 4158 8275
4155 4165 8315
4062 4110 8156
4098 4175 8242
4147 4174 8286
4091 4099 8164
4030 4132 8125
4117 4197 8286
4012 4108 8093
4156 4162 8306
4084 4122 8191
4031 4117 8136
4022 4129 8132
4069 4104 8136
4179 4196 8373
4046 4061 8080
4003 4062 8039
4115 4196 8291
4076 4176 8216
4114 4186 8278
4128 4134 8241
4075 4159 8206
4116 4161 8262
4176 4192 8337
4062 4144 8200
4188 4193 8357
4044 4106 8133
4133 4148 8248
4197 4199 8394
4019 4161 8147
4074 4095 8133
4142 4197 8304
4129 4166 8277
4050 4197 8245
4029 4036 8055
4023 4080 8070
4105 4125 8224
4043 4086 8093
4094 4195 8258
4154 4195 8332
4068 4069 8107
4065 4126 8153
4156 4164 8312
4018 4193 8200
4150 4198 8317
4079 4088 8145
4016 4081 8075
4145 4194 8304
4164 4179 8327
4037 4128 8164
4131 4149 8250
4141 4184 8309
4116 4150 8234
4167 4171 8337
4196 4200 8373
4138 4184 8314
4152 4196 8341
4008 4142 8113
4101 4108 8181
4076 4084 8152
4092 4138 8212
4055 4177 8211
4112 4177 8279
4154 4161 8299
4110 4122 8203
4136 4197 8303
4093 4191 8264
4179 4187 8345
4029 4057 8057
4158 4167 8299
4015 4077 8079
4179 4198 8376
4036 4086 8101
4015 4168 8182
4024 4174 8172
4118 4140 8228
4160 4176 8321
4112 4148 8227
4193 4194 8352
4049 4170 8187
4111 4184 8277
4041 4104 8133
4094 4098 8155
4044 4059 8071
4147 4165 8289
4148 4154 8285
4105 4134 8238
4180 4196 8342
4167 4187 8321
4170 4186 8354
4165 4182 8346
4176 4186 8357
4153 4179 8327
4086 4151 8232
4077 4165 8225
4121 4160 8246
4129 4135 8232
4093 4154 8222
4006 4095 8082
4199 4200 8368
4120 4195 8306
4061 4188 8232
4098 4146 8211
4001 4188 8155
4052 4075 8108
4126 4147 8253
4062 4114 8157
4156 4185 8302
4130 4140 8267
4006 4026 8019
4133 4147 8260
4136 4173 8273
4156 4168 8316
4017 4070 8052
4094 4113 8198
4095 4142 8227
4005 4200 8192
4104 4180 8281
4179 4185 8351
4175 4190 8347
4050 4174 8222
4016 4036 8030
4171 4177 8336
4041 4054 8062
4067 4200 8265
4198 4199 8394
4075 4195 8263
4130 4173 8284
4058 4188 8231
4113 4128 8224
4039 4168 8195
4090 4175 8256
4123 4156 8249
4168 4178 8335
4174 4200 8343
4082 4109 8157
4172 4188 8339
4197 4199 8388
4135 4175 8285
4155 4188 8319
4054 4132 8176
4066 4128 8182
4189 4200 8388
4101 4145 8208
4131 4181 8301
4027 4039 8037
4043 4137 8163
4028 4196 8214
4090 4106 8182
4083 4164 8244
4051 4056 8092
4073 4198 8263
4105 4165 8252
4035 4110 8136
4040 4128 8156
4184 4190 8354
4058 4142 8188
4176 4200 8340
4039 4133 8145
4117 4120 8202
4129 4178 8273
4099 4150 8228
4145 4199 8322
4156 4195 8334
4116 4132 8232
4127 4199 8311
4044 4171 8182
4136 4161 8289
4180 4188 8358
4142 4200 8329
4018 4198 8187
4180 4184 8338
4090 4192 8272
4060 4075 8119
4049 4097 8110
4160 4185 8312
4165 4188 8336
4048 4085 8102
4132 4163 8282
4157 4175 8315
4034 4190 8192
4199 4200 8382
4153 4174 8296
4053 4145 8167
4060 4131 8183
4195 4198 8374
4172 4190 8328
4084 4125 8184
4095 4117 8208
4068 4091 8127
4076 4195 8239
4043 4060 8101
4030 4100 8096
4037 4120 8149
4091 4189 8269
4110 4116 8187
4125 4141 8238
4009 4013 8011
4172 4177 8316
4067 4092 8126
4180 4188 8352
4047 4162 8199
4071 4104 8162
4061 4137 8161
4112 4162 8251
4012 4082 8093
4064 4168 8223
4050 4142 8170
4104 4134 8209
4199 4200 8381
4073 4189 8255
4058 4125 8152
4149 4171 8313
4018 4175 8173
4148 4196 8339
4008 4070 8053
4099 4138 8222
4040 4120 8138
4118 4168 8276
4157 4200 8339
4016 4191 8193
4113 4181 8275
4183 4193 8346
4154 4186 8325
4138 4198 8319
4149 4166 8304
4094 4160 8222
4030 4070 8077
4045 4122 8161
4152 4183 8309
4053 4186 8224
4161 4182 8340
4004 4136 8125
4081 4086 8149
4104 4141 8215
4168 4183 8318
4031 4101 8099
4177 4195 8346
4051 4144 8167
4026 4055 8062
4157 4177 8297
4050 4090 8110
4123 4186 8292
4081 4088 8141
4020 4119 8135
4110 4134 8207
4133 4144 8242
4020 4113 8097
4198 4199 8380
4025 4181 8175
4110 4167 8267
4060 4154 8205
4038 4089 8124
4081 4121 8199
4163 4184 8336
4149 4164 8283
4155 4178 8294
4108 4181 8262
4154 4160 8303
4103 4121 8200
4147 4193 8323
4018 4031 8028
4151 4186 8327
4092 4105 8183
4004 4068 8060
4188 4200 8357
4171 4184 8350
4173 4191 8326
4030 4126 8118
4141 4161 8290
4193 4200 8382
4128 4161 8280
4021 4049 8059
4175 4189 8361
4090 4099 8160
4076 4107 8148
4101 4161 8223
4001 4022 8003
4172 4192 8332
4056 4139 8173
4190 4192 8371
4119 4168 8271
4165 4200 8364
4112 4121 8207
4081 4104 8181
4170 4184 8352
4182 4198 8350
4177 4191 8359
4107 4147 8229
4066 4138 8170
4118 4177 8279
4046 4080 8111
4009 4199 8170
4000 4052 8043
4195 4200 8387
4124 4134 8228
4060 4132 8183
4192 4200 8375
4048 4157 8170
4050 4162 8179
4103 4109 8187
4046 4177 8203
4107 4137 8222
4021 4049 8065
4118 4190 8277
4032 4160 8162
4061 4069 8121
4066 4093 8152
4193 4198 8387
4148 4195 8335
4055 4075 8100
4004 4161 8148
4129 4179 8273
4003 4182 8167
4179 4191 8363
4009 4065 8044
4178 4185 8354
4037 4174 8207
4105 4182 8270
4080 4149 8202
4112 4158 8238
4014 4159 8153
4050 4058 8094
4117 4136 8216
4118 4177 8277
4017 4193 8208
4145 4175 8309
4135 4176 8275
4173 4176 8340
4060 4064 8091
4088 4186 8268
4177 4183 8356
4017 4034 8020
4133 4200 8298
4072 4098 8134
4183 4193 8371
4026 4048 8067
4019 4140 8145
4077 4151 8203
4076 4137 8183
4001 4117 8094
4134 4136 8234
4113 4183 8273
4105 4187 8281
4032 4169 8183
4162 4191 8350
4031 4108 8124
4048 4086 8126
4095 4172 8243
4170 4175 8307
4195 4199 8386
4081 4187 8232
4076 4196 8239
4194 4199 8377
4031 4050 8048
4107 4155 8259
4098 4198 8285
4119 4139 8246
4128 4157 8259
4159 4186 8315
4069 4120 8156
4074 4095 8138
4162 4193 8316
4169 4173 8322
4044 4152 8162
4001 4066 8058
4137 4186 8301
4153 4200 8342
4047 4116 8158
4080 4186 8233
4058 4154 8186
4033 4074 8073
4171 4190 8339
4105 4159 8254
4104 4116 8181
4118 4130 8216
4068 4071 8103
4103 4157 8248
4186 4194 8363
4091 4185 8252
4145 4187 8324
4016 4195 8183
4180 4188 8344
4124 4173 8291
4198 4199 8391
4188 4199 8368
4021 4188 8192
4081 4089 8140
4149 4196 8314
4112 4117 8202
4001 4052 8038
4051 4101 8136
4197 4200 8358
4056 4139 8160
4192 4196 8381
4043 4078 8117
4032 4124 8139
4148 4184 8322
4014 4103 8101
4048 4082 8096
4143 4199 8328
4009 4094 8068
4171 4193 8329
4001 4062 8045
4057 4060 8095
4099 4110 8206
4085 4150 8200
4059 4120 8165
4067 4199 8252
4105 4197 8270
4052 4162 8195
4045 4143 8164
4145 4151 8277
4153 4178 8320
4094 4123 8216
4042 4122 8137
4165 4200 8359
4093 4154 8230
4131 4189 8288
4037 4108 8111
4079 4128 8199
4070 4130 8187
4156 4168 8307
4052 4075 8124
4198 4199 8384
4111 4196 8301
4111 4175 8269
4054 4068 8111
4069 4075 8128
4028 4125 8121
4046 4055 8096
4110 4193 8271
4129 4174 8302
4036 4067 8068
4136 4194 8316
4180 4187 8358
4153 4178 8292
4021 4107 8103
4079 4172 8219
4193 4200 8389
4047 4144 8190
4159 4161 8293
4123 4188 8303
4179 4196 8343
4022 4053 8062
4019 4086 8084
4158 4177 8312
4018 4197 8189
4091 4131 8213
4117 4165 8250
4122 4182 8285
4178 4188 8340
4168 4193 8354
4191 4199 8365
4047 4118 8153
4185 4193 8339
4070 4076 8138
4151 4191 8327
4105 4130 8224
4058 4148 8189
4051 4162 8211
4131 4169 8290
4177 4178 8337
4034 4143 8153
4149 4169 8279
4011 4012 8020
4122 4150 8234
4043 4189 8212
4061 4094 8137
4199 4200 8391
4143 4170 8312
4007 4103 8083
4118 4133 8218
4002 4174 8154
4074 4082 8127
4071 4113 8165
4071 4144 8206
4111 4162 8244
4103 4149 8243
4188 4200 8360
4079 4146 8215
4075 4167 8225
4034 4096 8098
4173 4200 8370
4040 4185 8209
4067 4115 8145
4133 4175 8290
4066 4146 8191
4135 4140 8271
4135 4199 8323
4006 4009 8008
4183 4200 8381
4115 4133 8227
4199 4200 8380
4184 4192 8353
4101 4141 8212
4131 4135 8245
4156 4186 8340
4177 4179 8324
4061 4121 8162
4156 4191 8326
4025 4114 8131
4132 4139 8259
4173 4198 8366
4114 4136 8215
4114 4180 8274
4031 4197 8213
4064 4073 8110
4102 4194 8292
4093 4144 8236
4151 4179 8302
4177 4195 8334
4089 4185 8269
4033 4160 8180
4057 4138 8166
4168 4179 8315
4056 4164 8202
4124 4200 8313
4132 4160 8280
4127 4182 8275
4104 4189 8273
4001 4170 8150
4197 4198 8387
4126 4144 8261
4003 4032 8009
4008 4013 7997
4075 4164 8225
4109 4168 8238
4067 4165 8221
4040 4125 8160
4132 4163 8269
4178 4182 8333
4053 4086 8116
4018 4019 8019
4199 4200 8393
4052 4063 8108
4026 4060 8065
4023 4120 8121
4067 4190 8224
4175 4186 8351
4162 4196 8340
4085 4162 8241
4062 4129 8162
4096 4183 8267
4073 4144 8201
4165 4185 8335
4002 4118 8116
4106 4123 8217
4086 4165 8245
4008 4061 8066
4165 4199 8334
4121 4163 8264
4081 4114 8183
4163 4191 8342
4143 4161 8300
4118 4192 8296
4132 4135 8254
4064 4132 8176
4089 4164 8246
4180 4185 8348
4069 4161 8212
4110 4112 8217
4172 4192 8325
4075 4118 8183
4178 4180 8340
4092 4127 8203
4063 4136 8190
4123 4198 8305
4101 4182 8271
4065 4092 8142
4037 4120 8123
4186 4191 8373
4003 4029 8014
4071 4138 8206
4093 4161 8220
4073 4199 8268

0.010000 0.650000
