700
3976220
3051 3161 6212
3011 3027 6038
3036 3083 6119
3080 3180 6260
3168 3180 6348
3184 3199 6383
3041 3161 6202
3016 3136 6152
3029 3101 6130
3165 3187 6352
3123 3151 6274
3011 3155 6166
3066 3148 6214
3128 3169 6297
3187 3194 6381
3029 3063 6092
3046 3094 6140
3097 3100 6197
3180 3191 6371
3121 3193 6314
3161 3165 6326
3146 3156 6302
3010 3078 6088
3071 3095 6166
3077 3200 6277
3028 3148 6176
3189 3193 6382
3156 3167 6323
3194 3197 6391
3128 3186 6314
3062 3153 6215
3153 3157 6310
3137 3200 6337
3163 3171 6334
3137 3165 6302
3094 3194 6288
3019 3162 6181
3077 3190 6267
3059 3116 6175
3087 3188 6275
3002 3175 6177
3043 3080 6123
3060 3114 6174
3135 3145 6280
3056 3142 6198
3186 3195 6381
3168 3173 6341
3052 3126 6178
3142 3151 6293
3006 3141 6147
3171 3176 6347
3195 3197 6392
3047 3173 6220
3196 3198 6394
3090 3120 6210
3021 3128 6149
3158 3194 6352
3100 3111 6211
3097 3117 6214
3145 3197 6342
3140 3184 6324
3051 3078 6129
3074 3154 6228
3011 3132 6143
3110 3198 6308
3000 3129 6129
3035 3138 6173
3029 3128 6157
3070 3107 6177
3148 3165 6313
3019 3104 6123
3109 3180 6289
3088 3139 6227
3175 3178 6353
3109 3192 6301
3007 3120 6127
3056 3155 6211
3096 3124 6220
3045 3118 6163
3180 3189 6369
3017 3109 6126
3005 3185 6190
3178 3200 6378
3122 3177 6299
3192 3194 6386
3012 3157 6169
3029 3063 6092
3045 3195 6240
3163 3175 6338
3168 3199 6367
3136 3152 6288
3094 3179 6273
3060 3178 6238
3071 3179 6250
3162 3185 6347
3154 3156 6310
3025 3086 6111
3082 3120 6202
3066 3105 6171
3062 3128 6190
3072 3089 6161
3070 3104 6174
3009 3137 6146
3090 3160 6250
3070 3199 6269
3019 3096 6115
3092 3163 6255
3195 3200 6395
3185 3193 6378
3003 3159 6162
3026 3093 6119
3092 3146 6238
3183 3199 6382
3069 3120 6189
3011 3103 6114
3087 3133 6220
3101 3111 6212
3106 3136 6242
3177 3178 6355
3024 3110 6134
3084 3089 6173
3086 3194 6280
3018 3146 6164
3003 3109 6112
3169 3176 6345
3059 3173 6232
3014 3153 6167
3054 3181 6235
3083 3130 6213
3034 3104 6138
3038 3044 6082
3025 3175 6200
3114 3135 6249
3098 3150 6248
3045 3164 6209
3117 3170 6287
3053 3111 6164
3062 3081 6143
3179 3189 6368
3027 3146 6173
3156 3188 6344
3074 3136 6210
3111 3131 6242
3118 3122 6240
3199 3200 6399
3078 3142 6220
3012 3141 6153
3042 3176 6218
3142 3182 6324
3046 3101 6147
3111 3121 6232
3118 3169 6287
3066 3102 6168
3080 3131 6211
3095 3105 6200
3031 3057 6088
3083 3162 6245
3175 3182 6357
3006 3172 6178
3127 3189 6316
3004 3107 6111
3055 3095 6150
3135 3197 6332
3150 3169 6319
3147 3168 6315
3041 3091 6132
3063 3102 6165
3055 3171 6226
3052 3179 6231
3033 3129 6162
3073 3103 6176
3126 3149 6275
3152 3167 6319
3157 3161 6318
3188 3196 6384
3064 3123 6187
3042 3124 6166
3081 3097 6178
3039 3179 6218
3195 3197 6392
3050 3120 6170
3185 3189 6374
3031 3197 6228
3031 3141 6172
3069 3195 6264
3046 3197 6243
3128 3155 6283
3068 3147 6215
3084 3115 6199
3163 3198 6361
3106 3162 6268
3101 3180 6281
3187 3192 6379
3145 3159 6304
3149 3163 6312
3093 3180 6273
3124 3167 6291
3194 3199 6393
3192 3198 6390
3017 3116 6133
3004 3156 6160
3195 3198 6393
3021 3127 6148
3013 3118 6131
3086 3195 6281
3093 3148 6241
3137 3182 6319
3179 3186 6365
3103 3115 6218
3061 3084 6145
3083 3108 6191
3017 3022 6039
3194 3198 6392
3026 3125 6151
3026 3045 6071
3178 3189 6367
3100 3115 6215
3182 3192 6374
3083 3088 6171
3128 3197 6325
3049 3197 6246
3088 3105 6193
3074 3160 6234
3184 3191 6375
3080 3190 6270
3041 3049 6090
3176 3190 6366
3173 3184 6357
3060 3198 6258
3173 3198 6371
3150 3159 6309
3153 3167 6320
3189 3196 6385
3116 3121 6237
3145 3156 6301
3001 3038 6039
3006 3073 6079
3105 3199 6304
3030 3180 6210
3159 3175 6334
3023 3088 6111
3042 3082 6124
3047 3154 6201
3110 3129 6239
3005 3019 6024
3161 3195 6356
3110 3158 6268
3057 3184 6241
3184 3189 6373
3090 3111 6201
3001 3192 6193
3156 3159 6315
3093 3116 6209
3101 3172 6273
3126 3148 6274
3191 3200 6391
3084 3162 6246
3182 3190 6372
3057 3185 6242
3103 3140 6243
3108 3139 6247
3146 3177 6323
3115 3176 6291
3199 3200 6399
3006 3039 6045
3165 3192 6357
3172 3176 6348
3031 3078 6109
3087 3116 6203
3105 3133 6238
3027 3197 6224
3012 3100 6112
3193 3196 6389
3049 3174 6223
3141 3175 6316
3168 3177 6345
3052 3083 6135
3070 3158 6228
3157 3158 6315
3002 3163 6165
3024 3184 6208
3041 3176 6217
3098 3142 6240
3024 3194 6218
3126 3178 6304
3106 3178 6284
3167 3186 6353
3019 3125 6144
3047 3177 6224
3080 3154 6234
3070 3152 6222
3195 3198 6393
3180 3184 6364
3002 3118 6120
3117 3166 6283
3133 3194 6327
3103 3164 6267
3181 3190 6371
3038 3098 6136
3106 3147 6253
3042 3112 6154
3190 3191 6381
3081 3082 6163
3153 3164 6317
3182 3197 6379
3009 3136 6145
3148 3176 6324
3112 3168 6280
3062 3158 6220
3018 3102 6120
3125 3155 6280
3198 3200 6398
3077 3192 6269
3012 3077 6089
3095 3198 6293
3068 3130 6198
3156 3195 6351
3160 3175 6335
3195 3200 6395
3076 3197 6273
3096 3139 6235
3112 3125 6237
3136 3175 6311
3017 3194 6211
3123 3133 6256
3116 3122 6238
3150 3156 6306
3177 3193 6370
3041 3111 6152
3076 3162 6238
3119 3148 6267
3193 3195 6388
3078 3106 6184
3111 3118 6229
3166 3171 6337
3048 3165 6213
3014 3019 6033
3186 3188 6374
3156 3160 6316
3061 3139 6200
3036 3155 6191
3157 3190 6347
3136 3184 6320
3141 3155 6296
3014 3161 6175
3010 3080 6090
3190 3196 6386
3047 3165 6212
3128 3140 6268
3174 3176 6350
3131 3200 6331
3146 3170 6316
3112 3120 6232
3029 3077 6106
3048 3089 6137
3033 3168 6201
3186 3200 6386
3048 3080 6128
3061 3158 6219
3165 3191 6356
3100 3139 6239
3026 3039 6065
3063 3175 6238
3083 3192 6275
3140 3151 6291
3004 3188 6192
3084 3183 6267
3103 3178 6281
3056 3067 6123
3149 3174 6323
3165 3174 6339
3129 3186 6315
3133 3160 6293
3189 3197 6386
3133 3169 6302
3070 3144 6214
3020 3185 6205
3019 3075 6094
3185 3190 6375
3154 3195 6349
3050 3163 6213
3013 3175 6188
3088 3195 6283
3060 3197 6257
3054 3086 6140
3183 3188 6371
3140 3172 6312
3139 3147 6286
3144 3154 6298
3047 3124 6171
3153 3158 6311
3143 3162 6305
3007 3081 6088
3016 3130 6146
3030 3100 6130
3129 3153 6282
3099 3139 6238
3125 3176 6301
3089 3181 6270
3039 3043 6082
3060 3098 6158
3169 3172 6341
3079 3084 6163
3186 3199 6385
3082 3111 6193
3140 3181 6321
3115 3129 6244
3171 3175 6346
3199 3200 6399
3055 3172 6227
3158 3184 6342
3005 3080 6085
3193 3199 6392
3123 3164 6287
3000 3090 6090
3060 3113 6173
3067 3124 6191
3062 3145 6207
3022 3094 6116
3086 3100 6186
3110 3151 6261
3112 3150 6262
3092 3173 6265
3199 3200 6399
3171 3174 6345
3197 3198 6395
3084 3118 6202
3083 3121 6204
3164 3175 6339
3019 3177 6196
3167 3171 6338
3152 3193 6345
3164 3196 6360
3118 3186 6304
3010 3019 6029
3138 3150 6288
3011 3112 6123
3153 3189 6342
3108 3137 6245
3138 3159 6297
3166 3177 6343
3039 3146 6185
3095 3123 6218
3048 3178 6226
3166 3173 6339
3010 3065 6075
3061 3123 6184
3064 3123 6187
3175 3187 6362
3027 3138 6165
3109 3185 6294
3091 3179 6270
3059 3108 6167
3099 3180 6279
3197 3199 6396
3039 3198 6237
3184 3194 6378
3026 3127 6153
3161 3196 6357
3153 3173 6326
3039 3049 6088
3149 3175 6324
3084 3167 6251
3049 3124 6173
3181 3193 6374
3140 3144 6284
3110 3181 6291
3079 3114 6193
3111 3154 6265
3124 3192 6316
3095 3157 6252
3180 3198 6378
3153 3194 6347
3162 3173 6335
3187 3199 6386
3091 3103 6194
3104 3182 6286
3098 3134 6232
3022 3099 6121
3105 3171 6276
3153 3174 6327
3005 3151 6156
3024 3041 6065
3066 3133 6199
3136 3199 6335
3081 3144 6225
3076 3142 6218
3174 3184 6358
3021 3196 6217
3125 3159 6284
3077 3194 6271
3179 3196 6375
3195 3199 6394
3132 3182 6314
3074 3154 6228
3188 3194 6382
3146 3187 6333
3116 3131 6247
3108 3200 6308
3033 3160 6193
3175 3184 6359
3174 3182 6356
3012 3046 6058
3081 3102 6183
3114 3116 6230
3048 3134 6182
3034 3154 6188
3070 3129 6199
3080 3155 6235
3193 3200 6393
3154 3187 6341
3159 3183 6342
3025 3169 6194
3061 3190 6251
3065 3139 6204
3051 3139 6190
3045 3134 6179
3017 3077 6094
3033 3163 6196
3027 3080 6107
3138 3198 6336
3192 3196 6388
3017 3188 6205
3128 3198 6326
3000 3008 6008
3135 3178 6313
3120 3125 6245
3031 3063 6094
3137 3145 6282
3197 3200 6397
3170 3191 6361
3090 3188 6278
3026 3183 6209
3070 3162 6232
3091 3141 6232
3041 3145 6186
3175 3179 6354
3130 3200 6330
3107 3181 6288
3048 3094 6142
3061 3133 6194
3161 3180 6341
3059 3189 6248
3145 3163 6308
3097 3110 6207
3098 3157 6255
3135 3192 6327
3109 3154 6263
3161 3184 6345
3155 3176 6331
3092 3147 6239
3103 3126 6229
3072 3094 6166
3059 3142 6201
3139 3184 6323
3194 3199 6393
3128 3135 6263
3182 3186 6368
3166 3176 6342
3155 3169 6324
3186 3199 6385
3000 3141 6141
3137 3169 6306
3161 3162 6323
3153 3161 6314
3069 3168 6237
3052 3131 6183
3131 3177 6308
3016 3049 6065
3007 3095 6102
3056 3159 6215
3050 3074 6124
3152 3171 6323
3049 3182 6231
3192 3197 6389
3065 3100 6165
3054 3075 6129
3084 3138 6222
3146 3198 6344
3106 3182 6288
3156 3164 6320
3128 3147 6275
3101 3200 6301
3050 3167 6217
3015 3130 6145
3156 3165 6321
3180 3199 6379
3167 3179 6346
3008 3177 6185
3113 3174 6287
3147 3180 6327
3048 3185 6233
3006 3067 6073
3083 3180 6263
3058 3193 6251
3189 3198 6387
3011 3173 6184
3081 3199 6280
3039 3193 6232
3008 3103 6111
3102 3168 6270
3047 3128 6175
3168 3176 6344
3132 3143 6275
3185 3187 6372
3026 3083 6109
3097 3114 6211
3093 3138 6231
3171 3175 6346
3163 3181 6344
3018 3183 6201
3128 3170 6298
3136 3171 6307
3055 3111 6166
3068 3115 6183
3092 3196 6288
3166 3191 6357
3125 3193 6318
3181 3188 6369
3063 3155 6218
3011 3156 6167
3193 3198 6391
3121 3163 6284
3077 3121 6198
3125 3188 6313
3104 3200 6304
3155 3164 6319
3047 3150 6197
3089 3188 6277
3068 3093 6161
3021 3064 6085
3168 3197 6365
3176 3177 6353
3123 3190 6313
3139 3164 6303
3142 3186 6328
3159 3191 6350
3115 3196 6311
3078 3197 6275
3118 3133 6251
3030 3066 6096
3112 3198 6310
3143 3151 6294
3096 3136 6232
3002 3019 6021
3176 3200 6376
3089 3101 6190
3100 3161 6261
3014 3195 6209
3006 3192 6198
3125 3157 6282
3132 3156 6288
3167 3185 6352
3069 3164 6233
3103 3176 6279
3052 3105 6157
3086 3105 6191
3127 3150 6277
3126 3138 6264
3031 3039 6070
3139 3197 6336
3014 3025 6039
3156 3173 6329
3123 3156 6279
3199 3200 6399
3178 3196 6374
3105 3152 6257
3055 3164 6219
3139 3179 6318
3156 3176 6332
3031 3185 6216
3108 3156 6264
3167 3176 6343
3010 3031 6041
3121 3196 6317
3121 3166 6287
3093 3163 6256
3115 3120 6235
3053 3111 6164
3091 3163 6254
3158 3164 6322
3173 3180 6353
3099 3154 6253
3045 3058 6103
3140 3179 6319
3109 3152 6261
3166 3171 6337
3195 3197 6392
3082 3136 6218
3182 3195 6377
3042 3131 6173
3069 3107 6176
3112 3120 6232
3053 3061 6114
3093 3155 6248
3025 3085 6110
3179 3190 6369
3124 3130 6254
3075 3192 6267
3145 3156 6301

4137 4156 8267
4016 4093 8072
4042 4066 8104
4078 4144 8187
4185 4196 8359
4119 4172 8279
4000 4189 8163
4170 4189 8323
4031 4181 8188
4147 4197 8311
4138 4149 8252
4166 4186 8332
4085 4157 8234
4030 4071 8093
4011 4093 8066
4077 4182 8236
4189 4197 8350
4011 4143 8146
4110 4183 8266
4007 4147 8144
4023 4119 8105
4148 4196 8314
4130 4170 8297
4185 4193 8351
4013 4085 8066
4133 4165 8280
4019 4042 8057
4057 4128 8176
4099 4182 8251
4132 4156 8266
4019 4136 8133
4126 4182 8303
4093 4138 8215
4061 4069 8122
4113 4167 8263
4159 4187 8321
4108 4111 8206
4064 4187 8240
4048 4115 8144
4082 4167 8248
4104 4126 8219
4117 4142 8242
4187 4200 8379
4176 4196 8365
4012 4033 8044
4187 4198 8350
4062 4138 8175
4021 4086 8076
4101 4149 8246
4037 4049 8052
4112 4162 8267
4182 4188 8347
4037 4103 8123
4109 4160 8232
4047 4093 8134
4182 4185 8364
4063 4151 8207
4197 4198 8387
4116 4126 8239
4018 4172 8189
4003 4129 8105
4107 4131 8203
4057 4074 8121
4165 4194 8327
4060 4177 8207
4020 4117 8115
4176 4186 8355
4005 4134 8106
4111 4160 8237
4045 4172 8179
4101 4152 8219
4136 4163 8286
4046 4196 8209
4093 4142 8224
4182 4188 8336
4160 4182 8318
4166 4194 8330
4174 4178 8341
4193 4200 8355
4046 4198 8227
4189 4191 8372
4125 4147 8259
4062 4096 8150
4102 4126 8201
4183 4187 8333
4079 4161 8210
4038 4045 8058
4135 4164 8292
4123 4198 8298
4102 4186 8259
4171 4176 8338
4189 4200 8357
4081 4178 8241
4132 4162 8262
4138 4172 8289
4034 4149 8165
4062 4164 8217
4095 4126 8211
4198 4199 8392
4153 4156 8307
4003 4107 8095
4133 4187 8292
4199 4200 8386
4156 4158 8311
4122 4168 8262
4138 4176 8286
4194 4198 8371
4161 4169 8296
4169 4181 8342
4055 4172 8201
4026 4181 8172
4008 4162 8169
4116 4188 8268
4132 4163 8282
4127 4138 8253
4072 4074 8112
4030 4114 8142
4041 4120 8134
4101 4106 8184
4154 4178 8305
4008 4177 8180
4017 4189 8181
4168 4173 8308
4197 4200 8385
4101 4128 8216
4071 4159 8211
4094 4181 8252
4026 4165 8175
4164 4194 8323
4093 4134 8211
4181 4183 8343
4139 4156 8267
4047 4139 8177
4098 4102 8168
4198 4200 8364
4151 4168 8285
4131 4136 8264
4124 4185 8304
4057 4184 8230
4049 4178 8208
4072 4073 8135
4126 4169 8289
4066 4135 8170
4146 4196 8328
4179 4184 8355
4051 4193 8226
4100 4177 8244
4027 4095 8084
4033 4145 8147
4139 4184 8311
4013 4160 8145
4039 4186 8193
4070 4138 8196
4180 4192 8344
4122 4166 8273
4095 4133 8191
4087 4111 8174
4044 4058 8072
4100 4116 8193
4024 4049 8070
4165 4190 8337
4126 4188 8298
4147 4170 8279
4066 4183 8215
4123 4162 8248
4091 4122 8181
4129 4168 8277
4105 4149 8224
4113 4188 8269
4163 4181 8310
4065 4178 8205
4033 4061 8065
4072 4194 8246
4099 4119 8214
4161 4186 8317
4013 4104 8107
4112 4161 8269
4016 4060 8042
4173 4174 8333
4168 4179 8330
4168 4196 8334
4141 4185 8318
4094 4110 8189
4167 4188 8345
4166 4167 8313
4008 4063 8036
4011 4089 8082
4174 4199 8343
4016 4092 8099
4163 4185 8339
4142 4153 8267
4122 4172 8263
4001 4009 7973
4018 4117 8131
4017 4200 8187
4198 4200 8362
4167 4170 8336
4160 4174 8305
4169 4171 8303
4058 4106 8146
4108 4119 8192
4039 4072 8074
4043 4078 8095
4048 4090 8103
4155 4164 8304
4182 4193 8360
4135 4142 8241
4080 4144 8200
4021 4054 8061
4101 4194 8264
4130 4156 8248
4062 4142 8193
4164 4183 8333
4039 4081 8106
4144 4183 8315
4034 4200 8209
4023 4158 8172
4190 4197 8366
4169 4186 8338
4120 4200 8289
4183 4195 8342
4197 4199 8386
4018 4123 8128
4064 4065 8124
4145 4189 8312
4161 4195 8320
4007 4010 8002
4104 4124 8201
4036 4105 8133
4041 4159 8189
4142 4147 8253
4160 4184 8307
4093 4145 8215
4112 4126 8219
4175 4191 8342
4199 4200 8380
4096 4167 8253
4040 4150 8186
4059 4188 8229
4132 4157 8255
4145 4184 8309
4056 4165 8214
4051 4197 8223
4174 4195 8358
4036 4158 8179
4113 4178 8287
4074 4147 8208
4183 4189 8354
4002 4130 8098
4157 4197 8350
4197 4199 8393
4053 4087 8107
4172 4200 8338
4168 4181 8330
4105 4184 8262
4179 4200 8360
4140 4148 8284
4027 4105 8106
4060 4108 8157
4016 4025 8021
4105 4174 8259
4030 4093 8109
4112 4184 8266
4182 4186 8366
4051 4148 8174
4150 4194 8343
4141 4174 8291
4021 4030 8033
4152 4179 8306
4191 4199 8387
4183 4185 8334
4072 4097 8131
4197 4198 8371
4003 4038 8023
4007 4083 8080
4103 4181 8276
4153 4186 8325
4171 4198 8331
4173 4199 8339
4006 4064 8055
4069 4094 8133
4012 4101 8099
4086 4174 8227
4158 4161 8284
4152 4188 8301
4029 4191 8219
4122 4188 8307
4075 4125 8195
4162 4178 8305
4024 4049 8056
4082 4188 8264
4197 4198 8358
4135 4192 8303
4143 4153 8272
4159 4200 8350
4106 4152 8230
4030 4154 8172
4193 4195 8372
4181 4184 8343
4115 4198 8287
4170 4172 8329
4148 4181 8312
4065 4141 8182
4149 4187 8326
4056 4195 8229
4140 4173 8305
4136 4167 8282
4146 4149 8257
4033 4059 8066
4077 4173 8225
4042 4131 8138
4049 4054 8096
4026 4045 8052
4165 4174 8305
4062 4178 8223
4187 4197 8357
4010 4138 8135
4053 4109 8146
4039 4158 8159
4143 4186 8328
4196 4198 8357
4104 4137 8231
4103 4122 8221
4112 4194 8287
4173 4198 8335
4156 4159 8305
4138 4168 8295
4164 4185 8331
4119 4188 8288
4121 4172 8266
4198 4200 8394
4184 4194 8344
4182 4186 8341
4080 4127 8199
4178 4186 8325
4162 4195 8332
4170 4189 8338
4037 4049 8048
4068 4089 8153
4199 4200 8392
4022 4183 8186
4183 4197 8345
4127 4137 8254
4030 4106 8127
4145 4164 8274
4103 4191 8282
4171 4197 8335
4155 4192 8342
4122 4142 8234
4102 4200 8267
4062 4153 8182
4024 4173 8184
4025 4092 8102
4124 4184 8307
4020 4120 8139
4120 4174 8293
4019 4124 8128
4102 4138 8209
4019 4047 8047
4005 4195 8199
4005 4082 8072
4126 4190 8306
4089 4114 8183
4125 4200 8310
4004 4181 8150
4113 4135 8243
4138 4187 8289
4192 4197 8361
4196 4197 8379
4005 4159 8145
4060 4195 8228
4157 4199 8343
4111 4117 8192
4001 4067 8033
4148 4198 8332
4093 4191 8259
4000 4140 8121
4017 4180 8172
4094 4134 8208
4079 4166 8240
4017 4020 8030
4066 4126 8167
4016 4085 8073
4173 4179 8319
4105 4117 8190
4114 4125 8219
4121 4158 8256
4118 4172 8281
4097 4198 8263
4003 4195 8187
4144 4195 8306
4029 4136 8138
4184 4186 8342
4169 4182 8346
4079 4133 8186
4170 4199 8337
4045 4197 8207
4097 4182 8260
4104 4138 8224
4039 4150 8184
4189 4192 8356
4164 4172 8313
4168 4195 8333
4013 4182 8188
4181 4195 8340
4100 4167 8241
4043 4072 8086
4023 4103 8120
4137 4153 8254
4141 4198 8302
4167 4189 8323
4006 4111 8085
4110 4126 8229
4023 4044 8042
4101 4149 8238
4063 4065 8121
4092 4123 8213
4115 4164 8259
4189 4199 8356
4066 4110 8144
4080 4097 8139
4108 4125 8202
4106 4137 8210
4179 4181 8336
4185 4200 8376
4152 4159 8276
4189 4199 8374
4150 4185 8331
4160 4191 8346
4038 4121 8134
4054 4078 8113
4046 4105 8135
4141 4171 8303
4106 4127 8216
4103 4135 8213
4126 4170 8277
4167 4200 8343
4038 4096 8126
4090 4142 8212
4027 4034 8034
4003 4012 7978
4114 4195 8271
4094 4185 8272
4049 4072 8087
4169 4187 8352
4175 4187 8337
4061 4169 8219
4013 4085 8078
4051 4154 8170
4040 4157 8183
4106 4114 8185
4155 4161 8296
4127 4198 8309
4154 4157 8288
4073 4142 8208
4152 4159 8298
4038 4096 8102
4189 4194 8353
4134 4168 8288
4162 4170 8302
4061 4125 8167
4002 4022 7993
4034 4036 8068
4110 4138 8229
4148 4167 8281
4063 4163 8204
4178 4189 8364
4089 4095 8152
4189 4190 8361
4000 4137 8114
4082 4154 8205
4091 4190 8279
4015 4126 8125
4152 4164 8304
4003 4101 8079
4088 4172 8225
4114 4117 8225
4185 4198 8360
4088 4090 8171
4128 4157 8253
4109 4141 8235
4175 4187 8347
4142 4179 8320
4009 4048 8038
4118 4126 8205
4035 4102 8129
4124 4145 8237
4060 4086 8110
4050 4087 8136
4094 4102 8193
4089 4116 8179
4133 4141 8257
4013 4131 8111
4012 4049 8024
4173 4184 8352
4174 4198 8333
4043 4143 8164
4043 4111 8152
4162 4178 8322
4093 4179 8238
4088 4112 8163
4091 4125 8186
4187 4194 8375
4116 4154 8239
4196 4200 8358
4175 4197 8367
4117 4168 8280
4066 4090 8122
4154 4174 8296
4132 4188 8282
4013 4120 8112
4192 4195 8369
4003 4125 8101
4082 4171 8218
4066 4173 8226
4054 4132 8183
4190 4192 8377
4105 4193 8273
4021 4117 8117
4126 4189 8295
4090 4140 8219
4061 4096 8132
4093 4200 8266
4024 4087 8082
4199 4200 8398
4012 4158 8149
4015 4023 8035
4063 4106 8149
4129 4162 8265
4062 4184 8221
4189 4199 8374
4027 4053 8075
4054 4108 8124
4077 4172 8245
4053 4189 8220
4120 4138 8252
4066 4134 8171
4080 4135 8187
4021 4101 8087
4095 4129 8218
4048 4182 8219
4162 4181 8320
4118 4178 8277
4004 4063 8040
4067 4198 8236
4096 4135 8214
4110 4126 8207
4143 4186 8323
4126 4154 8279
4106 4121 8204
4130 4171 8271
4094 4100 8186
4168 4199 8337
4089 4103 8173
4179 4186 8357
4162 4174 8297
4091 4177 8234
4105 4117 8205
4007 4143 8116
4088 4200 8270
4111 4127 8199
4040 4162 8198
4083 4158 8221
4147 4192 8310
4137 4167 8291
4080 4156 8209
4104 4199 8269
4103 4173 8275
4089 4145 8204
4001 4178 8145
4163 4194 8346
4185 4196 8350
4013 4145 8132
4170 4179 8337
4193 4198 8381
4117 4166 8244
4111 4153 8246
4056 4061 8095
4098 4127 8217
4167 4197 8334
4166 4184 8327
4040 4132 8166
4068 4142 8206
4157 4178 8317
4195 4200 8356
4017 4103 8083
4139 4175 8282
4172 4187 8331
4146 4153 8275
4053 4179 8195
4151 4197 8309
4106 4115 8183
4195 4200 8361
4073 4099 8154
4102 4170 8234
4140 4177 8283
4169 4171 8311
4011 4028 8003
4011 4066 8065
4049 4108 8127
4194 4198 8380
4083 4120 8201
4151 4180 8297
4173 4187 8344
4112 4197 8299
4148 4170 8314
4007 4151 8137
4026 4046 8042
4143 4179 8297
4148 4198 8324
4013 4196 8208
4044 4140 8171
4071 4141 8200
4162 4192 8333
4059 4147 8182
4187 4199 8361
4188 4193 8345
4159 4188 8312
4165 4197 8351
4078 4187 8254
4139 4146 8281
4007 4046 8039
4149 4151 8270
4157 4158 8284
4063 4107 8146
4098 4188 8270
4029 4175 8184
4159 4175 8331
4069 4082 8137
4006 4162 8146
4023 4178 8186
4052 4151 8189
4180 4192 8357
4110 4130 8235
4121 4126 8208
4006 4155 8125
4001 4121 8113
4040 4066 8085
4007 4038 8033
4116 4129 8238
4178 4179 8352
4195 4199 8383
4073 4099 8136
4062 4105 8137
4152 4186 8303
4055 4199 8230
4142 4155 8269
4071 4129 8186
4129 4174 8294
4170 4176 8336
4072 4099 8147
4039 4193 8195
4102 4170 8242
4007 4114 8092
4026 4056 8053
4128 4135 8257
4195 4199 8356
4025 4099 8087
4175 4185 8338
4123 4186 8301
4141 4157 8280
4192 4196 8361
4132 4192 8313
4163 4186 8348
4152 4156 8306
4139 4150 8250
4136 4146 8245
4017 4054 8053
4152 4161 8304
4118 4161 8271
4019 4196 8200
4114 4189 8280
4064 4094 8132
4093 4154 8245
4084 4117 8172
4038 4170 8189
4041 4080 8108
4025 4053 8068
4199 4200 8395
4050 4109 8125
4140 4155 8257
4178 4185 8343
4006 4017 8002
4039 4162 8191
4084 4088 8165
4022 4153 8152
4142 4170 8298
4091 4111 8200
4141 4200 8319
4040 4118 8156
4013 4040 8048
4017 4196 8202
4113 4125 8201
4187 4198 8351
4178 4179 8324
4076 4162 8216
4013 4062 8050
4136 4192 8298
4157 4199 8353
4017 4085 8091

0.010000 0.690000
