800
2437144
3060 3077 6137
3160 3167 6327
3064 3196 6260
3105 3131 6236
3012 3188 6200
3014 3110 6124
3121 3137 6258
3036 3199 6235
3067 3128 6195
3009 3096 6105
3188 3197 6385
3013 3059 6072
3162 3175 6337
3183 3189 6372
3181 3198 6379
3002 3151 6153
3183 3189 6372
3186 3188 6374
3012 3175 6187
3000 3106 6106
3013 3111 6124
3178 3186 6364
3151 3181 6332
3000 3005 6005
3120 3199 6319
3055 3065 6120
3160 3183 6343
3167 3173 6340
3094 3098 6192
3143 3175 6318
3167 3188 6355
3036 3144 6180
3014 3021 6035
3165 3193 6358
3082 3106 6188
3079 3164 6243
3171 3177 6348
3083 3108 6191
3035 3065 6100
3143 3177 6320
3065 3078 6143
3112 3176 6288
3003 3099 6102
3036 3134 6170
3163 3178 6341
3085 3108 6193
3053 3074 6127
3151 3152 6303
3075 3165 6240
3020 3190 6210
3118 3199 6317
3054 3185 6239
3188 3190 6378
3001 3162 6163
3115 3158 6273
3123 3164 6287
3020 3116 6136
3157 3190 6347
3163 3172 6335
3078 3083 6161
3165 3190 6355
3168 3171 6339
3046 3196 6242
3153 3177 6330
3173 3174 6347
3007 3026 6033
3045 3062 6107
3069 3178 6247
3124 3150 6274
3062 3064 6126
3084 3113 6197
3131 3196 6327
3198 3199 6397
3150 3152 6302
3093 3195 6288
3173 3183 6356
3065 3157 6222
3122 3186 6308
3190 3194 6384
3022 3042 6064
3009 3150 6159
3119 3133 6252
3053 3180 6233
3094 3100 6194
3185 3186 6371
3002 3128 6130
3098 3197 6295
3026 3073 6099
3012 3155 6167
3070 3191 6261
3062 3138 6200
3059 3176 6235
3108 3162 6270
3173 3190 6363
3018 3096 6114
3125 3166 6291
3194 3195 6389
3037 3044 6081
3170 3177 6347
3050 3186 6236
3159 3172 6331
3039 3057 6096
3099 3154 6253
3192 3194 6386
3090 3096 6186
3164 3171 6335
3170 3178 6348
3160 3161 6321
3163 3184 6347
3168 3180 6348
3000 3103 6103
3064 3161 6225
3095 3098 6193
3003 3191 6194
3114 3153 6267
3178 3188 6366
3004 3037 6041
3061 3073 6134
3044 3081 6125
3174 3198 6372
3055 3125 6180
3153 3183 6336
3096 3176 6272
3013 3094 6107
3043 3069 6112
3109 3175 6284
3147 3158 6305
3023 3122 6145
3108 3161 6269
3177 3192 6369
3001 3153 6154
3031 3139 6170
3085 3170 6255
3157 3175 6332
3130 3135 6265
3101 3180 6281
3166 3180 6346
3096 3131 6227
3140 3152 6292
3068 3081 6149
3010 3083 6093
3150 3190 6340
3002 3063 6065
3076 3153 6229
3079 3088 6167
3000 3086 6086
3093 3173 6266
3034 3117 6151
3094 3098 6192
3050 3117 6167
3001 3155 6156
3150 3178 6328
3173 3177 6350
3040 3166 6206
3171 3185 6356
3045 3124 6169
3051 3077 6128
3018 3151 6169
3041 3093 6134
3071 3153 6224
3044 3149 6193
3026 3184 6210
3010 3037 6047
3020 3105 6125
3061 3168 6229
3018 3171 6189
3199 3200 6399
3146 3189 6335
3153 3170 6323
3067 3080 6147
3170 3172 6342
3001 3066 6067
3036 3179 6215
3187 3199 6386
3061 3166 6227
3139 3197 6336
3144 3145 6289
3111 3154 6265
3141 3168 6309
3117 3173 6290
3126 3194 6320
3033 3098 6131
3137 3151 6288
3019 3132 6151
3031 3071 6102
3138 3155 6293
3013 3084 6097
3058 3114 6172
3091 3161 6252
3131 3170 6301
3188 3195 6383
3111 3199 6310
3104 3133 6237
3120 3181 6301
3196 3198 6394
3056 3097 6153
3199 3200 6399
3014 3051 6065
3011 3035 6046
3000 3134 6134
3083 3122 6205
3038 3045 6083
3051 3072 6123
3129 3197 6326
3035 3065 6100
3057 3118 6175
3089 3148 6237
3052 3069 6121
3178 3179 6357
3142 3150 6292
3076 3139 6215
3052 3114 6166
3157 3198 6355
3130 3186 6316
3123 3144 6267
3092 3197 6289
3028 3197 6225
3127 3170 6297
3151 3184 6335
3085 3117 6202
3179 3197 6376
3136 3159 6295
3187 3193 6380
3060 3142 6202
3195 3200 6395
3003 3116 6119
3057 3109 6166
3011 3050 6061
3100 3168 6268
3159 3184 6343
3014 3058 6072
3119 3171 6290
3125 3199 6324
3143 3196 6339
3144 3156 6300
3185 3200 6385
3183 3196 6379
3127 3168 6295
3006 3198 6204
3192 3193 6385
3102 3130 6232
3110 3149 6259
3104 3161 6265
3159 3194 6353
3193 3194 6387
3085 3198 6283
3017 3019 6036
3034 3044 6078
3100 3134 6234
3127 3186 6313
3137 3142 6279
3030 3196 6226
3084 3176 6260
3081 3190 6271
3015 3131 6146
3025 3053 6078
3154 3168 6322
3163 3179 6342
3015 3159 6174
3159 3182 6341
3083 3196 6279
3094 3117 6211
3032 3091 6123
3038 3121 6159
3182 3190 6372
3056 3174 6230
3097 3186 6283
3036 3171 6207
3039 3157 6196
3157 3199 6356
3044 3047 6091
3055 3059 6114
3011 3073 6084
3104 3121 6225
3098 3111 6209
3157 3182 6339
3068 3153 6221
3034 3166 6200
3113 3136 6249
3020 3169 6189
3120 3122 6242
3002 3067 6069
3155 3157 6312
3156 3161 6317
3028 3184 6212
3133 3148 6281
3160 3185 6345
3124 3198 6322
3095 3125 6220
3024 3070 6094
3087 3146 6233
3033 3128 6161
3188 3193 6381
3115 3135 6250
3136 3160 6296
3110 3120 6230
3094 3101 6195
3127 3140 6267
3157 3158 6315
3048 3196 6244
3051 3136 6187
3059 3073 6132
3082 3136 6218
3184 3195 6379
3097 3181 6278
3018 3160 6178
3154 3194 6348
3102 3196 6298
3030 3108 6138
3001 3058 6059
3188 3198 6386
3179 3189 6368
3063 3199 6262
3152 3185 6337
3013 3097 6110
3064 3170 6234
3022 3183 6205
3023 3172 6195
3190 3199 6389
3125 3154 6279
3097 3137 6234
3122 3131 6253
3121 3167 6288
3172 3195 6367
3007 3174 6181
3110 3196 6306
3008 3089 6097
3070 3190 6260
3174 3191 6365
3046 3051 6097
3166 3169 6335
3085 3131 6216
3091 3174 6265
3009 3156 6165
3042 3095 6137
3172 3192 6364
3097 3122 6219
3094 3113 6207
3136 3189 6325
3011 3140 6151
3045 3088 6133
3171 3196 6367
3065 3163 6228
3087 3100 6187
3009 3012 6021
3057 3127 6184
3150 3164 6314
3049 3198 6247
3023 3050 6073
3100 3109 6209
3081 3093 6174
3013 3020 6033
3112 3195 6307
3161 3182 6343
3156 3195 6351
3142 3192 6334
3053 3142 6195
3024 3166 6190
3142 3171 6313
3167 3175 6342
3133 3148 6281
3075 3122 6197
3058 3125 6183
3044 3191 6235
3143 3191 6334
3135 3151 6286
3090 3199 6289
3194 3200 6394
3042 3106 6148
3139 3152 6291
3195 3200 6395
3036 3054 6090
3139 3155 6294
3182 3197 6379
3042 3184 6226
3167 3171 6338
3039 3160 6199
3197 3198 6395
3031 3133 6164
3176 3195 6371
3081 3098 6179
3173 3199 6372
3025 3127 6152
3020 3087 6107
3125 3189 6314
3093 3187 6280
3130 3157 6287
3111 3149 6260
3125 3156 6281
3159 3198 6357
3075 3083 6158
3168 3200 6368
3123 3136 6259
3152 3182 6334
3130 3165 6295
3189 3191 6380
3184 3200 6384
3157 3159 6316
3139 3191 6330
3075 3173 6248
3140 3169 6309
3073 3148 6221
3117 3142 6259
3160 3177 6337
3120 3138 6258
3100 3159 6259
3197 3200 6397
3028 3160 6188
3071 3182 6253
3133 3150 6283
3152 3194 6346
3172 3186 6358
3131 3157 6288
3042 3188 6230
3021 3111 6132
3193 3200 6393
3127 3130 6257
3038 3092 6130
3105 3173 6278
3112 3160 6272
3040 3179 6219
3109 3173 6282
3159 3169 6328
3186 3196 6382
3097 3183 6280
3156 3175 6331
3174 3184 6358
3015 3026 6041
3142 3197 6339
3156 3186 6342
3012 3114 6126
3118 3156 6274
3064 3157 6221
3087 3194 6281
3012 3173 6185
3064 3103 6167
3114 3127 6241
3011 3049 6060
3052 3160 6212
3157 3185 6342
3028 3163 6191
3095 3160 6255
3001 3162 6163
3134 3149 6283
3093 3167 6260
3163 3193 6356
3182 3194 6376
3132 3142 6274
3078 3087 6165
3125 3133 6258
3106 3161 6267
3009 3057 6066
3036 3155 6191
3088 3119 6207
3185 3196 6381
3189 3196 6385
3077 3079 6156
3071 3198 6269
3078 3161 6239
3147 3173 6320
3095 3131 6226
3098 3163 6261
3111 3114 6225
3148 3193 6341
3093 3169 6262
3183 3194 6377
3153 3192 6345
3163 3187 6350
3171 3200 6371
3029 3113 6142
3005 3084 6089
3195 3197 6392
3099 3181 6280
3188 3195 6383
3130 3187 6317
3022 3075 6097
3008 3143 6151
3185 3193 6378
3132 3165 6297
3015 3119 6134
3074 3154 6228
3192 3200 6392
3189 3200 6389
3033 3096 6129
3139 3195 6334
3138 3188 6326
3163 3177 6340
3152 3158 6310
3058 3071 6129
3057 3194 6251
3154 3163 6317
3080 3102 6182
3181 3191 6372
3008 3097 6105
3082 3103 6185
3069 3182 6251
3107 3188 6295
3000 3075 6075
3108 3191 6299
3138 3191 6329
3026 3031 6057
3056 3151 6207
3104 3147 6251
3093 3114 6207
3014 3177 6191
3093 3128 6221
3050 3124 6174
3091 3151 6242
3003 3175 6178
3042 3068 6110
3007 3156 6163
3071 3155 6226
3180 3186 6366
3049 3188 6237
3034 3150 6184
3112 3132 6244
3029 3086 6115
3026 3176 6202
3075 3182 6257
3172 3200 6372
3101 3146 6247
3114 3195 6309
3113 3145 6258
3071 3085 6156
3183 3195 6378
3007 3089 6096
3182 3199 6381
3000 3059 6059
3059 3093 6152
3186 3198 6384
3172 3199 6371
3133 3159 6292
3000 3155 6155
3118 3152 6270
3071 3175 6246
3188 3196 6384
3036 3169 6205
3096 3196 6292
3035 3171 6206
3069 3083 6152
3159 3172 6331
3000 3036 6036
3086 3191 6277
3079 3176 6255
3068 3071 6139
3046 3176 6222
3184 3195 6379
3112 3187 6299
3032 3098 6130
3103 3200 6303
3082 3104 6186
3192 3199 6391
3072 3123 6195
3082 3164 6246
3092 3096 6188
3111 3166 6277
3110 3153 6263
3197 3198 6395
3115 3169 6284
3141 3187 6328
3068 3108 6176
3029 3146 6175
3003 3120 6123
3195 3197 6392
3100 3198 6298
3134 3147 6281
3072 3199 6271
3168 3178 6346
3133 3142 6275
3127 3185 6312
3019 3038 6057
3013 3035 6048
3074 3097 6171
3041 3094 6135
3163 3179 6342
3029 3172 6201
3040 3140 6180
3177 3199 6376
3176 3184 6360
3022 3045 6067
3102 3103 6205
3051 3070 6121
3160 3181 6341
3173 3177 6350
3106 3127 6233
3009 3181 6190
3123 3177 6300
3057 3082 6139
3121 3185 6306
3044 3144 6188
3161 3163 6324
3014 3160 6174
3126 3172 6298
3026 3147 6173
3151 3198 6349
3164 3200 6364
3086 3134 6220
3176 3178 6354
3157 3188 6345
3096 3198 6294
3042 3167 6209
3017 3169 6186
3099 3133 6232
3011 3029 6040
3102 3197 6299
3111 3166 6277
3004 3155 6159
3033 3143 6176
3074 3127 6201
3072 3161 6233
3179 3193 6372
3173 3196 6369
3111 3185 6296
3005 3165 6170
3092 3149 6241
3122 3146 6268
3043 3189 6232
3183 3190 6373
3102 3151 6253
3165 3198 6363
3096 3180 6276
3139 3147 6286
3080 3087 6167
3016 3071 6087
3057 3109 6166
3143 3146 6289
3065 3122 6187
3153 3171 6324
3006 3045 6051
3044 3051 6095
3148 3190 6338
3125 3160 6285
3170 3182 6352
3077 3132 6209
3066 3068 6134
3118 3169 6287
3019 3108 6127
3008 3115 6123
3026 3094 6120
3180 3189 6369
3081 3147 6228
3141 3160 6301
3151 3161 6312
3155 3188 6343
3145 3149 6294
3061 3180 6241
3176 3185 6361
3064 3172 6236
3124 3198 6322
3068 3130 6198
3149 3169 6318
3154 3175 6329
3035 3122 6157
3089 3161 6250
3007 3063 6070
3030 3119 6149
3062 3160 6222
3125 3163 6288
3153 3188 6341
3002 3023 6025
3093 3107 6200
3194 3196 6390
3046 3187 6233
3086 3158 6244
3126 3134 6260
3189 3190 6379
3074 3134 6208
3055 3117 6172
3079 3144 6223
3126 3160 6286
3189 3195 6384
3046 3109 6155
3109 3126 6235
3127 3175 6302
3180 3192 6372
3192 3195 6387
3118 3195 6313
3035 3083 6118
3186 3197 6383
3007 3040 6047
3028 3152 6180
3033 3195 6228
3015 3031 6046
3144 3176 6320
3091 3170 6261
3136 3141 6277
3023 3116 6139
3054 3166 6220
3004 3084 6088
3156 3178 6334
3182 3193 6375
3118 3165 6283
3002 3081 6083
3138 3164 6302
3066 3194 6260
3092 3105 6197
3124 3185 6309
3144 3167 6311
3169 3178 6347
3174 3200 6374
3132 3173 6305
3176 3181 6357
3028 3033 6061
3150 3193 6343
3143 3155 6298
3054 3064 6118
3020 3048 6068
3173 3195 6368
3125 3164 6289
3103 3135 6238
3043 3108 6151
3038 3159 6197
3035 3051 6086
3020 3099 6119
3077 3090 6167
3056 3196 6252
3167 3178 6345
3103 3175 6278
3024 3176 6200
3168 3173 6341
3188 3197 6385
3029 3063 6092
3186 3200 6386
3174 3188 6362
3005 3050 6055
3180 3188 6368
3002 3134 6136
3142 3176 6318
3014 3101 6115
3038 3050 6088
3128 3131 6259
3194 3199 6393
3041 3139 6180
3166 3170 6336
3161 3193 6354
3133 3171 6304
3038 3046 6084
3050 3111 6161
3013 3101 6114
3090 3129 6219
3183 3188 6371
3129 3162 6291
3043 3196 6239
3062 3086 6148
3098 3139 6237
3183 3194 6377
3143 3148 6291
3074 3181 6255
3159 3181 6340
3142 3179 6321
3114 3133 6247
3101 3163 6264
3052 3145 6197
3174 3190 6364
3123 3137 6260
3042 3098 6140
3095 3116 6211
3048 3172 6220
3020 3075 6095
3013 3154 6167
3116 3128 6244
3143 3188 6331
3087 3136 6223
3131 3173 6304
3095 3180 6275
3192 3199 6391
3146 3153 6299
3114 3158 6272
3019 3131 6150
3115 3139 6254
3168 3200 6368
3062 3063 6125
3027 3055 6082
3137 3186 6323
3162 3195 6357
3198 3200 6398
3136 3156 6292
3144 3157 6301
3013 3078 6091
3046 3106 6152
3076 3159 6235
3061 3090 6151
3109 3185 6294
3165 3174 6339
3174 3189 6363
3065 3176 6241
3114 3162 6276
3025 3122 6147
3119 3197 6316
3094 3186 6280
3105 3184 6289
3001 3057 6058
3116 3168 6284
3171 3194 6365
3078 3109 6187
3170 3176 6346
3029 3052 6081
3174 3186 6360
3024 3049 6073
3062 3135 6197

4162 4190 8339
4049 4051 8077
4077 4153 8203
4117 4195 8283
4013 4159 8158
4133 4138 8268
4052 4144 8175
4124 4125 8219
4167 4198 8359
4033 4095 8114
4156 4159 8282
4128 4130 8227
4027 4094 8087
4198 4200 8390
4064 4117 8170
4133 4153 8266
4184 4193 8376
4109 4165 8237
4078 4146 8204
4133 4150 8266
4045 4137 8159
4123 4193 8284
4023 4061 8057
4163 4196 8325
4134 4177 8278
4178 4194 8337
4090 4147 8222
4033 4083 8095
4031 4091 8119
4081 4100 8157
4177 4193 8339
4126 4183 8273
4169 4189 8351
4006 4018 8019
4131 4173 8291
4059 4127 8180
4146 4200 8311
4010 4150 8143
4067 4069 8123
4119 4122 8214
4057 4141 8168
4110 4126 8231
4113 4134 8215
4193 4196 8355
4138 4192 8304
4092 4165 8241
4055 4074 8094
4181 4188 8337
4014 4024 8001
4025 4198 8190
4126 4186 8279
4115 4123 8225
4159 4200 8333
4113 4198 8297
4009 4070 8057
4188 4192 8357
4114 4124 8222
4139 4171 8302
4082 4130 8186
4181 4199 8379
4149 4153 8276
4086 4146 8222
4123 4197 8281
4193 4194 8369
4034 4116 8116
4003 4137 8114
4175 4191 8364
4034 4063 8067
4084 4114 8186
4076 4096 8138
4001 4119 8105
4079 4101 8143
4105 4182 8274
4077 4174 8220
4045 4175 8218
4028 4151 8165
4008 4168 8149
4122 4165 8256
4198 4199 8363
4102 4135 8198
4044 4199 8218
4072 4167 8219
4039 4104 8138
4141 4145 8261
4145 4179 8292
4176 4187 8329
4158 4173 8328
4054 4194 8244
4159 4180 8302
4057 4088 8112
4164 4166 8327
4025 4162 8175
4028 4166 8160
4054 4061 8091
4121 4171 8253
4008 4139 8113
4038 4093 8094
4047 4190 8214
4000 4028 8000
4001 4063 8038
4193 4198 8380
4035 4158 8183
4014 4109 8118
4173 4180 8351
4053 4106 8138
4013 4123 8112
4049 4079 8116
4177 4191 8336
4132 4193 8296
4070 4095 8155
4054 4140 8163
4021 4100 8092
4073 4177 8235
4028 4055 8059
4010 4032 8021
4163 4166 8305
4020 4183 8174
4169 4186 8340
4125 4157 8246
4178 4189 8358
4117 4171 8271
4126 4178 8278
4115 4187 8276
4082 4142 8203
4030 4166 8189
4040 4169 8179
4140 4157 8288
4002 4015 7985
4102 4133 8196
4083 4123 8177
4199 4200 8390
4008 4125 8130
4171 4174 8323
4199 4200 8381
4186 4194 8341
4169 4182 8336
4087 4160 8243
4032 4179 8209
4020 4062 8071
4105 4136 8222
4165 4177 8305
4097 4135 8199
4134 4152 8277
4108 4127 8225
4173 4183 8352
4163 4183 8343
4094 4138 8212
4189 4196 8378
4158 4172 8329
4162 4190 8351
4142 4186 8323
4015 4080 8057
4076 4161 8224
4104 4193 8273
4181 4195 8338
4162 4195 8320
4170 4173 8327
4046 4154 8184
4132 4155 8276
4175 4194 8360
4121 4138 8250
4112 4197 8278
4027 4033 8047
4088 4160 8213
4168 4194 8344
4159 4200 8331
4108 4190 8287
4137 4145 8274
4165 4168 8306
4068 4181 8212
4151 4188 8325
4163 4164 8322
4157 4199 8320
4011 4034 8015
4031 4123 8151
4130 4193 8284
4161 4198 8328
4110 4155 8226
4116 4142 8234
4148 4160 8294
4089 4141 8225
4067 4071 8111
4131 4166 8273
4021 4076 8064
4132 4145 8253
4177 4190 8341
4171 4198 8334
4192 4199 8367
4056 4154 8205
4150 4165 8277
4096 4159 8246
4032 4074 8080
4126 4195 8287
4027 4182 8196
4108 4128 8218
4096 4147 8237
4098 4132 8220
4052 4170 8193
4156 4161 8285
4023 4026 8031
4185 4189 8350
4122 4131 8217
4137 4156 8277
4087 4198 8267
4107 4154 8254
4132 4160 8288
4120 4176 8263
4191 4197 8386
4123 4153 8253
4029 4113 8140
4132 4164 8278
4015 4111 8113
4068 4169 8206
4046 4050 8087
4089 4196 8250
4156 4167 8298
4021 4094 8100
4023 4033 8022
4028 4198 8195
4085 4116 8165
4088 4195 8260
4145 4167 8275
4185 4197 8354
4012 4136 8131
4063 4132 8158
4023 4061 8052
4132 4167 8297
4168 4197 8344
4023 4194 8199
4094 4193 8270
4155 4190 8336
4002 4085 8082
4122 4187 8301
4122 4140 8246
4035 4130 8149
4102 4184 8282
4143 4151 8271
4187 4189 8358
4026 4087 8108
4036 4078 8080
4156 4159 8299
4007 4162 8148
4061 4115 8162
4095 4126 8192
4174 4183 8328
4033 4168 8190
4099 4151 8219
4085 4111 8163
4120 4184 8267
4050 4183 8228
4192 4196 8364
4175 4181 8341
4186 4199 8378
4199 4200 8397
4062 4172 8196
4092 4196 8257
4179 4186 8342
4051 4172 8193
4049 4056 8102
4001 4052 8051
4105 4150 8242
4109 4178 8279
4145 4166 8285
4090 4166 8246
4056 4108 8147
4156 4181 8315
4005 4143 8110
4151 4200 8337
4185 4199 8382
4185 4187 8358
4189 4192 8373
4040 4140 8163
4164 4170 8314
4198 4199 8370
4024 4050 8051
4035 4078 8111
4177 4188 8364
4046 4064 8080
4159 4179 8322
4007 4089 8075
4179 4198 8374
4196 4200 8393
4041 4066 8081
4185 4196 8369
4166 4178 8318
4192 4196 8378
4176 4189 8335
4118 4157 8259
4066 4179 8240
4158 4190 8345
4147 4162 8289
4169 4198 8333
4023 4167 8170
4169 4179 8328
4181 4190 8338
4040 4078 8105
4106 4190 8274
4008 4101 8084
4134 4155 8278
4130 4192 8302
4105 4145 8226
4014 4185 8187
4096 4127 8190
4187 4196 8367
4156 4193 8310
4144 4157 8285
4172 4190 8361
4011 4022 8001
4004 4146 8137
4043 4100 8141
4149 4190 8323
4059 4167 8201
4055 4110 8139
4091 4111 8195
4077 4131 8173
4016 4186 8188
4196 4200 8395
4083 4098 8153
4022 4139 8123
4108 4115 8191
4020 4049 8064
4121 4160 8245
4043 4188 8212
4043 4173 8208
4049 4112 8127
4089 4123 8206
4168 4177 8330
4171 4199 8351
4170 4181 8333
4157 4197 8328
4046 4146 8156
4024 4132 8125
4071 4161 8231
4170 4187 8356
4187 4197 8367
4094 4157 8228
4050 4106 8139
4118 4167 8253
4058 4117 8161
4047 4060 8087
4039 4184 8215
4129 4197 8305
4166 4176 8325
4111 4130 8229
4117 4177 8293
4097 4163 8224
4172 4199 8333
4166 4171 8317
4004 4084 8051
4041 4062 8084
4081 4145 8189
4014 4086 8074
4144 4191 8321
4076 4194 8247
4057 4200 8223
4172 4198 8336
4047 4082 8115
4062 4160 8216
4193 4200 8387
4044 4064 8095
4015 4088 8065
4140 4184 8292
4063 4145 8184
4199 4200 8388
4171 4179 8321
4029 4181 8195
4048 4161 8196
4048 4092 8128
4104 4158 8240
4056 4146 8189
4097 4121 8183
4056 4113 8155
4058 4173 8206
4151 4187 8337
4154 4190 8334
4109 4184 8274
4067 4118 8163
4164 4172 8317
4199 4200 8385
4010 4149 8155
4110 4194 8289
4082 4179 8249
4112 4136 8246
4090 4182 8245
4121 4167 8249
4055 4119 8159
4004 4126 8121
4062 4127 8163
4137 4155 8274
4128 4153 8243
4193 4199 8369
4081 4112 8164
4017 4062 8077
4029 4045 8072
4102 4141 8209
4050 4093 8105
4054 4058 8075
4079 4086 8153
4012 4047 8022
4073 4122 8168
4116 4133 8218
4086 4139 8214
4106 4109 8211
4069 4072 8111
4157 4193 8336
4175 4185 8326
4072 4188 8226
4133 4185 8306
4187 4191 8370
4109 4137 8244
4125 4163 8260
4084 4117 8167
4154 4196 8328
4166 4179 8319
4092 4177 8232
4098 4137 8216
4100 4123 8196
4186 4195 8359
4164 4172 8327
4072 4091 8128
4095 4111 8178
4103 4190 8264
4151 4175 8293
4052 4079 8130
4129 4192 8310
4152 4174 8300
4086 4102 8164
4046 4146 8163
4054 4102 8133
4183 4187 8339
4002 4093 8091
4130 4185 8286
4096 4158 8253
4199 4200 8366
4132 4199 8313
4038 4045 8066
4160 4176 8334
4135 4195 8303
4064 4086 8113
4093 4119 8201
4195 4196 8359
4075 4079 8135
4056 4186 8216
4173 4183 8343
4105 4182 8253
4029 4124 8142
4117 4195 8288
4165 4186 8341
4042 4045 8070
4188 4199 8368
4187 4191 8339
4179 4191 8344
4057 4156 8179
4115 4169 8262
4036 4189 8199
4021 4172 8174
4037 4050 8066
4132 4175 8298
4196 4197 8385
4189 4196 8373
4036 4089 8088
4086 4190 8261
4080 4190 8256
4050 4070 8105
4186 4199 8353
4181 4190 8333
4056 4195 8230
4068 4152 8204
4115 4174 8256
4152 4186 8308
4156 4157 8300
4047 4154 8176
4189 4192 8346
4168 4171 8302
4021 4190 8199
4116 4151 8260
4017 4151 8162
4023 4151 8146
4090 4185 8262
4124 4197 8295
4147 4150 8279
4046 4150 8187
4118 4177 8270
4182 4200 8359
4015 4183 8174
4003 4073 8045
4064 4111 8138
4090 4192 8269
4110 4185 8286
4091 4151 8232
4187 4197 8377
4190 4197 8372
4185 4186 8363
4044 4169 8191
4198 4199 8360
4033 4082 8082
4076 4142 8213
4046 4159 8178
4158 4171 8299
4182 4199 8360
4190 4200 8374
4186 4196 8359
4154 4156 8300
4147 4179 8298
4136 4163 8286
4154 4199 8333
4190 4198 8363
4137 4173 8277
4140 4196 8333
4171 4187 8346
4172 4180 8351
4142 4143 8256
4023 4099 8121
4104 4147 8230
4104 4175 8271
4097 4136 8224
4185 4194 8360
4153 4162 8283
4098 4107 8184
4069 4145 8178
4084 4162 8243
4139 4173 8309
4137 4200 8306
4185 4195 8372
4075 4186 8223
4121 4134 8219
4021 4095 8085
4048 4122 8167
4061 4104 8156
4067 4116 8180
4149 4164 8290
4060 4165 8223
4049 4103 8119
4077 4177 8222
4146 4169 8314
4151 4166 8315
4012 4100 8087
4162 4169 8316
4195 4200 8358
4149 4180 8305
4008 4054 8051
4082 4148 8224
4066 4137 8186
4091 4139 8227
4119 4168 8264
4034 4052 8064
4087 4178 8242
4196 4197 8381
4040 4074 8097
4059 4076 8127
4187 4190 8359
4134 4153 8273
4008 4049 8047
4189 4192 8352
4030 4079 8103
4031 4147 8175
4108 4196 8290
4164 4197 8322
4029 4174 8166
4069 4159 8207
4141 4151 8255
4115 4166 8273
4006 4062 8055
4030 4086 8082
4077 4168 8211
4144 4197 8325
4141 4182 8288
4021 4170 8186
4065 4151 8180
4080 4190 8242
4100 4124 8212
4014 4190 8167
4055 4097 8138
4172 4192 8336
4029 4125 8146
4180 4189 8332
4089 4152 8230
4004 4009 7991
4179 4190 8338
4104 4177 8251
4010 4150 8139
4130 4183 8300
4194 4198 8388
4195 4197 8376
4032 4184 8213
4041 4159 8174
4148 4166 8302
4167 4171 8304
4074 4195 8235
4127 4171 8291
4117 4129 8220
4139 4200 8315
4028 4121 8142
4056 4192 8225
4104 4182 8256
4013 4054 8056
4080 4193 8239
4149 4181 8319
4091 4193 8264
4188 4197 8363
4087 4137 8201
4060 4093 8126
4167 4196 8339
4055 4186 8224
4063 4150 8189
4169 4171 8324
4196 4200 8359
4119 4180 8262
4030 4091 8096
4141 4199 8336
4189 4196 8352
4196 4199 8382
4016 4081 8077
4150 4192 8310
4064 4073 8131
4070 4173 8227
4086 4134 8187
4095 4150 8227
4000 4132 8106
4090 4198 8279
4087 4090 8142
4112 4151 8236
4029 4055 8056
4135 4187 8306
4170 4173 8333
4048 4149 8184
4020 4115 8103
4008 4050 8021
4028 4048 8044
4034 4189 8208
4099 4163 8244
4021 4169 8169
4174 4176 8316
4014 4049 8045
4127 4155 8261
4173 4199 8339
4010 4158 8158
4081 4139 8213
4056 4132 8172
4023 4138 8150
4047 4133 8147
4103 4188 8280
4157 4200 8346
4104 4164 8251
4139 4165 8279
4014 4163 8142
4124 4128 8242
4046 4167 8196
4136 4177 8284
4110 4162 8247
4101 4137 8219
4078 4181 8231
4154 4155 8295
4096 4141 8230
4031 4113 8108
4043 4191 8220
4191 4197 8349
4013 4113 8088
4161 4172 8301
4176 4190 8363
4143 4177 8318
4152 4154 8294
4149 4151 8265
4055 4174 8192
4166 4194 8334
4181 4198 8346
4074 4152 8215
4026 4071 8091
4031 4068 8085
4155 4166 8312
4177 4196 8351
4041 4100 8129
4083 4090 8165
4176 4189 8347
4058 4103 8146
4077 4146 8189
4177 4193 8345
4068 4165 8217
4119 4131 8233
4044 4145 8151
4192 4195 8373
4008 4091 8082
4160 4189 8312
4133 4161 8276
4003 4162 8156
4039 4104 8109
4160 4195 8332
4046 4155 8180
4123 4193 8310
4165 4181 8337
4000 4163 8160
4092 4093 8182
4107 4158 8260
4199 4200 8360
4146 4188 8321
4066 4127 8161
4007 4044 8039
4098 4106 8187
4001 4068 8067
4125 4183 8270
4182 4200 8361
4192 4198 8366
4174 4178 8343
4095 4145 8219
4089 4152 8206
4137 4171 8303
4197 4198 8378
4186 4190 8364
4060 4156 8184
4030 4155 8158
4041 4046 8049
4055 4071 8106
4100 4173 8264
4171 4199 8339
4156 4176 8308
4111 4155 8245
4153 4167 8285
4141 4185 8314
4011 4028 8023
4168 4174 8318
4070 4165 8223
4048 4193 8223
4009 4142 8131
4084 4183 8240
4190 4199 8350
4150 4165 8302
4170 4171 8307
4031 4129 8136
4185 4198 8354
4061 4167 8196
4067 4122 8151
4135 4143 8241
4079 4099 8157
4096 4164 8245
4184 4188 8355
4008 4061 8054
4091 4114 8194
4097 4146 8232
4077 4166 8233
4119 4190 8300
4171 4175 8341
4029 4070 8076
4129 4143 8245
4143 4161 8281
4022 4200 8192
4176 4200 8355
4127 4144 8236
4050 4143 8191
4150 4185 8326
4081 4093 8151
4158 4188 8343
4098 4178 8274
4112 4193 8286
4136 4144 8247
4091 4165 8226
4104 4181 8251
4090 4126 8185
4127 4151 8259
4189 4200 8358
4060 4114 8147
4124 4158 8252
4062 4101 8133
4032 4036 8067
4070 4121 8185
4194 4196 8388
4123 4189 8277
4118 4146 8262
4108 4139 8221
4056 4184 8235
4090 4176 8244
4139 4159 8278
4053 4062 8097
4149 4188 8327
4177 4185 8347
4007 4051 8020
4172 4195 8344
4117 4190 8292
4062 4090 8136
4017 4152 8167
4144 4149 8279
4161 4175 8302
4084 4098 8170
4089 4192 8248
4067 4096 8160
4002 4144 8120
4195 4198 8366
4150 4168 8286
4153 4190 8335
4158 4180 8307
4128 4139 8246
4081 4194 8246
4139 4161 8267
4161 4173 8306
4021 4123 8119
4018 4071 8056
4036 4045 8049
4191 4194 8350
4033 4117 8144
4009 4085 8058
4156 4198 8345

0.010000 0.370000
