800
3293791
3061 3118 6179
3169 3192 6361
3032 3185 6217
3084 3171 6255
3186 3199 6385
3094 3189 6283
3182 3186 6368
3017 3086 6103
3178 3197 6375
3198 3199 6397
3017 3072 6089
3093 3184 6277
3067 3141 6208
3096 3130 6226
3167 3193 6360
3167 3199 6366
3151 3154 6305
3090 3100 6190
3038 3080 6118
3084 3186 6270
3191 3199 6390
3027 3173 6200
3066 3133 6199
3088 3132 6220
3127 3138 6265
3091 3192 6283
3153 3160 6313
3094 3120 6214
3003 3115 6118
3177 3187 6364
3069 3134 6203
3020 3134 6154
3066 3100 6166
3005 3148 6153
3132 3135 6267
3018 3178 6196
3104 3140 6244
3032 3124 6156
3085 3130 6215
3179 3183 6362
3082 3137 6219
3048 3101 6149
3083 3180 6263
3036 3161 6197
3086 3195 6281
3103 3139 6242
3166 3182 6348
3133 3143 6276
3177 3179 6356
3133 3164 6297
3167 3177 6344
3141 3150 6291
3108 3187 6295
3165 3173 6338
3116 3185 6301
3186 3197 6383
3033 3192 6225
3013 3168 6181
3092 3133 6225
3001 3137 6138
3058 3068 6126
3146 3153 6299
3037 3122 6159
3106 3125 6231
3066 3137 6203
3123 3140 6263
3124 3189 6313
3072 3096 6168
3160 3188 6348
3051 3055 6106
3196 3197 6393
3007 3093 6100
3192 3197 6389
3053 3117 6170
3034 3114 6148
3053 3100 6153
3188 3192 6380
3115 3152 6267
3032 3182 6214
3158 3169 6327
3130 3178 6308
3111 3174 6285
3136 3149 6285
3026 3193 6219
3103 3172 6275
3045 3081 6126
3075 3119 6194
3065 3184 6249
3021 3048 6069
3055 3095 6150
3122 3198 6320
3098 3149 6247
3056 3174 6230
3075 3139 6214
3116 3136 6252
3144 3150 6294
3030 3185 6215
3186 3197 6383
3161 3166 6327
3142 3144 6286
3152 3187 6339
3162 3199 6361
3085 3124 6209
3011 3100 6111
3196 3197 6393
3061 3139 6200
3128 3165 6293
3185 3196 6381
3004 3073 6077
3155 3186 6341
3014 3156 6170
3026 3176 6202
3076 3094 6170
3085 3104 6189
3194 3200 6394
3179 3188 6367
3031 3119 6150
3067 3195 6262
3032 3054 6086
3110 3189 6299
3194 3197 6391
3121 3194 6315
3042 3196 6238
3058 3063 6121
3037 3135 6172
3164 3189 6353
3090 3159 6249
3069 3100 6169
3191 3197 6388
3090 3165 6255
3018 3073 6091
3148 3164 6312
3193 3194 6387
3018 3079 6097
3192 3196 6388
3177 3184 6361
3109 3174 6283
3026 3118 6144
3173 3177 6350
3062 3128 6190
3112 3154 6266
3031 3082 6113
3063 3109 6172
3129 3195 6324
3141 3200 6341
3122 3145 6267
3108 3119 6227
3169 3196 6365
3059 3137 6196
3080 3146 6226
3074 3097 6171
3007 3119 6126
3185 3198 6383
3106 3175 6281
3037 3109 6146
3103 3159 6262
3081 3083 6164
3094 3098 6192
3080 3153 6233
3193 3199 6392
3170 3181 6351
3132 3187 6319
3087 3189 6276
3170 3182 6352
3138 3186 6324
3030 3057 6087
3155 3171 6326
3064 3083 6147
3076 3172 6248
3193 3196 6389
3063 3076 6139
3174 3178 6352
3134 3180 6314
3033 3172 6205
3067 3169 6236
3164 3189 6353
3149 3192 6341
3044 3088 6132
3199 3200 6399
3050 3177 6227
3100 3170 6270
3180 3191 6371
3097 3151 6248
3085 3186 6271
3050 3051 6101
3178 3194 6372
3145 3176 6321
3019 3025 6044
3083 3132 6215
3097 3110 6207
3173 3185 6358
3067 3197 6264
3090 3095 6185
3136 3137 6273
3152 3158 6310
3009 3192 6201
3125 3196 6321
3116 3170 6286
3056 3143 6199
3072 3148 6220
3137 3190 6327
3045 3132 6177
3048 3189 6237
3031 3084 6115
3071 3089 6160
3199 3200 6399
3050 3142 6192
3137 3193 6330
3086 3120 6206
3147 3192 6339
3073 3137 6210
3103 3131 6234
3146 3153 6299
3014 3123 6137
3030 3198 6228
3017 3190 6207
3077 3149 6226
3066 3158 6224
3024 3077 6101
3012 3166 6178
3117 3181 6298
3084 3139 6223
3065 3191 6256
3085 3187 6272
3198 3200 6398
3197 3198 6395
3046 3106 6152
3055 3072 6127
3064 3075 6139
3148 3185 6333
3006 3035 6041
3073 3130 6203
3028 3158 6186
3196 3200 6396
3127 3175 6302
3171 3184 6355
3067 3095 6162
3049 3078 6127
3109 3174 6283
3161 3185 6346
3095 3163 6258
3024 3068 6092
3092 3157 6249
3001 3164 6165
3197 3199 6396
3079 3176 6255
3071 3112 6183
3145 3173 6318
3114 3175 6289
3034 3195 6229
3154 3190 6344
3148 3184 6332
3133 3165 6298
3183 3192 6375
3116 3199 6315
3182 3198 6380
3069 3140 6209
3140 3161 6301
3088 3146 6234
3061 3081 6142
3149 3198 6347
3015 3022 6037
3158 3159 6317
3083 3160 6243
3140 3171 6311
3190 3191 6381
3157 3171 6328
3185 3195 6380
3145 3166 6311
3120 3189 6309
3139 3147 6286
3125 3160 6285
3183 3200 6383
3099 3128 6227
3104 3142 6246
3102 3114 6216
3132 3197 6329
3182 3187 6369
3191 3199 6390
3087 3113 6200
3104 3170 6274
3177 3181 6358
3030 3089 6119
3114 3185 6299
3060 3133 6193
3140 3193 6333
3095 3130 6225
3094 3140 6234
3008 3116 6124
3189 3195 6384
3087 3141 6228
3100 3195 6295
3146 3179 6325
3149 3155 6304
3199 3200 6399
3190 3195 6385
3003 3168 6171
3140 3143 6283
3145 3162 6307
3025 3188 6213
3107 3131 6238
3196 3199 6395
3109 3195 6304
3020 3051 6071
3151 3178 6329
3195 3200 6395
3139 3179 6318
3096 3100 6196
3081 3112 6193
3020 3124 6144
3027 3111 6138
3033 3179 6212
3185 3194 6379
3088 3126 6214
3004 3148 6152
3190 3198 6388
3138 3192 6330
3113 3190 6303
3001 3003 6004
3174 3181 6355
3015 3080 6095
3199 3200 6399
3034 3053 6087
3003 3067 6070
3071 3080 6151
3069 3187 6256
3185 3190 6375
3122 3171 6293
3063 3154 6217
3022 3199 6221
3083 3092 6175
3098 3126 6224
3199 3200 6399
3012 3071 6083
3121 3191 6312
3181 3191 6372
3031 3144 6175
3169 3181 6350
3087 3100 6187
3189 3199 6388
3042 3043 6085
3033 3180 6213
3189 3190 6379
3153 3158 6311
3123 3139 6262
3094 3145 6239
3012 3033 6045
3112 3187 6299
3119 3148 6267
3078 3159 6237
3106 3198 6304
3140 3159 6299
3050 3167 6217
3026 3177 6203
3009 3144 6153
3089 3192 6281
3150 3184 6334
3176 3192 6368
3044 3139 6183
3015 3183 6198
3137 3160 6297
3179 3187 6366
3019 3037 6056
3070 3071 6141
3078 3134 6212
3184 3194 6378
3017 3116 6133
3018 3176 6194
3079 3118 6197
3108 3138 6246
3052 3066 6118
3151 3154 6305
3032 3169 6201
3180 3198 6378
3156 3161 6317
3150 3165 6315
3079 3085 6164
3188 3194 6382
3046 3116 6162
3007 3120 6127
3098 3103 6201
3092 3170 6262
3155 3157 6312
3121 3184 6305
3169 3197 6366
3159 3182 6341
3180 3189 6369
3008 3173 6181
3117 3155 6272
3117 3154 6271
3041 3193 6234
3014 3076 6090
3033 3190 6223
3052 3106 6158
3122 3124 6246
3196 3198 6394
3080 3085 6165
3178 3179 6357
3141 3174 6315
3082 3118 6200
3014 3031 6045
3165 3176 6341
3160 3182 6342
3005 3029 6034
3043 3050 6093
3134 3174 6308
3009 3148 6157
3072 3100 6172
3140 3164 6304
3194 3198 6392
3115 3139 6254
3061 3192 6253
3020 3095 6115
3162 3181 6343
3091 3176 6267
3189 3193 6382
3187 3192 6379
3182 3189 6371
3132 3188 6320
3095 3119 6214
3158 3200 6358
3157 3190 6347
3039 3142 6181
3133 3152 6285
3118 3141 6259
3080 3122 6202
3143 3183 6326
3156 3186 6342
3052 3069 6121
3007 3191 6198
3004 3035 6039
3093 3166 6259
3085 3105 6190
3195 3197 6392
3125 3171 6296
3199 3200 6399
3178 3195 6373
3118 3170 6288
3098 3169 6267
3175 3185 6360
3060 3164 6224
3135 3148 6283
3051 3156 6207
3050 3061 6111
3101 3185 6286
3009 3194 6203
3195 3196 6391
3121 3152 6273
3050 3085 6135
3150 3191 6341
3136 3154 6290
3173 3196 6369
3063 3118 6181
3112 3190 6302
3111 3180 6291
3101 3113 6214
3026 3127 6153
3040 3183 6223
3091 3168 6259
3022 3192 6214
3020 3029 6049
3002 3027 6029
3022 3174 6196
3051 3077 6128
3069 3076 6145
3015 3046 6061
3178 3193 6371
3004 3052 6056
3023 3156 6179
3100 3106 6206
3113 3160 6273
3050 3063 6113
3181 3189 6370
3100 3150 6250
3068 3154 6222
3068 3081 6149
3141 3145 6286
3041 3070 6111
3185 3198 6383
3099 3198 6297
3164 3193 6357
3112 3130 6242
3153 3194 6347
3132 3193 6325
3104 3199 6303
3141 3162 6303
3095 3128 6223
3047 3166 6213
3147 3179 6326
3099 3189 6288
3188 3195 6383
3186 3190 6376
3086 3175 6261
3009 3039 6048
3083 3131 6214
3092 3186 6278
3132 3168 6300
3177 3186 6363
3072 3111 6183
3086 3199 6285
3168 3179 6347
3106 3153 6259
3078 3124 6202
3003 3069 6072
3144 3199 6343
3008 3010 6018
3136 3181 6317
3076 3137 6213
3148 3167 6315
3073 3111 6184
3183 3190 6373
3117 3153 6270
3129 3167 6296
3019 3044 6063
3061 3079 6140
3043 3143 6186
3131 3138 6269
3156 3177 6333
3034 3088 6122
3145 3162 6307
3138 3181 6319
3098 3179 6277
3052 3093 6145
3001 3162 6163
3099 3155 6254
3020 3177 6197
3075 3076 6151
3096 3162 6258
3042 3128 6170
3128 3181 6309
3078 3186 6264
3028 3162 6190
3086 3107 6193
3134 3200 6334
3088 3191 6279
3009 3180 6189
3117 3179 6296
3116 3151 6267
3046 3065 6111
3018 3040 6058
3041 3100 6141
3178 3180 6358
3013 3159 6172
3005 3067 6072
3043 3057 6100
3088 3163 6251
3190 3191 6381
3106 3134 6240
3039 3152 6191
3087 3180 6267
3173 3174 6347
3141 3184 6325
3079 3109 6188
3173 3184 6357
3179 3184 6363
3041 3084 6125
3051 3124 6175
3148 3153 6301
3191 3198 6389
3047 3173 6220
3193 3200 6393
3085 3187 6272
3156 3180 6336
3078 3120 6198
3193 3194 6387
3104 3165 6269
3071 3104 6175
3053 3077 6130
3164 3177 6341
3175 3200 6375
3039 3119 6158
3134 3182 6316
3022 3056 6078
3171 3180 6351
3033 3123 6156
3005 3121 6126
3129 3188 6317
3199 3200 6399
3196 3198 6394
3177 3181 6358
3131 3199 6330
3107 3180 6287
3194 3199 6393
3122 3161 6283
3114 3121 6235
3123 3193 6316
3055 3111 6166
3107 3189 6296
3182 3197 6379
3185 3198 6383
3095 3159 6254
3041 3181 6222
3071 3117 6188
3063 3073 6136
3114 3185 6299
3068 3138 6206
3153 3190 6343
3049 3145 6194
3195 3200 6395
3189 3199 6388
3141 3186 6327
3170 3180 6350
3178 3180 6358
3185 3187 6372
3033 3086 6119
3189 3192 6381
3077 3100 6177
3028 3184 6212
3106 3128 6234
3031 3091 6122
3045 3129 6174
3136 3182 6318
3160 3194 6354
3043 3116 6159
3184 3185 6369
3015 3166 6181
3114 3156 6270
3085 3093 6178
3186 3187 6373
3024 3047 6071
3172 3175 6347
3138 3145 6283
3081 3082 6163
3142 3172 6314
3062 3086 6148
3039 3192 6231
3121 3126 6247
3191 3197 6388
3101 3126 6227
3121 3161 6282
3133 3174 6307
3018 3177 6195
3167 3194 6361
3084 3131 6215
3111 3193 6304
3121 3133 6254
3195 3197 6392
3112 3170 6282
3176 3189 6365
3129 3145 6274
3055 3107 6162
3032 3104 6136
3131 3161 6292
3088 3153 6241
3054 3061 6115
3100 3111 6211
3063 3108 6171
3158 3195 6353
3081 3137 6218
3058 3116 6174
3132 3154 6286
3102 3186 6288
3148 3180 6328
3032 3068 6100
3087 3122 6209
3094 3158 6252
3140 3145 6285
3028 3071 6099
3192 3194 6386
3029 3045 6074
3127 3194 6321
3015 3100 6115
3188 3197 6385
3044 3118 6162
3124 3134 6258
3166 3197 6363
3006 3179 6185
3120 3200 6320
3140 3172 6312
3171 3178 6349
3035 3171 6206
3070 3191 6261
3016 3122 6138
3179 3190 6369
3165 3193 6358
3191 3192 6383
3085 3135 6220
3137 3170 6307
3023 3036 6059
3190 3196 6386
3173 3192 6365
3107 3152 6259
3003 3182 6185
3183 3187 6370
3151 3189 6340
3138 3168 6306
3152 3189 6341
3010 3065 6075
3145 3167 6312
3039 3194 6233
3000 3078 6078
3055 3080 6135
3189 3199 6388
3179 3194 6373
3104 3139 6243
3148 3161 6309
3186 3193 6379
3000 3117 6117
3120 3149 6269
3148 3154 6302
3115 3181 6296
3014 3161 6175
3093 3173 6266
3186 3198 6384
3061 3091 6152
3184 3193 6377
3012 3103 6115
3166 3179 6345
3172 3177 6349
3024 3138 6162
3193 3196 6389
3063 3115 6178
3183 3196 6379
3063 3094 6157
3097 3105 6202
3025 3102 6127
3197 3200 6397
3145 3193 6338
3149 3178 6327
3080 3108 6188
3047 3162 6209
3183 3191 6374
3199 3200 6399
3133 3194 6327
3096 3097 6193
3079 3194 6273
3161 3180 6341
3080 3112 6192
3057 3093 6150
3065 3098 6163
3092 3167 6259
3031 3119 6150
3074 3175 6249
3138 3153 6291
3126 3140 6266
3053 3177 6230
3053 3065 6118
3022 3153 6175
3087 3151 6238
3190 3199 6389
3181 3187 6368
3049 3082 6131
3037 3110 6147
3033 3198 6231
3159 3164 6323
3191 3196 6387
3165 3181 6346
3086 3166 6252
3014 3060 6074
3124 3152 6276
3189 3200 6389
3034 3072 6106
3173 3188 6361
3069 3136 6205
3136 3156 6292
3120 3195 6315
3032 3129 6161
3025 3058 6083
3176 3199 6375
3138 3154 6292
3003 3018 6021
3074 3115 6189
3186 3190 6376
3048 3082 6130
3119 3187 6306
3087 3134 6221
3078 3115 6193
3087 3154 6241
3186 3195 6381
3070 3188 6258
3094 3125 6219
3093 3161 6254
3014 3065 6079
3181 3196 6377
3121 3183 6304
3164 3194 6358
3148 3163 6311
3018 3165 6183
3048 3067 6115
3005 3142 6147
3042 3197 6239
3060 3149 6209
3120 3182 6302
3174 3187 6361
3178 3192 6370
3073 3079 6152
3072 3117 6189
3190 3198 6388
3196 3197 6393
3177 3199 6376
3068 3116 6184
3088 3153 6241
3015 3127 6142
3138 3188 6326
3147 3149 6296
3070 3130 6200
3195 3197 6392
3188 3194 6382
3102 3130 6232
3112 3145 6257

4174 4181 8316
4028 4158 8178
4188 4196 8346
4107 4117 8205
4128 4161 8280
4167 4188 8349
4081 4175 8252
4074 4125 8174
4029 4157 8175
4156 4173 8322
4112 4182 8291
4036 4108 8127
4014 4148 8131
4106 4182 8279
4116 4145 8244
4004 4200 8200
4170 4193 8327
4006 4168 8173
4160 4186 8323
4066 4132 8190
4075 4136 8209
4093 4109 8178
4174 4175 8345
4178 4194 8353
4169 4187 8339
4043 4073 8082
4054 4100 8128
4175 4179 8315
4165 4181 8313
4091 4114 8176
4019 4189 8184
4120 4141 8240
4095 4170 8247
4103 4162 8254
4028 4064 8079
4161 4191 8350
4019 4112 8113
4011 4123 8129
4016 4059 8065
4020 4200 8218
4033 4110 8119
4060 4184 8240
4019 4130 8145
4169 4188 8349
4077 4192 8235
4078 4174 8219
4120 4136 8226
4004 4064 8039
4142 4178 8304
4181 4192 8337
4046 4088 8133
4189 4195 8367
4034 4132 8136
4179 4186 8360
4024 4096 8113
4165 4181 8339
4033 4196 8218
4060 4164 8202
4063 4101 8139
4039 4111 8121
4087 4124 8206
4110 4130 8203
4131 4167 8288
4029 4119 8112
4056 4117 8135
4189 4200 8383
4186 4188 8351
4156 4171 8297
4183 4188 8342
4045 4155 8167
4159 4162 8284
4010 4013 7993
4063 4065 8093
4088 4141 8225
4005 4027 8029
4007 4125 8131
4190 4193 8344
4050 4143 8182
4149 4197 8308
4193 4200 8368
4198 4200 8369
4139 4183 8304
4151 4184 8331
4195 4198 8375
4061 4129 8160
4045 4080 8087
4053 4167 8192
4192 4194 8369
4070 4184 8236
4029 4147 8163
4149 4165 8290
4172 4190 8339
4137 4200 8328
4199 4200 8390
4096 4165 8227
4156 4184 8329
4176 4177 8330
4189 4194 8362
4118 4152 8250
4103 4168 8234
4107 4159 8234
4191 4197 8370
4036 4164 8167
4076 4118 8166
4071 4134 8191
4121 4137 8243
4048 4133 8170
4029 4101 8098
4129 4155 8260
4033 4083 8082
4140 4189 8290
4060 4140 8178
4073 4169 8207
4023 4038 8053
4193 4196 8387
4165 4166 8324
4116 4194 8283
4113 4124 8203
4037 4050 8051
4059 4122 8159
4129 4177 8285
4159 4178 8299
4167 4193 8354
4079 4152 8224
4017 4044 8027
4021 4198 8202
4026 4061 8068
4101 4141 8211
4176 4190 8344
4127 4184 8306
4072 4116 8179
4089 4157 8237
4192 4196 8367
4040 4045 8084
4145 4169 8297
4018 4069 8061
4071 4076 8138
4022 4149 8159
4179 4194 8362
4101 4195 8266
4023 4039 8046
4136 4179 8292
4139 4150 8253
4085 4152 8210
4039 4121 8137
4001 4027 8026
4045 4048 8076
4025 4067 8090
4112 4150 8242
4177 4182 8355
4064 4177 8238
4158 4163 8287
4026 4061 8077
4105 4173 8250
4061 4128 8187
4141 4143 8246
4079 4099 8167
4072 4146 8201
4169 4197 8364
4096 4190 8263
4143 4192 8313
4011 4018 7996
4184 4188 8342
4177 4194 8345
4189 4199 8376
4153 4185 8299
4124 4192 8289
4155 4184 8331
4178 4184 8335
4143 4192 8323
4054 4092 8134
4157 4168 8324
4080 4111 8189
4145 4180 8322
4036 4133 8150
4148 4194 8315
4129 4181 8283
4026 4094 8089
4043 4152 8188
4079 4166 8229
4073 4093 8144
4165 4169 8332
4094 4145 8202
4176 4182 8327
4040 4077 8087
4180 4194 8336
4031 4134 8145
4057 4074 8105
4156 4178 8333
4184 4195 8349
4085 4109 8191
4029 4122 8145
4094 4124 8202
4170 4191 8328
4151 4185 8305
4112 4198 8273
4067 4154 8204
4025 4030 8048
4023 4180 8197
4177 4189 8333
4006 4152 8139
4157 4165 8315
4154 4173 8326
4150 4179 8317
4059 4179 8206
4075 4145 8210
4022 4191 8189
4184 4187 8362
4047 4114 8126
4001 4003 7991
4076 4083 8157
4145 4192 8298
4006 4094 8065
4075 4156 8199
4128 4132 8254
4130 4188 8293
4020 4110 8111
4183 4190 8351
4070 4141 8187
4130 4178 8280
4031 4085 8080
4198 4199 8366
4071 4126 8172
4187 4192 8371
4013 4106 8092
4187 4194 8355
4155 4170 8319
4182 4186 8360
4074 4178 8250
4192 4197 8362
4161 4170 8326
4162 4177 8325
4067 4105 8147
4087 4151 8209
4013 4042 8029
4176 4184 8340
4001 4148 8117
4150 4165 8302
4169 4179 8331
4194 4199 8359
4056 4129 8174
4054 4194 8217
4158 4164 8321
4013 4027 8013
4104 4141 8220
4109 4160 8253
4004 4011 8006
4100 4122 8200
4109 4113 8209
4162 4170 8293
4160 4193 8324
4111 4138 8248
4106 4108 8209
4184 4198 8380
4197 4200 8373
4019 4021 8034
4083 4158 8211
4063 4071 8114
4110 4197 8301
4155 4194 8333
4041 4173 8194
4023 4167 8175
4066 4138 8183
4119 4161 8262
4075 4161 8218
4077 4190 8239
4128 4185 8277
4107 4137 8216
4162 4196 8323
4026 4038 8035
4148 4166 8292
4075 4112 8179
4125 4147 8266
4194 4198 8375
4027 4036 8052
4060 4061 8110
4070 4097 8148
4106 4109 8192
4139 4154 8265
4022 4099 8118
4188 4194 8352
4189 4191 8377
4174 4177 8327
4097 4197 8275
4122 4190 8290
4153 4192 8337
4112 4151 8257
4197 4199 8385
4184 4188 8339
4020 4083 8066
4078 4184 8225
4039 4134 8142
4048 4194 8211
4157 4159 8280
4106 4125 8201
4152 4195 8329
4003 4085 8083
4160 4176 8333
4051 4082 8107
4094 4178 8240
4045 4139 8156
4168 4182 8347
4113 4145 8219
4081 4149 8205
4149 4200 8316
4188 4199 8371
4113 4114 8206
4198 4200 8366
4129 4137 8231
4107 4131 8229
4190 4197 8352
4032 4169 8180
4097 4100 8160
4057 4177 8232
4177 4199 8356
4096 4145 8238
4114 4121 8213
4118 4182 8291
4169 4190 8354
4161 4185 8326
4165 4184 8343
4132 4186 8300
4021 4174 8167
4025 4173 8187
4160 4182 8308
4138 4142 8265
4192 4199 8363
4156 4195 8333
4198 4199 8387
4182 4198 8366
4191 4196 8364
4035 4190 8201
4074 4096 8149
4072 4083 8150
4119 4142 8228
4028 4188 8188
4025 4132 8132
4020 4105 8109
4034 4050 8078
4027 4118 8137
4048 4153 8199
4023 4154 8161
4051 4091 8132
4025 4197 8203
4147 4166 8275
4141 4192 8308
4055 4131 8154
4124 4172 8270
4191 4192 8370
4161 4168 8317
4126 4186 8310
4007 4146 8138
4138 4199 8326
4095 4196 8272
4050 4173 8196
4114 4194 8297
4121 4133 8232
4110 4195 8279
4006 4189 8188
4029 4198 8207
4065 4161 8218
4186 4193 8361
4114 4174 8285
4136 4163 8279
4018 4186 8197
4104 4140 8237
4030 4060 8087
4198 4200 8390
4185 4189 8373
4194 4198 8360
4133 4186 8299
4083 4180 8247
4116 4121 8206
4134 4170 8274
4060 4082 8114
4091 4178 8245
4178 4191 8359
4137 4172 8276
4089 4108 8164
4180 4189 8361
4116 4125 8238
4169 4187 8349
4153 4178 8308
4062 4120 8156
4182 4199 8351
4155 4184 8300
4004 4036 8039
4018 4125 8107
4090 4107 8190
4058 4104 8160
4140 4143 8263
4153 4187 8311
4047 4057 8068
4025 4119 8122
4078 4148 8210
4118 4123 8212
4061 4136 8165
4170 4181 8331
4086 4172 8237
4029 4103 8129
4020 4029 8023
4135 4165 8273
4177 4193 8333
4117 4128 8230
4101 4119 8189
4192 4199 8377
4127 4148 8255
4148 4169 8287
4032 4134 8155
4198 4200 8370
4080 4171 8216
4106 4185 8265
4031 4109 8116
4031 4192 8195
4192 4193 8383
4048 4163 8200
4042 4190 8228
4114 4199 8282
4181 4194 8371
4161 4166 8301
4012 4176 8183
4133 4178 8300
4056 4075 8103
4081 4198 8249
4150 4196 8322
4109 4193 8296
4161 4194 8326
4077 4156 8202
4138 4189 8309
4077 4182 8221
4063 4154 8215
4058 4059 8116
4058 4138 8188
4186 4199 8351
4160 4176 8306
4195 4200 8394
4186 4197 8362
4150 4191 8331
4038 4192 8215
4109 4111 8207
4178 4196 8364
4091 4190 8273
4187 4195 8354
4020 4055 8045
4128 4157 8271
4138 4154 8278
4125 4175 8282
4147 4176 8303
4093 4170 8244
4060 4098 8141
4100 4198 8290
4111 4142 8226
4078 4093 8150
4023 4153 8170
4195 4196 8365
4021 4175 8174
4078 4167 8238
4069 4198 8258
4173 4195 8356
4156 4185 8333
4034 4042 8049
4002 4029 8025
4018 4177 8186
4150 4183 8327
4092 4108 8173
4012 4059 8040
4161 4199 8329
4123 4144 8243
4171 4193 8354
4199 4200 8361
4152 4168 8307
4181 4183 8342
4059 4128 8172
4040 4084 8119
4161 4191 8330
4187 4200 8351
4048 4162 8182
4186 4200 8347
4007 4021 8000
4136 4191 8305
4144 4166 8292
4031 4165 8186
4137 4182 8298
4147 4149 8259
4097 4120 8204
4089 4180 8259
4101 4152 8240
4012 4140 8125
4104 4131 8217
4154 4177 8324
4073 4098 8152
4141 4185 8293
4012 4028 8037
4023 4035 8029
4173 4197 8341
4158 4165 8288
4114 4197 8291
4196 4198 8364
4020 4062 8065
4117 4150 8244
4106 4199 8273
4131 4183 8294
4100 4166 8251
4070 4140 8207
4041 4150 8163
4022 4083 8099
4076 4157 8229
4151 4179 8323
4183 4192 8360
4071 4142 8186
4037 4131 8148
4054 4180 8213
4003 4082 8065
4189 4195 8376
4060 4123 8168
4062 4184 8233
4157 4162 8309
4090 4144 8205
4094 4196 8264
4024 4056 8065
4196 4197 8371
4066 4145 8181
4180 4184 8336
4198 4199 8367
4089 4159 8220
4127 4200 8299
4065 4089 8125
4005 4145 8140
4147 4178 8315
4042 4132 8158
4033 4155 8153
4179 4194 8348
4052 4107 8142
4043 4184 8221
4156 4191 8338
4070 4103 8167
4196 4199 8362
4132 4162 8273
4131 4147 8265
4063 4073 8122
4036 4115 8143
4098 4182 8278
4153 4169 8301
4103 4109 8192
4077 4165 8222
4014 4172 8166
4029 4074 8068
4025 4131 8125
4097 4196 8274
4059 4185 8217
4103 4138 8220
4015 4150 8161
4057 4119 8170
4095 4150 8228
4040 4181 8190
4104 4129 8209
4161 4181 8336
4063 4154 8214
4135 4155 8275
4105 4151 8250
4080 4126 8199
4038 4107 8144
4088 4154 8234
4116 4142 8248
4060 4125 8165
4070 4114 8164
4135 4169 8297
4142 4169 8308
4125 4172 8293
4018 4160 8149
4182 4195 8372
4093 4165 8224
4096 4152 8217
4170 4182 8313
4066 4151 8216
4009 4197 8181
4103 4167 8265
4104 4106 8183
4092 4159 8242
4049 4195 8218
4006 4132 8108
4162 4191 8316
4094 4125 8183
4042 4094 8112
4056 4114 8162
4017 4113 8112
4052 4106 8143
4011 4102 8106
4139 4143 8244
4057 4115 8143
4029 4182 8183
4068 4150 8191
4137 4198 8296
4097 4180 8255
4161 4163 8313
4079 4131 8180
4056 4126 8160
4012 4058 8068
4125 4155 8277
4006 4018 7989
4028 4162 8172
4017 4163 8143
4172 4189 8322
4015 4054 8035
4034 4048 8057
4128 4133 8250
4160 4164 8308
4198 4200 8375
4088 4106 8185
4013 4196 8188
4121 4137 8255
4161 4162 8317
4019 4101 8119
4137 4146 8261
4141 4168 8293
4089 4098 8176
4192 4197 8380
4158 4176 8317
4176 4182 8341
4055 4057 8075
4151 4184 8312
4100 4109 8180
4141 4197 8319
4196 4200 8382
4037 4120 8145
4178 4199 8359
4157 4168 8302
4101 4193 8259
4152 4169 8290
4110 4119 8191
4086 4147 8216
4110 4137 8212
4040 4142 8164
4015 4057 8036
4175 4179 8335
4118 4157 8259
4003 4198 8193
4082 4123 8186
4163 4166 8299
4052 4164 8192
4000 4004 7981
4148 4191 8318
4181 4186 8365
4032 4114 8130
4057 4154 8205
4128 4184 8279
4194 4196 8380
4004 4154 8132
4130 4162 8257
4136 4161 8287
4092 4099 8158
4179 4194 8342
4078 4094 8167
4088 4147 8219
4197 4200 8393
4090 4133 8187
4132 4135 8243
4033 4072 8095
4130 4165 8271
4126 4179 8281
4109 4193 8268
4171 4182 8342
4122 4123 8213
4198 4199 8361
4089 4153 8220
4159 4190 8333
4183 4198 8363
4170 4190 8353
4170 4200 8344
4114 4193 8290
4043 4123 8159
4051 4144 8163
4177 4179 8354
4134 4141 8238
4126 4160 8285
4109 4128 8209
4119 4161 8271
4141 4157 8292
4143 4184 8291
4026 4161 8161
4070 4190 8257
4119 4182 8291
4040 4183 8215
4104 4122 8223
4008 4135 8130
4054 4100 8126
4103 4173 8261
4141 4174 8293
4175 4176 8321
4063 4092 8138
4033 4171 8180
4074 4088 8152
4167 4168 8328
4043 4096 8131
4009 4192 8167
4141 4197 8322
4177 4186 8346
4038 4174 8202
4082 4147 8206
4147 4198 8339
4152 4193 8326
4008 4132 8133
4105 4108 8206
4005 4122 8108
4153 4172 8308
4049 4077 8088
4133 4175 8307
4121 4198 8309
4158 4197 8328
4194 4199 8377
4051 4084 8103
4124 4149 8248
4107 4149 8255
4193 4194 8372
4084 4087 8159
4198 4199 8362
4020 4151 8152
4133 4200 8331
4002 4116 8088
4007 4154 8151
4118 4189 8277
4091 4116 8189
4107 4200 8275
4144 4145 8287
4053 4088 8117
4007 4156 8144
4132 4176 8281
4004 4104 8075
4197 4199 8370
4070 4153 8210
4145 4155 8273
4040 4148 8150
4117 4147 8256
4050 4078 8100
4131 4190 8288
4080 4161 8234
4160 4187 8325
4128 4145 8264
4139 4180 8307
4004 4016 7999
4037 4159 8177
4166 4199 8358
4021 4189 8203
4162 4165 8321
4137 4165 8266
4168 4169 8323
4176 4191 8358
4141 4188 8320
4035 4152 8152
4061 4095 8120
4045 4161 8178
4070 4075 8108
4176 4177 8345
4125 4190 8313
4046 4150 8172
4114 4117 8208
4008 4092 8086
4014 4016 8022
4081 4167 8242
4051 4200 8226
4048 4160 8207
4054 4075 8116
4140 4144 8280
4083 4194 8251
4144 4186 8323
4162 4197 8344
4010 4075 8053
4110 4154 8229
4167 4174 8306
4152 4186 8333
4102 4168 8260
4142 4186 8317
4173 4184 8334
4082 4155 8227
4199 4200 8377
4100 4118 8210
4089 4120 8188
4004 4021 8001
4165 4194 8357
4189 4190 8366
4061 4093 8127
4151 4155 8268
4194 4195 8354
4139 4167 8277
4166 4190 8348
4094 4170 8258
4140 4160 8268
4038 4157 8157
4151 4154 8296
4152 4158 8306
4153 4191 8312
4002 4067 8041
4088 4148 8209
4046 4176 8203
4155 4188 8321
4154 4157 8287
4034 4048 8044
4040 4172 8189
4038 4200 8200
4117 4133 8216

0.010000 0.500000
