800
4608625
3102 3168 6270
3047 3128 6175
3168 3176 6344
3132 3143 6275
3185 3187 6372
3026 3083 6109
3097 3114 6211
3093 3138 6231
3171 3175 6346
3163 3181 6344
3018 3183 6201
3128 3170 6298
3136 3171 6307
3055 3111 6166
3068 3115 6183
3092 3196 6288
3166 3191 6357
3125 3193 6318
3181 3188 6369
3063 3155 6218
3011 3156 6167
3193 3198 6391
3121 3163 6284
3077 3121 6198
3125 3188 6313
3104 3200 6304
3155 3164 6319
3047 3150 6197
3089 3188 6277
3068 3093 6161
3021 3064 6085
3168 3197 6365
3176 3177 6353
3123 3190 6313
3139 3164 6303
3142 3186 6328
3159 3191 6350
3115 3196 6311
3078 3197 6275
3118 3133 6251
3030 3066 6096
3112 3198 6310
3143 3151 6294
3096 3136 6232
3002 3019 6021
3176 3200 6376
3089 3101 6190
3100 3161 6261
3014 3195 6209
3006 3192 6198
3125 3157 6282
3132 3156 6288
3167 3185 6352
3069 3164 6233
3103 3176 6279
3052 3105 6157
3086 3105 6191
3127 3150 6277
3126 3138 6264
3031 3039 6070
3139 3197 6336
3014 3025 6039
3156 3173 6329
3123 3156 6279
3199 3200 6399
3178 3196 6374
3105 3152 6257
3055 3164 6219
3139 3179 6318
3156 3176 6332
3031 3185 6216
3108 3156 6264
3167 3176 6343
3010 3031 6041
3121 3196 6317
3121 3166 6287
3093 3163 6256
3115 3120 6235
3053 3111 6164
3091 3163 6254
3158 3164 6322
3173 3180 6353
3099 3154 6253
3045 3058 6103
3140 3179 6319
3109 3152 6261
3166 3171 6337
3195 3197 6392
3082 3136 6218
3182 3195 6377
3042 3131 6173
3069 3107 6176
3112 3120 6232
3053 3061 6114
3093 3155 6248
3025 3085 6110
3179 3190 6369
3124 3130 6254
3075 3192 6267
3145 3156 6301
3124 3130 6254
3077 3189 6266
3172 3199 6371
3175 3176 6351
3167 3193 6360
3009 3136 6145
3160 3189 6349
3013 3018 6031
3006 3017 6023
3121 3137 6258
3102 3129 6231
3090 3134 6224
3015 3181 6196
3044 3155 6199
3169 3198 6367
3137 3191 6328
3163 3199 6362
3002 3084 6086
3140 3149 6289
3075 3189 6264
3088 3164 6252
3007 3163 6170
3110 3127 6237
3016 3067 6083
3161 3174 6335
3043 3056 6099
3041 3076 6117
3074 3183 6257
3075 3082 6157
3042 3190 6232
3031 3058 6089
3010 3115 6125
3011 3173 6184
3095 3175 6270
3077 3200 6277
3038 3085 6123
3062 3188 6250
3062 3178 6240
3109 3153 6262
3107 3169 6276
3112 3123 6235
3057 3058 6115
3174 3187 6361
3103 3117 6220
3152 3168 6320
3066 3069 6135
3006 3086 6092
3041 3147 6188
3164 3169 6333
3155 3181 6336
3146 3155 6301
3068 3148 6216
3161 3187 6348
3106 3178 6284
3020 3039 6059
3089 3157 6246
3101 3103 6204
3024 3153 6177
3094 3180 6274
3181 3199 6380
3160 3180 6340
3019 3025 6044
3134 3159 6293
3011 3134 6145
3159 3169 6328
3009 3026 6035
3146 3161 6307
3003 3092 6095
3067 3173 6240
3160 3169 6329
3054 3114 6168
3098 3122 6220
3041 3064 6105
3108 3134 6242
3059 3172 6231
3010 3186 6196
3018 3027 6045
3096 3161 6257
3017 3137 6154
3013 3059 6072
3070 3179 6249
3096 3181 6277
3160 3192 6352
3166 3169 6335
3140 3168 6308
3085 3180 6265
3195 3200 6395
3033 3190 6223
3181 3198 6379
3090 3144 6234
3078 3142 6220
3067 3103 6170
3057 3059 6116
3007 3103 6110
3080 3154 6234
3004 3146 6150
3033 3054 6087
3108 3147 6255
3036 3062 6098
3012 3187 6199
3046 3096 6142
3127 3162 6289
3060 3071 6131
3147 3184 6331
3193 3200 6393
3112 3187 6299
3111 3175 6286
3077 3135 6212
3141 3160 6301
3053 3102 6155
3060 3099 6159
3109 3143 6252
3177 3195 6372
3137 3143 6280
3086 3118 6204
3137 3169 6306
3082 3141 6223
3026 3071 6097
3035 3125 6160
3086 3104 6190
3048 3050 6098
3059 3089 6148
3167 3171 6338
3100 3136 6236
3071 3126 6197
3166 3175 6341
3110 3192 6302
3173 3200 6373
3056 3158 6214
3030 3081 6111
3025 3187 6212
3058 3084 6142
3113 3172 6285
3196 3198 6394
3096 3169 6265
3006 3183 6189
3066 3096 6162
3064 3192 6256
3000 3127 6127
3006 3101 6107
3136 3151 6287
3065 3136 6201
3190 3192 6382
3072 3143 6215
3143 3198 6341
3183 3192 6375
3117 3125 6242
3060 3160 6220
3091 3174 6265
3040 3097 6137
3180 3193 6373
3016 3084 6100
3151 3196 6347
3162 3185 6347
3035 3086 6121
3192 3195 6387
3121 3141 6262
3057 3193 6250
3102 3190 6292
3029 3078 6107
3189 3199 6388
3105 3120 6225
3019 3156 6175
3140 3142 6282
3161 3183 6344
3030 3031 6061
3040 3072 6112
3058 3156 6214
3153 3189 6342
3137 3197 6334
3128 3184 6312
3151 3190 6341
3164 3188 6352
3028 3043 6071
3143 3164 6307
3184 3191 6375
3094 3110 6204
3186 3187 6373
3067 3139 6206
3192 3194 6386
3086 3133 6219
3080 3189 6269
3046 3076 6122
3153 3170 6323
3033 3117 6150
3024 3195 6219
3105 3106 6211
3031 3090 6121
3112 3180 6292
3111 3136 6247
3010 3149 6159
3181 3193 6374
3024 3184 6208
3045 3063 6108
3080 3195 6275
3076 3090 6166
3137 3173 6310
3133 3198 6331
3110 3178 6288
3145 3182 6327
3153 3162 6315
3165 3183 6348
3014 3088 6102
3006 3111 6117
3000 3152 6152
3007 3141 6148
3191 3197 6388
3179 3200 6379
3054 3137 6191
3016 3094 6110
3146 3199 6345
3037 3148 6185
3067 3182 6249
3033 3189 6222
3185 3186 6371
3119 3162 6281
3008 3025 6033
3084 3198 6282
3128 3184 6312
3120 3192 6312
3196 3198 6394
3161 3200 6361
3128 3140 6268
3029 3160 6189
3184 3196 6380
3184 3198 6382
3194 3196 6390
3120 3195 6315
3167 3168 6335
3009 3168 6177
3096 3161 6257
3105 3187 6292
3023 3152 6175
3131 3191 6322
3137 3158 6295
3075 3182 6257
3141 3196 6337
3073 3077 6150
3182 3193 6375
3090 3193 6283
3112 3139 6251
3171 3181 6352
3048 3082 6130
3043 3098 6141
3156 3189 6345
3155 3156 6311
3029 3133 6162
3067 3110 6177
3017 3108 6125
3134 3192 6326
3114 3161 6275
3004 3146 6150
3140 3191 6331
3045 3114 6159
3026 3058 6084
3037 3097 6134
3190 3192 6382
3108 3113 6221
3135 3173 6308
3178 3192 6370
3091 3125 6216
3003 3114 6117
3032 3162 6194
3139 3189 6328
3126 3167 6293
3107 3198 6305
3003 3032 6035
3048 3114 6162
3026 3182 6208
3163 3184 6347
3173 3179 6352
3045 3160 6205
3123 3176 6299
3194 3195 6389
3199 3200 6399
3033 3148 6181
3150 3165 6315
3174 3181 6355
3178 3192 6370
3078 3191 6269
3070 3130 6200
3158 3179 6337
3126 3174 6300
3107 3127 6234
3025 3112 6137
3069 3137 6206
3111 3128 6239
3029 3100 6129
3097 3166 6263
3025 3091 6116
3073 3106 6179
3064 3171 6235
3102 3135 6237
3058 3139 6197
3125 3190 6315
3071 3099 6170
3052 3104 6156
3182 3195 6377
3003 3045 6048
3020 3186 6206
3080 3117 6197
3051 3129 6180
3058 3199 6257
3131 3139 6270
3177 3197 6374
3085 3143 6228
3174 3183 6357
3113 3130 6243
3132 3141 6273
3187 3188 6375
3144 3182 6326
3157 3165 6322
3111 3179 6290
3021 3063 6084
3020 3194 6214
3133 3148 6281
3186 3188 6374
3145 3159 6304
3199 3200 6399
3093 3111 6204
3194 3196 6390
3125 3131 6256
3031 3092 6123
3034 3041 6075
3040 3167 6207
3023 3136 6159
3054 3158 6212
3061 3146 6207
3193 3198 6391
3098 3110 6208
3089 3172 6261
3030 3078 6108
3111 3117 6228
3051 3158 6209
3006 3115 6121
3134 3141 6275
3191 3199 6390
3133 3166 6299
3012 3132 6144
3097 3114 6211
3100 3190 6290
3161 3171 6332
3144 3152 6296
3011 3135 6146
3011 3169 6180
3178 3188 6366
3044 3143 6187
3162 3171 6333
3168 3197 6365
3184 3187 6371
3113 3128 6241
3172 3186 6358
3001 3152 6153
3122 3153 6275
3024 3028 6052
3098 3114 6212
3160 3179 6339
3016 3181 6197
3141 3198 6339
3188 3194 6382
3038 3157 6195
3122 3127 6249
3037 3082 6119
3167 3188 6355
3038 3117 6155
3011 3117 6128
3130 3167 6297
3196 3197 6393
3151 3156 6307
3073 3076 6149
3139 3175 6314
3178 3193 6371
3134 3195 6329
3065 3074 6139
3136 3199 6335
3134 3180 6314
3043 3080 6123
3134 3152 6286
3134 3173 6307
3018 3069 6087
3002 3112 6114
3170 3184 6354
3151 3162 6313
3179 3200 6379
3133 3154 6287
3015 3117 6132
3190 3197 6387
3167 3188 6355
3135 3179 6314
3192 3194 6386
3081 3083 6164
3134 3179 6313
3179 3194 6373
3035 3049 6084
3111 3191 6302
3095 3149 6244
3101 3144 6245
3113 3154 6267
3012 3092 6104
3126 3185 6311
3177 3182 6359
3034 3168 6202
3138 3177 6315
3028 3132 6160
3131 3195 6326
3138 3191 6329
3018 3066 6084
3056 3138 6194
3047 3101 6148
3015 3163 6178
3050 3067 6117
3004 3104 6108
3169 3184 6353
3055 3166 6221
3152 3200 6352
3050 3189 6239
3174 3178 6352
3189 3193 6382
3160 3174 6334
3136 3172 6308
3116 3180 6296
3108 3124 6232
3042 3092 6134
3137 3188 6325
3199 3200 6399
3007 3022 6029
3136 3165 6301
3022 3180 6202
3054 3158 6212
3047 3124 6171
3077 3188 6265
3156 3198 6354
3085 3198 6283
3158 3187 6345
3153 3194 6347
3095 3127 6222
3067 3158 6225
3156 3186 6342
3196 3200 6396
3127 3141 6268
3126 3131 6257
3167 3200 6367
3112 3187 6299
3169 3192 6361
3060 3076 6136
3096 3139 6235
3092 3152 6244
3017 3194 6211
3077 3120 6197
3083 3115 6198
3054 3098 6152
3078 3184 6262
3008 3097 6105
3126 3169 6295
3000 3124 6124
3166 3171 6337
3155 3185 6340
3093 3175 6268
3190 3195 6385
3067 3160 6227
3030 3169 6199
3037 3192 6229
3126 3185 6311
3118 3149 6267
3089 3132 6221
3047 3087 6134
3080 3183 6263
3042 3122 6164
3037 3145 6182
3199 3200 6399
3184 3186 6370
3164 3179 6343
3016 3084 6100
3126 3196 6322
3129 3190 6319
3041 3078 6119
3020 3057 6077
3083 3106 6189
3027 3045 6072
3072 3153 6225
3090 3115 6205
3089 3111 6200
3048 3111 6159
3041 3068 6109
3194 3198 6392
3141 3195 6336
3107 3193 6300
3149 3184 6333
3198 3200 6398
3070 3141 6211
3178 3193 6371
3199 3200 6399
3184 3185 6369
3009 3046 6055
3030 3163 6193
3099 3198 6297
3040 3096 6136
3117 3197 6314
3143 3166 6309
3006 3132 6138
3018 3129 6147
3148 3187 6335
3068 3113 6181
3110 3166 6276
3086 3144 6230
3106 3166 6272
3099 3152 6251
3188 3196 6384
3009 3138 6147
3083 3151 6234
3182 3195 6377
3038 3075 6113
3124 3177 6301
3183 3184 6367
3078 3137 6215
3088 3165 6253
3075 3147 6222
3089 3118 6207
3188 3199 6387
3013 3041 6054
3081 3176 6257
3001 3082 6083
3197 3198 6395
3027 3056 6083
3146 3170 6316
3093 3188 6281
3036 3061 6097
3189 3194 6383
3048 3052 6100
3038 3050 6088
3190 3195 6385
3172 3179 6351
3065 3199 6264
3122 3137 6259
3010 3086 6096
3039 3092 6131
3104 3126 6230
3117 3122 6239
3048 3191 6239
3193 3194 6387
3034 3078 6112
3189 3194 6383
3155 3178 6333
3196 3200 6396
3028 3130 6158
3166 3192 6358
3136 3143 6279
3157 3168 6325
3003 3022 6025
3139 3143 6282
3137 3181 6318
3008 3067 6075
3019 3180 6199
3166 3178 6344
3029 3046 6075
3037 3187 6224
3100 3185 6285
3192 3197 6389
3098 3200 6298
3130 3163 6293
3161 3171 6332
3172 3193 6365
3189 3193 6382
3002 3036 6038
3123 3136 6259
3177 3178 6355
3145 3175 6320
3149 3193 6342
3069 3122 6191
3015 3074 6089
3086 3144 6230
3186 3196 6382
3152 3156 6308
3107 3126 6233
3123 3176 6299
3026 3051 6077
3081 3122 6203
3021 3135 6156
3071 3113 6184
3134 3163 6297
3073 3174 6247
3066 3081 6147
3195 3197 6392
3116 3173 6289
3029 3098 6127
3101 3123 6224
3019 3076 6095
3197 3199 6396
3111 3169 6280
3107 3200 6307
3111 3165 6276
3035 3130 6165
3125 3138 6263
3127 3182 6309
3037 3052 6089
3168 3190 6358
3111 3197 6308
3138 3196 6334
3049 3118 6167
3001 3044 6045
3046 3184 6230
3078 3156 6234
3054 3077 6131
3037 3148 6185
3170 3181 6351
3172 3181 6353
3134 3182 6316
3000 3018 6018
3060 3126 6186
3053 3135 6188
3121 3128 6249
3148 3149 6297
3134 3180 6314
3110 3167 6277
3074 3110 6184
3178 3179 6357
3127 3155 6282
3095 3142 6237
3000 3159 6159
3053 3190 6243
3027 3194 6221
3077 3116 6193
3011 3128 6139
3071 3158 6229
3081 3086 6167
3133 3159 6292
3084 3129 6213
3024 3054 6078
3070 3093 6163
3163 3165 6328
3138 3187 6325
3019 3195 6214
3002 3014 6016
3172 3173 6345
3113 3180 6293
3163 3164 6327
3009 3048 6057
3161 3198 6359
3077 3191 6268
3150 3193 6343
3141 3148 6289
3085 3090 6175
3119 3199 6318
3071 3125 6196
3049 3127 6176
3119 3189 6308
3063 3153 6216
3066 3124 6190
3024 3160 6184
3155 3171 6326
3163 3199 6362
3091 3179 6270
3175 3184 6359
3014 3054 6068
3174 3177 6351
3104 3184 6288
3008 3071 6079
3144 3185 6329
3107 3182 6289
3064 3156 6220
3088 3119 6207
3055 3119 6174
3067 3104 6171
3019 3148 6167
3098 3171 6269
3016 3191 6207
3118 3193 6311
3092 3097 6189
3005 3041 6046
3185 3187 6372
3014 3099 6113
3107 3176 6283
3067 3106 6173
3093 3103 6196
3186 3199 6385
3191 3197 6388
3195 3198 6393
3078 3130 6208
3120 3168 6288
3076 3097 6173
3137 3138 6275
3009 3049 6058
3187 3189 6376
3049 3054 6103
3067 3177 6244
3062 3165 6227
3048 3146 6194
3092 3117 6209
3079 3189 6268
3127 3142 6269
3139 3149 6288
3097 3144 6241
3132 3163 6295
3011 3047 6058
3070 3121 6191
3081 3184 6265
3198 3199 6397
3179 3194 6373
3108 3143 6251
3063 3159 6222

4194 4198 8380
4083 4120 8201
4151 4180 8297
4173 4187 8344
4112 4197 8299
4148 4170 8314
4007 4151 8137
4026 4046 8042
4143 4179 8297
4148 4198 8324
4013 4196 8208
4044 4140 8171
4071 4141 8200
4162 4192 8333
4059 4147 8182
4187 4199 8361
4188 4193 8345
4159 4188 8312
4165 4197 8351
4078 4187 8254
4139 4146 8281
4007 4046 8039
4149 4151 8270
4157 4158 8284
4063 4107 8146
4098 4188 8270
4029 4175 8184
4159 4175 8331
4069 4082 8137
4006 4162 8146
4023 4178 8186
4052 4151 8189
4180 4192 8357
4110 4130 8235
4121 4126 8208
4006 4155 8125
4001 4121 8113
4040 4066 8085
4007 4038 8033
4116 4129 8238
4178 4179 8352
4195 4199 8383
4073 4099 8136
4062 4105 8137
4152 4186 8303
4055 4199 8230
4142 4155 8269
4071 4129 8186
4129 4174 8294
4170 4176 8336
4072 4099 8147
4039 4193 8195
4102 4170 8242
4007 4114 8092
4026 4056 8053
4128 4135 8257
4195 4199 8356
4025 4099 8087
4175 4185 8338
4123 4186 8301
4141 4157 8280
4192 4196 8361
4132 4192 8313
4163 4186 8348
4152 4156 8306
4139 4150 8250
4136 4146 8245
4017 4054 8053
4152 4161 8304
4118 4161 8271
4019 4196 8200
4114 4189 8280
4064 4094 8132
4093 4154 8245
4084 4117 8172
4038 4170 8189
4041 4080 8108
4025 4053 8068
4199 4200 8395
4050 4109 8125
4140 4155 8257
4178 4185 8343
4006 4017 8002
4039 4162 8191
4084 4088 8165
4022 4153 8152
4142 4170 8298
4091 4111 8200
4141 4200 8319
4040 4118 8156
4013 4040 8048
4017 4196 8202
4113 4125 8201
4187 4198 8351
4178 4179 8324
4076 4162 8216
4013 4062 8050
4136 4192 8298
4157 4199 8353
4017 4085 8091
4126 4198 8311
4174 4183 8328
4145 4163 8306
4133 4186 8298
4153 4163 8306
4114 4115 8203
4151 4161 8297
4155 4166 8300
4058 4097 8139
4167 4178 8313
4156 4195 8336
4043 4070 8098
4181 4194 8351
4119 4164 8260
4005 4158 8127
4071 4147 8207
4020 4034 8053
4170 4179 8332
4009 4192 8181
4167 4188 8348
4191 4198 8356
4197 4198 8386
4111 4186 8264
4024 4071 8091
4130 4188 8281
4134 4196 8302
4009 4039 8040
4136 4200 8320
4075 4193 8255
4175 4189 8335
4105 4180 8264
4172 4196 8366
4034 4059 8073
4097 4136 8227
4034 4094 8092
4068 4157 8222
4069 4146 8186
4002 4035 8002
4106 4113 8184
4167 4199 8343
4108 4148 8226
4169 4170 8317
4086 4126 8193
4187 4191 8344
4011 4163 8146
4001 4142 8112
4006 4176 8176
4087 4176 8253
4102 4116 8183
4036 4165 8194
4146 4149 8287
4124 4139 8241
4001 4004 8002
4066 4070 8117
4164 4195 8322
4161 4175 8311
4055 4147 8181
4129 4160 8273
4152 4172 8288
4070 4146 8215
4082 4195 8261
4166 4172 8319
4193 4196 8355
4186 4193 8377
4076 4120 8170
4125 4132 8220
4046 4132 8152
4096 4189 8251
4005 4031 8018
4045 4151 8186
4076 4195 8249
4151 4200 8349
4150 4162 8293
4007 4033 8002
4005 4024 8011
4065 4138 8195
4094 4114 8200
4176 4182 8321
4105 4136 8221
4039 4121 8154
4170 4177 8319
4188 4200 8387
4019 4130 8146
4082 4084 8136
4097 4106 8189
4117 4148 8244
4166 4181 8344
4107 4151 8231
4008 4076 8074
4196 4199 8370
4081 4087 8138
4086 4140 8209
4051 4107 8141
4199 4200 8387
4168 4180 8320
4165 4182 8330
4005 4197 8187
4027 4176 8183
4117 4177 8284
4009 4050 8046
4089 4096 8175
4035 4187 8192
4015 4051 8040
4158 4191 8330
4161 4200 8343
4017 4168 8177
4041 4120 8139
4078 4105 8163
4030 4113 8113
4100 4122 8194
4157 4169 8294
4109 4155 8225
4121 4164 8272
4155 4175 8295
4138 4143 8254
4103 4157 8222
4145 4158 8293
4032 4110 8123
4099 4150 8231
4111 4117 8224
4062 4150 8200
4015 4127 8137
4178 4187 8336
4178 4185 8357
4133 4163 8277
4001 4053 8025
4133 4144 8261
4170 4178 8311
4092 4186 8246
4092 4111 8175
4198 4200 8388
4014 4035 8035
4119 4190 8295
4140 4161 8288
4073 4122 8176
4097 4120 8210
4172 4197 8346
4023 4107 8118
4033 4126 8141
4178 4199 8359
4124 4139 8238
4173 4183 8324
4052 4172 8216
4020 4104 8118
4170 4195 8349
4023 4052 8043
4024 4102 8091
4142 4162 8282
4176 4181 8344
4098 4132 8210
4044 4143 8161
4085 4108 8169
4072 4162 8216
4091 4182 8250
4140 4185 8318
4120 4146 8258
4016 4091 8072
4139 4196 8331
4087 4096 8172
4139 4179 8299
4097 4139 8217
4134 4150 8254
4083 4138 8206
4104 4140 8231
4065 4139 8168
4001 4063 8028
4027 4061 8061
4019 4163 8156
4135 4169 8290
4010 4139 8134
4134 4150 8275
4060 4159 8184
4015 4016 7998
4132 4196 8306
4068 4190 8225
4050 4108 8155
4086 4141 8217
4034 4160 8174
4077 4154 8230
4061 4080 8126
4063 4177 8236
4074 4128 8182
4177 4194 8357
4108 4121 8228
4182 4188 8358
4150 4155 8278
4038 4050 8051
4032 4109 8118
4061 4187 8219
4023 4077 8092
4127 4141 8244
4136 4173 8298
4197 4198 8374
4091 4172 8236
4010 4119 8092
4182 4192 8373
4062 4181 8209
4064 4147 8206
4117 4198 8297
4130 4178 8285
4154 4177 8317
4048 4193 8240
4073 4158 8212
4173 4189 8359
4079 4197 8254
4023 4047 8035
4014 4026 8019
4047 4052 8084
4155 4196 8333
4122 4141 8260
4008 4026 7997
4140 4149 8256
4077 4136 8202
4098 4197 8261
4034 4157 8158
4189 4198 8381
4193 4194 8354
4177 4178 8347
4194 4198 8380
4155 4177 8312
4058 4192 8238
4004 4127 8112
4173 4188 8345
4193 4195 8368
4159 4170 8311
4193 4196 8369
4196 4197 8371
4105 4192 8273
4023 4120 8142
4186 4195 8373
4142 4165 8290
4142 4161 8272
4086 4106 8161
4170 4197 8349
4088 4186 8245
4180 4188 8338
4028 4076 8098
4167 4184 8341
4026 4173 8165
4197 4199 8368
4155 4163 8311
4145 4183 8294
4075 4087 8129
4077 4122 8173
4162 4192 8346
4113 4123 8207
4047 4070 8082
4071 4097 8141
4151 4162 8288
4117 4170 8272
4134 4153 8255
4008 4093 8073
4042 4167 8181
4138 4192 8323
4145 4161 8287
4004 4018 7993
4031 4059 8055
4058 4108 8140
4169 4195 8325
4176 4200 8338
4187 4191 8345
4032 4173 8181
4000 4095 8085
4032 4100 8106
4042 4060 8098
4097 4121 8188
4131 4138 8233
4026 4081 8084
4015 4195 8189
4125 4149 8235
4103 4109 8199
4073 4143 8185
4046 4104 8112
4181 4190 8355
4108 4188 8292
4181 4192 8365
4062 4145 8187
4167 4186 8347
4175 4178 8346
4163 4174 8304
4163 4189 8334
4168 4170 8312
4068 4072 8130
4065 4169 8212
4146 4168 8295
4121 4135 8222
4154 4173 8296
4068 4152 8184
4053 4160 8180
4197 4198 8374
4136 4137 8248
4148 4156 8280
4106 4114 8194
4136 4164 8281
4113 4117 8214
4040 4097 8109
4118 4166 8250
4171 4198 8368
4036 4154 8186
4038 4147 8179
4023 4098 8103
4063 4096 8145
4039 4177 8209
4157 4188 8334
4042 4176 8210
4040 4184 8201
4156 4178 8331
4015 4060 8039
4162 4200 8335
4052 4200 8225
4171 4198 8350
4040 4158 8188
4018 4082 8067
4187 4197 8368
4082 4112 8183
4139 4169 8282
4108 4151 8229
4193 4196 8367
4074 4115 8159
4111 4193 8285
4050 4124 8169
4041 4111 8120
4115 4144 8247
4157 4196 8318
4060 4139 8182
4012 4121 8112
4066 4135 8171
4173 4188 8339
4131 4143 8249
4066 4194 8245
4009 4021 7997
4161 4162 8299
4109 4197 8282
4191 4199 8364
4088 4137 8189
4025 4151 8170
4177 4179 8341
4081 4110 8182
4075 4133 8191
4120 4187 8295
4013 4175 8160
4032 4040 8061
4019 4025 8041
4007 4076 8048
4126 4187 8276
4023 4154 8150
4136 4159 8278
4168 4194 8327
4167 4180 8314
4066 4155 8220
4007 4119 8094
4094 4114 8194
4197 4199 8364
4152 4169 8283
4168 4191 8350
4186 4190 8354
4106 4194 8280
4075 4144 8207
4139 4189 8320
4136 4155 8265
4152 4178 8321
4004 4138 8119
4036 4180 8212
4186 4196 8366
4064 4103 8140
4092 4107 8166
4131 4173 8279
4157 4199 8333
4139 4193 8330
4160 4162 8285
4000 4074 8049
4091 4161 8246
4104 4169 8267
4012 4171 8154
4063 4140 8184
4104 4129 8203
4150 4183 8322
4147 4189 8305
4112 4142 8241
4168 4175 8322
4068 4185 8227
4061 4192 8239
4050 4189 8223
4008 4170 8177
4127 4191 8314
4177 4192 8359
4136 4165 8268
4068 4128 8194
4099 4115 8190
4084 4129 8195
4140 4177 8291
4168 4174 8331
4069 4112 8171
4139 4142 8255
4115 4184 8281
4155 4185 8337
4016 4113 8102
4054 4128 8175
4048 4158 8192
4056 4176 8204
4134 4156 8284
4117 4128 8214
4077 4088 8155
4166 4184 8342
4025 4178 8168
4038 4183 8219
4007 4040 8015
4066 4103 8162
4107 4190 8291
4086 4107 8186
4024 4196 8205
4171 4194 8331
4058 4136 8182
4000 4183 8149
4027 4194 8195
4181 4198 8343
4023 4176 8197
4188 4190 8350
4139 4156 8280
4018 4132 8116
4167 4190 8346
4041 4048 8067
4004 4022 7995
4006 4137 8121
4059 4085 8112
4142 4165 8290
4022 4079 8097
4089 4119 8184
4165 4180 8318
4140 4158 8280
4143 4145 8267
4034 4173 8189
4156 4173 8327
4024 4163 8154
4064 4095 8140
4169 4187 8337
4074 4130 8179
4095 4145 8203
4186 4192 8345
4165 4174 8332
4131 4176 8289
4130 4148 8268
4042 4166 8173
4191 4198 8373
4185 4189 8344
4188 4199 8349
4026 4120 8145
4135 4143 8271
4053 4081 8110
4081 4164 8232
4073 4075 8118
4069 4194 8227
4007 4045 8015
4185 4197 8375
4197 4200 8380
4153 4190 8312
4185 4197 8343
4013 4172 8157
4079 4101 8166
4062 4192 8251
4112 4190 8291
4024 4139 8126
4184 4189 8344
4196 4200 8381
4053 4160 8188
4169 4183 8317
4066 4092 8129
4005 4061 8062
4115 4198 8296
4080 4141 8207
4193 4200 8364
4171 4182 8341
4080 4121 8193
4086 4131 8216
4140 4179 8280
4159 4167 8288
4137 4185 8301
4065 4112 8171
4158 4167 8314
4092 4168 8234
4041 4199 8234
4144 4163 8274
4113 4123 8204
4132 4180 8281
4050 4178 8225
4028 4168 8187
4077 4139 8205
4010 4107 8105
4127 4184 8287
4007 4134 8104
4084 4179 8238
4130 4151 8280
4160 4176 8298
4017 4087 8067
4098 4118 8214
4182 4191 8353
4055 4147 8181
4104 4164 8240
4195 4198 8387
4130 4167 8294
4146 4173 8309
4023 4115 8136
4052 4150 8165
4049 4149 8186
4162 4178 8310
4090 4158 8231
4006 4105 8074
4121 4187 8278
4003 4146 8137
4080 4200 8263
4136 4184 8300
4108 4183 8281
4132 4181 8282
4153 4171 8287
4181 4193 8369
4072 4101 8160
4000 4030 7998
4026 4097 8121
4165 4167 8308
4113 4188 8286
4190 4198 8361
4070 4107 8169
4047 4118 8133
4196 4199 8356
4086 4092 8160
4103 4191 8288
4142 4198 8302
4127 4167 8258
4052 4157 8193
4133 4142 8268
4011 4015 8022
4047 4192 8217
4009 4030 8022
4102 4144 8222
4115 4151 8231
4002 4195 8167
4104 4169 8253
4166 4177 8342
4106 4110 8179
4038 4042 8062
4110 4175 8282
4087 4163 8228
4096 4167 8246
4104 4128 8211
4021 4121 8124
4012 4127 8130
4139 4200 8323
4096 4128 8214
4162 4191 8334
4075 4087 8138
4141 4174 8282
4125 4131 8240
4060 4164 8211
4073 4130 8185
4190 4194 8361
4077 4194 8270
4032 4101 8123
4042 4057 8089
4068 4115 8150
4072 4150 8185
4147 4195 8314
4120 4188 8291
4049 4174 8197
4173 4200 8369
4176 4184 8349
4099 4116 8207
4126 4131 8220
4060 4184 8228
4090 4164 8243
4130 4151 8260
4087 4120 8196
4021 4148 8143
4018 4096 8077
4152 4169 8316
4102 4172 8238
4199 4200 8388
4156 4157 8279
4146 4200 8343
4132 4146 8254
4102 4117 8201
4079 4104 8171
4111 4124 8229
4116 4155 8241
4047 4153 8188
4148 4149 8269
4176 4190 8338
4114 4197 8305
4045 4123 8137
4080 4111 8172
4002 4197 8179
4156 4194 8338
4016 4178 8193
4101 4110 8206
4122 4124 8220
4095 4190 8276
4011 4020 7994
4157 4163 8316
4136 4142 8276
4061 4190 8230
4055 4161 8190
4088 4181 8242
4054 4062 8081
4100 4148 8237
4094 4174 8248
4128 4198 8322
4178 4183 8356
4050 4119 8137
4179 4185 8333
4074 4076 8131
4169 4188 8321
4047 4103 8122
4063 4151 8176
4031 4153 8169
4142 4143 8277
4196 4199 8387
4142 4184 8290
4179 4199 8341
4131 4141 8248
4162 4182 8310
4147 4166 8292
4014 4126 8114
4023 4107 8097
4014 4150 8160
4096 4167 8238
4024 4051 8067
4081 4131 8193
4107 4198 8297
4178 4196 8345
4034 4199 8214
4075 4128 8198
4055 4133 8175
4084 4156 8211
4018 4150 8160
4002 4128 8095
4082 4108 8171
4035 4149 8172
4175 4177 8342
4108 4157 8255
4028 4121 8142
4161 4180 8305
4030 4151 8159
4090 4118 8178
4150 4188 8328
4037 4200 8222
4131 4136 8251
4152 4177 8304
4179 4195 8361
4107 4134 8230
4171 4182 8344
4147 4166 8277
4192 4198 8379
4183 4200 8358
4152 4164 8312
4154 4200 8321
4041 4165 8176
4111 4133 8216
4151 4170 8301
4198 4199 8392
4022 4098 8097
4106 4114 8188
4190 4197 8353
4190 4192 8351
4037 4159 8165
4011 4104 8092
4089 4174 8248
4094 4136 8197
4145 4175 8312
4065 4194 8257
4063 4119 8148
4128 4154 8262
4083 4134 8185
4027 4185 8190
4000 4152 8131
4006 4077 8081
4151 4172 8295
4000 4059 8033
4066 4198 8237
4134 4168 8298
4194 4199 8369
4037 4093 8097
4155 4189 8337
4054 4185 8236
4170 4187 8325
4170 4192 8336
4152 4167 8312
4081 4164 8230
4038 4139 8153
4094 4117 8184
4031 4075 8103
4170 4181 8340
4191 4197 8354
4010 4115 8102
4010 4073 8072
4024 4071 8057
4199 4200 8365
4163 4180 8325
4029 4091 8092
4074 4137 8208
4145 4154 8283
4027 4170 8191

0.010000 0.700000
