800
4802158
3083 3196 6279
3103 3120 6223
3070 3112 6182
3062 3147 6209
3010 3138 6148
3122 3140 6262
3131 3191 6322
3122 3157 6279
3165 3168 6333
3057 3155 6212
3080 3173 6253
3152 3157 6309
3037 3090 6127
3109 3127 6236
3123 3177 6300
3153 3162 6315
3011 3078 6089
3122 3140 6262
3028 3153 6181
3185 3191 6376
3166 3180 6346
3021 3085 6106
3136 3195 6331
3024 3136 6160
3189 3194 6383
3060 3064 6124
3119 3141 6260
3185 3200 6385
3114 3193 6307
3142 3167 6309
3177 3193 6370
3011 3171 6182
3168 3179 6347
3028 3059 6087
3180 3194 6374
3049 3110 6159
3134 3151 6285
3144 3176 6320
3080 3144 6224
3197 3198 6395
3123 3194 6317
3028 3194 6222
3103 3146 6249
3145 3159 6304
3075 3149 6224
3070 3140 6210
3062 3126 6188
3025 3060 6085
3170 3173 6343
3050 3143 6193
3008 3115 6123
3058 3147 6205
3192 3199 6391
3151 3170 6321
3037 3180 6217
3151 3174 6325
3190 3193 6383
3039 3186 6225
3046 3156 6202
3174 3198 6372
3096 3188 6284
3185 3193 6378
3125 3183 6308
3014 3165 6179
3123 3180 6303
3136 3165 6301
3194 3200 6394
3043 3049 6092
3176 3180 6356
3177 3193 6370
3135 3200 6335
3028 3175 6203
3048 3180 6228
3040 3153 6193
3168 3197 6365
3140 3200 6340
3154 3177 6331
3172 3175 6347
3165 3174 6339
3143 3171 6314
3011 3040 6051
3036 3052 6088
3154 3183 6337
3103 3179 6282
3029 3181 6210
3001 3093 6094
3064 3147 6211
3112 3197 6309
3187 3194 6381
3142 3174 6316
3180 3199 6379
3024 3153 6177
3187 3188 6375
3093 3116 6209
3104 3108 6212
3194 3200 6394
3164 3172 6336
3075 3175 6250
3033 3066 6099
3149 3151 6300
3105 3187 6292
3110 3158 6268
3064 3113 6177
3119 3152 6271
3046 3103 6149
3117 3129 6246
3124 3126 6250
3024 3095 6119
3155 3196 6351
3160 3185 6345
3183 3185 6368
3052 3192 6244
3014 3179 6193
3170 3175 6345
3064 3070 6134
3088 3128 6216
3197 3198 6395
3091 3156 6247
3121 3138 6259
3104 3182 6286
3092 3175 6267
3050 3168 6218
3025 3196 6221
3176 3189 6365
3107 3165 6272
3155 3200 6355
3187 3199 6386
3073 3147 6220
3131 3156 6287
3037 3107 6144
3000 3032 6032
3102 3155 6257
3130 3161 6291
3095 3153 6248
3099 3195 6294
3071 3160 6231
3004 3073 6077
3155 3161 6316
3163 3174 6337
3125 3180 6305
3068 3192 6260
3170 3173 6343
3173 3190 6363
3079 3183 6262
3147 3182 6329
3146 3159 6305
3146 3147 6293
3187 3191 6378
3192 3200 6392
3101 3157 6258
3103 3104 6207
3185 3190 6375
3009 3041 6050
3115 3125 6240
3163 3184 6347
3108 3121 6229
3048 3109 6157
3123 3186 6309
3142 3195 6337
3090 3123 6213
3088 3116 6204
3125 3130 6255
3016 3165 6181
3110 3169 6279
3065 3152 6217
3044 3082 6126
3038 3055 6093
3027 3051 6078
3106 3200 6306
3033 3121 6154
3196 3200 6396
3035 3122 6157
3191 3194 6385
3034 3158 6192
3055 3078 6133
3008 3064 6072
3003 3117 6120
3077 3171 6248
3129 3184 6313
3042 3175 6217
3118 3125 6243
3111 3172 6283
3010 3154 6164
3130 3165 6295
3066 3175 6241
3073 3121 6194
3133 3147 6280
3134 3186 6320
3146 3160 6306
3109 3174 6283
3072 3161 6233
3102 3191 6293
3156 3170 6326
3157 3178 6335
3080 3105 6185
3149 3198 6347
3168 3198 6366
3164 3187 6351
3084 3104 6188
3059 3064 6123
3024 3086 6110
3041 3146 6187
3184 3185 6369
3091 3107 6198
3058 3098 6156
3112 3133 6245
3012 3145 6157
3176 3196 6372
3196 3197 6393
3083 3180 6263
3189 3195 6384
3165 3184 6349
3015 3044 6059
3088 3102 6190
3076 3150 6226
3132 3167 6299
3047 3198 6245
3132 3179 6311
3117 3173 6290
3038 3092 6130
3105 3126 6231
3120 3171 6291
3178 3182 6360
3124 3146 6270
3045 3166 6211
3123 3178 6301
3009 3036 6045
3068 3090 6158
3102 3175 6277
3160 3173 6333
3195 3197 6392
3088 3191 6279
3023 3194 6217
3145 3146 6291
3166 3195 6361
3092 3181 6273
3151 3176 6327
3027 3104 6131
3029 3103 6132
3070 3186 6256
3167 3184 6351
3163 3171 6334
3149 3158 6307
3170 3178 6348
3004 3083 6087
3001 3005 6006
3027 3143 6170
3173 3184 6357
3160 3176 6336
3052 3135 6187
3115 3154 6269
3106 3179 6285
3077 3187 6264
3094 3177 6271
3196 3200 6396
3020 3160 6180
3092 3145 6237
3096 3197 6293
3170 3181 6351
3051 3149 6200
3002 3151 6153
3192 3195 6387
3004 3194 6198
3153 3181 6334
3021 3075 6096
3122 3142 6264
3135 3195 6330
3110 3185 6295
3117 3172 6289
3061 3137 6198
3089 3161 6250
3066 3074 6140
3149 3154 6303
3094 3145 6239
3018 3106 6124
3011 3182 6193
3107 3185 6292
3178 3180 6358
3127 3159 6286
3056 3148 6204
3173 3179 6352
3064 3084 6148
3009 3171 6180
3028 3055 6083
3015 3083 6098
3093 3196 6289
3189 3198 6387
3174 3177 6351
3090 3115 6205
3060 3128 6188
3012 3145 6157
3016 3128 6144
3150 3178 6328
3020 3129 6149
3070 3176 6246
3150 3179 6329
3163 3174 6337
3131 3146 6277
3162 3195 6357
3154 3192 6346
3052 3164 6216
3092 3181 6273
3041 3044 6085
3125 3185 6310
3060 3093 6153
3133 3190 6323
3083 3118 6201
3175 3200 6375
3021 3084 6105
3107 3119 6226
3169 3176 6345
3098 3175 6273
3175 3198 6373
3081 3120 6201
3060 3103 6163
3131 3184 6315
3181 3195 6376
3110 3155 6265
3189 3195 6384
3027 3048 6075
3054 3179 6233
3174 3179 6353
3031 3115 6146
3053 3179 6232
3161 3180 6341
3132 3169 6301
3121 3122 6243
3160 3183 6343
3153 3195 6348
3174 3186 6360
3104 3145 6249
3135 3194 6329
3020 3073 6093
3161 3200 6361
3100 3175 6275
3030 3091 6121
3014 3079 6093
3078 3162 6240
3185 3196 6381
3119 3141 6260
3155 3163 6318
3140 3197 6337
3080 3111 6191
3077 3107 6184
3012 3050 6062
3063 3085 6148
3086 3110 6196
3080 3173 6253
3080 3199 6279
3065 3103 6168
3029 3171 6200
3002 3087 6089
3159 3195 6354
3080 3177 6257
3106 3119 6225
3089 3117 6206
3163 3194 6357
3008 3128 6136
3119 3146 6265
3150 3160 6310
3016 3187 6203
3129 3175 6304
3097 3163 6260
3101 3191 6292
3197 3199 6396
3100 3146 6246
3147 3152 6299
3013 3153 6166
3114 3145 6259
3041 3094 6135
3075 3088 6163
3105 3152 6257
3187 3195 6382
3020 3022 6042
3021 3087 6108
3184 3187 6371
3189 3200 6389
3042 3188 6230
3079 3085 6164
3170 3182 6352
3089 3123 6212
3006 3149 6155
3037 3079 6116
3043 3069 6112
3071 3187 6258
3160 3199 6359
3166 3168 6334
3053 3127 6180
3156 3164 6320
3023 3126 6149
3085 3137 6222
3072 3164 6236
3134 3164 6298
3189 3197 6386
3196 3200 6396
3036 3088 6124
3095 3106 6201
3004 3143 6147
3125 3150 6275
3098 3125 6223
3151 3196 6347
3048 3146 6194
3026 3149 6175
3032 3102 6134
3103 3174 6277
3157 3163 6320
3048 3121 6169
3067 3182 6249
3035 3044 6079
3033 3046 6079
3119 3139 6258
3073 3164 6237
3159 3194 6353
3076 3134 6210
3140 3200 6340
3183 3188 6371
3109 3122 6231
3111 3128 6239
3154 3160 6314
3143 3174 6317
3180 3185 6365
3082 3128 6210
3046 3149 6195
3134 3177 6311
3149 3166 6315
3154 3184 6338
3033 3074 6107
3061 3103 6164
3002 3158 6160
3035 3128 6163
3147 3185 6332
3158 3194 6352
3079 3131 6210
3130 3136 6266
3086 3133 6219
3065 3185 6250
3165 3180 6345
3117 3124 6241
3184 3197 6381
3159 3177 6336
3036 3042 6078
3062 3149 6211
3197 3198 6395
3062 3121 6183
3081 3183 6264
3013 3129 6142
3035 3051 6086
3005 3007 6012
3120 3160 6280
3005 3132 6137
3031 3079 6110
3098 3158 6256
3083 3197 6280
3185 3190 6375
3024 3076 6100
3097 3115 6212
3123 3135 6258
3040 3199 6239
3129 3167 6296
3199 3200 6399
3182 3196 6378
3039 3156 6195
3189 3196 6385
3120 3126 6246
3137 3142 6279
3102 3190 6292
3126 3177 6303
3110 3181 6291
3175 3184 6359
3197 3198 6395
3086 3160 6246
3147 3155 6302
3034 3093 6127
3063 3082 6145
3121 3151 6272
3175 3177 6352
3089 3186 6275
3183 3185 6368
3114 3160 6274
3013 3105 6118
3042 3071 6113
3161 3182 6343
3004 3092 6096
3019 3131 6150
3153 3198 6351
3092 3173 6265
3075 3144 6219
3072 3082 6154
3114 3178 6292
3071 3159 6230
3084 3163 6247
3179 3196 6375
3171 3195 6366
3033 3098 6131
3162 3198 6360
3065 3128 6193
3157 3187 6344
3053 3178 6231
3059 3194 6253
3038 3171 6209
3140 3151 6291
3020 3116 6136
3009 3195 6204
3071 3163 6234
3164 3193 6357
3053 3197 6250
3052 3054 6106
3063 3161 6224
3054 3192 6246
3147 3176 6323
3168 3192 6360
3032 3196 6228
3002 3068 6070
3077 3121 6198
3066 3159 6225
3084 3139 6223
3087 3109 6196
3091 3121 6212
3152 3187 6339
3060 3122 6182
3033 3057 6090
3086 3094 6180
3178 3184 6362
3096 3112 6208
3177 3194 6371
3057 3097 6154
3107 3132 6239
3128 3190 6318
3195 3196 6391
3087 3157 6244
3020 3044 6064
3161 3185 6346
3043 3079 6122
3076 3167 6243
3106 3160 6266
3156 3180 6336
3049 3117 6166
3056 3144 6200
3062 3165 6227
3003 3129 6132
3191 3200 6391
3192 3196 6388
3189 3199 6388
3069 3094 6163
3016 3178 6194
3127 3174 6301
3089 3123 6212
3004 3117 6121
3187 3192 6379
3133 3166 6299
3143 3150 6293
3148 3149 6297
3015 3025 6040
3031 3119 6150
3178 3196 6374
3150 3168 6318
3121 3128 6249
3182 3199 6381
3063 3155 6218
3093 3187 6280
3131 3193 6324
3083 3162 6245
3154 3167 6321
3192 3194 6386
3110 3147 6257
3043 3107 6150
3064 3190 6254
3081 3125 6206
3171 3177 6348
3143 3150 6293
3038 3191 6229
3149 3200 6349
3190 3199 6389
3072 3132 6204
3034 3168 6202
3124 3152 6276
3060 3091 6151
3128 3181 6309
3096 3103 6199
3059 3126 6185
3062 3179 6241
3195 3196 6391
3199 3200 6399
3072 3172 6244
3022 3145 6167
3168 3179 6347
3028 3101 6129
3077 3142 6219
3057 3098 6155
3138 3181 6319
3103 3115 6218
3000 3033 6033
3101 3188 6289
3035 3136 6171
3060 3125 6185
3146 3176 6322
3036 3147 6183
3131 3132 6263
3100 3146 6246
3046 3047 6093
3169 3200 6369
3132 3137 6269
3189 3194 6383
3020 3041 6061
3042 3160 6202
3129 3198 6327
3191 3198 6389
3078 3200 6278
3166 3175 6341
3048 3196 6244
3055 3065 6120
3170 3176 6346
3033 3101 6134
3118 3155 6273
3073 3096 6169
3192 3197 6389
3037 3062 6099
3033 3119 6152
3025 3200 6225
3118 3170 6288
3186 3189 6375
3083 3126 6209
3034 3100 6134
3178 3193 6371
3001 3156 6157
3077 3115 6192
3115 3179 6294
3143 3186 6329
3093 3098 6191
3042 3166 6208
3134 3196 6330
3035 3176 6211
3139 3169 6308
3013 3030 6043
3098 3174 6272
3176 3186 6362
3051 3196 6247
3004 3191 6195
3115 3165 6280
3001 3136 6137
3191 3198 6389
3095 3142 6237
3024 3153 6177
3088 3141 6229
3122 3136 6258
3003 3129 6132
3012 3085 6097
3021 3092 6113
3036 3166 6202
3076 3138 6214
3049 3098 6147
3048 3121 6169
3181 3198 6379
3074 3143 6217
3025 3161 6186
3138 3151 6289
3015 3078 6093
3058 3099 6157
3182 3187 6369
3040 3066 6106
3025 3066 6091
3008 3057 6065
3045 3075 6120
3089 3160 6249
3001 3138 6139
3195 3200 6395
3102 3167 6269
3010 3188 6198
3161 3165 6326
3033 3096 6129
3159 3168 6327
3184 3185 6369
3181 3194 6375
3020 3088 6108
3168 3179 6347
3005 3130 6135
3163 3170 6333
3045 3060 6105
3169 3194 6363
3158 3167 6325
3083 3170 6253
3160 3198 6358
3059 3103 6162
3179 3199 6378
3153 3158 6311
3191 3197 6388
3180 3188 6368
3080 3145 6225
3152 3174 6326
3106 3132 6238
3102 3187 6289
3196 3200 6396
3120 3137 6257
3159 3160 6319
3018 3072 6090
3031 3053 6084
3067 3112 6179
3158 3186 6344
3120 3180 6300
3121 3139 6260
3020 3057 6077
3176 3197 6373
3010 3032 6042
3000 3186 6186
3041 3080 6121
3193 3200 6393
3042 3059 6101
3082 3186 6268
3195 3197 6392
3035 3137 6172
3056 3120 6176
3019 3181 6200
3002 3069 6071
3188 3192 6380
3095 3146 6241
3128 3142 6270
3157 3169 6326
3178 3179 6357
3066 3142 6208
3189 3195 6384
3178 3185 6363
3157 3187 6344
3171 3196 6367
3171 3182 6353
3002 3161 6163
3013 3130 6143
3132 3189 6321
3174 3186 6360
3169 3187 6356
3166 3179 6345
3153 3162 6315
3173 3177 6350
3020 3097 6117
3161 3186 6347
3085 3112 6197
3179 3196 6375
3099 3197 6296
3188 3195 6383
3075 3158 6233
3149 3151 6300
3097 3151 6248
3060 3194 6254
3120 3189 6309
3077 3085 6162
3105 3169 6274
3145 3153 6298
3055 3177 6232
3046 3084 6130
3155 3187 6342
3074 3180 6254
3052 3162 6214
3104 3191 6295
3182 3187 6369
3195 3200 6395
3028 3075 6103
3166 3188 6354
3008 3091 6099
3188 3198 6386
3068 3155 6223
3181 3198 6379
3035 3080 6115
3090 3194 6284
3017 3087 6104
3071 3143 6214
3026 3178 6204
3003 3178 6181
3167 3200 6367
3104 3135 6239
3140 3175 6315
3126 3177 6303
3054 3069 6123
3073 3123 6196
3159 3180 6339
3097 3102 6199
3073 3091 6164
3123 3184 6307
3064 3175 6239
3159 3189 6348
3041 3099 6140
3053 3174 6227
3114 3192 6306
3145 3171 6316
3105 3176 6281
3049 3190 6239
3181 3184 6365
3011 3151 6162
3130 3132 6262
3180 3189 6369
3008 3059 6067
3194 3199 6393
3105 3136 6241
3036 3124 6160
3113 3183 6296
3116 3189 6305
3175 3190 6365
3190 3200 6390
3076 3183 6259
3119 3126 6245
3041 3047 6088
3144 3155 6299

4106 4111 8212
4185 4196 8349
4006 4110 8105
4079 4098 8150
4060 4163 8219
4049 4171 8182
4063 4142 8197
4027 4049 8047
4070 4115 8157
4072 4160 8211
4195 4199 8385
4136 4138 8245
4073 4120 8159
4013 4118 8114
4038 4079 8116
4182 4184 8329
4161 4186 8344
4026 4069 8064
4072 4095 8155
4128 4188 8300
4072 4145 8197
4134 4179 8284
4061 4180 8237
4003 4169 8170
4047 4053 8090
4026 4143 8139
4123 4162 8284
4055 4062 8104
4162 4191 8350
4181 4187 8358
4164 4199 8326
4068 4169 8212
4186 4198 8354
4067 4084 8132
4191 4200 8354
4182 4198 8368
4040 4169 8181
4164 4167 8297
4105 4198 8272
4114 4126 8220
4168 4172 8305
4065 4184 8242
4169 4176 8341
4099 4155 8229
4124 4175 8270
4035 4100 8129
4181 4199 8350
4072 4146 8196
4106 4200 8285
4038 4084 8108
4126 4131 8239
4136 4181 8297
4001 4090 8062
4163 4177 8328
4067 4197 8226
4105 4145 8237
4039 4076 8106
4102 4145 8235
4148 4175 8310
4181 4197 8358
4077 4180 8251
4167 4199 8332
4196 4197 8368
4125 4156 8280
4039 4067 8101
4036 4182 8216
4156 4170 8319
4081 4106 8164
4062 4165 8199
4078 4087 8138
4198 4199 8395
4032 4033 8043
4145 4177 8311
4178 4185 8325
4183 4187 8362
4157 4172 8320
4171 4173 8318
4027 4095 8118
4016 4076 8060
4115 4123 8203
4165 4179 8341
4149 4183 8312
4110 4141 8241
4130 4179 8279
4127 4137 8246
4037 4069 8090
4151 4166 8308
4089 4184 8258
4162 4174 8312
4094 4166 8251
4128 4157 8277
4189 4196 8372
4129 4192 8319
4007 4152 8140
4045 4123 8143
4051 4127 8154
4081 4089 8132
4051 4099 8119
4016 4035 8050
4082 4152 8197
4054 4150 8198
4016 4159 8142
4028 4190 8184
4172 4197 8353
4032 4049 8078
4004 4025 7996
4044 4047 8075
4038 4136 8142
4102 4128 8222
4044 4045 8080
4175 4192 8352
4022 4157 8163
4040 4123 8143
4006 4099 8080
4151 4182 8316
4020 4051 8064
4058 4083 8129
4097 4172 8234
4050 4062 8075
4043 4167 8208
4184 4188 8354
4172 4189 8350
4175 4194 8337
4097 4160 8232
4005 4029 8025
4083 4137 8196
4133 4173 8273
4132 4171 8272
4104 4112 8182
4153 4173 8291
4016 4076 8082
4000 4035 8027
4104 4125 8208
4169 4181 8331
4109 4137 8235
4086 4154 8232
4070 4120 8176
4046 4190 8211
4032 4158 8175
4015 4033 8042
4068 4155 8189
4006 4064 8034
4115 4116 8210
4128 4132 8257
4181 4196 8338
4074 4114 8175
4017 4140 8154
4055 4132 8175
4132 4148 8273
4186 4197 8372
4147 4164 8275
4047 4077 8115
4153 4180 8327
4013 4154 8141
4034 4126 8136
4096 4104 8174
4016 4134 8126
4054 4096 8139
4142 4143 8263
4122 4176 8284
4012 4079 8069
4061 4199 8257
4110 4161 8250
4155 4194 8338
4196 4197 8364
4194 4195 8369
4169 4193 8341
4150 4180 8301
4011 4102 8112
4130 4198 8320
4027 4054 8043
4062 4072 8097
4014 4195 8203
4099 4108 8180
4171 4195 8351
4195 4198 8364
4146 4168 8281
4001 4080 8043
4012 4187 8184
4164 4193 8343
4180 4192 8335
4005 4025 8013
4019 4157 8162
4005 4050 8036
4092 4101 8160
4116 4173 8272
4088 4196 8257
4114 4199 8301
4075 4140 8195
4134 4170 8299
4103 4196 8274
4156 4161 8292
4020 4193 8202
4016 4129 8114
4185 4193 8366
4043 4097 8115
4041 4198 8224
4147 4169 8302
4158 4162 8310
4028 4110 8119
4087 4093 8153
4157 4196 8324
4014 4043 8024
4196 4199 8367
4012 4199 8210
4040 4129 8157
4104 4151 8251
4006 4186 8187
4008 4105 8079
4082 4120 8164
4009 4027 8027
4041 4067 8089
4193 4194 8374
4165 4181 8343
4088 4107 8179
4045 4187 8197
4074 4080 8125
4159 4187 8331
4057 4170 8203
4191 4199 8356
4182 4194 8340
4043 4197 8239
4137 4197 8325
4066 4200 8240
4057 4121 8154
4137 4193 8321
4065 4117 8157
4032 4101 8120
4080 4136 8193
4115 4158 8238
4014 4155 8165
4145 4182 8317
4106 4115 8200
4081 4100 8177
4080 4141 8203
4178 4193 8342
4198 4200 8370
4080 4143 8198
4024 4175 8190
4137 4191 8313
4014 4146 8133
4029 4125 8134
4015 4199 8206
4096 4186 8269
4060 4152 8175
4032 4136 8156
4036 4150 8179
4151 4174 8292
4148 4196 8316
4102 4109 8195
4030 4066 8093
4071 4090 8128
4105 4136 8211
4062 4151 8205
4147 4197 8313
4036 4146 8144
4059 4080 8112
4193 4197 8354
4079 4180 8232
4098 4124 8202
4081 4200 8270
4019 4056 8072
4024 4159 8160
4147 4175 8302
4124 4170 8262
4006 4043 8043
4017 4103 8089
4006 4116 8096
4100 4169 8250
4169 4186 8348
4197 4199 8368
4052 4167 8186
4094 4160 8249
4036 4076 8096
4078 4156 8208
4039 4172 8179
4029 4137 8152
4078 4113 8167
4063 4147 8191
4068 4086 8118
4135 4174 8279
4090 4169 8240
4166 4180 8313
4074 4174 8244
4004 4097 8067
4007 4125 8117
4125 4168 8262
4178 4187 8358
4146 4193 8322
4103 4140 8236
4122 4132 8231
4025 4164 8164
4172 4178 8338
4010 4093 8074
4165 4171 8309
4003 4195 8187
4036 4072 8076
4083 4124 8170
4186 4196 8364
4018 4075 8081
4109 4116 8196
4051 4164 8180
4143 4190 8299
4175 4177 8322
4086 4099 8166
4076 4191 8257
4047 4066 8102
4192 4194 8349
4076 4150 8206
4072 4111 8179
4119 4176 8290
4058 4147 8179
4078 4189 8247
4083 4161 8219
4193 4195 8355
4160 4186 8314
4030 4126 8131
4093 4157 8240
4015 4149 8157
4028 4187 8183
4142 4169 8290
4100 4157 8252
4130 4136 8237
4037 4172 8201
4113 4128 8210
4041 4056 8071
4131 4141 8244
4178 4193 8332
4123 4186 8289
4145 4147 8256
4049 4176 8216
4197 4198 8384
4011 4178 8156
4111 4121 8195
4164 4199 8358
4018 4165 8174
4175 4189 8337
4112 4173 8282
4105 4151 8229
4082 4138 8183
4008 4139 8122
4014 4093 8071
4078 4103 8165
4146 4172 8314
4024 4066 8077
4120 4191 8282
4144 4178 8285
4129 4151 8265
4104 4108 8177
4065 4200 8244
4018 4184 8167
4042 4131 8163
4191 4199 8383
4136 4191 8303
4072 4101 8164
4166 4196 8350
4087 4158 8207
4096 4140 8215
4141 4187 8306
4054 4092 8110
4137 4169 8303
4008 4042 8028
4041 4157 8179
4127 4132 8244
4052 4101 8137
4093 4153 8237
4054 4083 8127
4085 4099 8153
4121 4143 8260
4181 4184 8340
4108 4170 8254
4044 4050 8063
4090 4101 8174
4103 4183 8252
4131 4187 8311
4149 4187 8309
4132 4136 8229
4026 4058 8064
4153 4195 8322
4190 4192 8378
4034 4121 8154
4003 4032 7998
4181 4189 8363
4173 4174 8322
4172 4176 8309
4106 4167 8247
4187 4200 8364
4117 4169 8285
4111 4197 8288
4190 4195 8350
4160 4194 8315
4176 4189 8338
4078 4192 8240
4135 4181 8290
4063 4179 8235
4071 4097 8138
4041 4193 8228
4108 4157 8256
4020 4131 8122
4073 4089 8145
4132 4140 8236
4142 4193 8334
4017 4110 8108
4088 4147 8221
4051 4077 8120
4140 4142 8272
4023 4101 8116
4001 4013 7985
4011 4108 8104
4040 4088 8125
4127 4189 8298
4021 4113 8127
4060 4102 8141
4017 4163 8176
4113 4169 8269
4091 4099 8165
4118 4176 8282
4026 4154 8177
4187 4188 8337
4136 4144 8271
4025 4182 8190
4003 4182 8166
4078 4199 8249
4177 4179 8329
4057 4169 8215
4142 4153 8287
4157 4189 8345
4199 4200 8378
4082 4115 8164
4101 4169 8260
4031 4148 8168
4164 4189 8337
4159 4199 8338
4065 4172 8229
4023 4188 8202
4197 4200 8383
4112 4125 8221
4020 4041 8049
4121 4158 8277
4168 4199 8358
4109 4119 8191
4083 4193 8256
4071 4112 8166
4015 4195 8209
4150 4159 8270
4118 4160 8241
4132 4135 8253
4093 4130 8186
4069 4094 8126
4026 4142 8153
4017 4189 8195
4176 4199 8344
4133 4161 8276
4152 4176 8292
4102 4187 8257
4048 4153 8171
4100 4113 8198
4127 4165 8291
4066 4077 8119
4118 4176 8270
4038 4154 8185
4047 4084 8130
4134 4194 8327
4103 4135 8205
4132 4149 8260
4070 4197 8256
4158 4182 8324
4195 4200 8381
4092 4105 8166
4176 4182 8355
4073 4169 8225
4033 4162 8181
4122 4151 8255
4194 4196 8371
4099 4163 8256
4133 4196 8291
4031 4078 8082
4048 4092 8117
4088 4169 8245
4004 4127 8093
4177 4191 8360
4016 4098 8106
4028 4184 8210
4198 4199 8364
4099 4190 8270
4149 4166 8309
4128 4161 8264
4036 4039 8070
4037 4108 8107
4063 4121 8166
4135 4165 8291
4180 4192 8356
4102 4127 8225
4123 4159 8275
4033 4152 8157
4155 4196 8324
4025 4189 8184
4062 4097 8123
4191 4192 8371
4178 4183 8337
4038 4152 8181
4136 4148 8249
4120 4123 8205
4171 4193 8328
4122 4185 8280
4158 4165 8305
4122 4165 8278
4045 4125 8137
4129 4162 8275
4048 4194 8220
4141 4175 8305
4030 4062 8075
4137 4178 8304
4092 4097 8154
4036 4122 8127
4136 4168 8271
4018 4030 8033
4105 4161 8253
4069 4092 8152
4047 4058 8094
4181 4188 8356
4048 4198 8215
4178 4195 8338
4041 4083 8109
4131 4184 8308
4000 4151 8125
4121 4165 8263
4110 4198 8296
4191 4196 8360
4193 4200 8368
4056 4086 8135
4018 4031 8039
4021 4063 8072
4027 4121 8117
4117 4198 8294
4088 4152 8212
4060 4100 8143
4111 4136 8214
4061 4094 8121
4097 4144 8222
4026 4135 8147
4157 4189 8339
4073 4120 8158
4013 4198 8182
4127 4166 8283
4063 4134 8163
4065 4194 8253
4000 4042 8014
4076 4103 8175
4197 4199 8391
4060 4091 8150
4176 4178 8338
4124 4184 8306
4090 4145 8221
4118 4150 8263
4165 4182 8317
4171 4177 8344
4087 4144 8201
4036 4104 8124
4018 4111 8116
4062 4068 8117
4030 4117 8114
4100 4139 8212
4027 4032 8050
4010 4198 8196
4009 4068 8046
4008 4056 8034
4071 4167 8228
4033 4164 8194
4068 4167 8222
4066 4193 8230
4040 4095 8127
4171 4172 8326
4184 4187 8350
4190 4199 8366
4007 4114 8112
4065 4145 8195
4088 4109 8187
4108 4178 8284
4005 4029 8031
4191 4192 8357
4137 4151 8259
4021 4134 8141
4111 4178 8286
4066 4076 8121
4117 4186 8293
4040 4184 8216
4025 4066 8090
4166 4190 8355
4056 4153 8183
4013 4051 8032
4182 4195 8370
4109 4171 8248
4190 4194 8380
4160 4180 8312
4093 4161 8220
4037 4170 8201
4076 4094 8156
4025 4090 8103
4104 4170 8247
4050 4131 8152
4166 4194 8340
4131 4173 8291
4097 4162 8237
4171 4195 8329
4064 4167 8224
4116 4185 8274
4166 4192 8320
4048 4106 8119
4176 4177 8326
4092 4108 8182
4006 4195 8164
4004 4200 8202
4131 4180 8280
4193 4198 8363
4028 4079 8090
4054 4097 8118
4032 4150 8146
4138 4179 8314
4099 4138 8233
4190 4196 8355
4010 4064 8054
4065 4117 8159
4065 4187 8247
4158 4195 8324
4072 4179 8219
4086 4161 8240
4041 4110 8141
4158 4199 8339
4185 4191 8370
4153 4186 8338
4091 4159 8241
4060 4107 8151
4116 4168 8280
4080 4144 8216
4070 4119 8173
4028 4124 8143
4070 4097 8146
4057 4096 8140
4097 4111 8196
4188 4197 8367
4183 4190 8357
4050 4062 8094
4069 4179 8227
4090 4106 8174
4190 4198 8351
4103 4147 8218
4095 4096 8168
4113 4137 8214
4195 4197 8385
4107 4127 8208
4108 4163 8234
4042 4092 8097
4053 4075 8119
4130 4189 8286
4053 4095 8114
4103 4145 8236
4189 4199 8379
4061 4200 8233
4005 4190 8183
4061 4070 8111
4163 4167 8326
4159 4165 8321
4096 4179 8246
4130 4170 8271
4119 4129 8228
4143 4164 8300
4198 4200 8366
4108 4145 8216
4169 4187 8321
4143 4159 8284
4063 4164 8195
4036 4045 8076
4180 4183 8329
4149 4177 8307
4097 4172 8246
4115 4152 8237
4184 4200 8372
4063 4146 8172
4104 4132 8204
4179 4193 8352
4143 4175 8311
4043 4098 8128
4044 4102 8117
4049 4157 8189
4186 4196 8373
4095 4163 8256
4057 4184 8208
4057 4161 8217
4141 4191 8316
4037 4148 8178
4194 4197 8388
4193 4200 8375
4127 4185 8300
4099 4147 8218
4039 4189 8218
4099 4132 8222
4054 4171 8215
4122 4169 8268
4129 4156 8265
4100 4187 8285
4098 4125 8220
4157 4161 8299
4122 4185 8268
4026 4091 8088
4024 4088 8093
4061 4169 8220
4002 4114 8095
4141 4173 8275
4154 4190 8320
4073 4075 8141
4103 4149 8226
4100 4163 8259
4132 4167 8262
4083 4087 8165
4076 4200 8241
4068 4092 8126
4145 4172 8311
4136 4141 8254
4109 4195 8268
4172 4192 8356
4071 4117 8173
4071 4144 8210
4089 4114 8198
4196 4198 8387
4104 4123 8204
4054 4057 8110
4032 4131 8140
4022 4038 8038
4082 4139 8185
4185 4195 8354
4183 4185 8365
4028 4166 8170
4057 4185 8209
4036 4071 8081
4185 4190 8352
4068 4111 8169
4050 4063 8112
4026 4049 8057
4104 4133 8200
4025 4079 8073
4003 4088 8079
4054 4176 8224
4100 4160 8242
4036 4147 8180
4097 4117 8193
4130 4155 8268
4146 4193 8315
4051 4121 8171
4098 4164 8255
4150 4180 8304
4137 4188 8317
4016 4160 8166
4075 4165 8235
4090 4092 8160
4112 4200 8298
4108 4181 8264
4180 4200 8349
4015 4079 8057
4075 4089 8147
4164 4190 8353
4082 4122 8187
4002 4066 8034
4024 4073 8067
4172 4173 8307
4077 4132 8188
4067 4139 8187
4124 4198 8284
4051 4058 8078
4011 4061 8058
4189 4190 8367
4027 4085 8110
4151 4159 8287
4036 4175 8197
4046 4179 8222
4023 4060 8047
4123 4164 8258
4191 4195 8347
4024 4103 8093
4168 4189 8352
4077 4084 8157
4139 4146 8271
4184 4187 8345
4053 4081 8131
4132 4157 8255
4131 4171 8281
4087 4139 8220
4129 4175 8272
4162 4189 8332
4139 4152 8280
4135 4198 8331
4129 4161 8257
4101 4155 8243
4015 4112 8089
4087 4182 8256
4052 4058 8082
4044 4193 8220
4126 4186 8285
4090 4091 8179
4131 4180 8306

0.010000 0.730000
