900
2295184
3141 3182 6323
3037 3095 6132
3084 3106 6190
3174 3186 6360
3192 3194 6386
3163 3168 6331
3042 3187 6229
3141 3147 6288
3036 3078 6114
3124 3191 6315
3041 3043 6084
3152 3164 6316
3140 3170 6310
3042 3125 6167
3171 3172 6343
3162 3179 6341
3102 3128 6230
3088 3197 6285
3131 3177 6308
3086 3120 6206
3029 3115 6144
3153 3198 6351
3106 3171 6277
3163 3175 6338
3005 3197 6202
3048 3171 6219
3016 3051 6067
3134 3167 6301
3186 3199 6385
3122 3180 6302
3060 3073 6133
3012 3092 6104
3026 3143 6169
3145 3167 6312
3031 3097 6128
3111 3162 6273
3180 3189 6369
3042 3183 6225
3061 3162 6223
3080 3200 6280
3096 3099 6195
3121 3130 6251
3157 3190 6347
3086 3134 6220
3072 3168 6240
3147 3195 6342
3067 3124 6191
3101 3110 6211
3159 3187 6346
3043 3110 6153
3003 3089 6092
3074 3109 6183
3184 3194 6378
3104 3195 6299
3176 3187 6363
3102 3104 6206
3042 3115 6157
3007 3191 6198
3062 3166 6228
3168 3187 6355
3003 3099 6102
3148 3170 6318
3108 3168 6276
3183 3200 6383
3001 3135 6136
3055 3090 6145
3189 3197 6386
3016 3085 6101
3072 3166 6238
3196 3198 6394
3001 3123 6124
3149 3175 6324
3121 3167 6288
3074 3173 6247
3151 3198 6349
3142 3152 6294
3063 3168 6231
3104 3105 6209
3053 3087 6140
3139 3152 6291
3087 3122 6209
3196 3200 6396
3059 3081 6140
3122 3124 6246
3048 3176 6224
3118 3196 6314
3076 3154 6230
3054 3196 6250
3137 3160 6297
3164 3172 6336
3046 3068 6114
3193 3194 6387
3034 3055 6089
3175 3182 6357
3131 3150 6281
3178 3185 6363
3165 3186 6351
3117 3184 6301
3024 3185 6209
3153 3167 6320
3198 3200 6398
3016 3146 6162
3110 3146 6256
3090 3157 6247
3096 3168 6264
3119 3125 6244
3055 3153 6208
3096 3147 6243
3105 3195 6300
3090 3175 6265
3155 3171 6326
3060 3196 6256
3112 3184 6296
3131 3132 6263
3123 3135 6258
3174 3176 6350
3005 3152 6157
3043 3117 6160
3133 3190 6323
3035 3087 6122
3154 3156 6310
3106 3137 6243
3176 3185 6361
3047 3086 6133
3081 3148 6229
3187 3194 6381
3122 3199 6321
3068 3159 6227
3109 3117 6226
3014 3150 6164
3024 3190 6214
3146 3200 6346
3028 3143 6171
3015 3145 6160
3069 3192 6261
3129 3190 6319
3164 3184 6348
3055 3063 6118
3022 3094 6116
3117 3129 6246
3102 3150 6252
3097 3117 6214
3068 3117 6185
3025 3066 6091
3088 3142 6230
3127 3176 6303
3076 3172 6248
3030 3126 6156
3183 3194 6377
3182 3200 6382
3083 3138 6221
3005 3108 6113
3084 3175 6259
3183 3199 6382
3117 3143 6260
3091 3124 6215
3118 3159 6277
3182 3183 6365
3144 3196 6340
3100 3121 6221
3184 3198 6382
3056 3172 6228
3155 3157 6312
3075 3156 6231
3115 3156 6271
3016 3115 6131
3197 3199 6396
3056 3145 6201
3063 3138 6201
3186 3194 6380
3123 3199 6322
3059 3143 6202
3069 3167 6236
3164 3195 6359
3193 3198 6391
3032 3131 6163
3001 3196 6197
3065 3171 6236
3180 3200 6380
3051 3104 6155
3054 3197 6251
3015 3171 6186
3063 3144 6207
3060 3138 6198
3113 3160 6273
3179 3182 6361
3180 3194 6374
3078 3133 6211
3034 3070 6104
3147 3160 6307
3165 3175 6340
3196 3199 6395
3103 3192 6295
3060 3166 6226
3147 3148 6295
3077 3088 6165
3019 3054 6073
3060 3076 6136
3014 3124 6138
3041 3103 6144
3159 3176 6335
3146 3199 6345
3118 3126 6244
3004 3023 6027
3136 3153 6289
3052 3172 6224
3129 3179 6308
3058 3173 6231
3025 3062 6087
3088 3101 6189
3053 3122 6175
3051 3114 6165
3169 3188 6357
3143 3175 6318
3112 3136 6248
3073 3162 6235
3119 3131 6250
3143 3154 6297
3038 3081 6119
3150 3156 6306
3028 3110 6138
3144 3198 6342
3154 3170 6324
3083 3102 6185
3010 3091 6101
3033 3043 6076
3040 3094 6134
3078 3161 6239
3180 3191 6371
3002 3004 6006
3049 3113 6162
3195 3196 6391
3181 3200 6381
3196 3197 6393
3120 3196 6316
3022 3142 6164
3005 3118 6123
3064 3160 6224
3116 3157 6273
3151 3198 6349
3032 3177 6209
3109 3154 6263
3135 3184 6319
3103 3127 6230
3025 3043 6068
3046 3127 6173
3006 3088 6094
3122 3142 6264
3047 3093 6140
3059 3073 6132
3041 3152 6193
3141 3185 6326
3046 3168 6214
3021 3157 6178
3117 3140 6257
3097 3133 6230
3073 3114 6187
3023 3046 6069
3000 3150 6150
3199 3200 6399
3117 3148 6265
3083 3169 6252
3125 3193 6318
3198 3200 6398
3185 3193 6378
3139 3179 6318
3024 3142 6166
3043 3165 6208
3197 3200 6397
3057 3058 6115
3027 3143 6170
3032 3181 6213
3160 3200 6360
3072 3096 6168
3081 3161 6242
3039 3061 6100
3062 3195 6257
3019 3153 6172
3026 3034 6060
3128 3199 6327
3033 3037 6070
3038 3113 6151
3135 3173 6308
3041 3137 6178
3110 3183 6293
3108 3140 6248
3065 3186 6251
3014 3173 6187
3091 3124 6215
3104 3199 6303
3077 3121 6198
3017 3164 6181
3128 3181 6309
3055 3200 6255
3010 3130 6140
3042 3089 6131
3155 3179 6334
3069 3072 6141
3182 3188 6370
3185 3198 6383
3136 3165 6301
3166 3188 6354
3140 3173 6313
3099 3116 6215
3136 3200 6336
3184 3188 6372
3067 3167 6234
3180 3186 6366
3032 3136 6168
3143 3169 6312
3187 3199 6386
3020 3121 6141
3109 3153 6262
3160 3164 6324
3080 3082 6162
3132 3172 6304
3022 3054 6076
3114 3158 6272
3075 3151 6226
3050 3184 6234
3090 3143 6233
3017 3193 6210
3142 3149 6291
3194 3198 6392
3083 3151 6234
3189 3199 6388
3105 3139 6244
3191 3196 6387
3003 3112 6115
3082 3141 6223
3034 3101 6135
3194 3196 6390
3165 3183 6348
3112 3140 6252
3106 3195 6301
3154 3184 6338
3015 3048 6063
3054 3156 6210
3093 3199 6292
3004 3198 6202
3030 3093 6123
3178 3184 6362
3041 3050 6091
3196 3200 6396
3066 3099 6165
3139 3160 6299
3123 3140 6263
3085 3133 6218
3092 3142 6234
3170 3179 6349
3133 3170 6303
3029 3160 6189
3124 3129 6253
3173 3182 6355
3052 3103 6155
3092 3160 6252
3039 3097 6136
3038 3186 6224
3144 3174 6318
3149 3186 6335
3168 3194 6362
3139 3190 6329
3069 3149 6218
3069 3188 6257
3134 3139 6273
3031 3098 6129
3170 3192 6362
3075 3145 6220
3118 3194 6312
3089 3198 6287
3040 3121 6161
3113 3127 6240
3002 3199 6201
3066 3108 6174
3044 3195 6239
3034 3148 6182
3193 3194 6387
3117 3127 6244
3064 3192 6256
3164 3178 6342
3177 3185 6362
3049 3167 6216
3054 3079 6133
3015 3176 6191
3042 3105 6147
3074 3170 6244
3182 3184 6366
3021 3191 6212
3124 3156 6280
3033 3099 6132
3138 3141 6279
3196 3197 6393
3155 3184 6339
3000 3005 6005
3198 3200 6398
3034 3068 6102
3105 3177 6282
3106 3116 6222
3190 3199 6389
3048 3086 6134
3189 3194 6383
3193 3194 6387
3179 3182 6361
3033 3068 6101
3130 3143 6273
3034 3146 6180
3157 3173 6330
3181 3187 6368
3075 3138 6213
3038 3081 6119
3191 3197 6388
3120 3144 6264
3180 3198 6378
3146 3183 6329
3030 3134 6164
3048 3154 6202
3188 3194 6382
3128 3199 6327
3196 3200 6396
3023 3138 6161
3081 3196 6277
3127 3192 6319
3028 3156 6184
3084 3149 6233
3060 3163 6223
3160 3185 6345
3086 3132 6218
3137 3169 6306
3087 3170 6257
3170 3172 6342
3021 3105 6126
3064 3103 6167
3172 3194 6366
3008 3103 6111
3166 3199 6365
3150 3192 6342
3015 3101 6116
3056 3066 6122
3139 3186 6325
3060 3085 6145
3085 3098 6183
3143 3195 6338
3144 3186 6330
3099 3111 6210
3015 3099 6114
3099 3144 6243
3150 3188 6338
3040 3082 6122
3033 3080 6113
3072 3195 6267
3110 3147 6257
3024 3131 6155
3064 3181 6245
3151 3200 6351
3128 3159 6287
3174 3196 6370
3139 3177 6316
3108 3139 6247
3116 3194 6310
3186 3194 6380
3032 3068 6100
3070 3102 6172
3191 3199 6390
3155 3156 6311
3066 3181 6247
3068 3116 6184
3177 3196 6373
3103 3144 6247
3065 3133 6198
3189 3193 6382
3023 3078 6101
3137 3167 6304
3066 3137 6203
3007 3098 6105
3052 3117 6169
3068 3086 6154
3104 3152 6256
3132 3137 6269
3045 3050 6095
3144 3172 6316
3179 3199 6378
3042 3135 6177
3061 3127 6188
3146 3200 6346
3071 3133 6204
3154 3169 6323
3189 3190 6379
3032 3095 6127
3048 3053 6101
3067 3168 6235
3056 3136 6192
3109 3138 6247
3004 3132 6136
3007 3127 6134
3029 3105 6134
3128 3198 6326
3072 3165 6237
3109 3125 6234
3141 3170 6311
3156 3162 6318
3199 3200 6399
3072 3132 6204
3143 3189 6332
3115 3142 6257
3049 3102 6151
3071 3074 6145
3027 3171 6198
3051 3157 6208
3120 3134 6254
3118 3145 6263
3011 3108 6119
3086 3164 6250
3152 3157 6309
3141 3149 6290
3136 3147 6283
3132 3181 6313
3111 3119 6230
3199 3200 6399
3131 3193 6324
3067 3097 6164
3098 3120 6218
3030 3105 6135
3066 3181 6247
3026 3170 6196
3042 3055 6097
3092 3132 6224
3134 3183 6317
3033 3058 6091
3047 3166 6213
3068 3160 6228
3042 3087 6129
3101 3200 6301
3019 3163 6182
3026 3155 6181
3006 3184 6190
3138 3166 6304
3097 3152 6249
3007 3145 6152
3067 3128 6195
3033 3134 6167
3007 3182 6189
3145 3183 6328
3017 3196 6213
3067 3088 6155
3145 3174 6319
3170 3186 6356
3079 3105 6184
3014 3140 6154
3040 3128 6168
3031 3189 6220
3075 3090 6165
3128 3129 6257
3034 3138 6172
3116 3186 6302
3019 3118 6137
3049 3117 6166
3003 3031 6034
3022 3121 6143
3010 3086 6096
3021 3104 6125
3013 3168 6181
3145 3178 6323
3078 3154 6232
3113 3127 6240
3067 3073 6140
3186 3199 6385
3049 3051 6100
3094 3195 6289
3099 3165 6264
3150 3179 6329
3126 3145 6271
3084 3197 6281
3093 3103 6196
3116 3147 6263
3134 3142 6276
3096 3173 6269
3006 3112 6118
3096 3133 6229
3019 3190 6209
3120 3127 6247
3090 3124 6214
3146 3198 6344
3148 3164 6312
3037 3155 6192
3193 3196 6389
3046 3175 6221
3114 3173 6287
3146 3164 6310
3152 3192 6344
3140 3192 6332
3162 3198 6360
3156 3176 6332
3082 3090 6172
3139 3170 6309
3075 3185 6260
3066 3117 6183
3000 3113 6113
3009 3143 6152
3186 3197 6383
3007 3115 6122
3007 3187 6194
3141 3173 6314
3011 3084 6095
3069 3185 6254
3081 3085 6166
3016 3028 6044
3034 3081 6115
3155 3180 6335
3015 3148 6163
3184 3194 6378
3035 3115 6150
3130 3191 6321
3172 3181 6353
3119 3179 6298
3079 3125 6204
3156 3198 6354
3172 3189 6361
3108 3137 6245
3199 3200 6399
3077 3078 6155
3094 3123 6217
3008 3119 6127
3101 3124 6225
3006 3112 6118
3168 3184 6352
3114 3172 6286
3040 3171 6211
3087 3160 6247
3082 3100 6182
3126 3161 6287
3096 3097 6193
3077 3110 6187
3101 3158 6259
3147 3165 6312
3115 3176 6291
3076 3148 6224
3021 3039 6060
3180 3188 6368
3198 3199 6397
3102 3175 6277
3179 3184 6363
3066 3178 6244
3199 3200 6399
3084 3167 6251
3143 3190 6333
3079 3094 6173
3066 3163 6229
3092 3183 6275
3134 3174 6308
3085 3095 6180
3043 3066 6109
3123 3179 6302
3056 3170 6226
3199 3200 6399
3035 3043 6078
3116 3143 6259
3005 3056 6061
3104 3167 6271
3102 3123 6225
3193 3200 6393
3193 3200 6393
3090 3109 6199
3163 3178 6341
3080 3093 6173
3189 3193 6382
3169 3189 6358
3149 3193 6342
3050 3073 6123
3039 3135 6174
3025 3067 6092
3137 3142 6279
3064 3127 6191
3036 3159 6195
3173 3174 6347
3096 3143 6239
3078 3173 6251
3035 3066 6101
3033 3147 6180
3079 3138 6217
3052 3138 6190
3134 3200 6334
3129 3175 6304
3101 3161 6262
3026 3116 6142
3133 3149 6282
3107 3198 6305
3117 3143 6260
3068 3091 6159
3131 3173 6304
3002 3009 6011
3139 3182 6321
3126 3181 6307
3020 3116 6136
3133 3195 6328
3076 3086 6162
3064 3109 6173
3038 3046 6084
3143 3176 6319
3145 3162 6307
3157 3179 6336
3072 3150 6222
3183 3187 6370
3067 3100 6167
3081 3147 6228
3080 3149 6229
3065 3118 6183
3069 3078 6147
3000 3103 6103
3160 3175 6335
3038 3062 6100
3189 3194 6383
3158 3175 6333
3019 3194 6213
3058 3192 6250
3149 3180 6329
3148 3192 6340
3036 3096 6132
3172 3195 6367
3129 3195 6324
3119 3169 6288
3136 3180 6316
3107 3197 6304
3090 3170 6260
3151 3161 6312
3069 3146 6215
3070 3101 6171
3122 3157 6279
3150 3176 6326
3113 3186 6299
3132 3141 6273
3087 3181 6268
3127 3143 6270
3103 3187 6290
3037 3112 6149
3045 3118 6163
3128 3166 6294
3104 3140 6244
3040 3070 6110
3078 3098 6176
3163 3184 6347
3110 3163 6273
3133 3164 6297
3005 3135 6140
3033 3187 6220
3134 3194 6328
3117 3154 6271
3148 3180 6328
3079 3150 6229
3022 3042 6064
3081 3123 6204
3162 3195 6357
3037 3198 6235
3045 3182 6227
3177 3196 6373
3072 3078 6150
3092 3192 6284
3114 3195 6309
3166 3183 6349
3061 3135 6196
3000 3127 6127
3174 3194 6368
3168 3188 6356
3016 3189 6205
3174 3187 6361
3030 3084 6114
3115 3141 6256
3189 3193 6382
3127 3146 6273
3027 3154 6181
3023 3189 6212
3172 3191 6363
3165 3197 6362
3085 3110 6195
3007 3030 6037
3038 3102 6140
3045 3153 6198
3055 3124 6179
3125 3187 6312
3081 3190 6271
3197 3200 6397
3091 3093 6184
3043 3146 6189
3005 3118 6123
3159 3176 6335
3105 3174 6279
3140 3179 6319
3095 3163 6258
3166 3173 6339
3148 3186 6334
3164 3196 6360
3125 3180 6305
3120 3177 6297
3173 3188 6361
3084 3140 6224
3155 3189 6344
3140 3176 6316
3187 3191 6378
3098 3182 6280
3198 3199 6397
3069 3182 6251
3099 3200 6299
3008 3036 6044
3182 3192 6374
3135 3200 6335
3196 3200 6396
3132 3186 6318
3168 3169 6337
3002 3077 6079
3014 3058 6072
3192 3200 6392
3148 3161 6309
3004 3051 6055
3155 3174 6329
3042 3174 6216
3020 3035 6055
3131 3155 6286
3166 3188 6354
3189 3199 6388
3150 3161 6311
3171 3192 6363
3139 3145 6284
3097 3120 6217
3011 3164 6175
3084 3136 6220
3126 3149 6275
3008 3077 6085
3048 3136 6184
3055 3116 6171
3064 3080 6144
3082 3101 6183
3029 3150 6179
3154 3176 6330
3126 3183 6309
3187 3188 6375
3164 3180 6344
3122 3189 6311
3172 3178 6350
3027 3058 6085
3180 3189 6369
3048 3182 6230
3138 3172 6310
3198 3199 6397
3037 3169 6206
3094 3100 6194
3102 3153 6255
3149 3192 6341
3070 3199 6269
3075 3158 6233
3066 3176 6242
3180 3189 6369
3053 3090 6143
3108 3141 6249
3134 3168 6302
3172 3185 6357
3191 3198 6389
3046 3048 6094
3040 3074 6114
3035 3064 6099
3128 3156 6284
3177 3198 6375
3051 3150 6201
3010 3143 6153
3084 3127 6211
3022 3173 6195
3118 3162 6280
3016 3144 6160
3190 3199 6389
3164 3190 6354
3045 3171 6216
3093 3118 6211
3129 3184 6313
3175 3178 6353
3189 3191 6380
3088 3199 6287
3189 3196 6385
3018 3071 6089
3067 3162 6229
3180 3198 6378
3124 3161 6285
3149 3198 6347
3174 3180 6354
3072 3077 6149
3037 3149 6186
3026 3129 6155
3158 3163 6321
3086 3099 6185
3167 3182 6349
3196 3197 6393
3157 3159 6316
3126 3130 6256
3178 3182 6360
3049 3133 6182
3093 3167 6260
3107 3143 6250
3098 3111 6209
3089 3135 6224
3001 3104 6105
3054 3076 6130
3189 3200 6389
3063 3126 6189

4050 4186 8203
4159 4172 8323
4039 4057 8086
4099 4154 8222
4192 4194 8361
4090 4096 8159
4164 4171 8298
4170 4178 8320
4160 4161 8300
4163 4184 8338
4168 4180 8335
4000 4103 8066
4064 4161 8212
4095 4098 8189
4003 4191 8160
4114 4153 8248
4178 4188 8349
4004 4037 8040
4061 4073 8113
4044 4081 8095
4174 4198 8366
4055 4125 8168
4153 4183 8300
4096 4176 8254
4013 4094 8091
4043 4069 8098
4109 4175 8273
4147 4158 8270
4023 4122 8135
4108 4161 8231
4177 4192 8354
4001 4153 8118
4031 4139 8147
4085 4170 8236
4157 4175 8317
4130 4135 8242
4101 4180 8243
4166 4180 8334
4096 4131 8213
4140 4152 8280
4068 4081 8134
4010 4083 8086
4150 4190 8337
4002 4063 8035
4076 4153 8224
4079 4088 8150
4000 4086 8074
4093 4173 8237
4034 4117 8143
4094 4098 8162
4050 4117 8133
4001 4155 8151
4150 4178 8291
4173 4177 8314
4040 4166 8171
4171 4185 8344
4045 4124 8165
4051 4077 8112
4018 4151 8137
4041 4093 8103
4071 4153 8217
4044 4149 8175
4026 4184 8191
4010 4037 8037
4020 4105 8093
4061 4168 8206
4018 4171 8181
4199 4200 8390
4146 4189 8307
4153 4170 8319
4067 4080 8134
4170 4172 8337
4001 4066 8056
4036 4179 8192
4187 4199 8363
4061 4166 8203
4139 4197 8323
4144 4145 8272
4111 4154 8227
4141 4168 8298
4117 4173 8266
4126 4194 8286
4033 4098 8100
4137 4151 8267
4019 4132 8121
4031 4071 8065
4138 4155 8258
4013 4084 8071
4058 4114 8154
4091 4161 8240
4131 4170 8296
4188 4195 8348
4111 4199 8290
4104 4133 8222
4120 4181 8299
4196 4198 8363
4056 4097 8149
4199 4200 8361
4014 4051 8061
4011 4035 8015
4000 4134 8115
4083 4122 8191
4038 4045 8046
4051 4072 8090
4129 4197 8317
4035 4065 8088
4057 4118 8137
4089 4148 8200
4052 4069 8084
4178 4179 8340
4142 4150 8267
4076 4139 8212
4052 4114 8150
4157 4198 8321
4130 4186 8278
4123 4144 8228
4092 4197 8288
4028 4197 8218
4127 4170 8286
4151 4184 8324
4085 4117 8170
4179 4197 8363
4136 4159 8264
4187 4193 8341
4060 4142 8165
4195 4200 8384
4003 4116 8117
4057 4109 8156
4011 4050 8048
4100 4168 8233
4159 4184 8336
4014 4058 8050
4119 4171 8261
4125 4199 8305
4143 4196 8317
4144 4156 8261
4185 4200 8346
4183 4196 8378
4127 4168 8289
4006 4198 8176
4192 4193 8366
4102 4130 8226
4110 4149 8230
4104 4161 8234
4159 4194 8349
4193 4194 8363
4085 4198 8260
4017 4019 8019
4034 4044 8074
4100 4134 8229
4127 4186 8288
4137 4142 8256
4030 4196 8206
4084 4176 8251
4081 4190 8253
4015 4131 8128
4025 4053 8059
4154 4168 8316
4163 4179 8336
4015 4159 8169
4159 4182 8312
4083 4196 8248
4094 4117 8192
4032 4091 8109
4038 4121 8139
4182 4190 8341
4056 4174 8223
4097 4186 8254
4036 4171 8194
4039 4157 8161
4157 4199 8344
4044 4047 8081
4055 4059 8088
4011 4073 8060
4104 4121 8190
4098 4111 8200
4157 4182 8315
4068 4153 8189
4034 4166 8175
4113 4136 8241
4020 4169 8170
4120 4122 8223
4002 4067 8048
4155 4157 8275
4156 4161 8307
4028 4184 8202
4133 4148 8255
4160 4185 8326
4124 4198 8310
4095 4125 8196
4024 4070 8065
4087 4146 8218
4033 4128 8148
4188 4193 8372
4115 4135 8231
4136 4160 8286
4110 4120 8206
4094 4101 8185
4127 4140 8228
4157 4158 8283
4048 4196 8237
4051 4136 8155
4059 4073 8118
4082 4136 8217
4184 4195 8348
4097 4181 8274
4018 4160 8146
4154 4194 8341
4102 4196 8282
4030 4108 8121
4001 4058 8030
4188 4198 8369
4179 4189 8346
4063 4199 8255
4152 4185 8313
4013 4097 8090
4064 4170 8212
4022 4183 8198
4023 4172 8165
4190 4199 8369
4125 4154 8254
4097 4137 8203
4122 4131 8241
4121 4167 8271
4172 4195 8335
4007 4174 8178
4110 4196 8275
4008 4089 8088
4070 4190 8258
4174 4191 8337
4046 4051 8059
4166 4169 8329
4085 4131 8187
4091 4174 8249
4009 4156 8150
4042 4095 8105
4172 4192 8359
4097 4122 8209
4094 4113 8203
4136 4189 8322
4011 4140 8148
4045 4088 8130
4171 4196 8338
4065 4163 8197
4087 4100 8182
4009 4012 7996
4057 4127 8152
4150 4164 8305
4049 4198 8239
4023 4050 8042
4100 4109 8208
4081 4093 8138
4013 4020 8005
4112 4195 8281
4161 4182 8307
4156 4195 8347
4142 4192 8305
4053 4142 8171
4024 4166 8177
4142 4171 8284
4167 4175 8309
4133 4148 8247
4075 4122 8174
4058 4125 8178
4044 4191 8200
4143 4191 8298
4135 4151 8251
4090 4199 8275
4194 4200 8381
4042 4106 8146
4139 4152 8272
4195 4200 8385
4036 4054 8088
4139 4155 8264
4182 4197 8343
4042 4184 8223
4167 4171 8334
4039 4160 8167
4197 4198 8358
4031 4133 8132
4176 4195 8349
4081 4098 8177
4173 4199 8346
4025 4127 8128
4020 4087 8086
4125 4189 8295
4093 4187 8256
4130 4157 8286
4111 4149 8225
4125 4156 8242
4159 4198 8353
4075 4083 8149
4168 4200 8348
4123 4136 8255
4152 4182 8305
4130 4165 8286
4189 4191 8350
4184 4200 8361
4157 4159 8293
4139 4191 8314
4075 4173 8222
4140 4169 8286
4073 4148 8199
4117 4142 8231
4160 4177 8336
4120 4138 8242
4100 4159 8233
4197 4200 8387
4028 4160 8155
4071 4182 8228
4133 4150 8270
4152 4194 8317
4172 4186 8352
4131 4157 8257
4042 4188 8212
4021 4111 8124
4193 4200 8358
4127 4130 8240
4038 4092 8110
4105 4173 8264
4112 4160 8235
4040 4179 8202
4109 4173 8244
4159 4169 8326
4186 4196 8347
4097 4183 8262
4156 4175 8295
4174 4184 8337
4015 4026 8015
4142 4197 8328
4156 4186 8333
4012 4114 8120
4118 4156 8241
4064 4157 8204
4087 4194 8271
4012 4173 8167
4064 4103 8145
4114 4127 8236
4011 4049 8044
4052 4160 8203
4157 4185 8316
4028 4163 8156
4095 4160 8217
4001 4162 8144
4134 4149 8265
4093 4167 8251
4163 4193 8341
4182 4194 8363
4132 4142 8240
4078 4087 8157
4125 4133 8225
4106 4161 8246
4009 4057 8031
4036 4155 8188
4088 4119 8171
4185 4196 8372
4189 4196 8379
4077 4079 8150
4071 4198 8247
4078 4161 8234
4147 4173 8302
4095 4131 8224
4098 4163 8247
4111 4114 8224
4148 4193 8311
4093 4169 8233
4183 4194 8372
4153 4192 8339
4163 4187 8318
4171 4200 8334
4029 4113 8134
4005 4084 8064
4195 4197 8363
4099 4181 8260
4188 4195 8350
4130 4187 8295
4022 4075 8088
4008 4143 8138
4185 4193 8361
4132 4165 8270
4015 4119 8109
4074 4154 8222
4192 4200 8389
4189 4200 8383
4033 4096 8114
4139 4195 8296
4138 4188 8292
4163 4177 8303
4152 4158 8303
4058 4071 8110
4057 4194 8228
4154 4163 8305
4080 4102 8151
4181 4191 8364
4008 4097 8085
4082 4103 8160
4069 4182 8249
4107 4188 8259
4000 4075 8053
4108 4191 8296
4138 4191 8310
4026 4031 8027
4056 4151 8191
4104 4147 8217
4093 4114 8189
4014 4177 8165
4093 4128 8195
4050 4124 8145
4091 4151 8228
4003 4175 8165
4042 4068 8074
4007 4156 8159
4071 4155 8195
4180 4186 8328
4049 4188 8221
4034 4150 8183
4112 4132 8243
4029 4086 8108
4026 4176 8188
4075 4182 8222
4172 4200 8350
4101 4146 8217
4114 4195 8293
4113 4145 8255
4071 4085 8155
4183 4195 8359
4007 4089 8081
4182 4199 8357
4000 4059 8026
4059 4093 8117
4186 4198 8347
4172 4199 8349
4133 4159 8270
4000 4155 8130
4118 4152 8244
4071 4175 8209
4188 4196 8349
4036 4169 8179
4096 4196 8281
4035 4171 8179
4069 4083 8140
4159 4172 8330
4000 4036 8026
4086 4191 8270
4079 4176 8248
4068 4071 8109
4046 4176 8203
4184 4195 8356
4112 4187 8279
4032 4098 8101
4103 4200 8268
4082 4104 8178
4192 4199 8356
4072 4123 8182
4082 4164 8214
4092 4096 8165
4111 4166 8250
4110 4153 8260
4197 4198 8393
4115 4169 8257
4141 4187 8302
4068 4108 8155
4029 4146 8149
4003 4120 8115
4195 4197 8371
4100 4198 8269
4134 4147 8268
4072 4199 8260
4168 4178 8345
4133 4142 8266
4127 4185 8305
4019 4038 8031
4013 4035 8025
4074 4097 8167
4041 4094 8104
4163 4179 8311
4029 4172 8190
4040 4140 8150
4177 4199 8347
4176 4184 8332
4022 4045 8031
4102 4103 8195
4051 4070 8085
4160 4181 8314
4173 4177 8346
4106 4127 8218
4009 4181 8154
4123 4177 8269
4057 4082 8117
4121 4185 8293
4044 4144 8175
4161 4163 8305
4014 4160 8160
4126 4172 8294
4026 4147 8137
4151 4198 8317
4164 4200 8336
4086 4134 8197
4176 4178 8334
4157 4188 8327
4096 4198 8261
4042 4167 8197
4017 4169 8159
4099 4133 8205
4011 4029 8033
4102 4197 8280
4111 4166 8249
4004 4155 8154
4033 4143 8146
4074 4127 8176
4072 4161 8230
4179 4193 8350
4173 4196 8364
4111 4185 8261
4005 4165 8150
4092 4149 8235
4122 4146 8251
4043 4189 8223
4183 4190 8356
4102 4151 8248
4165 4198 8344
4096 4180 8250
4139 4147 8259
4080 4087 8164
4016 4071 8083
4057 4109 8140
4143 4146 8259
4065 4122 8185
4153 4171 8299
4006 4045 8019
4044 4051 8090
4148 4190 8307
4125 4160 8253
4170 4182 8316
4077 4132 8184
4066 4068 8101
4118 4169 8254
4019 4108 8124
4008 4115 8115
4026 4094 8093
4180 4189 8338
4081 4147 8199
4141 4160 8277
4151 4161 8293
4155 4188 8312
4145 4149 8257
4061 4180 8219
4176 4185 8340
4064 4172 8198
4124 4198 8286
4068 4130 8175
4149 4169 8302
4154 4175 8291
4035 4122 8155
4089 4161 8235
4007 4063 8059
4030 4119 8128
4062 4160 8195
4125 4163 8271
4153 4188 8330
4002 4023 7988
4093 4107 8190
4194 4196 8369
4046 4187 8232
4086 4158 8242
4126 4134 8256
4189 4190 8370
4074 4134 8182
4055 4117 8171
4079 4144 8208
4126 4160 8250
4189 4195 8367
4046 4109 8138
4109 4126 8234
4127 4175 8278
4180 4192 8366
4192 4195 8385
4118 4195 8299
4035 4083 8107
4186 4197 8369
4007 4040 8045
4028 4152 8142
4033 4195 8206
4015 4031 8017
4144 4176 8287
4091 4170 8250
4136 4141 8250
4023 4116 8115
4054 4166 8209
4004 4084 8073
4156 4178 8298
4182 4193 8372
4118 4165 8247
4002 4081 8072
4138 4164 8278
4066 4194 8226
4092 4105 8184
4124 4185 8273
4144 4167 8291
4169 4178 8314
4174 4200 8366
4132 4173 8300
4176 4181 8332
4028 4033 8050
4150 4193 8310
4143 4155 8295
4054 4064 8115
4020 4048 8042
4173 4195 8337
4125 4164 8279
4103 4135 8208
4043 4108 8116
4038 4159 8165
4035 4051 8071
4020 4099 8105
4077 4090 8160
4056 4196 8247
4167 4178 8337
4103 4175 8266
4024 4176 8170
4168 4173 8313
4188 4197 8360
4029 4063 8057
4186 4200 8361
4174 4188 8331
4005 4050 8027
4180 4188 8355
4002 4134 8125
4142 4176 8279
4014 4101 8108
4038 4050 8079
4128 4131 8220
4194 4199 8378
4041 4139 8144
4166 4170 8315
4161 4193 8342
4133 4171 8294
4038 4046 8063
4050 4111 8152
4013 4101 8085
4090 4129 8198
4183 4188 8333
4129 4162 8267
4043 4196 8210
4062 4086 8144
4098 4139 8203
4183 4194 8371
4143 4148 8253
4074 4181 8243
4159 4181 8314
4142 4179 8318
4114 4133 8214
4101 4163 8253
4052 4145 8183
4174 4190 8333
4123 4137 8227
4042 4098 8102
4095 4116 8198
4048 4172 8185
4020 4075 8061
4013 4154 8129
4116 4128 8212
4143 4188 8327
4087 4136 8215
4131 4173 8290
4095 4180 8268
4192 4199 8363
4146 4153 8286
4114 4158 8268
4019 4131 8112
4115 4139 8242
4168 4200 8347
4062 4063 8092
4027 4055 8059
4137 4186 8313
4162 4195 8341
4198 4200 8390
4136 4156 8280
4144 4157 8282
4013 4078 8077
4046 4106 8137
4076 4159 8233
4061 4090 8126
4109 4185 8256
4165 4174 8337
4174 4189 8334
4065 4176 8225
4114 4162 8273
4025 4122 8131
4119 4197 8308
4094 4186 8263
4105 4184 8255
4001 4057 8023
4116 4168 8277
4171 4194 8361
4078 4109 8149
4170 4176 8307
4029 4052 8054
4174 4186 8348
4024 4049 8035
4062 4135 8167
4012 4189 8179
4161 4163 8311
4117 4141 8248
4010 4056 8034
4049 4126 8148
4175 4180 8317
4119 4193 8288
4182 4196 8353
4141 4188 8315
4137 4152 8254
4183 4185 8363
4090 4155 8209
4085 4127 8186
4060 4096 8139
4001 4053 8045
4087 4113 8186
4098 4100 8197
4180 4193 8351
4007 4095 8072
4027 4075 8068
4142 4180 8305
4094 4166 8247
4081 4122 8189
4049 4161 8204
4144 4163 8300
4042 4145 8150
4061 4072 8106
4191 4192 8378
4035 4041 8054
4088 4136 8200
4043 4072 8102
4128 4164 8280
4115 4170 8250
4036 4082 8091
4092 4153 8226
4085 4174 8256
4122 4141 8235
4180 4182 8340
4084 4085 8140
4168 4185 8352
4042 4049 8086
4168 4173 8316
4045 4098 8140
4153 4190 8336
4171 4191 8361
4059 4128 8161
4165 4198 8346
4076 4096 8134
4174 4192 8344
4041 4080 8099
4146 4198 8319
4049 4176 8216
4050 4187 8218
4113 4154 8236
4020 4123 8129
4181 4182 8359
4192 4200 8379
4180 4185 8342
4123 4131 8218
4009 4030 8030
4193 4196 8362
4070 4142 8200
4099 4145 8237
4081 4188 8267
4128 4139 8242
4100 4134 8206
4117 4163 8241
4040 4166 8184
4076 4127 8166
4046 4071 8115
4095 4193 8284
4186 4198 8383
4166 4188 8342
4183 4191 8343
4182 4192 8370
4049 4125 8145
4036 4175 8210
4074 4168 8241
4050 4154 8184
4123 4138 8227
4052 4091 8130
4143 4195 8335
4170 4179 8318
4027 4156 8174
4181 4182 8342
4141 4151 8253
4137 4162 8268
4174 4198 8367
4194 4196 8358
4121 4149 8264
4049 4168 8198
4105 4117 8189
4000 4080 8073
4112 4176 8281
4031 4128 8140
4169 4189 8339
4121 4161 8270
4049 4071 8106
4175 4190 8345
4059 4168 8214
4194 4195 8367
4159 4163 8295
4177 4194 8336
4020 4173 8192
4081 4131 8207
4037 4156 8192
4043 4116 8148
4091 4185 8270
4074 4093 8149
4041 4165 8175
4152 4169 8320
4037 4184 8199
4124 4131 8216
4085 4143 8223
4145 4170 8301
4192 4193 8356
4062 4123 8162
4060 4152 8189
4194 4195 8379
4084 4119 8202
4184 4187 8335
4106 4128 8214
4016 4181 8171
4022 4117 8118
4007 4049 8030
4030 4032 8052
4057 4067 8120
4191 4193 8356
4136 4199 8313
4124 4192 8313
4083 4158 8238
4157 4178 8311
4009 4062 8065
4061 4124 8180
4130 4135 8262
4135 4178 8308
4124 4158 8255
4057 4066 8092
4036 4195 8199
4022 4138 8149
4028 4047 8050
4088 4120 8197
4111 4159 8256
4073 4124 8161
4044 4088 8128
4013 4199 8180
4133 4155 8283
4145 4175 8306
4070 4103 8161
4140 4163 8279
4029 4100 8116
4150 4191 8333
4001 4103 8097
4181 4182 8331
4029 4195 8186
4073 4141 8187
4087 4134 8219
4096 4120 8193
4039 4094 8101
4196 4200 8374
4181 4188 8335
4035 4083 8097
4049 4193 8219
4182 4188 8366
4011 4053 8051
4154 4156 8291
4161 4183 8316
4179 4198 8339
4101 4130 8200
4013 4164 8156
4097 4132 8211
4154 4170 8323
4131 4200 8299
4168 4178 8345
4078 4129 8176
4104 4193 8271
4142 4199 8327
4174 4178 8319
4055 4108 8139
4149 4152 8287
4004 4110 8086
4111 4133 8208
4059 4100 8133
4029 4093 8105
4086 4125 8192
4171 4192 8347
4123 4174 8279
4034 4036 8060
4126 4133 8257
4143 4173 8303
4018 4034 8040
4143 4183 8288
4102 4194 8272
4071 4155 8192
4009 4134 8116
4015 4153 8154
4175 4196 8339
4060 4095 8144
4032 4042 8071

0.010000 0.310000
