900
2444145
3067 3083 6150
3094 3096 6190
3146 3183 6329
3067 3141 6208
3118 3175 6293
3091 3152 6243
3025 3035 6060
3114 3115 6229
3160 3192 6352
3189 3191 6380
3189 3192 6381
3044 3132 6176
3037 3074 6111
3023 3055 6078
3036 3090 6126
3152 3159 6311
3016 3129 6145
3115 3122 6237
3124 3170 6294
3049 3192 6241
3175 3192 6367
3155 3188 6343
3024 3168 6192
3013 3109 6122
3175 3200 6375
3008 3140 6148
3188 3198 6386
3008 3167 6175
3016 3020 6036
3053 3192 6245
3002 3036 6038
3038 3163 6201
3172 3189 6361
3118 3166 6284
3061 3132 6193
3176 3185 6361
3028 3145 6173
3029 3155 6184
3149 3188 6337
3126 3179 6305
3091 3193 6284
3077 3136 6213
3052 3138 6190
3149 3191 6340
3055 3165 6220
3179 3197 6376
3112 3164 6276
3090 3170 6260
3028 3089 6117
3056 3173 6229
3010 3149 6159
3064 3107 6171
3082 3138 6220
3187 3188 6375
3118 3154 6272
3038 3041 6079
3169 3170 6339
3118 3186 6304
3003 3132 6135
3004 3137 6141
3196 3199 6395
3000 3018 6018
3197 3199 6396
3158 3190 6348
3052 3190 6242
3035 3161 6196
3160 3186 6346
3017 3061 6078
3015 3030 6045
3086 3123 6209
3119 3193 6312
3054 3106 6160
3136 3150 6286
3165 3190 6355
3070 3160 6230
3117 3198 6315
3191 3193 6384
3134 3183 6317
3052 3080 6132
3059 3085 6144
3107 3168 6275
3199 3200 6399
3116 3175 6291
3158 3164 6322
3070 3132 6202
3006 3172 6178
3118 3194 6312
3160 3182 6342
3026 3132 6158
3193 3196 6389
3073 3164 6237
3161 3200 6361
3131 3182 6313
3087 3138 6225
3067 3181 6248
3138 3196 6334
3085 3139 6224
3070 3106 6176
3019 3070 6089
3119 3124 6243
3158 3189 6347
3037 3087 6124
3038 3115 6153
3084 3118 6202
3070 3177 6247
3148 3178 6326
3137 3173 6310
3171 3172 6343
3142 3196 6338
3034 3054 6088
3023 3035 6058
3099 3122 6221
3126 3180 6306
3135 3190 6325
3083 3136 6219
3173 3185 6358
3043 3183 6226
3180 3199 6379
3111 3193 6304
3099 3135 6234
3000 3065 6065
3111 3193 6304
3036 3183 6219
3065 3143 6208
3052 3200 6252
3066 3187 6253
3148 3199 6347
3136 3180 6316
3101 3183 6284
3182 3188 6370
3175 3188 6363
3064 3066 6130
3051 3189 6240
3075 3147 6222
3179 3180 6359
3174 3193 6367
3166 3189 6355
3155 3185 6340
3039 3118 6157
3054 3170 6224
3148 3181 6329
3039 3089 6128
3193 3199 6392
3026 3127 6153
3117 3172 6289
3121 3175 6296
3070 3126 6196
3171 3187 6358
3081 3102 6183
3028 3199 6227
3153 3168 6321
3183 3200 6383
3013 3167 6180
3049 3125 6174
3023 3090 6113
3123 3156 6279
3009 3123 6132
3074 3197 6271
3009 3137 6146
3090 3156 6246
3133 3197 6330
3123 3174 6297
3147 3182 6329
3198 3199 6397
3060 3108 6168
3144 3183 6327
3149 3166 6315
3190 3200 6390
3024 3199 6223
3177 3193 6370
3016 3050 6066
3072 3121 6193
3128 3138 6266
3189 3195 6384
3066 3165 6231
3161 3163 6324
3072 3178 6250
3045 3106 6151
3021 3038 6059
3010 3200 6210
3144 3159 6303
3151 3189 6340
3172 3200 6372
3084 3178 6262
3175 3191 6366
3182 3188 6370
3079 3198 6277
3135 3181 6316
3024 3119 6143
3159 3195 6354
3025 3057 6082
3007 3175 6182
3036 3080 6116
3119 3150 6269
3007 3188 6195
3088 3197 6285
3170 3172 6342
3067 3142 6209
3028 3142 6170
3139 3171 6310
3004 3193 6197
3175 3192 6367
3154 3161 6315
3184 3185 6369
3180 3190 6370
3043 3140 6183
3187 3189 6376
3166 3177 6343
3183 3187 6370
3194 3198 6392
3072 3093 6165
3033 3198 6231
3167 3172 6339
3028 3180 6208
3033 3180 6213
3010 3158 6168
3063 3187 6250
3118 3146 6264
3038 3089 6127
3021 3118 6139
3098 3146 6244
3152 3199 6351
3005 3062 6067
3071 3176 6247
3100 3156 6256
3088 3092 6180
3148 3159 6307
3189 3197 6386
3037 3061 6098
3084 3094 6178
3096 3171 6267
3132 3146 6278
3194 3195 6389
3005 3140 6145
3199 3200 6399
3142 3148 6290
3142 3187 6329
3073 3083 6156
3131 3167 6298
3178 3181 6359
3129 3151 6280
3089 3191 6280
3008 3129 6137
3111 3157 6268
3199 3200 6399
3092 3101 6193
3167 3191 6358
3114 3144 6258
3012 3076 6088
3099 3165 6264
3187 3198 6385
3029 3039 6068
3046 3138 6184
3102 3168 6270
3195 3199 6394
3169 3197 6366
3035 3080 6115
3150 3183 6333
3049 3141 6190
3119 3172 6291
3068 3142 6210
3084 3094 6178
3074 3100 6174
3027 3117 6144
3146 3167 6313
3058 3139 6197
3046 3139 6185
3186 3196 6382
3135 3193 6328
3136 3166 6302
3082 3184 6266
3173 3181 6354
3191 3196 6387
3049 3107 6156
3068 3191 6259
3038 3121 6159
3000 3144 6144
3191 3195 6386
3079 3158 6237
3050 3094 6144
3088 3180 6268
3131 3148 6279
3198 3200 6398
3063 3073 6136
3062 3186 6248
3072 3079 6151
3045 3154 6199
3135 3173 6308
3154 3189 6343
3122 3195 6317
3110 3112 6222
3149 3193 6342
3177 3183 6360
3139 3197 6336
3081 3138 6219
3151 3175 6326
3003 3107 6110
3054 3132 6186
3048 3115 6163
3084 3158 6242
3191 3198 6389
3168 3179 6347
3057 3195 6252
3072 3197 6269
3009 3058 6067
3091 3159 6250
3012 3100 6112
3197 3198 6395
3042 3155 6197
3020 3087 6107
3071 3184 6255
3188 3198 6386
3081 3167 6248
3150 3183 6333
3032 3132 6164
3083 3092 6175
3112 3152 6264
3007 3165 6172
3043 3137 6180
3072 3152 6224
3057 3174 6231
3124 3137 6261
3116 3159 6275
3175 3196 6371
3058 3195 6253
3105 3143 6248
3142 3145 6287
3072 3100 6172
3174 3192 6366
3051 3153 6204
3004 3030 6034
3125 3136 6261
3118 3164 6282
3024 3159 6183
3143 3173 6316
3161 3174 6335
3151 3199 6350
3198 3199 6397
3017 3054 6071
3196 3198 6394
3141 3150 6291
3155 3174 6329
3025 3154 6179
3030 3159 6189
3048 3152 6200
3197 3198 6395
3136 3190 6326
3041 3075 6116
3181 3183 6364
3003 3097 6100
3043 3134 6177
3092 3180 6272
3112 3185 6297
3003 3186 6189
3138 3166 6304
3117 3148 6265
3016 3026 6042
3012 3119 6131
3183 3188 6371
3134 3200 6334
3059 3066 6125
3166 3167 6333
3106 3114 6220
3155 3158 6313
3003 3167 6170
3073 3198 6271
3164 3190 6354
3178 3191 6369
3177 3199 6376
3155 3166 6321
3114 3136 6250
3035 3164 6199
3056 3124 6180
3125 3200 6325
3149 3152 6301
3026 3060 6086
3069 3136 6205
3071 3154 6225
3006 3150 6156
3146 3182 6328
3093 3129 6222
3035 3048 6083
3103 3134 6237
3115 3144 6259
3111 3167 6278
3007 3043 6050
3136 3172 6308
3119 3186 6305
3035 3199 6234
3183 3191 6374
3070 3151 6221
3185 3188 6373
3154 3200 6354
3154 3155 6309
3194 3197 6391
3079 3135 6214
3080 3137 6217
3130 3144 6274
3049 3116 6165
3058 3145 6203
3046 3184 6230
3073 3178 6251
3191 3193 6384
3002 3091 6093
3029 3183 6212
3074 3165 6239
3193 3200 6393
3126 3139 6265
3088 3182 6270
3078 3188 6266
3131 3133 6264
3164 3173 6337
3088 3188 6276
3064 3084 6148
3054 3071 6125
3102 3137 6239
3141 3179 6320
3154 3189 6343
3086 3191 6277
3149 3154 6303
3043 3112 6155
3184 3194 6378
3171 3182 6353
3153 3166 6319
3051 3112 6163
3164 3193 6357
3133 3155 6288
3057 3146 6203
3123 3151 6274
3100 3149 6249
3093 3113 6206
3016 3045 6061
3112 3134 6246
3169 3188 6357
3017 3049 6066
3145 3184 6329
3042 3153 6195
3025 3110 6135
3143 3183 6326
3028 3198 6226
3144 3147 6291
3183 3198 6381
3182 3188 6370
3152 3189 6341
3045 3196 6241
3129 3169 6298
3161 3169 6330
3083 3186 6269
3187 3192 6379
3121 3133 6254
3021 3025 6046
3199 3200 6399
3111 3129 6240
3031 3126 6157
3052 3064 6116
3167 3195 6362
3101 3183 6284
3015 3145 6160
3170 3194 6364
3010 3112 6122
3021 3055 6076
3095 3105 6200
3064 3174 6238
3142 3199 6341
3085 3142 6227
3187 3189 6376
3151 3182 6333
3000 3039 6039
3024 3057 6081
3019 3117 6136
3087 3112 6199
3099 3113 6212
3102 3126 6228
3052 3168 6220
3183 3195 6378
3191 3197 6388
3062 3073 6135
3022 3152 6174
3159 3173 6332
3067 3133 6200
3025 3160 6185
3087 3118 6205
3092 3131 6223
3086 3092 6178
3192 3194 6386
3022 3114 6136
3123 3137 6260
3065 3184 6249
3153 3185 6338
3089 3163 6252
3042 3056 6098
3080 3101 6181
3141 3142 6283
3082 3171 6253
3099 3174 6273
3027 3121 6148
3110 3129 6239
3006 3165 6171
3169 3182 6351
3064 3186 6250
3014 3060 6074
3080 3166 6246
3015 3164 6179
3147 3191 6338
3027 3147 6174
3053 3111 6164
3015 3056 6071
3119 3191 6310
3041 3175 6216
3049 3078 6127
3184 3190 6374
3038 3128 6166
3063 3081 6144
3130 3166 6296
3035 3061 6096
3048 3178 6226
3015 3099 6114
3138 3181 6319
3128 3196 6324
3160 3190 6350
3047 3138 6185
3034 3085 6119
3068 3097 6165
3133 3173 6306
3061 3190 6251
3173 3199 6372
3036 3174 6210
3007 3095 6102
3155 3156 6311
3003 3172 6175
3104 3199 6303
3119 3169 6288
3198 3200 6398
3079 3196 6275
3025 3150 6175
3155 3178 6333
3037 3103 6140
3050 3142 6192
3141 3161 6302
3098 3131 6229
3135 3174 6309
3032 3102 6134
3013 3168 6181
3117 3120 6237
3133 3165 6298
3194 3195 6389
3075 3156 6231
3118 3197 6315
3154 3198 6352
3109 3154 6263
3177 3190 6367
3141 3169 6310
3055 3108 6163
3132 3162 6294
3192 3200 6392
3128 3153 6281
3003 3187 6190
3065 3136 6201
3086 3153 6239
3026 3039 6065
3051 3151 6202
3121 3200 6321
3139 3196 6335
3142 3155 6297
3006 3017 6023
3168 3174 6342
3044 3177 6221
3149 3180 6329
3084 3104 6188
3170 3178 6348
3145 3186 6331
3047 3148 6195
3104 3116 6220
3139 3197 6336
3156 3178 6334
3166 3200 6366
3098 3146 6244
3120 3187 6307
3123 3158 6281
3081 3128 6209
3193 3199 6392
3047 3184 6231
3088 3199 6287
3166 3198 6364
3041 3126 6167
3060 3152 6212
3006 3179 6185
3144 3199 6343
3169 3178 6347
3070 3192 6262
3094 3176 6270
3100 3102 6202
3192 3200 6392
3169 3185 6354
3010 3198 6208
3102 3183 6285
3112 3148 6260
3020 3102 6122
3145 3173 6318
3192 3196 6388
3050 3150 6200
3045 3081 6126
3100 3200 6300
3141 3177 6318
3187 3193 6380
3059 3078 6137
3127 3178 6305
3123 3185 6308
3048 3174 6222
3084 3097 6181
3044 3078 6122
3151 3196 6347
3030 3102 6132
3080 3126 6206
3012 3013 6025
3005 3157 6162
3164 3166 6330
3133 3136 6269
3159 3197 6356
3087 3137 6224
3037 3082 6119
3083 3131 6214
3078 3147 6225
3053 3081 6134
3032 3190 6222
3018 3088 6106
3141 3197 6338
3085 3114 6199
3001 3122 6123
3187 3197 6384
3127 3150 6277
3189 3199 6388
3173 3177 6350
3068 3180 6248
3196 3200 6396
3118 3138 6256
3138 3139 6277
3160 3179 6339
3078 3084 6162
3098 3164 6262
3101 3192 6293
3125 3151 6276
3116 3123 6239
3130 3186 6316
3007 3137 6144
3183 3193 6376
3006 3181 6187
3064 3160 6224
3114 3145 6259
3092 3109 6201
3186 3195 6381
3188 3198 6386
3096 3189 6285
3145 3164 6309
3021 3099 6120
3149 3150 6299
3020 3112 6132
3045 3105 6150
3077 3185 6262
3109 3136 6245
3004 3115 6119
3068 3147 6215
3166 3200 6366
3018 3081 6099
3023 3165 6188
3135 3168 6303
3044 3161 6205
3033 3139 6172
3083 3182 6265
3025 3078 6103
3096 3107 6203
3077 3157 6234
3170 3191 6361
3116 3118 6234
3181 3192 6373
3176 3187 6363
3109 3188 6297
3148 3189 6337
3029 3078 6107
3161 3181 6342
3105 3162 6267
3116 3183 6299
3039 3103 6142
3199 3200 6399
3049 3093 6142
3015 3074 6089
3011 3118 6129
3028 3182 6210
3100 3159 6259
3122 3185 6307
3145 3183 6328
3077 3132 6209
3032 3182 6214
3048 3065 6113
3038 3155 6193
3032 3159 6191
3094 3155 6249
3069 3105 6174
3041 3171 6212
3102 3198 6300
3199 3200 6399
3054 3190 6244
3037 3044 6081
3051 3168 6219
3030 3130 6160
3128 3134 6262
3127 3199 6326
3075 3158 6233
3169 3194 6363
3152 3194 6346
3041 3073 6114
3151 3177 6328
3082 3171 6253
3011 3144 6155
3127 3170 6297
3096 3099 6195
3010 3176 6186
3134 3186 6320
3177 3195 6372
3066 3110 6176
3175 3181 6356
3016 3197 6213
3130 3184 6314
3084 3152 6236
3036 3080 6116
3158 3186 6344
3192 3198 6390
3191 3192 6383
3146 3189 6335
3031 3051 6082
3037 3189 6226
3197 3199 6396
3038 3182 6220
3097 3194 6291
3093 3124 6217
3188 3196 6384
3083 3140 6223
3066 3151 6217
3128 3175 6303
3066 3150 6216
3160 3167 6327
3083 3144 6227
3074 3199 6273
3066 3078 6144
3084 3104 6188
3121 3168 6289
3009 3158 6167
3047 3100 6147
3169 3176 6345
3126 3198 6324
3078 3178 6256
3120 3164 6284
3183 3184 6367
3199 3200 6399
3167 3185 6352
3052 3185 6237
3050 3190 6240
3047 3093 6140
3075 3197 6272
3063 3082 6145
3133 3187 6320
3076 3099 6175
3135 3157 6292
3014 3127 6141
3096 3108 6204
3183 3196 6379
3065 3187 6252
3191 3195 6386
3095 3141 6236
3065 3113 6178
3082 3107 6189
3148 3196 6344
3173 3198 6371
3148 3155 6303
3065 3070 6135
3042 3051 6093
3177 3187 6364
3183 3197 6380
3165 3191 6356
3180 3184 6364
3063 3126 6189
3062 3102 6164
3178 3200 6378
3180 3184 6364
3082 3166 6248
3009 3139 6148
3144 3196 6340
3124 3170 6294
3080 3131 6211
3178 3186 6364
3176 3196 6372
3057 3170 6227
3133 3177 6310
3093 3163 6256
3159 3164 6323
3041 3130 6171
3148 3173 6321
3027 3115 6142
3048 3061 6109
3078 3151 6229
3123 3184 6307
3094 3107 6201
3004 3059 6063
3043 3048 6091
3038 3198 6236
3100 3133 6233
3117 3178 6295
3190 3199 6389
3191 3194 6385
3173 3183 6356
3195 3197 6392
3007 3135 6142
3172 3181 6353
3031 3050 6081
3014 3067 6081
3183 3187 6370
3129 3186 6315
3043 3142 6185
3005 3035 6040
3132 3143 6275
3118 3143 6261
3065 3116 6181
3150 3189 6339
3019 3162 6181
3092 3118 6210
3073 3128 6201
3086 3100 6186
3022 3090 6112
3147 3151 6298
3123 3198 6321
3146 3184 6330
3168 3176 6344
3087 3110 6197
3121 3126 6247
3063 3107 6170
3166 3176 6342
3101 3131 6232
3178 3194 6372
3070 3190 6260
3032 3083 6115
3048 3074 6122
3058 3175 6233
3020 3113 6133
3136 3140 6276
3024 3148 6172
3136 3152 6288
3121 3123 6244
3170 3197 6367
3076 3151 6227
3104 3191 6295
3111 3134 6245
3004 3095 6099
3094 3148 6242
3065 3197 6262
3189 3193 6382
3007 3042 6049
3112 3160 6272
3001 3144 6145
3011 3174 6185
3125 3133 6258
3094 3141 6235
3183 3193 6376
3000 3042 6042
3189 3200 6389
3139 3167 6306
3177 3194 6371
3114 3196 6310
3117 3130 6247
3048 3171 6219
3167 3186 6353
3005 3086 6091
3159 3176 6335
3066 3096 6162
3111 3182 6293
3143 3187 6330
3063 3091 6154
3186 3197 6383
3162 3199 6361
3075 3198 6273
3155 3156 6311
3035 3107 6142
3190 3194 6384
3045 3064 6109
3052 3148 6200
3055 3135 6190
3060 3126 6186
3189 3197 6386
3083 3095 6178
3026 3047 6073
3165 3191 6356
3150 3154 6304
3143 3162 6305
3163 3183 6346
3168 3182 6350
3185 3197 6382
3013 3067 6080
3119 3183 6302
3095 3198 6293
3165 3170 6335
3192 3199 6391

4132 4173 8288
4158 4191 8319
4164 4177 8321
4025 4031 8033
4031 4174 8197
4148 4189 8329
4187 4198 8382
4118 4141 8232
4147 4154 8288
4008 4191 8187
4176 4199 8370
4019 4094 8079
4139 4192 8302
4016 4188 8173
4114 4124 8216
4178 4197 8371
4137 4194 8309
4182 4195 8352
4056 4167 8187
4042 4131 8143
4026 4083 8089
4065 4173 8225
4044 4167 8198
4022 4144 8129
4193 4199 8362
4185 4197 8375
4026 4125 8146
4072 4074 8117
4122 4189 8277
4090 4193 8260
4099 4100 8187
4054 4082 8104
4026 4134 8136
4053 4149 8191
4037 4195 8225
4059 4164 8204
4045 4073 8100
4011 4049 8049
4132 4133 8238
4096 4165 8233
4183 4195 8376
4138 4157 8264
4142 4153 8264
4011 4071 8066
4190 4197 8383
4141 4177 8316
4083 4191 8242
4161 4172 8313
4159 4193 8339
4071 4178 8215
4044 4142 8161
4016 4101 8080
4072 4160 8217
4136 4174 8300
4038 4100 8100
4032 4069 8089
4038 4184 8215
4162 4194 8329
4158 4172 8303
4186 4195 8357
4168 4176 8335
4030 4106 8106
4173 4180 8335
4024 4153 8141
4067 4095 8136
4162 4175 8319
4111 4129 8232
4167 4175 8319
4142 4143 8262
4037 4135 8137
4009 4066 8062
4026 4171 8164
4184 4190 8363
4150 4158 8304
4049 4118 8145
4017 4051 8045
4160 4186 8343
4176 4183 8346
4050 4094 8125
4121 4125 8233
4085 4150 8217
4154 4189 8326
4135 4164 8283
4029 4038 8048
4199 4200 8371
4142 4175 8310
4086 4096 8150
4085 4109 8190
4149 4168 8299
4137 4191 8312
4033 4185 8194
4109 4176 8269
4184 4188 8362
4042 4117 8131
4169 4186 8344
4000 4159 8147
4120 4167 8250
4029 4176 8187
4196 4200 8361
4190 4196 8359
4197 4199 8373
4194 4196 8354
4032 4108 8116
4180 4186 8364
4127 4191 8287
4081 4128 8184
4199 4200 8384
4131 4149 8248
4129 4182 8279
4000 4129 8113
4157 4158 8311
4131 4149 8268
4099 4121 8203
4024 4172 8175
4095 4176 8247
4192 4193 8360
4055 4174 8221
4156 4186 8336
4158 4177 8298
4117 4193 8272
4070 4071 8131
4075 4160 8233
4068 4133 8163
4192 4197 8351
4147 4174 8285
4056 4079 8120
4070 4086 8129
4174 4198 8363
4016 4163 8173
4055 4101 8126
4082 4183 8227
4176 4197 8336
4095 4141 8207
4194 4199 8376
4090 4185 8274
4158 4166 8311
4156 4193 8322
4157 4195 8337
4025 4180 8179
4194 4195 8358
4192 4195 8369
4190 4193 8369
4093 4095 8153
4031 4075 8101
4080 4097 8160
4120 4166 8261
4182 4189 8349
4195 4199 8379
4135 4178 8297
4121 4168 8256
4029 4079 8099
4194 4196 8366
4144 4181 8323
4058 4143 8166
4175 4191 8356
4101 4180 8256
4041 4076 8101
4135 4159 8267
4100 4172 8249
4194 4197 8388
4052 4167 8197
4055 4126 8152
4059 4091 8127
4189 4200 8376
4079 4117 8185
4046 4080 8122
4048 4149 8162
4023 4167 8169
4046 4175 8220
4185 4194 8367
4048 4155 8191
4126 4181 8270
4062 4136 8163
4129 4176 8285
4019 4085 8078
4085 4153 8215
4141 4168 8271
4170 4174 8326
4010 4029 8017
4004 4091 8070
4152 4180 8296
4182 4192 8366
4083 4129 8180
4106 4135 8238
4012 4022 8029
4125 4137 8238
4187 4199 8356
4074 4089 8150
4105 4147 8245
4016 4165 8146
4123 4191 8282
4140 4169 8296
4091 4104 8181
4070 4120 8167
4101 4199 8278
4101 4190 8282
4163 4164 8295
4197 4198 8383
4040 4060 8089
4032 4116 8136
4037 4138 8171
4165 4177 8323
4114 4136 8218
4054 4105 8132
4066 4103 8131
4137 4159 8277
4101 4182 8255
4052 4087 8109
4193 4195 8355
4023 4067 8052
4053 4168 8210
4132 4190 8304
4065 4098 8131
4090 4189 8261
4144 4168 8284
4110 4111 8188
4082 4162 8217
4165 4170 8320
4158 4164 8284
4064 4114 8176
4156 4200 8322
4034 4150 8149
4011 4191 8183
4051 4184 8197
4094 4197 8280
4155 4184 8326
4010 4188 8196
4095 4160 8235
4051 4171 8197
4000 4008 7984
4012 4162 8170
4137 4167 8298
4138 4180 8291
4178 4194 8358
4057 4079 8113
4092 4198 8269
4149 4184 8314
4103 4124 8195
4149 4185 8328
4053 4149 8172
4181 4185 8363
4078 4126 8178
4038 4127 8131
4171 4194 8327
4019 4063 8051
4061 4195 8219
4076 4156 8217
4054 4148 8186
4193 4194 8367
4089 4106 8162
4074 4081 8117
4103 4195 8289
4161 4178 8333
4197 4199 8390
4076 4153 8228
4032 4152 8176
4189 4195 8377
4054 4179 8224
4145 4159 8296
4004 4038 8021
4128 4197 8314
4174 4197 8353
4115 4175 8271
4050 4097 8109
4021 4140 8125
4063 4085 8144
4171 4195 8335
4054 4124 8168
4135 4177 8301
4018 4184 8186
4146 4187 8306
4105 4182 8283
4080 4114 8168
4023 4040 8027
4085 4178 8229
4152 4193 8330
4037 4116 8121
4119 4149 8245
4184 4195 8359
4082 4191 8260
4185 4187 8354
4025 4147 8163
4102 4193 8293
4198 4200 8391
4105 4172 8250
4081 4138 8191
4070 4139 8186
4043 4163 8174
4199 4200 8370
4031 4044 8056
4018 4054 8054
4132 4141 8258
4026 4143 8155
4175 4195 8333
4140 4181 8292
4147 4188 8333
4157 4188 8328
4140 4184 8317
4106 4162 8229
4173 4183 8354
4031 4159 8169
4010 4098 8096
4179 4200 8348
4085 4168 8216
4035 4055 8067
4067 4136 8171
4138 4179 8287
4093 4177 8262
4128 4173 8300
4089 4169 8252
4146 4193 8320
4066 4101 8154
4027 4188 8179
4157 4181 8306
4073 4158 8193
4039 4080 8104
4187 4198 8370
4135 4159 8291
4154 4160 8292
4012 4102 8099
4085 4102 8173
4039 4181 8184
4037 4165 8191
4167 4172 8328
4192 4198 8353
4131 4132 8260
4089 4140 8205
4196 4197 8355
4051 4054 8080
4154 4182 8298
4037 4140 8159
4161 4182 8319
4062 4174 8208
4079 4198 8249
4082 4124 8179
4132 4149 8244
4086 4145 8202
4033 4077 8104
4133 4200 8317
4016 4175 8159
4148 4163 8294
4066 4196 8254
4051 4067 8089
4173 4182 8329
4191 4197 8359
4054 4148 8196
4173 4199 8363
4088 4100 8179
4120 4161 8268
4006 4162 8162
4062 4101 8149
4123 4182 8280
4070 4090 8129
4045 4052 8089
4098 4159 8253
4005 4187 8167
4027 4044 8053
4139 4153 8287
4033 4048 8048
4028 4046 8055
4071 4151 8201
4168 4179 8323
4027 4127 8153
4001 4163 8148
4099 4154 8224
4194 4195 8388
4158 4171 8290
4013 4124 8105
4104 4113 8201
4137 4193 8326
4126 4144 8232
4090 4157 8227
4136 4175 8294
4114 4172 8258
4124 4133 8246
4197 4198 8389
4044 4065 8104
4139 4192 8312
4113 4114 8189
4090 4110 8192
4103 4128 8193
4183 4199 8350
4067 4164 8212
4191 4197 8375
4043 4135 8167
4074 4116 8157
4121 4186 8274
4021 4142 8138
4011 4054 8064
4030 4045 8067
4188 4192 8373
4068 4080 8124
4120 4125 8237
4094 4129 8186
4102 4123 8186
4063 4181 8224
4199 4200 8394
4090 4119 8187
4151 4188 8315
4055 4158 8182
4129 4144 8269
4044 4071 8097
4133 4180 8288
4131 4167 8272
4180 4190 8337
4002 4091 8080
4099 4195 8271
4128 4149 8272
4123 4145 8265
4052 4136 8174
4093 4131 8220
4165 4172 8317
4113 4140 8226
4120 4149 8261
4154 4157 8277
4025 4100 8097
4059 4125 8162
4100 4167 8242
4050 4067 8081
4137 4185 8283
4102 4154 8219
4108 4194 8293
4106 4113 8182
4172 4191 8330
4062 4183 8224
4004 4190 8159
4037 4081 8108
4121 4145 8231
4129 4192 8307
4143 4149 8268
4013 4080 8074
4051 4078 8112
4034 4066 8090
4009 4147 8140
4162 4196 8353
4163 4183 8309
4050 4144 8162
4033 4042 8041
4153 4163 8313
4151 4152 8281
4059 4178 8228
4058 4189 8233
4137 4165 8301
4080 4182 8229
4046 4055 8071
4044 4098 8118
4009 4170 8176
4130 4167 8291
4039 4185 8205
4189 4196 8368
4189 4197 8371
4015 4184 8189
4015 4120 8121
4046 4200 8227
4051 4116 8157
4020 4142 8158
4034 4130 8161
4187 4195 8349
4072 4174 8210
4064 4098 8134
4178 4182 8345
4098 4186 8269
4072 4117 8152
4049 4191 8234
4155 4200 8343
4168 4192 8323
4109 4173 8248
4025 4075 8094
4031 4099 8117
4015 4140 8147
4167 4177 8343
4145 4147 8256
4085 4101 8161
4004 4098 8081
4029 4031 8027
4045 4046 8077
4013 4132 8123
4184 4187 8368
4066 4071 8114
4103 4200 8264
4103 4171 8264
4021 4172 8164
4027 4089 8096
4000 4045 8016
4108 4150 8233
4019 4058 8040
4191 4194 8371
4156 4165 8289
4100 4129 8214
4082 4123 8168
4199 4200 8364
4060 4081 8113
4145 4165 8292
4034 4128 8132
4160 4165 8304
4065 4149 8211
4028 4200 8208
4017 4135 8145
4063 4191 8232
4199 4200 8375
4158 4187 8330
4093 4128 8208
4164 4199 8357
4184 4200 8362
4032 4102 8115
4059 4065 8107
4041 4153 8191
4050 4083 8100
4039 4174 8177
4006 4123 8119
4124 4199 8293
4139 4169 8274
4002 4086 8063
4066 4134 8169
4082 4099 8158
4012 4073 8079
4126 4198 8322
4107 4175 8253
4070 4074 8143
4083 4117 8197
4123 4130 8246
4186 4193 8358
4170 4200 8350
4085 4103 8164
4183 4185 8336
4135 4146 8271
4085 4196 8266
4139 4140 8272
4019 4027 8035
4133 4176 8305
4198 4200 8384
4043 4085 8119
4149 4184 8301
4146 4190 8308
4007 4200 8197
4170 4175 8329
4165 4199 8338
4109 4146 8234
4101 4170 8265
4096 4153 8248
4131 4175 8270
4045 4065 8096
4030 4189 8187
4061 4194 8240
4121 4123 8209
4046 4089 8115
4027 4040 8048
4050 4143 8181
4124 4192 8286
4022 4171 8170
4072 4113 8175
4170 4182 8339
4168 4178 8328
4114 4142 8248
4162 4163 8320
4130 4145 8245
4124 4159 8244
4122 4191 8286
4064 4184 8238
4038 4084 8091
4163 4180 8332
4115 4187 8293
4187 4192 8364
4030 4105 8130
4100 4101 8177
4190 4194 8350
4034 4092 8108
4000 4020 7986
4180 4200 8378
4132 4149 8274
4033 4144 8139
4127 4128 8238
4050 4081 8129
4005 4172 8169
4170 4187 8321
4116 4146 8234
4043 4101 8122
4137 4185 8300
4127 4172 8265
4091 4164 8248
4110 4182 8258
4053 4120 8169
4022 4088 8092
4177 4194 8352
4194 4197 8369
4098 4170 8250
4173 4178 8319
4196 4199 8382
4015 4154 8150
4018 4090 8104
4015 4091 8073
4195 4196 8365
4194 4198 8357
4148 4167 8303
4055 4092 8138
4176 4180 8340
4196 4198 8393
4114 4154 8267
4156 4179 8298
4066 4174 8232
4004 4100 8076
4151 4197 8317
4045 4165 8173
4167 4191 8354
4099 4150 8241
4062 4200 8259
4167 4184 8341
4049 4136 8163
4017 4057 8038
4033 4087 8108
4068 4118 8158
4160 4192 8328
4142 4193 8328
4120 4159 8258
4182 4188 8339
4192 4194 8348
4066 4078 8108
4026 4083 8106
4124 4173 8262
4196 4200 8361
4120 4126 8219
4183 4195 8344
4035 4112 8130
4034 4098 8131
4008 4147 8117
4070 4147 8202
4184 4198 8377
4008 4057 8053
4101 4155 8235
4172 4198 8353
4125 4185 8278
4088 4177 8228
4198 4200 8365
4119 4179 8271
4010 4090 8097
4183 4187 8364
4167 4193 8329
4193 4198 8382
4157 4197 8344
4068 4170 8223
4058 4130 8169
4016 4029 8028
4132 4171 8288
4087 4159 8234
4090 4150 8207
4013 4181 8177
4193 4196 8374
4135 4180 8302
4008 4064 8070
4107 4131 8219
4199 4200 8360
4152 4194 8344
4089 4119 8202
4146 4179 8307
4197 4198 8363
4043 4121 8148
4039 4092 8123
4076 4148 8197
4016 4063 8073
4136 4185 8314
4158 4195 8326
4127 4183 8304
4101 4147 8213
4113 4128 8240
4089 4158 8210
4131 4138 8236
4182 4197 8369
4057 4078 8103
4094 4126 8196
4182 4191 8337
4012 4037 8042
4173 4178 8327
4111 4142 8242
4053 4188 8228
4118 4125 8237
4152 4194 8310
4074 4077 8144
4062 4123 8147
4136 4141 8253
4181 4184 8357
4147 4154 8269
4068 4167 8218
4167 4186 8329
4000 4175 8151
4080 4178 8254
4074 4198 8245
4075 4181 8226
4070 4193 8248
4012 4193 8171
4171 4177 8313
4150 4159 8304
4038 4073 8108
4095 4170 8264
4104 4144 8219
4084 4173 8228
4119 4163 8253
4134 4200 8305
4011 4018 7993
4147 4179 8308
4011 4148 8152
4063 4098 8138
4043 4046 8069
4012 4165 8169
4091 4162 8221
4023 4034 8020
4001 4127 8125
4121 4184 8295
4077 4187 8236
4031 4153 8149
4162 4181 8333
4161 4184 8311
4139 4162 8281
4140 4190 8303
4053 4061 8112
4058 4108 8145
4022 4090 8105
4005 4190 8173
4135 4199 8319
4023 4084 8076
4122 4130 8225
4025 4151 8156
4157 4200 8343
4105 4137 8225
4147 4148 8281
4194 4197 8381
4105 4168 8236
4146 4152 8290
4008 4061 8066
4124 4142 8227
4032 4112 8137
4079 4190 8241
4150 4155 8297
4179 4200 8373
4098 4103 8184
4013 4049 8059
4016 4155 8145
4171 4187 8348
4099 4109 8183
4159 4200 8321
4132 4171 8280
4113 4145 8257
4049 4180 8219
4166 4199 8334
4146 4165 8289
4178 4180 8347
4167 4200 8341
4090 4104 8156
4040 4084 8106
4025 4113 8108
4001 4131 8095
4063 4192 8231
4009 4178 8165
4006 4181 8164
4017 4199 8201
4195 4198 8390
4103 4192 8280
4045 4068 8108
4065 4181 8221
4103 4119 8213
4181 4182 8360
4116 4190 8277
4184 4200 8382
4108 4192 8295
4186 4200 8352
4057 4100 8123
4106 4169 8244
4111 4141 8217
4098 4183 8268
4067 4135 8192
4075 4145 8199
4039 4160 8179
4095 4188 8266
4119 4155 8241
4060 4162 8205
4118 4119 8215
4127 4157 8255
4149 4195 8327
4025 4057 8065
4005 4127 8125
4127 4140 8234
4147 4148 8282
4049 4131 8160
4029 4145 8150
4025 4186 8184
4147 4190 8311
4055 4113 8159
4091 4109 8182
4089 4096 8151
4056 4137 8167
4088 4191 8256
4043 4143 8152
4198 4200 8397
4166 4170 8321
4085 4156 8220
4088 4091 8144
4110 4147 8253
4066 4125 8169
4092 4093 8165
4042 4196 8217
4050 4197 8213
4086 4186 8267
4041 4188 8223
4193 4197 8360
4124 4166 8252
4001 4126 8112
4034 4188 8209
4056 4117 8135
4077 4131 8204
4175 4190 8344
4035 4052 8056
4173 4197 8364
4195 4198 8380
4164 4177 8311
4190 4198 8365
4096 4115 8192
4067 4112 8142
4039 4197 8220
4127 4198 8288
4153 4200 8339
4171 4195 8354
4020 4026 8033
4151 4156 8291
4030 4162 8188
4147 4167 8288
4193 4196 8381
4199 4200 8372
4133 4143 8244
4164 4169 8318
4053 4123 8171
4119 4164 8282
4182 4199 8363
4048 4174 8184
4069 4096 8146
4166 4184 8337
4077 4115 8166
4020 4157 8154
4057 4168 8204
4116 4172 8283
4134 4153 8263
4115 4142 8240
4078 4146 8190
4158 4200 8356
4017 4156 8161
4004 4007 7986
4116 4163 8261
4073 4199 8238
4008 4045 8045
4023 4169 8168
4042 4153 8191
4146 4172 8293
4197 4200 8375
4187 4196 8347
4040 4145 8155
4165 4182 8316
4065 4186 8231
4011 4086 8060
4086 4164 8231
4077 4153 8220
4146 4188 8321
4090 4155 8234
4083 4174 8240
4155 4169 8309
4116 4124 8231
4060 4074 8111
4023 4200 8199
4137 4160 8264
4003 4050 8017
4198 4200 8382
4068 4151 8211
4184 4185 8360
4007 4089 8063
4120 4166 8250
4042 4099 8118
4105 4149 8244
4017 4042 8052
4026 4083 8102
4090 4129 8211
4049 4198 8230
4020 4038 8031
4076 4079 8120
4077 4102 8150
4040 4089 8108
4167 4199 8350
4194 4199 8383
4141 4179 8299
4178 4184 8325
4026 4138 8132
4135 4178 8276
4028 4070 8062
4127 4156 8253
4087 4097 8160
4153 4155 8293
4171 4182 8317
4168 4195 8344
4066 4099 8127
4085 4090 8169
4189 4198 8381
4027 4187 8207
4043 4134 8156
4084 4130 8207

0.010000 0.330000
