900
3631187
3098 3160 6258
3024 3113 6137
3196 3198 6394
3040 3098 6138
3089 3160 6249
3170 3176 6346
3173 3179 6352
3113 3164 6277
3180 3199 6379
3045 3143 6188
3172 3199 6371
3052 3054 6106
3116 3169 6285
3003 3067 6070
3051 3163 6214
3160 3178 6338
3087 3192 6279
3057 3087 6144
3159 3192 6351
3017 3168 6185
3047 3098 6145
3176 3186 6362
3045 3051 6096
3060 3182 6242
3154 3162 6316
3170 3198 6368
3008 3164 6172
3135 3172 6307
3067 3108 6175
3111 3157 6268
3177 3194 6371
3094 3183 6277
3120 3128 6248
3184 3187 6371
3160 3199 6359
3053 3165 6218
3197 3198 6395
3027 3088 6115
3186 3195 6381
3002 3081 6083
3105 3133 6238
3127 3152 6279
3099 3128 6227
3082 3114 6196
3087 3196 6283
3178 3183 6361
3012 3176 6188
3199 3200 6399
3055 3104 6159
3089 3190 6279
3144 3151 6295
3120 3180 6300
3005 3150 6155
3095 3102 6197
3020 3039 6059
3041 3193 6234
3010 3042 6052
3041 3055 6096
3133 3194 6327
3115 3117 6232
3025 3126 6151
3089 3095 6184
3101 3158 6259
3191 3198 6389
3141 3191 6332
3105 3149 6254
3056 3151 6207
3151 3178 6329
3104 3138 6242
3033 3079 6112
3164 3167 6331
3085 3176 6261
3070 3169 6239
3124 3184 6308
3111 3188 6299
3135 3165 6300
3195 3200 6395
3008 3164 6172
3061 3080 6141
3019 3077 6096
3041 3145 6186
3060 3074 6134
3193 3195 6388
3111 3153 6264
3119 3155 6274
3175 3191 6366
3195 3200 6395
3067 3198 6265
3198 3200 6398
3022 3078 6100
3139 3142 6281
3067 3143 6210
3132 3182 6314
3165 3186 6351
3181 3196 6377
3039 3073 6112
3038 3047 6085
3185 3195 6380
3044 3139 6183
3109 3173 6282
3194 3195 6389
3093 3107 6200
3139 3160 6299
3049 3178 6227
3090 3116 6206
3187 3189 6376
3193 3194 6387
3067 3133 6200
3191 3193 6384
3061 3103 6164
3085 3113 6198
3066 3137 6203
3189 3199 6388
3164 3181 6345
3010 3099 6109
3151 3168 6319
3194 3199 6393
3168 3186 6354
3140 3155 6295
3140 3187 6327
3149 3174 6323
3169 3188 6357
3043 3075 6118
3181 3200 6381
3044 3099 6143
3013 3054 6067
3191 3199 6390
3047 3055 6102
3126 3165 6291
3042 3066 6108
3141 3198 6339
3176 3194 6370
3098 3173 6271
3078 3148 6226
3151 3157 6308
3008 3034 6042
3182 3199 6381
3117 3130 6247
3090 3097 6187
3110 3133 6243
3140 3153 6293
3106 3196 6302
3044 3088 6132
3149 3192 6341
3146 3147 6293
3145 3171 6316
3156 3174 6330
3047 3096 6143
3057 3070 6127
3035 3165 6200
3198 3200 6398
3122 3131 6253
3096 3103 6199
3163 3186 6349
3150 3185 6335
3098 3179 6277
3168 3191 6359
3000 3149 6149
3044 3131 6175
3191 3195 6386
3147 3172 6319
3148 3162 6310
3017 3062 6079
3185 3198 6383
3096 3158 6254
3068 3142 6210
3177 3178 6355
3136 3185 6321
3194 3200 6394
3168 3187 6355
3033 3122 6155
3176 3179 6355
3122 3183 6305
3149 3176 6325
3042 3181 6223
3003 3153 6156
3121 3127 6248
3065 3069 6134
3149 3184 6333
3153 3162 6315
3010 3134 6144
3135 3139 6274
3017 3138 6155
3166 3187 6353
3070 3168 6238
3035 3117 6152
3155 3193 6348
3002 3148 6150
3025 3200 6225
3071 3193 6264
3133 3139 6272
3135 3188 6323
3013 3144 6157
3158 3191 6349
3073 3130 6203
3038 3104 6142
3086 3177 6263
3040 3046 6086
3039 3113 6152
3137 3160 6297
3173 3191 6364
3183 3199 6382
3013 3084 6097
3152 3176 6328
3032 3039 6071
3001 3061 6062
3086 3163 6249
3062 3096 6158
3057 3099 6156
3078 3153 6231
3166 3172 6338
3195 3199 6394
3173 3190 6363
3068 3130 6198
3189 3190 6379
3160 3191 6351
3168 3183 6351
3001 3180 6181
3041 3111 6152
3021 3062 6083
3119 3146 6265
3000 3105 6105
3016 3076 6092
3174 3185 6359
3165 3185 6350
3184 3196 6380
3094 3113 6207
3023 3086 6109
3177 3178 6355
3177 3200 6377
3163 3180 6343
3077 3100 6177
3000 3070 6070
3055 3153 6208
3112 3177 6289
3175 3199 6374
3151 3165 6316
3139 3163 6302
3162 3181 6343
3116 3185 6301
3195 3198 6393
3151 3178 6329
3072 3195 6267
3151 3180 6331
3019 3054 6073
3067 3081 6148
3010 3044 6054
3047 3106 6153
3085 3193 6278
3101 3188 6289
3090 3161 6251
3195 3198 6393
3137 3139 6276
3038 3132 6170
3167 3184 6351
3101 3126 6227
3011 3076 6087
3122 3149 6271
3126 3176 6302
3038 3104 6142
3068 3085 6153
3031 3107 6138
3051 3111 6162
3083 3157 6240
3050 3148 6198
3066 3167 6233
3169 3197 6366
3189 3195 6384
3070 3162 6232
3149 3176 6325
3094 3149 6243
3023 3101 6124
3078 3134 6212
3077 3086 6163
3025 3158 6183
3003 3117 6120
3132 3139 6271
3034 3082 6116
3184 3198 6382
3069 3107 6176
3150 3167 6317
3192 3196 6388
3165 3184 6349
3107 3163 6270
3079 3083 6162
3134 3192 6326
3096 3189 6285
3101 3167 6268
3126 3163 6289
3157 3199 6356
3139 3159 6298
3089 3177 6266
3197 3200 6397
3058 3071 6129
3177 3194 6371
3106 3156 6262
3172 3187 6359
3151 3189 6340
3111 3163 6274
3050 3192 6242
3166 3167 6333
3046 3161 6207
3144 3163 6307
3029 3169 6198
3011 3027 6038
3031 3174 6205
3139 3168 6307
3151 3162 6313
3079 3090 6169
3148 3155 6303
3127 3137 6264
3192 3193 6385
3123 3171 6294
3017 3103 6120
3058 3111 6169
3055 3058 6113
3130 3194 6324
3074 3127 6201
3053 3082 6135
3083 3125 6208
3047 3055 6102
3056 3179 6235
3091 3154 6245
3098 3164 6262
3060 3157 6217
3019 3088 6107
3091 3122 6213
3131 3164 6295
3005 3133 6138
3094 3123 6217
3028 3033 6061
3062 3123 6185
3166 3168 6334
3054 3088 6142
3185 3190 6375
3110 3189 6299
3066 3107 6173
3077 3172 6249
3053 3079 6132
3005 3020 6025
3045 3097 6142
3014 3134 6148
3087 3186 6273
3049 3134 6183
3163 3195 6358
3009 3128 6137
3184 3193 6377
3045 3068 6113
3090 3149 6239
3017 3094 6111
3133 3173 6306
3026 3164 6190
3013 3051 6064
3011 3178 6189
3168 3180 6348
3095 3156 6251
3162 3173 6335
3073 3172 6245
3083 3195 6278
3070 3139 6209
3126 3195 6321
3071 3191 6262
3127 3194 6321
3104 3160 6264
3143 3171 6314
3166 3170 6336
3129 3163 6292
3108 3116 6224
3114 3181 6295
3095 3182 6277
3062 3155 6217
3115 3161 6276
3093 3111 6204
3082 3127 6209
3128 3173 6301
3064 3111 6175
3095 3169 6264
3183 3190 6373
3185 3195 6380
3030 3092 6122
3142 3179 6321
3123 3173 6296
3199 3200 6399
3065 3100 6165
3129 3189 6318
3031 3167 6198
3041 3082 6123
3120 3183 6303
3063 3120 6183
3053 3157 6210
3184 3195 6379
3027 3045 6072
3143 3175 6318
3043 3177 6220
3112 3194 6306
3033 3106 6139
3153 3163 6316
3141 3157 6298
3096 3106 6202
3021 3154 6175
3091 3134 6225
3158 3186 6344
3152 3181 6333
3083 3199 6282
3040 3120 6160
3135 3165 6300
3083 3153 6236
3156 3171 6327
3142 3159 6301
3075 3196 6271
3020 3058 6078
3073 3169 6242
3015 3110 6125
3153 3181 6334
3093 3110 6203
3063 3114 6177
3130 3170 6300
3010 3102 6112
3077 3146 6223
3199 3200 6399
3066 3149 6215
3094 3186 6280
3130 3150 6280
3001 3110 6111
3063 3089 6152
3090 3109 6199
3039 3134 6173
3154 3159 6313
3003 3199 6202
3180 3200 6380
3047 3048 6095
3179 3191 6370
3135 3145 6280
3153 3198 6351
3034 3158 6192
3115 3187 6302
3182 3186 6368
3125 3137 6262
3126 3167 6293
3007 3144 6151
3129 3181 6310
3109 3178 6287
3146 3173 6319
3184 3186 6370
3156 3175 6331
3042 3096 6138
3094 3164 6258
3045 3143 6188
3017 3065 6082
3167 3188 6355
3166 3189 6355
3194 3197 6391
3060 3192 6252
3100 3166 6266
3033 3065 6098
3090 3185 6275
3022 3096 6118
3042 3162 6204
3092 3131 6223
3112 3179 6291
3045 3170 6215
3081 3114 6195
3148 3152 6300
3036 3065 6101
3043 3169 6212
3056 3196 6252
3076 3130 6206
3035 3076 6111
3198 3199 6397
3141 3176 6317
3139 3140 6279
3191 3200 6391
3008 3044 6052
3030 3058 6088
3073 3126 6199
3049 3184 6233
3062 3152 6214
3126 3130 6256
3026 3136 6162
3067 3176 6243
3158 3199 6357
3067 3085 6152
3051 3160 6211
3051 3058 6109
3148 3172 6320
3111 3118 6229
3013 3025 6038
3116 3193 6309
3062 3143 6205
3189 3190 6379
3112 3118 6230
3102 3120 6222
3152 3166 6318
3150 3162 6312
3177 3182 6359
3145 3166 6311
3186 3195 6381
3196 3199 6395
3134 3157 6291
3077 3131 6208
3048 3078 6126
3110 3124 6234
3144 3176 6320
3181 3200 6381
3001 3057 6058
3197 3200 6397
3034 3109 6143
3165 3178 6343
3077 3092 6169
3110 3130 6240
3081 3167 6248
3177 3179 6356
3120 3149 6269
3136 3145 6281
3172 3190 6362
3056 3074 6130
3083 3103 6186
3072 3191 6263
3030 3142 6172
3096 3136 6232
3084 3129 6213
3034 3185 6219
3025 3059 6084
3059 3072 6131
3108 3111 6219
3194 3199 6393
3012 3180 6192
3017 3116 6133
3194 3200 6394
3188 3190 6378
3192 3200 6392
3016 3174 6190
3045 3111 6156
3129 3172 6301
3039 3068 6107
3041 3074 6115
3063 3077 6140
3162 3166 6328
3157 3158 6315
3044 3133 6177
3192 3199 6391
3137 3154 6291
3131 3165 6296
3183 3200 6383
3168 3170 6338
3045 3122 6167
3153 3181 6334
3178 3193 6371
3168 3196 6364
3198 3199 6397
3148 3154 6302
3078 3159 6237
3091 3171 6262
3106 3159 6265
3088 3133 6221
3166 3200 6366
3081 3170 6251
3126 3137 6263
3047 3138 6185
3062 3070 6132
3131 3177 6308
3000 3059 6059
3154 3200 6354
3107 3159 6266
3149 3165 6314
3060 3181 6241
3094 3101 6195
3099 3160 6259
3176 3192 6368
3094 3136 6230
3091 3103 6194
3006 3164 6170
3119 3187 6306
3119 3185 6304
3016 3129 6145
3092 3159 6251
3165 3198 6363
3059 3150 6209
3082 3090 6172
3192 3198 6390
3084 3128 6212
3105 3180 6285
3143 3192 6335
3069 3164 6233
3185 3186 6371
3148 3190 6338
3045 3136 6181
3184 3198 6382
3053 3054 6107
3089 3144 6233
3009 3167 6176
3046 3071 6117
3030 3048 6078
3153 3193 6346
3020 3036 6056
3087 3149 6236
3031 3112 6143
3009 3065 6074
3119 3157 6276
3042 3151 6193
3093 3193 6286
3048 3102 6150
3074 3180 6254
3082 3115 6197
3084 3188 6272
3137 3159 6296
3057 3100 6157
3169 3196 6365
3008 3091 6099
3057 3141 6198
3000 3145 6145
3124 3182 6306
3167 3189 6356
3114 3184 6298
3031 3153 6184
3071 3195 6266
3198 3199 6397
3192 3200 6392
3033 3166 6199
3049 3141 6190
3027 3102 6129
3035 3175 6210
3001 3050 6051
3066 3145 6211
3019 3096 6115
3190 3192 6382
3174 3194 6368
3132 3193 6325
3052 3192 6244
3112 3188 6300
3001 3023 6024
3120 3131 6251
3197 3198 6395
3032 3160 6192
3107 3154 6261
3018 3197 6215
3156 3191 6347
3078 3169 6247
3076 3111 6187
3142 3195 6337
3192 3198 6390
3007 3080 6087
3105 3189 6294
3140 3195 6335
3096 3178 6274
3048 3089 6137
3165 3189 6354
3114 3143 6257
3131 3133 6264
3190 3199 6389
3042 3144 6186
3113 3141 6254
3049 3068 6117
3085 3093 6178
3105 3162 6267
3050 3132 6182
3025 3189 6214
3103 3107 6210
3096 3144 6240
3066 3102 6168
3084 3170 6254
3143 3172 6315
3132 3144 6276
3179 3197 6376
3169 3181 6350
3175 3189 6364
3143 3168 6311
3068 3143 6211
3162 3181 6343
3094 3107 6201
3138 3179 6317
3035 3047 6082
3046 3183 6229
3197 3200 6397
3054 3057 6111
3153 3182 6335
3136 3160 6296
3099 3134 6233
3143 3182 6325
3191 3198 6389
3048 3198 6246
3183 3185 6368
3026 3055 6081
3136 3139 6275
3015 3088 6103
3094 3124 6218
3104 3152 6256
3182 3187 6369
3145 3167 6312
3141 3156 6297
3187 3197 6384
3024 3173 6197
3014 3090 6104
3048 3175 6223
3176 3197 6373
3124 3196 6320
3024 3106 6130
3124 3139 6263
3092 3154 6246
3033 3100 6133
3003 3169 6172
3145 3157 6302
3116 3193 6309
3096 3137 6233
3129 3175 6304
3100 3157 6257
3095 3122 6217
3155 3187 6342
3134 3183 6317
3132 3142 6274
3166 3171 6337
3190 3199 6389
3180 3194 6374
3026 3079 6105
3056 3097 6153
3157 3200 6357
3175 3193 6368
3022 3094 6116
3158 3180 6338
3078 3169 6247
3034 3188 6222
3103 3159 6262
3173 3190 6363
3088 3173 6261
3146 3179 6325
3042 3087 6129
3109 3153 6262
3122 3198 6320
3043 3151 6194
3015 3176 6191
3028 3184 6212
3025 3110 6135
3170 3175 6345
3192 3195 6387
3056 3156 6212
3004 3166 6170
3003 3084 6087
3179 3184 6363
3133 3199 6332
3178 3193 6371
3019 3177 6196
3177 3198 6375
3115 3170 6285
3023 3109 6132
3023 3049 6072
3031 3182 6213
3195 3196 6391
3193 3194 6387
3118 3190 6308
3165 3180 6345
3067 3109 6176
3113 3194 6307
3021 3089 6110
3077 3099 6176
3104 3108 6212
3112 3131 6243
3169 3195 6364
3110 3189 6299
3179 3188 6367
3071 3118 6189
3138 3191 6329
3136 3193 6329
3174 3181 6355
3099 3176 6275
3197 3199 6396
3066 3123 6189
3112 3158 6270
3169 3170 6339
3153 3164 6317
3178 3179 6357
3094 3184 6278
3006 3191 6197
3166 3194 6360
3173 3176 6349
3004 3156 6160
3169 3192 6361
3075 3079 6154
3063 3134 6197
3037 3165 6202
3108 3109 6217
3127 3160 6287
3188 3191 6379
3103 3146 6249
3024 3188 6212
3129 3171 6300
3103 3115 6218
3154 3179 6333
3033 3074 6107
3051 3085 6136
3171 3175 6346
3138 3173 6311
3025 3144 6169
3020 3037 6057
3160 3180 6340
3082 3090 6172
3193 3199 6392
3036 3157 6193
3168 3177 6345
3010 3073 6083
3189 3198 6387
3141 3147 6288
3098 3108 6206
3100 3152 6252
3094 3200 6294
3104 3193 6297
3157 3194 6351
3027 3065 6092
3197 3199 6396
3125 3154 6279
3073 3086 6159
3157 3190 6347
3142 3178 6320
3191 3200 6391
3162 3167 6329
3050 3141 6191
3179 3183 6362
3047 3076 6123
3142 3166 6308
3053 3127 6180
3099 3116 6215
3175 3177 6352
3049 3166 6215
3018 3073 6091
3138 3194 6332
3065 3088 6153
3150 3192 6342
3191 3192 6383
3049 3180 6229
3057 3102 6159
3032 3121 6153
3120 3166 6286
3129 3180 6309
3055 3069 6124
3026 3157 6183
3125 3200 6325
3179 3180 6359
3009 3066 6075
3171 3180 6351
3183 3194 6377
3075 3111 6186
3136 3179 6315
3197 3199 6396
3059 3123 6182
3079 3157 6236
3089 3192 6281
3023 3127 6150
3028 3141 6169
3138 3164 6302
3031 3110 6141
3105 3154 6259
3023 3085 6108
3069 3131 6200
3142 3182 6324
3104 3131 6235
3019 3136 6155
3024 3032 6056
3050 3082 6132
3051 3114 6165
3103 3166 6269
3092 3177 6269
3105 3145 6250
3036 3108 6144
3185 3196 6381
3180 3188 6368
3182 3187 6369
3002 3200 6202
3171 3195 6366
3045 3102 6147
3136 3139 6275
3094 3179 6273
3143 3154 6297
3163 3176 6339
3066 3184 6250
3060 3143 6203
3071 3085 6156
3182 3192 6374
3075 3198 6273
3148 3153 6301
3134 3172 6306
3021 3112 6133
3168 3174 6342
3193 3195 6388
3010 3194 6204
3113 3171 6284
3167 3182 6349
3033 3080 6113
3053 3095 6148
3188 3195 6383
3183 3185 6368
3030 3184 6214
3105 3131 6236
3026 3088 6114
3182 3190 6372
3188 3200 6388
3084 3142 6226
3128 3144 6272
3011 3087 6098
3051 3118 6169
3061 3098 6159
3148 3172 6320

4105 4177 8261
4105 4182 8257
4070 4107 8152
4139 4177 8284
4059 4113 8143
4103 4189 8257
4044 4131 8140
4000 4080 8066
4104 4106 8199
4061 4109 8146
4003 4090 8083
4001 4146 8128
4007 4166 8139
4118 4148 8263
4173 4174 8328
4151 4165 8291
4190 4194 8357
4193 4200 8362
4045 4080 8112
4164 4193 8340
4187 4195 8346
4166 4183 8322
4117 4136 8220
4010 4025 8016
4165 4166 8294
4135 4158 8262
4109 4178 8265
4131 4157 8262
4124 4154 8265
4185 4187 8342
4008 4185 8191
4055 4122 8172
4128 4162 8273
4042 4147 8163
4129 4186 8311
4036 4116 8130
4072 4109 8154
4156 4197 8349
4190 4197 8353
4123 4132 8247
4048 4164 8195
4177 4194 8337
4011 4078 8051
4191 4199 8360
4041 4128 8157
4081 4199 8275
4041 4095 8121
4099 4119 8217
4003 4175 8164
4010 4084 8089
4152 4157 8307
4099 4167 8265
4125 4167 8267
4192 4197 8386
4042 4108 8119
4179 4194 8364
4104 4118 8196
4197 4199 8386
4050 4181 8211
4055 4196 8250
4088 4142 8222
4137 4162 8294
4085 4115 8174
4122 4127 8247
4164 4191 8329
4101 4147 8224
4126 4135 8240
4186 4187 8349
4152 4174 8310
4132 4133 8231
4000 4115 8088
4131 4167 8273
4185 4199 8367
4026 4147 8141
4079 4102 8145
4083 4189 8238
4168 4187 8335
4065 4148 8195
4056 4162 8216
4174 4184 8348
4074 4078 8143
4146 4177 8296
4105 4132 8229
4154 4162 8313
4134 4138 8269
4136 4140 8266
4043 4156 8187
4013 4143 8139
4160 4177 8328
4179 4183 8356
4079 4107 8170
4021 4114 8118
4093 4105 8160
4195 4199 8380
4143 4198 8317
4184 4192 8361
4079 4142 8218
4146 4180 8301
4158 4171 8319
4037 4106 8105
4004 4130 8133
4127 4131 8223
4090 4132 8220
4193 4196 8377
4034 4076 8105
4079 4107 8158
4032 4066 8084
4062 4083 8135
4101 4191 8254
4030 4040 8066
4000 4008 7983
4081 4098 8176
4139 4176 8302
4095 4127 8207
4178 4184 8355
4082 4138 8183
4190 4195 8351
4184 4198 8381
4168 4185 8315
4177 4195 8354
4148 4167 8284
4129 4144 8241
4006 4144 8141
4006 4058 8046
4068 4184 8245
4085 4130 8208
4047 4055 8080
4161 4172 8303
4121 4123 8239
4073 4098 8142
4169 4185 8316
4012 4027 8009
4003 4035 8036
4077 4174 8231
4035 4107 8115
4005 4190 8185
4171 4200 8357
4064 4142 8186
4134 4165 8261
4063 4200 8249
4119 4184 8284
4008 4036 8008
4153 4163 8308
4187 4199 8366
4158 4193 8345
4146 4179 8305
4185 4189 8335
4050 4085 8122
4070 4081 8138
4191 4198 8377
4089 4180 8250
4070 4146 8199
4036 4149 8161
4055 4143 8172
4053 4124 8157
4138 4197 8324
4043 4172 8194
4113 4127 8208
4156 4164 8307
4006 4151 8122
4192 4194 8360
4163 4185 8321
4047 4162 8194
4087 4099 8162
4061 4184 8214
4158 4196 8335
4109 4124 8220
4030 4161 8183
4124 4137 8253
4165 4194 8353
4097 4171 8260
4103 4135 8220
4006 4137 8120
4008 4079 8061
4093 4200 8268
4061 4200 8240
4180 4188 8361
4012 4103 8110
4119 4147 8253
4075 4126 8187
4189 4199 8376
4020 4022 8026
4109 4182 8267
4189 4200 8362
4145 4175 8290
4085 4129 8184
4189 4194 8370
4056 4123 8163
4124 4175 8282
4190 4195 8350
4160 4171 8309
4071 4103 8144
4014 4171 8174
4190 4200 8379
4024 4067 8076
4023 4154 8165
4195 4200 8372
4154 4194 8311
4110 4155 8233
4069 4070 8117
4142 4169 8277
4023 4096 8084
4176 4189 8358
4182 4198 8346
4083 4176 8237
4044 4195 8218
4018 4079 8072
4070 4162 8223
4100 4191 8276
4027 4152 8154
4084 4160 8223
4125 4134 8220
4027 4029 8038
4041 4088 8115
4125 4132 8250
4198 4200 8385
4050 4197 8233
4139 4171 8272
4158 4166 8286
4185 4193 8354
4047 4112 8145
4067 4078 8120
4041 4148 8175
4003 4030 8004
4131 4159 8257
4083 4105 8158
4043 4126 8146
4092 4187 8251
4187 4188 8371
4089 4163 8233
4199 4200 8381
4113 4193 8273
4192 4195 8365
4172 4173 8339
4108 4119 8199
4115 4146 8256
4173 4176 8343
4037 4172 8191
4162 4190 8315
4015 4150 8136
4071 4096 8142
4016 4117 8109
4000 4099 8093
4079 4176 8230
4041 4086 8115
4101 4172 8265
4161 4180 8324
4088 4188 8272
4111 4138 8225
4065 4127 8158
4184 4191 8374
4133 4162 8289
4154 4199 8341
4170 4185 8348
4112 4191 8276
4019 4176 8183
4101 4116 8194
4067 4151 8213
4161 4164 8307
4149 4164 8277
4096 4199 8293
4196 4200 8380
4000 4091 8073
4059 4155 8199
4163 4188 8344
4101 4114 8213
4038 4118 8134
4167 4196 8324
4068 4111 8158
4052 4081 8095
4147 4198 8326
4192 4197 8351
4131 4172 8271
4164 4187 8324
4091 4148 8228
4169 4177 8307
4118 4136 8239
4016 4113 8105
4073 4105 8152
4156 4166 8304
4008 4118 8116
4128 4146 8256
4066 4098 8156
4051 4106 8138
4023 4162 8150
4098 4109 8197
4045 4176 8186
4134 4183 8299
4142 4151 8283
4085 4163 8240
4178 4191 8367
4067 4135 8186
4175 4178 8339
4145 4186 8297
4160 4191 8348
4099 4152 8242
4125 4147 8253
4090 4154 8240
4188 4190 8374
4049 4080 8115
4033 4158 8186
4023 4179 8192
4030 4057 8076
4000 4073 8038
4138 4151 8281
4046 4199 8217
4164 4188 8329
4172 4181 8337
4186 4192 8344
4114 4125 8213
4172 4183 8322
4193 4196 8387
4078 4183 8239
4190 4199 8385
4054 4115 8166
4147 4166 8279
4101 4163 8258
4059 4085 8135
4040 4109 8112
4093 4177 8252
4021 4091 8100
4072 4143 8205
4006 4114 8117
4134 4136 8232
4090 4151 8218
4186 4187 8347
4129 4169 8289
4192 4197 8383
4008 4162 8151
4180 4186 8348
4062 4194 8240
4090 4181 8257
4066 4172 8207
4095 4193 8271
4122 4178 8288
4000 4126 8089
4172 4198 8354
4157 4193 8337
4036 4102 8121
4120 4163 8250
4173 4194 8349
4027 4059 8072
4172 4187 8324
4160 4162 8305
4040 4107 8123
4165 4188 8320
4170 4189 8326
4006 4136 8122
4109 4138 8215
4101 4165 8254
4161 4171 8317
4144 4172 8278
4027 4193 8202
4190 4199 8388
4101 4199 8288
4085 4090 8152
4136 4197 8294
4101 4162 8256
4177 4196 8341
4130 4173 8270
4060 4194 8246
4161 4196 8322
4174 4200 8349
4169 4182 8317
4170 4183 8315
4021 4149 8146
4169 4176 8334
4023 4063 8059
4127 4192 8313
4155 4171 8290
4171 4200 8364
4188 4198 8350
4112 4147 8252
4163 4179 8326
4039 4137 8140
4144 4190 8327
4167 4184 8326
4195 4200 8374
4151 4169 8313
4196 4200 8380
4030 4186 8188
4144 4149 8258
4063 4072 8108
4030 4118 8145
4199 4200 8393
4190 4198 8372
4030 4135 8162
4136 4185 8293
4114 4167 8246
4188 4198 8384
4041 4199 8205
4171 4196 8349
4079 4133 8188
4091 4147 8223
4146 4188 8302
4111 4167 8276
4150 4156 8273
4192 4195 8386
4041 4109 8127
4094 4159 8243
4157 4182 8335
4151 4162 8291
4041 4117 8147
4169 4171 8313
4106 4107 8177
4170 4190 8346
4142 4144 8258
4138 4190 8310
4018 4136 8146
4010 4108 8097
4045 4161 8181
4036 4143 8150
4056 4170 8199
4084 4177 8260
4099 4100 8197
4096 4134 8222
4065 4160 8219
4144 4171 8314
4106 4168 8265
4192 4197 8376
4126 4161 8253
4013 4063 8057
4017 4174 8179
4168 4192 8327
4051 4151 8173
4009 4016 8002
4051 4185 8205
4060 4167 8190
4048 4167 8193
4071 4116 8150
4171 4191 8324
4140 4146 8275
4198 4199 8371
4049 4119 8164
4166 4179 8309
4007 4154 8133
4059 4084 8106
4136 4154 8277
4041 4137 8141
4030 4188 8203
4041 4089 8092
4032 4187 8189
4107 4158 8262
4159 4193 8335
4115 4122 8235
4058 4114 8137
4149 4180 8292
4149 4183 8293
4105 4134 8200
4051 4108 8122
4121 4194 8287
4101 4176 8276
4182 4188 8349
4154 4198 8328
4129 4192 8309
4044 4143 8173
4152 4190 8329
4082 4143 8212
4001 4189 8183
4071 4163 8210
4143 4196 8305
4068 4074 8108
4087 4170 8238
4154 4173 8307
4040 4066 8094
4009 4037 8026
4041 4197 8214
4189 4196 8382
4180 4186 8363
4189 4196 8367
4023 4129 8131
4107 4194 8277
4068 4077 8121
4175 4188 8347
4179 4187 8356
4180 4184 8325
4136 4198 8330
4008 4063 8070
4021 4027 8045
4197 4199 8393
4120 4156 8258
4169 4198 8365
4043 4096 8116
4062 4149 8192
4058 4198 8234
4058 4117 8148
4097 4145 8229
4053 4095 8129
4004 4130 8111
4104 4133 8214
4124 4135 8221
4120 4182 8281
4052 4125 8157
4062 4176 8215
4077 4120 8161
4160 4165 8290
4061 4186 8232
4015 4079 8087
4108 4136 8225
4091 4127 8198
4148 4180 8297
4002 4017 8007
4106 4144 8243
4122 4136 8246
4052 4116 8138
4006 4145 8142
4107 4115 8209
4132 4133 8230
4086 4122 8199
4119 4179 8294
4019 4199 8193
4018 4171 8167
4197 4199 8381
4177 4193 8334
4120 4123 8210
4188 4200 8367
4032 4072 8099
4149 4176 8322
4000 4054 8026
4147 4186 8323
4057 4195 8216
4154 4188 8336
4124 4171 8269
4128 4170 8266
4189 4200 8369
4141 4185 8307
4092 4115 8200
4181 4183 8343
4157 4174 8310
4043 4192 8232
4053 4150 8202
4002 4086 8065
4012 4136 8139
4181 4194 8365
4168 4197 8350
4194 4198 8355
4032 4146 8176
4053 4154 8176
4084 4137 8219
4126 4190 8308
4102 4109 8199
4016 4049 8045
4038 4138 8167
4114 4142 8218
4009 4177 8184
4044 4121 8130
4143 4196 8305
4078 4123 8167
4122 4159 8279
4091 4118 8189
4183 4187 8353
4079 4102 8175
4006 4129 8127
4072 4167 8223
4048 4188 8208
4135 4146 8251
4044 4188 8210
4065 4092 8123
4110 4189 8265
4105 4158 8248
4110 4144 8217
4125 4191 8297
4173 4177 8314
4058 4143 8170
4186 4191 8373
4047 4174 8187
4050 4154 8185
4108 4183 8271
4001 4143 8127
4067 4181 8242
4182 4184 8349
4060 4199 8244
4022 4079 8076
4097 4178 8273
4008 4171 8170
4125 4168 8271
4082 4161 8241
4032 4053 8062
4082 4093 8173
4141 4144 8260
4048 4127 8168
4156 4169 8321
4182 4183 8359
4065 4134 8188
4140 4155 8260
4185 4194 8368
4026 4164 8162
4092 4095 8150
4009 4145 8144
4106 4200 8278
4137 4189 8291
4021 4110 8098
4058 4123 8177
4117 4181 8275
4011 4090 8075
4114 4183 8259
4160 4195 8331
4057 4096 8135
4184 4186 8345
4047 4175 8219
4101 4200 8276
4122 4199 8298
4049 4067 8087
4011 4050 8036
4024 4159 8145
4067 4104 8139
4047 4062 8083
4188 4196 8383
4162 4188 8340
4126 4145 8268
4119 4149 8231
4009 4103 8089
4064 4200 8251
4088 4130 8195
4029 4145 8160
4056 4182 8220
4194 4200 8356
4183 4184 8333
4160 4195 8317
4104 4112 8204
4010 4184 8163
4104 4126 8222
4142 4149 8273
4017 4193 8186
4056 4127 8176
4099 4174 8270
4089 4194 8260
4171 4182 8350
4093 4143 8203
4177 4184 8341
4002 4164 8157
4060 4180 8208
4134 4177 8298
4185 4194 8354
4148 4189 8325
4005 4032 8036
4052 4100 8139
4175 4176 8335
4036 4096 8099
4006 4167 8166
4049 4092 8125
4134 4186 8305
4047 4101 8120
4089 4188 8272
4196 4199 8380
4007 4157 8142
4115 4155 8267
4164 4172 8304
4096 4116 8197
4177 4179 8330
4035 4073 8071
4187 4191 8359
4146 4200 8314
4011 4116 8094
4021 4130 8113
4045 4084 8110
4081 4199 8278
4144 4166 8292
4037 4100 8118
4148 4172 8311
4010 4185 8157
4145 4169 8288
4191 4193 8370
4162 4195 8336
4052 4094 8119
4145 4196 8334
4016 4098 8085
4154 4162 8285
4089 4123 8202
4140 4155 8262
4054 4170 8223
4149 4189 8331
4061 4072 8115
4056 4092 8117
4170 4191 8357
4173 4181 8351
4108 4119 8226
4073 4080 8123
4066 4163 8220
4007 4133 8131
4190 4193 8380
4000 4001 7969
4178 4194 8365
4076 4170 8221
4182 4197 8372
4051 4153 8177
4165 4188 8321
4087 4120 8189
4059 4186 8220
4010 4172 8167
4032 4133 8164
4046 4061 8081
4142 4152 8260
4144 4199 8342
4040 4132 8141
4034 4129 8139
4157 4162 8285
4080 4129 8203
4005 4179 8146
4081 4199 8247
4119 4135 8246
4089 4145 8232
4039 4151 8152
4014 4172 8157
4072 4149 8199
4117 4123 8233
4071 4097 8147
4039 4095 8133
4030 4076 8070
4118 4164 8254
4128 4189 8299
4062 4081 8135
4173 4187 8349
4010 4097 8086
4031 4164 8176
4187 4193 8358
4055 4089 8139
4120 4174 8262
4160 4187 8343
4130 4148 8257
4009 4181 8162
4186 4191 8347
4130 4194 8303
4144 4152 8287
4057 4172 8223
4125 4130 8223
4062 4137 8181
4188 4193 8377
4075 4198 8246
4063 4171 8211
4011 4043 8028
4195 4200 8369
4198 4199 8390
4192 4194 8359
4157 4178 8326
4139 4145 8254
4138 4176 8296
4195 4197 8366
4175 4186 8323
4140 4174 8290
4164 4199 8362
4086 4178 8238
4046 4141 8150
4044 4111 8128
4164 4166 8307
4024 4153 8163
4176 4195 8359
4185 4191 8347
4174 4181 8346
4026 4124 8115
4020 4085 8076
4188 4196 8346
4064 4138 8192
4113 4117 8220
4163 4184 8335
4011 4070 8043
4156 4197 8339
4018 4154 8138
4031 4178 8171
4135 4178 8280
4117 4188 8267
4086 4120 8196
4138 4177 8276
4183 4188 8337
4118 4130 8226
4056 4107 8150
4137 4154 8274
4020 4117 8136
4073 4171 8210
4164 4191 8342
4059 4075 8131
4119 4161 8261
4181 4198 8365
4058 4146 8181
4060 4122 8167
4063 4144 8199
4100 4107 8187
4114 4156 8239
4142 4185 8301
4118 4153 8256
4147 4176 8315
4082 4128 8194
4186 4193 8368
4077 4185 8231
4146 4159 8271
4157 4165 8319
4043 4047 8079
4159 4184 8312
4014 4076 8055
4158 4183 8320
4083 4086 8136
4020 4058 8070
4180 4183 8345
4037 4045 8075
4074 4187 8224
4086 4152 8203
4040 4151 8190
4001 4199 8194
4067 4085 8139
4057 4147 8185
4007 4136 8113
4150 4182 8319
4001 4143 8126
4062 4192 8246
4058 4151 8194
4120 4171 8287
4170 4188 8334
4159 4193 8341
4171 4189 8355
4081 4114 8177
4105 4141 8232
4081 4190 8253
4020 4072 8091
4038 4055 8086
4162 4176 8299
4111 4164 8252
4030 4103 8113
4144 4176 8293
4025 4119 8117
4083 4109 8187
4039 4194 8228
4121 4179 8281
4052 4068 8107
4018 4150 8158
4047 4126 8165
4125 4145 8265
4178 4182 8336
4024 4174 8160
4196 4199 8383
4179 4198 8358
4099 4137 8230
4176 4182 8329
4091 4101 8183
4075 4128 8183
4033 4121 8152
4073 4081 8128
4138 4144 8270
4106 4123 8215
4071 4119 8175
4045 4146 8160
4155 4168 8308
4107 4114 8195
4081 4150 8208
4187 4192 8347
4043 4078 8107
4192 4193 8353
4180 4198 8351
4135 4199 8318
4044 4113 8145
4153 4165 8314
4110 4124 8233
4064 4188 8220
4111 4158 8253
4123 4144 8243
4128 4142 8234
4138 4199 8327
4190 4198 8369
4148 4154 8270
4195 4200 8381
4132 4170 8276
4152 4164 8283
4126 4189 8314
4113 4190 8264
4076 4148 8200
4166 4185 8323
4082 4143 8202
4061 4108 8159
4073 4101 8170
4101 4107 8188
4182 4188 8334
4188 4200 8386
4129 4162 8282
4148 4162 8277
4009 4110 8099
4070 4125 8158
4164 4178 8310
4135 4199 8316
4142 4170 8303
4199 4200 8365
4096 4099 8191
4069 4106 8146
4191 4197 8351
4178 4194 8359
4093 4159 8221
4047 4161 8205
4188 4197 8372
4000 4115 8096
4187 4192 8352
4066 4151 8205
4164 4183 8320
4109 4135 8235
4131 4145 8241
4046 4063 8096
4042 4059 8080
4012 4198 8179
4051 4054 8083
4119 4172 8272
4003 4086 8076
4067 4157 8197
4061 4072 8095

0.010000 0.490000
