900
4740268
3162 3165 6327
3181 3184 6365
3060 3162 6222
3018 3132 6150
3015 3016 6031
3032 3078 6110
3139 3177 6316
3017 3079 6096
3032 3102 6134
3062 3084 6146
3194 3200 6394
3032 3107 6139
3194 3200 6394
3071 3168 6239
3041 3143 6184
3090 3142 6232
3125 3157 6282
3028 3127 6155
3195 3200 6395
3014 3196 6210
3107 3121 6228
3144 3159 6303
3033 3153 6186
3006 3062 6068
3009 3039 6048
3000 3133 6133
3080 3122 6202
3129 3149 6278
3067 3122 6189
3149 3151 6300
3157 3169 6326
3195 3196 6391
3083 3122 6205
3078 3154 6232
3143 3168 6311
3115 3131 6246
3018 3039 6057
3002 3175 6177
3197 3200 6397
3109 3118 6227
3145 3176 6321
3030 3181 6211
3010 3021 6031
3168 3190 6358
3097 3168 6265
3163 3185 6348
3005 3197 6202
3050 3181 6231
3018 3183 6201
3107 3123 6230
3069 3072 6141
3066 3155 6221
3176 3200 6376
3173 3196 6369
3109 3114 6223
3110 3150 6260
3004 3188 6192
3055 3104 6159
3027 3132 6159
3118 3185 6303
3018 3189 6207
3004 3194 6198
3031 3163 6194
3096 3126 6222
3110 3158 6268
3021 3093 6114
3162 3190 6352
3165 3189 6354
3108 3115 6223
3020 3102 6122
3092 3152 6244
3059 3089 6148
3159 3193 6352
3190 3191 6381
3130 3162 6292
3027 3145 6172
3002 3100 6102
3192 3195 6387
3151 3159 6310
3110 3161 6271
3029 3199 6228
3181 3188 6369
3154 3162 6316
3075 3119 6194
3049 3178 6227
3054 3137 6191
3168 3175 6343
3140 3194 6334
3071 3139 6210
3082 3114 6196
3147 3198 6345
3049 3117 6166
3102 3113 6215
3192 3198 6390
3067 3128 6195
3164 3193 6357
3036 3080 6116
3099 3177 6276
3163 3187 6350
3135 3189 6324
3094 3150 6244
3140 3169 6309
3095 3192 6287
3162 3177 6339
3074 3112 6186
3014 3068 6082
3148 3161 6309
3105 3108 6213
3171 3193 6364
3061 3167 6228
3175 3195 6370
3021 3050 6071
3031 3111 6142
3000 3077 6077
3106 3133 6239
3081 3171 6252
3038 3142 6180
3025 3037 6062
3084 3111 6195
3127 3151 6278
3075 3181 6256
3097 3162 6259
3088 3199 6287
3043 3056 6099
3103 3200 6303
3121 3198 6319
3177 3188 6365
3000 3062 6062
3171 3195 6366
3022 3154 6176
3075 3098 6173
3010 3099 6109
3190 3200 6390
3060 3151 6211
3077 3135 6212
3051 3094 6145
3112 3126 6238
3134 3194 6328
3094 3161 6255
3073 3112 6185
3110 3177 6287
3148 3163 6311
3197 3200 6397
3135 3163 6298
3079 3131 6210
3005 3189 6194
3156 3200 6356
3043 3165 6208
3157 3172 6329
3039 3156 6195
3023 3061 6084
3136 3163 6299
3127 3170 6297
3045 3121 6166
3169 3191 6360
3196 3198 6394
3142 3186 6328
3071 3157 6228
3192 3194 6386
3140 3160 6300
3117 3136 6253
3159 3171 6330
3170 3180 6350
3053 3143 6196
3047 3086 6133
3019 3125 6144
3199 3200 6399
3022 3107 6129
3147 3156 6303
3102 3164 6266
3081 3142 6223
3092 3176 6268
3123 3149 6272
3004 3188 6192
3000 3122 6122
3070 3186 6256
3045 3070 6115
3093 3152 6245
3050 3115 6165
3034 3110 6144
3192 3195 6387
3120 3162 6282
3146 3175 6321
3126 3184 6310
3163 3176 6339
3124 3173 6297
3096 3108 6204
3059 3156 6215
3074 3075 6149
3034 3186 6220
3145 3200 6345
3015 3110 6125
3090 3092 6182
3071 3083 6154
3128 3131 6259
3049 3173 6222
3150 3158 6308
3192 3198 6390
3189 3196 6385
3034 3087 6121
3075 3141 6216
3198 3199 6397
3132 3186 6318
3034 3066 6100
3016 3109 6125
3156 3186 6342
3129 3185 6314
3103 3181 6284
3161 3199 6360
3118 3138 6256
3042 3105 6147
3077 3126 6203
3030 3073 6103
3101 3128 6229
3109 3184 6293
3026 3195 6221
3103 3127 6230
3055 3192 6247
3043 3070 6113
3161 3170 6331
3059 3072 6131
3003 3179 6182
3196 3199 6395
3057 3104 6161
3129 3149 6278
3140 3178 6318
3181 3186 6367
3094 3095 6189
3125 3146 6271
3133 3135 6268
3031 3102 6133
3048 3186 6234
3174 3176 6350
3023 3048 6071
3017 3196 6213
3018 3065 6083
3103 3175 6278
3070 3167 6237
3024 3079 6103
3021 3189 6210
3140 3152 6292
3026 3083 6109
3165 3190 6355
3045 3150 6195
3032 3041 6073
3020 3088 6108
3096 3178 6274
3164 3193 6357
3156 3184 6340
3022 3028 6050
3003 3160 6163
3181 3187 6368
3162 3182 6344
3016 3152 6168
3097 3164 6261
3163 3182 6345
3026 3060 6086
3040 3143 6183
3064 3160 6224
3067 3170 6237
3195 3197 6392
3001 3190 6191
3108 3163 6271
3159 3161 6320
3014 3077 6091
3135 3159 6294
3014 3107 6121
3084 3098 6182
3031 3120 6151
3153 3184 6337
3053 3128 6181
3134 3168 6302
3118 3149 6267
3120 3193 6313
3099 3126 6225
3057 3101 6158
3189 3200 6389
3022 3103 6125
3018 3073 6091
3131 3188 6319
3049 3154 6203
3162 3190 6352
3112 3184 6296
3184 3193 6377
3045 3058 6103
3083 3147 6230
3096 3149 6245
3197 3200 6397
3125 3158 6283
3170 3199 6369
3130 3194 6324
3097 3137 6234
3025 3052 6077
3028 3196 6224
3062 3155 6217
3024 3043 6067
3114 3129 6243
3120 3132 6252
3148 3161 6309
3185 3187 6372
3017 3028 6045
3085 3118 6203
3175 3190 6365
3122 3149 6271
3181 3189 6370
3159 3182 6341
3099 3171 6270
3082 3095 6177
3133 3157 6290
3196 3197 6393
3148 3152 6300
3151 3160 6311
3126 3134 6260
3169 3172 6341
3081 3084 6165
3177 3186 6363
3183 3188 6371
3122 3146 6268
3168 3170 6338
3118 3173 6291
3091 3115 6206
3018 3028 6046
3075 3160 6235
3159 3189 6348
3045 3087 6132
3190 3198 6388
3131 3190 6321
3066 3140 6206
3147 3189 6336
3048 3171 6219
3187 3194 6381
3057 3086 6143
3116 3172 6288
3122 3190 6312
3152 3163 6315
3162 3189 6351
3139 3150 6289
3129 3187 6316
3167 3174 6341
3008 3154 6162
3032 3112 6144
3101 3144 6245
3190 3195 6385
3049 3051 6100
3124 3191 6315
3029 3143 6172
3072 3165 6237
3057 3101 6158
3109 3189 6298
3191 3195 6386
3155 3180 6335
3191 3198 6389
3107 3139 6246
3063 3131 6194
3139 3149 6288
3182 3195 6377
3026 3062 6088
3167 3179 6346
3148 3183 6331
3078 3101 6179
3008 3194 6202
3185 3194 6379
3147 3191 6338
3115 3140 6255
3184 3194 6378
3161 3171 6332
3166 3193 6359
3134 3145 6279
3183 3192 6375
3069 3111 6180
3149 3178 6327
3066 3177 6243
3191 3193 6384
3040 3141 6181
3040 3089 6129
3081 3166 6247
3194 3196 6390
3084 3174 6258
3051 3084 6135
3032 3167 6199
3137 3197 6334
3025 3161 6186
3119 3184 6303
3039 3154 6193
3077 3178 6255
3075 3192 6267
3106 3181 6287
3173 3183 6356
3173 3194 6367
3048 3091 6139
3105 3113 6218
3012 3105 6117
3041 3080 6121
3153 3169 6322
3020 3159 6179
3096 3128 6224
3149 3189 6338
3168 3175 6343
3098 3135 6233
3109 3127 6236
3130 3131 6261
3179 3190 6369
3070 3111 6181
3041 3042 6083
3113 3189 6302
3055 3189 6244
3122 3191 6313
3135 3138 6273
3176 3188 6364
3104 3108 6212
3035 3112 6147
3157 3197 6354
3074 3197 6271
3159 3188 6347
3157 3195 6352
3055 3084 6139
3026 3070 6096
3181 3193 6374
3039 3128 6167
3125 3190 6315
3160 3179 6339
3095 3138 6233
3025 3122 6147
3091 3139 6230
3046 3077 6123
3066 3118 6184
3141 3162 6303
3079 3118 6197
3108 3110 6218
3120 3167 6287
3124 3142 6266
3000 3174 6174
3010 3131 6141
3179 3196 6375
3130 3146 6276
3164 3192 6356
3078 3152 6230
3161 3196 6357
3188 3192 6380
3161 3171 6332
3063 3163 6226
3112 3141 6253
3016 3137 6153
3008 3198 6206
3073 3179 6252
3179 3181 6360
3188 3192 6380
3199 3200 6399
3097 3120 6217
3165 3200 6365
3116 3141 6257
3142 3153 6295
3066 3129 6195
3109 3178 6287
3126 3187 6313
3099 3160 6259
3144 3185 6329
3091 3174 6265
3159 3175 6334
3097 3153 6250
3060 3196 6256
3137 3200 6337
3044 3110 6154
3078 3122 6200
3113 3144 6257
3085 3154 6239
3145 3153 6298
3116 3165 6281
3199 3200 6399
3150 3177 6327
3053 3152 6205
3018 3178 6196
3134 3150 6284
3188 3190 6378
3065 3134 6199
3074 3188 6262
3180 3185 6365
3068 3092 6160
3166 3186 6352
3190 3194 6384
3186 3191 6377
3003 3043 6046
3119 3165 6284
3047 3131 6178
3107 3109 6216
3139 3159 6298
3118 3191 6309
3126 3199 6325
3174 3191 6365
3188 3195 6383
3002 3018 6020
3198 3199 6397
3142 3154 6296
3076 3113 6189
3025 3151 6176
3016 3023 6039
3111 3197 6308
3033 3093 6126
3138 3150 6288
3160 3185 6345
3091 3121 6212
3149 3163 6312
3158 3200 6358
3120 3132 6252
3021 3123 6144
3171 3178 6349
3064 3125 6189
3059 3113 6172
3189 3191 6380
3058 3189 6247
3033 3063 6096
3021 3105 6126
3109 3171 6280
3127 3176 6303
3049 3136 6185
3144 3186 6330
3132 3198 6330
3063 3089 6152
3074 3191 6265
3185 3197 6382
3192 3196 6388
3076 3124 6200
3174 3175 6349
3141 3171 6312
3192 3197 6389
3167 3195 6362
3124 3141 6265
3053 3157 6210
3131 3154 6285
3183 3200 6383
3183 3186 6369
3177 3184 6361
3106 3130 6236
3000 3079 6079
3175 3186 6361
3051 3170 6221
3077 3161 6238
3159 3187 6346
3139 3199 6338
3083 3089 6172
3020 3072 6092
3181 3191 6372
3199 3200 6399
3043 3108 6151
3171 3193 6364
3193 3194 6387
3145 3153 6298
3155 3199 6354
3164 3189 6353
3011 3079 6090
3162 3178 6340
3063 3111 6174
3047 3077 6124
3029 3099 6128
3091 3121 6212
3174 3184 6358
3020 3123 6143
3020 3058 6078
3197 3199 6396
3126 3191 6317
3085 3174 6259
3087 3121 6208
3190 3191 6381
3158 3188 6346
3037 3085 6122
3046 3146 6192
3136 3194 6330
3164 3179 6343
3172 3184 6356
3039 3047 6086
3163 3177 6340
3016 3191 6207
3136 3143 6279
3149 3180 6329
3094 3156 6250
3145 3146 6291
3059 3065 6124
3050 3178 6228
3097 3123 6220
3013 3050 6063
3059 3167 6226
3013 3065 6078
3046 3197 6243
3174 3184 6358
3002 3040 6042
3014 3024 6038
3112 3148 6260
3122 3134 6256
3074 3166 6240
3177 3181 6358
3060 3102 6162
3139 3147 6286
3037 3058 6095
3090 3092 6182
3088 3190 6278
3184 3189 6373
3139 3194 6333
3040 3067 6107
3033 3180 6213
3171 3190 6361
3069 3138 6207
3019 3189 6208
3120 3152 6272
3077 3138 6215
3033 3165 6198
3146 3160 6306
3118 3183 6301
3046 3065 6111
3118 3162 6280
3032 3133 6165
3103 3111 6214
3105 3174 6279
3178 3182 6360
3175 3194 6369
3013 3067 6080
3166 3177 6343
3041 3121 6162
3151 3160 6311
3047 3092 6139
3129 3165 6294
3001 3090 6091
3128 3154 6282
3121 3169 6290
3027 3192 6219
3044 3053 6097
3086 3122 6208
3180 3194 6374
3111 3143 6254
3076 3078 6154
3076 3083 6159
3121 3144 6265
3087 3112 6199
3173 3191 6364
3004 3169 6173
3138 3188 6326
3064 3082 6146
3111 3139 6250
3060 3170 6230
3161 3192 6353
3131 3153 6284
3075 3115 6190
3036 3169 6205
3172 3193 6365
3197 3199 6396
3183 3199 6382
3143 3155 6298
3153 3193 6346
3120 3132 6252
3005 3167 6172
3057 3181 6238
3142 3146 6288
3186 3191 6377
3153 3158 6311
3168 3179 6347
3019 3115 6134
3023 3064 6087
3041 3123 6164
3004 3141 6145
3084 3166 6250
3114 3126 6240
3113 3183 6296
3019 3114 6133
3017 3103 6120
3193 3194 6387
3054 3189 6243
3016 3185 6201
3120 3173 6293
3161 3186 6347
3043 3116 6159
3059 3180 6239
3109 3140 6249
3015 3055 6070
3146 3162 6308
3047 3155 6202
3160 3164 6324
3137 3187 6324
3013 3097 6110
3007 3010 6017
3144 3157 6301
3148 3153 6301
3117 3135 6252
3066 3137 6203
3094 3165 6259
3102 3142 6244
3050 3199 6249
3128 3186 6314
3188 3191 6379
3094 3134 6228
3020 3165 6185
3189 3192 6381
3126 3161 6287
3018 3196 6214
3185 3198 6383
3045 3064 6109
3065 3162 6227
3033 3148 6181
3159 3170 6329
3104 3121 6225
3188 3189 6377
3002 3008 6010
3099 3131 6230
3080 3152 6232
3108 3182 6290
3083 3183 6266
3131 3159 6290
3175 3197 6372
3067 3089 6156
3158 3180 6338
3097 3136 6233
3094 3123 6217
3195 3199 6394
3129 3134 6263
3153 3188 6341
3139 3175 6314
3111 3163 6274
3197 3199 6396
3052 3088 6140
3122 3179 6301
3122 3161 6283
3073 3148 6221
3029 3104 6133
3111 3124 6235
3012 3148 6160
3062 3135 6197
3196 3199 6395
3003 3027 6030
3137 3197 6334
3117 3131 6248
3128 3156 6284
3044 3100 6144
3036 3155 6191
3064 3070 6134
3058 3103 6161
3169 3181 6350
3068 3125 6193
3183 3198 6381
3055 3078 6133
3086 3158 6244
3037 3179 6216
3140 3167 6307
3181 3196 6377
3172 3188 6360
3041 3138 6179
3040 3155 6195
3114 3191 6305
3196 3200 6396
3176 3181 6357
3078 3123 6201
3088 3167 6255
3197 3198 6395
3078 3089 6167
3023 3048 6071
3197 3199 6396
3068 3192 6260
3124 3179 6303
3167 3190 6357
3122 3144 6266
3147 3180 6327
3169 3187 6356
3192 3200 6392
3186 3198 6384
3133 3183 6316
3137 3147 6284
3045 3095 6140
3197 3198 6395
3079 3166 6245
3126 3165 6291
3194 3199 6393
3125 3176 6301
3170 3200 6370
3125 3192 6317
3146 3166 6312
3072 3101 6173
3017 3176 6193
3148 3192 6340
3024 3094 6118
3047 3081 6128
3182 3200 6382
3186 3193 6379
3065 3134 6199
3190 3193 6383
3177 3183 6360
3072 3182 6254
3177 3178 6355
3043 3117 6160
3179 3194 6373
3190 3193 6383
3037 3152 6189
3108 3115 6223
3174 3197 6371
3120 3174 6294
3064 3100 6164
3140 3190 6330
3057 3071 6128
3010 3026 6036
3025 3030 6055
3102 3153 6255
3139 3186 6325
3145 3155 6300
3197 3200 6397
3133 3138 6271
3045 3113 6158
3100 3194 6294
3120 3130 6250
3115 3182 6297
3013 3076 6089
3010 3175 6185
3122 3175 6297
3024 3092 6116
3191 3192 6383
3150 3156 6306
3095 3171 6266
3188 3196 6384
3094 3133 6227
3183 3186 6369
3126 3167 6293
3104 3170 6274
3019 3169 6188
3052 3078 6130
3159 3199 6358
3065 3155 6220
3021 3191 6212
3015 3192 6207
3142 3146 6288
3023 3174 6197
3161 3198 6359
3153 3199 6352
3196 3198 6394
3156 3157 6313
3115 3147 6262
3087 3197 6284
3071 3174 6245
3064 3179 6243
3046 3105 6151
3106 3122 6228
3024 3097 6121
3060 3117 6177
3016 3082 6098
3013 3193 6206
3141 3170 6311
3069 3144 6213
3153 3193 6346
3186 3190 6376
3088 3152 6240
3188 3195 6383
3084 3121 6205
3021 3105 6126
3135 3137 6272
3139 3183 6322
3190 3199 6389
3028 3048 6076
3133 3170 6303
3114 3171 6285
3199 3200 6399
3039 3155 6194
3033 3194 6227
3017 3050 6067
3150 3169 6319
3140 3195 6335
3037 3114 6151
3016 3109 6125
3017 3091 6108
3038 3176 6214
3025 3081 6106
3149 3198 6347
3069 3082 6151
3135 3150 6285
3168 3174 6342
3062 3082 6144
3058 3154 6212
3139 3188 6327
3090 3169 6259
3191 3198 6389
3010 3194 6204
3190 3192 6382
3075 3174 6249
3133 3158 6291
3027 3132 6159
3184 3193 6377
3164 3169 6333
3124 3155 6279
3115 3157 6272
3080 3120 6200
3144 3166 6310
3173 3193 6366
3059 3060 6119
3006 3092 6098
3042 3191 6233
3092 3157 6249
3015 3043 6058
3125 3170 6295
3036 3041 6077
3041 3156 6197
3060 3083 6143
3047 3109 6156
3002 3185 6187
3044 3051 6095
3170 3181 6351
3155 3195 6350
3008 3177 6185

4135 4170 8298
4167 4174 8339
4140 4164 8272
4099 4169 8253
4084 4119 8177
4112 4181 8257
4088 4200 8282
4054 4129 8162
4199 4200 8389
4187 4194 8355
4015 4105 8101
4112 4171 8247
4046 4163 8179
4172 4200 8371
4070 4144 8176
4082 4111 8178
4007 4164 8152
4007 4120 8119
4164 4184 8328
4043 4120 8155
4067 4145 8180
4014 4129 8105
4150 4181 8300
4173 4184 8330
4083 4187 8247
4027 4171 8162
4044 4140 8171
4060 4079 8127
4022 4130 8144
4092 4098 8180
4003 4121 8106
4168 4182 8344
4123 4139 8227
4152 4168 8317
4131 4175 8277
4174 4177 8328
4100 4176 8257
4164 4181 8341
4179 4189 8339
4185 4193 8354
4067 4199 8250
4067 4198 8243
4036 4119 8139
4070 4147 8204
4121 4130 8230
4013 4040 8039
4035 4155 8169
4015 4095 8072
4172 4173 8336
4038 4116 8122
4002 4115 8082
4191 4195 8385
4160 4192 8329
4033 4171 8198
4176 4177 8327
4192 4199 8359
4041 4103 8119
4030 4037 8038
4119 4194 8286
4025 4180 8190
4159 4163 8305
4154 4167 8306
4087 4157 8229
4139 4145 8256
4083 4195 8256
4038 4076 8085
4145 4170 8300
4013 4144 8136
4096 4138 8214
4138 4148 8272
4102 4181 8252
4062 4141 8186
4141 4174 8309
4026 4142 8155
4001 4092 8066
4099 4115 8195
4170 4173 8328
4105 4137 8210
4113 4144 8240
4025 4091 8109
4081 4136 8211
4093 4138 8203
4162 4190 8335
4157 4166 8314
4086 4191 8268
4123 4175 8277
4078 4192 8266
4169 4199 8360
4025 4187 8200
4163 4164 8288
4112 4169 8259
4001 4088 8057
4035 4194 8198
4047 4088 8117
4017 4032 8033
4007 4040 8021
4087 4121 8188
4040 4189 8219
4118 4145 8259
4074 4176 8216
4170 4193 8350
4009 4198 8181
4145 4163 8292
4006 4161 8137
4021 4026 8027
4128 4141 8249
4182 4200 8369
4152 4162 8306
4011 4046 8029
4153 4196 8344
4025 4103 8123
4040 4182 8200
4014 4191 8182
4045 4118 8127
4005 4199 8203
4179 4200 8364
4078 4161 8204
4106 4177 8251
4160 4188 8322
4097 4120 8206
4099 4152 8242
4164 4176 8329
4165 4189 8343
4004 4186 8169
4090 4128 8182
4044 4047 8061
4009 4080 8074
4122 4152 8244
4031 4174 8167
4119 4172 8280
4137 4140 8263
4181 4187 8356
4057 4165 8210
4154 4184 8324
4195 4199 8387
4016 4126 8112
4164 4185 8333
4149 4163 8281
4132 4186 8288
4116 4157 8237
4034 4122 8142
4093 4199 8283
4018 4182 8168
4002 4116 8109
4082 4101 8149
4173 4183 8343
4011 4054 8053
4035 4109 8123
4006 4110 8103
4039 4106 8142
4061 4079 8130
4055 4122 8173
4047 4158 8181
4111 4200 8292
4174 4185 8329
4027 4112 8129
4100 4101 8182
4177 4179 8350
4078 4103 8147
4158 4195 8319
4034 4043 8056
4115 4138 8241
4139 4160 8274
4124 4148 8258
4165 4193 8320
4173 4190 8359
4173 4177 8322
4116 4176 8286
4080 4093 8153
4008 4121 8122
4155 4169 8290
4047 4151 8193
4073 4135 8198
4052 4179 8218
4045 4170 8208
4177 4191 8349
4151 4176 8308
4143 4173 8284
4107 4153 8225
4037 4154 8179
4184 4186 8367
4170 4187 8344
4181 4200 8359
4043 4067 8108
4078 4176 8249
4133 4179 8298
4116 4193 8278
4093 4124 8183
4153 4182 8315
4037 4149 8159
4008 4104 8079
4106 4183 8269
4043 4135 8142
4044 4124 8143
4108 4178 8267
4105 4166 8269
4047 4200 8220
4194 4199 8364
4198 4200 8392
4082 4097 8153
4042 4077 8102
4170 4177 8326
4035 4056 8063
4074 4186 8243
4198 4199 8381
4056 4103 8123
4017 4075 8088
4053 4144 8171
4077 4126 8190
4057 4196 8246
4134 4192 8325
4199 4200 8389
4067 4087 8125
4075 4093 8142
4025 4037 8053
4014 4023 8002
4190 4199 8374
4134 4136 8258
4151 4189 8330
4098 4128 8207
4041 4143 8171
4050 4149 8196
4145 4149 8265
4143 4181 8299
4023 4096 8107
4034 4165 8193
4011 4014 7997
4124 4195 8316
4157 4195 8326
4145 4174 8301
4055 4137 8189
4043 4136 8145
4146 4188 8301
4116 4160 8247
4002 4174 8142
4059 4185 8233
4059 4082 8104
4023 4146 8168
4183 4190 8345
4196 4198 8365
4138 4179 8281
4100 4158 8225
4051 4166 8191
4107 4128 8209
4182 4196 8351
4025 4139 8162
4161 4185 8309
4071 4119 8155
4008 4125 8121
4129 4170 8297
4118 4129 8209
4043 4187 8215
4132 4137 8260
4094 4123 8207
4071 4175 8209
4035 4196 8212
4167 4171 8323
4124 4136 8245
4096 4157 8232
4147 4166 8275
4128 4183 8292
4041 4111 8140
4128 4173 8279
4014 4066 8053
4009 4012 8018
4196 4198 8368
4011 4018 8022
4005 4137 8123
4143 4168 8290
4066 4109 8169
4055 4132 8165
4000 4041 8035
4039 4123 8124
4168 4169 8300
4067 4126 8163
4185 4188 8368
4163 4200 8328
4190 4199 8369
4052 4149 8196
4142 4174 8300
4013 4173 8161
4048 4154 8178
4010 4092 8064
4159 4200 8349
4035 4092 8124
4050 4168 8194
4162 4193 8335
4032 4170 8182
4091 4130 8214
4132 4173 8287
4132 4138 8249
4152 4159 8305
4032 4198 8193
4131 4192 8285
4000 4161 8150
4164 4178 8323
4141 4154 8293
4178 4187 8354
4156 4170 8297
4045 4105 8121
4010 4151 8145
4129 4136 8257
4112 4196 8301
4145 4173 8297
4140 4172 8306
4101 4157 8229
4069 4108 8143
4087 4145 8211
4121 4196 8292
4128 4137 8226
4067 4168 8212
4004 4043 8009
4075 4080 8142
4025 4057 8062
4130 4184 8312
4086 4133 8197
4028 4099 8101
4022 4183 8198
4163 4188 8346
4174 4196 8355
4003 4196 8198
4120 4131 8227
4063 4133 8164
4147 4153 8280
4150 4159 8276
4191 4195 8372
4183 4185 8340
4148 4154 8274
4176 4183 8348
4008 4042 8013
4085 4154 8216
4189 4191 8378
4195 4196 8367
4180 4197 8374
4131 4132 8245
4157 4184 8311
4129 4183 8276
4082 4087 8159
4130 4138 8241
4079 4111 8164
4072 4133 8199
4096 4112 8177
4101 4123 8190
4088 4190 8261
4124 4191 8303
4181 4184 8342
4103 4165 8246
4000 4096 8086
4169 4170 8323
4177 4193 8334
4185 4198 8369
4148 4181 8304
4032 4163 8170
4097 4140 8201
4120 4131 8238
4010 4134 8125
4000 4104 8073
4157 4176 8302
4094 4164 8231
4174 4198 8361
4105 4132 8230
4140 4144 8276
4096 4128 8217
4044 4157 8181
4076 4079 8118
4051 4156 8190
4119 4200 8306
4190 4199 8359
4047 4180 8223
4009 4133 8113
4106 4148 8215
4089 4125 8206
4072 4181 8241
4077 4147 8218
4187 4192 8352
4114 4130 8206
4079 4133 8190
4108 4161 8247
4064 4120 8176
4110 4125 8199
4120 4140 8249
4013 4140 8127
4037 4055 8075
4066 4131 8176
4032 4186 8196
4079 4171 8249
4016 4120 8127
4127 4150 8260
4144 4178 8295
4061 4083 8116
4013 4050 8057
4002 4121 8097
4007 4167 8136
4176 4184 8343
4098 4178 8272
4091 4194 8248
4068 4136 8170
4101 4198 8297
4189 4197 8354
4179 4184 8327
4060 4141 8183
4056 4075 8095
4164 4174 8329
4051 4098 8133
4185 4197 8380
4153 4190 8309
4085 4197 8278
4050 4153 8180
4115 4147 8225
4181 4183 8339
4166 4184 8339
4031 4142 8171
4187 4190 8361
4184 4197 8377
4127 4152 8243
4160 4197 8324
4149 4178 8296
4097 4110 8206
4142 4181 8284
4081 4117 8181
4180 4193 8338
4094 4124 8181
4083 4097 8168
4081 4169 8235
4156 4181 8321
4194 4199 8360
4054 4197 8215
4176 4177 8346
4163 4171 8314
4083 4161 8216
4044 4122 8157
4149 4191 8324
4026 4147 8158
4176 4186 8359
4057 4110 8149
4071 4116 8180
4051 4125 8154
4162 4167 8302
4090 4187 8257
4057 4105 8160
4170 4196 8351
4186 4190 8343
4113 4200 8309
4148 4173 8287
4144 4157 8292
4043 4045 8065
4062 4131 8167
4111 4112 8191
4085 4182 8262
4161 4167 8297
4011 4174 8166
4129 4191 8301
4054 4195 8228
4082 4196 8267
4049 4177 8203
4178 4195 8366
4015 4119 8112
4050 4131 8176
4137 4140 8250
4190 4196 8379
4058 4137 8184
4149 4158 8305
4093 4161 8241
4043 4157 8178
4191 4195 8385
4033 4175 8205
4152 4196 8310
4156 4181 8336
4046 4074 8113
4074 4086 8142
4162 4168 8326
4078 4198 8271
4131 4136 8239
4049 4068 8081
4152 4191 8319
4147 4166 8280
4145 4149 8275
4038 4094 8116
4179 4186 8335
4022 4177 8189
4002 4048 8043
4157 4179 8333
4015 4040 8027
4030 4034 8050
4012 4185 8189
4103 4149 8228
4054 4152 8180
4181 4188 8357
4168 4187 8335
4082 4172 8225
4110 4146 8240
4050 4130 8174
4023 4111 8123
4075 4091 8159
4008 4192 8193
4189 4200 8384
4029 4178 8199
4034 4077 8110
4034 4129 8129
4115 4152 8264
4026 4108 8124
4151 4154 8273
4062 4110 8159
4042 4102 8143
4182 4188 8348
4179 4193 8366
4020 4092 8088
4118 4126 8215
4180 4189 8358
4073 4187 8242
4085 4109 8175
4085 4189 8249
4146 4189 8310
4014 4114 8108
4161 4165 8307
4144 4162 8299
4080 4130 8197
4070 4139 8195
4107 4135 8232
4163 4174 8326
4095 4140 8217
4168 4183 8325
4011 4164 8137
4150 4159 8303
4139 4143 8268
4133 4161 8272
4092 4097 8165
4171 4200 8365
4035 4072 8085
4069 4144 8176
4134 4160 8292
4162 4171 8313
4015 4110 8120
4185 4188 8355
4014 4051 8041
4068 4141 8171
4027 4190 8195
4096 4197 8255
4028 4136 8159
4189 4200 8356
4051 4200 8246
4187 4192 8357
4117 4191 8291
4141 4158 8274
4127 4129 8242
4076 4153 8226
4138 4140 8239
4071 4098 8155
4153 4162 8308
4087 4136 8204
4016 4052 8039
4050 4194 8210
4028 4072 8096
4134 4192 8309
4096 4105 8192
4017 4029 8043
4126 4156 8255
4122 4168 8260
4050 4136 8154
4126 4166 8287
4160 4171 8295
4000 4100 8090
4101 4126 8197
4148 4150 8283
4150 4152 8266
4130 4150 8257
4041 4099 8132
4124 4180 8274
4098 4185 8282
4095 4145 8216
4145 4186 8330
4022 4174 8177
4197 4199 8382
4078 4092 8142
4010 4132 8121
4084 4128 8205
4144 4157 8292
4198 4200 8372
4153 4162 8304
4180 4190 8361
4135 4138 8243
4089 4107 8185
4020 4069 8084
4125 4156 8274
4127 4172 8287
4114 4120 8197
4006 4039 8043
4051 4075 8107
4145 4179 8286
4003 4065 8057
4049 4195 8214
4109 4112 8219
4118 4134 8228
4172 4190 8334
4030 4098 8108
4190 4192 8356
4069 4159 8208
4033 4105 8107
4000 4182 8165
4034 4189 8210
4115 4118 8208
4154 4181 8307
4114 4182 8294
4083 4137 8197
4098 4114 8196
4168 4196 8356
4133 4165 8273
4101 4174 8269
4085 4122 8174
4078 4196 8238
4095 4150 8223
4006 4024 8018
4106 4195 8284
4037 4161 8170
4192 4198 8357
4185 4195 8351
4040 4044 8059
4157 4195 8323
4061 4093 8131
4085 4179 8263
4194 4198 8378
4137 4151 8256
4090 4183 8243
4160 4196 8352
4172 4193 8330
4073 4096 8155
4002 4121 8104
4146 4151 8295
4190 4194 8380
4069 4154 8219
4147 4170 8311
4175 4196 8340
4054 4102 8149
4023 4048 8042
4032 4117 8124
4044 4087 8108
4042 4136 8159
4114 4127 8217
4054 4110 8163
4157 4160 8312
4062 4071 8111
4026 4121 8130
4131 4164 8277
4094 4097 8162
4018 4102 8109
4124 4146 8231
4035 4182 8207
4016 4141 8137
4007 4035 8019
4022 4149 8149
4164 4191 8335
4158 4183 8337
4051 4181 8207
4001 4027 8014
4108 4159 8230
4112 4183 8262
4050 4126 8163
4134 4171 8300
4145 4180 8291
4143 4171 8288
4167 4182 8326
4143 4182 8290
4033 4184 8209
4010 4103 8093
4051 4162 8210
4103 4179 8264
4010 4176 8180
4007 4099 8079
4125 4163 8282
4164 4186 8324
4172 4184 8329
4110 4197 8272
4147 4187 8301
4099 4159 8220
4150 4174 8304
4050 4155 8180
4063 4092 8136
4196 4200 8381
4021 4120 8115
4193 4195 8384
4092 4104 8163
4079 4157 8222
4036 4064 8096
4142 4155 8284
4130 4161 8279
4182 4192 8337
4168 4196 8335
4044 4098 8123
4000 4022 8018
4069 4172 8238
4034 4155 8162
4141 4176 8308
4098 4102 8190
4087 4188 8263
4146 4153 8268
4187 4196 8378
4099 4199 8293
4002 4008 8002
4009 4019 8022
4118 4185 8286
4083 4174 8246
4061 4111 8148
4152 4178 8303
4199 4200 8395
4132 4200 8319
4161 4193 8335
4119 4130 8219
4092 4179 8233
4041 4146 8150
4069 4168 8205
4152 4163 8299
4173 4188 8326
4183 4199 8364
4078 4099 8168
4108 4192 8282
4150 4192 8319
4121 4165 8254
4015 4144 8146
4069 4079 8146
4124 4139 8251
4094 4105 8194
4164 4191 8318
4198 4200 8380
4141 4177 8312
4053 4123 8152
4061 4130 8162
4039 4080 8087
4075 4181 8221
4012 4058 8048
4176 4187 8344
4005 4184 8171
4121 4197 8304
4124 4149 8236
4143 4193 8309
4057 4098 8128
4153 4166 8302
4169 4191 8351
4092 4176 8239
4023 4044 8059
4036 4128 8127
4160 4182 8324
4185 4189 8345
4130 4150 8277
4003 4143 8129
4057 4166 8200
4045 4051 8085
4133 4178 8304
4060 4074 8123
4087 4088 8142
4171 4196 8352
4172 4199 8347
4009 4026 8029
4196 4199 8367
4188 4193 8348
4076 4184 8229
4110 4157 8265
4042 4180 8199
4120 4187 8288
4096 4197 8290
4065 4113 8148
4199 4200 8369
4089 4171 8247
4053 4168 8187
4062 4072 8126
4168 4185 8329
4008 4125 8110
4120 4139 8238
4155 4178 8324
4034 4076 8072
4147 4153 8281
4094 4105 8179
4000 4181 8159
4068 4070 8132
4110 4125 8226
4187 4190 8355
4115 4130 8244
4184 4189 8353
4017 4043 8031
4111 4192 8288
4091 4121 8206
4099 4191 8286
4115 4187 8286
4077 4149 8199
4138 4148 8260
4027 4099 8122
4053 4115 8137
4061 4069 8109
4120 4146 8237
4152 4188 8313
4081 4088 8145
4132 4169 8265
4029 4124 8144
4157 4200 8327
4052 4168 8204
4130 4172 8290
4031 4083 8099
4104 4116 8213
4153 4186 8305
4132 4146 8242
4037 4156 8172
4159 4162 8299
4095 4165 8238
4179 4192 8359
4010 4091 8087
4022 4153 8147
4078 4152 8226
4124 4151 8270
4125 4171 8258
4022 4045 8048
4045 4113 8132
4121 4198 8314
4128 4176 8284
4135 4141 8264
4103 4137 8202
4175 4197 8341
4071 4164 8211
4097 4144 8217
4015 4075 8066
4024 4124 8133
4148 4190 8333
4175 4189 8358
4089 4148 8221
4196 4198 8366
4032 4172 8182
4172 4182 8326
4154 4162 8311
4091 4123 8205
4179 4195 8347
4130 4165 8260
4034 4146 8142
4158 4181 8313
4087 4190 8243
4168 4200 8353
4049 4067 8107
4111 4157 8262
4025 4104 8104
4148 4152 8266
4079 4085 8158
4173 4182 8340
4042 4138 8166
4121 4131 8236
4024 4090 8084
4027 4087 8106
4029 4116 8140
4114 4116 8222
4023 4175 8197
4163 4167 8299
4193 4195 8379
4175 4189 8333
4042 4177 8182
4054 4100 8126
4169 4183 8314
4142 4170 8286
4013 4014 7994
4071 4166 8215
4153 4163 8300
4094 4134 8196
4163 4170 8299
4041 4196 8221
4099 4182 8274
4120 4189 8278
4099 4127 8193
4158 4181 8324
4114 4193 8295
4142 4146 8267
4063 4153 8180
4169 4176 8329
4142 4193 8301
4151 4169 8309
4066 4097 8136
4029 4134 8149
4121 4194 8295
4091 4110 8175
4025 4036 8051
4142 4186 8319
4153 4193 8317
4028 4109 8126
4154 4157 8306
4064 4150 8178
4167 4173 8307
4053 4067 8084
4181 4189 8332
4191 4192 8348
4199 4200 8362
4095 4166 8255
4160 4165 8323
4102 4116 8203
4128 4176 8287
4154 4171 8305
4055 4146 8193
4100 4178 8276
4118 4140 8221
4152 4172 8291
4027 4177 8203
4155 4194 8348
4109 4200 8278
4183 4185 8339
4041 4200 8217
4114 4125 8201
4192 4199 8381

0.010000 0.640000
