900
2149071
3165 3188 6353
3048 3085 6133
3132 3163 6295
3157 3175 6332
3034 3190 6224
3199 3200 6399
3153 3174 6327
3053 3145 6198
3060 3131 6191
3195 3198 6393
3172 3190 6362
3084 3125 6209
3095 3117 6212
3068 3091 6159
3076 3195 6271
3043 3060 6103
3030 3100 6130
3037 3120 6157
3091 3189 6280
3110 3116 6226
3125 3141 6266
3009 3013 6022
3172 3177 6349
3067 3092 6159
3180 3188 6368
3047 3162 6209
3071 3104 6175
3061 3137 6198
3112 3162 6274
3012 3082 6094
3064 3168 6232
3050 3142 6192
3104 3134 6238
3199 3200 6399
3073 3189 6262
3058 3125 6183
3149 3171 6320
3018 3175 6193
3148 3196 6344
3008 3070 6078
3099 3138 6237
3040 3120 6160
3118 3168 6286
3157 3200 6357
3016 3191 6207
3113 3181 6294
3183 3193 6376
3154 3186 6340
3138 3198 6336
3149 3166 6315
3094 3160 6254
3030 3070 6100
3045 3122 6167
3152 3183 6335
3053 3186 6239
3161 3182 6343
3004 3136 6140
3081 3086 6167
3104 3141 6245
3168 3183 6351
3031 3101 6132
3177 3195 6372
3051 3144 6195
3026 3055 6081
3157 3177 6334
3050 3090 6140
3123 3186 6309
3081 3088 6169
3020 3119 6139
3110 3134 6244
3133 3144 6277
3020 3113 6133
3198 3199 6397
3025 3181 6206
3110 3167 6277
3060 3154 6214
3038 3089 6127
3081 3121 6202
3163 3184 6347
3149 3164 6313
3155 3178 6333
3108 3181 6289
3154 3160 6314
3103 3121 6224
3147 3193 6340
3018 3031 6049
3151 3186 6337
3092 3105 6197
3004 3068 6072
3188 3200 6388
3171 3184 6355
3173 3191 6364
3030 3126 6156
3141 3161 6302
3193 3200 6393
3128 3161 6289
3021 3049 6070
3175 3189 6364
3090 3099 6189
3076 3107 6183
3101 3161 6262
3001 3022 6023
3172 3192 6364
3056 3139 6195
3190 3192 6382
3119 3168 6287
3165 3200 6365
3112 3121 6233
3081 3104 6185
3170 3184 6354
3182 3198 6380
3177 3191 6368
3107 3147 6254
3066 3138 6204
3118 3177 6295
3046 3080 6126
3009 3199 6208
3000 3052 6052
3195 3200 6395
3124 3134 6258
3060 3132 6192
3192 3200 6392
3048 3157 6205
3050 3162 6212
3103 3109 6212
3046 3177 6223
3107 3137 6244
3021 3049 6070
3118 3190 6308
3032 3160 6192
3061 3069 6130
3066 3093 6159
3193 3198 6391
3148 3195 6343
3055 3075 6130
3004 3161 6165
3129 3179 6308
3003 3182 6185
3179 3191 6370
3009 3065 6074
3178 3185 6363
3037 3174 6211
3105 3182 6287
3080 3149 6229
3112 3158 6270
3014 3159 6173
3050 3058 6108
3117 3136 6253
3118 3177 6295
3017 3193 6210
3145 3175 6320
3135 3176 6311
3173 3176 6349
3060 3064 6124
3088 3186 6274
3177 3183 6360
3017 3034 6051
3133 3200 6333
3072 3098 6170
3183 3193 6376
3026 3048 6074
3019 3140 6159
3077 3151 6228
3076 3137 6213
3001 3117 6118
3134 3136 6270
3113 3183 6296
3105 3187 6292
3032 3169 6201
3162 3191 6353
3031 3108 6139
3048 3086 6134
3095 3172 6267
3170 3175 6345
3195 3199 6394
3081 3187 6268
3076 3196 6272
3194 3199 6393
3031 3050 6081
3107 3155 6262
3098 3198 6296
3119 3139 6258
3128 3157 6285
3159 3186 6345
3069 3120 6189
3074 3095 6169
3162 3193 6355
3169 3173 6342
3044 3152 6196
3001 3066 6067
3137 3186 6323
3153 3200 6353
3047 3116 6163
3080 3186 6266
3058 3154 6212
3033 3074 6107
3171 3190 6361
3105 3159 6264
3104 3116 6220
3118 3130 6248
3068 3071 6139
3103 3157 6260
3186 3194 6380
3091 3185 6276
3145 3187 6332
3016 3195 6211
3180 3188 6368
3124 3173 6297
3198 3199 6397
3188 3199 6387
3021 3188 6209
3081 3089 6170
3149 3196 6345
3112 3117 6229
3001 3052 6053
3051 3101 6152
3197 3200 6397
3056 3139 6195
3192 3196 6388
3043 3078 6121
3032 3124 6156
3148 3184 6332
3014 3103 6117
3048 3082 6130
3143 3199 6342
3009 3094 6103
3171 3193 6364
3001 3062 6063
3057 3060 6117
3099 3110 6209
3085 3150 6235
3059 3120 6179
3067 3199 6266
3105 3197 6302
3052 3162 6214
3045 3143 6188
3145 3151 6296
3153 3178 6331
3094 3123 6217
3042 3122 6164
3165 3200 6365
3093 3154 6247
3131 3189 6320
3037 3108 6145
3079 3128 6207
3070 3130 6200
3156 3168 6324
3052 3075 6127
3198 3199 6397
3111 3196 6307
3111 3175 6286
3054 3068 6122
3069 3075 6144
3028 3125 6153
3046 3055 6101
3110 3193 6303
3129 3174 6303
3036 3067 6103
3136 3194 6330
3180 3187 6367
3153 3178 6331
3021 3107 6128
3079 3172 6251
3193 3200 6393
3047 3144 6191
3159 3161 6320
3123 3188 6311
3179 3196 6375
3022 3053 6075
3019 3086 6105
3158 3177 6335
3018 3197 6215
3091 3131 6222
3117 3165 6282
3122 3182 6304
3178 3188 6366
3168 3193 6361
3191 3199 6390
3047 3118 6165
3185 3193 6378
3070 3076 6146
3151 3191 6342
3105 3130 6235
3058 3148 6206
3051 3162 6213
3131 3169 6300
3177 3178 6355
3034 3143 6177
3149 3169 6318
3011 3012 6023
3122 3150 6272
3043 3189 6232
3061 3094 6155
3199 3200 6399
3143 3170 6313
3007 3103 6110
3118 3133 6251
3002 3174 6176
3074 3082 6156
3071 3113 6184
3071 3144 6215
3111 3162 6273
3103 3149 6252
3188 3200 6388
3079 3146 6225
3075 3167 6242
3034 3096 6130
3173 3200 6373
3040 3185 6225
3067 3115 6182
3133 3175 6308
3066 3146 6212
3135 3140 6275
3135 3199 6334
3006 3009 6015
3183 3200 6383
3115 3133 6248
3199 3200 6399
3184 3192 6376
3101 3141 6242
3131 3135 6266
3156 3186 6342
3177 3179 6356
3061 3121 6182
3156 3191 6347
3025 3114 6139
3132 3139 6271
3173 3198 6371
3114 3136 6250
3114 3180 6294
3031 3197 6228
3064 3073 6137
3102 3194 6296
3093 3144 6237
3151 3179 6330
3177 3195 6372
3089 3185 6274
3033 3160 6193
3057 3138 6195
3168 3179 6347
3056 3164 6220
3124 3200 6324
3132 3160 6292
3127 3182 6309
3104 3189 6293
3001 3170 6171
3197 3198 6395
3126 3144 6270
3003 3032 6035
3008 3013 6021
3075 3164 6239
3109 3168 6277
3067 3165 6232
3040 3125 6165
3132 3163 6295
3178 3182 6360
3053 3086 6139
3018 3019 6037
3199 3200 6399
3052 3063 6115
3026 3060 6086
3023 3120 6143
3067 3190 6257
3175 3186 6361
3162 3196 6358
3085 3162 6247
3062 3129 6191
3096 3183 6279
3073 3144 6217
3165 3185 6350
3002 3118 6120
3106 3123 6229
3086 3165 6251
3008 3061 6069
3165 3199 6364
3121 3163 6284
3081 3114 6195
3163 3191 6354
3143 3161 6304
3118 3192 6310
3132 3135 6267
3064 3132 6196
3089 3164 6253
3180 3185 6365
3069 3161 6230
3110 3112 6222
3172 3192 6364
3075 3118 6193
3178 3180 6358
3092 3127 6219
3063 3136 6199
3123 3198 6321
3101 3182 6283
3065 3092 6157
3037 3120 6157
3186 3191 6377
3003 3029 6032
3071 3138 6209
3093 3161 6254
3073 3199 6272
3071 3077 6148
3024 3109 6133
3187 3191 6378
3067 3108 6175
3139 3168 6307
3001 3103 6104
3151 3199 6350
3119 3200 6319
3057 3180 6237
3182 3190 6372
3124 3198 6322
3032 3092 6124
3095 3122 6217
3094 3124 6218
3035 3135 6170
3154 3186 6340
3041 3144 6185
3192 3194 6386
3056 3120 6176
3167 3189 6356
3026 3085 6111
3189 3193 6382
3077 3109 6186
3050 3092 6142
3013 3138 6151
3055 3196 6251
3046 3105 6151
3187 3191 6378
3089 3111 6200
3162 3172 6334
3132 3137 6269
3092 3189 6281
3051 3152 6203
3074 3172 6246
3117 3137 6254
3172 3186 6358
3136 3197 6333
3005 3078 6083
3107 3138 6245
3081 3193 6274
3154 3183 6337
3162 3192 6354
3035 3148 6183
3139 3153 6292
3122 3194 6316
3193 3195 6388
3049 3098 6147
3190 3191 6381
3111 3191 6302
3156 3187 6343
3065 3103 6168
3174 3198 6372
3069 3183 6252
3046 3196 6242
3057 3071 6128
3186 3199 6385
3057 3162 6219
3123 3157 6280
3013 3140 6153
3170 3176 6346
3188 3194 6382
3167 3185 6352
3066 3191 6257
3090 3152 6242
3101 3168 6269
3091 3173 6264
3047 3056 6103
3140 3141 6281
3131 3161 6292
3125 3199 6324
3184 3198 6382
3120 3192 6312
3011 3166 6177
3119 3196 6315
3020 3065 6085
3015 3125 6140
3055 3139 6194
3114 3166 6280
3170 3185 6355
3000 3144 6144
3063 3165 6228
3083 3103 6186
3127 3188 6315
3153 3172 6325
3019 3035 6054
3095 3157 6252
3154 3191 6345
3170 3186 6356
3153 3194 6347
3171 3183 6354
3043 3061 6104
3094 3095 6189
3108 3142 6250
3118 3129 6247
3016 3102 6118
3090 3106 6196
3102 3158 6260
3162 3174 6336
3178 3197 6375
3195 3196 6391
3126 3135 6261
3088 3096 6184
3199 3200 6399
3099 3114 6213
3092 3114 6206
3180 3181 6361
3009 3126 6135
3004 3115 6119
3004 3165 6169
3105 3119 6224
3198 3200 6398
3184 3185 6369
3073 3075 6148
3133 3195 6328
3017 3073 6090
3127 3151 6278
3196 3200 6396
3063 3172 6235
3048 3144 6192
3194 3196 6390
3045 3164 6209
3016 3042 6058
3119 3156 6275
3191 3197 6388
3169 3191 6360
3047 3198 6245
3101 3145 6246
3133 3195 6328
3124 3134 6258
3153 3174 6327
3061 3118 6179
3098 3140 6238
3160 3183 6343
3152 3200 6352
3063 3161 6224
3138 3140 6278
3189 3199 6388
3018 3117 6135
3175 3181 6356
3059 3125 6184
3059 3087 6146
3045 3078 6123
3038 3166 6204
3095 3192 6287
3142 3192 6334
3010 3135 6145
3095 3108 6203
3160 3174 6334
3024 3048 6072
3072 3104 6176
3157 3159 6316
3034 3047 6081
3069 3154 6223
3153 3171 6324
3042 3129 6171
3125 3184 6309
3059 3135 6194
3010 3050 6060
3074 3085 6159
3114 3117 6231
3128 3173 6301
3006 3159 6165
3065 3070 6135
3080 3157 6237
3144 3166 6310
3003 3165 6168
3193 3199 6392
3174 3177 6351
3014 3023 6037
3185 3188 6373
3113 3136 6249
3195 3198 6393
3178 3197 6375
3072 3155 6227
3090 3189 6279
3004 3143 6147
3124 3173 6297
3130 3145 6275
3139 3184 6323
3117 3174 6291
3008 3195 6203
3104 3158 6262
3022 3181 6203
3123 3136 6259
3082 3143 6225
3024 3134 6158
3164 3183 6347
3137 3176 6313
3178 3186 6364
3126 3189 6315
3183 3192 6375
3017 3077 6094
3003 3015 6018
3010 3163 6173
3037 3158 6195
3173 3190 6363
3136 3175 6311
3154 3159 6313
3101 3177 6278
3166 3184 6350
3040 3105 6145
3073 3104 6177
3092 3099 6191
3068 3107 6175
3067 3094 6161
3184 3193 6377
3121 3137 6258
3103 3179 6282
3069 3122 6191
3020 3061 6081
3066 3141 6207
3133 3184 6317
3050 3075 6125
3104 3172 6276
3126 3129 6255
3180 3187 6367
3034 3187 6221
3043 3195 6238
3012 3071 6083
3098 3145 6243
3198 3200 6398
3044 3061 6105
3011 3054 6065
3042 3179 6221
3187 3189 6376
3165 3172 6337
3010 3029 6039
3081 3175 6256
3095 3159 6254
3181 3197 6378
3098 3200 6298
3122 3128 6250
3057 3171 6228
3026 3185 6211
3107 3157 6264
3070 3110 6180
3165 3172 6337
3110 3165 6275
3028 3170 6198
3104 3194 6298
3079 3116 6195
3185 3199 6384
3023 3084 6107
3080 3142 6222
3135 3171 6306
3176 3187 6363
3179 3185 6364
3174 3179 6353
3166 3193 6359
3075 3116 6191
3171 3173 6344
3184 3187 6371
3064 3096 6160
3004 3083 6087
3174 3192 6366
3014 3126 6140
3018 3090 6108
3014 3195 6209
3096 3187 6283
3045 3166 6211
3157 3182 6339
3052 3189 6241
3161 3179 6340
3011 3200 6211
3186 3191 6377
3092 3119 6211
3060 3198 6258
3130 3198 6328
3056 3196 6252
3074 3083 6157
3010 3192 6202
3072 3116 6188
3020 3116 6136
3177 3186 6363
3191 3194 6385
3030 3149 6179
3120 3197 6317
3023 3064 6087
3157 3190 6347
3095 3120 6215
3006 3096 6102
3160 3184 6344
3168 3172 6340
3043 3138 6181
3062 3167 6229
3110 3158 6268
3153 3159 6312
3036 3058 6094
3182 3197 6379
3015 3066 6081
3126 3197 6323
3072 3077 6149
3130 3187 6317
3167 3181 6348
3033 3142 6175
3080 3098 6178
3004 3031 6035
3102 3186 6288
3039 3135 6174
3112 3147 6259
3196 3197 6393
3092 3125 6217
3132 3135 6267
3127 3171 6298
3074 3109 6183
3124 3128 6252
3013 3101 6114
3032 3034 6066
3131 3141 6272
3007 3180 6187
3069 3124 6193
3121 3167 6288
3011 3058 6069
3050 3109 6159
3116 3145 6261
3156 3199 6355
3122 3153 6275
3162 3167 6329
3092 3098 6190
3141 3169 6310
3065 3111 6176
3102 3115 6217
3045 3180 6225
3011 3181 6192
3166 3188 6354
3085 3191 6276
3155 3199 6354
3065 3188 6253
3109 3149 6258
3097 3127 6224
3181 3187 6368
3014 3114 6128
3185 3199 6384
3076 3196 6272
3154 3169 6323
3003 3025 6028
3187 3191 6378
3130 3144 6274
3071 3169 6240
3029 3178 6207
3074 3144 6218
3182 3189 6371
3123 3156 6279
3084 3090 6174
3091 3129 6220
3009 3166 6175
3142 3195 6337
3010 3080 6090
3042 3124 6166
3183 3188 6371
3038 3187 6225
3039 3135 6174
3002 3086 6088
3052 3054 6106
3180 3192 6372
3109 3182 6291
3121 3154 6275
3159 3184 6343
3070 3194 6264
3126 3141 6267
3159 3186 6345
3197 3198 6395
3038 3173 6211
3078 3175 6253
3159 3194 6353
3001 3087 6088
3171 3186 6357
3126 3153 6279
3158 3183 6341
3082 3187 6269
3069 3121 6190
3142 3181 6323
3059 3171 6230
3069 3165 6234
3126 3145 6271
3198 3199 6397
3016 3076 6092
3076 3101 6177
3023 3170 6193
3062 3196 6258
3000 3090 6090
3031 3114 6145
3136 3198 6334
3068 3146 6214
3057 3167 6224
3057 3159 6216
3140 3177 6317
3118 3158 6276
3059 3118 6177
3173 3180 6353
3083 3144 6227
3104 3120 6224
3168 3171 6339
3066 3156 6222
3177 3179 6356
3007 3138 6145
3030 3038 6068
3068 3156 6224
3143 3197 6340
3175 3189 6364
3179 3181 6360
3109 3113 6222
3024 3101 6125
3089 3186 6275
3104 3118 6222
3148 3154 6302
3119 3173 6292
3033 3176 6209
3112 3138 6250
3140 3194 6334
3118 3132 6250
3167 3199 6366
3043 3079 6122
3120 3177 6297
3193 3198 6391
3012 3122 6134
3149 3168 6317
3084 3137 6221
3084 3188 6272
3094 3115 6209
3020 3130 6150
3103 3109 6212
3066 3100 6166
3198 3200 6398
3074 3135 6209
3144 3175 6319
3183 3192 6375
3082 3103 6185
3086 3187 6273
3141 3163 6304
3031 3186 6217
3111 3169 6280
3066 3149 6215
3051 3062 6113
3104 3123 6227
3128 3131 6259
3136 3175 6311
3059 3126 6185
3037 3189 6226
3149 3169 6318
3197 3199 6396
3065 3198 6263
3068 3089 6157
3157 3200 6357
3162 3186 6348
3027 3053 6080
3186 3190 6376
3013 3094 6107
3024 3073 6097
3015 3029 6044
3021 3175 6196
3030 3167 6197
3148 3154 6302
3189 3190 6379
3122 3131 6253
3121 3167 6288
3139 3181 6320
3054 3067 6121
3119 3140 6259
3046 3148 6194
3120 3176 6296
3012 3077 6089
3059 3191 6250
3052 3139 6191
3123 3197 6320
3028 3172 6200
3188 3198 6386
3019 3055 6074
3018 3077 6095
3137 3166 6303
3185 3195 6380
3016 3175 6191
3110 3147 6257
3027 3132 6159
3097 3195 6292
3128 3171 6299
3087 3103 6190
3159 3194 6353
3123 3191 6314
3065 3079 6144
3081 3154 6235
3040 3191 6231
3039 3141 6180
3085 3191 6276
3132 3133 6265
3062 3063 6125
3124 3150 6274
3144 3178 6322
3085 3162 6247
3125 3173 6298
3002 3188 6190
3019 3147 6166
3098 3146 6244
3033 3042 6075
3050 3157 6207
3136 3166 6302
3046 3094 6140
3104 3131 6235
3109 3173 6282
3025 3075 6100

4088 4089 8175
4185 4198 8357
4167 4188 8331
4089 4110 8191
4015 4168 8156
4002 4128 8104
4140 4144 8254
4193 4198 8381
4049 4056 8083
4120 4144 8262
4013 4111 8091
4080 4096 8162
4149 4168 8310
4062 4192 8250
4180 4181 8323
4136 4156 8283
4080 4110 8166
4000 4174 8169
4160 4192 8331
4185 4190 8362
4162 4163 8320
4160 4188 8325
4117 4137 8217
4137 4195 8303
4153 4182 8322
4035 4175 8199
4128 4178 8269
4083 4102 8180
4091 4115 8192
4002 4136 8106
4073 4135 8195
4067 4089 8133
4080 4168 8220
4196 4199 8374
4045 4107 8126
4017 4028 8010
4031 4109 8102
4027 4176 8193
4084 4196 8274
4187 4189 8357
4169 4184 8329
4165 4177 8330
4008 4038 8010
4127 4193 8298
4186 4196 8365
4102 4108 8181
4175 4185 8335
4168 4189 8343
4151 4182 8296
4164 4189 8348
4083 4163 8209
4080 4148 8206
4147 4174 8287
4122 4154 8245
4063 4194 8246
4095 4168 8226
4126 4141 8248
4105 4150 8238
4028 4177 8178
4155 4191 8327
4095 4112 8173
4195 4199 8358
4020 4025 8028
4072 4157 8211
4017 4087 8079
4121 4193 8303
4014 4024 8013
4025 4143 8162
4012 4057 8036
4008 4096 8075
4066 4196 8226
4015 4081 8064
4036 4037 8052
4055 4149 8203
4079 4149 8208
4041 4085 8103
4175 4178 8347
4123 4185 8294
4099 4199 8282
4156 4198 8317
4171 4192 8358
4062 4146 8190
4003 4064 8032
4108 4180 8283
4054 4174 8217
4148 4153 8280
4107 4190 8286
4124 4134 8230
4138 4151 8269
4000 4165 8141
4119 4176 8293
4185 4191 8368
4135 4143 8248
4158 4186 8341
4187 4189 8348
4005 4019 8008
4058 4126 8181
4089 4124 8204
4119 4196 8299
4195 4196 8380
4039 4097 8128
4144 4147 8284
4150 4158 8294
4022 4128 8145
4010 4025 8006
4029 4129 8138
4017 4181 8181
4110 4150 8249
4108 4157 8252
4174 4200 8362
4175 4177 8325
4076 4198 8262
4156 4185 8333
4014 4039 8019
4016 4170 8157
4053 4161 8210
4147 4199 8331
4126 4172 8292
4057 4113 8154
4126 4199 8298
4052 4108 8129
4103 4118 8184
4130 4182 8276
4183 4199 8353
4035 4161 8181
4003 4177 8152
4126 4163 8251
4090 4144 8201
4045 4168 8212
4076 4119 8184
4010 4197 8185
4181 4186 8346
4055 4164 8182
4109 4135 8226
4025 4165 8177
4070 4148 8198
4195 4197 8384
4015 4132 8130
4118 4126 8218
4158 4186 8307
4040 4078 8084
4102 4193 8289
4148 4163 8289
4096 4134 8214
4065 4187 8220
4085 4120 8173
4090 4125 8182
4140 4183 8314
4049 4171 8212
4070 4110 8177
4010 4136 8112
4030 4141 8167
4013 4055 8035
4151 4165 8311
4123 4179 8295
4028 4179 8187
4146 4154 8265
4145 4169 8302
4110 4153 8244
4072 4145 8187
4192 4195 8369
4073 4172 8210
4070 4175 8212
4177 4196 8337
4102 4116 8194
4132 4180 8310
4162 4178 8316
4120 4149 8247
4007 4068 8041
4054 4198 8222
4183 4188 8340
4121 4141 8254
4020 4092 8109
4188 4195 8375
4016 4135 8133
4009 4081 8073
4076 4085 8160
4195 4199 8374
4162 4197 8351
4031 4059 8073
4082 4116 8187
4167 4199 8342
4013 4060 8050
4157 4172 8317
4109 4191 8289
4023 4184 8171
4101 4172 8249
4072 4192 8255
4117 4159 8257
4096 4151 8215
4193 4198 8388
4021 4062 8063
4164 4178 8310
4121 4147 8263
4123 4190 8312
4086 4097 8153
4042 4152 8189
4183 4190 8364
4185 4197 8350
4085 4098 8148
4173 4192 8338
4138 4151 8280
4043 4200 8218
4040 4124 8158
4160 4194 8347
4143 4198 8329
4198 4200 8366
4197 4198 8366
4003 4099 8096
4039 4192 8225
4102 4108 8187
4135 4162 8279
4124 4177 8280
4199 4200 8374
4003 4124 8092
4113 4129 8210
4140 4148 8261
4120 4189 8276
4165 4177 8310
4178 4180 8349
4156 4167 8288
4001 4152 8146
4058 4095 8142
4034 4187 8209
4064 4198 8256
4076 4098 8145
4025 4071 8090
4148 4200 8316
4172 4192 8350
4126 4165 8258
4007 4069 8074
4035 4159 8165
4198 4200 8378
4170 4185 8350
4138 4154 8290
4161 4198 8357
4100 4153 8249
4112 4139 8242
4195 4199 8390
4165 4198 8340
4175 4183 8336
4033 4172 8172
4193 4199 8375
4028 4194 8210
4184 4200 8377
4046 4127 8165
4067 4074 8132
4100 4168 8266
4049 4065 8089
4122 4155 8272
4189 4190 8349
4180 4191 8360
4199 4200 8365
4172 4197 8342
4198 4200 8363
4127 4156 8267
4046 4058 8086
4177 4180 8324
4105 4149 8242
4115 4178 8288
4148 4154 8299
4161 4167 8302
4059 4061 8082
4100 4152 8213
4066 4146 8189
4007 4102 8090
4044 4055 8095
4141 4188 8317
4072 4168 8208
4039 4109 8125
4001 4044 8032
4113 4173 8254
4168 4192 8345
4139 4174 8286
4008 4068 8045
4167 4197 8355
4166 4185 8323
4158 4196 8322
4013 4093 8099
4108 4143 8217
4062 4181 8214
4156 4179 8300
4180 4181 8332
4157 4178 8324
4109 4128 8233
4016 4125 8127
4199 4200 8375
4045 4153 8171
4140 4155 8292
4176 4189 8358
4163 4174 8310
4074 4109 8170
4154 4174 8295
4046 4056 8101
4125 4154 8278
4166 4185 8336
4073 4137 8203
4153 4188 8302
4170 4190 8350
4045 4180 8211
4139 4177 8310
4131 4160 8270
4159 4165 8305
4194 4196 8365
4134 4153 8268
4002 4199 8177
4101 4140 8231
4142 4170 8305
4134 4152 8264
4012 4113 8105
4169 4197 8357
4019 4172 8165
4009 4199 8183
4103 4160 8252
4155 4197 8349
4189 4198 8353
4016 4151 8150
4110 4118 8205
4164 4195 8349
4186 4194 8343
4019 4177 8184
4146 4194 8335
4197 4198 8393
4059 4195 8230
4070 4093 8145
4016 4148 8156
4078 4120 8185
4043 4099 8132
4091 4124 8186
4127 4132 8247
4131 4161 8265
4039 4066 8083
4159 4187 8341
4196 4200 8387
4197 4200 8393
4054 4107 8130
4001 4151 8125
4185 4192 8348
4055 4134 8184
4091 4098 8186
4015 4171 8156
4122 4150 8256
4184 4197 8342
4072 4185 8239
4171 4174 8336
4122 4196 8295
4161 4166 8303
4068 4176 8242
4038 4153 8178
4062 4178 8233
4150 4163 8280
4008 4164 8135
4003 4097 8095
4071 4078 8145
4113 4120 8205
4110 4117 8210
4167 4188 8330
4029 4090 8115
4172 4180 8346
4130 4133 8233
4071 4162 8209
4129 4132 8246
4112 4113 8188
4037 4148 8164
4114 4188 8270
4043 4145 8170
4036 4176 8198
4127 4159 8276
4112 4132 8233
4062 4104 8142
4127 4134 8225
4020 4176 8178
4098 4123 8185
4064 4101 8144
4057 4166 8199
4195 4196 8373
4004 4108 8107
4190 4199 8352
4182 4194 8369
4058 4141 8197
4024 4076 8067
4175 4187 8344
4068 4098 8162
4157 4159 8311
4156 4195 8328
4150 4175 8300
4150 4199 8334
4033 4054 8058
4182 4184 8354
4014 4192 8186
4090 4139 8206
4187 4198 8360
4110 4136 8233
4112 4150 8230
4031 4060 8090
4190 4199 8378
4053 4106 8158
4144 4161 8286
4075 4141 8190
4108 4125 8213
4020 4118 8120
4193 4195 8362
4076 4095 8147
4147 4171 8294
4031 4123 8131
4150 4182 8307
4076 4181 8250
4107 4164 8238
4044 4092 8121
4066 4097 8158
4042 4069 8074
4000 4196 8184
4086 4103 8157
4057 4086 8108
4078 4112 8172
4075 4192 8251
4054 4191 8238
4104 4120 8221
4053 4170 8192
4053 4164 8216
4179 4194 8361
4194 4198 8390
4157 4167 8290
4062 4161 8210
4048 4180 8227
4076 4103 8154
4082 4139 8218
4089 4133 8218
4184 4194 8358
4002 4087 8054
4138 4188 8297
4012 4016 7999
4189 4196 8381
4019 4023 8034
4062 4070 8101
4127 4164 8278
4158 4188 8334
4051 4099 8140
4050 4060 8107
4154 4169 8284
4138 4191 8312
4191 4199 8381
4198 4199 8366
4068 4159 8212
4095 4152 8227
4045 4091 8116
4132 4145 8258
4121 4153 8256
4016 4188 8194
4028 4052 8071
4100 4153 8245
4194 4200 8358
4182 4184 8338
4129 4139 8242
4127 4149 8238
4059 4186 8230
4005 4017 8002
4036 4087 8087
4089 4095 8178
4136 4159 8271
4074 4123 8188
4090 4198 8261
4002 4022 8016
4081 4162 8233
4195 4198 8363
4164 4191 8326
4085 4185 8255
4056 4164 8182
4119 4158 8250
4111 4169 8260
4002 4035 8032
4103 4170 8237
4175 4197 8343
4053 4120 8160
4081 4104 8178
4119 4191 8306
4053 4175 8210
4043 4149 8164
4199 4200 8370
4182 4186 8351
4107 4192 8280
4139 4187 8304
4110 4130 8202
4056 4102 8152
4111 4181 8275
4045 4058 8075
4135 4175 8305
4010 4100 8093
4045 4080 8115
4089 4100 8155
4115 4141 8231
4034 4110 8140
4156 4165 8289
4176 4200 8340
4130 4153 8267
4114 4138 8245
4094 4099 8189
4067 4133 8194
4146 4182 8317
4174 4177 8337
4114 4137 8220
4171 4182 8323
4148 4165 8297
4146 4164 8289
4027 4144 8166
4027 4169 8161
4019 4038 8046
4146 4179 8295
4118 4127 8215
4018 4041 8039
4134 4166 8280
4068 4121 8174
4039 4186 8218
4133 4172 8301
4168 4172 8308
4184 4192 8352
4013 4189 8200
4028 4132 8135
4037 4048 8073
4067 4126 8185
4008 4075 8073
4114 4195 8292
4160 4182 8330
4167 4169 8321
4055 4162 8210
4027 4081 8095
4002 4013 8002
4199 4200 8371
4149 4192 8339
4081 4178 8232
4084 4132 8190
4024 4067 8086
4070 4090 8155
4135 4147 8263
4120 4186 8276
4132 4193 8290
4142 4159 8279
4097 4194 8255
4149 4150 8274
4083 4088 8152
4115 4192 8305
4107 4193 8276
4114 4133 8237
4082 4134 8209
4164 4199 8351
4121 4170 8272
4164 4179 8316
4024 4095 8085
4097 4185 8261
4166 4193 8338
4178 4182 8339
4142 4162 8287
4181 4197 8345
4008 4012 8012
4128 4175 8271
4087 4196 8253
4025 4094 8111
4179 4198 8353
4122 4190 8290
4015 4045 8036
4106 4197 8293
4045 4080 8122
4172 4180 8343
4160 4179 8335
4044 4144 8163
4106 4183 8275
4071 4174 8242
4067 4069 8117
4144 4155 8287
4136 4150 8249
4174 4195 8365
4171 4192 8359
4196 4198 8355
4141 4166 8275
4065 4095 8146
4112 4166 8240
4018 4075 8073
4167 4179 8316
4089 4166 8252
4098 4099 8170
4035 4116 8144
4116 4128 8207
4085 4090 8169
4003 4019 8017
4197 4200 8362
4083 4180 8256
4155 4192 8319
4058 4195 8227
4146 4183 8309
4065 4165 8199
4179 4180 8336
4132 4137 8232
4051 4116 8131
4144 4145 8275
4120 4173 8263
4142 4177 8311
4156 4195 8337
4125 4133 8254
4008 4063 8054
4080 4197 8242
4137 4154 8261
4096 4123 8215
4102 4136 8233
4027 4174 8174
4073 4094 8152
4121 4128 8226
4005 4090 8060
4110 4149 8233
4008 4140 8139
4080 4162 8206
4175 4199 8345
4004 4176 8143
4059 4153 8181
4029 4139 8165
4110 4150 8243
4042 4126 8163
4032 4189 8207
4098 4197 8270
4122 4190 8302
4080 4138 8184
4164 4200 8348
4149 4160 8288
4012 4062 8055
4013 4033 8028
4153 4155 8295
4113 4143 8245
4178 4181 8329
4168 4191 8332
4118 4130 8231
4023 4065 8068
4156 4199 8329
4059 4117 8166
4136 4184 8319
4145 4151 8283
4078 4102 8142
4106 4173 8254
4185 4193 8357
4079 4138 8207
4102 4106 8177
4180 4195 8360
4192 4196 8383
4020 4167 8151
4119 4159 8261
4112 4162 8259
4129 4190 8310
4059 4184 8235
4086 4141 8196
4044 4142 8168
4006 4136 8105
4061 4134 8164
4037 4198 8205
4033 4071 8087
4149 4178 8312
4062 4171 8212
4086 4091 8171
4075 4177 8237
4155 4187 8330
4169 4174 8338
4194 4198 8374
4079 4087 8154
4170 4197 8354
4105 4123 8226
4194 4200 8375
4085 4189 8271
4070 4092 8145
4065 4117 8153
4181 4199 8348
4071 4137 8194
4069 4173 8218
4142 4191 8313
4042 4113 8140
4186 4191 8344
4104 4138 8217
4194 4195 8381
4056 4089 8142
4133 4180 8303
4133 4142 8268
4187 4199 8380
4004 4078 8065
4079 4086 8157
4118 4145 8251
4166 4184 8321
4082 4120 8181
4197 4198 8389
4135 4164 8270
4069 4127 8195
4080 4114 8159
4124 4157 8257
4147 4157 8274
4080 4174 8230
4022 4160 8164
4091 4101 8175
4015 4102 8112
4170 4200 8333
4154 4166 8293
4124 4194 8280
4075 4188 8250
4091 4141 8231
4027 4141 8162
4060 4150 8184
4190 4195 8348
4174 4192 8347
4067 4143 8183
4048 4087 8132
4121 4133 8249
4195 4199 8356
4026 4114 8119
4187 4192 8348
4054 4102 8131
4031 4089 8112
4104 4160 8249
4181 4182 8348
4114 4197 8307
4050 4083 8132
4011 4036 8011
4101 4185 8284
4048 4085 8130
4130 4142 8269
4130 4144 8260
4129 4178 8281
4031 4196 8193
4125 4196 8284
4120 4159 8275
4060 4074 8132
4150 4190 8315
4051 4087 8110
4188 4189 8376
4170 4186 8344
4135 4136 8261
4069 4158 8223
4136 4200 8315
4152 4184 8331
4138 4156 8276
4072 4116 8165
4104 4131 8228
4079 4157 8210
4035 4184 8183
4095 4187 8274
4102 4124 8200
4129 4166 8256
4037 4122 8148
4175 4187 8340
4051 4103 8143
4068 4107 8150
4080 4159 8228
4140 4185 8323
4111 4171 8277
4071 4150 8190
4112 4145 8252
4139 4167 8305
4020 4145 8152
4178 4182 8345
4152 4194 8323
4169 4171 8312
4048 4092 8123
4147 4188 8320
4167 4197 8339
4180 4200 8345
4001 4177 8151
4005 4067 8059
4009 4193 8200
4063 4067 8113
4101 4185 8282
4131 4200 8316
4065 4197 8242
4028 4077 8082
4170 4199 8335
4045 4102 8123
4045 4167 8202
4181 4197 8361
4131 4190 8312
4129 4180 8305
4154 4167 8282
4099 4183 8272
4156 4186 8333
4022 4038 8040
4185 4188 8342
4137 4172 8286
4007 4137 8121
4084 4095 8170
4177 4179 8338
4091 4111 8180
4095 4192 8258
4088 4091 8156
4166 4194 8338
4091 4104 8160
4132 4140 8258
4022 4126 8140
4154 4178 8315
4020 4076 8080
4184 4199 8374
4071 4075 8128
4107 4169 8257
4187 4192 8375
4177 4180 8323
4125 4162 8281
4189 4199 8386
4001 4108 8087
4096 4122 8198
4107 4187 8289
4000 4179 8160
4157 4189 8345
4057 4199 8231
4026 4188 8195
4141 4180 8298
4082 4116 8179
4155 4167 8287
4009 4052 8055
4173 4180 8321
4196 4197 8373
4058 4072 8093
4085 4178 8253
4154 4190 8320
4112 4180 8286
4146 4181 8314
4193 4196 8362
4145 4180 8305
4188 4193 8358
4142 4193 8330
4031 4150 8166
4191 4198 8360
4100 4106 8198
4081 4115 8159
4198 4199 8373
4011 4133 8123
4102 4190 8291
4165 4188 8329
4198 4200 8393
4116 4145 8222
4152 4162 8276
4170 4178 8335
4082 4109 8182
4157 4165 8314
4112 4138 8211
4168 4195 8342
4068 4088 8148
4125 4142 8263
4036 4088 8104
4136 4169 8296
4159 4192 8313
4067 4168 8214
4155 4173 8319
4064 4102 8148
4192 4196 8353
4018 4184 8185
4091 4178 8262
4021 4022 8015
4022 4109 8096
4032 4092 8119
4171 4200 8336
4045 4048 8058
4188 4197 8374
4021 4174 8160
4051 4056 8077
4093 4103 8195
4076 4172 8243
4082 4105 8158
4019 4165 8164
4160 4164 8297
4158 4184 8318
4119 4154 8239
4168 4173 8327
4065 4192 8228
4008 4010 7997
4018 4046 8061
4014 4041 8028
4017 4076 8076
4143 4148 8280
4164 4179 8321
4074 4094 8156
4140 4196 8332
4055 4152 8186
4037 4161 8161
4030 4083 8102
4025 4169 8182
4135 4159 8278
4138 4170 8299
4187 4192 8355
4121 4186 8275
4064 4131 8188
4189 4200 8365
4097 4170 8230
4082 4085 8130
4023 4120 8124
4118 4175 8292
4098 4129 8200
4067 4114 8151
4184 4185 8344
4096 4172 8261
4063 4177 8236
4098 4168 8256
4053 4092 8114
4030 4176 8194
4042 4090 8127
4075 4108 8180
4119 4187 8284
4063 4120 8161
4046 4187 8213
4195 4200 8368
4147 4175 8289

0.010000 0.290000
