900
2666091
3124 3144 6268
3056 3155 6211
3179 3185 6364
3136 3140 6276
3163 3192 6355
3170 3200 6370
3191 3199 6390
3102 3199 6301
3098 3169 6267
3198 3200 6398
3010 3145 6155
3172 3187 6359
3144 3168 6312
3009 3013 6022
3103 3162 6265
3170 3186 6356
3091 3196 6287
3136 3149 6285
3049 3066 6115
3007 3198 6205
3085 3138 6223
3183 3189 6372
3183 3191 6374
3182 3194 6376
3067 3151 6218
3120 3200 6320
3048 3084 6132
3074 3172 6246
3032 3041 6073
3030 3133 6163
3017 3200 6217
3102 3142 6244
3154 3169 6323
3018 3110 6128
3148 3182 6330
3114 3117 6231
3178 3194 6372
3077 3103 6180
3107 3159 6266
3042 3193 6235
3193 3200 6393
3128 3195 6323
3069 3106 6175
3073 3110 6183
3193 3199 6392
3111 3120 6231
3095 3130 6225
3190 3199 6389
3185 3199 6384
3004 3151 6155
3142 3193 6335
3149 3192 6341
3189 3199 6388
3195 3200 6395
3123 3144 6267
3097 3139 6236
3068 3184 6252
3073 3165 6238
3024 3141 6165
3104 3163 6267
3171 3173 6344
3034 3183 6217
3178 3195 6373
3135 3136 6271
3050 3175 6225
3139 3151 6290
3079 3185 6264
3142 3182 6324
3061 3200 6261
3180 3187 6367
3074 3145 6219
3175 3188 6363
3078 3095 6173
3058 3076 6134
3028 3171 6199
3050 3071 6121
3008 3126 6134
3124 3126 6250
3164 3189 6353
3172 3193 6365
3167 3195 6362
3147 3180 6327
3017 3053 6070
3130 3158 6288
3069 3137 6206
3191 3193 6384
3175 3198 6373
3168 3196 6364
3191 3198 6389
3175 3195 6370
3056 3094 6150
3199 3200 6399
3009 3144 6153
3160 3190 6350
3045 3069 6114
3165 3199 6364
3071 3095 6166
3194 3199 6393
3084 3199 6283
3110 3121 6231
3109 3175 6284
3015 3133 6148
3148 3166 6314
3050 3094 6144
3057 3133 6190
3156 3177 6333
3166 3173 6339
3049 3103 6152
3095 3110 6205
3021 3134 6155
3094 3195 6289
3005 3190 6195
3108 3153 6261
3116 3142 6258
3146 3183 6329
3078 3082 6160
3031 3132 6163
3042 3159 6201
3113 3158 6271
3147 3193 6340
3068 3072 6140
3120 3143 6263
3104 3182 6286
3190 3196 6386
3042 3189 6231
3199 3200 6399
3072 3152 6224
3097 3167 6264
3167 3196 6363
3079 3102 6181
3132 3174 6306
3048 3055 6103
3066 3194 6260
3052 3180 6232
3057 3073 6130
3118 3133 6251
3025 3129 6154
3047 3131 6178
3021 3189 6210
3188 3194 6382
3004 3026 6030
3180 3195 6375
3013 3192 6205
3039 3063 6102
3177 3193 6370
3015 3136 6151
3162 3172 6334
3160 3177 6337
3024 3187 6211
3188 3199 6387
3155 3178 6333
3178 3186 6364
3097 3162 6259
3126 3183 6309
3016 3023 6039
3023 3152 6175
3045 3134 6179
3184 3197 6381
3093 3134 6227
3163 3198 6361
3194 3195 6389
3010 3177 6187
3181 3198 6379
3165 3195 6360
3091 3137 6228
3069 3161 6230
3137 3189 6326
3090 3112 6202
3151 3183 6334
3170 3176 6346
3152 3198 6350
3004 3121 6125
3135 3168 6303
3016 3145 6161
3121 3140 6261
3154 3190 6344
3109 3135 6244
3172 3193 6365
3183 3194 6377
3194 3199 6393
3187 3198 6385
3173 3179 6352
3187 3195 6382
3068 3155 6223
3145 3163 6308
3193 3195 6388
3064 3159 6223
3184 3188 6372
3179 3199 6378
3009 3016 6025
3074 3103 6177
3091 3148 6239
3169 3200 6369
3124 3193 6317
3112 3181 6293
3148 3182 6330
3129 3134 6263
3145 3165 6310
3132 3162 6294
3069 3198 6267
3098 3176 6274
3054 3192 6246
3112 3137 6249
3072 3118 6190
3009 3060 6069
3177 3191 6368
3090 3132 6222
3160 3172 6332
3009 3088 6097
3100 3180 6280
3122 3129 6251
3106 3175 6281
3166 3180 6346
3078 3090 6168
3075 3158 6233
3154 3198 6352
3042 3080 6122
3007 3092 6099
3080 3127 6207
3010 3200 6210
3019 3087 6106
3180 3200 6380
3097 3143 6240
3168 3187 6355
3044 3069 6113
3076 3127 6203
3102 3177 6279
3167 3186 6353
3035 3048 6083
3161 3169 6330
3090 3186 6276
3057 3072 6129
3195 3200 6395
3146 3173 6319
3075 3085 6160
3018 3172 6190
3090 3095 6185
3152 3182 6334
3104 3150 6254
3023 3186 6209
3140 3142 6282
3030 3146 6176
3180 3191 6371
3001 3115 6116
3161 3188 6349
3087 3137 6224
3122 3177 6299
3101 3135 6236
3149 3151 6300
3146 3177 6323
3016 3039 6055
3077 3154 6231
3054 3091 6145
3000 3129 6129
3177 3199 6376
3011 3014 6025
3002 3124 6126
3074 3125 6199
3013 3158 6171
3028 3079 6107
3017 3120 6137
3068 3123 6191
3139 3183 6322
3012 3149 6161
3105 3171 6276
3182 3188 6370
3106 3123 6229
3040 3195 6235
3193 3194 6387
3196 3197 6393
3052 3088 6140
3009 3054 6063
3071 3160 6231
3147 3172 6319
3051 3067 6118
3063 3072 6135
3189 3191 6380
3150 3192 6342
3040 3112 6152
3131 3154 6285
3129 3188 6317
3169 3194 6363
3153 3191 6344
3177 3194 6371
3059 3188 6247
3078 3189 6267
3042 3184 6226
3165 3177 6342
3092 3134 6226
3046 3066 6112
3167 3185 6352
3156 3157 6313
3101 3159 6260
3122 3175 6297
3008 3012 6020
3190 3195 6385
3021 3078 6099
3082 3121 6203
3165 3182 6347
3019 3129 6148
3182 3192 6374
3037 3190 6227
3028 3052 6080
3076 3176 6252
3034 3063 6097
3090 3097 6187
3185 3191 6376
3083 3133 6216
3146 3189 6335
3061 3098 6159
3181 3199 6380
3164 3168 6332
3174 3196 6370
3125 3168 6293
3121 3165 6286
3077 3135 6212
3155 3176 6331
3125 3172 6297
3124 3185 6309
3035 3077 6112
3193 3197 6390
3041 3157 6198
3042 3119 6161
3183 3191 6374
3053 3108 6161
3148 3157 6305
3103 3172 6275
3177 3186 6363
3038 3047 6085
3087 3090 6177
3029 3194 6223
3179 3184 6363
3171 3174 6345
3003 3182 6185
3001 3054 6055
3177 3186 6363
3156 3165 6321
3083 3101 6184
3188 3191 6379
3071 3112 6183
3111 3165 6276
3011 3028 6039
3168 3175 6343
3018 3144 6162
3014 3173 6187
3013 3022 6035
3017 3186 6203
3091 3127 6218
3014 3057 6071
3021 3170 6191
3094 3111 6205
3056 3165 6221
3154 3196 6350
3195 3196 6391
3176 3192 6368
3021 3124 6145
3097 3165 6262
3072 3097 6169
3106 3108 6214
3084 3140 6224
3149 3164 6313
3124 3151 6275
3104 3194 6298
3088 3119 6207
3022 3134 6156
3095 3162 6257
3052 3081 6133
3127 3162 6289
3070 3106 6176
3070 3103 6173
3126 3164 6290
3009 3185 6194
3012 3078 6090
3129 3194 6323
3107 3200 6307
3099 3200 6299
3070 3071 6141
3121 3176 6297
3090 3181 6271
3009 3193 6202
3019 3120 6139
3087 3167 6254
3139 3173 6312
3091 3187 6278
3055 3165 6220
3026 3136 6162
3160 3186 6346
3094 3148 6242
3002 3036 6038
3161 3180 6341
3199 3200 6399
3118 3194 6312
3010 3137 6147
3105 3141 6246
3120 3164 6284
3194 3199 6393
3111 3176 6287
3049 3100 6149
3163 3170 6333
3104 3156 6260
3135 3191 6326
3084 3133 6217
3054 3192 6246
3194 3200 6394
3195 3199 6394
3181 3191 6372
3134 3193 6327
3112 3164 6276
3169 3177 6346
3154 3165 6319
3146 3188 6334
3168 3194 6362
3043 3189 6232
3106 3124 6230
3176 3191 6367
3195 3200 6395
3071 3184 6255
3112 3181 6293
3177 3187 6364
3001 3005 6006
3120 3163 6283
3180 3192 6372
3048 3182 6230
3080 3100 6180
3012 3161 6173
3199 3200 6399
3059 3062 6121
3120 3172 6292
3199 3200 6399
3135 3162 6297
3160 3162 6322
3010 3175 6185
3048 3159 6207
3108 3147 6255
3084 3183 6267
3098 3119 6217
3050 3188 6238
3169 3177 6346
3031 3052 6083
3025 3067 6092
3165 3198 6363
3174 3189 6363
3083 3152 6235
3048 3057 6105
3133 3176 6309
3006 3070 6076
3102 3109 6211
3089 3200 6289
3147 3180 6327
3076 3171 6247
3005 3014 6019
3192 3200 6392
3018 3150 6168
3099 3181 6280
3051 3155 6206
3002 3173 6175
3044 3166 6210
3125 3133 6258
3067 3128 6195
3003 3108 6111
3061 3094 6155
3131 3173 6304
3010 3045 6055
3046 3111 6157
3000 3186 6186
3078 3155 6233
3119 3166 6285
3072 3162 6234
3121 3196 6317
3133 3148 6281
3087 3129 6216
3062 3147 6209
3114 3125 6239
3160 3181 6341
3155 3169 6324
3040 3158 6198
3026 3041 6067
3043 3072 6115
3085 3090 6175
3085 3130 6215
3026 3156 6182
3102 3126 6228
3075 3091 6166
3121 3129 6250
3112 3146 6258
3061 3180 6241
3186 3198 6384
3172 3198 6370
3161 3193 6354
3123 3148 6271
3110 3181 6291
3059 3161 6220
3122 3147 6269
3180 3197 6377
3016 3105 6121
3140 3170 6310
3184 3199 6383
3187 3196 6383
3121 3133 6254
3150 3178 6328
3065 3088 6153
3080 3139 6219
3198 3200 6398
3015 3027 6042
3105 3178 6283
3077 3163 6240
3044 3160 6204
3018 3054 6072
3169 3174 6343
3018 3168 6186
3037 3158 6195
3191 3193 6384
3148 3164 6312
3055 3188 6243
3107 3187 6294
3125 3181 6306
3036 3073 6109
3106 3127 6233
3068 3099 6167
3077 3116 6193
3116 3182 6298
3018 3031 6049
3046 3156 6202
3112 3135 6247
3190 3199 6389
3099 3163 6262
3028 3138 6166
3012 3169 6181
3192 3197 6389
3042 3197 6239
3073 3115 6188
3002 3197 6199
3089 3199 6288
3122 3174 6296
3132 3174 6306
3163 3190 6353
3058 3129 6187
3047 3084 6131
3117 3200 6317
3092 3144 6236
3059 3156 6215
3162 3198 6360
3175 3184 6359
3111 3185 6296
3123 3160 6283
3190 3198 6388
3117 3181 6298
3083 3130 6213
3067 3184 6251
3051 3155 6206
3153 3170 6323
3166 3197 6363
3197 3199 6396
3057 3106 6163
3090 3102 6192
3002 3057 6059
3152 3187 6339
3070 3074 6144
3133 3150 6283
3013 3143 6156
3079 3095 6174
3043 3058 6101
3151 3154 6305
3117 3138 6255
3114 3179 6293
3107 3198 6305
3002 3134 6136
3156 3167 6323
3156 3180 6336
3173 3189 6362
3134 3142 6276
3159 3177 6336
3111 3169 6280
3012 3085 6097
3089 3109 6198
3108 3158 6266
3021 3026 6047
3180 3186 6366
3073 3103 6176
3189 3191 6380
3040 3073 6113
3143 3164 6307
3105 3161 6266
3048 3086 6134
3186 3188 6374
3104 3124 6228
3146 3168 6314
3008 3100 6108
3113 3139 6252
3151 3194 6345
3091 3166 6257
3057 3172 6229
3133 3157 6290
3070 3090 6160
3019 3027 6046
3159 3196 6355
3180 3183 6363
3188 3195 6383
3190 3198 6388
3096 3197 6293
3120 3146 6266
3015 3072 6087
3015 3023 6038
3123 3147 6270
3022 3107 6129
3006 3061 6067
3012 3079 6091
3144 3154 6298
3114 3145 6259
3183 3191 6374
3103 3122 6225
3145 3195 6340
3097 3159 6256
3134 3146 6280
3196 3198 6394
3025 3054 6079
3038 3174 6212
3080 3184 6264
3046 3169 6215
3059 3122 6181
3160 3163 6323
3198 3200 6398
3174 3187 6361
3182 3187 6369
3043 3090 6133
3196 3197 6393
3070 3083 6153
3136 3156 6292
3070 3172 6242
3116 3137 6253
3090 3196 6286
3120 3156 6276
3197 3198 6395
3086 3144 6230
3032 3080 6112
3199 3200 6399
3168 3183 6351
3122 3167 6289
3017 3113 6130
3169 3196 6365
3075 3167 6242
3113 3134 6247
3128 3158 6286
3000 3118 6118
3166 3193 6359
3049 3061 6110
3138 3156 6294
3129 3175 6304
3031 3154 6185
3087 3174 6261
3142 3184 6326
3028 3055 6083
3030 3152 6182
3105 3174 6279
3190 3193 6383
3189 3196 6385
3065 3102 6167
3140 3147 6287
3014 3089 6103
3135 3155 6290
3057 3147 6204
3051 3138 6189
3164 3200 6364
3155 3182 6337
3172 3190 6362
3049 3159 6208
3185 3200 6385
3149 3200 6349
3076 3175 6251
3072 3148 6220
3182 3184 6366
3168 3183 6351
3071 3181 6252
3002 3139 6141
3154 3188 6342
3146 3186 6332
3192 3198 6390
3079 3100 6179
3083 3097 6180
3122 3166 6288
3118 3126 6244
3088 3165 6253
3010 3020 6030
3128 3159 6287
3075 3198 6273
3002 3007 6009
3155 3171 6326
3110 3182 6292
3015 3168 6183
3015 3083 6098
3156 3189 6345
3190 3193 6383
3156 3199 6355
3185 3200 6385
3022 3158 6180
3195 3198 6393
3125 3146 6271
3024 3124 6148
3130 3182 6312
3043 3102 6145
3091 3167 6258
3070 3080 6150
3197 3198 6395
3116 3200 6316
3040 3170 6210
3136 3138 6274
3014 3113 6127
3055 3065 6120
3167 3190 6357
3120 3158 6278
3191 3192 6383
3090 3175 6265
3042 3057 6099
3024 3102 6126
3154 3200 6354
3090 3158 6248
3126 3133 6259
3193 3199 6392
3061 3154 6215
3032 3099 6131
3011 3078 6089
3180 3190 6370
3193 3197 6390
3043 3162 6205
3168 3180 6348
3183 3196 6379
3175 3177 6352
3190 3194 6384
3103 3158 6261
3148 3192 6340
3147 3156 6303
3034 3117 6151
3068 3096 6164
3070 3117 6187
3021 3054 6075
3087 3156 6243
3179 3186 6365
3021 3048 6069
3133 3136 6269
3142 3153 6295
3098 3117 6215
3037 3159 6196
3030 3112 6142
3051 3197 6248
3020 3162 6182
3161 3200 6361
3198 3200 6398
3121 3133 6254
3167 3200 6367
3076 3172 6248
3173 3180 6353
3077 3192 6269
3072 3188 6260
3019 3026 6045
3075 3126 6201
3015 3017 6032
3045 3153 6198
3013 3078 6091
3078 3156 6234
3053 3106 6159
3018 3193 6211
3180 3186 6366
3140 3180 6320
3018 3112 6130
3184 3185 6369
3160 3179 6339
3190 3192 6382
3079 3151 6230
3058 3188 6246
3017 3028 6045
3157 3199 6356
3169 3183 6352
3178 3189 6367
3164 3178 6342
3072 3186 6258
3147 3176 6323
3163 3186 6349
3050 3153 6203
3190 3192 6382
3036 3108 6144
3031 3164 6195
3029 3127 6156
3161 3187 6348
3059 3063 6122
3012 3188 6200
3132 3137 6269
3011 3076 6087
3074 3177 6251
3114 3161 6275
3009 3120 6129
3125 3143 6268
3128 3170 6298
3152 3158 6310
3096 3156 6252
3037 3143 6180
3099 3185 6284
3094 3100 6194
3130 3182 6312
3079 3132 6211
3053 3097 6150
3141 3160 6301
3098 3184 6282
3160 3184 6344
3006 3059 6065
3110 3166 6276
3008 3167 6175
3102 3114 6216
3019 3104 6123
3048 3091 6139
3195 3196 6391
3106 3114 6220
3164 3198 6362
3198 3199 6397
3060 3087 6147
3106 3187 6293
3051 3139 6190
3015 3197 6212
3176 3180 6356
3170 3175 6345
3163 3166 6329
3191 3195 6386
3013 3043 6056
3019 3191 6210
3183 3188 6371
3110 3169 6279
3129 3133 6262
3191 3198 6389
3196 3200 6396
3135 3156 6291
3142 3181 6323
3138 3147 6285
3001 3189 6190
3028 3084 6112
3066 3135 6201
3100 3135 6235
3038 3199 6237
3183 3196 6379
3142 3170 6312
3006 3168 6174
3066 3132 6198
3019 3074 6093
3021 3143 6164
3043 3128 6171
3049 3159 6208
3131 3187 6318
3047 3137 6184
3129 3192 6321
3093 3177 6270
3027 3108 6135
3158 3185 6343
3175 3182 6357
3172 3186 6358
3005 3171 6176
3032 3173 6205
3136 3184 6320
3049 3081 6130
3038 3154 6192
3094 3139 6233
3008 3010 6018
3007 3061 6068
3131 3172 6303
3196 3200 6396
3190 3200 6390
3171 3184 6355
3077 3103 6180
3104 3199 6303
3099 3104 6203
3161 3193 6354
3068 3080 6148
3112 3131 6243
3050 3176 6226
3186 3190 6376
3051 3166 6217
3103 3186 6289
3119 3169 6288
3107 3179 6286
3175 3196 6371
3008 3055 6063
3188 3192 6380
3081 3097 6178
3093 3173 6266
3038 3104 6142
3073 3193 6266
3035 3161 6196
3068 3115 6183
3115 3158 6273
3092 3137 6229
3088 3167 6255
3112 3145 6257
3095 3170 6265
3057 3139 6196
3138 3174 6312
3017 3156 6173
3122 3156 6278
3035 3168 6203
3011 3133 6144
3123 3136 6259
3117 3171 6288
3099 3102 6201
3078 3169 6247

4049 4073 8098
4171 4197 8344
4022 4057 8052
4179 4190 8340
4029 4161 8186
4006 4163 8154
4049 4080 8127
4129 4147 8260
4110 4140 8220
4149 4165 8307
4071 4159 8204
4091 4164 8238
4118 4180 8296
4129 4170 8264
4045 4153 8175
4002 4063 8035
4036 4098 8106
4026 4147 8147
4132 4195 8302
4190 4200 8354
4016 4124 8126
4141 4164 8282
4062 4156 8212
4056 4118 8145
4112 4126 8235
4134 4150 8271
4053 4072 8098
4123 4189 8307
4097 4178 8255
4046 4171 8184
4092 4183 8272
4176 4179 8351
4066 4169 8231
4008 4075 8072
4178 4196 8344
4170 4193 8337
4093 4152 8244
4176 4181 8322
4083 4094 8172
4009 4126 8123
4102 4104 8167
4005 4086 8067
4097 4176 8262
4009 4013 8019
4169 4194 8330
4065 4080 8141
4019 4197 8183
4101 4102 8202
4190 4199 8378
4110 4144 8226
4051 4101 8114
4112 4173 8277
4080 4103 8172
4130 4191 8304
4134 4168 8264
4060 4065 8110
4182 4197 8346
4181 4199 8377
4199 4200 8378
4119 4192 8296
4169 4200 8340
4106 4121 8206
4053 4140 8186
4018 4059 8047
4095 4124 8210
4117 4171 8287
4014 4029 8014
4034 4037 8038
4118 4185 8267
4148 4156 8282
4027 4193 8192
4172 4197 8360
4085 4104 8173
4087 4192 8258
4014 4184 8172
4180 4191 8348
4199 4200 8375
4060 4163 8193
4000 4016 7992
4183 4199 8347
4097 4154 8230
4165 4198 8326
4144 4187 8318
4009 4039 8015
4085 4156 8233
4189 4198 8376
4072 4087 8145
4112 4174 8258
4087 4101 8172
4147 4172 8280
4097 4116 8197
4043 4144 8153
4096 4179 8253
4150 4172 8290
4154 4192 8311
4165 4169 8320
4169 4178 8325
4009 4151 8125
4036 4165 8181
4158 4181 8315
4001 4135 8111
4000 4007 8005
4057 4090 8126
4195 4199 8377
4058 4155 8201
4019 4151 8139
4022 4155 8155
4003 4008 8000
4152 4183 8325
4161 4200 8352
4110 4148 8255
4069 4161 8194
4179 4195 8358
4049 4051 8074
4032 4183 8204
4017 4081 8075
4079 4143 8207
4165 4197 8342
4132 4174 8270
4068 4136 8192
4002 4056 8049
4183 4193 8368
4121 4195 8311
4103 4188 8289
4190 4192 8353
4144 4195 8320
4010 4049 8030
4105 4145 8249
4006 4069 8061
4190 4191 8361
4122 4173 8275
4068 4078 8134
4141 4184 8322
4013 4083 8061
4077 4164 8236
4117 4169 8260
4109 4128 8203
4113 4114 8196
4136 4137 8258
4159 4178 8310
4141 4177 8289
4162 4179 8332
4027 4083 8080
4178 4182 8355
4118 4191 8271
4009 4026 8031
4158 4178 8325
4127 4177 8291
4151 4162 8296
4010 4067 8076
4129 4150 8253
4119 4200 8281
4159 4193 8320
4097 4193 8273
4192 4197 8353
4188 4189 8373
4131 4135 8255
4033 4108 8116
4102 4164 8233
4024 4150 8158
4048 4082 8092
4051 4125 8161
4001 4121 8112
4180 4181 8331
4075 4114 8156
4116 4193 8297
4150 4158 8269
4011 4117 8090
4110 4193 8294
4073 4153 8196
4182 4185 8354
4144 4162 8279
4149 4190 8326
4190 4197 8372
4096 4187 8252
4196 4200 8377
4145 4164 8272
4085 4104 8174
4168 4172 8334
4076 4120 8163
4084 4148 8197
4188 4193 8377
4177 4186 8332
4186 4198 8349
4039 4181 8216
4122 4195 8306
4006 4200 8187
4170 4183 8327
4072 4091 8128
4138 4185 8286
4134 4163 8283
4071 4170 8206
4119 4194 8287
4176 4191 8348
4145 4153 8281
4023 4072 8073
4041 4164 8194
4171 4186 8350
4101 4167 8264
4116 4154 8256
4022 4194 8195
4195 4198 8377
4094 4107 8170
4004 4164 8147
4096 4102 8171
4085 4092 8174
4053 4074 8114
4139 4185 8318
4181 4189 8342
4141 4163 8287
4192 4196 8365
4119 4147 8259
4039 4101 8114
4067 4078 8116
4082 4109 8164
4124 4126 8240
4113 4186 8262
4080 4109 8165
4107 4126 8230
4168 4199 8364
4132 4145 8243
4145 4146 8265
4010 4074 8074
4033 4156 8153
4129 4130 8246
4109 4140 8231
4034 4140 8153
4109 4194 8265
4017 4194 8183
4019 4142 8139
4186 4188 8348
4137 4189 8323
4124 4183 8273
4096 4118 8189
4089 4183 8234
4134 4182 8281
4103 4141 8241
4191 4200 8365
4130 4167 8265
4024 4059 8047
4129 4136 8247
4161 4196 8325
4164 4170 8324
4057 4186 8213
4142 4193 8316
4055 4076 8094
4045 4088 8116
4022 4101 8118
4069 4073 8127
4052 4081 8108
4046 4174 8183
4119 4197 8304
4103 4105 8200
4024 4110 8133
4122 4181 8282
4156 4184 8305
4048 4105 8119
4114 4192 8297
4163 4168 8313
4165 4172 8328
4115 4198 8277
4005 4108 8080
4053 4117 8143
4042 4111 8131
4080 4120 8163
4150 4151 8296
4159 4183 8328
4044 4094 8123
4097 4126 8201
4196 4197 8365
4087 4187 8248
4099 4101 8189
4181 4183 8359
4057 4113 8152
4005 4084 8064
4009 4167 8153
4123 4125 8238
4072 4134 8191
4130 4153 8245
4095 4179 8260
4051 4066 8103
4174 4190 8348
4193 4194 8362
4038 4174 8175
4145 4149 8269
4045 4102 8110
4197 4198 8386
4088 4143 8195
4124 4194 8293
4079 4176 8253
4005 4043 8041
4000 4193 8178
4149 4152 8274
4152 4163 8298
4046 4153 8196
4134 4199 8317
4147 4165 8298
4158 4171 8303
4144 4195 8301
4127 4190 8305
4174 4194 8339
4124 4161 8247
4011 4024 8025
4179 4191 8369
4050 4051 8068
4197 4198 8394
4106 4168 8271
4008 4185 8182
4118 4132 8216
4006 4030 8034
4192 4196 8366
4032 4079 8090
4020 4164 8173
4111 4178 8258
4154 4177 8309
4062 4160 8205
4123 4153 8242
4090 4140 8212
4053 4073 8124
4078 4195 8238
4027 4105 8124
4052 4092 8124
4145 4156 8293
4037 4069 8103
4073 4142 8201
4051 4060 8087
4037 4174 8178
4046 4190 8215
4092 4154 8245
4145 4182 8315
4156 4191 8314
4022 4030 8041
4031 4167 8170
4144 4171 8276
4087 4193 8275
4009 4037 8024
4198 4200 8381
4173 4181 8346
4109 4154 8255
4006 4150 8138
4029 4067 8078
4057 4134 8187
4153 4185 8302
4080 4115 8193
4159 4164 8287
4077 4129 8168
4018 4041 8058
4039 4198 8235
4037 4060 8062
4046 4049 8057
4136 4173 8283
4006 4037 8039
4119 4135 8240
4105 4149 8251
4076 4187 8245
4053 4185 8211
4175 4180 8348
4040 4170 8186
4057 4200 8250
4145 4162 8286
4043 4075 8102
4189 4195 8348
4058 4198 8252
4121 4190 8294
4002 4084 8050
4094 4113 8204
4091 4136 8204
4037 4106 8142
4179 4182 8360
4001 4068 8042
4164 4195 8353
4098 4120 8204
4162 4193 8331
4129 4136 8233
4059 4101 8142
4024 4159 8172
4037 4101 8120
4186 4192 8342
4153 4187 8307
4032 4087 8088
4021 4093 8111
4041 4124 8154
4023 4079 8088
4047 4136 8173
4176 4181 8319
4030 4052 8056
4073 4143 8205
4103 4196 8277
4045 4139 8165
4094 4171 8264
4035 4117 8139
4064 4127 8168
4113 4162 8238
4164 4188 8351
4155 4162 8295
4098 4133 8196
4162 4193 8323
4159 4180 8319
4095 4165 8258
4006 4027 8003
4129 4200 8319
4089 4138 8200
4168 4185 8344
4101 4144 8240
4029 4075 8077
4071 4082 8144
4151 4164 8299
4144 4197 8332
4140 4175 8280
4068 4191 8255
4102 4155 8255
4089 4137 8224
4085 4121 8204
4043 4091 8105
4082 4115 8171
4146 4179 8289
4060 4182 8238
4180 4182 8359
4055 4086 8119
4092 4145 8222
4013 4180 8190
4029 4166 8157
4195 4199 8376
4034 4071 8093
4197 4199 8368
4196 4199 8385
4031 4194 8190
4007 4024 8001
4084 4176 8233
4028 4165 8192
4003 4044 8025
4124 4132 8255
4039 4042 8079
4166 4170 8319
4193 4195 8364
4110 4170 8250
4140 4184 8285
4065 4143 8206
4101 4160 8240
4055 4073 8109
4078 4159 8207
4117 4151 8254
4155 4182 8300
4075 4163 8228
4036 4117 8133
4196 4198 8372
4112 4167 8267
4014 4166 8153
4125 4185 8288
4065 4183 8210
4181 4183 8355
4076 4123 8185
4142 4187 8321
4101 4114 8207
4121 4192 8305
4184 4200 8365
4047 4126 8139
4007 4188 8184
4046 4118 8141
4016 4097 8109
4178 4199 8366
4195 4197 8375
4006 4166 8171
4136 4140 8257
4053 4193 8238
4118 4195 8290
4127 4156 8252
4070 4073 8126
4081 4116 8176
4009 4049 8020
4140 4159 8280
4038 4198 8226
4179 4184 8340
4011 4027 8029
4046 4115 8160
4134 4187 8314
4155 4199 8352
4148 4190 8316
4139 4177 8308
4124 4127 8222
4138 4159 8282
4182 4193 8371
4196 4198 8366
4022 4087 8075
4033 4155 8153
4142 4191 8306
4156 4179 8327
4009 4180 8159
4103 4145 8238
4172 4190 8330
4176 4195 8367
4014 4065 8071
4059 4109 8152
4166 4174 8323
4130 4195 8296
4050 4146 8179
4099 4156 8225
4027 4053 8079
4098 4135 8226
4108 4196 8271
4035 4102 8135
4101 4138 8219
4094 4119 8206
4068 4082 8142
4090 4149 8204
4056 4064 8099
4120 4158 8270
4057 4084 8133
4088 4153 8209
4123 4159 8247
4017 4069 8081
4019 4118 8135
4092 4191 8281
4060 4067 8126
4052 4084 8113
4082 4168 8231
4125 4178 8298
4024 4030 8025
4078 4081 8148
4174 4181 8334
4054 4196 8224
4058 4098 8129
4036 4137 8161
4137 4172 8285
4080 4161 8206
4115 4161 8270
4093 4187 8272
4137 4197 8302
4130 4149 8269
4027 4044 8066
4113 4182 8284
4169 4198 8366
4059 4146 8198
4119 4168 8249
4185 4191 8361
4058 4061 8102
4011 4164 8144
4083 4177 8245
4001 4100 8064
4125 4130 8254
4125 4186 8277
4121 4149 8254
4195 4200 8391
4036 4059 8068
4162 4188 8341
4042 4043 8065
4045 4113 8151
4194 4197 8388
4090 4159 8219
4059 4123 8158
4085 4119 8185
4103 4107 8195
4011 4142 8139
4123 4197 8302
4123 4181 8271
4032 4127 8144
4023 4142 8164
4164 4198 8336
4176 4188 8345
4006 4025 8027
4049 4117 8157
4144 4180 8314
4029 4041 8065
4045 4176 8188
4112 4184 8289
4078 4105 8162
4094 4131 8216
4183 4188 8370
4030 4147 8151
4044 4158 8182
4024 4129 8128
4193 4196 8367
4186 4200 8348
4046 4102 8136
4185 4192 8352
4151 4179 8291
4044 4152 8187
4167 4187 8323
4151 4163 8284
4171 4200 8351
4073 4148 8191
4031 4155 8165
4010 4013 8008
4155 4194 8327
4039 4181 8210
4118 4138 8246
4013 4132 8124
4035 4037 8051
4050 4074 8122
4104 4159 8229
4050 4082 8127
4192 4198 8366
4176 4181 8355
4129 4167 8276
4174 4187 8328
4143 4173 8291
4154 4168 8289
4065 4108 8154
4133 4159 8254
4020 4115 8127
4155 4198 8350
4083 4196 8272
4103 4120 8197
4070 4112 8157
4062 4147 8197
4010 4138 8135
4122 4140 8233
4131 4191 8301
4122 4157 8261
4165 4168 8323
4057 4155 8205
4080 4173 8241
4152 4157 8295
4037 4090 8120
4109 4127 8233
4123 4177 8282
4153 4162 8305
4011 4078 8053
4122 4140 8224
4028 4153 8145
4185 4191 8362
4166 4180 8327
4021 4085 8071
4136 4195 8324
4024 4136 8133
4189 4194 8344
4060 4064 8091
4119 4141 8258
4185 4200 8380
4114 4193 8288
4142 4167 8277
4177 4193 8351
4011 4171 8152
4168 4179 8309
4028 4059 8066
4180 4194 8343
4049 4110 8137
4134 4151 8284
4144 4176 8283
4080 4144 8208
4197 4198 8381
4123 4194 8307
4028 4194 8211
4103 4146 8226
4145 4159 8291
4075 4149 8217
4070 4140 8183
4062 4126 8182
4025 4060 8057
4170 4173 8319
4050 4143 8173
4008 4115 8085
4058 4147 8172
4192 4199 8368
4151 4170 8295
4037 4180 8194
4151 4174 8286
4190 4193 8347
4039 4186 8211
4046 4156 8189
4174 4198 8337
4096 4188 8255
4185 4193 8366
4125 4183 8278
4014 4165 8158
4123 4180 8276
4136 4165 8265
4194 4200 8358
4043 4049 8054
4176 4180 8321
4177 4193 8356
4135 4200 8302
4028 4175 8190
4048 4180 8214
4040 4153 8186
4168 4197 8344
4140 4200 8301
4154 4177 8322
4172 4175 8329
4165 4174 8315
4143 4171 8300
4011 4040 8016
4036 4052 8078
4154 4183 8320
4103 4179 8281
4029 4181 8209
4001 4093 8081
4064 4147 8194
4112 4197 8270
4187 4194 8367
4142 4174 8314
4180 4199 8355
4024 4153 8156
4187 4188 8358
4093 4116 8208
4104 4108 8176
4194 4200 8372
4164 4172 8324
4075 4175 8226
4033 4066 8065
4149 4151 8298
4105 4187 8290
4110 4158 8250
4064 4113 8171
4119 4152 8240
4046 4103 8117
4117 4129 8235
4124 4126 8243
4024 4095 8103
4155 4196 8315
4160 4185 8306
4183 4185 8351
4052 4192 8234
4014 4179 8165
4170 4175 8336
4064 4070 8130
4088 4128 8214
4197 4198 8391
4091 4156 8217
4121 4138 8247
4104 4182 8267
4092 4175 8239
4050 4168 8197
4025 4196 8212
4176 4189 8346
4107 4165 8262
4155 4200 8338
4187 4199 8380
4073 4147 8216
4131 4156 8275
4037 4107 8110
4000 4032 8024
4102 4155 8255
4130 4161 8288
4095 4153 8239
4099 4195 8280
4071 4160 8199
4004 4073 8069
4155 4161 8288
4163 4174 8308
4125 4180 8275
4068 4192 8228
4170 4173 8316
4173 4190 8362
4079 4183 8239
4147 4182 8291
4146 4159 8274
4146 4147 8285
4187 4191 8350
4192 4200 8367
4101 4157 8231
4103 4104 8172
4185 4190 8336
4009 4041 8015
4115 4125 8210
4163 4184 8329
4108 4121 8222
4048 4109 8137
4123 4186 8298
4142 4195 8326
4090 4123 8207
4088 4116 8177
4125 4130 8235
4016 4165 8152
4110 4169 8270
4065 4152 8205
4044 4082 8119
4038 4055 8083
4027 4051 8071
4106 4200 8290
4033 4121 8125
4196 4200 8365
4035 4122 8155
4191 4194 8380
4034 4158 8185
4055 4078 8110
4008 4064 8038
4003 4117 8095
4077 4171 8214
4129 4184 8295
4042 4175 8179
4118 4125 8205
4111 4172 8268
4010 4154 8145
4130 4165 8288
4066 4175 8221
4073 4121 8184
4133 4147 8246
4134 4186 8299
4146 4160 8289
4109 4174 8260
4072 4161 8213
4102 4191 8286
4156 4170 8324
4157 4178 8333
4080 4105 8180
4149 4198 8316
4168 4198 8346
4164 4187 8332
4084 4104 8164
4059 4064 8120
4024 4086 8109
4041 4146 8161
4184 4185 8343
4091 4107 8194
4058 4098 8136
4112 4133 8221
4012 4145 8121
4176 4196 8357
4196 4197 8355
4083 4180 8232
4189 4195 8382
4165 4184 8315
4015 4044 8032
4088 4102 8156
4076 4150 8201
4132 4167 8265
4047 4198 8208
4132 4179 8284
4117 4173 8271
4038 4092 8120
4105 4126 8227
4120 4171 8290
4178 4182 8329
4124 4146 8252
4045 4166 8210
4123 4178 8286
4009 4036 8029
4068 4090 8130
4102 4175 8275
4160 4173 8332
4195 4197 8369
4088 4191 8277
4023 4194 8210
4145 4146 8290
4166 4195 8325
4092 4181 8241
4151 4176 8307
4027 4104 8107
4029 4103 8121
4070 4186 8234
4167 4184 8322
4163 4171 8310
4149 4158 8272
4170 4178 8309
4004 4083 8057
4001 4005 8004
4027 4143 8139
4173 4184 8318
4160 4176 8319
4052 4135 8169
4115 4154 8260
4106 4179 8270
4077 4187 8228
4094 4177 8236
4196 4200 8362
4020 4160 8165
4092 4145 8210
4096 4197 8292
4170 4181 8349
4051 4149 8195
4002 4151 8132
4192 4195 8358
4004 4194 8173
4153 4181 8307
4021 4075 8084
4122 4142 8225
4135 4195 8328
4110 4185 8265
4117 4172 8268
4061 4137 8175
4089 4161 8212
4066 4074 8104
4149 4154 8272
4094 4145 8217
4018 4106 8103
4011 4182 8190
4107 4185 8281
4178 4180 8349
4127 4159 8267
4056 4148 8197
4173 4179 8339
4064 4084 8132
4009 4171 8152
4028 4055 8057
4015 4083 8081
4093 4196 8266
4189 4198 8369
4174 4177 8329
4090 4115 8188
4060 4128 8158
4012 4145 8132
4016 4128 8132
4150 4178 8310
4020 4129 8114
4070 4176 8213
4150 4179 8314
4163 4174 8310
4131 4146 8260
4162 4195 8322

0.010000 0.360000
