900
5482196
3018 3129 6147
3148 3187 6335
3068 3113 6181
3110 3166 6276
3086 3144 6230
3106 3166 6272
3099 3152 6251
3188 3196 6384
3009 3138 6147
3083 3151 6234
3182 3195 6377
3038 3075 6113
3124 3177 6301
3183 3184 6367
3078 3137 6215
3088 3165 6253
3075 3147 6222
3089 3118 6207
3188 3199 6387
3013 3041 6054
3081 3176 6257
3001 3082 6083
3197 3198 6395
3027 3056 6083
3146 3170 6316
3093 3188 6281
3036 3061 6097
3189 3194 6383
3048 3052 6100
3038 3050 6088
3190 3195 6385
3172 3179 6351
3065 3199 6264
3122 3137 6259
3010 3086 6096
3039 3092 6131
3104 3126 6230
3117 3122 6239
3048 3191 6239
3193 3194 6387
3034 3078 6112
3189 3194 6383
3155 3178 6333
3196 3200 6396
3028 3130 6158
3166 3192 6358
3136 3143 6279
3157 3168 6325
3003 3022 6025
3139 3143 6282
3137 3181 6318
3008 3067 6075
3019 3180 6199
3166 3178 6344
3029 3046 6075
3037 3187 6224
3100 3185 6285
3192 3197 6389
3098 3200 6298
3130 3163 6293
3161 3171 6332
3172 3193 6365
3189 3193 6382
3002 3036 6038
3123 3136 6259
3177 3178 6355
3145 3175 6320
3149 3193 6342
3069 3122 6191
3015 3074 6089
3086 3144 6230
3186 3196 6382
3152 3156 6308
3107 3126 6233
3123 3176 6299
3026 3051 6077
3081 3122 6203
3021 3135 6156
3071 3113 6184
3134 3163 6297
3073 3174 6247
3066 3081 6147
3195 3197 6392
3116 3173 6289
3029 3098 6127
3101 3123 6224
3019 3076 6095
3197 3199 6396
3111 3169 6280
3107 3200 6307
3111 3165 6276
3035 3130 6165
3125 3138 6263
3127 3182 6309
3037 3052 6089
3168 3190 6358
3111 3197 6308
3138 3196 6334
3049 3118 6167
3001 3044 6045
3046 3184 6230
3078 3156 6234
3054 3077 6131
3037 3148 6185
3170 3181 6351
3172 3181 6353
3134 3182 6316
3000 3018 6018
3060 3126 6186
3053 3135 6188
3121 3128 6249
3148 3149 6297
3134 3180 6314
3110 3167 6277
3074 3110 6184
3178 3179 6357
3127 3155 6282
3095 3142 6237
3000 3159 6159
3053 3190 6243
3027 3194 6221
3077 3116 6193
3011 3128 6139
3071 3158 6229
3081 3086 6167
3133 3159 6292
3084 3129 6213
3024 3054 6078
3070 3093 6163
3163 3165 6328
3138 3187 6325
3019 3195 6214
3002 3014 6016
3172 3173 6345
3113 3180 6293
3163 3164 6327
3009 3048 6057
3161 3198 6359
3077 3191 6268
3150 3193 6343
3141 3148 6289
3085 3090 6175
3119 3199 6318
3071 3125 6196
3049 3127 6176
3119 3189 6308
3063 3153 6216
3066 3124 6190
3024 3160 6184
3155 3171 6326
3163 3199 6362
3091 3179 6270
3175 3184 6359
3014 3054 6068
3174 3177 6351
3104 3184 6288
3008 3071 6079
3144 3185 6329
3107 3182 6289
3064 3156 6220
3088 3119 6207
3055 3119 6174
3067 3104 6171
3019 3148 6167
3098 3171 6269
3016 3191 6207
3118 3193 6311
3092 3097 6189
3005 3041 6046
3185 3187 6372
3014 3099 6113
3107 3176 6283
3067 3106 6173
3093 3103 6196
3186 3199 6385
3191 3197 6388
3195 3198 6393
3078 3130 6208
3120 3168 6288
3076 3097 6173
3137 3138 6275
3009 3049 6058
3187 3189 6376
3049 3054 6103
3067 3177 6244
3062 3165 6227
3048 3146 6194
3092 3117 6209
3079 3189 6268
3127 3142 6269
3139 3149 6288
3097 3144 6241
3132 3163 6295
3011 3047 6058
3070 3121 6191
3081 3184 6265
3198 3199 6397
3179 3194 6373
3108 3143 6251
3063 3159 6222
3013 3162 6175
3156 3194 6350
3051 3127 6178
3160 3180 6340
3046 3049 6095
3109 3166 6275
3032 3106 6138
3004 3095 6099
3035 3172 6207
3003 3184 6187
3047 3051 6098
3135 3141 6276
3073 3090 6163
3106 3130 6236
3114 3174 6288
3101 3145 6246
3001 3148 6149
3038 3110 6148
3025 3061 6086
3093 3138 6231
3137 3190 6327
3107 3150 6257
3002 3142 6144
3043 3085 6128
3122 3170 6292
3137 3142 6279
3019 3105 6124
3012 3174 6186
3061 3173 6234
3020 3050 6070
3021 3054 6075
3198 3200 6398
3033 3189 6222
3026 3151 6177
3162 3192 6354
3062 3091 6153
3152 3166 6318
3182 3187 6369
3027 3130 6157
3149 3190 6339
3146 3175 6321
3116 3144 6260
3187 3190 6377
3133 3182 6315
3081 3086 6167
3013 3076 6089
3071 3131 6202
3007 3138 6145
3015 3140 6155
3093 3163 6256
3169 3192 6361
3185 3191 6376
3020 3156 6176
3027 3127 6154
3114 3187 6301
3030 3155 6185
3028 3061 6089
3072 3121 6193
3056 3119 6175
3013 3094 6107
3015 3129 6144
3083 3123 6206
3080 3105 6185
3055 3199 6254
3050 3112 6162
3116 3170 6286
3101 3139 6240
3090 3161 6251
3190 3193 6383
3183 3190 6373
3065 3197 6262
3115 3153 6268
3152 3175 6327
3179 3198 6377
3187 3196 6383
3116 3129 6245
3000 3098 6098
3082 3108 6190
3178 3182 6360
3137 3191 6328
3037 3151 6188
3084 3117 6201
3120 3138 6258
3112 3169 6281
3032 3103 6135
3183 3190 6373
3010 3175 6185
3170 3197 6367
3095 3160 6255
3129 3174 6303
3102 3177 6279
3116 3122 6238
3021 3158 6179
3064 3185 6249
3133 3139 6272
3011 3016 6027
3064 3155 6219
3081 3180 6261
3027 3037 6064
3055 3143 6198
3099 3193 6292
3000 3093 6093
3196 3200 6396
3134 3178 6312
3060 3139 6199
3151 3152 6303
3105 3123 6228
3029 3165 6194
3175 3197 6372
3090 3199 6289
3147 3194 6341
3002 3044 6046
3140 3186 6326
3001 3057 6058
3022 3104 6126
3116 3168 6284
3014 3167 6181
3159 3163 6322
3153 3196 6349
3046 3084 6130
3094 3113 6207
3019 3066 6085
3117 3155 6272
3177 3182 6359
3103 3145 6248
3148 3160 6308
3020 3127 6147
3050 3115 6165
3090 3163 6253
3017 3161 6178
3004 3080 6084
3092 3096 6188
3149 3160 6309
3177 3193 6370
3027 3137 6164
3014 3185 6199
3062 3200 6262
3064 3130 6194
3004 3076 6080
3111 3152 6263
3046 3052 6098
3028 3086 6114
3178 3190 6368
3193 3194 6387
3115 3149 6264
3006 3105 6111
3028 3092 6120
3195 3196 6391
3134 3151 6285
3156 3189 6345
3097 3113 6210
3027 3121 6148
3103 3149 6252
3158 3168 6326
3070 3171 6241
3084 3109 6193
3116 3193 6309
3070 3150 6220
3069 3070 6139
3003 3118 6121
3193 3194 6387
3053 3146 6199
3039 3055 6094
3064 3198 6262
3108 3179 6287
3011 3047 6058
3021 3026 6047
3043 3163 6206
3095 3180 6275
3087 3101 6188
3156 3157 6313
3132 3180 6312
3052 3081 6133
3176 3200 6376
3095 3134 6229
3079 3107 6186
3068 3168 6236
3099 3190 6289
3000 3188 6188
3111 3173 6284
3095 3174 6269
3197 3198 6395
3153 3172 6325
3121 3166 6287
3186 3195 6381
3034 3159 6193
3167 3180 6347
3084 3146 6230
3085 3157 6242
3023 3157 6180
3136 3179 6315
3080 3121 6201
3084 3200 6284
3188 3200 6388
3182 3199 6381
3164 3184 6348
3113 3160 6273
3182 3189 6371
3004 3153 6157
3084 3088 6172
3151 3198 6349
3091 3119 6210
3104 3187 6291
3082 3199 6281
3033 3040 6073
3103 3163 6266
3082 3170 6252
3044 3081 6125
3116 3182 6298
3046 3060 6106
3003 3142 6145
3086 3130 6216
3130 3134 6264
3058 3080 6138
3185 3197 6382
3016 3031 6047
3024 3178 6202
3104 3159 6263
3025 3028 6053
3187 3198 6385
3066 3194 6260
3045 3195 6240
3197 3198 6395
3199 3200 6399
3028 3053 6081
3158 3167 6325
3152 3175 6327
3080 3194 6274
3163 3165 6328
3160 3166 6326
3087 3156 6243
3018 3124 6142
3030 3054 6084
3085 3189 6274
3170 3173 6343
3122 3143 6265
3095 3142 6237
3192 3199 6391
3011 3085 6096
3112 3148 6260
3133 3161 6294
3185 3193 6378
3182 3199 6381
3073 3193 6266
3174 3199 6373
3068 3144 6212
3121 3177 6298
3080 3111 6191
3009 3050 6059
3191 3192 6383
3165 3174 6339
3095 3097 6192
3010 3181 6191
3170 3175 6345
3020 3083 6103
3025 3065 6090
3001 3115 6116
3036 3129 6165
3045 3096 6141
3092 3185 6277
3028 3178 6206
3099 3182 6281
3174 3192 6366
3198 3199 6397
3050 3133 6183
3043 3173 6216
3178 3188 6366
3100 3142 6242
3003 3187 6190
3051 3177 6228
3146 3170 6316
3018 3139 6157
3071 3103 6174
3124 3200 6324
3184 3191 6375
3183 3195 6378
3092 3186 6278
3042 3062 6104
3009 3063 6072
3120 3188 6308
3020 3135 6155
3127 3167 6294
3017 3073 6090
3009 3121 6130
3037 3123 6160
3014 3030 6044
3134 3196 6330
3102 3168 6270
3098 3099 6197
3165 3190 6355
3029 3114 6143
3080 3145 6225
3001 3149 6150
3142 3187 6329
3025 3044 6069
3157 3193 6350
3118 3176 6294
3015 3175 6190
3062 3083 6145
3032 3181 6213
3000 3131 6131
3104 3178 6282
3176 3182 6358
3147 3181 6328
3097 3195 6292
3005 3071 6076
3064 3189 6253
3090 3192 6282
3116 3188 6304
3180 3196 6376
3121 3183 6304
3162 3186 6348
3082 3139 6221
3009 3039 6048
3119 3150 6269
3120 3140 6260
3068 3104 6172
3175 3190 6365
3017 3084 6101
3118 3189 6307
3159 3188 6347
3089 3101 6190
3049 3058 6107
3011 3190 6201
3116 3200 6316
3050 3071 6121
3024 3095 6119
3042 3098 6140
3080 3098 6178
3185 3194 6379
3095 3169 6264
3158 3179 6337
3148 3156 6304
3032 3189 6221
3043 3198 6241
3060 3140 6200
3028 3044 6072
3078 3165 6243
3088 3151 6239
3064 3141 6205
3141 3183 6324
3139 3149 6288
3121 3178 6299
3172 3199 6371
3170 3184 6354
3140 3180 6320
3182 3189 6371
3086 3104 6190
3087 3143 6230
3079 3130 6209
3046 3115 6161
3105 3191 6296
3177 3189 6366
3025 3027 6052
3087 3157 6244
3086 3184 6270
3037 3093 6130
3037 3188 6225
3115 3181 6296
3140 3162 6302
3136 3157 6293
3071 3099 6170
3093 3113 6206
3045 3066 6111
3183 3197 6380
3066 3109 6175
3084 3133 6217
3090 3129 6219
3064 3090 6154
3190 3199 6389
3191 3198 6389
3002 3003 6005
3199 3200 6399
3158 3188 6346
3129 3157 6286
3127 3166 6293
3109 3186 6295
3024 3066 6090
3158 3192 6350
3121 3143 6264
3109 3161 6270
3134 3190 6324
3150 3159 6309
3038 3098 6136
3128 3163 6291
3156 3184 6340
3136 3139 6275
3001 3128 6129
3092 3148 6240
3074 3144 6218
3163 3198 6361
3186 3190 6376
3136 3172 6308
3099 3150 6249
3112 3198 6310
3158 3160 6318
3106 3116 6222
3159 3170 6329
3060 3071 6131
3160 3195 6355
3052 3090 6142
3198 3199 6397
3052 3074 6126
3160 3162 6322
3083 3135 6218
3133 3167 6300
3089 3175 6264
3018 3082 6100
3138 3169 6307
3070 3072 6142
3070 3172 6242
3138 3194 6332
3183 3200 6383
3034 3178 6212
3151 3171 6322
3142 3176 6318
3163 3186 6349
3138 3166 6304
3092 3162 6254
3012 3178 6190
3040 3156 6196
3110 3168 6278
3190 3195 6385
3093 3188 6281
3109 3154 6263
3061 3166 6227
3081 3091 6172
3058 3059 6117
3013 3095 6108
3013 3096 6109
3017 3062 6079
3093 3096 6189
3056 3097 6153
3189 3198 6387
3057 3147 6204
3162 3189 6351
3121 3174 6295
3177 3179 6356
3106 3128 6234
3015 3048 6063
3178 3199 6377
3157 3185 6342
3056 3155 6211
3177 3190 6367
3124 3154 6278
3061 3161 6222
3163 3196 6359
3017 3074 6091
3091 3158 6249
3195 3199 6394
3164 3196 6360
3135 3163 6298
3177 3198 6375
3155 3164 6319
3077 3128 6205
3117 3173 6290
3137 3151 6288
3019 3168 6187
3102 3130 6232
3062 3089 6151
3135 3182 6317
3190 3196 6386
3133 3147 6280
3064 3152 6216
3157 3172 6329
3155 3174 6329
3133 3195 6328
3120 3177 6297
3040 3101 6141
3025 3049 6074
3002 3006 6008
3196 3199 6395
3069 3134 6203
3197 3199 6396
3019 3176 6195
3070 3151 6221
3045 3099 6144
3150 3191 6341
3185 3190 6375
3007 3197 6204
3032 3106 6138
3056 3098 6154
3094 3175 6269
3081 3124 6205
3160 3188 6348
3104 3115 6219
3065 3117 6182
3130 3146 6276
3180 3183 6363
3007 3130 6137
3121 3180 6301
3053 3136 6189
3168 3180 6348
3066 3078 6144
3071 3101 6172
3122 3159 6281
3115 3120 6235
3128 3175 6303
3176 3184 6360
3009 3160 6169
3097 3195 6292
3029 3146 6175
3163 3171 6334
3187 3191 6378
3162 3170 6332
3143 3149 6292
3007 3165 6172
3081 3123 6204
3026 3191 6217
3022 3153 6175
3112 3151 6263
3168 3179 6347
3153 3155 6308
3152 3180 6332
3172 3189 6361
3092 3183 6275
3149 3178 6327
3101 3157 6258
3144 3146 6290
3107 3175 6282
3150 3160 6310
3192 3193 6385
3120 3169 6289
3142 3178 6320
3042 3175 6217
3071 3191 6262
3086 3169 6255
3132 3175 6307
3073 3104 6177
3173 3194 6367
3098 3122 6220
3102 3198 6300
3116 3148 6264
3197 3200 6397
3195 3197 6392
3154 3190 6344
3057 3155 6212
3081 3157 6238
3076 3080 6156
3065 3092 6157
3010 3107 6117
3084 3102 6186
3194 3197 6391
3003 3166 6169
3142 3159 6301
3116 3124 6240
3124 3196 6320
3070 3133 6203
3199 3200 6399
3083 3163 6246
3004 3088 6092
3146 3177 6323
3006 3164 6170
3183 3194 6377
3061 3167 6228
3064 3178 6242
3083 3091 6174
3023 3085 6108
3124 3192 6316
3163 3195 6358
3160 3163 6323
3025 3191 6216
3043 3196 6239
3031 3110 6141
3088 3125 6213
3122 3156 6278
3028 3196 6224
3113 3173 6286
3044 3105 6149
3070 3087 6157
3122 3170 6292
3143 3170 6313
3141 3155 6296
3064 3120 6184
3174 3196 6370
3057 3059 6116
3064 3157 6221
3051 3167 6218
3120 3198 6318
3176 3196 6372
3167 3173 6340
3033 3107 6140
3051 3123 6174
3077 3106 6183
3156 3173 6329
3187 3197 6384
3006 3071 6077
3020 3196 6216
3051 3055 6106
3162 3180 6342
3088 3121 6209
3138 3170 6308
3184 3194 6378
3189 3197 6386
3068 3079 6147
3156 3182 6338
3101 3121 6222
3051 3053 6104
3052 3171 6223
3090 3162 6252
3184 3199 6383
3035 3153 6188
3114 3177 6291
3195 3196 6391
3196 3200 6396
3042 3177 6219
3116 3142 6258
3154 3190 6344
3071 3119 6190
3165 3197 6362
3135 3154 6289
3169 3186 6355
3140 3166 6306
3191 3196 6387
3023 3122 6145
3085 3183 6268
3193 3194 6387
3116 3142 6258
3197 3200 6397
3170 3179 6349
3139 3185 6324
3174 3190 6364
3106 3180 6286
3151 3190 6341
3168 3198 6366
3007 3043 6050
3035 3133 6168
3133 3193 6326
3076 3200 6276
3017 3096 6113
3045 3198 6243
3155 3190 6345
3064 3102 6166
3074 3081 6155
3194 3197 6391
3061 3132 6193
3183 3194 6377
3019 3172 6191
3108 3155 6263
3030 3047 6077
3194 3197 6391
3034 3171 6205
3049 3174 6223
3035 3101 6136
3007 3144 6151
3086 3128 6214
3007 3137 6144
3162 3184 6346
3125 3137 6262
3050 3143 6193
3081 3105 6186
3138 3192 6330
3170 3177 6347
3005 3048 6053
3162 3181 6343
3180 3200 6380
3152 3161 6313
3025 3170 6195
3081 3087 6168
3145 3187 6332
3133 3137 6270
3171 3173 6344
3110 3122 6232
3190 3192 6382
3146 3166 6312
3186 3195 6381
3147 3164 6311
3077 3192 6269
3141 3154 6295
3114 3139 6253
3166 3173 6339
3165 3190 6355
3114 3152 6266
3107 3194 6301
3021 3143 6164
3156 3157 6313
3119 3131 6250
3061 3112 6173
3187 3199 6386
3180 3196 6376
3103 3146 6249
3110 3128 6238
3146 3196 6342
3171 3175 6346
3001 3045 6046
3119 3159 6278
3032 3035 6067
3007 3098 6105
3025 3068 6093
3091 3199 6290
3015 3018 6033
3169 3181 6350
3023 3178 6201
3153 3170 6323
3174 3180 6354
3153 3198 6351
3142 3189 6331
3075 3111 6186
3198 3199 6397
3042 3112 6154

4146 4173 8309
4023 4115 8136
4052 4150 8165
4049 4149 8186
4162 4178 8310
4090 4158 8231
4006 4105 8074
4121 4187 8278
4003 4146 8137
4080 4200 8263
4136 4184 8300
4108 4183 8281
4132 4181 8282
4153 4171 8287
4181 4193 8369
4072 4101 8160
4000 4030 7998
4026 4097 8121
4165 4167 8308
4113 4188 8286
4190 4198 8361
4070 4107 8169
4047 4118 8133
4196 4199 8356
4086 4092 8160
4103 4191 8288
4142 4198 8302
4127 4167 8258
4052 4157 8193
4133 4142 8268
4011 4015 8022
4047 4192 8217
4009 4030 8022
4102 4144 8222
4115 4151 8231
4002 4195 8167
4104 4169 8253
4166 4177 8342
4106 4110 8179
4038 4042 8062
4110 4175 8282
4087 4163 8228
4096 4167 8246
4104 4128 8211
4021 4121 8124
4012 4127 8130
4139 4200 8323
4096 4128 8214
4162 4191 8334
4075 4087 8138
4141 4174 8282
4125 4131 8240
4060 4164 8211
4073 4130 8185
4190 4194 8361
4077 4194 8270
4032 4101 8123
4042 4057 8089
4068 4115 8150
4072 4150 8185
4147 4195 8314
4120 4188 8291
4049 4174 8197
4173 4200 8369
4176 4184 8349
4099 4116 8207
4126 4131 8220
4060 4184 8228
4090 4164 8243
4130 4151 8260
4087 4120 8196
4021 4148 8143
4018 4096 8077
4152 4169 8316
4102 4172 8238
4199 4200 8388
4156 4157 8279
4146 4200 8343
4132 4146 8254
4102 4117 8201
4079 4104 8171
4111 4124 8229
4116 4155 8241
4047 4153 8188
4148 4149 8269
4176 4190 8338
4114 4197 8305
4045 4123 8137
4080 4111 8172
4002 4197 8179
4156 4194 8338
4016 4178 8193
4101 4110 8206
4122 4124 8220
4095 4190 8276
4011 4020 7994
4157 4163 8316
4136 4142 8276
4061 4190 8230
4055 4161 8190
4088 4181 8242
4054 4062 8081
4100 4148 8237
4094 4174 8248
4128 4198 8322
4178 4183 8356
4050 4119 8137
4179 4185 8333
4074 4076 8131
4169 4188 8321
4047 4103 8122
4063 4151 8176
4031 4153 8169
4142 4143 8277
4196 4199 8387
4142 4184 8290
4179 4199 8341
4131 4141 8248
4162 4182 8310
4147 4166 8292
4014 4126 8114
4023 4107 8097
4014 4150 8160
4096 4167 8238
4024 4051 8067
4081 4131 8193
4107 4198 8297
4178 4196 8345
4034 4199 8214
4075 4128 8198
4055 4133 8175
4084 4156 8211
4018 4150 8160
4002 4128 8095
4082 4108 8171
4035 4149 8172
4175 4177 8342
4108 4157 8255
4028 4121 8142
4161 4180 8305
4030 4151 8159
4090 4118 8178
4150 4188 8328
4037 4200 8222
4131 4136 8251
4152 4177 8304
4179 4195 8361
4107 4134 8230
4171 4182 8344
4147 4166 8277
4192 4198 8379
4183 4200 8358
4152 4164 8312
4154 4200 8321
4041 4165 8176
4111 4133 8216
4151 4170 8301
4198 4199 8392
4022 4098 8097
4106 4114 8188
4190 4197 8353
4190 4192 8351
4037 4159 8165
4011 4104 8092
4089 4174 8248
4094 4136 8197
4145 4175 8312
4065 4194 8257
4063 4119 8148
4128 4154 8262
4083 4134 8185
4027 4185 8190
4000 4152 8131
4006 4077 8081
4151 4172 8295
4000 4059 8033
4066 4198 8237
4134 4168 8298
4194 4199 8369
4037 4093 8097
4155 4189 8337
4054 4185 8236
4170 4187 8325
4170 4192 8336
4152 4167 8312
4081 4164 8230
4038 4139 8153
4094 4117 8184
4031 4075 8103
4170 4181 8340
4191 4197 8354
4010 4115 8102
4010 4073 8072
4024 4071 8057
4199 4200 8365
4163 4180 8325
4029 4091 8092
4074 4137 8208
4145 4154 8283
4027 4170 8191
4001 4107 8078
4165 4167 8296
4128 4152 8244
4129 4193 8294
4145 4169 8291
4171 4176 8325
4139 4164 8300
4071 4102 8136
4188 4190 8375
4118 4165 8281
4129 4189 8314
4061 4155 8213
4155 4173 8294
4077 4145 8187
4009 4143 8142
4004 4199 8182
4142 4164 8300
4069 4182 8213
4061 4173 8219
4045 4119 8163
4138 4163 8274
4044 4137 8171
4144 4146 8287
4154 4176 8309
4053 4149 8196
4129 4185 8292
4197 4199 8360
4100 4112 8204
4084 4094 8157
4047 4072 8102
4049 4143 8191
4007 4079 8059
4068 4192 8227
4051 4072 8111
4171 4191 8346
4147 4200 8308
4048 4183 8203
4099 4200 8293
4082 4136 8200
4059 4177 8235
4025 4126 8129
4177 4191 8349
4168 4186 8352
4170 4178 8311
4076 4100 8159
4064 4152 8198
4101 4120 8190
4132 4159 8261
4048 4172 8190
4023 4172 8160
4166 4196 8360
4059 4120 8142
4063 4141 8185
4027 4177 8178
4183 4186 8357
4083 4106 8169
4143 4173 8303
4065 4071 8103
4174 4193 8337
4016 4079 8085
4056 4081 8110
4035 4120 8146
4139 4142 8246
4109 4126 8234
4176 4178 8334
4058 4085 8111
4044 4126 8163
4192 4200 8372
4141 4153 8256
4125 4178 8264
4092 4115 8188
4116 4190 8285
4170 4194 8351
4192 4197 8371
4190 4197 8374
4125 4151 8262
4181 4186 8358
4152 4178 8300
4046 4189 8203
4083 4092 8153
4040 4095 8105
4149 4197 8343
4033 4154 8166
4033 4071 8067
4182 4189 8367
4153 4167 8293
4094 4114 8195
4061 4081 8139
4176 4199 8339
4064 4137 8176
4012 4119 8110
4069 4077 8134
4064 4131 8189
4024 4163 8153
4037 4170 8206
4086 4153 8224
4078 4184 8231
4002 4033 8006
4010 4011 7990
4144 4188 8300
4112 4186 8283
4040 4175 8182
4089 4146 8201
4177 4186 8346
4086 4104 8187
4113 4168 8275
4036 4137 8160
4118 4130 8220
4047 4111 8152
4035 4116 8139
4060 4095 8146
4032 4115 8121
4117 4134 8244
4169 4174 8317
4173 4174 8309
4094 4130 8193
4128 4188 8292
4141 4185 8290
4139 4196 8334
4063 4106 8147
4153 4178 8299
4134 4152 8266
4077 4093 8159
4083 4111 8177
4149 4186 8331
4052 4166 8194
4048 4082 8109
4010 4153 8150
4060 4134 8188
4139 4167 8292
4159 4196 8339
4116 4184 8276
4106 4183 8270
4198 4200 8360
4144 4200 8317
4194 4196 8359
4110 4137 8222
4038 4133 8138
4106 4167 8243
4036 4052 8057
4176 4199 8361
4035 4156 8188
4198 4200 8375
4076 4100 8154
4088 4093 8158
4105 4110 8197
4156 4167 8295
4139 4168 8282
4052 4063 8086
4038 4070 8088
4159 4165 8320
4082 4174 8245
4009 4058 8033
4123 4124 8219
4170 4190 8340
4147 4156 8276
4038 4184 8184
4185 4191 8369
4084 4089 8135
4128 4194 8288
4181 4195 8357
4061 4122 8179
4177 4200 8362
4084 4178 8231
4146 4159 8296
4038 4197 8214
4035 4131 8141
4104 4134 8225
4176 4193 8361
4166 4199 8334
4032 4130 8127
4104 4130 8227
4154 4167 8285
4126 4146 8252
4165 4190 8351
4055 4146 8167
4192 4200 8391
4159 4199 8342
4180 4197 8350
4159 4186 8339
4122 4160 8249
4014 4141 8138
4137 4183 8303
4030 4116 8128
4049 4093 8116
4119 4167 8284
4019 4177 8183
4084 4138 8194
4043 4085 8117
4077 4151 8227
4104 4118 8208
4009 4111 8082
4166 4194 8334
4040 4198 8202
4177 4195 8356
4191 4195 8358
4081 4150 8219
4160 4194 8317
4120 4191 8296
4187 4194 8374
4159 4178 8309
4072 4117 8153
4070 4127 8171
4177 4183 8356
4188 4199 8356
4142 4170 8308
4009 4153 8131
4160 4186 8308
4077 4112 8175
4170 4191 8350
4142 4186 8310
4147 4181 8294
4131 4188 8281
4164 4190 8321
4139 4183 8319
4025 4179 8199
4047 4082 8092
4050 4109 8148
4111 4143 8220
4016 4086 8085
4196 4197 8378
4042 4186 8222
4014 4020 8026
4100 4187 8250
4113 4120 8230
4021 4172 8166
4167 4171 8331
4109 4179 8268
4077 4130 8193
4084 4151 8201
4167 4184 8316
4010 4087 8078
4136 4151 8280
4174 4180 8346
4140 4189 8294
4040 4066 8075
4103 4180 8253
4074 4169 8226
4122 4148 8234
4000 4112 8074
4055 4164 8192
4050 4142 8155
4129 4193 8311
4095 4155 8237
4022 4116 8129
4104 4130 8206
4171 4187 8324
4014 4178 8180
4149 4175 8293
4157 4162 8298
4032 4111 8136
4060 4072 8100
4186 4196 8364
4047 4133 8142
4092 4140 8231
4002 4164 8157
4021 4064 8056
4018 4152 8138
4082 4149 8228
4184 4187 8359
4089 4161 8219
4026 4091 8108
4058 4188 8217
4086 4096 8172
4053 4074 8115
4063 4099 8126
4089 4104 8185
4149 4151 8264
4146 4187 8323
4138 4168 8272
4176 4191 8363
4094 4180 8250
4079 4096 8153
4054 4072 8090
4127 4181 8293
4090 4129 8195
4091 4185 8257
4042 4055 8091
4154 4170 8318
4147 4166 8287
4171 4199 8348
4078 4179 8243
4156 4189 8344
4138 4198 8325
4116 4151 8242
4188 4198 8376
4067 4126 8175
4059 4143 8194
4194 4196 8352
4056 4111 8150
4156 4179 8322
4118 4124 8223
4122 4161 8245
4122 4133 8224
4184 4186 8363
4046 4156 8201
4061 4078 8131
4099 4164 8245
4094 4150 8233
4119 4136 8244
4181 4196 8371
4038 4083 8097
4018 4046 8050
4115 4195 8303
4172 4185 8333
4112 4115 8214
4110 4123 8198
4156 4192 8329
4155 4189 8336
4146 4149 8282
4152 4164 8310
4065 4198 8234
4095 4141 8227
4167 4178 8312
4060 4195 8253
4098 4155 8237
4146 4176 8298
4048 4156 8167
4011 4167 8177
4134 4176 8304
4105 4122 8220
4136 4177 8294
4147 4181 8322
4183 4191 8357
4002 4155 8126
4132 4135 8234
4048 4136 8167
4003 4066 8049
4176 4183 8322
4090 4143 8227
4123 4184 8292
4102 4114 8182
4161 4162 8298
4069 4128 8185
4009 4157 8146
4150 4171 8298
4054 4114 8159
4191 4194 8357
4023 4101 8115
4183 4199 8379
4116 4140 8234
4136 4163 8292
4173 4186 8356
4119 4145 8251
4043 4062 8074
4014 4077 8077
4176 4186 8343
4059 4128 8162
4189 4191 8355
4069 4127 8159
4171 4173 8321
4139 4159 8280
4129 4173 8276
4128 4144 8257
4008 4103 8077
4084 4187 8261
4144 4175 8282
4176 4195 8369
4099 4136 8223
4149 4200 8313
4191 4193 8353
4180 4181 8324
4144 4170 8284
4147 4181 8314
4125 4167 8278
4089 4099 8183
4190 4199 8368
4168 4194 8343
4158 4189 8311
4003 4195 8175
4130 4182 8298
4120 4189 8286
4065 4190 8248
4029 4152 8145
4104 4193 8281
4046 4199 8232
4175 4199 8361
4021 4189 8186
4168 4178 8326
4070 4108 8142
4108 4134 8212
4082 4135 8198
4077 4166 8226
4036 4088 8102
4179 4180 8336
4114 4146 8259
4155 4171 8316
4157 4174 8320
4012 4065 8051
4095 4181 8272
4097 4187 8269
4163 4183 8345
4128 4146 8255
4089 4159 8236
4148 4187 8297
4038 4123 8149
4065 4069 8099
4137 4185 8304
4006 4121 8100
4120 4133 8222
4043 4107 8118
4028 4172 8178
4063 4184 8232
4090 4107 8166
4143 4194 8305
4127 4148 8254
4011 4127 8105
4197 4198 8364
4113 4130 8207
4090 4117 8172
4059 4187 8236
4179 4182 8345
4056 4094 8122
4112 4169 8249
4199 4200 8382
4198 4200 8375
4069 4084 8117
4180 4196 8352
4100 4169 8250
4137 4199 8320
4159 4167 8302
4055 4194 8215
4178 4192 8348
4037 4056 8065
4054 4181 8209
4009 4195 8172
4025 4123 8130
4086 4187 8258
4157 4199 8355
4086 4149 8217
4124 4142 8234
4175 4199 8339
4046 4070 8092
4195 4199 8366
4014 4080 8071
4075 4082 8141
4080 4101 8159
4191 4198 8360
4172 4183 8353
4005 4193 8186
4059 4141 8199
4071 4082 8151
4002 4092 8073
4033 4072 8067
4103 4184 8280
4069 4114 8169
4122 4171 8256
4052 4101 8127
4153 4190 8323
4088 4106 8169
4178 4182 8340
4192 4196 8371
4024 4111 8098
4081 4192 8265
4125 4177 8289
4045 4156 8165
4030 4148 8140
4140 4173 8275
4157 4199 8345
4140 4182 8293
4034 4168 8197
4190 4199 8375
4047 4093 8137
4149 4155 8296
4069 4164 8231
4030 4131 8136
4198 4200 8377
4027 4124 8114
4123 4192 8306
4142 4185 8292
4140 4154 8274
4053 4130 8164
4076 4145 8184
4083 4180 8258
4078 4081 8129
4176 4183 8322
4075 4145 8210
4026 4077 8077
4174 4194 8355
4171 4172 8322
4118 4127 8233
4005 4196 8164
4191 4200 8361
4156 4179 8302
4199 4200 8392
4086 4185 8270
4100 4177 8259
4144 4179 8302
4026 4095 8109
4059 4098 8125
4121 4155 8266
4111 4164 8250
4015 4141 8118
4066 4085 8137
4158 4198 8348
4105 4144 8234
4186 4189 8370
4174 4184 8323
4065 4113 8147
4195 4196 8374
4008 4016 8009
4186 4192 8366
4082 4086 8143
4174 4199 8345
4005 4060 8027
4021 4105 8090
4061 4106 8151
4122 4132 8231
4083 4110 8191
4143 4196 8309
4131 4184 8286
4078 4109 8173
4157 4190 8309
4075 4147 8210
4033 4198 8198
4026 4141 8131
4061 4154 8200
4140 4162 8273
4173 4198 8366
4009 4034 8005
4113 4131 8220
4012 4115 8106
4125 4193 8314
4112 4122 8195
4101 4114 8191
4090 4162 8215
4090 4120 8208
4092 4133 8219
4172 4185 8334
4108 4137 8219
4157 4191 8321
4195 4196 8352
4192 4196 8374
4061 4197 8220
4144 4154 8264
4080 4107 8178
4181 4194 8363
4087 4186 8250
4119 4188 8270
4180 4200 8361
4024 4031 8035
4140 4160 8293
4040 4076 8094
4179 4180 8320
4197 4200 8363
4146 4165 8283
4161 4191 8333
4069 4173 8218
4176 4188 8345
4109 4194 8297
4097 4177 8260
4157 4173 8320
4068 4161 8202
4088 4131 8189
4033 4133 8158
4183 4186 8356
4018 4121 8115
4023 4128 8125
4147 4182 8325
4005 4184 8177
4076 4081 8123
4150 4190 8324
4010 4075 8052
4138 4156 8262
4146 4168 8303
4022 4075 8092
4012 4023 8030
4002 4119 8100
4116 4150 8243
4192 4199 8382
4054 4104 8126
4161 4164 8312
4081 4139 8191
4058 4114 8165
4135 4176 8288
4194 4199 8386
4070 4141 8180
4042 4078 8118
4159 4164 8296
4179 4192 8332
4131 4157 8283
4008 4105 8103
4064 4124 8165
4063 4137 8194
4098 4134 8212
4152 4173 8293
4076 4095 8139
4035 4140 8173
4176 4185 8353
4087 4198 8269
4049 4090 8104
4125 4160 8253
4145 4154 8260
4061 4200 8230
4090 4156 8215
4040 4060 8063
4135 4184 8306
4148 4176 8301
4024 4192 8195
4149 4182 8305
4122 4139 8260
4184 4192 8351
4088 4157 8211
4038 4067 8090
4158 4174 8306
4031 4165 8163
4022 4111 8103
4092 4097 8184
4009 4096 8088
4195 4200 8383
4170 4173 8318
4052 4055 8100
4059 4073 8097
4116 4135 8244
4081 4166 8225
4045 4169 8177
4187 4199 8360
4138 4180 8295
4111 4183 8278
4076 4167 8242
4007 4055 8026
4027 4096 8105
4059 4119 8143
4043 4173 8208
4099 4126 8187
4042 4079 8104
4156 4172 8325
4079 4127 8188
4037 4103 8117
4081 4121 8190
4122 4190 8299
4184 4192 8374
4016 4018 8018
4087 4152 8201
4046 4151 8164
4054 4197 8221
4080 4096 8143
4117 4163 8269
4086 4111 8172
4161 4172 8330
4053 4176 8220
4109 4123 8219
4172 4184 8334
4017 4116 8096
4154 4169 8288
4067 4188 8251
4102 4129 8193
4071 4127 8171
4151 4199 8311
4160 4189 8310
4123 4128 8243
4012 4122 8107
4157 4160 8316
4180 4195 8339
4187 4200 8374
4072 4106 8151
4027 4037 8054
4036 4159 8193
4095 4148 8223
4196 4197 8375
4054 4063 8092
4116 4138 8216
4099 4108 8202
4116 4125 8238
4149 4179 8317
4133 4153 8283
4040 4090 8096
4015 4156 8163
4021 4061 8059
4162 4192 8331
4159 4171 8295
4000 4051 8030
4074 4076 8142
4064 4110 8149
4131 4158 8270
4002 4055 8049
4159 4187 8314
4084 4130 8196
4021 4068 8087
4158 4175 8330
4111 4140 8247
4001 4078 8057
4189 4199 8381
4016 4017 8012
4132 4165 8291
4105 4150 8230
4151 4169 8287
4035 4156 8177
4087 4140 8200
4058 4165 8192
4124 4164 8282
4138 4189 8308
4042 4176 8212
4173 4191 8341
4154 4178 8329
4136 4184 8304
4178 4179 8336
4027 4061 8076
4118 4147 8253
4057 4118 8169

0.010000 0.740000
