100
552016
4150 4222 8372
4295 4300 8595
4173 4215 8388
4111 4238 8349
4261 4278 8539
4229 4244 8473
4216 4220 8436
4126 4173 8299
4123 4227 8350
4153 4265 8418
4236 4256 8492
4245 4268 8513
4171 4287 8458
4291 4298 8589
4148 4247 8395
4172 4228 8400
4227 4283 8510
4167 4250 8417
4107 4191 8298
4274 4297 8571
4231 4234 8465
4191 4221 8412
4145 4158 8303
4172 4270 8442
4235 4252 8487
4248 4276 8524
4132 4238 8370
4215 4291 8506
4294 4296 8590
4120 4190 8310
4209 4247 8456
4144 4269 8413
4220 4276 8496
4152 4245 8397
4131 4191 8322
4129 4271 8400
4139 4163 8302
4269 4276 8545
4292 4293 8585
4262 4268 8530
4160 4243 8403
4245 4270 8515
4290 4296 8586
4247 4249 8496
4258 4277 8535
4271 4287 8558
4180 4236 8416
4272 4282 8554
4192 4240 8432
4235 4244 8479
4205 4277 8482
4111 4190 8301
4223 4260 8483
4268 4287 8555
4240 4258 8498
4285 4292 8577
4151 4231 8382
4226 4248 8474
4261 4290 8551
4248 4277 8525
4271 4296 8567
4140 4252 8392
4259 4263 8522
4279 4281 8560
4270 4285 8555
4141 4201 8342
4207 4229 8436
4271 4287 8558
4156 4195 8351
4101 4228 8329
4284 4295 8579
4285 4298 8583
4216 4231 8447
4171 4247 8418
4220 4247 8467
4148 4252 8400
4195 4268 8463
4121 4182 8303
4222 4261 8483
4145 4162 8307
4117 4184 8301
4216 4288 8504
4241 4288 8529
4228 4237 8465
4247 4292 8539
4109 4130 8239
4104 4277 8381
4297 4300 8597
4185 4278 8463
4171 4278 8449
4166 4222 8388
4263 4300 8563
4149 4270 8419
4298 4300 8598
4268 4271 8539
4288 4296 8584
4140 4233 8373
4215 4274 8489
4137 4228 8365
4194 4230 8424

4050 4122 8137
4195 4200 8377
4073 4115 8185
4011 4138 8136
4161 4178 8330
4129 4144 8258
4116 4120 8211
4026 4073 8072
4023 4127 8142
4053 4165 8196
4136 4156 8272
4145 4168 8277
4071 4187 8250
4191 4198 8353
4048 4147 8178
4072 4128 8182
4127 4183 8300
4067 4150 8202
4007 4091 8061
4174 4197 8336
4131 4134 8232
4091 4121 8210
4045 4058 8080
4072 4170 8238
4135 4152 8286
4148 4176 8306
4032 4138 8137
4115 4191 8295
4194 4196 8389
4020 4090 8107
4109 4147 8247
4044 4169 8204
4120 4176 8294
4052 4145 8163
4031 4091 8086
4029 4171 8165
4039 4063 8099
4169 4176 8326
4192 4193 8354
4162 4168 8320
4060 4143 8192
4145 4170 8283
4190 4196 8354
4147 4149 8274
4158 4177 8309
4171 4187 8339
4080 4136 8197
4172 4182 8330
4092 4140 8227
4135 4144 8266
4105 4177 8266
4011 4090 8086
4123 4160 8274
4168 4187 8343
4140 4158 8285
4185 4192 8372
4051 4131 8176
4126 4148 8265
4161 4190 8336
4148 4177 8305
4171 4196 8356
4040 4152 8174
4159 4163 8319
4179 4181 8343
4170 4185 8344
4041 4101 8113
4107 4129 8205
4171 4187 8321
4056 4095 8137
4001 4128 8098
4184 4195 8361
4185 4198 8354
4116 4131 8210
4071 4147 8192
4120 4147 8265
4048 4152 8166
4095 4168 8236
4021 4082 8094
4122 4161 8259
4045 4062 8102
4017 4084 8085
4116 4188 8289
4141 4188 8290
4128 4137 8254
4147 4192 8337
4009 4030 8005
4004 4177 8174
4197 4200 8382
4085 4178 8237
4071 4178 8226
4066 4122 8181
4163 4200 8324
4049 4170 8215
4198 4200 8376
4168 4171 8300
4188 4196 8349
4040 4133 8162
4115 4174 8269
4037 4128 8139
4094 4130 8190

0.010000 0.670000
