100
461050
4177 4197 8374
4293 4298 8591
4280 4291 8571
4268 4273 8541
4185 4281 8466
4107 4109 8216
4263 4272 8535
4282 4294 8576
4149 4240 8389
4139 4277 8416
4265 4281 8546
4293 4294 8587
4200 4215 8415
4195 4200 8395
4145 4230 8375
4240 4289 8529
4296 4297 8593
4215 4297 8512
4167 4263 8430
4236 4276 8512
4249 4285 8534
4230 4237 8467
4297 4300 8597
4200 4254 8454
4279 4295 8574
4284 4294 8578
4256 4258 8514
4241 4276 8517
4235 4246 8481
4208 4217 8425
4245 4297 8542
4194 4199 8393
4114 4226 8340
4143 4158 8301
4157 4262 8419
4126 4227 8353
4137 4296 8433
4121 4134 8255
4210 4288 8498
4131 4291 8422
4204 4210 8414
4258 4276 8534
4107 4267 8374
4274 4296 8570
4225 4274 8499
4260 4299 8559
4238 4287 8525
4109 4157 8266
4199 4281 8480
4147 4168 8315
4132 4290 8422
4200 4280 8480
4140 4204 8344
4257 4294 8551
4285 4292 8577
4211 4249 8460
4280 4293 8573
4203 4266 8469
4229 4244 8473
4127 4208 8335
4115 4126 8241
4149 4162 8311
4271 4293 8564
4119 4225 8344
4101 4246 8347
4138 4263 8401
4264 4278 8542
4250 4254 8504
4190 4246 8436
4270 4296 8566
4182 4232 8414
4143 4204 8347
4180 4205 8385
4256 4296 8552
4281 4289 8570
4135 4276 8411
4237 4252 8489
4282 4288 8570
4258 4281 8539
4105 4286 8391
4261 4278 8539
4164 4216 8380
4227 4295 8522
4107 4136 8243
4273 4277 8550
4152 4176 8328
4151 4167 8318
4277 4282 8559
4156 4169 8325
4238 4259 8497
4218 4248 8466
4170 4174 8344
4194 4224 8418
4244 4294 8538
4235 4248 8483
4121 4227 8348
4106 4143 8249
4119 4275 8394
4289 4300 8589
4233 4263 8496

4077 4097 8148
4193 4198 8355
4180 4191 8358
4168 4173 8330
4085 4181 8245
4007 4009 7983
4163 4172 8332
4182 4194 8356
4049 4140 8162
4039 4177 8182
4165 4181 8340
4193 4194 8374
4100 4115 8182
4095 4100 8166
4045 4130 8155
4140 4189 8314
4196 4197 8358
4115 4197 8295
4067 4163 8194
4136 4176 8297
4149 4185 8302
4130 4137 8237
4197 4200 8392
4100 4154 8218
4179 4195 8363
4184 4194 8350
4156 4158 8275
4141 4176 8316
4135 4146 8274
4108 4117 8190
4145 4197 8335
4094 4099 8191
4014 4126 8135
4043 4058 8064
4057 4162 8185
4026 4127 8118
4037 4196 8217
4021 4034 8017
4110 4188 8260
4031 4191 8220
4104 4110 8188
4158 4176 8298
4007 4167 8168
4174 4196 8348
4125 4174 8287
4160 4199 8344
4138 4187 8286
4009 4057 8052
4099 4181 8244
4047 4068 8081
4032 4190 8186
4100 4180 8275
4040 4104 8126
4157 4194 8333
4185 4192 8357
4111 4149 8236
4180 4193 8350
4103 4166 8264
4129 4144 8235
4027 4108 8126
4015 4026 8020
4049 4062 8074
4171 4193 8348
4019 4125 8135
4001 4146 8143
4038 4163 8172
4164 4178 8328
4150 4154 8276
4090 4146 8215
4170 4196 8334
4082 4132 8178
4043 4104 8133
4080 4105 8180
4156 4196 8324
4181 4189 8350
4035 4176 8186
4137 4152 8279
4182 4188 8360
4158 4181 8314
4005 4186 8183
4161 4178 8326
4064 4116 8150
4127 4195 8296
4007 4036 8005
4173 4177 8325
4052 4076 8098
4051 4067 8114
4177 4182 8355
4056 4069 8122
4138 4159 8271
4118 4148 8234
4070 4074 8121
4094 4124 8210
4144 4194 8314
4135 4148 8278
4021 4127 8135
4006 4043 8017
4019 4175 8192
4189 4200 8378
4133 4163 8263

0.010000 0.560000
