100
436037
4183 4223 8406
4198 4257 8455
4232 4233 8465
4190 4277 8467
4272 4298 8570
4294 4297 8591
4164 4273 8437
4198 4268 8466
4104 4191 8295
4178 4282 8460
4155 4185 8340
4278 4280 8558
4175 4259 8434
4284 4297 8581
4240 4295 8535
4104 4291 8395
4262 4282 8544
4277 4299 8576
4228 4257 8485
4184 4218 8402
4224 4245 8469
4125 4273 8398
4265 4289 8554
4266 4296 8562
4145 4283 8428
4296 4299 8595
4237 4259 8496
4186 4269 8455
4109 4212 8321
4284 4285 8569
4273 4291 8564
4148 4155 8303
4139 4174 8313
4248 4280 8528
4137 4261 8398
4261 4288 8549
4130 4148 8278
4151 4233 8384
4110 4299 8409
4146 4151 8297
4212 4278 8490
4222 4239 8461
4298 4300 8598
4264 4300 8564
4122 4183 8305
4170 4274 8444
4115 4140 8255
4268 4295 8563
4111 4193 8304
4174 4276 8450
4235 4244 8479
4156 4206 8362
4185 4290 8475
4251 4268 8519
4286 4300 8586
4126 4242 8368
4269 4272 8541
4209 4268 8477
4140 4143 8283
4135 4251 8386
4169 4257 8426
4166 4218 8384
4201 4232 8433
4103 4115 8218
4223 4274 8497
4100 4271 8371
4219 4258 8477
4100 4246 8346
4168 4186 8354
4112 4117 8229
4235 4263 8498
4172 4210 8382
4254 4264 8518
4297 4299 8596
4135 4265 8400
4135 4243 8378
4286 4297 8583
4238 4284 8522
4239 4261 8500
4124 4229 8353
4189 4222 8411
4196 4262 8458
4141 4151 8292
4196 4239 8435
4266 4284 8550
4134 4149 8283
4114 4150 8264
4172 4238 8410
4203 4294 8497
4213 4220 8433
4182 4250 8432
4223 4239 8462
4276 4287 8563
4171 4287 8458
4118 4192 8310
4275 4291 8566
4212 4228 8440
4283 4299 8582
4253 4284 8537
4282 4297 8579

4083 4123 8184
4098 4157 8235
4132 4133 8238
4090 4177 8250
4172 4198 8361
4194 4197 8389
4064 4173 8235
4098 4168 8235
4004 4091 8059
4078 4182 8237
4055 4085 8135
4178 4180 8352
4075 4159 8204
4184 4197 8378
4140 4195 8316
4004 4191 8177
4162 4182 8317
4177 4199 8351
4128 4157 8255
4084 4118 8184
4124 4145 8255
4025 4173 8167
4165 4189 8334
4166 4196 8340
4045 4183 8216
4196 4199 8386
4137 4159 8289
4086 4169 8225
4009 4112 8092
4184 4185 8355
4173 4191 8334
4048 4055 8078
4039 4074 8101
4148 4180 8322
4037 4161 8174
4161 4188 8346
4030 4048 8072
4051 4133 8155
4010 4199 8176
4046 4051 8083
4112 4178 8253
4122 4139 8238
4198 4200 8391
4164 4200 8340
4022 4083 8085
4070 4174 8242
4015 4040 8037
4168 4195 8337
4011 4093 8077
4074 4176 8214
4135 4144 8266
4056 4106 8124
4085 4190 8274
4151 4168 8309
4186 4200 8367
4026 4142 8157
4169 4172 8302
4109 4168 8269
4040 4043 8057
4035 4151 8181
4069 4157 8209
4066 4118 8158
4101 4132 8215
4003 4015 8008
4123 4174 8294
4000 4171 8137
4119 4158 8247
4000 4146 8114
4068 4086 8132
4012 4017 7991
4135 4163 8269
4072 4110 8153
4154 4164 8309
4197 4199 8386
4035 4165 8169
4035 4143 8147
4186 4197 8375
4138 4184 8293
4139 4161 8261
4024 4129 8152
4089 4122 8200
4096 4162 8240
4041 4051 8064
4096 4139 8221
4166 4184 8333
4034 4049 8082
4014 4050 8052
4072 4138 8181
4103 4194 8259
4113 4120 8204
4082 4150 8219
4123 4139 8230
4176 4187 8331
4071 4187 8249
4018 4092 8079
4175 4191 8354
4112 4128 8212
4183 4199 8379
4153 4184 8330
4182 4197 8362

0.010000 0.530000
