1000
3785209
4237 4258 8495
4141 4149 8290
4189 4203 8392
4297 4300 8597
4232 4300 8532
4101 4160 8261
4281 4289 8570
4158 4170 8328
4227 4246 8473
4100 4190 8290
4198 4281 8479
4240 4280 8520
4276 4291 8567
4151 4280 8431
4282 4299 8581
4268 4281 8549
4149 4210 8359
4129 4263 8392
4260 4264 8524
4291 4293 8584
4138 4216 8354
4256 4277 8533
4171 4276 8447
4293 4295 8588
4123 4242 8365
4207 4292 8499
4159 4273 8432
4288 4294 8582
4194 4298 8492
4126 4150 8276
4219 4243 8462
4123 4298 8421
4182 4192 8374
4296 4300 8596
4123 4266 8389
4151 4204 8355
4193 4219 8412
4212 4284 8496
4202 4280 8482
4262 4276 8538
4278 4288 8566
4143 4149 8292
4166 4190 8356
4286 4288 8574
4142 4206 8348
4159 4269 8428
4111 4125 8236
4111 4199 8310
4116 4225 8341
4139 4258 8397
4116 4156 8272
4116 4238 8354
4246 4294 8540
4138 4269 8407
4121 4251 8372
4120 4249 8369
4126 4235 8361
4281 4284 8565
4238 4244 8482
4281 4283 8564
4258 4291 8549
4233 4289 8522
4216 4265 8481
4153 4199 8352
4128 4204 8332
4184 4288 8472
4117 4205 8322
4114 4199 8313
4166 4260 8426
4295 4296 8591
4155 4212 8367
4234 4258 8492
4216 4223 8439
4276 4291 8567
4185 4213 8398
4112 4164 8276
4274 4293 8567
4186 4188 8374
4290 4292 8582
4246 4297 8543
4255 4263 8518
4230 4238 8468
4222 4263 8485
4128 4238 8366
4186 4265 8451
4187 4280 8467
4155 4258 8413
4187 4199 8386
4157 4294 8451
4281 4288 8569
4139 4144 8283
4106 4176 8282
4168 4232 8400
4145 4210 8355
4143 4290 8433
4174 4186 8360
4204 4299 8503
4284 4291 8575
4108 4247 8355
4132 4144 8276
4263 4277 8540
4261 4280 8541
4219 4245 8464
4283 4297 8580
4113 4142 8255
4133 4207 8340
4167 4237 8404
4222 4234 8456
4248 4254 8502
4134 4196 8330
4194 4272 8466
4111 4115 8226
4184 4245 8429
4298 4299 8597
4112 4231 8343
4269 4294 8563
4167 4237 8404
4276 4290 8566
4120 4139 8259
4248 4282 8530
4159 4236 8395
4239 4300 8539
4159 4164 8323
4187 4235 8422
4148 4189 8337
4175 4213 8388
4263 4271 8534
4289 4291 8580
4288 4298 8586
4173 4230 8403
4159 4179 8338
4284 4300 8584
4165 4250 8415
4207 4219 8426
4252 4283 8535
4106 4206 8312
4226 4261 8487
4175 4223 8398
4288 4292 8580
4264 4299 8563
4240 4246 8486
4291 4292 8583
4248 4255 8503
4140 4169 8309
4215 4276 8491
4102 4142 8244
4147 4179 8326
4293 4300 8593
4139 4194 8333
4189 4269 8458
4218 4300 8518
4142 4224 8366
4133 4201 8334
4220 4286 8506
4122 4160 8282
4292 4293 8585
4295 4297 8592
4282 4290 8572
4121 4148 8269
4292 4296 8588
4150 4230 8380
4162 4217 8379
4200 4281 8481
4225 4278 8503
4118 4230 8348
4276 4297 8573
4220 4223 8443
4253 4285 8538
4130 4289 8419
4101 4286 8387
4219 4245 8464
4190 4225 8415
4163 4276 8439
4258 4277 8535
4116 4284 8400
4219 4248 8467
4170 4222 8392
4234 4283 8517
4287 4289 8576
4159 4232 8391
4120 4135 8255
4261 4284 8545
4151 4162 8313
4269 4286 8555
4198 4233 8431
4256 4275 8531
4244 4254 8498
4261 4300 8561
4272 4290 8562
4179 4215 8394
4109 4144 8253
4134 4285 8419
4110 4227 8337
4260 4273 8533
4181 4288 8469
4221 4233 8454
4181 4297 8478
4229 4288 8517
4204 4212 8416
4238 4291 8529
4290 4292 8582
4108 4161 8269
4225 4244 8469
4128 4186 8314
4168 4218 8386
4155 4159 8314
4278 4292 8570
4198 4286 8484
4131 4146 8277
4288 4299 8587
4180 4232 8412
4299 4300 8599
4166 4180 8346
4277 4281 8558
4272 4284 8556
4285 4287 8572
4194 4225 8419
4106 4260 8366
4173 4296 8469
4174 4241 8415
4247 4299 8546
4257 4280 8537
4291 4299 8590
4256 4265 8521
4206 4256 8462
4107 4261 8368
4287 4294 8581
4207 4231 8438
4271 4287 8558
4106 4163 8269
4228 4266 8494
4227 4270 8497
4184 4281 8465
4223 4296 8519
4234 4256 8490
4246 4251 8497
4239 4287 8526
4181 4289 8470
4222 4231 8453
4275 4282 8557
4234 4253 8487
4285 4291 8576
4274 4277 8551
4257 4264 8521
4100 4137 8237
4236 4257 8493
4213 4267 8480
4271 4283 8554
4145 4270 8415
4299 4300 8599
4149 4177 8326
4256 4257 8513
4292 4299 8591
4189 4233 8422
4146 4204 8350
4288 4300 8588
4200 4240 8440
4110 4225 8335
4294 4298 8592
4295 4297 8592
4118 4268 8386
4234 4274 8508
4260 4264 8524
4182 4297 8479
4286 4290 8576
4140 4289 8429
4166 4219 8385
4121 4241 8362
4233 4292 8525
4217 4268 8485
4251 4259 8510
4116 4182 8298
4229 4258 8487
4284 4293 8577
4176 4223 8399
4145 4245 8390
4113 4217 8330
4155 4181 8336
4213 4242 8455
4129 4130 8259
4100 4221 8321
4162 4293 8455
4107 4270 8377
4233 4269 8502
4248 4289 8537
4135 4272 8407
4100 4173 8273
4255 4267 8522
4204 4284 8488
4174 4287 8461
4274 4284 8558
4269 4284 8553
4249 4263 8512
4150 4193 8343
4116 4207 8323
4150 4185 8335
4116 4166 8282
4219 4264 8483
4173 4260 8433
4167 4168 8335
4109 4228 8337
4262 4280 8542
4111 4113 8224
4104 4290 8394
4190 4238 8428
4139 4238 8377
4223 4267 8490
4251 4259 8510
4176 4291 8467
4297 4299 8596
4162 4255 8417
4156 4268 8424
4122 4209 8331
4120 4169 8289
4144 4240 8384
4210 4250 8460
4258 4276 8534
4198 4210 8408
4151 4209 8360
4237 4259 8496
4184 4263 8447
4138 4190 8328
4227 4233 8460
4257 4274 8531
4297 4299 8596
4277 4297 8574
4219 4247 8466
4139 4162 8301
4249 4266 8515
4254 4279 8533
4263 4274 8537
4273 4284 8557
4163 4226 8389
4197 4257 8454
4224 4234 8458
4279 4293 8572
4277 4298 8575
4170 4285 8455
4279 4285 8564
4175 4229 8404
4150 4205 8355
4143 4163 8306
4186 4229 8415
4136 4270 8406
4163 4274 8437
4132 4188 8320
4220 4274 8494
4196 4276 8472
4203 4292 8495
4234 4252 8486
4116 4168 8284
4171 4226 8397
4294 4299 8593
4139 4281 8420
4248 4265 8513
4156 4213 8369
4196 4272 8468
4288 4296 8584
4274 4290 8564
4244 4280 8524
4181 4288 8469
4130 4231 8361
4211 4252 8463
4240 4249 8489
4260 4278 8538
4149 4285 8434
4127 4161 8288
4208 4295 8503
4200 4246 8446
4130 4248 8378
4168 4180 8348
4149 4235 8384
4141 4264 8405
4221 4297 8518
4198 4281 8479
4246 4252 8498
4128 4178 8306
4255 4261 8516
4255 4300 8555
4141 4232 8373
4265 4278 8543
4181 4225 8406
4251 4263 8514
4183 4297 8480
4205 4246 8451
4112 4227 8339
4258 4280 8538
4140 4287 8427
4220 4297 8517
4134 4158 8292
4129 4162 8291
4123 4298 8421
4160 4234 8394
4209 4290 8499
4250 4296 8546
4170 4291 8461
4167 4198 8365
4199 4211 8410
4299 4300 8599
4181 4213 8394
4129 4275 8404
4107 4223 8330
4178 4292 8470
4254 4292 8546
4157 4282 8439
4210 4220 8430
4118 4290 8408
4252 4254 8506
4144 4299 8443
4177 4210 8387
4128 4280 8408
4207 4220 8427
4166 4286 8452
4188 4191 8379
4291 4293 8584
4195 4247 8442
4278 4299 8577
4226 4235 8461
4145 4217 8362
4258 4278 8536
4177 4294 8471
4120 4138 8258
4112 4255 8367
4119 4198 8317
4186 4300 8486
4179 4199 8378
4108 4159 8267
4209 4251 8460
4124 4216 8340
4107 4207 8314
4102 4216 8318
4213 4274 8487
4279 4285 8564
4148 4202 8350
4124 4255 8379
4272 4292 8564
4204 4256 8460
4103 4133 8236
4178 4279 8457
4180 4243 8423
4219 4222 8441
4121 4185 8306
4185 4292 8477
4288 4292 8580
4130 4165 8295
4162 4285 8447
4286 4300 8586
4245 4260 8505
4256 4259 8515
4248 4253 8501
4285 4298 8583
4230 4272 8502
4210 4269 8479
4261 4280 8541
4191 4263 8454
4136 4138 8274
4148 4268 8416
4192 4239 8431
4145 4291 8436
4276 4300 8576
4203 4260 8463
4248 4268 8516
4102 4164 8266
4241 4277 8518
4123 4252 8375
4206 4254 8460
4184 4298 8482
4228 4258 8486
4132 4194 8326
4275 4295 8570
4154 4219 8373
4108 4228 8336
4186 4203 8389
4239 4284 8523
4128 4172 8300
4226 4249 8475
4180 4184 8364
4149 4229 8378
4226 4263 8489
4271 4282 8553
4171 4246 8417
4211 4215 8426
4286 4292 8578
4153 4198 8351
4135 4204 8339
4294 4298 8592
4117 4293 8410
4167 4239 8406
4222 4247 8469
4103 4283 8386
4177 4281 8458
4162 4217 8379
4253 4299 8552
4247 4299 8546
4148 4275 8423
4159 4272 8431
4188 4254 8442
4296 4297 8593
4292 4300 8592
4291 4292 8583
4156 4275 8431
4119 4135 8254
4101 4104 8205
4110 4113 8223
4227 4254 8481
4252 4264 8516
4158 4180 8338
4236 4269 8505
4180 4289 8469
4117 4229 8346
4184 4266 8450
4159 4179 8338
4144 4267 8411
4179 4222 8401
4251 4266 8517
4161 4239 8400
4168 4237 8405
4299 4300 8599
4284 4294 8578
4162 4216 8378
4198 4287 8485
4296 4297 8593
4251 4287 8538
4237 4255 8492
4185 4262 8447
4111 4125 8236
4200 4281 8481
4120 4254 8374
4282 4291 8573
4131 4277 8408
4185 4253 8438
4163 4253 8416
4261 4278 8539
4274 4290 8564
4220 4275 8495
4281 4299 8580
4249 4260 8509
4112 4124 8236
4235 4276 8511
4101 4143 8244
4162 4288 8450
4115 4197 8312
4272 4292 8564
4159 4267 8426
4109 4250 8359
4183 4293 8476
4110 4223 8333
4200 4229 8429
4197 4219 8416
4275 4279 8554
4298 4299 8597
4162 4274 8436
4294 4299 8593
4124 4148 8272
4176 4229 8405
4108 4118 8226
4184 4226 8410
4265 4294 8559
4130 4275 8405
4100 4181 8281
4173 4251 8424
4127 4154 8281
4254 4287 8541
4294 4298 8592
4269 4297 8566
4197 4278 8475
4255 4271 8526
4140 4151 8291
4241 4253 8494
4203 4278 8481
4215 4284 8499
4287 4299 8586
4262 4291 8553
4175 4211 8386
4186 4221 8407
4110 4135 8245
4292 4295 8587
4120 4248 8368
4253 4257 8510
4284 4290 8574
4247 4299 8546
4103 4243 8346
4208 4213 8421
4199 4218 8417
4141 4169 8310
4171 4289 8460
4120 4246 8366
4223 4236 8459
4169 4291 8460
4212 4245 8457
4218 4265 8483
4267 4289 8556
4110 4281 8391
4227 4293 8520
4125 4186 8311
4171 4293 8464
4175 4299 8474
4160 4268 8428
4230 4292 8522
4201 4273 8474
4213 4275 8488
4139 4183 8322
4113 4296 8409
4193 4293 8486
4153 4208 8361
4240 4246 8486
4229 4246 8475
4172 4235 8407
4173 4283 8456
4285 4289 8574
4201 4247 8448
4175 4258 8433
4246 4273 8519
4278 4290 8568
4277 4295 8572
4130 4182 8312
4260 4261 8521
4284 4292 8576
4115 4154 8269
4238 4263 8501
4132 4186 8318
4209 4267 8476
4127 4293 8420
4278 4279 8557
4164 4195 8359
4111 4154 8265
4244 4280 8524
4121 4175 8296
4136 4221 8357
4250 4264 8514
4144 4210 8354
4127 4291 8418
4228 4268 8496
4139 4206 8345
4242 4287 8529
4163 4296 8459
4243 4278 8521
4207 4258 8465
4219 4221 8440
4233 4270 8503
4247 4252 8499
4239 4272 8511
4170 4281 8451
4168 4295 8463
4120 4293 8413
4281 4295 8576
4179 4300 8479
4233 4295 8528
4290 4293 8583
4112 4216 8328
4153 4255 8408
4281 4287 8568
4265 4287 8552
4255 4261 8516
4226 4278 8504
4147 4230 8377
4159 4190 8349
4188 4278 8466
4260 4277 8537
4114 4288 8402
4122 4264 8386
4235 4242 8477
4143 4290 8433
4214 4290 8504
4103 4289 8392
4281 4292 8573
4242 4292 8534
4245 4257 8502
4242 4244 8486
4187 4211 8398
4282 4295 8577
4269 4284 8553
4266 4292 8558
4173 4218 8391
4199 4233 8432
4271 4281 8552
4239 4255 8494
4104 4287 8391
4264 4296 8560
4246 4256 8502
4159 4174 8333
4270 4283 8553
4122 4203 8325
4224 4252 8476
4233 4274 8507
4208 4265 8473
4235 4264 8499
4148 4252 8400
4240 4281 8521
4170 4289 8459
4245 4286 8531
4261 4265 8526
4164 4293 8457
4237 4289 8526
4185 4189 8374
4174 4191 8365
4140 4167 8307
4213 4275 8488
4281 4300 8581
4199 4235 8434
4168 4240 8408
4141 4187 8328
4291 4300 8591
4248 4290 8538
4198 4213 8411
4216 4289 8505
4129 4185 8314
4196 4211 8407
4138 4298 8436
4290 4291 8581
4261 4266 8527
4295 4299 8594
4211 4289 8500
4135 4285 8420
4237 4244 8481
4211 4288 8499
4235 4299 8534
4129 4266 8395
4114 4270 8384
4175 4236 8411
4270 4283 8553
4128 4173 8301
4135 4244 8379
4242 4298 8540
4102 4136 8238
4253 4296 8549
4239 4257 8496
4215 4229 8444
4198 4203 8401
4281 4291 8572
4255 4299 8554
4121 4279 8400
4236 4289 8525
4276 4299 8575
4229 4284 8513
4194 4291 8485
4236 4241 8477
4224 4294 8518
4225 4255 8480
4230 4250 8480
4290 4291 8581
4231 4295 8526
4114 4286 8400
4134 4230 8364
4215 4286 8501
4154 4165 8319
4107 4257 8364
4258 4276 8534
4239 4291 8530
4140 4250 8390
4103 4236 8339
4150 4256 8406
4265 4274 8539
4239 4283 8522
4257 4262 8519
4185 4212 8397
4177 4263 8440
4270 4272 8542
4217 4235 8452
4201 4246 8447
4282 4287 8569
4194 4238 8432
4188 4235 8423
4284 4297 8581
4135 4267 8402
4185 4237 8422
4194 4287 8481
4123 4243 8366
4155 4220 8375
4188 4225 8413
4245 4273 8518
4167 4179 8346
4238 4287 8525
4136 4156 8292
4239 4298 8537
4169 4203 8372
4186 4230 8416
4104 4121 8225
4172 4229 8401
4293 4299 8592
4286 4291 8577
4105 4294 8399
4185 4298 8483
4216 4274 8490
4130 4208 8338
4174 4242 8416
4205 4248 8453
4218 4297 8515
4100 4114 8214
4150 4262 8412
4111 4176 8287
4253 4256 8509
4258 4288 8546
4131 4179 8310
4199 4271 8470
4198 4206 8404
4288 4294 8582
4140 4252 8392
4192 4259 8451
4139 4249 8388
4251 4270 8521
4261 4277 8538
4213 4225 8438
4279 4300 8579
4294 4300 8594
4293 4294 8587
4268 4287 8555
4202 4276 8478
4132 4173 8305
4161 4162 8323
4296 4299 8595
4149 4222 8371
4151 4269 8420
4271 4295 8566
4258 4264 8522
4140 4232 8372
4152 4296 8448
4206 4296 8502
4129 4156 8285
4181 4218 8399
4183 4214 8397
4109 4229 8338
4224 4228 8452
4113 4196 8309
4205 4285 8490
4265 4278 8543
4201 4232 8433
4184 4226 8410
4191 4240 8431
4132 4147 8279
4241 4285 8526
4242 4281 8523
4141 4169 8310
4234 4268 8502
4179 4192 8371
4204 4273 8477
4274 4296 8570
4109 4196 8305
4208 4260 8468
4256 4286 8542
4246 4261 8507
4100 4169 8269
4110 4153 8263
4296 4297 8593
4146 4281 8427
4103 4125 8228
4128 4289 8417
4116 4212 8328
4275 4297 8572
4239 4256 8495
4246 4285 8531
4186 4198 8384
4179 4239 8418
4244 4271 8515
4238 4285 8523
4286 4289 8575
4227 4249 8476
4175 4191 8366
4170 4204 8374
4203 4235 8438
4172 4264 8436
4297 4300 8597
4203 4278 8481
4185 4189 8374
4127 4267 8394
4292 4296 8588
4221 4288 8509
4127 4129 8256
4163 4183 8346
4105 4135 8240
4148 4192 8340
4211 4247 8458
4271 4287 8558
4161 4206 8367
4168 4230 8398
4183 4273 8456
4120 4274 8394
4281 4299 8580
4116 4263 8379
4159 4206 8365
4196 4199 8395
4176 4264 8440
4196 4261 8457
4121 4129 8250
4207 4248 8455
4267 4299 8566
4111 4225 8336
4197 4291 8488
4245 4281 8526
4163 4183 8346
4210 4282 8492
4221 4290 8511
4232 4254 8486
4156 4207 8363
4286 4288 8574
4110 4159 8269
4100 4112 8212
4122 4207 8329
4245 4261 8506
4104 4111 8215
4216 4286 8502
4184 4226 8410
4152 4250 8402
4139 4296 8435
4239 4251 8490
4186 4278 8464
4220 4299 8519
4267 4289 8556
4192 4271 8463
4164 4265 8429
4149 4196 8345
4141 4186 8327
4162 4279 8441
4217 4256 8473
4283 4295 8578
4146 4171 8317
4123 4211 8334
4105 4282 8387
4148 4286 8434
4196 4270 8466
4266 4274 8540
4205 4222 8427
4184 4296 8480
4216 4298 8514
4242 4251 8493
4213 4268 8481
4244 4266 8510
4123 4217 8340
4233 4251 8484
4109 4260 8369
4185 4248 8433
4167 4257 8424
4226 4233 8459
4299 4300 8599
4164 4268 8432
4168 4277 8445
4103 4113 8216
4244 4269 8513
4147 4157 8304
4106 4204 8310
4114 4234 8348
4296 4299 8595
4205 4251 8456
4262 4297 8559
4277 4285 8562
4268 4291 8559
4138 4253 8391
4230 4239 8469
4287 4294 8581
4102 4123 8225
4228 4234 8462
4125 4297 8422
4186 4286 8472
4238 4287 8525
4222 4253 8475
4266 4282 8548
4274 4292 8566
4220 4265 8485
4275 4282 8557
4278 4288 8566
4224 4290 8514
4268 4269 8537
4170 4290 8460
4253 4294 8547
4151 4234 8385
4250 4289 8539
4272 4290 8562
4218 4256 8474
4198 4259 8457
4210 4236 8446
4221 4222 8443
4238 4266 8504
4214 4220 8434
4206 4296 8502
4202 4226 8428
4106 4148 8254
4261 4270 8531
4190 4211 8401
4122 4264 8386
4211 4278 8489
4196 4257 8453
4252 4262 8514
4217 4234 8451
4246 4283 8529
4285 4290 8575
4134 4276 8410
4274 4276 8550
4197 4201 8398
4105 4234 8339
4207 4228 8435
4253 4263 8516
4129 4276 8405
4152 4171 8323
4184 4228 8412
4223 4253 8476
4208 4269 8477
4225 4291 8516
4156 4286 8442
4139 4262 8401
4297 4300 8597

4137 4158 8280
4041 4049 8060
4089 4103 8178
4197 4200 8370
4132 4200 8308
4001 4060 8036
4181 4189 8337
4058 4070 8090
4127 4146 8269
4000 4090 8061
4098 4181 8267
4140 4180 8302
4176 4191 8331
4051 4180 8224
4182 4199 8348
4168 4181 8347
4049 4110 8135
4029 4163 8171
4160 4164 8310
4191 4193 8354
4038 4116 8141
4156 4177 8307
4071 4176 8229
4193 4195 8352
4023 4142 8138
4107 4192 8294
4059 4173 8198
4188 4194 8351
4094 4198 8265
4026 4050 8046
4119 4143 8245
4023 4198 8203
4082 4092 8171
4196 4200 8364
4023 4166 8151
4051 4104 8144
4093 4119 8192
4112 4184 8295
4102 4180 8263
4162 4176 8314
4178 4188 8349
4043 4049 8060
4066 4090 8141
4186 4188 8347
4042 4106 8124
4059 4169 8216
4011 4025 8010
4011 4099 8104
4016 4125 8136
4039 4158 8159
4016 4056 8034
4016 4138 8147
4146 4194 8303
4038 4169 8182
4021 4151 8149
4020 4149 8143
4026 4135 8147
4181 4184 8356
4138 4144 8244
4181 4183 8357
4158 4191 8313
4133 4189 8308
4116 4165 8259
4053 4099 8121
4028 4104 8121
4084 4188 8266
4017 4105 8094
4014 4099 8094
4066 4160 8208
4195 4196 8366
4055 4112 8134
4134 4158 8271
4116 4123 8236
4176 4191 8362
4085 4113 8161
4012 4064 8071
4174 4193 8363
4086 4088 8166
4190 4192 8370
4146 4197 8314
4155 4163 8286
4130 4138 8262
4122 4163 8283
4028 4138 8162
4086 4165 8216
4087 4180 8230
4055 4158 8197
4087 4099 8151
4057 4194 8214
4181 4188 8359
4039 4044 8059
4006 4076 8068
4068 4132 8177
4045 4110 8130
4043 4190 8204
4074 4086 8144
4104 4199 8266
4184 4191 8362
4008 4147 8149
4032 4044 8073
4163 4177 8336
4161 4180 8335
4119 4145 8238
4183 4197 8349
4013 4042 8046
4033 4107 8122
4067 4137 8197
4122 4134 8234
4148 4154 8297
4034 4096 8098
4094 4172 8239
4011 4015 8011
4084 4145 8218
4198 4199 8385
4012 4131 8119
4169 4194 8343
4067 4137 8175
4176 4190 8354
4020 4039 8028
4148 4182 8319
4059 4136 8178
4139 4200 8321
4059 4064 8088
4087 4135 8186
4048 4089 8113
4075 4113 8179
4163 4171 8317
4189 4191 8343
4188 4198 8367
4073 4130 8175
4059 4079 8132
4184 4200 8350
4065 4150 8178
4107 4119 8202
4152 4183 8331
4006 4106 8076
4126 4161 8277
4075 4123 8161
4188 4192 8349
4164 4199 8340
4140 4146 8268
4191 4192 8366
4148 4155 8280
4040 4069 8073
4115 4176 8282
4002 4042 8006
4047 4079 8103
4193 4200 8380
4039 4094 8130
4089 4169 8236
4118 4200 8317
4042 4124 8131
4033 4101 8099
4120 4186 8273
4022 4060 8068
4192 4193 8376
4195 4197 8355
4182 4190 8340
4021 4048 8060
4192 4196 8383
4050 4130 8142
4062 4117 8159
4100 4181 8277
4125 4178 8271
4018 4130 8141
4176 4197 8349
4120 4123 8225
4153 4185 8308
4030 4189 8191
4001 4186 8151
4119 4145 8241
4090 4125 8183
4063 4176 8218
4158 4177 8318
4016 4184 8195
4119 4148 8251
4070 4122 8156
4134 4183 8289
4187 4189 8346
4059 4132 8162
4020 4035 8025
4161 4184 8313
4051 4062 8080
4169 4186 8325
4098 4133 8208
4156 4175 8294
4144 4154 8280
4161 4200 8346
4172 4190 8340
4079 4115 8162
4009 4044 8020
4034 4185 8186
4010 4127 8102
4160 4173 8326
4081 4188 8244
4121 4133 8244
4081 4197 8252
4129 4188 8311
4104 4112 8215
4138 4191 8318
4190 4192 8355
4008 4061 8067
4125 4144 8261
4028 4086 8092
4068 4118 8156
4055 4059 8100
4178 4192 8362
4098 4186 8251
4031 4046 8047
4188 4199 8348
4080 4132 8190
4199 4200 8370
4066 4080 8123
4177 4181 8331
4172 4184 8321
4185 4187 8355
4094 4125 8216
4006 4160 8132
4073 4196 8232
4074 4141 8177
4147 4199 8335
4157 4180 8317
4191 4199 8353
4156 4165 8291
4106 4156 8240
4007 4161 8135
4187 4194 8361
4107 4131 8222
4171 4187 8350
4006 4063 8047
4128 4166 8282
4127 4170 8270
4084 4181 8242
4123 4196 8291
4134 4156 8281
4146 4151 8277
4139 4187 8290
4081 4189 8256
4122 4131 8229
4175 4182 8318
4134 4153 8249
4185 4191 8364
4174 4177 8333
4157 4164 8316
4000 4037 8036
4136 4157 8278
4113 4167 8241
4171 4183 8340
4045 4170 8207
4199 4200 8376
4049 4077 8092
4156 4157 8296
4192 4199 8358
4089 4133 8221
4046 4104 8129
4188 4200 8377
4100 4140 8218
4010 4125 8102
4194 4198 8355
4195 4197 8375
4018 4168 8176
4134 4174 8288
4160 4164 8293
4082 4197 8266
4186 4190 8348
4040 4189 8191
4066 4119 8179
4021 4141 8134
4133 4192 8321
4117 4168 8272
4151 4159 8296
4016 4082 8084
4129 4158 8268
4184 4193 8343
4076 4123 8188
4045 4145 8175
4013 4117 8124
4055 4081 8102
4113 4142 8253
4029 4030 8042
4000 4121 8087
4062 4193 8244
4007 4170 8145
4133 4169 8292
4148 4189 8329
4035 4172 8183
4000 4073 8055
4155 4167 8321
4104 4184 8281
4074 4187 8254
4174 4184 8350
4169 4184 8352
4149 4163 8283
4050 4093 8137
4016 4107 8093
4050 4085 8101
4016 4066 8048
4119 4164 8276
4073 4160 8211
4067 4068 8115
4009 4128 8106
4162 4180 8315
4011 4013 7994
4004 4190 8173
4090 4138 8205
4039 4138 8169
4123 4167 8254
4151 4159 8279
4076 4191 8246
4197 4199 8367
4062 4155 8180
4056 4168 8208
4022 4109 8116
4020 4069 8062
4044 4140 8152
4110 4150 8224
4158 4176 8310
4098 4110 8203
4051 4109 8134
4137 4159 8286
4084 4163 8243
4038 4090 8120
4127 4133 8224
4157 4174 8298
4197 4199 8368
4177 4197 8369
4119 4147 8233
4039 4062 8095
4149 4166 8301
4154 4179 8327
4163 4174 8322
4173 4184 8353
4063 4126 8166
4097 4157 8226
4124 4134 8238
4179 4193 8364
4177 4198 8345
4070 4185 8224
4179 4185 8346
4075 4129 8197
4050 4105 8133
4043 4063 8102
4086 4129 8214
4036 4170 8176
4063 4174 8201
4032 4088 8087
4120 4174 8278
4096 4176 8248
4103 4192 8274
4134 4152 8275
4016 4068 8076
4071 4126 8167
4194 4199 8380
4039 4181 8194
4148 4165 8312
4056 4113 8139
4096 4172 8255
4188 4196 8364
4174 4190 8343
4144 4180 8298
4081 4188 8259
4030 4131 8123
4111 4152 8260
4140 4149 8287
4160 4178 8315
4049 4185 8229
4027 4061 8084
4108 4195 8265
4100 4146 8208
4030 4148 8174
4068 4080 8147
4049 4135 8170
4041 4164 8184
4121 4197 8290
4098 4181 8260
4146 4152 8294
4028 4078 8087
4155 4161 8311
4155 4200 8316
4041 4132 8163
4165 4178 8304
4081 4125 8193
4151 4163 8288
4083 4197 8268
4105 4146 8238
4012 4127 8138
4158 4180 8337
4040 4187 8224
4120 4197 8282
4034 4058 8061
4029 4062 8084
4023 4198 8202
4060 4134 8167
4109 4190 8278
4150 4196 8343
4070 4191 8260
4067 4098 8151
4099 4111 8186
4199 4200 8363
4081 4113 8163
4029 4175 8168
4007 4123 8105
4078 4192 8265
4154 4192 8315
4057 4182 8206
4110 4120 8199
4018 4190 8203
4152 4154 8273
4044 4199 8231
4077 4110 8165
4028 4180 8188
4107 4120 8225
4066 4186 8246
4088 4091 8145
4191 4193 8377
4095 4147 8225
4178 4199 8349
4126 4135 8241
4045 4117 8137
4158 4178 8307
4077 4194 8250
4020 4038 8025
4012 4155 8163
4019 4098 8079
4086 4200 8280
4079 4099 8169
4008 4059 8055
4109 4151 8253
4024 4116 8134
4007 4107 8113
4002 4116 8105
4113 4174 8265
4179 4185 8342
4048 4102 8116
4024 4155 8165
4172 4192 8340
4104 4156 8246
4003 4033 8010
4078 4179 8227
4080 4143 8218
4119 4122 8210
4021 4085 8075
4085 4192 8263
4188 4192 8342
4030 4065 8083
4062 4185 8234
4186 4200 8374
4145 4160 8272
4156 4159 8307
4148 4153 8294
4185 4198 8345
4130 4172 8276
4110 4169 8274
4161 4180 8323
4091 4163 8241
4036 4038 8063
4048 4168 8200
4092 4139 8201
4045 4191 8216
4176 4200 8342
4103 4160 8245
4148 4168 8304
4002 4064 8043
4141 4177 8315
4023 4152 8171
4106 4154 8247
4084 4198 8272
4128 4158 8262
4032 4094 8108
4175 4195 8360
4054 4119 8156
4008 4128 8124
4086 4103 8177
4139 4184 8321
4028 4072 8074
4126 4149 8273
4080 4084 8152
4049 4129 8166
4126 4163 8261
4171 4182 8314
4071 4146 8202
4111 4115 8201
4186 4192 8344
4053 4098 8133
4035 4104 8103
4194 4198 8370
4017 4193 8176
4067 4139 8181
4122 4147 8236
4003 4183 8161
4077 4181 8254
4062 4117 8168
4153 4199 8342
4147 4199 8318
4048 4175 8189
4059 4172 8204
4088 4154 8232
4196 4197 8365
4192 4200 8389
4191 4192 8357
4056 4175 8198
4019 4035 8030
4001 4004 7973
4010 4013 8001
4127 4154 8250
4152 4164 8293
4058 4080 8136
4136 4169 8296
4080 4189 8246
4017 4129 8109
4084 4166 8215
4059 4079 8133
4044 4167 8196
4079 4122 8173
4151 4166 8304
4061 4139 8189
4068 4137 8194
4199 4200 8373
4184 4194 8376
4062 4116 8177
4098 4187 8265
4196 4197 8391
4151 4187 8302
4137 4155 8254
4085 4162 8226
4011 4025 7999
4100 4181 8280
4020 4154 8145
4182 4191 8359
4031 4177 8174
4085 4153 8227
4063 4153 8199
4161 4178 8309
4174 4190 8335
4120 4175 8288
4181 4199 8379
4149 4160 8307
4012 4024 8003
4135 4176 8285
4001 4043 8011
4062 4188 8245
4015 4097 8096
4172 4192 8337
4059 4167 8215
4009 4150 8137
4083 4193 8261
4010 4123 8120
4100 4129 8228
4097 4119 8183
4175 4179 8322
4198 4199 8381
4062 4174 8200
4194 4199 8377
4024 4048 8043
4076 4129 8178
4008 4018 8003
4084 4126 8194
4165 4194 8336
4030 4175 8189
4000 4081 8063
4073 4151 8192
4027 4054 8053
4154 4187 8305
4194 4198 8389
4169 4197 8328
4097 4178 8274
4155 4171 8307
4040 4051 8075
4141 4153 8292
4103 4178 8271
4115 4184 8273
4187 4199 8366
4162 4191 8345
4075 4111 8163
4086 4121 8188
4010 4035 8033
4192 4195 8366
4020 4148 8164
4153 4157 8277
4184 4190 8342
4147 4199 8308
4003 4143 8125
4108 4113 8203
4099 4118 8192
4041 4069 8102
4071 4189 8255
4020 4146 8142
4123 4136 8238
4069 4191 8231
4112 4145 8243
4118 4165 8265
4167 4189 8333
4010 4181 8159
4127 4193 8281
4025 4086 8088
4071 4193 8230
4075 4199 8239
4060 4168 8211
4130 4192 8318
4101 4173 8236
4113 4175 8268
4039 4083 8116
4013 4196 8188
4093 4193 8265
4053 4108 8158
4140 4146 8283
4129 4146 8243
4072 4135 8188
4073 4183 8233
4185 4189 8354
4101 4147 8219
4075 4158 8208
4146 4173 8287
4178 4190 8329
4177 4195 8351
4030 4082 8089
4160 4161 8304
4184 4192 8367
4015 4054 8040
4138 4163 8266
4032 4086 8115
4109 4167 8264
4027 4193 8193
4178 4179 8337
4064 4095 8135
4011 4054 8058
4144 4180 8305
4021 4075 8089
4036 4121 8132
4150 4164 8300
4044 4110 8142
4027 4191 8211
4128 4168 8271
4039 4106 8121
4142 4187 8324
4063 4196 8237
4143 4178 8288
4107 4158 8258
4119 4121 8219
4133 4170 8299
4147 4152 8280
4139 4172 8295
4070 4181 8249
4068 4195 8255
4020 4193 8202
4181 4195 8366
4079 4200 8277
4133 4195 8305
4190 4193 8346
4012 4116 8121
4053 4155 8181
4181 4187 8349
4165 4187 8323
4155 4161 8287
4126 4178 8301
4047 4130 8165
4059 4090 8148
4088 4178 8246
4160 4177 8299
4014 4188 8191
4022 4164 8152
4135 4142 8255
4043 4190 8218
4114 4190 8284
4003 4189 8162
4181 4192 8358
4142 4192 8332
4145 4157 8268
4142 4144 8265
4087 4111 8161
4182 4195 8361
4169 4184 8317
4166 4192 8330
4073 4118 8166
4099 4133 8207
4171 4181 8344
4139 4155 8281
4004 4187 8174
4164 4196 8355
4146 4156 8283
4059 4074 8130
4170 4183 8335
4022 4103 8100
4124 4152 8249
4133 4174 8305
4108 4165 8260
4135 4164 8294
4048 4152 8193
4140 4181 8287
4070 4189 8223
4145 4186 8322
4161 4165 8322
4064 4193 8244
4137 4189 8297
4085 4089 8142
4074 4091 8153
4040 4067 8098
4113 4175 8255
4181 4200 8375
4099 4135 8233
4068 4140 8176
4041 4087 8117
4191 4200 8374
4148 4190 8309
4098 4113 8204
4116 4189 8271
4029 4085 8079
4096 4111 8192
4038 4198 8230
4190 4191 8377
4161 4166 8295
4195 4199 8386
4111 4189 8289
4035 4185 8208
4137 4144 8252
4111 4188 8278
4135 4199 8310
4029 4166 8174
4014 4170 8160
4075 4136 8205
4170 4183 8322
4028 4073 8076
4035 4144 8171
4142 4198 8323
4002 4036 8005
4153 4196 8329
4139 4157 8257
4115 4129 8221
4098 4103 8177
4181 4191 8347
4155 4199 8332
4021 4179 8166
4136 4189 8286
4176 4199 8359
4129 4184 8281
4094 4191 8265
4136 4141 8247
4124 4194 8301
4125 4155 8241
4130 4150 8252
4190 4191 8347
4131 4195 8304
4014 4186 8182
4034 4130 8130
4115 4186 8282
4054 4065 8113
4007 4157 8136
4158 4176 8304
4139 4191 8319
4040 4150 8165
4003 4136 8118
4050 4156 8171
4165 4174 8313
4139 4183 8284
4157 4162 8295
4085 4112 8175
4077 4163 8208
4170 4172 8304
4117 4135 8234
4101 4146 8236
4182 4187 8348
4094 4138 8215
4088 4135 8216
4184 4197 8361
4035 4167 8196
4085 4137 8200
4094 4187 8254
4023 4143 8165
4055 4120 8165
4088 4125 8206
4145 4173 8286
4067 4079 8142
4138 4187 8321
4036 4056 8085
4139 4198 8323
4069 4103 8150
4086 4130 8209
4004 4021 7987
4072 4129 8180
4193 4199 8369
4186 4191 8366
4005 4194 8175
4085 4198 8261
4116 4174 8281
4030 4108 8119
4074 4142 8201
4105 4148 8224
4118 4197 8313
4000 4014 8008
4050 4162 8203
4011 4076 8081
4153 4156 8289
4158 4188 8312
4031 4079 8096
4099 4171 8240
4098 4106 8172
4188 4194 8365
4040 4152 8156
4092 4159 8243
4039 4149 8186
4151 4170 8311
4161 4177 8331
4113 4125 8209
4179 4200 8375
4194 4200 8358
4193 4194 8358
4168 4187 8320
4102 4176 8265
4032 4073 8103
4061 4062 8107
4196 4199 8377
4049 4122 8135
4051 4169 8204
4171 4195 8351
4158 4164 8319
4040 4132 8145
4052 4196 8244
4106 4196 8265
4029 4056 8084
4081 4118 8168
4083 4114 8176
4009 4129 8135
4124 4128 8229
4013 4096 8079
4105 4185 8281
4165 4178 8319
4101 4132 8225
4084 4126 8202
4091 4140 8229
4032 4047 8071
4141 4185 8296
4142 4181 8310
4041 4069 8095
4134 4168 8271
4079 4092 8170
4104 4173 8272
4174 4196 8353
4009 4096 8092
4108 4160 8242
4156 4186 8339
4146 4161 8282
4000 4069 8040
4010 4053 8055
4196 4197 8369
4046 4181 8209
4003 4025 7990
4028 4189 8202
4016 4112 8111
4175 4197 8337
4139 4156 8279
4146 4185 8310
4086 4098 8182
4079 4139 8208
4144 4171 8300
4138 4185 8309
4186 4189 8362
4127 4149 8266
4075 4091 8150
4070 4104 8140
4103 4135 8231
4072 4164 8220
4197 4200 8392
4103 4178 8279
4085 4089 8137
4027 4167 8183
4192 4196 8374
4121 4188 8296
4027 4029 8049
4063 4083 8118
4005 4035 8005
4048 4092 8136
4111 4147 8244
4171 4187 8341
4061 4106 8152
4068 4130 8185
4083 4173 8231
4020 4174 8187
4181 4199 8349
4016 4163 8175
4059 4106 8133
4096 4099 8169
4076 4164 8238
4096 4161 8237
4021 4029 8026
4107 4148 8227
4167 4199 8357
4011 4125 8104
4097 4191 8284
4145 4181 8323
4063 4083 8123
4110 4182 8276
4121 4190 8282
4132 4154 8259
4056 4107 8160
4186 4188 8345
4010 4059 8068
4000 4012 7976
4022 4107 8118
4145 4161 8297
4004 4011 8009
4116 4186 8288
4084 4126 8180
4052 4150 8177
4039 4196 8203
4139 4151 8289
4086 4178 8263
4120 4199 8316
4167 4189 8338
4092 4171 8243
4064 4165 8213
4049 4096 8111
4041 4086 8105
4062 4179 8237
4117 4156 8234
4183 4195 8339
4046 4071 8080
4023 4111 8102
4005 4182 8185
4048 4186 8225
4096 4170 8258
4166 4174 8328
4105 4122 8217
4084 4196 8273
4116 4198 8311
4142 4151 8291
4113 4168 8271
4144 4166 8289
4023 4117 8118
4133 4151 8265
4009 4160 8153
4085 4148 8209
4067 4157 8186
4126 4133 8232
4199 4200 8391
4064 4168 8226
4068 4177 8233
4003 4013 7989
4144 4169 8287
4047 4057 8070
4006 4104 8081
4014 4134 8145
4196 4199 8379
4105 4151 8227
4162 4197 8331
4177 4185 8328
4168 4191 8322
4038 4153 8170
4130 4139 8244
4187 4194 8360
4002 4023 7987
4128 4134 8252
4025 4197 8192
4086 4186 8256
4138 4187 8300
4122 4153 8252
4166 4182 8315
4174 4192 8363
4120 4165 8262
4175 4182 8341
4178 4188 8333
4124 4190 8291
4168 4169 8334
4070 4190 8258
4153 4194 8336
4051 4134 8155
4150 4189 8325
4172 4190 8342
4118 4156 8256
4098 4159 8238
4110 4136 8242
4121 4122 8218
4138 4166 8267
4114 4120 8202
4106 4196 8277
4102 4126 8224
4006 4048 8044
4161 4170 8327
4090 4111 8197
4022 4164 8172
4111 4178 8266
4096 4157 8225
4152 4162 8302
4117 4134 8234
4146 4183 8319
4185 4190 8368
4034 4176 8205
4174 4176 8333
4097 4101 8169
4005 4134 8117
4107 4128 8226
4153 4163 8303
4029 4176 8181
4052 4071 8115
4084 4128 8194
4123 4153 8258
4108 4169 8263
4125 4191 8291
4056 4186 8226
4039 4162 8177
4197 4200 8375

0.010000 0.460000
