1000
4936926
4199 4238 8437
4209 4256 8465
4143 4202 8345
4273 4288 8561
4129 4193 8322
4180 4277 8457
4233 4240 8473
4215 4248 8463
4177 4194 8371
4211 4286 8497
4286 4287 8573
4179 4293 8472
4216 4288 8504
4172 4271 8443
4122 4171 8293
4277 4283 8560
4154 4184 8338
4249 4291 8540
4113 4241 8354
4146 4152 8298
4251 4273 8524
4122 4210 8332
4115 4228 8343
4274 4279 8553
4158 4181 8339
4154 4233 8387
4136 4142 8278
4167 4223 8390
4294 4297 8591
4180 4211 8391
4139 4183 8322
4263 4287 8550
4297 4300 8597
4102 4220 8322
4140 4205 8345
4146 4166 8312
4130 4292 8422
4277 4278 8555
4129 4270 8399
4262 4279 8541
4126 4219 8345
4267 4283 8550
4292 4293 8585
4211 4299 8510
4121 4141 8262
4246 4260 8506
4100 4186 8286
4146 4252 8398
4258 4290 8548
4202 4251 8453
4293 4297 8590
4267 4275 8542
4197 4281 8478
4113 4233 8346
4193 4222 8415
4159 4299 8458
4168 4171 8339
4281 4293 8574
4292 4298 8590
4233 4276 8509
4136 4227 8363
4206 4269 8475
4178 4283 8461
4268 4297 8565
4149 4181 8330
4240 4276 8516
4284 4288 8572
4184 4193 8377
4211 4244 8455
4144 4276 8420
4243 4245 8488
4270 4272 8542
4274 4290 8564
4246 4253 8499
4108 4218 8326
4214 4230 8444
4161 4280 8441
4270 4284 8554
4101 4121 8222
4270 4275 8545
4191 4213 8404
4292 4295 8587
4199 4211 8410
4205 4288 8493
4131 4281 8412
4125 4298 8423
4166 4167 8333
4247 4300 8547
4165 4183 8348
4255 4272 8527
4125 4249 8374
4211 4220 8431
4236 4253 8489
4211 4277 8488
4117 4126 8243
4123 4232 8355
4298 4299 8597
4129 4224 8353
4111 4138 8249
4260 4284 8544
4189 4248 8437
4259 4284 8543
4136 4201 8337
4182 4214 8396
4167 4184 8351
4294 4300 8594
4213 4257 8470
4285 4298 8583
4224 4226 8450
4181 4259 8440
4231 4290 8521
4207 4238 8445
4202 4278 8480
4113 4186 8299
4169 4233 8402
4256 4268 8524
4286 4299 8585
4165 4257 8422
4192 4241 8433
4252 4253 8505
4182 4282 8464
4262 4274 8536
4227 4277 8504
4277 4285 8562
4147 4237 8384
4178 4293 8471
4147 4228 8375
4205 4292 8497
4168 4226 8394
4247 4287 8534
4285 4298 8583
4197 4212 8409
4111 4191 8302
4191 4298 8489
4238 4277 8515
4150 4177 8327
4227 4293 8520
4297 4298 8595
4246 4272 8518
4206 4252 8458
4261 4284 8545
4148 4215 8363
4169 4206 8375
4287 4298 8585
4291 4292 8583
4135 4141 8276
4258 4291 8549
4204 4300 8504
4294 4300 8594
4171 4300 8471
4145 4226 8371
4294 4299 8593
4203 4214 8417
4260 4284 8544
4214 4215 8429
4221 4278 8499
4221 4244 8465
4189 4224 8413
4238 4249 8487
4129 4222 8351
4201 4299 8500
4123 4175 8298
4190 4221 8411
4107 4198 8305
4226 4232 8458
4108 4232 8340
4223 4270 8493
4159 4163 8322
4230 4253 8483
4257 4262 8519
4105 4134 8239
4284 4290 8574
4225 4240 8465
4128 4134 8262
4203 4275 8478
4142 4156 8298
4105 4106 8211
4238 4241 8479
4113 4271 8384
4290 4292 8582
4218 4235 8453
4237 4267 8504
4231 4278 8509
4123 4261 8384
4291 4297 8588
4290 4296 8586
4262 4286 8548
4293 4294 8587
4177 4208 8385
4218 4274 8492
4229 4278 8507
4280 4298 8578
4186 4193 8379
4261 4267 8528
4170 4198 8368
4190 4277 8467
4181 4263 8444
4138 4290 8428
4105 4280 8385
4263 4291 8554
4297 4298 8595
4284 4290 8574
4141 4228 8369
4140 4242 8382
4299 4300 8599
4180 4193 8373
4228 4234 8462
4274 4281 8555
4244 4253 8497
4184 4205 8389
4208 4235 8443
4105 4154 8259
4155 4192 8347
4156 4159 8315
4236 4261 8497
4165 4247 8412
4127 4222 8349
4168 4291 8459
4203 4204 8407
4260 4266 8526
4263 4280 8543
4234 4290 8524
4136 4161 8297
4145 4167 8312
4230 4286 8516
4140 4212 8352
4258 4288 8546
4295 4296 8591
4121 4140 8261
4200 4282 8482
4238 4300 8538
4256 4282 8538
4267 4286 8553
4266 4279 8545
4297 4299 8596
4120 4168 8288
4100 4263 8363
4150 4185 8335
4246 4285 8531
4189 4225 8414
4253 4259 8512
4180 4220 8400
4102 4106 8208
4258 4289 8547
4200 4240 8440
4216 4293 8509
4118 4288 8406
4116 4190 8306
4142 4187 8329
4222 4276 8498
4126 4298 8424
4275 4276 8551
4265 4280 8545
4269 4286 8555
4215 4237 8452
4212 4226 8438
4219 4226 8445
4226 4293 8519
4212 4220 8432
4293 4300 8593
4126 4160 8286
4215 4245 8460
4116 4132 8248
4234 4242 8476
4293 4294 8587
4141 4272 8413
4111 4297 8408
4119 4249 8368
4244 4281 8525
4288 4296 8584
4232 4249 8481
4231 4261 8492
4228 4276 8504
4137 4201 8338
4251 4300 8551
4148 4293 8441
4114 4144 8258
4129 4149 8278
4175 4176 8351
4134 4207 8341
4281 4287 8568
4291 4296 8587
4109 4292 8401
4176 4224 8400
4228 4274 8502
4114 4233 8347
4162 4222 8384
4209 4253 8462
4289 4294 8583
4253 4290 8543
4113 4189 8302
4208 4239 8447
4203 4227 8430
4160 4227 8387
4277 4298 8575
4260 4300 8560
4215 4261 8476
4251 4275 8526
4238 4265 8503
4154 4196 8350
4178 4286 8464
4296 4298 8594
4138 4220 8358
4206 4245 8451
4280 4299 8579
4120 4234 8354
4263 4289 8552
4191 4271 8462
4256 4286 8542
4238 4257 8495
4214 4229 8443
4157 4260 8417
4135 4275 8410
4297 4299 8596
4290 4297 8587
4294 4299 8593
4267 4274 8541
4259 4276 8535
4113 4162 8275
4233 4266 8499
4193 4198 8391
4174 4280 8454
4234 4263 8497
4153 4211 8364
4265 4293 8558
4241 4268 8509
4128 4260 8388
4270 4295 8565
4280 4281 8561
4190 4246 8436
4262 4291 8553
4127 4134 8261
4214 4300 8514
4111 4253 8364
4252 4280 8532
4268 4297 8565
4234 4277 8511
4233 4280 8513
4106 4183 8289
4291 4292 8583
4187 4193 8380
4281 4299 8580
4147 4219 8366
4120 4164 8284
4185 4213 8398
4166 4186 8352
4163 4233 8396
4170 4243 8413
4227 4271 8498
4150 4217 8367
4212 4271 8483
4251 4279 8530
4299 4300 8599
4149 4274 8423
4270 4278 8548
4287 4293 8580
4151 4231 8382
4194 4248 8442
4221 4282 8503
4168 4170 8338
4225 4242 8467
4156 4181 8337
4255 4280 8535
4296 4300 8596
4233 4259 8492
4260 4267 8527
4207 4220 8427
4264 4289 8553
4202 4234 8436
4228 4290 8518
4204 4288 8492
4105 4167 8272
4163 4251 8414
4224 4268 8492
4294 4296 8590
4128 4243 8371
4287 4289 8576
4107 4287 8394
4282 4291 8573
4206 4245 8451
4255 4297 8552
4164 4190 8354
4179 4280 8459
4263 4269 8532
4190 4203 8393
4217 4261 8478
4108 4274 8382
4298 4299 8597
4270 4300 8570
4149 4173 8322
4244 4259 8503
4195 4246 8441
4233 4293 8526
4198 4225 8423
4114 4152 8266
4237 4294 8531
4179 4228 8407
4105 4138 8243
4273 4299 8572
4219 4260 8479
4239 4251 8490
4264 4266 8530
4141 4278 8419
4176 4287 8463
4207 4254 8461
4228 4241 8469
4151 4152 8303
4292 4293 8585
4248 4273 8521
4271 4278 8549
4286 4290 8576
4121 4280 8401
4261 4265 8526
4173 4199 8372
4270 4294 8564
4278 4281 8559
4131 4263 8394
4132 4294 8426
4294 4296 8590
4219 4237 8456
4293 4297 8590
4296 4299 8595
4165 4180 8345
4230 4262 8492
4169 4268 8437
4107 4126 8233
4261 4279 8540
4109 4199 8308
4227 4274 8501
4228 4230 8458
4163 4280 8443
4220 4247 8467
4153 4248 8401
4287 4292 8579
4189 4285 8474
4168 4179 8347
4175 4275 8450
4213 4262 8475
4118 4121 8239
4156 4158 8314
4293 4296 8589
4124 4174 8298
4142 4237 8379
4219 4291 8510
4285 4297 8582
4145 4149 8294
4222 4266 8488
4103 4209 8312
4105 4110 8215
4188 4267 8455
4259 4276 8535
4209 4239 8448
4293 4296 8589
4221 4278 8499
4288 4290 8578
4217 4288 8505
4113 4117 8230
4221 4278 8499
4105 4267 8372
4264 4287 8551
4122 4248 8370
4110 4169 8279
4165 4167 8332
4195 4219 8414
4233 4283 8516
4143 4231 8374
4277 4282 8559
4129 4230 8359
4189 4271 8460
4130 4267 8397
4139 4200 8339
4104 4266 8370
4293 4298 8591
4240 4254 8494
4140 4277 8417
4261 4288 8549
4240 4299 8539
4272 4273 8545
4137 4191 8328
4218 4221 8439
4241 4273 8514
4258 4262 8520
4130 4145 8275
4108 4212 8320
4141 4194 8335
4106 4174 8280
4125 4241 8366
4277 4282 8559
4264 4300 8564
4218 4254 8472
4150 4248 8398
4134 4230 8364
4103 4253 8356
4127 4166 8293
4104 4163 8267
4176 4240 8416
4151 4240 8391
4297 4300 8597
4227 4290 8517
4164 4229 8393
4102 4216 8318
4157 4252 8409
4262 4277 8539
4153 4227 8380
4137 4150 8287
4173 4183 8356
4295 4300 8595
4190 4195 8385
4198 4247 8445
4145 4218 8363
4297 4299 8596
4272 4274 8546
4218 4258 8476
4230 4290 8520
4125 4224 8349
4181 4267 8448
4207 4247 8454
4191 4244 8435
4196 4296 8492
4161 4293 8454
4198 4214 8412
4259 4285 8544
4157 4183 8340
4144 4242 8386
4211 4255 8466
4183 4299 8482
4114 4241 8355
4196 4242 8438
4194 4228 8422
4125 4259 8384
4248 4280 8528
4161 4228 8389
4101 4212 8313
4100 4271 8371
4111 4288 8399
4126 4128 8254
4160 4235 8395
4121 4234 8355
4279 4293 8572
4238 4243 8481
4198 4252 8450
4213 4294 8507
4124 4227 8351
4248 4256 8504
4133 4249 8382
4200 4248 8448
4147 4182 8329
4243 4288 8531
4224 4230 8454
4182 4236 8418
4230 4256 8486
4293 4299 8592
4212 4285 8497
4248 4273 8521
4172 4269 8441
4101 4289 8390
4254 4295 8549
4174 4226 8400
4205 4210 8415
4190 4255 8445
4131 4229 8360
4178 4259 8437
4277 4279 8556
4294 4295 8589
4104 4148 8252
4160 4208 8368
4119 4217 8336
4248 4293 8541
4115 4273 8388
4228 4275 8503
4252 4264 8516
4158 4242 8400
4281 4289 8570
4124 4223 8347
4148 4272 8420
4202 4246 8448
4194 4210 8404
4175 4270 8445
4196 4246 8442
4294 4298 8592
4162 4193 8355
4109 4133 8242
4193 4257 8450
4233 4245 8478
4250 4272 8522
4201 4251 8452
4205 4295 8500
4165 4282 8447
4167 4185 8352
4195 4258 8453
4191 4204 8395
4134 4286 8420
4145 4222 8367
4154 4186 8340
4272 4283 8555
4293 4295 8588
4159 4269 8428
4201 4217 8418
4188 4286 8474
4245 4288 8533
4105 4257 8362
4280 4289 8569
4134 4198 8332
4253 4259 8512
4183 4259 8442
4182 4290 8472
4167 4286 8453
4126 4206 8332
4128 4139 8267
4245 4277 8522
4224 4293 8517
4126 4184 8310
4221 4228 8449
4166 4168 8334
4294 4300 8594
4110 4273 8383
4103 4280 8383
4109 4191 8300
4286 4288 8574
4184 4284 8468
4223 4277 8500
4199 4264 8463
4130 4136 8266
4101 4264 8365
4173 4203 8376
4163 4199 8362
4219 4280 8499
4173 4270 8443
4251 4295 8546
4279 4297 8576
4231 4256 8487
4183 4273 8456
4211 4287 8498
4212 4288 8500
4101 4114 8215
4179 4295 8474
4206 4272 8478
4259 4300 8559
4263 4286 8549
4181 4300 8481
4144 4276 8420
4104 4156 8260
4112 4247 8359
4212 4268 8480
4232 4268 8500
4175 4294 8469
4182 4216 8398
4291 4296 8587
4212 4244 8456
4214 4272 8486
4105 4135 8240
4127 4167 8294
4189 4208 8397
4202 4296 8498
4117 4192 8309
4106 4298 8404
4231 4296 8527
4190 4194 8384
4221 4264 8485
4103 4267 8370
4228 4294 8522
4177 4189 8366
4201 4227 8428
4198 4223 8421
4169 4183 8352
4167 4179 8346
4121 4286 8407
4217 4229 8446
4289 4295 8584
4282 4284 8566
4115 4149 8264
4230 4231 8461
4265 4287 8552
4297 4298 8595
4194 4214 8408
4279 4280 8559
4260 4288 8548
4217 4277 8494
4247 4279 8526
4113 4288 8401
4169 4213 8382
4130 4185 8315
4141 4275 8416
4282 4292 8574
4202 4276 8478
4116 4226 8342
4256 4257 8513
4197 4281 8478
4150 4279 8429
4235 4281 8516
4277 4280 8557
4169 4203 8372
4105 4122 8227
4112 4165 8277
4224 4259 8483
4224 4241 8465
4258 4274 8532
4266 4278 8544
4187 4288 8475
4293 4297 8590
4198 4249 8447
4244 4261 8505
4283 4289 8572
4274 4276 8550
4132 4175 8307
4144 4152 8296
4295 4298 8593
4112 4200 8312
4169 4218 8387
4203 4218 8421
4219 4233 8452
4279 4290 8569
4212 4274 8486
4186 4199 8385
4162 4203 8365
4119 4164 8283
4229 4287 8516
4245 4251 8496
4258 4262 8520
4295 4297 8592
4242 4279 8521
4242 4259 8501
4277 4291 8568
4182 4202 8384
4259 4273 8532
4293 4300 8593
4102 4264 8366
4271 4287 8558
4143 4295 8438
4245 4273 8518
4177 4199 8376
4130 4276 8406
4134 4167 8301
4129 4135 8264
4198 4229 8427
4152 4241 8393
4232 4293 8525
4212 4260 8472
4135 4192 8327
4110 4288 8398
4254 4261 8515
4175 4284 8459
4137 4291 8428
4165 4196 8361
4264 4291 8555
4222 4225 8447
4295 4296 8591
4200 4264 8464
4271 4294 8565
4156 4261 8417
4277 4283 8560
4119 4173 8292
4140 4196 8336
4130 4275 8405
4132 4258 8390
4267 4272 8539
4137 4169 8306
4285 4287 8572
4210 4232 8442
4114 4203 8317
4135 4137 8272
4247 4271 8518
4132 4180 8312
4125 4190 8315
4128 4244 8372
4121 4245 8366
4166 4237 8403
4168 4218 8386
4270 4281 8551
4111 4190 8301
4187 4252 8439
4193 4274 8467
4243 4245 8488
4163 4224 8387
4176 4192 8368
4283 4298 8581
4195 4283 8478
4253 4266 8519
4294 4296 8590
4140 4165 8305
4223 4278 8501
4179 4232 8411
4104 4281 8385
4261 4279 8540
4188 4292 8480
4101 4120 8221
4210 4264 8474
4106 4268 8374
4284 4300 8584
4291 4298 8589
4227 4300 8527
4234 4276 8510
4299 4300 8599
4130 4186 8316
4149 4167 8316
4240 4278 8518
4212 4226 8438
4228 4279 8507
4234 4289 8523
4234 4298 8532
4166 4260 8426
4263 4296 8559
4281 4290 8571
4201 4247 8448
4129 4136 8265
4264 4289 8553
4258 4278 8536
4282 4287 8569
4158 4193 8351
4145 4162 8307
4198 4230 8428
4204 4288 8492
4286 4300 8586
4136 4166 8302
4139 4281 8420
4186 4280 8466
4113 4178 8291
4265 4292 8557
4207 4213 8420
4266 4276 8542
4275 4299 8574
4102 4183 8285
4211 4276 8487
4182 4300 8482
4242 4269 8511
4228 4295 8523
4114 4146 8260
4114 4189 8303
4284 4291 8575
4153 4215 8368
4186 4196 8382
4263 4295 8558
4255 4288 8543
4101 4184 8285
4275 4290 8565
4231 4280 8511
4208 4238 8446
4102 4213 8315
4142 4176 8318
4281 4297 8578
4288 4294 8582
4168 4187 8355
4207 4238 8445
4110 4163 8273
4156 4279 8435
4244 4296 8540
4190 4287 8477
4189 4227 8416
4228 4243 8471
4111 4260 8371
4107 4166 8273
4299 4300 8599
4119 4296 8415
4237 4252 8489
4225 4261 8486
4142 4187 8329
4261 4282 8543
4254 4294 8548
4205 4274 8479
4211 4248 8459
4206 4281 8487
4130 4234 8364
4287 4291 8578
4238 4266 8504
4289 4291 8580
4137 4297 8434
4279 4285 8564
4162 4200 8362
4135 4176 8311
4229 4266 8495
4228 4272 8500
4232 4261 8493
4170 4256 8426
4243 4246 8489
4145 4245 8390
4268 4296 8564
4160 4170 8330
4150 4279 8429
4138 4183 8321
4238 4245 8483
4189 4192 8381
4206 4214 8420
4182 4192 8374
4182 4297 8479
4192 4215 8407
4113 4202 8315
4173 4283 8456
4139 4276 8415
4196 4273 8469
4200 4269 8469
4156 4186 8342
4116 4186 8302
4106 4269 8375
4149 4262 8411
4135 4214 8349
4111 4124 8235
4101 4227 8328
4226 4287 8513
4199 4256 8455
4258 4273 8531
4135 4242 8377
4189 4192 8381
4188 4292 8480
4128 4167 8295
4235 4249 8484
4266 4274 8540
4157 4201 8358
4134 4182 8316
4195 4257 8452
4128 4222 8350
4237 4250 8487
4205 4256 8461
4171 4220 8391
4264 4291 8555
4200 4267 8467
4106 4216 8322
4165 4282 8447
4274 4282 8556
4199 4244 8443
4131 4147 8278
4270 4295 8565
4202 4300 8502
4161 4232 8393
4228 4299 8527
4113 4120 8233
4235 4298 8533
4107 4253 8360
4139 4182 8321
4107 4246 8353
4138 4288 8426
4194 4235 8429
4176 4299 8475
4264 4282 8546
4125 4289 8414
4206 4273 8479
4296 4297 8593
4268 4289 8557
4213 4236 8449
4281 4291 8572
4154 4201 8355
4252 4285 8537
4280 4294 8574
4216 4275 8491
4131 4191 8322
4230 4252 8482
4139 4230 8369
4218 4235 8453
4183 4252 8435
4110 4275 8385
4224 4299 8523
4255 4280 8535
4281 4284 8565
4292 4297 8589
4172 4230 8402
4235 4291 8526
4204 4223 8427
4251 4300 8551
4236 4243 8479
4251 4281 8532
4281 4300 8581
4170 4223 8393
4151 4220 8371
4183 4225 8408
4187 4267 8454
4144 4223 8367
4238 4295 8533
4170 4221 8391
4200 4246 8446
4164 4223 8387
4235 4295 8530
4246 4296 8542
4194 4221 8415
4292 4293 8585
4271 4297 8568
4179 4197 8376
4159 4261 8420
4207 4228 8435
4169 4276 8445
4146 4153 8299
4182 4234 8416
4269 4272 8541
4299 4300 8599
4165 4284 8449
4154 4271 8425
4149 4180 8329
4269 4278 8547
4218 4237 8455
4186 4194 8380
4247 4258 8505
4295 4296 8591
4160 4206 8366
4297 4299 8596
4139 4292 8431
4122 4292 8414
4240 4292 8532
4251 4294 8545
4162 4184 8346
4160 4290 8450
4176 4294 8470
4241 4253 8494

4099 4138 8236
4109 4156 8233
4043 4102 8142
4173 4188 8343
4029 4093 8118
4080 4177 8239
4133 4140 8269
4115 4148 8230
4077 4094 8151
4111 4186 8294
4186 4187 8358
4079 4193 8247
4116 4188 8282
4072 4171 8240
4022 4071 8079
4177 4183 8324
4054 4084 8132
4149 4191 8305
4013 4141 8134
4046 4052 8097
4151 4173 8292
4022 4110 8109
4015 4128 8142
4174 4179 8333
4058 4081 8125
4054 4133 8186
4036 4042 8051
4067 4123 8179
4194 4197 8365
4080 4111 8157
4039 4083 8105
4163 4187 8346
4197 4200 8369
4002 4120 8117
4040 4105 8134
4046 4066 8109
4030 4192 8221
4177 4178 8353
4029 4170 8171
4162 4179 8308
4026 4119 8124
4167 4183 8319
4192 4193 8357
4111 4199 8303
4021 4041 8044
4146 4160 8302
4000 4086 8059
4046 4152 8160
4158 4190 8312
4102 4151 8216
4193 4197 8363
4167 4175 8325
4097 4181 8240
4013 4133 8126
4093 4122 8214
4059 4199 8240
4068 4071 8123
4181 4193 8339
4192 4198 8372
4133 4176 8271
4036 4127 8153
4106 4169 8253
4078 4183 8228
4168 4197 8326
4049 4081 8112
4140 4176 8285
4184 4188 8361
4084 4093 8164
4111 4144 8236
4044 4176 8199
4143 4145 8267
4170 4172 8338
4174 4190 8358
4146 4153 8282
4008 4118 8091
4114 4130 8234
4061 4180 8228
4170 4184 8315
4001 4021 8005
4170 4175 8306
4091 4113 8172
4192 4195 8365
4099 4111 8176
4105 4188 8270
4031 4181 8211
4025 4198 8188
4066 4067 8132
4147 4200 8336
4065 4083 8136
4155 4172 8304
4025 4149 8171
4111 4120 8204
4136 4153 8282
4111 4177 8265
4017 4026 8041
4023 4132 8150
4198 4199 8388
4029 4124 8130
4011 4038 8037
4160 4184 8327
4089 4148 8214
4159 4184 8326
4036 4101 8110
4082 4114 8167
4067 4084 8117
4194 4200 8356
4113 4157 8266
4185 4198 8359
4124 4126 8233
4081 4159 8219
4131 4190 8294
4107 4138 8244
4102 4178 8278
4013 4086 8082
4069 4133 8166
4156 4168 8320
4186 4199 8357
4065 4157 8194
4092 4141 8221
4152 4153 8281
4082 4182 8253
4162 4174 8326
4127 4177 8275
4177 4185 8341
4047 4137 8159
4078 4193 8246
4047 4128 8138
4105 4192 8269
4068 4126 8191
4147 4187 8297
4185 4198 8373
4097 4112 8193
4011 4091 8085
4091 4198 8274
4138 4177 8291
4050 4077 8109
4127 4193 8306
4197 4198 8357
4146 4172 8313
4106 4152 8257
4161 4184 8326
4048 4115 8161
4069 4106 8160
4187 4198 8370
4191 4192 8363
4035 4041 8047
4158 4191 8334
4104 4200 8285
4194 4200 8380
4071 4200 8234
4045 4126 8163
4194 4199 8359
4103 4114 8185
4160 4184 8306
4114 4115 8212
4121 4178 8275
4121 4144 8230
4089 4124 8201
4138 4149 8285
4029 4122 8130
4101 4199 8280
4023 4075 8093
4090 4121 8195
4007 4098 8076
4126 4132 8235
4008 4132 8106
4123 4170 8277
4059 4063 8093
4130 4153 8261
4157 4162 8296
4005 4034 8030
4184 4190 8357
4125 4140 8240
4028 4034 8059
4103 4175 8261
4042 4056 8092
4005 4006 7982
4138 4141 8257
4013 4171 8179
4190 4192 8365
4118 4135 8249
4137 4167 8300
4131 4178 8295
4023 4161 8167
4191 4197 8365
4190 4196 8378
4162 4186 8328
4193 4194 8370
4077 4108 8184
4118 4174 8253
4129 4178 8295
4180 4198 8340
4086 4093 8176
4161 4167 8310
4070 4098 8162
4090 4177 8248
4081 4163 8238
4038 4190 8192
4005 4180 8175
4163 4191 8321
4197 4198 8374
4184 4190 8364
4041 4128 8141
4040 4142 8178
4199 4200 8369
4080 4093 8156
4128 4134 8225
4174 4181 8319
4144 4153 8277
4084 4105 8154
4108 4135 8217
4005 4054 8058
4055 4092 8119
4056 4059 8084
4136 4161 8273
4065 4147 8183
4027 4122 8131
4068 4191 8236
4103 4104 8175
4160 4166 8313
4163 4180 8309
4134 4190 8293
4036 4061 8073
4045 4067 8098
4130 4186 8288
4040 4112 8133
4158 4188 8339
4195 4196 8385
4021 4040 8052
4100 4182 8267
4138 4200 8321
4156 4182 8305
4167 4186 8350
4166 4179 8330
4197 4199 8373
4020 4068 8062
4000 4163 8157
4050 4085 8127
4146 4185 8300
4089 4125 8212
4153 4159 8306
4080 4120 8196
4002 4006 7985
4158 4189 8345
4100 4140 8238
4116 4193 8294
4018 4188 8191
4016 4090 8069
4042 4087 8124
4122 4176 8284
4026 4198 8199
4175 4176 8312
4165 4180 8344
4169 4186 8334
4115 4137 8239
4112 4126 8219
4119 4126 8239
4126 4193 8297
4112 4120 8210
4193 4200 8355
4026 4060 8077
4115 4145 8221
4016 4032 8010
4134 4142 8263
4193 4194 8383
4041 4172 8183
4011 4197 8180
4019 4149 8155
4144 4181 8289
4188 4196 8372
4132 4149 8279
4131 4161 8291
4128 4176 8298
4037 4101 8121
4151 4200 8324
4048 4193 8221
4014 4044 8042
4029 4049 8055
4075 4076 8126
4034 4107 8114
4181 4187 8339
4191 4196 8382
4009 4192 8194
4076 4124 8193
4128 4174 8298
4014 4133 8141
4062 4122 8154
4109 4153 8234
4189 4194 8379
4153 4190 8304
4013 4089 8065
4108 4139 8213
4103 4127 8218
4060 4127 8162
4177 4198 8346
4160 4200 8345
4115 4161 8269
4151 4175 8319
4138 4165 8264
4054 4096 8137
4078 4186 8253
4196 4198 8364
4038 4120 8134
4106 4145 8241
4180 4199 8366
4020 4134 8146
4163 4189 8325
4091 4171 8247
4156 4186 8322
4138 4157 8274
4114 4129 8233
4057 4160 8189
4035 4175 8184
4197 4199 8373
4190 4197 8366
4194 4199 8373
4167 4174 8318
4159 4176 8296
4013 4062 8039
4133 4166 8281
4093 4098 8172
4074 4180 8253
4134 4163 8285
4053 4111 8153
4165 4193 8336
4141 4168 8285
4028 4160 8150
4170 4195 8336
4180 4181 8352
4090 4146 8224
4162 4191 8340
4027 4034 8031
4114 4200 8284
4011 4153 8160
4152 4180 8300
4168 4197 8359
4134 4177 8285
4133 4180 8295
4006 4083 8052
4191 4192 8370
4087 4093 8159
4181 4199 8347
4047 4119 8158
4020 4064 8072
4085 4113 8185
4066 4086 8132
4063 4133 8163
4070 4143 8186
4127 4171 8288
4050 4117 8162
4112 4171 8265
4151 4179 8327
4199 4200 8373
4049 4174 8187
4170 4178 8345
4187 4193 8348
4051 4131 8162
4094 4148 8221
4121 4182 8274
4068 4070 8123
4125 4142 8247
4056 4081 8131
4155 4180 8300
4196 4200 8390
4133 4159 8262
4160 4167 8302
4107 4120 8215
4164 4189 8336
4102 4134 8226
4128 4190 8281
4104 4188 8289
4005 4067 8039
4063 4151 8194
4124 4168 8286
4194 4196 8366
4028 4143 8161
4187 4189 8367
4007 4187 8158
4182 4191 8372
4106 4145 8212
4155 4197 8333
4064 4090 8135
4079 4180 8254
4163 4169 8301
4090 4103 8191
4117 4161 8269
4008 4174 8157
4198 4199 8377
4170 4200 8369
4049 4073 8109
4144 4159 8267
4095 4146 8205
4133 4193 8307
4098 4125 8199
4014 4052 8059
4137 4194 8308
4079 4128 8170
4005 4038 8037
4173 4199 8366
4119 4160 8252
4139 4151 8268
4164 4166 8314
4041 4178 8214
4076 4187 8244
4107 4154 8245
4128 4141 8230
4051 4052 8094
4192 4193 8373
4148 4173 8305
4171 4178 8331
4186 4190 8373
4021 4180 8165
4161 4165 8319
4073 4099 8148
4170 4194 8344
4178 4181 8349
4031 4163 8185
4032 4194 8202
4194 4196 8368
4119 4137 8231
4193 4197 8373
4196 4199 8356
4065 4080 8116
4130 4162 8277
4069 4168 8236
4007 4026 8007
4161 4179 8309
4009 4099 8097
4127 4174 8298
4128 4130 8225
4063 4180 8228
4120 4147 8236
4053 4148 8164
4187 4192 8344
4089 4185 8248
4068 4079 8117
4075 4175 8226
4113 4162 8244
4018 4021 8020
4056 4058 8104
4193 4196 8353
4024 4074 8090
4042 4137 8172
4119 4191 8283
4185 4197 8344
4045 4049 8089
4122 4166 8268
4003 4109 8093
4005 4010 7996
4088 4167 8218
4159 4176 8310
4109 4139 8227
4193 4196 8354
4121 4178 8279
4188 4190 8367
4117 4188 8288
4013 4017 7999
4121 4178 8275
4005 4167 8134
4164 4187 8312
4022 4148 8139
4010 4069 8042
4065 4067 8115
4095 4119 8191
4133 4183 8284
4043 4131 8136
4177 4182 8356
4029 4130 8151
4089 4171 8232
4030 4167 8189
4039 4100 8133
4004 4166 8153
4193 4198 8366
4140 4154 8256
4040 4177 8194
4161 4188 8340
4140 4199 8305
4172 4173 8342
4037 4091 8116
4118 4121 8232
4141 4173 8300
4158 4162 8285
4030 4045 8045
4008 4112 8082
4041 4094 8122
4006 4074 8050
4025 4141 8141
4177 4182 8322
4164 4200 8359
4118 4154 8243
4050 4148 8181
4034 4130 8156
4003 4153 8136
4027 4066 8056
4004 4063 8047
4076 4140 8189
4051 4140 8188
4197 4200 8375
4127 4190 8315
4064 4129 8166
4002 4116 8103
4057 4152 8192
4162 4177 8303
4053 4127 8145
4037 4050 8063
4073 4083 8144
4195 4200 8364
4090 4095 8171
4098 4147 8211
4045 4118 8159
4197 4199 8366
4172 4174 8331
4118 4158 8252
4130 4190 8292
4025 4124 8112
4081 4167 8213
4107 4147 8238
4091 4144 8216
4096 4196 8279
4061 4193 8222
4098 4114 8175
4159 4185 8338
4057 4083 8126
4044 4142 8175
4111 4155 8251
4083 4199 8276
4014 4141 8146
4096 4142 8218
4094 4128 8219
4025 4159 8167
4148 4180 8321
4061 4128 8183
4001 4112 8092
4000 4171 8138
4011 4188 8193
4026 4028 8040
4060 4135 8188
4021 4134 8154
4179 4193 8335
4138 4143 8255
4098 4152 8241
4113 4194 8283
4024 4127 8117
4148 4156 8267
4033 4149 8151
4100 4148 8223
4047 4082 8127
4143 4188 8302
4124 4130 8231
4082 4136 8216
4130 4156 8271
4193 4199 8357
4112 4185 8264
4148 4173 8303
4072 4169 8221
4001 4189 8165
4154 4195 8312
4074 4126 8168
4105 4110 8199
4090 4155 8226
4031 4129 8125
4078 4159 8201
4177 4179 8327
4194 4195 8350
4004 4048 8045
4060 4108 8150
4019 4117 8109
4148 4193 8330
4015 4173 8168
4128 4175 8277
4152 4164 8311
4058 4142 8172
4181 4189 8347
4024 4123 8114
4048 4172 8201
4102 4146 8234
4094 4110 8173
4075 4170 8222
4096 4146 8220
4194 4198 8366
4062 4093 8141
4009 4033 8006
4093 4157 8236
4133 4145 8269
4150 4172 8288
4101 4151 8234
4105 4195 8273
4065 4182 8230
4067 4085 8131
4095 4158 8231
4091 4104 8172
4034 4186 8200
4045 4122 8136
4054 4086 8102
4172 4183 8337
4193 4195 8364
4059 4169 8225
4101 4117 8187
4088 4186 8260
4145 4188 8311
4005 4157 8127
4180 4189 8349
4034 4098 8119
4153 4159 8283
4083 4159 8206
4082 4190 8240
4067 4186 8232
4026 4106 8126
4028 4039 8054
4145 4177 8318
4124 4193 8290
4026 4084 8078
4121 4128 8244
4066 4068 8125
4194 4200 8386
4010 4173 8151
4003 4180 8175
4009 4091 8095
4186 4188 8362
4084 4184 8262
4123 4177 8279
4099 4164 8242
4030 4036 8056
4001 4164 8148
4073 4103 8141
4063 4099 8143
4119 4180 8260
4073 4170 8207
4151 4195 8336
4179 4197 8347
4131 4156 8260
4083 4173 8221
4111 4187 8287
4112 4188 8263
4001 4014 7986
4079 4195 8256
4106 4172 8251
4159 4200 8341
4163 4186 8328
4081 4200 8271
4044 4176 8215
4004 4056 8058
4012 4147 8148
4112 4168 8276
4132 4168 8280
4075 4194 8235
4082 4116 8168
4191 4196 8367
4112 4144 8236
4114 4172 8262
4005 4035 8030
4027 4067 8085
4089 4108 8159
4102 4196 8286
4017 4092 8077
4006 4198 8183
4131 4196 8316
4090 4094 8155
4121 4164 8259
4003 4167 8132
4128 4194 8315
4077 4089 8141
4101 4127 8205
4098 4123 8188
4069 4083 8128
4067 4079 8141
4021 4186 8204
4117 4129 8215
4189 4195 8354
4182 4184 8340
4015 4049 8032
4130 4131 8246
4165 4187 8339
4197 4198 8369
4094 4114 8176
4179 4180 8323
4160 4188 8334
4117 4177 8274
4147 4179 8287
4013 4188 8173
4069 4113 8172
4030 4085 8077
4041 4175 8204
4182 4192 8360
4102 4176 8274
4016 4126 8121
4156 4157 8284
4097 4181 8242
4050 4179 8228
4135 4181 8292
4177 4180 8346
4069 4103 8149
4005 4022 8011
4012 4065 8066
4124 4159 8263
4124 4141 8234
4158 4174 8328
4166 4178 8325
4087 4188 8266
4193 4197 8381
4098 4149 8231
4144 4161 8301
4183 4189 8334
4174 4176 8313
4032 4075 8072
4044 4052 8073
4195 4198 8362
4012 4100 8104
4069 4118 8170
4103 4118 8183
4119 4133 8245
4179 4190 8360
4112 4174 8251
4086 4099 8166
4062 4103 8161
4019 4064 8078
4129 4187 8285
4145 4151 8273
4158 4162 8304
4195 4197 8384
4142 4179 8315
4142 4159 8297
4177 4191 8329
4082 4102 8154
4159 4173 8316
4193 4200 8382
4002 4164 8137
4171 4187 8322
4043 4195 8233
4145 4173 8287
4077 4099 8151
4030 4176 8177
4034 4067 8075
4029 4035 8047
4098 4129 8210
4052 4141 8168
4132 4193 8295
4112 4160 8256
4035 4092 8089
4010 4188 8168
4154 4161 8311
4075 4184 8235
4037 4191 8216
4065 4096 8140
4164 4191 8350
4122 4125 8216
4195 4196 8373
4100 4164 8227
4171 4194 8334
4056 4161 8215
4177 4183 8357
4019 4073 8060
4040 4096 8112
4030 4175 8172
4032 4158 8189
4167 4172 8314
4037 4069 8088
4185 4187 8341
4110 4132 8234
4014 4103 8109
4035 4037 8061
4147 4171 8284
4032 4080 8089
4025 4090 8080
4028 4144 8156
4021 4145 8144
4066 4137 8187
4068 4118 8153
4170 4181 8339
4011 4090 8087
4087 4152 8222
4093 4174 8256
4143 4145 8266
4063 4124 8177
4076 4092 8150
4183 4198 8379
4095 4183 8250
4153 4166 8308
4194 4196 8383
4040 4065 8074
4123 4178 8287
4079 4132 8202
4004 4181 8172
4161 4179 8309
4088 4192 8278
4001 4020 8016
4110 4164 8249
4006 4168 8166
4184 4200 8349
4191 4198 8385
4127 4200 8310
4134 4176 8272
4199 4200 8374
4030 4086 8106
4049 4067 8109
4140 4178 8294
4112 4126 8219
4128 4179 8290
4134 4189 8292
4134 4198 8295
4066 4160 8188
4163 4196 8352
4181 4190 8346
4101 4147 8219
4029 4036 8030
4164 4189 8336
4158 4178 8335
4182 4187 8341
4058 4093 8134
4045 4062 8096
4098 4130 8221
4104 4188 8282
4186 4200 8367
4036 4066 8084
4039 4181 8188
4086 4180 8235
4013 4078 8089
4165 4192 8332
4107 4113 8186
4166 4176 8303
4175 4199 8372
4002 4083 8050
4111 4176 8270
4082 4200 8265
4142 4169 8302
4128 4195 8322
4014 4046 8054
4014 4089 8074
4184 4191 8342
4053 4115 8156
4086 4096 8170
4163 4195 8334
4155 4188 8339
4001 4084 8062
4175 4190 8331
4131 4180 8287
4108 4138 8235
4002 4113 8097
4042 4076 8094
4181 4197 8358
4188 4194 8379
4068 4087 8136
4107 4138 8234
4010 4063 8045
4056 4179 8206
4144 4196 8329
4090 4187 8251
4089 4127 8198
4128 4143 8239
4011 4160 8149
4007 4066 8055
4199 4200 8384
4019 4196 8212
4137 4152 8263
4125 4161 8259
4042 4087 8115
4161 4182 8313
4154 4194 8338
4105 4174 8267
4111 4148 8222
4106 4181 8273
4030 4134 8154
4187 4191 8374
4138 4166 8280
4189 4191 8379
4037 4197 8232
4179 4185 8362
4062 4100 8124
4035 4076 8089
4129 4166 8277
4128 4172 8297
4132 4161 8283
4070 4156 8196
4143 4146 8261
4045 4145 8160
4168 4196 8355
4060 4070 8115
4050 4179 8215
4038 4083 8083
4138 4145 8264
4089 4092 8157
4106 4114 8197
4082 4092 8137
4082 4197 8264
4092 4115 8180
4013 4102 8096
4073 4183 8249
4039 4176 8212
4096 4173 8255
4100 4169 8246
4056 4086 8134
4016 4086 8085
4006 4169 8164
4049 4162 8176
4035 4114 8124
4011 4024 8008
4001 4127 8098
4126 4187 8276
4099 4156 8222
4158 4173 8308
4035 4142 8174
4089 4092 8180
4088 4192 8269
4028 4067 8064
4135 4149 8283
4166 4174 8317
4057 4101 8145
4034 4082 8091
4095 4157 8233
4028 4122 8132
4137 4150 8270
4105 4156 8239
4071 4120 8169
4164 4191 8324
4100 4167 8257
4006 4116 8120
4065 4182 8246
4174 4182 8335
4099 4144 8233
4031 4047 8040
4170 4195 8329
4102 4200 8266
4061 4132 8168
4128 4199 8297
4013 4020 8026
4135 4198 8303
4007 4153 8151
4039 4082 8098
4007 4146 8150
4038 4188 8191
4094 4135 8191
4076 4199 8260
4164 4182 8340
4025 4189 8201
4106 4173 8267
4196 4197 8385
4168 4189 8349
4113 4136 8237
4181 4191 8361
4054 4101 8123
4152 4185 8322
4180 4194 8344
4116 4175 8290
4031 4091 8104
4130 4152 8247
4039 4130 8150
4118 4135 8244
4083 4152 8226
4010 4175 8150
4124 4199 8301
4155 4180 8298
4181 4184 8338
4192 4197 8375
4072 4130 8169
4135 4191 8292
4104 4123 8189
4151 4200 8333
4136 4143 8251
4151 4181 8312
4181 4200 8375
4070 4123 8164
4051 4120 8146
4083 4125 8173
4087 4167 8221
4044 4123 8146
4138 4195 8318
4070 4121 8165
4100 4146 8239
4064 4123 8178
4135 4195 8302
4146 4196 8319
4094 4121 8189
4192 4193 8380
4171 4197 8366
4079 4097 8150
4059 4161 8206
4107 4128 8208
4069 4176 8226
4046 4053 8074
4082 4134 8191
4169 4172 8305
4199 4200 8381
4065 4184 8234
4054 4171 8214
4049 4080 8113
4169 4178 8315
4118 4137 8229
4086 4094 8179
4147 4158 8293
4195 4196 8355
4060 4106 8149
4197 4199 8394
4039 4192 8195
4022 4192 8210
4140 4192 8297
4151 4194 8334
4062 4084 8138
4060 4190 8238
4076 4194 8232
4141 4153 8261

0.010000 0.600000
