1000
4525248
4297 4300 8597
4199 4256 8455
4192 4279 8471
4265 4295 8560
4230 4276 8506
4128 4292 8420
4193 4249 8442
4148 4157 8305
4161 4298 8459
4107 4136 8243
4190 4286 8476
4295 4297 8592
4117 4222 8339
4244 4279 8523
4216 4282 8498
4185 4293 8478
4201 4295 8496
4229 4259 8488
4200 4281 8481
4193 4278 8471
4127 4243 8370
4189 4262 8451
4171 4210 8381
4201 4285 8486
4118 4142 8260
4183 4275 8458
4231 4298 8529
4160 4163 8323
4186 4295 8481
4166 4199 8365
4110 4233 8343
4207 4228 8435
4179 4251 8430
4184 4207 8391
4202 4234 8436
4107 4132 8239
4108 4205 8313
4128 4271 8399
4138 4229 8367
4236 4253 8489
4133 4269 8402
4287 4296 8583
4253 4285 8538
4229 4236 8465
4299 4300 8599
4188 4270 8458
4125 4136 8261
4108 4206 8314
4254 4277 8531
4218 4235 8453
4230 4293 8523
4195 4266 8461
4139 4217 8356
4299 4300 8599
4255 4257 8512
4112 4247 8359
4116 4271 8387
4243 4251 8494
4119 4221 8340
4265 4285 8550
4277 4279 8556
4120 4130 8250
4228 4235 8463
4171 4210 8381
4184 4246 8430
4255 4276 8531
4161 4291 8452
4156 4290 8446
4172 4235 8407
4250 4279 8529
4167 4279 8446
4279 4292 8571
4130 4219 8349
4208 4256 8464
4206 4292 8498
4288 4299 8587
4281 4289 8570
4260 4274 8534
4179 4296 8475
4119 4186 8305
4202 4289 8491
4187 4272 8459
4188 4202 8390
4185 4221 8406
4150 4253 8403
4247 4281 8528
4250 4271 8521
4165 4211 8376
4167 4181 8348
4265 4294 8559
4175 4236 8411
4195 4292 8487
4140 4258 8398
4189 4268 8457
4201 4257 8458
4260 4294 8554
4178 4264 8442
4111 4214 8325
4126 4246 8372
4165 4234 8399
4240 4265 8505
4127 4220 8347
4272 4280 8552
4100 4201 8301
4241 4257 8498
4200 4287 8487
4274 4289 8563
4280 4288 8568
4239 4281 8520
4246 4295 8541
4276 4293 8569
4115 4166 8281
4134 4296 8430
4135 4136 8271
4244 4246 8490
4122 4260 8382
4176 4240 8416
4114 4162 8276
4102 4157 8259
4168 4230 8398
4136 4150 8286
4232 4281 8513
4150 4245 8395
4151 4246 8397
4136 4138 8274
4256 4267 8523
4260 4283 8543
4168 4222 8390
4239 4272 8511
4223 4277 8500
4143 4216 8359
4109 4121 8230
4125 4167 8292
4182 4286 8468
4181 4195 8376
4227 4245 8472
4201 4298 8499
4165 4253 8418
4274 4282 8556
4293 4294 8587
4118 4254 8372
4288 4298 8586
4215 4218 8433
4158 4271 8429
4186 4189 8375
4112 4174 8286
4221 4237 8458
4159 4256 8415
4296 4300 8596
4205 4295 8500
4258 4280 8538
4234 4289 8523
4198 4205 8403
4105 4124 8229
4188 4273 8461
4180 4196 8376
4225 4292 8517
4232 4277 8509
4213 4220 8433
4297 4298 8595
4159 4195 8354
4142 4150 8292
4182 4231 8413
4212 4232 8444
4142 4222 8364
4273 4285 8558
4198 4279 8477
4157 4202 8359
4164 4181 8345
4288 4290 8578
4140 4258 8398
4272 4295 8567
4262 4268 8530
4227 4231 8458
4108 4269 8377
4155 4208 8363
4141 4256 8397
4204 4214 8418
4135 4262 8397
4230 4237 8467
4126 4278 8404
4221 4260 8481
4279 4292 8571
4241 4260 8501
4250 4267 8517
4124 4284 8408
4289 4290 8579
4123 4232 8355
4198 4253 8451
4284 4286 8570
4171 4182 8353
4182 4211 8393
4283 4293 8576
4165 4224 8389
4105 4298 8403
4122 4214 8336
4168 4261 8429
4278 4292 8570
4267 4272 8539
4121 4292 8413
4295 4296 8591
4297 4298 8595
4106 4281 8387
4280 4292 8572
4110 4279 8389
4167 4214 8381
4235 4240 8475
4271 4281 8552
4104 4278 8382
4116 4188 8304
4194 4196 8390
4226 4293 8519
4275 4294 8569
4125 4293 8418
4291 4296 8587
4144 4275 8419
4131 4273 8404
4273 4291 8564
4245 4272 8517
4298 4299 8597
4247 4263 8510
4181 4228 8409
4256 4280 8536
4264 4271 8535
4235 4248 8483
4132 4243 8375
4162 4186 8348
4104 4147 8251
4118 4176 8294
4110 4209 8319
4140 4225 8365
4224 4240 8464
4180 4250 8430
4263 4299 8562
4123 4175 8298
4133 4244 8377
4271 4299 8570
4267 4278 8545
4124 4300 8424
4284 4289 8573
4154 4264 8418
4160 4262 8422
4127 4214 8341
4256 4275 8531
4191 4300 8491
4276 4291 8567
4103 4182 8285
4228 4283 8511
4266 4285 8551
4279 4289 8568
4273 4298 8571
4187 4249 8436
4261 4277 8538
4147 4214 8361
4195 4260 8455
4118 4279 8397
4158 4266 8424
4131 4275 8406
4264 4284 8548
4277 4285 8562
4166 4171 8337
4273 4277 8550
4242 4279 8521
4168 4276 8444
4283 4290 8573
4276 4286 8562
4134 4239 8373
4104 4255 8359
4185 4292 8477
4121 4171 8292
4271 4275 8546
4105 4162 8267
4260 4272 8532
4160 4268 8428
4220 4273 8493
4114 4149 8263
4249 4252 8501
4257 4272 8529
4259 4279 8538
4151 4165 8316
4230 4265 8495
4184 4261 8445
4243 4286 8529
4117 4159 8276
4232 4297 8529
4174 4205 8379
4156 4267 8423
4256 4287 8543
4172 4191 8363
4257 4297 8554
4274 4277 8551
4113 4197 8310
4224 4251 8475
4167 4208 8375
4171 4298 8469
4267 4275 8542
4187 4250 8437
4126 4243 8369
4109 4293 8402
4112 4237 8349
4122 4281 8403
4247 4253 8500
4180 4259 8439
4278 4291 8569
4133 4188 8321
4187 4190 8377
4218 4238 8456
4183 4292 8475
4258 4288 8546
4117 4211 8328
4112 4124 8236
4208 4243 8451
4113 4223 8336
4138 4300 8438
4220 4259 8479
4105 4107 8212
4143 4226 8369
4110 4203 8313
4283 4286 8569
4294 4297 8591
4119 4265 8384
4288 4292 8580
4186 4253 8439
4173 4187 8360
4134 4179 8313
4151 4292 8443
4136 4220 8356
4296 4298 8594
4221 4292 8513
4190 4218 8408
4207 4293 8500
4269 4275 8544
4221 4270 8491
4126 4280 8406
4267 4283 8550
4291 4295 8586
4206 4260 8466
4122 4243 8365
4193 4246 8439
4199 4201 8400
4226 4295 8521
4264 4270 8534
4156 4282 8438
4295 4299 8594
4216 4300 8516
4206 4292 8498
4156 4293 8449
4286 4290 8576
4219 4242 8461
4266 4271 8537
4225 4294 8519
4217 4277 8494
4284 4286 8570
4174 4245 8419
4111 4162 8273
4232 4252 8484
4101 4223 8324
4251 4278 8529
4250 4269 8519
4240 4297 8537
4265 4288 8553
4220 4286 8506
4276 4297 8573
4103 4132 8235
4184 4219 8403
4134 4288 8422
4116 4201 8317
4129 4130 8259
4223 4268 8491
4158 4231 8389
4202 4256 8458
4283 4284 8567
4159 4259 8418
4234 4298 8532
4192 4200 8392
4181 4280 8461
4229 4236 8465
4228 4246 8474
4132 4154 8286
4116 4247 8363
4243 4286 8529
4283 4294 8577
4204 4271 8475
4248 4254 8502
4174 4244 8418
4116 4118 8234
4121 4146 8267
4290 4293 8583
4167 4212 8379
4249 4278 8527
4167 4197 8364
4114 4285 8399
4246 4258 8504
4112 4224 8336
4124 4164 8288
4263 4277 8540
4148 4260 8408
4174 4273 8447
4255 4291 8546
4248 4296 8544
4279 4285 8564
4165 4240 8405
4227 4281 8508
4210 4232 8442
4100 4115 8215
4227 4280 8507
4229 4237 8466
4265 4270 8535
4288 4292 8580
4291 4300 8591
4114 4246 8360
4172 4258 8430
4168 4278 8446
4161 4284 8445
4285 4300 8585
4243 4250 8493
4139 4241 8380
4122 4260 8382
4280 4289 8569
4132 4292 8424
4204 4278 8482
4290 4300 8590
4249 4254 8503
4142 4207 8349
4108 4167 8275
4209 4226 8435
4279 4290 8569
4252 4272 8524
4144 4207 8351
4112 4172 8284
4253 4277 8530
4142 4258 8400
4183 4233 8416
4223 4246 8469
4278 4297 8575
4140 4284 8424
4183 4247 8430
4234 4297 8531
4114 4276 8390
4292 4294 8586
4177 4266 8443
4125 4280 8405
4296 4297 8593
4149 4153 8302
4178 4195 8373
4196 4266 8462
4141 4259 8400
4267 4299 8566
4179 4238 8417
4248 4259 8507
4204 4260 8464
4229 4248 8477
4284 4295 8579
4150 4272 8422
4166 4169 8335
4149 4196 8345
4212 4239 8451
4297 4298 8595
4197 4224 8421
4159 4213 8372
4109 4214 8323
4106 4229 8335
4284 4291 8575
4141 4216 8357
4230 4279 8509
4230 4245 8475
4185 4254 8439
4290 4297 8587
4113 4216 8329
4144 4180 8324
4238 4244 8482
4100 4221 8321
4262 4290 8552
4272 4289 8561
4292 4299 8591
4127 4162 8289
4120 4278 8398
4212 4264 8476
4282 4299 8581
4247 4270 8517
4215 4253 8468
4125 4133 8258
4205 4264 8469
4237 4291 8528
4205 4228 8433
4228 4242 8470
4160 4278 8438
4262 4268 8530
4166 4227 8393
4174 4216 8390
4222 4256 8478
4191 4259 8450
4106 4294 8400
4213 4277 8490
4229 4245 8474
4276 4291 8567
4293 4297 8590
4288 4289 8577
4270 4293 8563
4290 4292 8582
4161 4300 8461
4173 4205 8378
4163 4205 8368
4171 4220 8391
4162 4241 8403
4221 4264 8485
4112 4227 8339
4242 4285 8527
4178 4274 8452
4160 4248 8408
4261 4287 8548
4119 4215 8334
4143 4280 8423
4298 4299 8597
4283 4291 8574
4101 4231 8332
4210 4217 8427
4158 4295 8453
4150 4216 8366
4177 4190 8367
4193 4263 8456
4249 4256 8505
4258 4267 8525
4276 4278 8554
4168 4253 8421
4113 4121 8234
4281 4296 8577
4252 4262 8514
4163 4242 8405
4214 4294 8508
4180 4205 8385
4199 4281 8480
4160 4218 8378
4297 4300 8597
4128 4204 8332
4121 4141 8262
4107 4183 8290
4268 4272 8540
4219 4295 8514
4215 4216 8431
4265 4275 8540
4290 4292 8582
4239 4286 8525
4156 4169 8325
4146 4154 8300
4223 4268 8491
4230 4245 8475
4219 4296 8515
4161 4292 8453
4226 4230 8456
4224 4266 8490
4262 4265 8527
4166 4270 8436
4178 4210 8388
4297 4298 8595
4262 4272 8534
4190 4234 8424
4254 4273 8527
4135 4237 8372
4139 4166 8305
4113 4156 8269
4136 4140 8276
4282 4288 8570
4254 4266 8520
4245 4279 8524
4156 4162 8318
4277 4281 8558
4100 4226 8326
4146 4205 8351
4125 4187 8312
4101 4121 8222
4189 4276 8465
4229 4284 8513
4240 4265 8505
4151 4156 8307
4229 4280 8509
4121 4147 8268
4268 4271 8539
4127 4262 8389
4274 4288 8562
4195 4202 8397
4289 4290 8579
4150 4210 8360
4190 4265 8455
4108 4260 8368
4224 4256 8480
4156 4249 8405
4286 4295 8581
4237 4284 8521
4171 4243 8414
4294 4295 8589
4148 4289 8437
4231 4288 8519
4294 4298 8592
4138 4192 8330
4249 4299 8548
4217 4258 8475
4149 4292 8441
4162 4188 8350
4166 4275 8441
4174 4274 8448
4279 4299 8578
4238 4254 8492
4157 4190 8347
4213 4264 8477
4115 4196 8311
4268 4270 8538
4114 4178 8292
4147 4284 8431
4209 4298 8507
4212 4237 8449
4103 4255 8358
4143 4263 8406
4227 4287 8514
4264 4286 8550
4232 4237 8469
4188 4196 8384
4133 4152 8285
4209 4299 8508
4299 4300 8599
4101 4284 8385
4201 4251 8452
4240 4253 8493
4156 4161 8317
4220 4235 8455
4240 4292 8532
4267 4297 8564
4231 4280 8511
4139 4176 8315
4205 4222 8427
4174 4178 8352
4143 4203 8346
4135 4264 8399
4196 4290 8486
4229 4262 8491
4165 4268 8433
4162 4298 8460
4178 4240 8418
4176 4255 8431
4228 4263 8491
4153 4251 8404
4237 4293 8530
4151 4253 8404
4228 4254 8482
4270 4292 8562
4248 4260 8508
4182 4251 8433
4164 4185 8349
4230 4245 8475
4127 4300 8427
4122 4231 8353
4110 4183 8293
4245 4276 8521
4105 4149 8254
4188 4225 8413
4277 4284 8561
4168 4257 8425
4133 4210 8343
4109 4246 8355
4201 4232 8433
4276 4278 8554
4149 4189 8338
4116 4119 8235
4293 4297 8590
4127 4298 8425
4122 4253 8375
4140 4216 8356
4215 4234 8449
4220 4267 8487
4191 4265 8456
4162 4297 8459
4186 4286 8472
4250 4252 8502
4154 4248 8402
4294 4300 8594
4160 4187 8347
4207 4296 8503
4223 4246 8469
4288 4296 8584
4203 4239 8442
4297 4299 8596
4271 4272 8543
4149 4195 8344
4245 4272 8517
4126 4298 8424
4105 4239 8344
4234 4253 8487
4198 4211 8409
4277 4299 8576
4182 4295 8477
4296 4297 8593
4109 4250 8359
4292 4294 8586
4162 4299 8461
4193 4292 8485
4146 4203 8349
4291 4298 8589
4178 4243 8421
4218 4293 8511
4163 4293 8456
4162 4213 8375
4240 4241 8481
4290 4299 8589
4140 4297 8437
4263 4266 8529
4206 4257 8463
4155 4233 8388
4196 4234 8430
4283 4295 8578
4185 4201 8386
4278 4297 8575
4196 4213 8409
4245 4299 8544
4245 4278 8523
4204 4240 8444
4186 4260 8446
4135 4212 8347
4153 4171 8324
4241 4265 8506
4239 4248 8487
4128 4268 8396
4107 4184 8291
4220 4296 8516
4197 4220 8417
4250 4259 8509
4127 4260 8387
4286 4299 8585
4205 4225 8430
4254 4280 8534
4131 4211 8342
4240 4286 8526
4111 4132 8243
4228 4265 8493
4174 4256 8430
4296 4298 8594
4114 4137 8251
4136 4162 8298
4250 4281 8531
4100 4250 8350
4150 4216 8366
4225 4226 8451
4127 4167 8294
4120 4142 8262
4296 4300 8596
4172 4260 8432
4104 4219 8323
4189 4272 8461
4165 4190 8355
4233 4250 8483
4131 4259 8390
4187 4278 8465
4193 4204 8397
4292 4297 8589
4236 4273 8509
4225 4289 8514
4225 4242 8467
4175 4298 8473
4115 4179 8294
4251 4264 8515
4175 4209 8384
4222 4293 8515
4295 4300 8595
4236 4237 8473
4189 4255 8444
4259 4262 8521
4169 4224 8393
4292 4298 8590
4133 4215 8348
4292 4297 8589
4222 4241 8463
4123 4182 8305
4224 4267 8491
4130 4257 8387
4103 4115 8218
4222 4249 8471
4125 4232 8357
4259 4288 8547
4250 4260 8510
4266 4268 8534
4268 4281 8549
4139 4299 8438
4277 4284 8561
4119 4284 8403
4251 4292 8543
4215 4286 8501
4145 4206 8351
4184 4221 8405
4136 4266 8402
4162 4255 8417
4197 4253 8450
4216 4238 8454
4294 4300 8594
4219 4241 8460
4124 4243 8367
4263 4295 8558
4277 4283 8560
4127 4258 8385
4233 4252 8485
4262 4293 8555
4228 4300 8528
4203 4211 8414
4169 4222 8391
4239 4248 8487
4210 4242 8452
4222 4292 8514
4129 4266 8395
4200 4232 8432
4277 4291 8568
4141 4223 8364
4129 4195 8324
4218 4238 8456
4169 4183 8352
4110 4158 8268
4296 4300 8596
4125 4185 8310
4245 4299 8544
4129 4187 8316
4186 4210 8396
4223 4224 8447
4162 4213 8375
4204 4269 8473
4270 4278 8548
4254 4292 8546
4141 4264 8405
4118 4138 8256
4124 4131 8255
4233 4253 8486
4237 4247 8484
4271 4288 8559
4230 4277 8507
4166 4254 8420
4296 4299 8595
4295 4296 8591
4285 4289 8574
4287 4293 8580
4146 4150 8296
4260 4273 8533
4119 4288 8407
4279 4292 8571
4280 4285 8565
4296 4299 8595
4198 4234 8432
4157 4162 8319
4227 4271 8498
4233 4268 8501
4284 4293 8577
4134 4157 8291
4144 4261 8405
4147 4196 8343
4190 4195 8385
4263 4275 8538
4255 4273 8528
4292 4299 8591
4158 4216 8374
4203 4246 8449
4129 4170 8299
4207 4229 8436
4237 4270 8507
4219 4294 8513
4127 4242 8369
4260 4288 8548
4255 4291 8546
4204 4275 8479
4240 4254 8494
4269 4282 8551
4104 4129 8233
4101 4238 8339
4130 4153 8283
4100 4198 8298
4143 4191 8334
4153 4171 8324
4164 4237 8401
4252 4281 8533
4193 4267 8460
4210 4229 8439
4123 4203 8326
4262 4267 8529
4233 4267 8500
4184 4213 8397
4115 4186 8301
4197 4220 8417
4134 4228 8362
4113 4118 8231
4256 4294 8550
4115 4213 8328
4149 4273 8422
4153 4180 8333
4276 4298 8574
4157 4286 8443
4223 4250 8473
4147 4190 8337
4250 4266 8516
4197 4201 8398
4166 4259 8425
4248 4290 8538
4164 4219 8383
4280 4283 8563
4243 4258 8501
4200 4300 8500
4210 4215 8425
4136 4164 8300
4202 4263 8465
4296 4300 8596
4267 4288 8555
4122 4246 8368
4194 4288 8482
4139 4217 8356
4120 4144 8264
4114 4246 8360
4199 4295 8494
4116 4124 8240
4134 4297 8431
4126 4169 8295
4138 4144 8282
4171 4197 8368
4188 4252 8440
4265 4279 8544
4291 4293 8584
4190 4215 8405
4269 4281 8550
4153 4225 8378
4284 4290 8574
4203 4236 8439
4199 4219 8418
4283 4292 8575
4145 4148 8293
4115 4129 8244
4244 4275 8519
4198 4229 8427
4294 4295 8589
4264 4275 8539
4152 4282 8434
4285 4291 8576
4192 4279 8471
4186 4238 8424
4260 4287 8547
4202 4299 8501
4160 4168 8328
4255 4292 8547
4170 4239 8409
4207 4238 8445
4293 4299 8592
4218 4231 8449
4209 4246 8455
4158 4190 8348
4202 4234 8436
4263 4284 8547
4227 4260 8487
4261 4267 8528
4159 4214 8373
4252 4254 8506
4228 4292 8520
4298 4300 8598
4202 4233 8435
4129 4148 8277
4285 4287 8572
4254 4259 8513
4272 4285 8557
4123 4243 8366
4225 4231 8456
4271 4275 8546
4128 4216 8344
4261 4299 8560
4278 4280 8558
4238 4267 8505
4105 4284 8389
4209 4229 8438
4184 4250 8434
4131 4177 8308
4293 4295 8588
4230 4283 8513
4114 4204 8318
4293 4300 8593
4229 4297 8526
4147 4299 8446
4221 4265 8486
4271 4289 8560
4101 4131 8232
4235 4254 8489
4173 4232 8405
4223 4278 8501
4226 4300 8526
4273 4280 8553
4282 4285 8567
4241 4265 8506
4235 4256 8491
4191 4208 8399
4140 4188 8328
4173 4176 8349
4189 4269 8458
4169 4180 8349
4186 4291 8477
4236 4244 8480
4195 4258 8453
4151 4291 8442
4131 4246 8377
4281 4286 8567
4157 4193 8350
4156 4183 8339
4182 4280 8462

4197 4200 8389
4099 4156 8225
4092 4179 8233
4165 4195 8355
4130 4176 8280
4028 4192 8209
4093 4149 8224
4048 4057 8077
4061 4198 8243
4007 4036 8011
4090 4186 8238
4195 4197 8390
4017 4122 8101
4144 4179 8298
4116 4182 8289
4085 4193 8271
4101 4195 8275
4129 4159 8271
4100 4181 8258
4093 4178 8240
4027 4143 8161
4089 4162 8245
4071 4110 8173
4101 4185 8265
4018 4042 8023
4083 4175 8226
4131 4198 8321
4060 4063 8104
4086 4195 8255
4066 4099 8158
4010 4133 8117
4107 4128 8197
4079 4151 8202
4084 4107 8183
4102 4134 8204
4007 4032 8008
4008 4105 8099
4028 4171 8184
4038 4129 8143
4136 4153 8283
4033 4169 8198
4187 4196 8357
4153 4185 8308
4129 4136 8235
4199 4200 8365
4088 4170 8236
4025 4036 8060
4008 4106 8077
4154 4177 8308
4118 4135 8236
4130 4193 8311
4095 4166 8251
4039 4117 8121
4199 4200 8392
4155 4157 8293
4012 4147 8158
4016 4171 8149
4143 4151 8265
4019 4121 8112
4165 4185 8314
4177 4179 8327
4020 4030 8016
4128 4135 8242
4071 4110 8157
4084 4146 8222
4155 4176 8310
4061 4191 8236
4056 4190 8241
4072 4135 8170
4150 4179 8300
4067 4179 8225
4179 4192 8366
4030 4119 8126
4108 4156 8226
4106 4192 8291
4188 4199 8353
4181 4189 8360
4160 4174 8312
4079 4196 8246
4019 4086 8069
4102 4189 8284
4087 4172 8243
4088 4102 8169
4085 4121 8204
4050 4153 8171
4147 4181 8306
4150 4171 8290
4065 4111 8153
4067 4081 8147
4165 4194 8329
4075 4136 8209
4095 4192 8263
4040 4158 8164
4089 4168 8242
4101 4157 8231
4160 4194 8328
4078 4164 8233
4011 4114 8102
4026 4146 8158
4065 4134 8169
4140 4165 8302
4027 4120 8127
4172 4180 8339
4000 4101 8077
4141 4157 8263
4100 4187 8260
4174 4189 8327
4180 4188 8350
4139 4181 8309
4146 4195 8306
4176 4193 8355
4015 4066 8065
4034 4196 8197
4035 4036 8034
4144 4146 8263
4022 4160 8147
4076 4140 8180
4014 4062 8041
4002 4057 8025
4068 4130 8171
4036 4050 8083
4132 4181 8289
4050 4145 8168
4051 4146 8168
4036 4038 8039
4156 4167 8300
4160 4183 8326
4068 4122 8168
4139 4172 8284
4123 4177 8284
4043 4116 8123
4009 4021 7996
4025 4067 8077
4082 4186 8260
4081 4095 8174
4127 4145 8268
4101 4198 8262
4065 4153 8185
4174 4182 8343
4193 4194 8359
4018 4154 8156
4188 4198 8377
4115 4118 8203
4058 4171 8194
4086 4089 8139
4012 4074 8084
4121 4137 8239
4059 4156 8208
4196 4200 8371
4105 4195 8285
4158 4180 8324
4134 4189 8315
4098 4105 8197
4005 4024 8028
4088 4173 8229
4080 4096 8141
4125 4192 8284
4132 4177 8298
4113 4120 8217
4197 4198 8360
4059 4095 8120
4042 4050 8068
4082 4131 8180
4112 4132 8236
4042 4122 8155
4173 4185 8328
4098 4179 8270
4057 4102 8125
4064 4081 8128
4188 4190 8343
4040 4158 8165
4172 4195 8334
4162 4168 8309
4127 4131 8236
4008 4169 8148
4055 4108 8157
4041 4156 8173
4104 4114 8202
4035 4162 8167
4130 4137 8254
4026 4178 8194
4121 4160 8253
4179 4192 8363
4141 4160 8264
4150 4167 8295
4024 4184 8200
4189 4190 8359
4023 4132 8120
4098 4153 8227
4184 4186 8366
4071 4082 8143
4082 4111 8163
4183 4193 8359
4065 4124 8163
4005 4198 8169
4022 4114 8108
4068 4161 8212
4178 4192 8364
4167 4172 8313
4021 4192 8205
4195 4196 8380
4197 4198 8365
4006 4181 8181
4180 4192 8343
4010 4179 8187
4067 4114 8176
4135 4140 8241
4171 4181 8337
4004 4178 8148
4016 4088 8078
4094 4096 8180
4126 4193 8282
4175 4194 8365
4025 4193 8201
4191 4196 8368
4044 4175 8187
4031 4173 8199
4173 4191 8347
4145 4172 8298
4198 4199 8396
4147 4163 8295
4081 4128 8196
4156 4180 8334
4164 4171 8316
4135 4148 8271
4032 4143 8144
4062 4086 8147
4004 4047 8029
4018 4076 8089
4010 4109 8091
4040 4125 8127
4124 4140 8237
4080 4150 8228
4163 4199 8327
4023 4075 8065
4033 4144 8157
4171 4199 8353
4167 4178 8337
4024 4200 8210
4184 4189 8334
4054 4164 8196
4060 4162 8194
4027 4114 8108
4156 4175 8314
4091 4200 8260
4176 4191 8333
4003 4082 8058
4128 4183 8281
4166 4185 8332
4179 4189 8360
4173 4198 8355
4087 4149 8203
4161 4177 8312
4047 4114 8135
4095 4160 8238
4018 4179 8190
4058 4166 8213
4031 4175 8175
4164 4184 8316
4177 4185 8355
4066 4071 8129
4173 4177 8317
4142 4179 8287
4068 4176 8233
4183 4190 8359
4176 4186 8336
4034 4139 8166
4004 4155 8146
4085 4192 8244
4021 4071 8089
4171 4175 8330
4005 4062 8050
4160 4172 8315
4060 4168 8202
4120 4173 8288
4014 4049 8058
4149 4152 8275
4157 4172 8325
4159 4179 8306
4051 4065 8088
4130 4165 8267
4084 4161 8232
4143 4186 8291
4017 4059 8069
4132 4197 8296
4074 4105 8177
4056 4167 8205
4156 4187 8318
4072 4091 8151
4157 4197 8315
4174 4177 8325
4013 4097 8103
4124 4151 8237
4067 4108 8169
4071 4198 8238
4167 4175 8326
4087 4150 8201
4026 4143 8168
4009 4193 8175
4012 4137 8131
4022 4181 8169
4147 4153 8283
4080 4159 8234
4178 4191 8342
4033 4088 8109
4087 4090 8157
4118 4138 8227
4083 4192 8265
4158 4188 8343
4017 4111 8124
4012 4024 8033
4108 4143 8246
4013 4123 8108
4038 4200 8227
4120 4159 8265
4005 4007 7994
4043 4126 8168
4010 4103 8112
4183 4186 8347
4194 4197 8370
4019 4165 8171
4188 4192 8372
4086 4153 8227
4073 4087 8143
4034 4079 8078
4051 4192 8232
4036 4120 8150
4196 4198 8367
4121 4192 8284
4090 4118 8201
4107 4193 8276
4169 4175 8333
4121 4170 8279
4026 4180 8198
4167 4183 8328
4191 4195 8383
4106 4160 8237
4022 4143 8128
4093 4146 8224
4099 4101 8166
4126 4195 8286
4164 4170 8323
4056 4182 8227
4195 4199 8364
4116 4200 8291
4106 4192 8279
4056 4193 8247
4186 4190 8366
4119 4142 8260
4166 4171 8334
4125 4194 8291
4117 4177 8257
4184 4186 8365
4074 4145 8218
4011 4062 8042
4132 4152 8253
4001 4123 8101
4151 4178 8298
4150 4169 8312
4140 4197 8313
4165 4188 8317
4120 4186 8278
4176 4197 8359
4003 4032 8027
4084 4119 8173
4034 4188 8185
4016 4101 8089
4029 4030 8029
4123 4168 8269
4058 4131 8155
4102 4156 8252
4183 4184 8345
4059 4159 8199
4134 4198 8294
4092 4100 8183
4081 4180 8225
4129 4136 8241
4128 4146 8237
4032 4054 8075
4016 4147 8160
4143 4186 8313
4183 4194 8346
4104 4171 8242
4148 4154 8284
4074 4144 8203
4016 4018 7998
4021 4046 8058
4190 4193 8366
4067 4112 8165
4149 4178 8316
4067 4097 8139
4014 4185 8197
4146 4158 8282
4012 4124 8118
4024 4064 8072
4163 4177 8338
4048 4160 8187
4074 4173 8245
4155 4191 8307
4148 4196 8332
4179 4185 8333
4065 4140 8171
4127 4181 8293
4110 4132 8214
4000 4015 8012
4127 4180 8275
4129 4137 8244
4165 4170 8319
4188 4192 8379
4191 4200 8367
4014 4146 8157
4072 4158 8221
4068 4178 8244
4061 4184 8227
4185 4200 8357
4143 4150 8267
4039 4141 8144
4022 4160 8154
4180 4189 8346
4032 4192 8215
4104 4178 8259
4190 4200 8365
4149 4154 8280
4042 4107 8138
4008 4067 8046
4109 4126 8222
4179 4190 8334
4152 4172 8319
4044 4107 8127
4012 4072 8074
4153 4177 8298
4042 4158 8181
4083 4133 8206
4123 4146 8232
4178 4197 8363
4040 4184 8201
4083 4147 8210
4134 4197 8325
4014 4176 8153
4192 4194 8363
4077 4166 8235
4025 4180 8170
4196 4197 8388
4049 4053 8080
4078 4095 8153
4096 4166 8228
4041 4159 8162
4167 4199 8340
4079 4138 8209
4148 4159 8273
4104 4160 8235
4129 4148 8252
4184 4195 8369
4050 4172 8220
4066 4069 8125
4049 4096 8138
4112 4139 8245
4197 4198 8358
4097 4124 8210
4059 4113 8139
4009 4114 8087
4006 4129 8110
4184 4191 8373
4041 4116 8135
4130 4179 8300
4130 4145 8243
4085 4154 8204
4190 4197 8371
4013 4116 8126
4044 4080 8117
4138 4144 8260
4000 4121 8096
4162 4190 8334
4172 4189 8351
4192 4199 8369
4027 4062 8062
4020 4178 8173
4112 4164 8242
4182 4199 8343
4147 4170 8296
4115 4153 8252
4025 4033 8030
4105 4164 8244
4137 4191 8325
4105 4128 8208
4128 4142 8264
4060 4178 8218
4162 4168 8321
4066 4127 8165
4074 4116 8187
4122 4156 8268
4091 4159 8239
4006 4194 8181
4113 4177 8287
4129 4145 8240
4176 4191 8332
4193 4197 8372
4188 4189 8374
4170 4193 8341
4190 4192 8347
4061 4200 8237
4073 4105 8152
4063 4105 8159
4071 4120 8156
4062 4141 8171
4121 4164 8283
4012 4127 8125
4142 4185 8292
4078 4174 8217
4060 4148 8198
4161 4187 8345
4019 4115 8126
4043 4180 8205
4198 4199 8375
4183 4191 8345
4001 4131 8096
4110 4117 8197
4058 4195 8241
4050 4116 8135
4077 4090 8144
4093 4163 8240
4149 4156 8301
4158 4167 8294
4176 4178 8323
4068 4153 8197
4013 4021 8000
4181 4196 8338
4152 4162 8310
4063 4142 8167
4114 4194 8286
4080 4105 8169
4099 4181 8278
4060 4118 8158
4197 4200 8389
4028 4104 8097
4021 4041 8034
4007 4083 8061
4168 4172 8319
4119 4195 8298
4115 4116 8208
4165 4175 8325
4190 4192 8381
4139 4186 8312
4056 4069 8087
4046 4054 8086
4123 4168 8267
4130 4145 8242
4119 4196 8302
4061 4192 8231
4126 4130 8255
4124 4166 8263
4162 4165 8297
4066 4170 8200
4078 4110 8175
4197 4198 8375
4162 4172 8309
4090 4134 8197
4154 4173 8315
4035 4137 8145
4039 4066 8084
4013 4056 8067
4036 4040 8049
4182 4188 8332
4154 4166 8284
4145 4179 8318
4056 4062 8102
4177 4181 8348
4000 4126 8110
4046 4105 8130
4025 4087 8108
4001 4021 8001
4089 4176 8236
4129 4184 8308
4140 4165 8294
4051 4056 8096
4129 4180 8273
4021 4047 8059
4168 4171 8328
4027 4162 8166
4174 4188 8337
4095 4102 8184
4189 4190 8369
4050 4110 8122
4090 4165 8237
4008 4160 8154
4124 4156 8255
4056 4149 8191
4186 4195 8365
4137 4184 8308
4071 4143 8208
4194 4195 8381
4048 4189 8210
4131 4188 8306
4194 4198 8355
4038 4092 8098
4149 4199 8346
4117 4158 8238
4049 4192 8211
4062 4088 8125
4066 4175 8209
4074 4174 8215
4179 4199 8340
4138 4154 8278
4057 4090 8112
4113 4164 8276
4015 4096 8087
4168 4170 8303
4014 4078 8068
4047 4184 8228
4109 4198 8299
4112 4137 8242
4003 4155 8134
4043 4163 8172
4127 4187 8282
4164 4186 8329
4132 4137 8254
4088 4096 8173
4033 4052 8053
4109 4199 8276
4199 4200 8372
4001 4184 8159
4101 4151 8217
4140 4153 8256
4056 4061 8109
4120 4135 8249
4140 4192 8321
4167 4197 8338
4131 4180 8298
4039 4076 8079
4105 4122 8207
4074 4078 8125
4043 4103 8135
4035 4164 8177
4096 4190 8252
4129 4162 8254
4065 4168 8207
4062 4198 8249
4078 4140 8216
4076 4155 8223
4128 4163 8271
4053 4151 8199
4137 4193 8299
4051 4153 8185
4128 4154 8250
4170 4192 8348
4148 4160 8301
4082 4151 8196
4064 4085 8146
4130 4145 8254
4027 4200 8202
4022 4131 8131
4010 4083 8066
4145 4176 8291
4005 4049 8053
4088 4125 8207
4177 4184 8337
4068 4157 8199
4033 4110 8113
4009 4146 8133
4101 4132 8214
4176 4178 8330
4049 4089 8105
4016 4019 7998
4193 4197 8381
4027 4198 8219
4022 4153 8159
4040 4116 8129
4115 4134 8238
4120 4167 8273
4091 4165 8242
4062 4197 8248
4086 4186 8244
4150 4152 8267
4054 4148 8167
4194 4200 8366
4060 4087 8109
4107 4196 8272
4123 4146 8251
4188 4196 8347
4103 4139 8230
4197 4199 8358
4171 4172 8307
4049 4095 8123
4145 4172 8310
4026 4198 8212
4005 4139 8142
4134 4153 8252
4098 4111 8191
4177 4199 8342
4082 4195 8239
4196 4197 8357
4009 4150 8131
4192 4194 8354
4062 4199 8248
4093 4192 8271
4046 4103 8141
4191 4198 8350
4078 4143 8203
4118 4193 8277
4063 4193 8247
4062 4113 8173
4140 4141 8259
4190 4199 8366
4040 4197 8233
4163 4166 8324
4106 4157 8257
4055 4133 8171
4096 4134 8206
4183 4195 8358
4085 4101 8173
4178 4197 8359
4096 4113 8200
4145 4199 8317
4145 4178 8313
4104 4140 8222
4086 4160 8241
4035 4112 8141
4053 4071 8092
4141 4165 8293
4139 4148 8267
4028 4168 8164
4007 4084 8071
4120 4196 8307
4097 4120 8202
4150 4159 8286
4027 4160 8161
4186 4199 8379
4105 4125 8196
4154 4180 8325
4031 4111 8105
4140 4186 8300
4011 4032 8041
4128 4165 8260
4074 4156 8216
4196 4198 8364
4014 4037 8031
4036 4062 8062
4150 4181 8312
4000 4150 8127
4050 4116 8154
4125 4126 8244
4027 4067 8065
4020 4042 8026
4196 4200 8380
4072 4160 8199
4004 4119 8101
4089 4172 8228
4065 4090 8124
4133 4150 8255
4031 4159 8173
4087 4178 8241
4093 4104 8188
4192 4197 8381
4136 4173 8301
4125 4189 8287
4125 4142 8257
4075 4198 8244
4015 4079 8067
4151 4164 8279
4075 4109 8179
4122 4193 8307
4195 4200 8359
4136 4137 8253
4089 4155 8227
4159 4162 8301
4069 4124 8159
4192 4198 8361
4033 4115 8116
4192 4197 8384
4122 4141 8236
4023 4082 8097
4124 4167 8282
4030 4157 8155
4003 4015 8001
4122 4149 8270
4025 4132 8147
4159 4188 8322
4150 4160 8272
4166 4168 8320
4168 4181 8343
4039 4199 8212
4177 4184 8349
4019 4184 8198
4151 4192 8332
4115 4186 8268
4045 4106 8147
4084 4121 8175
4036 4166 8192
4062 4155 8194
4097 4153 8229
4116 4138 8215
4194 4200 8373
4119 4141 8225
4024 4143 8145
4163 4195 8344
4177 4183 8335
4027 4158 8161
4133 4152 8264
4162 4193 8330
4128 4200 8315
4103 4111 8186
4069 4122 8167
4139 4148 8280
4110 4142 8218
4122 4192 8282
4029 4166 8192
4100 4132 8196
4177 4191 8339
4041 4123 8156
4029 4095 8103
4118 4138 8218
4069 4083 8142
4010 4058 8067
4196 4200 8379
4025 4085 8075
4145 4199 8326
4029 4087 8092
4086 4110 8168
4123 4124 8208
4062 4113 8151
4104 4169 8270
4170 4178 8325
4154 4192 8308
4041 4164 8185
4018 4038 8019
4024 4031 8041
4133 4153 8283
4137 4147 8267
4171 4188 8336
4130 4177 8296
4066 4154 8199
4196 4199 8385
4195 4196 8386
4185 4189 8339
4187 4193 8359
4046 4050 8072
4160 4173 8300
4019 4188 8169
4179 4192 8369
4180 4185 8356
4196 4199 8358
4098 4134 8220
4057 4062 8092
4127 4171 8283
4133 4168 8280
4184 4193 8342
4034 4057 8066
4044 4161 8189
4047 4096 8106
4090 4095 8154
4163 4175 8310
4155 4173 8300
4192 4199 8354
4058 4116 8145
4103 4146 8242
4029 4070 8086
4107 4129 8225
4137 4170 8292
4119 4194 8295
4027 4142 8145
4160 4188 8336
4155 4191 8334
4104 4175 8261
4140 4154 8270
4169 4182 8321
4004 4029 8022
4001 4138 8116
4030 4053 8062
4000 4098 8066
4043 4091 8102
4053 4071 8100
4064 4137 8177
4152 4181 8324
4093 4167 8237
4110 4129 8210
4023 4103 8115
4162 4167 8317
4133 4167 8281
4084 4113 8161
4015 4086 8074
4097 4120 8214
4034 4128 8125
4013 4018 8017
4156 4194 8336
4015 4113 8099
4049 4173 8185
4053 4080 8118
4176 4198 8355
4057 4186 8208
4123 4150 8241
4047 4090 8105
4150 4166 8289
4097 4101 8192
4066 4159 8215
4148 4190 8308
4064 4119 8165
4180 4183 8343
4143 4158 8265
4100 4200 8294
4110 4115 8209
4036 4064 8090
4102 4163 8246
4196 4200 8391
4167 4188 8344
4022 4146 8143
4094 4188 8255
4039 4117 8135
4020 4044 8028
4014 4146 8132
4099 4195 8276
4016 4024 8026
4034 4197 8212
4026 4069 8067
4038 4044 8070
4071 4097 8143
4088 4152 8212
4165 4179 8308
4191 4193 8356
4090 4115 8179
4169 4181 8318
4053 4125 8144
4184 4190 8360
4103 4136 8204
4099 4119 8210
4183 4192 8363
4045 4048 8056
4015 4029 8041
4144 4175 8280
4098 4129 8209
4194 4195 8374
4164 4175 8319
4052 4182 8200
4185 4191 8369
4092 4179 8252
4086 4138 8208
4160 4187 8322
4102 4199 8287
4060 4068 8115
4155 4192 8313
4070 4139 8180
4107 4138 8223
4193 4199 8391
4118 4131 8211
4109 4146 8237
4058 4090 8113
4102 4134 8217
4163 4184 8321
4127 4160 8264
4161 4167 8294
4059 4114 8172
4152 4154 8291
4128 4192 8313
4198 4200 8397
4102 4133 8201
4029 4048 8061
4185 4187 8339
4154 4159 8292
4172 4185 8351
4023 4143 8143
4125 4131 8228
4171 4175 8332
4028 4116 8143
4161 4199 8342
4178 4180 8325
4138 4167 8273
4005 4184 8170
4109 4129 8220
4084 4150 8218
4031 4077 8095
4193 4195 8365
4130 4183 8298
4014 4104 8085
4193 4200 8356
4129 4197 8320
4047 4199 8222
4121 4165 8259
4171 4189 8358
4001 4031 7997
4135 4154 8252
4073 4132 8204
4123 4178 8267
4126 4200 8320
4173 4180 8344
4182 4185 8361
4141 4165 8283
4135 4156 8274
4091 4108 8193
4040 4088 8095
4073 4076 8131
4089 4169 8227
4069 4080 8125
4086 4191 8256
4136 4144 8263
4095 4158 8241
4051 4191 8232
4031 4146 8162
4181 4186 8357
4057 4093 8137
4056 4083 8113
4082 4180 8234

0.010000 0.550000
