1000
6004647
4254 4255 8509
4217 4297 8514
4105 4148 8253
4171 4266 8437
4177 4199 8376
4109 4209 8318
4148 4281 8429
4131 4285 8416
4259 4298 8557
4120 4280 8400
4257 4267 8524
4196 4232 8428
4107 4214 8321
4145 4254 8399
4125 4130 8255
4295 4297 8592
4283 4297 8580
4156 4171 8327
4106 4283 8389
4105 4271 8376
4229 4230 8459
4141 4151 8292
4286 4293 8579
4159 4268 8427
4160 4183 8343
4166 4207 8373
4139 4242 8381
4182 4260 8442
4108 4164 8272
4277 4281 8558
4152 4174 8326
4167 4262 8429
4218 4239 8457
4135 4215 8350
4112 4182 8294
4226 4275 8501
4185 4254 8439
4240 4295 8535
4154 4171 8325
4170 4277 8447
4164 4284 8448
4270 4292 8562
4193 4255 8448
4281 4300 8581
4200 4264 8464
4204 4236 8440
4229 4256 8485
4148 4203 8351
4181 4189 8370
4212 4298 8510
4186 4269 8455
4241 4259 8500
4274 4287 8561
4216 4231 8447
4151 4260 8411
4231 4257 8488
4270 4282 8552
4243 4298 8541
4266 4293 8559
4142 4166 8308
4100 4175 8275
4202 4248 8450
4195 4214 8409
4225 4252 8477
4200 4294 8494
4208 4209 8417
4166 4222 8388
4129 4215 8344
4144 4264 8408
4249 4263 8512
4253 4257 8510
4250 4251 8501
4285 4286 8571
4230 4240 8470
4238 4239 8477
4259 4275 8534
4122 4208 8330
4299 4300 8599
4192 4232 8424
4193 4270 8463
4148 4269 8417
4284 4292 8576
4284 4293 8577
4268 4270 8538
4299 4300 8599
4182 4209 8391
4194 4276 8470
4206 4294 8500
4231 4287 8518
4268 4291 8559
4226 4248 8474
4240 4278 8518
4159 4291 8450
4184 4258 8442
4237 4254 8491
4111 4238 8349
4215 4231 8446
4204 4276 8480
4155 4199 8354
4118 4169 8287
4264 4289 8553
4265 4286 8551
4230 4281 8511
4229 4271 8500
4116 4219 8335
4199 4274 8473
4223 4270 8493
4273 4274 8547
4138 4248 8386
4110 4172 8282
4151 4217 8368
4213 4250 8463
4176 4184 8360
4147 4170 8317
4289 4293 8582
4273 4293 8566
4263 4279 8542
4118 4293 8411
4143 4272 8415
4162 4179 8341
4171 4234 8405
4267 4291 8558
4266 4292 8558
4210 4235 8445
4115 4287 8402
4270 4291 8561
4239 4245 8484
4144 4294 8438
4134 4268 8402
4204 4294 8498
4262 4293 8555
4258 4292 8550
4288 4293 8581
4247 4268 8515
4116 4253 8369
4177 4211 8388
4219 4245 8464
4130 4240 8370
4212 4284 8496
4157 4213 8370
4185 4254 8439
4157 4227 8384
4154 4267 8421
4201 4258 8459
4249 4257 8506
4194 4198 8392
4185 4255 8440
4170 4233 8403
4200 4282 8482
4136 4188 8324
4269 4296 8565
4228 4234 8462
4179 4245 8424
4119 4151 8270
4235 4292 8527
4189 4241 8430
4210 4297 8507
4213 4229 8442
4272 4276 8548
4229 4291 8520
4119 4232 8351
4216 4262 8478
4240 4257 8497
4245 4276 8521
4103 4214 8317
4163 4298 8461
4128 4289 8417
4174 4241 8415
4273 4285 8558
4294 4300 8594
4238 4261 8499
4109 4262 8371
4269 4279 8548
4225 4288 8513
4264 4296 8560
4166 4203 8369
4143 4182 8325
4272 4286 8558
4123 4204 8327
4133 4206 8339
4117 4214 8331
4156 4261 8417
4197 4272 8469
4140 4192 8332
4261 4293 8554
4289 4295 8584
4149 4253 8402
4200 4272 8472
4122 4261 8383
4236 4264 8500
4161 4247 8408
4206 4224 8430
4193 4196 8389
4126 4228 8354
4240 4288 8528
4198 4272 8470
4207 4225 8432
4182 4255 8437
4162 4250 8412
4118 4119 8237
4182 4292 8474
4147 4235 8382
4229 4264 8493
4186 4214 8400
4280 4300 8580
4273 4283 8556
4130 4294 8424
4153 4254 8407
4155 4235 8390
4149 4172 8321
4119 4185 8304
4163 4169 8332
4198 4228 8426
4163 4222 8385
4230 4290 8520
4113 4126 8239
4218 4270 8488
4159 4277 8436
4183 4250 8433
4237 4251 8488
4141 4194 8335
4131 4145 8276
4210 4279 8489
4235 4277 8512
4196 4285 8481
4280 4284 8564
4111 4219 8330
4103 4206 8309
4135 4203 8338
4207 4259 8466
4265 4284 8549
4112 4192 8304
4241 4253 8494
4233 4289 8522
4248 4258 8506
4108 4262 8370
4137 4215 8352
4261 4296 8557
4247 4285 8532
4261 4280 8541
4139 4164 8303
4210 4294 8504
4158 4222 8380
4260 4281 8541
4163 4235 8398
4116 4168 8284
4257 4264 8521
4277 4300 8577
4243 4277 8520
4203 4283 8486
4249 4251 8500
4114 4272 8386
4194 4258 8452
4226 4265 8491
4106 4288 8394
4147 4290 8437
4263 4300 8563
4173 4256 8429
4237 4252 8489
4270 4294 8564
4127 4242 8369
4182 4231 8413
4166 4239 8405
4203 4226 8429
4140 4197 8337
4153 4240 8393
4256 4266 8522
4291 4292 8583
4175 4215 8390
4285 4291 8576
4296 4298 8594
4129 4178 8307
4144 4160 8304
4229 4243 8472
4288 4290 8578
4216 4231 8447
4276 4281 8557
4240 4251 8491
4182 4241 8423
4134 4150 8284
4182 4195 8377
4109 4249 8358
4260 4270 8530
4176 4253 8429
4217 4250 8467
4186 4226 8412
4185 4268 8453
4256 4257 8513
4188 4289 8477
4157 4204 8361
4297 4298 8595
4108 4249 8357
4167 4230 8397
4252 4296 8548
4208 4248 8456
4120 4258 8378
4286 4296 8582
4122 4221 8343
4245 4263 8508
4142 4260 8402
4132 4238 8370
4146 4209 8355
4268 4273 8541
4108 4168 8276
4107 4230 8337
4168 4226 8394
4188 4217 8405
4150 4273 8423
4273 4299 8572
4165 4263 8428
4156 4196 8352
4237 4258 8495
4109 4274 8383
4155 4181 8336
4224 4234 8458
4199 4218 8417
4185 4197 8382
4146 4269 8415
4200 4296 8496
4152 4186 8338
4218 4231 8449
4233 4245 8478
4171 4204 8375
4217 4229 8446
4247 4297 8544
4232 4258 8490
4120 4236 8356
4271 4290 8561
4247 4291 8538
4276 4286 8562
4142 4295 8437
4167 4174 8341
4255 4256 8511
4179 4282 8461
4108 4184 8292
4295 4299 8594
4154 4249 8403
4203 4223 8426
4171 4220 8391
4280 4287 8567
4266 4291 8557
4126 4137 8263
4148 4173 8321
4146 4163 8309
4150 4280 8430
4239 4285 8524
4148 4165 8313
4183 4287 8470
4116 4183 8299
4210 4271 8481
4119 4246 8365
4204 4284 8488
4162 4191 8353
4192 4196 8388
4204 4253 8457
4125 4161 8286
4263 4281 8544
4138 4197 8335
4109 4165 8274
4272 4274 8546
4216 4238 8454
4208 4296 8504
4235 4263 8498
4164 4212 8376
4232 4253 8485
4225 4251 8476
4240 4289 8529
4130 4160 8290
4239 4275 8514
4269 4295 8564
4149 4189 8338
4180 4224 8404
4271 4299 8570
4256 4291 8547
4205 4272 8477
4100 4287 8387
4163 4261 8424
4177 4286 8463
4241 4294 8535
4224 4295 8519
4233 4242 8475
4187 4245 8432
4158 4170 8328
4292 4297 8589
4178 4296 8474
4275 4293 8568
4276 4293 8569
4191 4270 8461
4288 4297 8585
4258 4271 8529
4200 4298 8498
4250 4256 8506
4239 4244 8483
4125 4250 8375
4285 4294 8579
4294 4300 8594
4255 4277 8532
4259 4280 8539
4239 4286 8525
4133 4253 8386
4201 4268 8469
4150 4167 8317
4265 4291 8556
4123 4223 8346
4216 4241 8457
4197 4268 8465
4295 4297 8592
4253 4298 8551
4122 4142 8264
4103 4253 8356
4142 4269 8411
4113 4280 8393
4136 4274 8410
4188 4225 8413
4179 4268 8447
4208 4280 8488
4259 4262 8521
4112 4171 8283
4162 4206 8368
4201 4288 8489
4200 4204 8404
4185 4209 8394
4201 4229 8430
4247 4278 8525
4157 4296 8453
4291 4297 8588
4212 4241 8453
4245 4253 8498
4228 4252 8480
4193 4258 8451
4130 4231 8361
4167 4174 8341
4175 4285 8460
4286 4291 8577
4295 4298 8593
4140 4145 8285
4166 4250 8416
4155 4207 8362
4268 4283 8551
4131 4230 8361
4229 4291 8520
4211 4229 8440
4188 4243 8431
4203 4232 8435
4129 4137 8266
4125 4295 8420
4169 4280 8449
4119 4246 8365
4213 4222 8435
4217 4268 8485
4239 4291 8530
4201 4275 8476
4120 4162 8282
4110 4170 8280
4199 4200 8399
4181 4208 8389
4266 4288 8554
4123 4207 8330
4103 4288 8391
4168 4280 8448
4159 4236 8395
4243 4275 8518
4248 4252 8500
4210 4272 8482
4283 4288 8571
4102 4212 8314
4184 4255 8439
4297 4300 8597
4127 4255 8382
4213 4296 8509
4250 4297 8547
4143 4262 8405
4211 4254 8465
4109 4132 8241
4187 4247 8434
4142 4176 8318
4292 4300 8592
4183 4298 8481
4254 4286 8540
4211 4296 8507
4145 4153 8298
4294 4300 8594
4146 4286 8432
4200 4295 8495
4241 4263 8504
4234 4295 8529
4267 4279 8546
4149 4284 8433
4255 4259 8514
4124 4151 8275
4247 4270 8517
4273 4294 8567
4264 4282 8546
4162 4240 8402
4218 4238 8456
4244 4273 8517
4108 4201 8309
4109 4120 8229
4236 4247 8483
4112 4116 8228
4180 4207 8387
4248 4256 8504
4289 4298 8587
4241 4259 8500
4148 4160 8308
4123 4258 8381
4138 4285 8423
4138 4232 8370
4178 4216 8394
4249 4279 8528
4114 4285 8399
4138 4161 8299
4245 4250 8495
4229 4276 8505
4292 4298 8590
4134 4173 8307
4129 4146 8275
4220 4243 8463
4292 4297 8589
4191 4287 8478
4266 4282 8548
4214 4257 8471
4195 4244 8439
4134 4166 8300
4168 4172 8340
4205 4227 8432
4207 4287 8494
4238 4252 8490
4186 4207 8393
4139 4233 8372
4226 4292 8518
4138 4263 8401
4246 4260 8506
4182 4202 8384
4114 4164 8278
4289 4293 8582
4248 4284 8532
4207 4232 8439
4178 4252 8430
4295 4297 8592
4113 4151 8264
4147 4180 8327
4111 4174 8285
4173 4206 8379
4130 4141 8271
4232 4249 8481
4117 4118 8235
4202 4211 8413
4162 4250 8412
4172 4244 8416
4275 4286 8561
4194 4287 8481
4268 4300 8568
4138 4180 8318
4100 4118 8218
4184 4205 8389
4133 4199 8332
4229 4284 8513
4136 4198 8334
4200 4204 8404
4213 4229 8442
4145 4211 8356
4259 4276 8535
4287 4290 8577
4155 4242 8397
4270 4297 8567
4269 4275 8544
4294 4300 8594
4175 4219 8394
4192 4209 8401
4274 4291 8565
4244 4287 8531
4298 4299 8597
4101 4125 8226
4154 4183 8337
4131 4195 8326
4177 4231 8408
4231 4253 8484
4124 4146 8270
4197 4224 8421
4186 4300 8486
4298 4299 8597
4103 4296 8399
4256 4296 8552
4190 4251 8441
4222 4281 8503
4146 4187 8333
4287 4297 8584
4232 4241 8473
4128 4180 8308
4172 4244 8416
4186 4269 8455
4141 4246 8387
4262 4296 8558
4238 4291 8529
4199 4226 8425
4141 4144 8285
4201 4272 8473
4177 4216 8393
4146 4293 8439
4249 4281 8530
4103 4116 8219
4195 4281 8476
4178 4255 8433
4278 4288 8566
4176 4293 8469
4270 4273 8543
4174 4231 8405
4281 4296 8577
4272 4281 8553
4218 4233 8451
4208 4265 8473
4227 4245 8472
4239 4252 8491
4209 4257 8466
4151 4293 8444
4111 4112 8223
4285 4294 8579
4180 4263 8443
4298 4300 8598
4210 4242 8452
4136 4173 8309
4101 4172 8273
4227 4281 8508
4282 4283 8565
4250 4297 8547
4268 4284 8552
4242 4295 8537
4115 4280 8395
4238 4255 8493
4182 4220 8402
4139 4299 8438
4150 4246 8396
4115 4159 8274
4236 4242 8478
4122 4180 8302
4299 4300 8599
4139 4281 8420
4232 4284 8516
4172 4253 8425
4129 4246 8375
4157 4263 8420
4166 4240 8406
4281 4296 8577
4212 4237 8449
4210 4255 8465
4176 4246 8422
4200 4222 8422
4238 4277 8515
4124 4245 8369
4250 4252 8502
4107 4153 8260
4153 4257 8410
4285 4300 8585
4184 4248 8432
4100 4115 8215
4100 4185 8285
4117 4293 8410
4285 4294 8579
4247 4297 8544
4293 4298 8591
4277 4287 8564
4110 4136 8246
4250 4252 8502
4278 4283 8561
4220 4223 8443
4198 4274 8472
4153 4230 8383
4187 4227 8414
4191 4288 8479
4299 4300 8599
4142 4186 8328
4171 4233 8404
4205 4298 8503
4241 4259 8500
4129 4271 8400
4244 4286 8530
4291 4292 8583
4237 4286 8523
4203 4204 8407
4205 4237 8442
4197 4269 8466
4141 4203 8344
4256 4266 8522
4223 4254 8477
4213 4258 8471
4175 4230 8405
4229 4280 8509
4156 4167 8323
4264 4280 8544
4256 4257 8513
4272 4275 8547
4266 4272 8538
4286 4298 8584
4262 4279 8541
4135 4192 8327
4162 4166 8328
4234 4263 8497
4176 4196 8372
4154 4177 8331
4268 4277 8545
4203 4229 8432
4277 4282 8559
4212 4263 8475
4142 4283 8425
4193 4208 8401
4106 4178 8284
4223 4232 8455
4205 4224 8429
4203 4204 8407
4104 4210 8314
4168 4183 8351
4299 4300 8599
4111 4188 8299
4229 4231 8460
4122 4263 8385
4250 4281 8531
4194 4268 8462
4234 4258 8492
4214 4274 8488
4296 4298 8594
4138 4171 8309
4214 4221 8435
4235 4286 8521
4100 4184 8284
4170 4261 8431
4233 4252 8485
4225 4296 8521
4184 4289 8473
4294 4295 8589
4267 4294 8561
4260 4284 8544
4184 4202 8386
4287 4292 8579
4286 4295 8581
4254 4256 8510
4201 4278 8479
4112 4300 8412
4162 4212 8374
4165 4280 8445
4246 4292 8538
4233 4259 8492
4208 4297 8505
4118 4233 8351
4200 4283 8483
4226 4247 8473
4161 4227 8388
4241 4287 8528
4212 4231 8443
4172 4294 8466
4176 4250 8426
4167 4208 8375
4193 4288 8481
4244 4292 8536
4126 4292 8418
4216 4272 8488
4234 4298 8532
4200 4244 8444
4189 4215 8404
4266 4271 8537
4185 4234 8419
4151 4290 8441
4199 4259 8458
4174 4222 8396
4110 4182 8292
4251 4270 8521
4231 4232 8463
4188 4260 8448
4134 4202 8336
4242 4285 8527
4176 4190 8366
4281 4282 8563
4191 4198 8389
4173 4238 8411
4262 4295 8557
4119 4243 8362
4108 4239 8347
4191 4298 8489
4114 4138 8252
4213 4233 8446
4156 4260 8416
4193 4265 8458
4162 4226 8388
4144 4240 8384
4112 4193 8305
4205 4244 8449
4288 4290 8578
4129 4257 8386
4180 4183 8363
4257 4263 8520
4218 4232 8450
4176 4272 8448
4230 4232 8462
4245 4267 8512
4131 4190 8321
4289 4296 8585
4133 4154 8287
4280 4299 8579
4200 4291 8491
4205 4288 8493
4148 4257 8405
4183 4274 8457
4277 4281 8558
4196 4281 8477
4208 4233 8441
4119 4168 8287
4225 4265 8490
4113 4116 8229
4151 4208 8359
4205 4246 8451
4264 4268 8532
4293 4298 8591
4106 4156 8262
4107 4218 8325
4136 4251 8387
4112 4120 8232
4203 4240 8443
4197 4283 8480
4134 4227 8361
4141 4298 8439
4258 4298 8556
4115 4148 8263
4257 4289 8546
4292 4293 8585
4141 4170 8311
4241 4280 8521
4224 4236 8460
4197 4199 8396
4247 4254 8501
4125 4248 8373
4192 4218 8410
4250 4255 8505
4243 4248 8491
4288 4292 8580
4297 4300 8597
4294 4299 8593
4169 4299 8468
4136 4152 8288
4274 4284 8558
4293 4295 8588
4281 4283 8564
4156 4165 8321
4154 4237 8391
4139 4201 8340
4189 4271 8460
4201 4285 8486
4257 4278 8535
4152 4273 8425
4148 4152 8300
4148 4200 8348
4158 4245 8403
4283 4298 8581
4164 4286 8450
4129 4147 8276
4122 4170 8292
4158 4213 8371
4232 4235 8467
4282 4297 8579
4101 4284 8385
4250 4251 8501
4283 4295 8578
4138 4166 8304
4192 4266 8458
4108 4254 8362
4275 4278 8553
4164 4225 8389
4163 4270 8433
4287 4300 8587
4258 4287 8545
4223 4286 8509
4136 4222 8358
4122 4190 8312
4138 4169 8307
4285 4288 8573
4256 4281 8537
4165 4211 8376
4111 4193 8304
4164 4243 8407
4101 4284 8385
4288 4299 8587
4177 4254 8431
4211 4253 8464
4120 4197 8317
4284 4295 8579
4131 4174 8305
4216 4263 8479
4180 4251 8431
4229 4232 8461
4237 4254 8491
4168 4295 8463
4155 4235 8390
4191 4298 8489
4217 4265 8482
4280 4287 8567
4167 4211 8378
4272 4296 8568
4125 4227 8352
4204 4268 8472
4236 4262 8498
4150 4187 8337
4228 4233 8461
4221 4278 8499
4284 4290 8574
4250 4259 8509
4122 4238 8360
4183 4245 8428
4147 4164 8311
4116 4121 8237
4183 4219 8402
4123 4140 8263
4293 4297 8590
4224 4289 8513
4220 4254 8474
4185 4200 8385
4117 4274 8391
4232 4268 8500
4101 4179 8280
4266 4276 8542
4280 4299 8579
4275 4291 8566
4286 4295 8581
4188 4290 8478
4273 4275 8548
4166 4229 8395
4297 4300 8597
4110 4224 8334
4166 4250 8416
4153 4244 8397
4263 4279 8542
4150 4171 8321
4243 4270 8513
4285 4299 8584
4109 4267 8376
4169 4185 8354
4142 4161 8303
4131 4156 8287
4121 4138 8259
4298 4300 8598
4131 4193 8324
4128 4251 8379
4189 4214 8403
4238 4294 8532
4105 4174 8279
4271 4275 8546
4124 4227 8351
4294 4298 8592
4173 4289 8462
4111 4273 8384
4291 4298 8589
4270 4275 8545
4221 4285 8506
4206 4210 8416
4162 4241 8403
4213 4274 8487
4280 4285 8565
4173 4247 8420
4243 4281 8524
4260 4273 8533
4220 4238 8458
4238 4290 8528
4282 4300 8582
4204 4221 8425
4145 4245 8390
4122 4282 8404
4270 4282 8552
4243 4283 8526
4117 4258 8375
4135 4292 8427
4183 4198 8381
4263 4295 8558
4279 4295 8574
4136 4171 8307
4289 4293 8582
4277 4281 8558
4160 4175 8335
4223 4228 8451
4129 4263 8392
4179 4200 8379
4215 4259 8474
4128 4186 8314
4189 4191 8380
4124 4148 8272
4116 4193 8309
4215 4271 8486
4209 4274 8483
4203 4252 8455
4159 4181 8340
4213 4254 8467
4287 4295 8582
4195 4275 8470
4243 4284 8527
4222 4239 8461
4270 4276 8546
4118 4162 8280
4197 4258 8455
4222 4241 8463
4288 4299 8587
4291 4300 8591
4162 4235 8397
4140 4225 8365

4154 4155 8295
4117 4197 8296
4005 4048 8051
4071 4166 8199
4077 4099 8154
4009 4109 8086
4048 4181 8196
4031 4185 8191
4159 4198 8354
4020 4180 8165
4157 4167 8313
4096 4132 8195
4007 4114 8105
4045 4154 8175
4025 4030 8020
4195 4197 8376
4183 4197 8362
4056 4071 8100
4006 4183 8163
4005 4171 8151
4129 4130 8256
4041 4051 8060
4186 4193 8370
4059 4168 8191
4060 4083 8117
4066 4107 8161
4039 4142 8167
4082 4160 8210
4008 4064 8044
4177 4181 8340
4052 4074 8103
4067 4162 8191
4118 4139 8254
4035 4115 8129
4012 4082 8062
4126 4175 8262
4085 4154 8226
4140 4195 8309
4054 4071 8113
4070 4177 8228
4064 4184 8242
4170 4192 8343
4093 4155 8210
4181 4200 8376
4100 4164 8251
4104 4136 8207
4129 4156 8262
4048 4103 8144
4081 4089 8144
4112 4198 8272
4086 4169 8254
4141 4159 8279
4174 4187 8324
4116 4131 8243
4051 4160 8206
4131 4157 8251
4170 4182 8327
4143 4198 8333
4166 4193 8337
4042 4066 8101
4000 4075 8063
4102 4148 8215
4095 4114 8184
4125 4152 8269
4100 4194 8268
4108 4109 8190
4066 4122 8184
4029 4115 8128
4044 4164 8188
4149 4163 8278
4153 4157 8285
4150 4151 8270
4185 4186 8369
4130 4140 8243
4138 4139 8276
4159 4175 8299
4022 4108 8108
4199 4200 8396
4092 4132 8193
4093 4170 8257
4048 4169 8183
4184 4192 8354
4184 4193 8352
4168 4170 8336
4199 4200 8389
4082 4109 8171
4094 4176 8258
4106 4194 8267
4131 4187 8308
4168 4191 8336
4126 4148 8272
4140 4178 8306
4059 4191 8222
4084 4158 8241
4137 4154 8283
4011 4138 8146
4115 4131 8207
4104 4176 8266
4055 4099 8145
4018 4069 8073
4164 4189 8346
4165 4186 8314
4130 4181 8307
4129 4171 8264
4016 4119 8103
4099 4174 8261
4123 4170 8286
4173 4174 8340
4038 4148 8167
4010 4072 8076
4051 4117 8130
4113 4150 8233
4076 4084 8150
4047 4070 8104
4189 4193 8380
4173 4193 8356
4163 4179 8340
4018 4193 8199
4043 4172 8206
4062 4079 8132
4071 4134 8175
4167 4191 8329
4166 4192 8325
4110 4135 8218
4015 4187 8186
4170 4191 8333
4139 4145 8274
4044 4194 8211
4034 4168 8172
4104 4194 8287
4162 4193 8337
4158 4192 8343
4188 4193 8346
4147 4168 8300
4016 4153 8140
4077 4111 8169
4119 4145 8250
4030 4140 8140
4112 4184 8284
4057 4113 8159
4085 4154 8216
4057 4127 8163
4054 4167 8183
4101 4158 8237
4149 4157 8303
4094 4098 8189
4085 4155 8207
4070 4133 8186
4100 4182 8261
4036 4088 8094
4169 4196 8354
4128 4134 8237
4079 4145 8186
4019 4051 8062
4135 4192 8304
4089 4141 8228
4110 4197 8289
4113 4129 8226
4172 4176 8309
4129 4191 8296
4019 4132 8128
4116 4162 8277
4140 4157 8292
4145 4176 8302
4003 4114 8113
4063 4198 8256
4028 4189 8179
4074 4141 8208
4173 4185 8346
4194 4200 8365
4138 4161 8270
4009 4162 8135
4169 4179 8344
4125 4188 8311
4164 4196 8358
4066 4103 8142
4043 4082 8090
4172 4186 8350
4023 4104 8112
4033 4106 8104
4017 4114 8121
4056 4161 8193
4097 4172 8258
4040 4092 8121
4161 4193 8320
4189 4195 8380
4049 4153 8183
4100 4172 8262
4022 4161 8148
4136 4164 8291
4061 4147 8204
4106 4124 8194
4093 4096 8175
4026 4128 8120
4140 4188 8303
4098 4172 8267
4107 4125 8219
4082 4155 8199
4062 4150 8200
4018 4019 8016
4082 4192 8236
4047 4135 8152
4129 4164 8274
4086 4114 8179
4180 4200 8351
4173 4183 8350
4030 4194 8199
4053 4154 8182
4055 4135 8152
4049 4072 8099
4019 4085 8083
4063 4069 8121
4098 4128 8201
4063 4122 8167
4130 4190 8310
4013 4026 8009
4118 4170 8279
4059 4177 8206
4083 4150 8209
4137 4151 8270
4041 4094 8101
4031 4045 8064
4110 4179 8276
4135 4177 8310
4096 4185 8264
4180 4184 8355
4011 4119 8128
4003 4106 8080
4035 4103 8125
4107 4159 8233
4165 4184 8340
4012 4092 8092
4141 4153 8262
4133 4189 8295
4148 4158 8287
4008 4162 8137
4037 4115 8116
4161 4196 8351
4147 4185 8307
4161 4180 8320
4039 4064 8075
4110 4194 8276
4058 4122 8159
4160 4181 8329
4063 4135 8178
4016 4068 8083
4157 4164 8317
4177 4200 8374
4143 4177 8316
4103 4183 8264
4149 4151 8293
4014 4172 8149
4094 4158 8246
4126 4165 8279
4006 4188 8179
4047 4190 8212
4163 4200 8350
4073 4156 8215
4137 4152 8270
4170 4194 8336
4027 4142 8141
4082 4131 8186
4066 4139 8169
4103 4126 8203
4040 4097 8099
4053 4140 8162
4156 4166 8303
4191 4192 8349
4075 4115 8186
4185 4191 8347
4196 4198 8391
4029 4078 8101
4044 4060 8090
4129 4143 8234
4188 4190 8353
4116 4131 8220
4176 4181 8333
4140 4151 8252
4082 4141 8196
4034 4050 8058
4082 4095 8171
4009 4149 8151
4160 4170 8318
4076 4153 8205
4117 4150 8263
4086 4126 8200
4085 4168 8222
4156 4157 8303
4088 4189 8240
4057 4104 8141
4197 4198 8393
4008 4149 8146
4067 4130 8169
4152 4196 8331
4108 4148 8252
4020 4158 8148
4186 4196 8362
4022 4121 8116
4145 4163 8286
4042 4160 8170
4032 4138 8160
4046 4109 8133
4168 4173 8309
4008 4068 8059
4007 4130 8103
4068 4126 8160
4088 4117 8194
4050 4173 8190
4173 4199 8366
4065 4163 8195
4056 4096 8117
4137 4158 8291
4009 4174 8171
4055 4081 8134
4124 4134 8219
4099 4118 8196
4085 4097 8156
4046 4169 8209
4100 4196 8270
4052 4086 8135
4118 4131 8211
4133 4145 8252
4071 4104 8151
4117 4129 8212
4147 4197 8314
4132 4158 8273
4020 4136 8145
4171 4190 8337
4147 4191 8309
4176 4186 8343
4042 4195 8214
4067 4074 8105
4155 4156 8283
4079 4182 8245
4008 4084 8058
4195 4199 8357
4054 4149 8172
4103 4123 8191
4071 4120 8159
4180 4187 8331
4166 4191 8356
4026 4037 8055
4048 4073 8107
4046 4063 8086
4050 4180 8219
4139 4185 8291
4048 4065 8084
4083 4187 8258
4016 4083 8092
4110 4171 8264
4019 4146 8144
4104 4184 8256
4062 4091 8152
4092 4096 8163
4104 4153 8251
4025 4061 8052
4163 4181 8314
4038 4097 8134
4009 4065 8055
4172 4174 8332
4116 4138 8225
4108 4196 8286
4135 4163 8267
4064 4112 8152
4132 4153 8247
4125 4151 8258
4140 4189 8299
4030 4060 8076
4139 4175 8307
4169 4195 8327
4049 4089 8101
4080 4124 8198
4171 4199 8355
4156 4191 8345
4105 4172 8253
4000 4187 8151
4063 4161 8220
4077 4186 8225
4141 4194 8300
4124 4195 8285
4133 4142 8239
4087 4145 8221
4058 4070 8103
4192 4197 8377
4078 4196 8261
4175 4193 8361
4176 4193 8346
4091 4170 8235
4188 4197 8359
4158 4171 8295
4100 4198 8272
4150 4156 8295
4139 4144 8279
4025 4150 8156
4185 4194 8355
4194 4200 8387
4155 4177 8297
4159 4180 8326
4139 4186 8304
4033 4153 8162
4101 4168 8234
4050 4067 8091
4165 4191 8338
4023 4123 8140
4116 4141 8248
4097 4168 8264
4195 4197 8356
4153 4198 8350
4022 4042 8028
4003 4153 8139
4042 4169 8207
4013 4180 8179
4036 4174 8201
4088 4125 8208
4079 4168 8219
4108 4180 8252
4159 4162 8285
4012 4071 8053
4062 4106 8155
4101 4188 8278
4100 4104 8175
4085 4109 8187
4101 4129 8219
4147 4178 8293
4057 4196 8221
4191 4197 8354
4112 4141 8230
4145 4153 8287
4128 4152 8276
4093 4158 8229
4030 4131 8131
4067 4074 8121
4075 4185 8237
4186 4191 8341
4195 4198 8377
4040 4045 8047
4066 4150 8187
4055 4107 8139
4168 4183 8329
4031 4130 8154
4129 4191 8317
4111 4129 8207
4088 4143 8198
4103 4132 8198
4029 4037 8034
4025 4195 8216
4069 4180 8237
4019 4146 8140
4113 4122 8221
4117 4168 8276
4139 4191 8300
4101 4175 8264
4020 4062 8051
4010 4070 8050
4099 4100 8187
4081 4108 8166
4166 4188 8323
4023 4107 8128
4003 4188 8161
4068 4180 8226
4059 4136 8160
4143 4175 8308
4148 4152 8287
4110 4172 8272
4183 4188 8366
4002 4112 8098
4084 4155 8216
4197 4200 8362
4027 4155 8158
4113 4196 8299
4150 4197 8313
4043 4162 8186
4111 4154 8247
4009 4032 8017
4087 4147 8204
4042 4076 8111
4192 4200 8381
4083 4198 8276
4154 4186 8338
4111 4196 8271
4045 4053 8094
4194 4200 8374
4046 4186 8229
4100 4195 8256
4141 4163 8289
4134 4195 8311
4167 4179 8339
4049 4184 8223
4155 4159 8283
4024 4051 8055
4147 4170 8296
4173 4194 8333
4164 4182 8329
4062 4140 8187
4118 4138 8242
4144 4173 8308
4008 4101 8082
4009 4020 7999
4136 4147 8254
4012 4016 8004
4080 4107 8167
4148 4156 8300
4189 4198 8373
4141 4159 8289
4048 4060 8086
4023 4158 8151
4038 4185 8202
4038 4132 8164
4078 4116 8167
4149 4179 8306
4014 4185 8174
4038 4061 8062
4145 4150 8282
4129 4176 8292
4192 4198 8363
4034 4073 8083
4029 4046 8067
4120 4143 8234
4192 4197 8358
4091 4187 8259
4166 4182 8317
4114 4157 8256
4095 4144 8237
4034 4066 8063
4068 4072 8121
4105 4127 8221
4107 4187 8287
4138 4152 8273
4086 4107 8173
4039 4133 8160
4126 4192 8297
4038 4163 8191
4146 4160 8275
4082 4102 8175
4014 4064 8041
4189 4193 8365
4148 4184 8316
4107 4132 8231
4078 4152 8216
4195 4197 8371
4013 4051 8057
4047 4080 8097
4011 4074 8070
4073 4106 8147
4030 4041 8033
4132 4149 8279
4017 4018 8008
4102 4111 8181
4062 4150 8192
4072 4144 8202
4175 4186 8322
4094 4187 8270
4168 4200 8334
4038 4080 8113
4000 4018 8003
4084 4105 8173
4033 4099 8124
4129 4184 8277
4036 4098 8127
4100 4104 8174
4113 4129 8209
4045 4111 8134
4159 4176 8317
4187 4190 8342
4055 4142 8173
4170 4197 8358
4169 4175 8337
4194 4200 8367
4075 4119 8193
4092 4109 8197
4174 4191 8358
4144 4187 8330
4198 4199 8374
4001 4025 7996
4054 4083 8126
4031 4095 8114
4077 4131 8196
4131 4153 8270
4024 4046 8046
4097 4124 8187
4086 4200 8267
4198 4199 8364
4003 4196 8179
4156 4196 8345
4090 4151 8220
4122 4181 8268
4046 4087 8114
4187 4197 8362
4132 4141 8246
4028 4080 8104
4072 4144 8178
4086 4169 8253
4041 4146 8164
4162 4196 8330
4138 4191 8311
4099 4126 8209
4041 4044 8065
4101 4172 8257
4077 4116 8158
4046 4193 8208
4149 4181 8293
4003 4016 7990
4095 4181 8269
4078 4155 8201
4178 4188 8341
4076 4193 8260
4170 4173 8321
4074 4131 8172
4181 4196 8338
4172 4181 8344
4118 4133 8244
4108 4165 8242
4127 4145 8240
4139 4152 8269
4109 4157 8254
4051 4193 8241
4011 4012 8004
4185 4194 8367
4080 4163 8225
4198 4200 8376
4110 4142 8227
4036 4073 8090
4001 4072 8055
4127 4181 8298
4182 4183 8359
4150 4197 8317
4168 4184 8333
4142 4195 8305
4015 4180 8175
4138 4155 8291
4082 4120 8189
4039 4199 8227
4050 4146 8180
4015 4059 8059
4136 4142 8242
4022 4080 8081
4199 4200 8379
4039 4181 8185
4132 4184 8292
4072 4153 8187
4029 4146 8165
4057 4163 8188
4066 4140 8188
4181 4196 8338
4112 4137 8246
4110 4155 8234
4076 4146 8216
4100 4122 8191
4138 4177 8277
4024 4145 8132
4150 4152 8273
4007 4053 8046
4053 4157 8191
4185 4200 8366
4084 4148 8219
4000 4015 7987
4000 4085 8070
4017 4193 8185
4185 4194 8357
4147 4197 8327
4193 4198 8388
4177 4187 8329
4010 4036 8031
4150 4152 8273
4178 4183 8322
4120 4123 8214
4098 4174 8268
4053 4130 8148
4087 4127 8182
4091 4188 8260
4199 4200 8370
4042 4086 8124
4071 4133 8195
4105 4198 8292
4141 4159 8294
4029 4171 8171
4144 4186 8321
4191 4192 8371
4137 4186 8309
4103 4104 8202
4105 4137 8239
4097 4169 8243
4041 4103 8120
4156 4166 8297
4123 4154 8274
4113 4158 8260
4075 4130 8199
4129 4180 8278
4056 4067 8122
4164 4180 8312
4156 4157 8279
4172 4175 8310
4166 4172 8314
4186 4198 8347
4162 4179 8334
4035 4092 8102
4062 4066 8093
4134 4163 8266
4076 4096 8135
4054 4077 8125
4168 4177 8319
4103 4129 8227
4177 4182 8335
4112 4163 8236
4042 4183 8200
4093 4108 8183
4006 4078 8075
4123 4132 8227
4105 4124 8202
4103 4104 8189
4004 4110 8087
4068 4083 8131
4199 4200 8379
4011 4088 8068
4129 4131 8243
4022 4163 8166
4150 4181 8299
4094 4168 8243
4134 4158 8283
4114 4174 8254
4196 4198 8379
4038 4071 8084
4114 4121 8204
4135 4186 8300
4000 4084 8078
4070 4161 8226
4133 4152 8256
4125 4196 8289
4084 4189 8262
4194 4195 8374
4167 4194 8338
4160 4184 8328
4084 4102 8178
4187 4192 8365
4186 4195 8357
4154 4156 8287
4101 4178 8261
4012 4200 8210
4062 4112 8173
4065 4180 8209
4146 4192 8334
4133 4159 8272
4108 4197 8294
4018 4133 8134
4100 4183 8264
4126 4147 8262
4061 4127 8170
4141 4187 8311
4112 4131 8233
4072 4194 8262
4076 4150 8224
4067 4108 8170
4093 4188 8279
4144 4192 8303
4026 4192 8206
4116 4172 8275
4134 4198 8300
4100 4144 8227
4089 4115 8172
4166 4171 8309
4085 4134 8202
4051 4190 8228
4099 4159 8252
4074 4122 8191
4010 4082 8072
4151 4170 8301
4131 4132 8228
4088 4160 8216
4034 4102 8105
4142 4185 8319
4076 4090 8160
4181 4182 8353
4091 4098 8186
4073 4138 8183
4162 4195 8343
4019 4143 8153
4008 4139 8142
4091 4198 8269
4014 4038 8034
4113 4133 8234
4056 4160 8191
4093 4165 8233
4062 4126 8159
4044 4140 8171
4012 4093 8090
4105 4144 8248
4188 4190 8368
4029 4157 8171
4080 4083 8158
4157 4163 8318
4118 4132 8246
4076 4172 8221
4130 4132 8256
4145 4167 8309
4031 4090 8113
4189 4196 8349
4033 4054 8072
4180 4199 8363
4100 4191 8255
4105 4188 8288
4048 4157 8195
4083 4174 8248
4177 4181 8326
4096 4181 8257
4108 4133 8237
4019 4068 8079
4125 4165 8276
4013 4016 8016
4051 4108 8128
4105 4146 8222
4164 4168 8313
4193 4198 8365
4006 4056 8056
4007 4118 8122
4036 4151 8152
4012 4020 8025
4103 4140 8207
4097 4183 8261
4034 4127 8155
4041 4198 8216
4158 4198 8320
4015 4048 8046
4157 4189 8320
4192 4193 8360
4041 4070 8089
4141 4180 8307
4124 4136 8231
4097 4099 8191
4147 4154 8270
4025 4148 8146
4092 4118 8209
4150 4155 8288
4143 4148 8265
4188 4192 8354
4197 4200 8385
4194 4199 8366
4069 4199 8240
4036 4052 8065
4174 4184 8352
4193 4195 8362
4181 4183 8339
4056 4065 8084
4054 4137 8164
4039 4101 8116
4089 4171 8237
4101 4185 8260
4157 4178 8299
4052 4173 8218
4048 4052 8074
4048 4100 8147
4058 4145 8181
4183 4198 8363
4064 4186 8229
4029 4047 8047
4022 4070 8088
4058 4113 8161
4132 4135 8235
4182 4197 8372
4001 4184 8150
4150 4151 8268
4183 4195 8373
4038 4066 8094
4092 4166 8248
4008 4154 8150
4175 4178 8325
4064 4125 8173
4063 4170 8203
4187 4200 8379
4158 4187 8338
4123 4186 8305
4036 4122 8145
4022 4090 8075
4038 4069 8080
4185 4188 8370
4156 4181 8316
4065 4111 8143
4011 4093 8084
4064 4143 8201
4001 4184 8150
4188 4199 8377
4077 4154 8202
4111 4153 8232
4020 4097 8096
4184 4195 8341
4031 4074 8073
4116 4163 8244
4080 4151 8201
4129 4132 8242
4137 4154 8260
4068 4195 8230
4055 4135 8178
4091 4198 8277
4117 4165 8256
4180 4187 8341
4067 4111 8145
4172 4196 8334
4025 4127 8126
4104 4168 8264
4136 4162 8265
4050 4087 8136
4128 4133 8224
4121 4178 8294
4184 4190 8339
4150 4159 8295
4022 4138 8148
4083 4145 8195
4047 4064 8110
4016 4021 8007
4083 4119 8181
4023 4040 8041
4193 4197 8356
4124 4189 8311
4120 4154 8272
4085 4100 8175
4017 4174 8185
4132 4168 8276
4001 4079 8055
4166 4176 8339
4180 4199 8349
4175 4191 8331
4186 4195 8364
4088 4190 8247
4173 4175 8345
4066 4129 8183
4197 4200 8376
4010 4124 8133
4066 4150 8214
4053 4144 8181
4163 4179 8336
4050 4071 8108
4143 4170 8279
4185 4199 8372
4009 4167 8166
4069 4085 8137
4042 4061 8085
4031 4056 8062
4021 4038 8039
4198 4200 8381
4031 4093 8103
4028 4151 8149
4089 4114 8169
4138 4194 8303
4005 4074 8050
4171 4175 8328
4024 4127 8150
4194 4198 8391
4073 4189 8245
4011 4173 8162
4191 4198 8385
4170 4175 8324
4121 4185 8281
4106 4110 8214
4062 4141 8185
4113 4174 8254
4180 4185 8334
4073 4147 8184
4143 4181 8316
4160 4173 8318
4120 4138 8222
4138 4190 8303
4182 4200 8358
4104 4121 8220
4045 4145 8163
4022 4182 8202
4170 4182 8344
4143 4183 8320
4017 4158 8160
4035 4192 8216
4083 4098 8154
4163 4195 8328
4179 4195 8340
4036 4071 8083
4189 4193 8358
4177 4181 8340
4060 4075 8104
4123 4128 8219
4029 4163 8161
4079 4100 8154
4115 4159 8244
4028 4086 8105
4089 4091 8163
4024 4048 8057
4016 4093 8080
4115 4171 8258
4109 4174 8267
4103 4152 8226
4059 4081 8105
4113 4154 8235
4187 4195 8367
4095 4175 8267
4143 4184 8311
4122 4139 8224
4170 4176 8338
4018 4062 8046
4097 4158 8242
4122 4141 8230
4188 4199 8363
4191 4200 8355
4062 4135 8169
4040 4125 8150

0.010000 0.730000
