100
296301
4217 4283 8500
4173 4242 8415
4132 4299 8431
4189 4214 8403
4259 4267 8526
4184 4242 8426
4212 4250 8462
4188 4290 8478
4266 4293 8559
4256 4294 8550
4268 4279 8547
4289 4297 8586
4191 4267 8458
4107 4279 8386
4291 4294 8585
4266 4280 8546
4168 4229 8397
4221 4253 8474
4273 4285 8558
4117 4161 8278
4174 4232 8406
4238 4273 8511
4129 4163 8292
4156 4232 8388
4260 4300 8560
4122 4281 8403
4100 4285 8385
4202 4239 8441
4210 4223 8433
4106 4281 8387
4120 4219 8339
4199 4241 8440
4194 4218 8412
4226 4282 8508
4227 4269 8496
4233 4252 8485
4186 4272 8458
4186 4194 8380
4130 4190 8320
4221 4296 8517
4187 4224 8411
4233 4295 8528
4254 4289 8543
4165 4297 8462
4185 4207 8392
4175 4217 8392
4264 4295 8559
4105 4285 8390
4243 4244 8487
4266 4280 8546
4227 4260 8487
4187 4295 8482
4228 4234 8462
4188 4270 8458
4107 4236 8343
4157 4246 8403
4234 4258 8492
4179 4232 8411
4268 4283 8551
4198 4230 8428
4110 4282 8392
4154 4174 8328
4109 4300 8409
4111 4280 8391
4181 4216 8397
4174 4179 8353
4150 4189 8339
4295 4299 8594
4277 4292 8569
4107 4153 8260
4150 4286 8436
4213 4220 8433
4219 4261 8480
4128 4265 8393
4154 4181 8335
4263 4267 8530
4140 4296 8436
4240 4278 8518
4298 4300 8598
4254 4285 8539
4178 4246 8424
4107 4268 8375
4269 4271 8540
4206 4247 8453
4217 4298 8515
4221 4244 8465
4176 4181 8357
4283 4290 8573
4106 4277 8383
4190 4215 8405
4114 4146 8260
4253 4255 8508
4143 4249 8392
4298 4299 8597
4227 4261 8488
4256 4288 8544
4103 4221 8324
4257 4265 8522
4149 4269 8418
4181 4231 8412

4117 4183 8276
4073 4142 8187
4032 4199 8216
4089 4114 8194
4159 4167 8305
4084 4142 8221
4112 4150 8238
4088 4190 8263
4166 4193 8323
4156 4194 8315
4168 4179 8330
4189 4197 8384
4091 4167 8229
4007 4179 8180
4191 4194 8350
4166 4180 8336
4068 4129 8161
4121 4153 8259
4173 4185 8351
4017 4061 8070
4074 4132 8190
4138 4173 8295
4029 4063 8076
4056 4132 8174
4160 4200 8331
4022 4181 8170
4000 4185 8164
4102 4139 8237
4110 4123 8207
4006 4181 8152
4020 4119 8112
4099 4141 8223
4094 4118 8178
4126 4182 8278
4127 4169 8257
4133 4152 8250
4086 4172 8244
4086 4094 8178
4030 4090 8099
4121 4196 8279
4087 4124 8196
4133 4195 8309
4154 4189 8307
4065 4197 8258
4085 4107 8168
4075 4117 8176
4164 4195 8326
4005 4185 8179
4143 4144 8257
4166 4180 8340
4127 4160 8259
4087 4195 8245
4128 4134 8242
4088 4170 8225
4007 4136 8110
4057 4146 8200
4134 4158 8265
4079 4132 8202
4168 4183 8336
4098 4130 8196
4010 4182 8179
4054 4074 8091
4009 4200 8187
4011 4180 8182
4081 4116 8162
4074 4079 8151
4050 4089 8119
4195 4199 8390
4177 4192 8350
4007 4053 8034
4050 4186 8231
4113 4120 8222
4119 4161 8278
4028 4165 8188
4054 4081 8097
4163 4167 8314
4040 4196 8211
4140 4178 8298
4198 4200 8382
4154 4185 8320
4078 4146 8190
4007 4168 8164
4169 4171 8338
4106 4147 8224
4117 4198 8300
4121 4144 8251
4076 4081 8136
4183 4190 8360
4006 4177 8157
4090 4115 8200
4014 4046 8040
4153 4155 8298
4043 4149 8161
4198 4199 8373
4127 4161 8267
4156 4188 8338
4003 4121 8091
4157 4165 8313
4049 4169 8217
4081 4131 8179

0.010000 0.360000
