1000
5759567
4154 4283 8437
4124 4277 8401
4188 4298 8486
4135 4252 8387
4194 4209 8403
4198 4260 8458
4286 4289 8575
4157 4274 8431
4111 4211 8322
4157 4239 8396
4262 4297 8559
4182 4204 8386
4235 4275 8510
4246 4269 8515
4277 4294 8571
4180 4187 8367
4142 4158 8300
4164 4233 8397
4215 4248 8463
4280 4288 8568
4236 4289 8525
4282 4291 8573
4107 4254 8361
4124 4156 8280
4160 4165 8325
4103 4233 8336
4141 4241 8382
4237 4286 8523
4282 4296 8578
4210 4211 8421
4168 4232 8400
4188 4190 8378
4142 4278 8420
4262 4298 8560
4231 4250 8481
4268 4290 8558
4239 4250 8489
4143 4294 8437
4276 4296 8572
4249 4300 8549
4163 4282 8445
4166 4289 8455
4274 4275 8549
4168 4266 8434
4240 4265 8505
4218 4263 8481
4200 4221 8421
4273 4278 8551
4263 4280 8543
4248 4287 8535
4198 4299 8497
4164 4185 8349
4182 4239 8421
4220 4229 8449
4220 4258 8478
4236 4270 8506
4140 4269 8409
4112 4162 8274
4120 4214 8334
4261 4290 8551
4240 4244 8484
4285 4291 8576
4272 4298 8570
4148 4197 8345
4210 4262 8472
4128 4199 8327
4112 4159 8271
4207 4298 8505
4117 4123 8240
4288 4293 8581
4197 4218 8415
4146 4196 8342
4132 4246 8378
4157 4241 8398
4146 4182 8328
4132 4239 8371
4116 4253 8369
4131 4153 8284
4218 4233 8451
4202 4232 8434
4147 4261 8408
4127 4220 8347
4151 4255 8406
4179 4265 8444
4287 4294 8581
4193 4212 8405
4210 4260 8470
4172 4237 8409
4232 4294 8526
4227 4234 8461
4179 4246 8425
4124 4223 8347
4153 4185 8338
4113 4199 8312
4299 4300 8599
4235 4267 8502
4140 4141 8281
4179 4286 8465
4295 4298 8593
4143 4162 8305
4181 4193 8374
4127 4264 8391
4230 4263 8493
4135 4181 8316
4234 4261 8495
4106 4118 8224
4294 4298 8592
4116 4118 8234
4241 4260 8501
4240 4261 8501
4188 4223 8411
4205 4265 8470
4121 4187 8308
4242 4250 8492
4186 4187 8373
4219 4226 8445
4125 4291 8416
4161 4201 8362
4253 4280 8533
4100 4211 8311
4285 4296 8581
4296 4300 8596
4103 4117 8220
4291 4297 8588
4134 4259 8393
4199 4274 8473
4153 4274 8427
4256 4299 8555
4205 4284 8489
4237 4283 8520
4108 4224 8332
4181 4209 8390
4295 4299 8594
4117 4194 8311
4145 4211 8356
4137 4152 8289
4212 4265 8477
4229 4287 8516
4271 4298 8569
4240 4246 8486
4101 4208 8309
4195 4241 8436
4221 4280 8501
4259 4261 8520
4274 4278 8552
4210 4229 8439
4152 4258 8410
4164 4185 8349
4249 4295 8544
4140 4281 8421
4278 4297 8575
4261 4262 8523
4107 4223 8330
4104 4298 8402
4210 4248 8458
4138 4283 8421
4144 4241 8385
4165 4220 8385
4155 4245 8400
4284 4291 8575
4109 4117 8226
4239 4266 8505
4288 4298 8586
4272 4289 8561
4267 4282 8549
4235 4240 8475
4166 4227 8393
4271 4274 8545
4275 4299 8574
4118 4281 8399
4196 4234 8430
4176 4288 8464
4193 4196 8389
4267 4280 8547
4149 4285 8434
4203 4211 8414
4127 4184 8311
4181 4273 8454
4200 4208 8408
4143 4223 8366
4154 4161 8315
4169 4232 8401
4268 4273 8541
4255 4256 8511
4201 4264 8465
4113 4199 8312
4159 4234 8393
4296 4298 8594
4252 4268 8520
4197 4245 8442
4279 4289 8568
4159 4223 8382
4283 4289 8572
4194 4249 8443
4234 4280 8514
4121 4125 8246
4249 4270 8519
4215 4288 8503
4299 4300 8599
4122 4292 8414
4224 4290 8514
4270 4281 8551
4197 4221 8418
4138 4225 8363
4261 4283 8544
4184 4196 8380
4125 4149 8274
4174 4223 8397
4254 4291 8545
4221 4255 8476
4186 4247 8433
4132 4273 8405
4250 4266 8516
4146 4274 8420
4191 4196 8387
4281 4290 8571
4233 4285 8518
4188 4256 8444
4107 4119 8226
4206 4292 8498
4109 4267 8376
4101 4237 8338
4288 4289 8577
4152 4199 8351
4121 4128 8249
4117 4197 8314
4154 4156 8310
4279 4284 8563
4104 4179 8283
4283 4285 8568
4274 4283 8557
4274 4295 8569
4152 4169 8321
4155 4187 8342
4299 4300 8599
4233 4248 8481
4193 4228 8421
4298 4299 8597
4252 4278 8530
4179 4221 8400
4263 4272 8535
4296 4297 8593
4166 4297 8463
4258 4282 8540
4223 4261 8484
4159 4227 8386
4135 4280 8415
4276 4291 8567
4129 4145 8274
4242 4277 8519
4120 4161 8281
4195 4219 8414
4106 4165 8271
4143 4191 8334
4195 4274 8469
4167 4261 8428
4277 4284 8561
4295 4298 8593
4193 4248 8441
4115 4135 8250
4210 4229 8439
4157 4294 8451
4106 4254 8360
4142 4152 8294
4286 4289 8575
4287 4291 8578
4269 4272 8541
4275 4287 8562
4188 4287 8475
4121 4231 8352
4186 4261 8447
4187 4233 8420
4292 4299 8591
4184 4290 8474
4205 4281 8486
4161 4285 8446
4138 4231 8369
4118 4161 8279
4245 4294 8539
4103 4293 8396
4210 4240 8450
4121 4223 8344
4261 4288 8549
4104 4237 8341
4250 4285 8535
4177 4191 8368
4234 4300 8534
4142 4283 8425
4200 4258 8458
4162 4240 8402
4294 4298 8592
4108 4142 8250
4285 4300 8585
4143 4266 8409
4164 4215 8379
4142 4196 8338
4177 4189 8366
4216 4261 8477
4107 4273 8380
4265 4273 8538
4191 4260 8451
4117 4237 8354
4207 4245 8452
4134 4138 8272
4235 4275 8510
4236 4274 8510
4230 4260 8490
4235 4294 8529
4171 4248 8419
4160 4210 8370
4112 4201 8313
4227 4234 8461
4228 4248 8476
4115 4244 8359
4203 4266 8469
4124 4276 8400
4222 4230 8452
4149 4205 8354
4260 4295 8555
4242 4246 8488
4202 4288 8490
4253 4288 8541
4241 4247 8488
4259 4286 8545
4162 4208 8370
4104 4108 8212
4134 4142 8276
4188 4278 8466
4104 4171 8275
4272 4278 8550
4150 4249 8399
4282 4289 8571
4122 4247 8369
4247 4248 8495
4212 4264 8476
4187 4207 8394
4286 4295 8581
4108 4198 8306
4210 4241 8451
4149 4171 8320
4210 4273 8483
4245 4278 8523
4153 4297 8450
4279 4296 8575
4223 4297 8520
4254 4290 8544
4281 4288 8569
4128 4275 8403
4286 4288 8574
4162 4257 8419
4146 4250 8396
4270 4293 8563
4218 4260 8478
4112 4156 8268
4187 4257 8444
4184 4206 8390
4184 4233 8417
4263 4267 8530
4226 4229 8455
4125 4298 8423
4276 4288 8564
4253 4267 8520
4173 4249 8422
4158 4162 8320
4285 4292 8577
4157 4201 8358
4184 4221 8405
4146 4187 8333
4227 4272 8499
4232 4270 8502
4216 4237 8453
4162 4280 8442
4287 4288 8575
4189 4271 8460
4134 4168 8302
4220 4231 8451
4170 4258 8428
4212 4290 8502
4207 4269 8476
4172 4252 8424
4114 4258 8372
4144 4281 8425
4219 4262 8481
4192 4269 8461
4186 4215 8401
4259 4286 8545
4219 4234 8453
4242 4255 8497
4241 4292 8533
4134 4155 8289
4168 4246 8414
4268 4269 8537
4197 4249 8446
4169 4196 8365
4184 4220 8404
4175 4212 8387
4288 4297 8585
4288 4292 8580
4260 4268 8528
4244 4290 8534
4243 4250 8493
4248 4286 8534
4120 4158 8278
4176 4206 8382
4145 4151 8296
4201 4204 8405
4178 4230 8408
4114 4130 8244
4271 4298 8569
4163 4189 8352
4189 4298 8487
4223 4272 8495
4290 4300 8590
4279 4280 8559
4159 4218 8377
4272 4291 8563
4232 4251 8483
4254 4261 8515
4129 4274 8403
4282 4283 8565
4163 4261 8424
4284 4293 8577
4239 4261 8500
4190 4282 8472
4131 4236 8367
4267 4270 8537
4200 4210 8410
4291 4297 8588
4290 4291 8581
4169 4237 8406
4263 4276 8539
4113 4177 8290
4173 4215 8388
4268 4281 8549
4266 4278 8544
4111 4268 8379
4241 4260 8501
4143 4198 8341
4258 4298 8556
4152 4247 8399
4284 4295 8579
4261 4297 8558
4180 4275 8455
4137 4288 8425
4141 4285 8426
4174 4253 8427
4166 4283 8449
4143 4158 8301
4213 4260 8473
4161 4295 8456
4214 4218 8432
4295 4300 8595
4263 4299 8562
4273 4286 8559
4239 4280 8519
4206 4217 8423
4269 4279 8548
4170 4233 8403
4268 4272 8540
4250 4300 8550
4293 4298 8591
4118 4137 8255
4169 4219 8388
4216 4257 8473
4291 4292 8583
4180 4252 8432
4135 4180 8315
4104 4223 8327
4207 4273 8480
4241 4256 8497
4200 4263 8463
4127 4290 8417
4202 4260 8462
4201 4263 8464
4195 4261 8456
4116 4163 8279
4244 4269 8513
4263 4294 8557
4193 4278 8471
4101 4106 8207
4281 4292 8573
4156 4194 8350
4169 4198 8367
4194 4262 8456
4197 4272 8469
4253 4278 8531
4224 4242 8466
4154 4267 8421
4269 4292 8561
4176 4237 8413
4108 4273 8381
4149 4184 8333
4207 4242 8449
4217 4260 8477
4106 4146 8252
4250 4269 8519
4259 4263 8522
4176 4295 8471
4142 4256 8398
4171 4222 8393
4123 4205 8328
4237 4262 8499
4219 4220 8439
4198 4248 8446
4208 4255 8463
4279 4286 8565
4290 4297 8587
4141 4204 8345
4215 4292 8507
4170 4227 8397
4111 4160 8271
4241 4276 8517
4148 4269 8417
4119 4198 8317
4130 4161 8291
4202 4220 8422
4165 4282 8447
4232 4243 8475
4267 4279 8546
4210 4263 8473
4209 4261 8470
4220 4237 8457
4145 4216 8361
4260 4266 8526
4225 4294 8519
4265 4284 8549
4227 4268 8495
4143 4242 8385
4206 4218 8424
4192 4286 8478
4207 4220 8427
4279 4290 8569
4277 4282 8559
4237 4293 8530
4147 4208 8355
4222 4272 8494
4184 4286 8470
4239 4244 8483
4122 4138 8260
4183 4294 8477
4286 4299 8585
4205 4298 8503
4249 4300 8549
4123 4279 8402
4253 4271 8524
4106 4118 8224
4169 4177 8346
4296 4298 8594
4278 4284 8562
4243 4258 8501
4127 4235 8362
4215 4250 8465
4202 4222 8424
4214 4278 8492
4169 4219 8388
4174 4290 8464
4115 4297 8412
4253 4286 8539
4299 4300 8599
4222 4286 8508
4220 4284 8504
4204 4221 8425
4187 4267 8454
4245 4294 8539
4236 4269 8505
4136 4182 8318
4273 4278 8551
4222 4258 8480
4136 4227 8363
4129 4137 8266
4218 4299 8517
4288 4290 8578
4265 4286 8551
4241 4274 8515
4149 4263 8412
4277 4298 8575
4102 4154 8256
4245 4290 8535
4159 4199 8358
4164 4299 8463
4194 4235 8429
4172 4208 8380
4116 4219 8335
4273 4278 8551
4119 4201 8320
4110 4284 8394
4111 4152 8263
4299 4300 8599
4292 4293 8585
4167 4254 8421
4211 4252 8463
4111 4246 8357
4117 4294 8411
4228 4232 8460
4105 4113 8218
4100 4202 8302
4250 4258 8508
4181 4294 8475
4268 4277 8545
4287 4298 8585
4234 4276 8510
4101 4183 8284
4210 4218 8428
4120 4220 8340
4103 4236 8339
4206 4239 8445
4213 4218 8431
4293 4298 8591
4189 4211 8400
4273 4282 8555
4211 4226 8437
4181 4288 8469
4215 4263 8478
4236 4259 8495
4171 4227 8398
4255 4263 8518
4194 4298 8492
4132 4167 8299
4168 4243 8411
4157 4168 8325
4182 4220 8402
4278 4282 8560
4137 4271 8408
4139 4160 8299
4241 4260 8501
4153 4204 8357
4225 4239 8464
4189 4230 8419
4205 4260 8465
4286 4298 8584
4124 4142 8266
4105 4283 8388
4108 4112 8220
4155 4247 8402
4299 4300 8599
4160 4239 8399
4234 4269 8503
4253 4266 8519
4225 4263 8488
4195 4233 8428
4275 4297 8572
4100 4114 8214
4206 4237 8443
4131 4257 8388
4254 4285 8539
4203 4264 8467
4106 4187 8293
4234 4289 8523
4121 4271 8392
4248 4278 8526
4110 4133 8243
4185 4244 8429
4287 4297 8584
4218 4296 8514
4207 4296 8503
4130 4165 8295
4199 4275 8474
4177 4197 8374
4212 4230 8442
4143 4236 8379
4206 4289 8495
4146 4149 8295
4289 4297 8586
4259 4277 8536
4150 4237 8387
4259 4281 8540
4252 4294 8546
4104 4260 8364
4232 4284 8516
4188 4195 8383
4255 4274 8529
4176 4188 8364
4112 4237 8349
4112 4199 8311
4158 4271 8429
4224 4294 8518
4135 4179 8314
4202 4260 8462
4164 4280 8444
4209 4268 8477
4158 4160 8318
4299 4300 8599
4208 4243 8451
4138 4243 8381
4288 4299 8587
4107 4184 8291
4236 4280 8516
4203 4220 8423
4224 4262 8486
4238 4254 8492
4201 4269 8470
4107 4270 8377
4132 4290 8422
4153 4157 8310
4260 4271 8531
4237 4263 8500
4282 4297 8579
4158 4176 8334
4245 4292 8537
4263 4289 8552
4218 4270 8488
4148 4245 8393
4297 4298 8595
4155 4164 8319
4147 4269 8416
4131 4153 8284
4157 4249 8406
4105 4162 8267
4193 4268 8461
4151 4230 8381
4102 4166 8268
4285 4286 8571
4287 4296 8583
4131 4173 8304
4238 4259 8497
4150 4295 8445
4281 4297 8578
4193 4222 8415
4225 4263 8488
4151 4174 8325
4180 4296 8476
4246 4298 8544
4264 4273 8537
4241 4254 8495
4209 4259 8468
4187 4243 8430
4124 4264 8388
4225 4237 8462
4151 4220 8371
4234 4272 8506
4255 4299 8554
4229 4298 8527
4224 4268 8492
4190 4220 8410
4295 4297 8592
4157 4203 8360
4126 4296 8422
4191 4198 8389
4259 4264 8523
4249 4272 8521
4246 4250 8496
4228 4265 8493
4266 4272 8538
4294 4295 8589
4221 4225 8446
4265 4285 8550
4145 4179 8324
4205 4242 8447
4233 4253 8486
4108 4117 8225
4261 4300 8561
4293 4295 8588
4155 4290 8445
4123 4228 8351
4241 4266 8507
4288 4291 8579
4107 4272 8379
4152 4230 8382
4154 4175 8329
4268 4281 8549
4100 4133 8233
4280 4282 8562
4192 4293 8485
4148 4254 8402
4193 4252 8445
4161 4238 8399
4111 4190 8301
4102 4271 8373
4151 4272 8423
4130 4151 8281
4254 4291 8545
4270 4272 8542
4116 4237 8353
4295 4299 8594
4255 4285 8540
4235 4247 8482
4167 4257 8424
4198 4226 8424
4208 4283 8491
4272 4285 8557
4298 4299 8597
4148 4280 8428
4120 4133 8253
4150 4164 8314
4237 4255 8492
4228 4271 8499
4245 4294 8539
4105 4160 8265
4139 4277 8416
4144 4285 8429
4205 4272 8477
4121 4250 8371
4234 4285 8519
4297 4299 8596
4243 4300 8543
4241 4266 8507
4214 4282 8496
4164 4240 8404
4299 4300 8599
4173 4246 8419
4223 4264 8487
4230 4276 8506
4208 4262 8470
4168 4226 8394
4140 4274 8414
4114 4293 8407
4254 4286 8540
4172 4228 8400
4295 4297 8592
4264 4300 8564
4179 4213 8392
4135 4151 8286
4266 4300 8566
4297 4299 8596
4227 4228 8455
4274 4297 8571
4169 4214 8383
4192 4300 8492
4155 4223 8378
4235 4264 8499
4233 4265 8498
4116 4123 8239
4157 4211 8368
4125 4171 8296
4153 4291 8444
4123 4249 8372
4189 4279 8468
4119 4122 8241
4288 4300 8588
4265 4290 8555
4194 4209 8403
4259 4281 8540
4134 4254 8388
4178 4232 8410
4153 4266 8419
4224 4246 8470
4270 4296 8566
4196 4300 8496
4165 4220 8385
4139 4144 8283
4235 4278 8513
4209 4212 8421
4147 4275 8422
4121 4255 8376
4146 4241 8387
4227 4299 8526
4165 4228 8393
4216 4233 8449
4128 4169 8297
4193 4213 8406
4156 4239 8395
4167 4214 8381
4293 4298 8591
4274 4280 8554
4274 4285 8559
4267 4274 8541
4185 4271 8456
4272 4298 8570
4256 4263 8519
4268 4276 8544
4125 4255 8380
4183 4232 8415
4189 4249 8438
4175 4220 8395
4139 4276 8415
4134 4214 8348
4255 4292 8547
4238 4290 8528
4162 4261 8423
4213 4299 8512
4183 4250 8433
4197 4251 8448
4244 4288 8532
4215 4218 8433
4167 4241 8408
4215 4238 8453
4186 4293 8479
4106 4190 8296
4166 4171 8337
4225 4252 8477
4250 4275 8525
4278 4286 8564
4135 4282 8417
4204 4253 8457
4135 4214 8349
4155 4194 8349
4109 4141 8250
4121 4264 8385
4249 4284 8533
4199 4258 8457
4267 4273 8540
4160 4242 8402
4181 4295 8476
4294 4297 8591
4291 4295 8586
4138 4299 8437
4192 4291 8483
4234 4268 8502
4156 4235 8391
4121 4276 8397
4223 4278 8501
4228 4233 8461
4217 4242 8459
4141 4273 8414
4210 4291 8501
4108 4191 8299
4199 4240 8439
4144 4215 8359
4282 4290 8572
4223 4249 8472
4150 4167 8317
4252 4284 8536
4199 4206 8405
4135 4146 8281
4116 4202 8318
4203 4246 8449
4150 4174 8324
4216 4233 8449
4197 4220 8417
4135 4230 8365
4266 4267 8533
4263 4276 8539
4118 4226 8344
4284 4290 8574
4258 4275 8533
4165 4239 8404
4132 4133 8265
4132 4280 8412
4267 4274 8541
4254 4297 8551
4264 4279 8543
4202 4278 8480
4103 4260 8363
4227 4297 8524
4197 4287 8484
4232 4246 8478
4213 4300 8513
4119 4220 8339
4276 4295 8571
4253 4299 8552
4273 4300 8573
4288 4292 8580
4158 4211 8369
4177 4266 8443
4135 4146 8281
4228 4239 8467
4259 4266 8525
4268 4286 8554
4147 4295 8442
4271 4298 8569
4131 4209 8340
4151 4274 8425
4148 4172 8320
4170 4184 8354
4242 4272 8514
4176 4226 8402
4234 4284 8518
4190 4279 8469
4128 4238 8366
4100 4271 8371
4173 4183 8356
4210 4211 8421
4289 4300 8589
4192 4280 8472
4128 4219 8347
4153 4251 8404
4242 4262 8504
4265 4271 8536
4196 4264 8460
4288 4295 8583
4229 4279 8508
4205 4300 8505
4113 4210 8323
4175 4272 8447
4181 4277 8458
4250 4267 8517
4209 4294 8503
4261 4285 8546
4293 4294 8587
4214 4237 8451
4142 4272 8414
4226 4256 8482
4253 4264 8517
4278 4300 8578
4199 4202 8401
4159 4238 8397
4206 4230 8436
4187 4198 8385
4167 4237 8404
4184 4297 8481
4248 4276 8524
4226 4243 8469
4278 4286 8564
4294 4300 8594
4113 4146 8259
4252 4276 8528
4171 4211 8382
4142 4154 8296
4288 4290 8578
4262 4287 8549

4054 4183 8224
4024 4177 8200
4088 4198 8262
4035 4152 8166
4094 4109 8166
4098 4160 8255
4186 4189 8359
4057 4174 8203
4011 4111 8103
4057 4139 8176
4162 4197 8353
4082 4104 8173
4135 4175 8277
4146 4169 8278
4177 4194 8359
4080 4087 8163
4042 4058 8090
4064 4133 8187
4115 4148 8255
4180 4188 8357
4136 4189 8306
4182 4191 8356
4007 4154 8140
4024 4056 8070
4060 4065 8105
4003 4133 8135
4041 4141 8169
4137 4186 8291
4182 4196 8340
4110 4111 8200
4068 4132 8169
4088 4090 8167
4042 4178 8215
4162 4198 8332
4131 4150 8273
4168 4190 8350
4139 4150 8267
4043 4194 8232
4176 4196 8349
4149 4200 8345
4063 4182 8209
4066 4189 8239
4174 4175 8347
4068 4166 8196
4140 4165 8300
4118 4163 8247
4100 4121 8191
4173 4178 8324
4163 4180 8340
4148 4187 8327
4098 4199 8276
4064 4085 8144
4082 4139 8201
4120 4129 8220
4120 4158 8259
4136 4170 8280
4040 4169 8197
4012 4062 8072
4020 4114 8125
4161 4190 8313
4140 4144 8247
4185 4191 8341
4172 4198 8361
4048 4097 8121
4110 4162 8256
4028 4099 8115
4012 4059 8056
4107 4198 8270
4017 4023 8024
4188 4193 8350
4097 4118 8190
4046 4096 8117
4032 4146 8150
4057 4141 8168
4046 4082 8116
4032 4139 8168
4016 4153 8157
4031 4053 8055
4118 4133 8235
4102 4132 8232
4047 4161 8176
4027 4120 8146
4051 4155 8174
4079 4165 8226
4187 4194 8362
4093 4112 8200
4110 4160 8238
4072 4137 8191
4132 4194 8301
4127 4134 8237
4079 4146 8215
4024 4123 8113
4053 4085 8126
4013 4099 8108
4199 4200 8383
4135 4167 8265
4040 4041 8049
4079 4186 8237
4195 4198 8357
4043 4062 8099
4081 4093 8170
4027 4164 8185
4130 4163 8275
4035 4081 8091
4134 4161 8274
4006 4018 8001
4194 4198 8386
4016 4018 8022
4141 4160 8299
4140 4161 8294
4088 4123 8204
4105 4165 8253
4021 4087 8092
4142 4150 8290
4086 4087 8136
4119 4126 8220
4025 4191 8189
4061 4101 8124
4153 4180 8294
4000 4111 8110
4185 4196 8348
4196 4200 8365
4003 4017 8007
4191 4197 8370
4034 4159 8168
4099 4174 8256
4053 4174 8207
4156 4199 8319
4105 4184 8274
4137 4183 8306
4008 4124 8097
4081 4109 8184
4195 4199 8370
4017 4094 8074
4045 4111 8147
4037 4052 8081
4112 4165 8256
4129 4187 8307
4171 4198 8351
4140 4146 8280
4001 4108 8095
4095 4141 8207
4121 4180 8295
4159 4161 8305
4174 4178 8336
4110 4129 8209
4052 4158 8190
4064 4085 8123
4149 4195 8319
4040 4181 8210
4178 4197 8342
4161 4162 8312
4007 4123 8124
4004 4198 8172
4110 4148 8221
4038 4183 8217
4044 4141 8151
4065 4120 8152
4055 4145 8196
4184 4191 8369
4009 4017 8011
4139 4166 8276
4188 4198 8349
4172 4189 8344
4167 4182 8316
4135 4140 8245
4066 4127 8164
4171 4174 8320
4175 4199 8369
4018 4181 8192
4096 4134 8203
4076 4188 8256
4093 4096 8168
4167 4180 8346
4049 4185 8196
4103 4111 8184
4027 4084 8075
4081 4173 8227
4100 4108 8180
4043 4123 8146
4054 4061 8109
4069 4132 8172
4168 4173 8315
4155 4156 8278
4101 4164 8254
4013 4099 8104
4059 4134 8174
4196 4198 8365
4152 4168 8281
4097 4145 8227
4179 4189 8359
4059 4123 8157
4183 4189 8340
4094 4149 8220
4134 4180 8295
4021 4025 8020
4149 4170 8298
4115 4188 8273
4199 4200 8394
4022 4192 8197
4124 4190 8283
4170 4181 8321
4097 4121 8209
4038 4125 8148
4161 4183 8339
4084 4096 8154
4025 4049 8040
4074 4123 8194
4154 4191 8340
4121 4155 8260
4086 4147 8223
4032 4173 8185
4150 4166 8278
4046 4174 8200
4091 4096 8160
4181 4190 8367
4133 4185 8306
4088 4156 8221
4007 4019 7989
4106 4192 8263
4009 4167 8163
4001 4137 8105
4188 4189 8360
4052 4099 8114
4021 4028 8038
4017 4097 8098
4054 4056 8079
4179 4184 8360
4004 4079 8059
4183 4185 8362
4174 4183 8346
4174 4195 8331
4052 4069 8083
4055 4087 8107
4199 4200 8374
4133 4148 8260
4093 4128 8217
4198 4199 8386
4152 4178 8296
4079 4121 8190
4163 4172 8325
4196 4197 8376
4066 4197 8260
4158 4182 8323
4123 4161 8250
4059 4127 8149
4035 4180 8199
4176 4191 8366
4029 4045 8044
4142 4177 8288
4020 4061 8046
4095 4119 8185
4006 4065 8070
4043 4091 8099
4095 4174 8253
4067 4161 8211
4177 4184 8342
4195 4198 8370
4093 4148 8232
4015 4035 8024
4110 4129 8216
4057 4194 8234
4006 4154 8157
4042 4052 8058
4186 4189 8348
4187 4191 8348
4169 4172 8302
4175 4187 8352
4088 4187 8259
4021 4131 8128
4086 4161 8228
4087 4133 8219
4192 4199 8383
4084 4190 8270
4105 4181 8249
4061 4185 8234
4038 4131 8158
4018 4061 8047
4145 4194 8332
4003 4193 8169
4110 4140 8237
4021 4123 8115
4161 4188 8347
4004 4137 8108
4150 4185 8315
4077 4091 8141
4134 4200 8313
4042 4183 8199
4100 4158 8219
4062 4140 8194
4194 4198 8355
4008 4042 8016
4185 4200 8347
4043 4166 8174
4064 4115 8152
4042 4096 8107
4077 4089 8154
4116 4161 8259
4007 4173 8150
4165 4173 8307
4091 4160 8224
4017 4137 8117
4107 4145 8213
4034 4038 8058
4135 4175 8280
4136 4174 8287
4130 4160 8283
4135 4194 8295
4071 4148 8182
4060 4110 8143
4012 4101 8088
4127 4134 8231
4128 4148 8251
4015 4144 8152
4103 4166 8241
4024 4176 8198
4122 4130 8233
4049 4105 8126
4160 4195 8342
4142 4146 8254
4102 4188 8262
4153 4188 8322
4141 4147 8280
4159 4186 8313
4062 4108 8166
4004 4008 7980
4034 4042 8047
4088 4178 8238
4004 4071 8071
4172 4178 8332
4050 4149 8194
4182 4189 8343
4022 4147 8166
4147 4148 8257
4112 4164 8242
4087 4107 8170
4186 4195 8357
4008 4098 8084
4110 4141 8242
4049 4071 8101
4110 4173 8277
4145 4178 8314
4053 4197 8220
4179 4196 8361
4123 4197 8283
4154 4190 8306
4181 4188 8362
4028 4175 8175
4186 4188 8373
4062 4157 8215
4046 4150 8187
4170 4193 8338
4118 4160 8266
4012 4056 8057
4087 4157 8223
4084 4106 8166
4084 4133 8214
4163 4167 8305
4126 4129 8221
4025 4198 8187
4176 4188 8356
4153 4167 8316
4073 4149 8201
4058 4062 8100
4185 4192 8371
4057 4101 8131
4084 4121 8174
4046 4087 8101
4127 4172 8270
4132 4170 8292
4116 4137 8242
4062 4180 8235
4187 4188 8366
4089 4171 8240
4034 4068 8099
4120 4131 8213
4070 4158 8221
4112 4190 8286
4107 4169 8248
4072 4152 8195
4014 4158 8142
4044 4181 8212
4119 4162 8276
4092 4169 8224
4086 4115 8168
4159 4186 8310
4119 4134 8231
4142 4155 8261
4141 4192 8326
4034 4055 8053
4068 4146 8187
4168 4169 8305
4097 4149 8217
4069 4096 8127
4084 4120 8177
4075 4112 8181
4188 4197 8357
4188 4192 8345
4160 4168 8315
4144 4190 8299
4143 4150 8268
4148 4186 8310
4020 4058 8060
4076 4106 8153
4045 4051 8060
4101 4104 8196
4078 4130 8175
4014 4030 8019
4171 4198 8336
4063 4089 8121
4089 4198 8266
4123 4172 8260
4190 4200 8378
4179 4180 8348
4059 4118 8167
4172 4191 8326
4132 4151 8259
4154 4161 8290
4029 4174 8176
4182 4183 8338
4063 4161 8193
4184 4193 8371
4139 4161 8295
4090 4182 8253
4031 4136 8153
4167 4170 8332
4100 4110 8194
4191 4197 8387
4190 4191 8369
4069 4137 8193
4163 4176 8304
4013 4077 8074
4073 4115 8154
4168 4181 8338
4166 4178 8311
4011 4168 8151
4141 4160 8283
4043 4098 8121
4158 4198 8352
4052 4147 8186
4184 4195 8359
4161 4197 8353
4080 4175 8236
4037 4188 8223
4041 4185 8195
4074 4153 8214
4066 4183 8237
4043 4058 8095
4113 4160 8266
4061 4195 8218
4114 4118 8202
4195 4200 8380
4163 4199 8349
4173 4186 8323
4139 4180 8304
4106 4117 8189
4169 4179 8345
4070 4133 8184
4168 4172 8339
4150 4200 8346
4193 4198 8362
4018 4037 8021
4069 4119 8166
4116 4157 8256
4191 4192 8382
4080 4152 8219
4035 4080 8086
4004 4123 8119
4107 4173 8267
4141 4156 8265
4100 4163 8242
4027 4190 8205
4102 4160 8244
4101 4163 8261
4095 4161 8235
4016 4063 8072
4144 4169 8302
4163 4194 8332
4093 4178 8245
4001 4006 7980
4181 4192 8360
4056 4094 8123
4069 4098 8137
4094 4162 8234
4097 4172 8241
4153 4178 8310
4124 4142 8244
4054 4167 8194
4169 4192 8358
4076 4137 8180
4008 4173 8152
4049 4084 8112
4107 4142 8237
4117 4160 8240
4006 4046 8036
4150 4169 8302
4159 4163 8301
4076 4195 8244
4042 4156 8163
4071 4122 8166
4023 4105 8108
4137 4162 8288
4119 4120 8206
4098 4148 8212
4108 4155 8225
4179 4186 8328
4190 4197 8370
4041 4104 8113
4115 4192 8300
4070 4127 8186
4011 4060 8037
4141 4176 8281
4048 4169 8186
4019 4098 8116
4030 4061 8086
4102 4120 8200
4065 4182 8235
4132 4143 8242
4167 4179 8328
4110 4163 8258
4109 4161 8238
4120 4137 8255
4045 4116 8148
4160 4166 8303
4125 4194 8313
4165 4184 8318
4127 4168 8259
4043 4142 8172
4106 4118 8221
4092 4186 8266
4107 4120 8210
4179 4190 8333
4177 4182 8340
4137 4193 8307
4047 4108 8149
4122 4172 8257
4084 4186 8254
4139 4144 8266
4022 4038 8039
4083 4194 8261
4186 4199 8352
4105 4198 8288
4149 4200 8318
4023 4179 8193
4153 4171 8315
4006 4018 7993
4069 4077 8130
4196 4198 8370
4178 4184 8350
4143 4158 8296
4027 4135 8145
4115 4150 8251
4102 4122 8210
4114 4178 8275
4069 4119 8167
4074 4190 8237
4015 4197 8209
4153 4186 8337
4199 4200 8367
4122 4186 8273
4120 4184 8298
4104 4121 8221
4087 4167 8216
4145 4194 8307
4136 4169 8266
4036 4082 8092
4173 4178 8342
4122 4158 8241
4036 4127 8137
4029 4037 8047
4118 4199 8314
4188 4190 8367
4165 4186 8339
4141 4174 8289
4049 4163 8195
4177 4198 8366
4002 4054 8045
4145 4190 8315
4059 4099 8149
4064 4199 8233
4094 4135 8226
4072 4108 8159
4016 4119 8122
4173 4178 8321
4019 4101 8105
4010 4184 8172
4011 4052 8025
4199 4200 8384
4192 4193 8383
4067 4154 8216
4111 4152 8243
4011 4146 8127
4017 4194 8199
4128 4132 8221
4005 4013 7991
4000 4102 8089
4150 4158 8287
4081 4194 8272
4168 4177 8311
4187 4198 8381
4134 4176 8294
4001 4083 8055
4110 4118 8201
4020 4120 8118
4003 4136 8122
4106 4139 8213
4113 4118 8206
4193 4198 8357
4089 4111 8199
4173 4182 8341
4111 4126 8214
4081 4188 8264
4115 4163 8246
4136 4159 8274
4071 4127 8162
4155 4163 8293
4094 4198 8273
4032 4067 8077
4068 4143 8206
4057 4068 8096
4082 4120 8184
4178 4182 8337
4037 4171 8183
4039 4060 8079
4141 4160 8274
4053 4104 8147
4125 4139 8245
4089 4130 8210
4105 4160 8263
4186 4198 8358
4024 4042 8053
4005 4183 8156
4008 4012 8005
4055 4147 8165
4199 4200 8392
4060 4139 8188
4134 4169 8294
4153 4166 8292
4125 4163 8252
4095 4133 8201
4175 4197 8364
4000 4014 8008
4106 4137 8228
4031 4157 8182
4154 4185 8317
4103 4164 8262
4006 4087 8091
4134 4189 8291
4021 4171 8161
4148 4178 8319
4010 4033 8016
4085 4144 8218
4187 4197 8380
4118 4196 8306
4107 4196 8265
4030 4065 8062
4099 4175 8265
4077 4097 8172
4112 4130 8210
4043 4136 8147
4106 4189 8273
4046 4049 8060
4189 4197 8357
4159 4177 8313
4050 4137 8156
4159 4181 8331
4152 4194 8308
4004 4160 8137
4132 4184 8283
4088 4095 8167
4155 4174 8316
4076 4088 8135
4012 4137 8135
4012 4099 8079
4058 4171 8199
4124 4194 8285
4035 4079 8095
4102 4160 8233
4064 4180 8218
4109 4168 8275
4058 4060 8082
4199 4200 8390
4108 4143 8245
4038 4143 8170
4188 4199 8371
4007 4084 8076
4136 4180 8315
4103 4120 8203
4124 4162 8247
4138 4154 8277
4101 4169 8237
4007 4170 8162
4032 4190 8217
4053 4057 8099
4160 4171 8317
4137 4163 8288
4182 4197 8353
4058 4076 8109
4145 4192 8313
4163 4189 8314
4118 4170 8281
4048 4145 8174
4197 4198 8373
4055 4064 8098
4047 4169 8215
4031 4053 8065
4057 4149 8199
4005 4062 8029
4093 4168 8249
4051 4130 8178
4002 4066 8046
4185 4186 8352
4187 4196 8363
4031 4073 8073
4138 4159 8274
4050 4195 8220
4181 4197 8356
4093 4122 8213
4125 4163 8250
4051 4074 8121
4080 4196 8252
4146 4198 8311
4164 4173 8309
4141 4154 8291
4109 4159 8257
4087 4143 8206
4024 4164 8154
4125 4137 8233
4051 4120 8145
4134 4172 8283
4155 4199 8336
4129 4198 8303
4124 4168 8287
4090 4120 8184
4195 4197 8360
4057 4103 8159
4026 4196 8209
4091 4098 8157
4159 4164 8300
4149 4172 8310
4146 4150 8267
4128 4165 8255
4166 4172 8328
4194 4195 8367
4121 4125 8212
4165 4185 8336
4045 4079 8123
4105 4142 8218
4133 4153 8277
4008 4017 7993
4161 4200 8347
4193 4195 8351
4055 4190 8219
4023 4128 8132
4141 4166 8292
4188 4191 8377
4007 4172 8174
4052 4130 8166
4054 4075 8103
4168 4181 8316
4000 4033 7996
4180 4182 8358
4092 4193 8263
4048 4154 8166
4093 4152 8234
4061 4138 8181
4011 4090 8100
4002 4171 8163
4051 4172 8186
4030 4051 8075
4154 4191 8321
4170 4172 8310
4016 4137 8137
4195 4199 8380
4155 4185 8331
4135 4147 8279
4067 4157 8189
4098 4126 8192
4108 4183 8278
4172 4185 8329
4198 4199 8379
4048 4180 8204
4020 4033 8019
4050 4064 8096
4137 4155 8287
4128 4171 8276
4145 4194 8324
4005 4060 8053
4039 4177 8203
4044 4185 8220
4105 4172 8244
4021 4150 8157
4134 4185 8296
4197 4199 8393
4143 4200 8312
4141 4166 8296
4114 4182 8259
4064 4140 8200
4199 4200 8377
4073 4146 8205
4123 4164 8253
4130 4176 8287
4108 4162 8267
4068 4126 8165
4040 4174 8194
4014 4193 8191
4154 4186 8334
4072 4128 8169
4195 4197 8374
4164 4200 8362
4079 4113 8190
4035 4051 8068
4166 4200 8353
4197 4199 8369
4127 4128 8234
4174 4197 8366
4069 4114 8172
4092 4200 8280
4055 4123 8141
4135 4164 8272
4133 4165 8288
4016 4023 8031
4057 4111 8161
4025 4071 8091
4053 4191 8225
4023 4149 8152
4089 4179 8254
4019 4022 8020
4188 4200 8367
4165 4190 8334
4094 4109 8202
4159 4181 8307
4034 4154 8167
4078 4132 8192
4053 4166 8204
4124 4146 8254
4170 4196 8330
4096 4200 8266
4065 4120 8148
4039 4044 8056
4135 4178 8294
4109 4112 8215
4047 4175 8202
4021 4155 8139
4046 4141 8159
4127 4199 8288
4065 4128 8175
4116 4133 8236
4028 4069 8088
4093 4113 8170
4056 4139 8185
4067 4114 8166
4193 4198 8384
4174 4180 8318
4174 4185 8351
4167 4174 8312
4085 4171 8240
4172 4198 8334
4156 4163 8292
4168 4176 8337
4025 4155 8156
4083 4132 8199
4089 4149 8211
4075 4120 8161
4039 4176 8210
4034 4114 8123
4155 4192 8311
4138 4190 8316
4062 4161 8189
4113 4199 8274
4083 4150 8221
4097 4151 8216
4144 4188 8331
4115 4118 8198
4067 4141 8195
4115 4138 8220
4086 4193 8267
4006 4090 8094
4066 4071 8125
4125 4152 8267
4150 4175 8291
4178 4186 8339
4035 4182 8179
4104 4153 8237
4035 4114 8119
4055 4094 8116
4009 4041 8047
4021 4164 8171
4149 4184 8330
4099 4158 8241
4167 4173 8315
4060 4142 8184
4081 4195 8244
4194 4197 8385
4191 4195 8365
4038 4199 8208
4092 4191 8245
4134 4168 8275
4056 4135 8184
4021 4176 8170
4123 4178 8273
4128 4133 8257
4117 4142 8236
4041 4173 8213
4110 4191 8270
4008 4091 8062
4099 4140 8229
4044 4115 8139
4182 4190 8344
4123 4149 8270
4050 4067 8092
4152 4184 8327
4099 4106 8186
4035 4046 8055
4016 4102 8081
4103 4146 8217
4050 4074 8110
4116 4133 8216
4097 4120 8187
4035 4130 8147
4166 4167 8325
4163 4176 8306
4018 4126 8129
4184 4190 8338
4158 4175 8301
4065 4139 8197
4032 4033 8061
4032 4180 8183
4167 4174 8327
4154 4197 8324
4164 4179 8321
4102 4178 8257
4003 4160 8158
4127 4197 8288
4097 4187 8252
4132 4146 8246
4113 4200 8290
4019 4120 8118
4176 4195 8361
4153 4199 8345
4173 4200 8334
4188 4192 8354
4058 4111 8143
4077 4166 8219
4035 4046 8053
4128 4139 8263
4159 4166 8306
4168 4186 8325
4047 4195 8216
4171 4198 8331
4031 4109 8112
4051 4174 8188
4048 4072 8114
4070 4084 8129
4142 4172 8301
4076 4126 8194
4134 4184 8298
4090 4179 8256
4028 4138 8145
4000 4171 8136
4073 4083 8141
4110 4111 8196
4189 4200 8381
4092 4180 8271
4028 4119 8113
4053 4151 8172
4142 4162 8272
4165 4171 8308
4096 4164 8229
4188 4195 8378
4129 4179 8307
4105 4200 8284
4013 4110 8103
4075 4172 8210
4081 4177 8249
4150 4167 8306
4109 4194 8280
4161 4185 8335
4193 4194 8363
4114 4137 8226
4042 4172 8195
4126 4156 8255
4153 4164 8305
4178 4200 8367
4099 4102 8181
4059 4138 8194
4106 4130 8202
4087 4098 8150
4067 4137 8186
4084 4197 8249
4148 4176 8289
4126 4143 8231
4178 4186 8359
4194 4200 8383
4013 4046 8055
4152 4176 8290
4071 4111 8150
4042 4054 8084
4188 4190 8369
4162 4187 8332

0.010000 0.700000
