100
205793
4236 4241 8477
4254 4297 8551
4232 4269 8501
4178 4295 8473
4142 4196 8338
4189 4296 8485
4271 4296 8567
4167 4283 8450
4183 4213 8396
4113 4286 8399
4105 4156 8261
4286 4288 8574
4256 4282 8538
4248 4259 8507
4210 4296 8506
4157 4181 8338
4185 4199 8384
4192 4288 8480
4108 4212 8320
4261 4282 8543
4251 4298 8549
4277 4280 8557
4197 4225 8422
4217 4289 8506
4258 4294 8552
4110 4274 8384
4281 4293 8574
4167 4226 8393
4198 4211 8409
4297 4298 8595
4217 4273 8490
4150 4263 8413
4187 4191 8378
4188 4282 8470
4228 4248 8476
4257 4275 8532
4175 4227 8402
4150 4281 8431
4155 4280 8435
4123 4294 8417
4115 4145 8260
4190 4259 8449
4282 4299 8581
4157 4257 8414
4141 4163 8304
4131 4200 8331
4206 4275 8481
4132 4145 8277
4148 4179 8327
4259 4295 8554
4121 4155 8276
4126 4250 8376
4269 4285 8554
4288 4295 8583
4117 4272 8389
4215 4245 8460
4277 4294 8571
4183 4288 8471
4159 4287 8446
4142 4172 8314
4183 4207 8390
4283 4299 8582
4130 4157 8287
4278 4285 8563
4231 4268 8499
4259 4300 8559
4112 4241 8353
4218 4220 8438
4184 4195 8379
4136 4174 8310
4116 4264 8380
4265 4300 8565
4298 4300 8598
4210 4279 8489
4251 4273 8524
4139 4254 8393
4271 4287 8558
4114 4292 8406
4267 4300 8567
4211 4263 8474
4240 4276 8516
4179 4213 8392
4163 4271 8434
4277 4296 8573
4131 4168 8299
4254 4294 8548
4132 4278 8410
4202 4266 8468
4191 4204 8395
4179 4243 8422
4296 4300 8596
4154 4192 8346
4186 4282 8468
4175 4238 8413
4234 4249 8483
4249 4252 8501
4209 4217 8426
4162 4171 8333
4173 4210 8383
4246 4297 8543

4136 4141 8271
4154 4197 8321
4132 4169 8279
4078 4195 8247
4042 4096 8114
4089 4196 8263
4171 4196 8360
4067 4183 8227
4083 4113 8177
4013 4186 8163
4005 4056 8054
4186 4188 8336
4156 4182 8306
4148 4159 8306
4110 4196 8295
4057 4081 8126
4085 4099 8176
4092 4188 8277
4008 4112 8082
4161 4182 8342
4151 4198 8315
4177 4180 8342
4097 4125 8219
4117 4189 8283
4158 4194 8314
4010 4174 8174
4181 4193 8363
4067 4126 8162
4098 4111 8183
4197 4198 8370
4117 4173 8269
4050 4163 8183
4087 4091 8151
4088 4182 8247
4128 4148 8243
4157 4175 8314
4075 4127 8192
4050 4181 8221
4055 4180 8214
4023 4194 8192
4015 4045 8042
4090 4159 8234
4182 4199 8343
4057 4157 8213
4041 4063 8086
4031 4100 8122
4106 4175 8248
4032 4045 8060
4048 4079 8095
4159 4195 8335
4021 4055 8041
4026 4150 8163
4169 4185 8326
4188 4195 8350
4017 4172 8162
4115 4145 8224
4177 4194 8343
4083 4188 8251
4059 4187 8239
4042 4072 8111
4083 4107 8168
4183 4199 8358
4030 4057 8049
4178 4185 8342
4131 4168 8283
4159 4200 8322
4012 4141 8152
4118 4120 8201
4084 4095 8176
4036 4074 8105
4016 4164 8177
4165 4200 8355
4198 4200 8365
4110 4179 8272
4151 4173 8291
4039 4154 8169
4171 4187 8326
4014 4192 8199
4167 4200 8365
4111 4163 8261
4140 4176 8295
4079 4113 8189
4063 4171 8213
4177 4196 8336
4031 4068 8091
4154 4194 8311
4032 4178 8205
4102 4166 8263
4091 4104 8161
4079 4143 8190
4196 4200 8388
4054 4092 8137
4086 4182 8235
4075 4138 8186
4134 4149 8279
4149 4152 8266
4109 4117 8203
4062 4071 8110
4073 4110 8181
4146 4197 8336

0.010000 0.250000
