200
1002825
4154 4233 8387
4150 4260 8410
4175 4258 8433
4245 4299 8544
4234 4263 8497
4137 4259 8396
4114 4239 8353
4185 4270 8455
4206 4294 8500
4103 4174 8277
4216 4279 8495
4228 4288 8516
4243 4261 8504
4274 4295 8569
4113 4129 8242
4224 4227 8451
4210 4247 8457
4208 4248 8456
4284 4290 8574
4255 4287 8542
4141 4242 8383
4264 4284 8548
4144 4248 8392
4135 4217 8352
4185 4230 8415
4266 4284 8550
4148 4216 8364
4122 4203 8325
4189 4241 8430
4153 4259 8412
4159 4211 8370
4290 4298 8588
4243 4280 8523
4211 4228 8439
4274 4281 8555
4141 4237 8378
4108 4124 8232
4115 4124 8239
4174 4178 8352
4172 4277 8449
4144 4169 8313
4238 4271 8509
4248 4252 8500
4242 4270 8512
4110 4193 8303
4157 4234 8391
4236 4244 8480
4179 4263 8442
4106 4136 8242
4145 4223 8368
4210 4251 8461
4265 4291 8556
4293 4300 8593
4165 4180 8345
4106 4216 8322
4174 4250 8424
4154 4206 8360
4288 4297 8585
4126 4203 8329
4214 4237 8451
4230 4265 8495
4161 4259 8420
4215 4238 8453
4100 4288 8388
4176 4292 8468
4215 4252 8467
4216 4236 8452
4200 4228 8428
4153 4284 8437
4288 4295 8583
4139 4196 8335
4118 4157 8275
4110 4289 8399
4146 4249 8395
4130 4198 8328
4161 4186 8347
4204 4280 8484
4216 4252 8468
4215 4297 8512
4201 4275 8476
4251 4272 8523
4198 4244 8442
4118 4244 8362
4202 4204 8406
4142 4244 8386
4216 4240 8456
4137 4277 8414
4215 4252 8467
4298 4299 8597
4127 4161 8288
4100 4245 8345
4263 4293 8556
4222 4258 8480
4101 4126 8227
4139 4279 8418
4189 4202 8391
4290 4299 8589
4171 4172 8343
4105 4174 8279
4149 4219 8368
4187 4244 8431
4119 4290 8409
4203 4271 8474
4261 4278 8539
4238 4244 8482
4219 4243 8462
4124 4282 8406
4201 4237 8438
4147 4282 8429
4251 4285 8536
4242 4275 8517
4243 4248 8491
4220 4235 8455
4255 4271 8526
4209 4277 8486
4210 4234 8444
4191 4267 8458
4233 4251 8484
4206 4275 8481
4122 4147 8269
4280 4294 8574
4104 4123 8227
4151 4176 8327
4284 4299 8583
4155 4162 8317
4174 4191 8365
4242 4277 8519
4214 4282 8496
4241 4299 8540
4109 4260 8369
4172 4173 8345
4181 4288 8469
4201 4273 8474
4209 4275 8484
4267 4281 8548
4289 4295 8584
4121 4217 8338
4241 4271 8512
4294 4300 8594
4138 4258 8396
4237 4280 8517
4103 4272 8375
4188 4229 8417
4265 4290 8555
4287 4299 8586
4154 4298 8452
4218 4225 8443
4129 4285 8414
4152 4284 8436
4169 4241 8410
4257 4277 8534
4238 4271 8509
4158 4258 8416
4194 4228 8422
4295 4300 8595
4286 4300 8586
4199 4227 8426
4122 4164 8286
4293 4298 8591
4207 4269 8476
4277 4300 8577
4216 4236 8452
4153 4156 8309
4216 4231 8447
4227 4235 8462
4260 4278 8538
4126 4260 8386
4172 4245 8417
4143 4149 8292
4245 4296 8541
4169 4278 8447
4211 4233 8444
4176 4260 8436
4115 4237 8352
4109 4145 8254
4107 4286 8393
4211 4218 8429
4257 4268 8525
4178 4227 8405
4158 4285 8443
4209 4269 8478
4279 4291 8570
4121 4144 8265
4253 4295 8548
4243 4259 8502
4158 4269 8427
4107 4138 8245
4205 4212 8417
4128 4238 8366
4156 4261 8417
4267 4278 8545
4216 4274 8490
4239 4260 8499
4225 4267 8492
4282 4297 8579
4102 4180 8282
4137 4203 8340
4283 4297 8580
4114 4170 8284
4116 4249 8365

4054 4133 8160
4050 4160 8190
4075 4158 8215
4145 4199 8306
4134 4163 8296
4037 4159 8194
4014 4139 8137
4085 4170 8247
4106 4194 8271
4003 4074 8074
4116 4179 8288
4128 4188 8277
4143 4161 8280
4174 4195 8333
4013 4029 8010
4124 4127 8240
4110 4147 8244
4108 4148 8255
4184 4190 8344
4155 4187 8336
4041 4142 8154
4164 4184 8345
4044 4148 8168
4035 4117 8127
4085 4130 8213
4166 4184 8346
4048 4116 8138
4022 4103 8107
4089 4141 8197
4053 4159 8196
4059 4111 8145
4190 4198 8378
4143 4180 8320
4111 4128 8225
4174 4181 8316
4041 4137 8169
4008 4024 8005
4015 4024 8034
4074 4078 8142
4072 4177 8230
4044 4069 8097
4138 4171 8286
4148 4152 8292
4142 4170 8292
4010 4093 8089
4057 4134 8188
4136 4144 8245
4079 4163 8216
4006 4036 8036
4045 4123 8148
4110 4151 8225
4165 4191 8355
4193 4200 8373
4065 4080 8109
4006 4116 8106
4074 4150 8195
4054 4106 8158
4188 4197 8371
4026 4103 8091
4114 4137 8226
4130 4165 8286
4061 4159 8185
4115 4138 8246
4000 4188 8176
4076 4192 8265
4115 4152 8254
4116 4136 8249
4100 4128 8194
4053 4184 8227
4188 4195 8348
4039 4096 8123
4018 4057 8060
4010 4189 8162
4046 4149 8161
4030 4098 8117
4061 4086 8137
4104 4180 8268
4116 4152 8265
4115 4197 8280
4101 4175 8237
4151 4172 8321
4098 4144 8231
4018 4144 8152
4102 4104 8193
4042 4144 8181
4116 4140 8227
4037 4177 8183
4115 4152 8249
4198 4199 8378
4027 4061 8076
4000 4145 8117
4163 4193 8321
4122 4158 8247
4001 4026 8004
4039 4179 8195
4089 4102 8185
4190 4199 8382
4071 4072 8111
4005 4074 8078
4049 4119 8131
4087 4144 8213
4019 4190 8182
4103 4171 8246
4161 4178 8323
4138 4144 8281
4119 4143 8252
4024 4182 8197
4101 4137 8227
4047 4182 8191
4151 4185 8304
4142 4175 8314
4143 4148 8288
4120 4135 8241
4155 4171 8287
4109 4177 8270
4110 4134 8242
4091 4167 8247
4133 4151 8279
4106 4175 8274
4022 4047 8054
4180 4194 8365
4004 4023 7989
4051 4076 8124
4184 4199 8382
4055 4062 8103
4074 4091 8163
4142 4177 8304
4114 4182 8271
4141 4199 8303
4009 4160 8132
4072 4073 8128
4081 4188 8268
4101 4173 8237
4109 4175 8273
4167 4181 8322
4189 4195 8355
4021 4117 8124
4141 4171 8303
4194 4200 8365
4038 4158 8165
4137 4180 8307
4003 4172 8143
4088 4129 8216
4165 4190 8321
4187 4199 8368
4054 4198 8244
4118 4125 8238
4029 4185 8211
4052 4184 8200
4069 4141 8178
4157 4177 8319
4138 4171 8277
4058 4158 8209
4094 4128 8196
4195 4200 8391
4186 4200 8352
4099 4127 8206
4022 4064 8073
4193 4198 8361
4107 4169 8243
4177 4200 8342
4116 4136 8223
4053 4056 8072
4116 4131 8214
4127 4135 8238
4160 4178 8305
4026 4160 8160
4072 4145 8184
4043 4049 8088
4145 4196 8324
4069 4178 8237
4111 4133 8230
4076 4160 8207
4015 4137 8130
4009 4045 8046
4007 4186 8176
4111 4118 8203
4157 4168 8319
4078 4127 8178
4058 4185 8226
4109 4169 8253
4179 4191 8340
4021 4044 8036
4153 4195 8328
4143 4159 8298
4058 4169 8214
4007 4038 8010
4105 4112 8208
4028 4138 8138
4056 4161 8191
4167 4178 8330
4116 4174 8259
4139 4160 8298
4125 4167 8257
4182 4197 8355
4002 4080 8051
4037 4103 8138
4183 4197 8364
4014 4070 8073
4016 4149 8141

0.010000 0.610000
