200
938227
4209 4293 8502
4238 4290 8528
4126 4205 8331
4137 4189 8326
4179 4257 8436
4284 4294 8578
4110 4163 8273
4111 4211 8322
4149 4189 8338
4272 4284 8556
4203 4275 8478
4181 4183 8364
4155 4156 8311
4240 4257 8497
4195 4255 8450
4272 4277 8549
4125 4152 8277
4128 4202 8330
4163 4232 8395
4185 4191 8376
4268 4280 8548
4283 4291 8574
4160 4169 8329
4135 4211 8346
4114 4219 8333
4276 4289 8565
4160 4201 8361
4245 4270 8515
4206 4268 8474
4221 4229 8450
4265 4284 8549
4212 4262 8474
4167 4205 8372
4167 4186 8353
4170 4243 8413
4148 4157 8305
4183 4248 8431
4105 4113 8218
4210 4293 8503
4215 4230 8445
4201 4205 8406
4254 4275 8529
4135 4276 8411
4206 4272 8478
4182 4220 8402
4258 4280 8538
4264 4282 8546
4247 4298 8545
4133 4228 8361
4196 4208 8404
4188 4195 8383
4165 4220 8385
4130 4153 8283
4114 4283 8397
4205 4212 8417
4170 4201 8371
4289 4296 8585
4248 4294 8542
4167 4254 8421
4138 4229 8367
4298 4300 8598
4178 4272 8450
4142 4300 8442
4193 4256 8449
4167 4187 8354
4180 4208 8388
4295 4297 8592
4264 4268 8532
4268 4297 8565
4104 4113 8217
4158 4202 8360
4250 4253 8503
4271 4285 8556
4199 4278 8477
4217 4287 8504
4133 4136 8269
4129 4225 8354
4290 4295 8585
4274 4293 8567
4191 4292 8483
4132 4267 8399
4226 4227 8453
4243 4257 8500
4214 4227 8441
4157 4249 8406
4229 4268 8497
4261 4290 8551
4284 4292 8576
4132 4293 8425
4268 4293 8561
4138 4247 8385
4290 4293 8583
4146 4162 8308
4130 4238 8368
4196 4286 8482
4291 4295 8586
4282 4285 8567
4167 4270 8437
4229 4290 8519
4284 4297 8581
4148 4181 8329
4254 4256 8510
4121 4151 8272
4170 4287 8457
4110 4199 8309
4123 4214 8337
4249 4256 8505
4259 4270 8529
4188 4250 8438
4128 4286 8414
4106 4177 8283
4273 4288 8561
4194 4228 8422
4296 4298 8594
4270 4281 8551
4228 4275 8503
4199 4259 8458
4109 4263 8372
4193 4235 8428
4167 4203 8370
4140 4183 8323
4295 4298 8593
4270 4300 8570
4277 4283 8560
4198 4269 8467
4253 4263 8516
4243 4295 8538
4132 4225 8357
4145 4155 8300
4136 4181 8317
4299 4300 8599
4105 4229 8334
4174 4179 8353
4173 4261 8434
4187 4235 8422
4237 4264 8501
4158 4184 8342
4226 4238 8464
4128 4183 8311
4241 4295 8536
4159 4294 8453
4268 4278 8546
4119 4174 8293
4101 4227 8328
4111 4226 8337
4208 4236 8444
4245 4255 8500
4134 4225 8359
4279 4296 8575
4169 4287 8456
4208 4218 8426
4185 4232 8417
4202 4244 8446
4201 4274 8475
4294 4296 8590
4170 4252 8422
4206 4247 8453
4226 4271 8497
4156 4283 8439
4178 4194 8372
4210 4264 8474
4245 4295 8540
4130 4205 8335
4183 4278 8461
4106 4193 8299
4212 4293 8505
4158 4257 8415
4125 4278 8403
4183 4232 8415
4293 4297 8590
4118 4297 8415
4260 4261 8521
4218 4224 8442
4175 4295 8470
4258 4264 8522
4299 4300 8599
4235 4299 8534
4282 4285 8567
4177 4275 8452
4254 4295 8549
4261 4293 8554
4297 4299 8596
4203 4279 8482
4251 4281 8532
4292 4294 8586
4186 4290 8476
4271 4275 8546
4202 4290 8492
4298 4300 8598
4265 4288 8553
4151 4174 8325
4110 4210 8320
4159 4167 8326
4208 4298 8506
4113 4225 8338
4270 4291 8561
4176 4181 8357
4291 4294 8585
4151 4190 8341
4152 4229 8381

4109 4193 8284
4138 4190 8324
4026 4105 8121
4037 4089 8101
4079 4157 8234
4184 4194 8377
4010 4063 8057
4011 4111 8120
4049 4089 8128
4172 4184 8342
4103 4175 8272
4081 4083 8139
4055 4056 8092
4140 4157 8296
4095 4155 8247
4172 4177 8313
4025 4052 8048
4028 4102 8107
4063 4132 8167
4085 4091 8140
4168 4180 8330
4183 4191 8361
4060 4069 8110
4035 4111 8134
4014 4119 8096
4176 4189 8332
4060 4101 8129
4145 4170 8313
4106 4168 8273
4121 4129 8241
4165 4184 8316
4112 4162 8240
4067 4105 8170
4067 4086 8121
4070 4143 8178
4048 4057 8091
4083 4148 8227
4005 4013 7982
4110 4193 8268
4115 4130 8215
4101 4105 8197
4154 4175 8308
4035 4176 8203
4106 4172 8241
4082 4120 8184
4158 4180 8334
4164 4182 8325
4147 4198 8322
4033 4128 8153
4096 4108 8171
4088 4095 8161
4065 4120 8157
4030 4053 8076
4014 4183 8183
4105 4112 8182
4070 4101 8162
4189 4196 8380
4148 4194 8319
4067 4154 8188
4038 4129 8158
4198 4200 8372
4078 4172 8236
4042 4200 8223
4093 4156 8242
4067 4087 8116
4080 4108 8169
4195 4197 8383
4164 4168 8294
4168 4197 8358
4004 4013 7983
4058 4102 8149
4150 4153 8285
4171 4185 8347
4099 4178 8273
4117 4187 8278
4033 4036 8066
4029 4125 8141
4190 4195 8355
4174 4193 8346
4091 4192 8267
4032 4167 8185
4126 4127 8243
4143 4157 8272
4114 4127 8227
4057 4149 8185
4129 4168 8265
4161 4190 8340
4184 4192 8364
4032 4193 8219
4168 4193 8324
4038 4147 8169
4190 4193 8379
4046 4062 8092
4030 4138 8152
4096 4186 8254
4191 4195 8350
4182 4185 8360
4067 4170 8223
4129 4190 8304
4184 4197 8380
4048 4081 8127
4154 4156 8296
4021 4051 8058
4070 4187 8231
4010 4099 8086
4023 4114 8099
4149 4156 8298
4159 4170 8316
4088 4150 8223
4028 4186 8184
4006 4077 8061
4173 4188 8330
4094 4128 8193
4196 4198 8384
4170 4181 8316
4128 4175 8288
4099 4159 8253
4009 4163 8154
4093 4135 8198
4067 4103 8168
4040 4083 8100
4195 4198 8378
4170 4200 8351
4177 4183 8335
4098 4169 8236
4153 4163 8301
4143 4195 8321
4032 4125 8121
4045 4055 8096
4036 4081 8099
4199 4200 8372
4005 4129 8118
4074 4079 8128
4073 4161 8224
4087 4135 8187
4137 4164 8293
4058 4084 8131
4126 4138 8253
4028 4083 8082
4141 4195 8303
4059 4194 8242
4168 4178 8320
4019 4074 8059
4001 4127 8116
4011 4126 8131
4108 4136 8235
4145 4155 8297
4034 4125 8123
4179 4196 8364
4069 4187 8248
4108 4118 8215
4085 4132 8179
4102 4144 8229
4101 4174 8261
4194 4196 8385
4070 4152 8199
4106 4147 8225
4126 4171 8277
4056 4183 8236
4078 4094 8154
4110 4164 8246
4145 4195 8336
4030 4105 8097
4083 4178 8241
4006 4093 8073
4112 4193 8276
4058 4157 8206
4025 4178 8195
4083 4132 8214
4193 4197 8388
4018 4197 8194
4160 4161 8320
4118 4124 8209
4075 4195 8247
4158 4164 8320
4199 4200 8363
4135 4199 8302
4182 4185 8347
4077 4175 8245
4154 4195 8319
4161 4193 8317
4197 4199 8377
4103 4179 8281
4151 4181 8323
4192 4194 8359
4086 4190 8256
4171 4175 8309
4102 4190 8266
4198 4200 8371
4165 4188 8348
4051 4074 8118
4010 4110 8111
4059 4067 8109
4108 4198 8302
4013 4125 8100
4170 4191 8324
4076 4081 8149
4191 4194 8372
4051 4090 8115
4052 4129 8172

0.010000 0.570000
