200
969946
4237 4297 8534
4123 4203 8326
4236 4252 8488
4178 4249 8427
4262 4291 8553
4158 4188 8346
4299 4300 8599
4213 4214 8427
4194 4271 8465
4151 4282 8433
4282 4285 8567
4199 4214 8413
4160 4250 8410
4160 4163 8323
4108 4167 8275
4164 4288 8452
4204 4259 8463
4104 4282 8386
4202 4229 8431
4212 4289 8501
4101 4276 8377
4157 4204 8361
4102 4229 8331
4141 4205 8346
4196 4209 8405
4147 4151 8298
4129 4157 8286
4133 4290 8423
4115 4136 8251
4181 4200 8381
4106 4264 8370
4107 4191 8298
4211 4286 8497
4209 4281 8490
4240 4252 8492
4135 4283 8418
4242 4284 8526
4193 4268 8461
4193 4259 8452
4286 4289 8575
4236 4260 8496
4128 4132 8260
4146 4175 8321
4299 4300 8599
4120 4290 8410
4258 4269 8527
4177 4197 8374
4235 4272 8507
4166 4275 8441
4143 4259 8402
4201 4216 8417
4136 4145 8281
4183 4257 8440
4145 4186 8331
4206 4238 8444
4289 4297 8586
4205 4243 8448
4172 4293 8465
4120 4190 8310
4288 4300 8588
4204 4250 8454
4254 4288 8542
4100 4119 8219
4236 4283 8519
4256 4274 8530
4264 4279 8543
4113 4225 8338
4136 4217 8353
4280 4295 8575
4243 4257 8500
4184 4203 8387
4260 4263 8523
4106 4296 8402
4255 4256 8511
4127 4254 8381
4235 4265 8500
4209 4292 8501
4184 4268 8452
4174 4230 8404
4125 4265 8390
4276 4286 8562
4259 4271 8530
4171 4172 8343
4278 4284 8562
4295 4298 8593
4176 4185 8361
4170 4258 8428
4190 4261 8451
4103 4186 8289
4279 4295 8574
4184 4228 8412
4186 4231 8417
4281 4292 8573
4224 4294 8518
4106 4225 8331
4244 4291 8535
4276 4280 8556
4118 4249 8367
4289 4295 8584
4271 4273 8544
4120 4137 8257
4221 4273 8494
4192 4232 8424
4118 4200 8318
4246 4300 8546
4220 4222 8442
4112 4114 8226
4110 4292 8402
4257 4289 8546
4276 4291 8567
4130 4214 8344
4209 4230 8439
4252 4267 8519
4170 4186 8356
4294 4295 8589
4165 4245 8410
4165 4186 8351
4290 4294 8584
4148 4288 8436
4276 4299 8575
4258 4277 8535
4261 4291 8552
4113 4283 8396
4125 4231 8356
4218 4219 8437
4244 4295 8539
4299 4300 8599
4171 4281 8452
4166 4198 8364
4117 4268 8385
4207 4255 8462
4276 4296 8572
4146 4268 8414
4261 4269 8530
4161 4229 8390
4181 4187 8368
4254 4290 8544
4224 4284 8508
4261 4278 8539
4109 4261 8370
4209 4262 8471
4229 4296 8525
4198 4297 8495
4192 4219 8411
4271 4300 8571
4174 4220 8394
4229 4245 8474
4173 4210 8383
4169 4227 8396
4151 4256 8407
4139 4185 8324
4250 4270 8520
4101 4121 8222
4284 4296 8580
4297 4299 8596
4142 4145 8287
4295 4297 8592
4184 4185 8369
4207 4287 8494
4184 4199 8383
4256 4279 8535
4107 4229 8336
4203 4274 8477
4102 4170 8272
4189 4227 8416
4189 4195 8384
4220 4233 8453
4265 4272 8537
4163 4205 8368
4201 4267 8468
4103 4131 8234
4167 4267 8434
4216 4277 8493
4163 4268 8431
4281 4294 8575
4177 4189 8366
4109 4190 8299
4237 4243 8480
4197 4282 8479
4231 4251 8482
4194 4205 8399
4247 4276 8523
4168 4296 8464
4145 4225 8370
4193 4196 8389
4125 4211 8336
4234 4254 8488
4136 4255 8391
4239 4272 8511
4278 4294 8572
4111 4132 8243
4123 4196 8319
4232 4240 8472
4178 4262 8440
4158 4299 8457
4150 4288 8438
4258 4291 8549
4188 4206 8394
4184 4226 8410
4153 4169 8322

4137 4197 8328
4023 4103 8119
4136 4152 8251
4078 4149 8197
4162 4191 8323
4058 4088 8116
4199 4200 8372
4113 4114 8215
4094 4171 8250
4051 4182 8199
4182 4185 8346
4099 4114 8177
4060 4150 8187
4060 4063 8106
4008 4067 8058
4064 4188 8229
4104 4159 8239
4004 4182 8172
4102 4129 8192
4112 4189 8273
4001 4176 8152
4057 4104 8148
4002 4129 8103
4041 4105 8115
4096 4109 8173
4047 4051 8068
4029 4057 8073
4033 4190 8198
4015 4036 8048
4081 4100 8172
4006 4164 8141
4007 4091 8069
4111 4186 8294
4109 4181 8279
4140 4152 8282
4035 4183 8180
4142 4184 8314
4093 4168 8250
4093 4159 8220
4186 4189 8356
4136 4160 8269
4028 4032 8023
4046 4075 8087
4199 4200 8381
4020 4190 8180
4158 4169 8304
4077 4097 8155
4135 4172 8302
4066 4175 8223
4043 4159 8164
4101 4116 8211
4036 4045 8069
4083 4157 8219
4045 4086 8117
4106 4138 8206
4189 4197 8361
4105 4143 8223
4072 4193 8237
4020 4090 8100
4188 4200 8380
4104 4150 8232
4154 4188 8334
4000 4019 7992
4136 4183 8312
4156 4174 8321
4164 4179 8306
4013 4125 8123
4036 4117 8137
4180 4195 8362
4143 4157 8282
4084 4103 8186
4160 4163 8285
4006 4196 8201
4155 4156 8290
4027 4154 8165
4135 4165 8272
4109 4192 8280
4084 4168 8243
4074 4130 8199
4025 4165 8186
4176 4186 8341
4159 4171 8325
4071 4072 8136
4178 4184 8344
4195 4198 8365
4076 4085 8154
4070 4158 8215
4090 4161 8216
4003 4086 8086
4179 4195 8347
4084 4128 8193
4086 4131 8202
4181 4192 8368
4124 4194 8283
4006 4125 8124
4144 4191 8317
4176 4180 8337
4018 4149 8146
4189 4195 8351
4171 4173 8312
4020 4037 8024
4121 4173 8281
4092 4132 8186
4018 4100 8091
4146 4200 8317
4120 4122 8210
4012 4014 8006
4010 4192 8191
4157 4189 8333
4176 4191 8339
4030 4114 8109
4109 4130 8207
4152 4167 8286
4070 4086 8130
4194 4195 8379
4065 4145 8172
4065 4086 8149
4190 4194 8359
4048 4188 8205
4176 4199 8348
4158 4177 8296
4161 4191 8335
4013 4183 8194
4025 4131 8139
4118 4119 8199
4144 4195 8331
4199 4200 8382
4071 4181 8235
4066 4098 8150
4017 4168 8170
4107 4155 8232
4176 4196 8348
4046 4168 8198
4161 4169 8307
4061 4129 8153
4081 4087 8166
4154 4190 8333
4124 4184 8276
4161 4178 8312
4009 4161 8140
4109 4162 8238
4129 4196 8293
4098 4197 8264
4092 4119 8210
4171 4200 8359
4074 4120 8189
4129 4145 8242
4073 4110 8163
4069 4127 8183
4051 4156 8187
4039 4085 8096
4150 4170 8304
4001 4021 7992
4184 4196 8353
4197 4199 8386
4042 4045 8072
4195 4197 8388
4084 4085 8142
4107 4187 8277
4084 4099 8145
4156 4179 8326
4007 4129 8107
4103 4174 8275
4002 4070 8065
4089 4127 8198
4089 4095 8161
4120 4133 8245
4165 4172 8320
4063 4105 8134
4101 4167 8240
4003 4031 8000
4067 4167 8219
4116 4177 8263
4063 4168 8200
4181 4194 8366
4077 4089 8155
4009 4090 8097
4137 4143 8248
4097 4182 8256
4131 4151 8273
4094 4105 8177
4147 4176 8299
4068 4196 8252
4045 4125 8139
4093 4096 8167
4025 4111 8120
4134 4154 8271
4036 4155 8155
4139 4172 8288
4178 4194 8336
4011 4032 8006
4023 4096 8084
4132 4140 8266
4078 4162 8236
4058 4199 8220
4050 4188 8236
4158 4191 8344
4088 4106 8163
4084 4126 8198
4053 4069 8106

0.010000 0.590000
