200
526747
4238 4244 8482
4129 4217 8346
4126 4224 8350
4146 4243 8389
4246 4291 8537
4271 4289 8560
4201 4285 8486
4257 4281 8538
4147 4186 8333
4163 4296 8459
4240 4241 8481
4256 4266 8522
4183 4195 8378
4126 4235 8361
4154 4300 8454
4285 4298 8583
4136 4150 8286
4149 4256 8405
4166 4194 8360
4292 4297 8589
4174 4236 8410
4266 4296 8562
4173 4221 8394
4289 4298 8587
4207 4248 8455
4215 4290 8505
4262 4267 8529
4283 4284 8567
4177 4243 8420
4291 4293 8584
4190 4268 8458
4108 4137 8245
4286 4294 8580
4134 4236 8370
4134 4256 8390
4287 4298 8585
4182 4199 8381
4264 4278 8542
4158 4206 8364
4249 4250 8499
4152 4159 8311
4194 4290 8484
4178 4298 8476
4139 4286 8425
4219 4280 8499
4186 4272 8458
4195 4214 8409
4246 4293 8539
4244 4246 8490
4277 4299 8576
4289 4297 8586
4296 4297 8593
4240 4295 8535
4240 4252 8492
4110 4258 8368
4127 4178 8305
4180 4214 8394
4224 4279 8503
4230 4294 8524
4212 4213 8425
4105 4274 8379
4115 4265 8380
4261 4297 8558
4154 4167 8321
4229 4256 8485
4111 4243 8354
4137 4209 8346
4232 4284 8516
4104 4177 8281
4114 4123 8237
4281 4287 8568
4155 4197 8352
4291 4295 8586
4193 4223 8416
4173 4223 8396
4271 4285 8556
4223 4274 8497
4173 4274 8447
4263 4298 8561
4192 4282 8474
4188 4208 8396
4251 4254 8505
4129 4289 8418
4292 4296 8588
4232 4289 8521
4156 4284 8440
4201 4209 8410
4108 4125 8233
4298 4299 8597
4189 4255 8444
4234 4256 8490
4243 4272 8515
4175 4180 8355
4263 4292 8555
4180 4261 8441
4198 4282 8480
4212 4290 8502
4202 4297 8499
4246 4262 8508
4261 4283 8544
4244 4294 8538
4189 4224 8413
4234 4252 8486
4241 4244 8485
4227 4242 8469
4170 4175 8345
4161 4217 8378
4270 4293 8563
4299 4300 8599
4256 4281 8537
4191 4238 8429
4195 4196 8391
4191 4264 8455
4153 4156 8309
4217 4255 8472
4112 4287 8399
4270 4280 8550
4125 4152 8277
4198 4222 8420
4192 4208 8400
4186 4299 8485
4102 4110 8212
4275 4294 8569
4264 4293 8557
4192 4218 8410
4263 4295 8558
4187 4225 8412
4191 4245 8436
4201 4279 8480
4287 4290 8577
4142 4171 8313
4222 4250 8472
4106 4143 8249
4138 4139 8277
4288 4299 8587
4257 4269 8526
4176 4203 8379
4298 4300 8598
4101 4251 8352
4127 4129 8256
4224 4227 8451
4114 4158 8272
4195 4222 8417
4151 4185 8336
4261 4288 8549
4156 4229 8385
4112 4211 8323
4229 4272 8501
4107 4132 8239
4236 4274 8510
4196 4198 8394
4259 4267 8526
4187 4251 8438
4252 4280 8532
4113 4233 8346
4235 4262 8497
4166 4240 8406
4154 4167 8321
4234 4277 8511
4172 4206 8378
4150 4275 8425
4111 4132 8243
4161 4208 8369
4243 4246 8489
4131 4222 8353
4129 4271 8400
4229 4273 8502
4117 4244 8361
4243 4270 8513
4284 4294 8578
4122 4276 8398
4138 4262 8400
4173 4214 8387
4116 4160 8276
4299 4300 8599
4116 4215 8331
4295 4296 8591
4174 4281 8455
4229 4277 8506
4153 4198 8351
4101 4243 8344
4233 4282 8515
4269 4287 8556
4117 4298 8415
4197 4280 8477
4263 4283 8546
4236 4263 8499
4260 4300 8560
4208 4281 8489
4192 4219 8411
4184 4185 8369
4279 4292 8571
4163 4298 8461
4250 4276 8526
4271 4292 8563
4157 4283 8440
4126 4187 8313
4242 4293 8535
4119 4260 8379
4220 4250 8470

4138 4144 8263
4029 4117 8115
4026 4124 8113
4046 4143 8177
4146 4191 8332
4171 4189 8356
4101 4185 8284
4157 4181 8320
4047 4086 8112
4063 4196 8231
4140 4141 8249
4156 4166 8298
4083 4095 8148
4026 4135 8153
4054 4200 8235
4185 4198 8364
4036 4050 8068
4049 4156 8178
4066 4094 8153
4192 4197 8381
4074 4136 8207
4166 4196 8324
4073 4121 8190
4189 4198 8378
4107 4148 8236
4115 4190 8292
4162 4167 8321
4183 4184 8345
4077 4143 8191
4191 4193 8375
4090 4168 8224
4008 4037 8029
4186 4194 8365
4034 4136 8138
4034 4156 8187
4187 4198 8354
4082 4099 8147
4164 4178 8332
4058 4106 8141
4149 4150 8282
4052 4059 8077
4094 4190 8277
4078 4198 8264
4039 4186 8193
4119 4180 8291
4086 4172 8232
4095 4114 8205
4146 4193 8322
4144 4146 8251
4177 4199 8372
4189 4197 8382
4196 4197 8391
4140 4195 8332
4140 4152 8277
4010 4158 8147
4027 4078 8075
4080 4114 8188
4124 4179 8283
4130 4194 8293
4112 4113 8217
4005 4174 8164
4015 4165 8170
4161 4197 8353
4054 4067 8105
4129 4156 8277
4011 4143 8121
4037 4109 8125
4132 4184 8283
4004 4077 8051
4014 4023 8002
4181 4187 8353
4055 4097 8149
4191 4195 8356
4093 4123 8205
4073 4123 8164
4171 4185 8335
4123 4174 8259
4073 4174 8221
4163 4198 8334
4092 4182 8242
4088 4108 8178
4151 4154 8289
4029 4189 8188
4192 4196 8367
4132 4189 8286
4056 4184 8235
4101 4109 8203
4008 4025 8017
4198 4199 8365
4089 4155 8238
4134 4156 8262
4143 4172 8280
4075 4080 8127
4163 4192 8351
4080 4161 8205
4098 4182 8259
4112 4190 8287
4102 4197 8283
4146 4162 8295
4161 4183 8309
4144 4194 8337
4089 4124 8208
4134 4152 8283
4141 4144 8274
4127 4142 8256
4070 4075 8113
4061 4117 8163
4170 4193 8360
4199 4200 8385
4156 4181 8331
4091 4138 8226
4095 4096 8158
4091 4164 8244
4053 4056 8081
4117 4155 8253
4012 4187 8172
4170 4180 8322
4025 4052 8044
4098 4122 8218
4092 4108 8174
4086 4199 8249
4002 4010 7989
4175 4194 8332
4164 4193 8354
4092 4118 8191
4163 4195 8353
4087 4125 8190
4091 4145 8231
4101 4179 8277
4187 4190 8376
4042 4071 8097
4122 4150 8251
4006 4043 8021
4038 4039 8045
4188 4199 8367
4157 4169 8321
4076 4103 8154
4198 4200 8361
4001 4151 8145
4027 4029 8037
4124 4127 8212
4014 4058 8048
4095 4122 8181
4051 4085 8107
4161 4188 8338
4056 4129 8179
4012 4111 8111
4129 4172 8273
4007 4032 8013
4136 4174 8298
4096 4098 8167
4159 4167 8319
4087 4151 8226
4152 4180 8309
4013 4133 8121
4135 4162 8277
4066 4140 8204
4054 4067 8114
4134 4177 8308
4072 4106 8145
4050 4175 8211
4011 4032 8042
4061 4108 8150
4143 4146 8275
4031 4122 8143
4029 4171 8192
4129 4173 8281
4017 4144 8138
4143 4170 8286
4184 4194 8359
4022 4176 8170
4038 4162 8177
4073 4114 8168
4016 4060 8069
4199 4200 8369
4016 4115 8120
4195 4196 8385
4074 4181 8234
4129 4177 8293
4053 4098 8137
4001 4143 8126
4133 4182 8301
4169 4187 8352
4017 4198 8192
4097 4180 8263
4163 4183 8340
4136 4163 8274
4160 4200 8352
4108 4181 8262
4092 4119 8178
4084 4085 8141
4179 4192 8335
4063 4198 8239
4150 4176 8294
4171 4192 8339
4057 4183 8234
4026 4087 8083
4142 4193 8312
4019 4160 8171
4120 4150 8256

0.010000 0.320000
