200
592471
4217 4283 8500
4242 4245 8487
4109 4190 8299
4118 4203 8321
4261 4269 8530
4105 4212 8317
4232 4265 8497
4173 4177 8350
4206 4220 8426
4101 4195 8296
4298 4299 8597
4280 4299 8579
4164 4236 8400
4227 4264 8491
4131 4149 8280
4265 4288 8553
4264 4267 8531
4190 4272 8462
4134 4140 8274
4276 4291 8567
4189 4235 8424
4188 4251 8439
4124 4250 8374
4280 4288 8568
4237 4280 8517
4105 4215 8320
4174 4217 8391
4124 4160 8284
4129 4220 8349
4251 4292 8543
4286 4287 8573
4253 4259 8512
4231 4236 8467
4294 4298 8592
4271 4300 8571
4220 4239 8459
4154 4213 8367
4257 4286 8543
4166 4236 8402
4237 4279 8516
4174 4202 8376
4137 4286 8423
4104 4243 8347
4134 4278 8412
4171 4186 8357
4189 4272 8461
4244 4278 8522
4270 4282 8552
4291 4297 8588
4162 4210 8372
4236 4271 8507
4254 4265 8519
4126 4294 8420
4191 4235 8426
4215 4221 8436
4164 4256 8420
4173 4191 8364
4116 4217 8333
4178 4225 8403
4294 4296 8590
4285 4299 8584
4271 4294 8565
4168 4222 8390
4299 4300 8599
4142 4276 8418
4135 4204 8339
4206 4254 8460
4169 4283 8452
4228 4290 8518
4269 4278 8547
4268 4296 8564
4123 4139 8262
4237 4270 8507
4248 4253 8501
4216 4252 8468
4233 4268 8501
4259 4273 8532
4184 4189 8373
4220 4252 8472
4141 4175 8316
4244 4274 8518
4262 4299 8561
4290 4291 8581
4243 4297 8540
4119 4176 8295
4242 4250 8492
4182 4199 8381
4129 4142 8271
4201 4202 8403
4196 4262 8458
4252 4293 8545
4216 4239 8455
4160 4207 8367
4272 4298 8570
4284 4293 8577
4209 4261 8470
4295 4296 8591
4196 4211 8407
4266 4275 8541
4220 4256 8476
4147 4279 8426
4236 4242 8478
4298 4300 8598
4149 4205 8354
4252 4294 8546
4217 4247 8464
4131 4193 8324
4264 4280 8544
4287 4297 8584
4269 4283 8552
4185 4236 8421
4239 4295 8534
4258 4295 8553
4170 4221 8391
4113 4127 8240
4106 4225 8331
4233 4253 8486
4260 4275 8535
4225 4300 8525
4143 4153 8296
4184 4273 8457
4164 4255 8419
4246 4269 8515
4234 4295 8529
4161 4219 8380
4215 4233 8448
4281 4284 8565
4198 4221 8419
4184 4254 8438
4102 4185 8287
4131 4286 8417
4140 4209 8349
4269 4299 8568
4271 4296 8567
4295 4300 8595
4197 4241 8438
4121 4146 8267
4125 4205 8330
4208 4262 8470
4155 4168 8323
4212 4227 8439
4180 4246 8426
4245 4261 8506
4213 4300 8513
4293 4295 8588
4263 4282 8545
4154 4281 8435
4243 4286 8529
4163 4172 8335
4181 4218 8399
4255 4271 8526
4166 4221 8387
4138 4237 8375
4298 4299 8597
4262 4292 8554
4132 4246 8378
4201 4294 8495
4211 4234 8445
4256 4270 8526
4178 4199 8377
4163 4268 8431
4181 4282 8463
4112 4159 8271
4203 4286 8489
4164 4280 8444
4166 4177 8343
4180 4279 8459
4137 4266 8403
4142 4282 8424
4219 4246 8465
4137 4237 8374
4178 4282 8460
4268 4269 8537
4268 4285 8553
4150 4264 8414
4165 4169 8334
4158 4162 8320
4149 4289 8438
4282 4298 8580
4197 4207 8404
4213 4300 8513
4159 4257 8416
4265 4271 8536
4278 4287 8565
4200 4215 8415
4279 4294 8573
4205 4207 8412
4198 4236 8434
4127 4236 8363
4189 4224 8413
4113 4144 8257
4117 4282 8399
4136 4247 8383
4192 4220 8412
4179 4263 8442
4120 4141 8261
4167 4270 8437
4232 4255 8487
4282 4289 8571
4163 4202 8365

4117 4183 8294
4142 4145 8275
4009 4090 8077
4018 4103 8091
4161 4169 8315
4005 4112 8109
4132 4165 8274
4073 4077 8133
4106 4120 8222
4001 4095 8079
4198 4199 8362
4180 4199 8363
4064 4136 8169
4127 4164 8258
4031 4049 8045
4165 4188 8325
4164 4167 8327
4090 4172 8247
4034 4040 8038
4176 4191 8363
4089 4135 8189
4088 4151 8215
4024 4150 8137
4180 4188 8329
4137 4180 8282
4005 4115 8082
4074 4117 8165
4024 4060 8081
4029 4120 8141
4151 4192 8332
4186 4187 8363
4153 4159 8283
4131 4136 8257
4194 4198 8384
4171 4200 8358
4120 4139 8233
4054 4113 8131
4157 4186 8341
4066 4136 8196
4137 4179 8288
4074 4102 8146
4037 4186 8193
4004 4143 8124
4034 4178 8196
4071 4086 8125
4089 4172 8235
4144 4178 8313
4170 4182 8333
4191 4197 8364
4062 4110 8155
4136 4171 8278
4154 4165 8306
4026 4194 8207
4091 4135 8210
4115 4121 8207
4064 4156 8188
4073 4091 8134
4016 4117 8119
4078 4125 8201
4194 4196 8361
4185 4199 8359
4171 4194 8329
4068 4122 8170
4199 4200 8385
4042 4176 8201
4035 4104 8131
4106 4154 8233
4069 4183 8228
4128 4190 8299
4169 4178 8308
4168 4196 8339
4023 4039 8057
4137 4170 8273
4148 4153 8265
4116 4152 8241
4133 4168 8289
4159 4173 8308
4084 4089 8141
4120 4152 8241
4041 4075 8095
4144 4174 8290
4162 4199 8343
4190 4191 8364
4143 4197 8314
4019 4076 8069
4142 4150 8278
4082 4099 8170
4029 4042 8070
4101 4102 8195
4096 4162 8225
4152 4193 8338
4116 4139 8243
4060 4107 8129
4172 4198 8353
4184 4193 8368
4109 4161 8248
4195 4196 8363
4096 4111 8169
4166 4175 8307
4120 4156 8238
4047 4179 8208
4136 4142 8242
4198 4200 8367
4049 4105 8119
4152 4194 8309
4117 4147 8225
4031 4093 8099
4164 4180 8342
4187 4197 8361
4169 4183 8330
4085 4136 8193
4139 4195 8313
4158 4195 8320
4070 4121 8175
4013 4027 8009
4006 4125 8097
4133 4153 8252
4160 4175 8296
4125 4200 8292
4043 4053 8059
4084 4173 8240
4064 4155 8188
4146 4169 8279
4134 4195 8300
4061 4119 8146
4115 4133 8224
4181 4184 8329
4098 4121 8200
4084 4154 8200
4002 4085 8077
4031 4186 8191
4040 4109 8116
4169 4199 8362
4171 4196 8352
4195 4200 8377
4097 4141 8237
4021 4046 8062
4025 4105 8101
4108 4162 8256
4055 4068 8109
4112 4127 8219
4080 4146 8198
4145 4161 8292
4113 4200 8287
4193 4195 8357
4163 4182 8338
4054 4181 8211
4143 4186 8306
4063 4072 8098
4081 4118 8168
4155 4171 8298
4066 4121 8163
4038 4137 8167
4198 4199 8360
4162 4192 8349
4032 4146 8144
4101 4194 8268
4111 4134 8222
4156 4170 8313
4078 4099 8168
4063 4168 8204
4081 4182 8252
4012 4059 8054
4103 4186 8257
4064 4180 8226
4066 4077 8118
4080 4179 8235
4037 4166 8197
4042 4182 8190
4119 4146 8249
4037 4137 8151
4078 4182 8253
4168 4169 8311
4168 4185 8339
4050 4164 8184
4065 4069 8125
4058 4062 8093
4049 4189 8204
4182 4198 8374
4097 4107 8174
4113 4200 8284
4059 4157 8186
4165 4171 8327
4178 4187 8340
4100 4115 8200
4179 4194 8362
4105 4107 8175
4098 4136 8202
4027 4136 8146
4089 4124 8181
4013 4044 8023
4017 4182 8165
4036 4147 8154
4092 4120 8210
4079 4163 8209
4020 4041 8025
4067 4170 8217
4132 4155 8268
4182 4189 8359
4063 4102 8136

0.010000 0.360000
