300
1654472
4260 4278 8538
4117 4134 8251
4218 4230 8448
4157 4224 8381
4110 4158 8268
4233 4272 8505
4125 4275 8400
4104 4219 8323
4152 4197 8349
4216 4254 8470
4131 4138 8269
4200 4201 8401
4153 4206 8359
4115 4162 8277
4268 4281 8549
4231 4298 8529
4144 4270 8414
4149 4284 8433
4262 4264 8526
4203 4215 8418
4238 4241 8479
4164 4210 8374
4167 4174 8341
4126 4191 8317
4145 4243 8388
4210 4286 8496
4206 4265 8471
4228 4261 8489
4111 4159 8270
4229 4275 8504
4194 4268 8462
4288 4295 8583
4168 4268 8436
4147 4289 8436
4219 4254 8473
4183 4191 8374
4119 4242 8361
4193 4213 8406
4265 4267 8532
4208 4235 8443
4122 4249 8371
4181 4262 8443
4218 4292 8510
4155 4239 8394
4121 4286 8407
4250 4261 8511
4184 4237 8421
4177 4248 8425
4227 4245 8472
4132 4142 8274
4242 4256 8498
4204 4279 8483
4280 4291 8571
4188 4229 8417
4258 4262 8520
4192 4299 8491
4298 4300 8598
4260 4278 8538
4207 4222 8429
4121 4143 8264
4125 4248 8373
4190 4208 8398
4268 4273 8541
4238 4298 8536
4274 4277 8551
4130 4198 8328
4161 4232 8393
4117 4267 8384
4278 4298 8576
4142 4168 8310
4233 4289 8522
4136 4276 8412
4105 4113 8218
4130 4157 8287
4268 4272 8540
4136 4264 8400
4164 4192 8356
4260 4286 8546
4109 4279 8388
4249 4287 8536
4274 4291 8565
4232 4246 8478
4183 4188 8371
4206 4291 8497
4203 4267 8470
4124 4175 8299
4252 4254 8506
4141 4293 8434
4101 4149 8250
4146 4231 8377
4263 4277 8540
4269 4275 8544
4276 4279 8555
4126 4166 8292
4267 4293 8560
4286 4290 8576
4291 4293 8584
4218 4259 8477
4299 4300 8599
4168 4270 8438
4244 4296 8540
4167 4192 8359
4132 4230 8362
4288 4297 8585
4205 4238 8443
4127 4278 8405
4288 4299 8587
4264 4277 8541
4171 4293 8464
4264 4296 8560
4172 4175 8347
4143 4271 8414
4220 4251 8471
4234 4271 8505
4221 4255 8476
4144 4149 8293
4168 4176 8344
4228 4247 8475
4111 4279 8390
4246 4292 8538
4136 4258 8394
4139 4216 8355
4278 4280 8558
4103 4233 8336
4138 4201 8339
4108 4235 8343
4296 4300 8596
4151 4250 8401
4156 4206 8362
4124 4170 8294
4250 4284 8534
4168 4207 8375
4215 4230 8445
4229 4267 8496
4283 4292 8575
4240 4255 8495
4150 4271 8421
4122 4212 8334
4215 4276 8491
4283 4288 8571
4239 4292 8531
4182 4184 8366
4285 4289 8574
4234 4263 8497
4265 4277 8542
4105 4167 8272
4187 4291 8478
4220 4272 8492
4143 4228 8371
4292 4295 8587
4176 4273 8449
4155 4176 8331
4245 4273 8518
4103 4226 8329
4259 4289 8548
4249 4295 8544
4193 4253 8446
4208 4220 8428
4138 4244 8382
4163 4243 8406
4227 4257 8484
4239 4270 8509
4198 4229 8427
4181 4242 8423
4128 4189 8317
4254 4288 8542
4285 4291 8576
4112 4122 8234
4260 4268 8528
4221 4266 8487
4288 4297 8585
4201 4265 8466
4135 4164 8299
4206 4256 8462
4239 4273 8512
4276 4296 8572
4297 4299 8596
4102 4269 8371
4218 4273 8491
4192 4233 8425
4137 4277 8414
4149 4299 8448
4241 4280 8521
4195 4259 8454
4290 4294 8584
4151 4236 8387
4174 4227 8401
4161 4273 8434
4295 4300 8595
4171 4246 8417
4194 4290 8484
4232 4258 8490
4186 4284 8470
4115 4200 8315
4126 4288 8414
4231 4295 8526
4264 4282 8546
4140 4286 8426
4123 4233 8356
4103 4274 8377
4279 4287 8566
4215 4272 8487
4244 4245 8489
4218 4287 8505
4202 4293 8495
4265 4272 8537
4275 4283 8558
4267 4284 8551
4292 4293 8585
4264 4281 8545
4145 4224 8369
4213 4241 8454
4132 4198 8330
4230 4236 8466
4250 4264 8514
4271 4283 8554
4129 4278 8407
4250 4279 8529
4161 4253 8414
4288 4298 8586
4278 4289 8567
4108 4272 8380
4216 4219 8435
4111 4120 8231
4208 4253 8461
4152 4193 8345
4114 4262 8376
4269 4285 8554
4173 4252 8425
4223 4243 8466
4229 4265 8494
4127 4300 8427
4271 4278 8549
4249 4293 8542
4219 4225 8444
4165 4286 8451
4258 4269 8527
4222 4261 8483
4152 4270 8422
4248 4267 8515
4155 4262 8417
4287 4290 8577
4265 4268 8533
4235 4284 8519
4186 4279 8465
4104 4289 8393
4123 4145 8268
4136 4284 8420
4273 4277 8550
4256 4264 8520
4153 4202 8355
4142 4240 8382
4245 4264 8509
4267 4296 8563
4299 4300 8599
4232 4241 8473
4156 4258 8414
4271 4288 8559
4180 4278 8458
4209 4247 8456
4217 4226 8443
4237 4255 8492
4186 4275 8461
4102 4241 8343
4164 4253 8417
4218 4268 8486
4212 4278 8490
4100 4111 8211
4126 4253 8379
4246 4256 8502
4143 4156 8299
4242 4246 8488
4276 4293 8569
4219 4253 8472
4241 4299 8540
4202 4210 8412
4193 4263 8456
4210 4277 8487
4235 4281 8516
4180 4258 8438
4225 4273 8498
4274 4277 8551
4121 4273 8394
4194 4216 8410
4172 4243 8415
4169 4217 8386
4291 4293 8584
4139 4232 8371
4120 4222 8342
4215 4234 8449
4265 4287 8552
4193 4214 8407
4162 4177 8339
4192 4195 8387
4123 4247 8370
4197 4274 8471
4207 4225 8432
4106 4127 8233
4191 4272 8463
4109 4240 8349

4160 4178 8322
4017 4034 8029
4118 4130 8242
4057 4124 8162
4010 4058 8061
4133 4172 8304
4025 4175 8193
4004 4119 8095
4052 4097 8118
4116 4154 8250
4031 4038 8066
4100 4101 8169
4053 4106 8140
4015 4062 8070
4168 4181 8312
4131 4198 8294
4044 4170 8213
4049 4184 8209
4162 4164 8295
4103 4115 8205
4138 4141 8248
4064 4110 8166
4067 4074 8115
4026 4091 8091
4045 4143 8177
4110 4186 8275
4106 4165 8263
4128 4161 8262
4011 4059 8040
4129 4175 8294
4094 4168 8253
4188 4195 8373
4068 4168 8221
4047 4189 8208
4119 4154 8264
4083 4091 8149
4019 4142 8131
4093 4113 8176
4165 4167 8329
4108 4135 8231
4022 4149 8149
4081 4162 8212
4118 4192 8277
4055 4139 8192
4021 4186 8193
4150 4161 8290
4084 4137 8202
4077 4148 8213
4127 4145 8237
4032 4042 8062
4142 4156 8271
4104 4179 8245
4180 4191 8350
4088 4129 8212
4158 4162 8310
4092 4199 8258
4198 4200 8372
4160 4178 8302
4107 4122 8213
4021 4043 8062
4025 4148 8171
4090 4108 8189
4168 4173 8328
4138 4198 8328
4174 4177 8339
4030 4098 8113
4061 4132 8190
4017 4167 8160
4178 4198 8354
4042 4068 8078
4133 4189 8300
4036 4176 8174
4005 4013 8011
4030 4057 8084
4168 4172 8335
4036 4164 8198
4064 4092 8134
4160 4186 8342
4009 4179 8187
4149 4187 8322
4174 4191 8343
4132 4146 8242
4083 4088 8143
4106 4191 8277
4103 4167 8232
4024 4075 8094
4152 4154 8300
4041 4193 8216
4001 4049 8029
4046 4131 8159
4163 4177 8302
4169 4175 8338
4176 4179 8321
4026 4066 8066
4167 4193 8324
4186 4190 8353
4191 4193 8357
4118 4159 8274
4199 4200 8396
4068 4170 8220
4144 4196 8339
4067 4092 8152
4032 4130 8124
4188 4197 8365
4105 4138 8232
4027 4178 8202
4188 4199 8351
4164 4177 8332
4071 4193 8227
4164 4196 8351
4072 4075 8128
4043 4171 8211
4120 4151 8253
4134 4171 8288
4121 4155 8262
4044 4049 8069
4068 4076 8111
4128 4147 8247
4011 4179 8184
4146 4192 8330
4036 4158 8189
4039 4116 8139
4178 4180 8319
4003 4133 8102
4038 4101 8128
4008 4135 8115
4196 4200 8382
4051 4150 8195
4056 4106 8140
4024 4070 8071
4150 4184 8330
4068 4107 8142
4115 4130 8243
4129 4167 8261
4183 4192 8369
4140 4155 8270
4050 4171 8218
4022 4112 8130
4115 4176 8279
4183 4188 8352
4139 4192 8330
4082 4084 8162
4185 4189 8360
4134 4163 8280
4165 4177 8326
4005 4067 8070
4087 4191 8270
4120 4172 8259
4043 4128 8149
4192 4195 8353
4076 4173 8226
4055 4076 8128
4145 4173 8305
4003 4126 8102
4159 4189 8316
4149 4195 8341
4093 4153 8208
4108 4120 8216
4038 4144 8177
4063 4143 8173
4127 4157 8276
4139 4170 8291
4098 4129 8210
4081 4142 8195
4028 4089 8101
4154 4188 8310
4185 4191 8347
4012 4022 8018
4160 4168 8313
4121 4166 8274
4188 4197 8361
4101 4165 8237
4035 4064 8065
4106 4156 8260
4139 4173 8292
4176 4196 8358
4197 4199 8377
4002 4169 8149
4118 4173 8290
4092 4133 8203
4037 4177 8181
4049 4199 8241
4141 4180 8288
4095 4159 8231
4190 4194 8364
4051 4136 8170
4074 4127 8199
4061 4173 8232
4195 4200 8391
4071 4146 8214
4094 4190 8273
4132 4158 8251
4086 4184 8249
4015 4100 8095
4026 4188 8192
4131 4195 8319
4164 4182 8326
4040 4186 8200
4023 4133 8142
4003 4174 8175
4179 4187 8329
4115 4172 8272
4144 4145 8275
4118 4187 8270
4102 4193 8285
4165 4172 8321
4175 4183 8331
4167 4184 8345
4192 4193 8358
4164 4181 8328
4045 4124 8162
4113 4141 8232
4032 4098 8104
4130 4136 8264
4150 4164 8306
4171 4183 8330
4029 4178 8178
4150 4179 8321
4061 4153 8185
4188 4198 8370
4178 4189 8354
4008 4172 8177
4116 4119 8202
4011 4020 8011
4108 4153 8258
4052 4093 8117
4014 4162 8162
4169 4185 8317
4073 4152 8191
4123 4143 8240
4129 4165 8265
4027 4200 8208
4171 4178 8320
4149 4193 8317
4119 4125 8230
4065 4186 8225
4158 4169 8302
4122 4161 8280
4052 4170 8210
4148 4167 8312
4055 4162 8187
4187 4190 8364
4165 4168 8305
4135 4184 8311
4086 4179 8249
4004 4189 8158
4023 4045 8052
4036 4184 8214
4173 4177 8344
4156 4164 8298
4053 4102 8131
4042 4140 8160
4145 4164 8301
4167 4196 8328
4199 4200 8392
4132 4141 8253
4056 4158 8187
4171 4188 8350
4080 4178 8232
4109 4147 8254
4117 4126 8236
4137 4155 8265
4086 4175 8246
4002 4141 8110
4064 4153 8216
4118 4168 8281
4112 4178 8264
4000 4011 7996
4026 4153 8149
4146 4156 8287
4043 4056 8067
4142 4146 8253
4176 4193 8343
4119 4153 8251
4141 4199 8306
4102 4110 8190
4093 4163 8245
4110 4177 8267
4135 4181 8293
4080 4158 8229
4125 4173 8276
4174 4177 8341
4021 4173 8183
4094 4116 8193
4072 4143 8178
4069 4117 8182
4191 4193 8380
4039 4132 8140
4020 4122 8118
4115 4134 8232
4165 4187 8320
4093 4114 8205
4062 4077 8126
4092 4095 8171
4023 4147 8137
4097 4174 8251
4107 4125 8219
4006 4027 8026
4091 4172 8236
4009 4140 8117

0.010000 0.670000
