300
1578213
4129 4158 8287
4131 4227 8358
4133 4205 8338
4152 4175 8327
4228 4269 8497
4248 4249 8497
4219 4276 8495
4289 4292 8581
4104 4265 8369
4256 4270 8526
4187 4251 8438
4134 4171 8305
4177 4247 8424
4131 4157 8288
4153 4248 8401
4245 4265 8510
4155 4256 8411
4185 4284 8469
4253 4289 8542
4290 4300 8590
4113 4228 8341
4154 4266 8420
4136 4176 8312
4152 4216 8368
4113 4186 8299
4288 4289 8577
4294 4295 8589
4104 4233 8337
4237 4270 8507
4200 4276 8476
4230 4298 8528
4126 4289 8415
4277 4281 8558
4141 4256 8397
4248 4276 8524
4122 4163 8285
4116 4147 8263
4295 4297 8592
4295 4299 8594
4180 4281 8461
4169 4184 8353
4228 4283 8511
4247 4292 8539
4122 4237 8359
4279 4282 8561
4213 4292 8505
4241 4260 8501
4286 4294 8580
4279 4280 8559
4244 4280 8524
4141 4288 8429
4243 4275 8518
4149 4205 8354
4179 4195 8374
4111 4207 8318
4200 4201 8401
4153 4291 8444
4112 4156 8268
4206 4283 8489
4152 4180 8332
4134 4228 8362
4143 4290 8433
4201 4284 8485
4240 4276 8516
4216 4229 8445
4159 4286 8445
4291 4297 8588
4129 4150 8279
4186 4225 8411
4241 4263 8504
4225 4251 8476
4264 4275 8539
4294 4299 8593
4221 4255 8476
4129 4157 8286
4291 4297 8588
4249 4282 8531
4119 4231 8350
4125 4187 8312
4222 4228 8450
4270 4300 8570
4170 4234 8404
4129 4277 8406
4103 4194 8297
4106 4261 8367
4131 4145 8276
4106 4244 8350
4222 4272 8494
4281 4297 8578
4280 4284 8564
4184 4222 8406
4224 4265 8489
4159 4171 8330
4145 4173 8318
4293 4299 8592
4292 4299 8591
4137 4230 8367
4287 4300 8587
4126 4268 8394
4279 4286 8565
4229 4244 8473
4140 4276 8416
4162 4206 8368
4253 4254 8507
4288 4297 8585
4139 4195 8334
4217 4252 8469
4104 4116 8220
4127 4179 8306
4129 4131 8260
4255 4266 8521
4173 4267 8440
4120 4149 8269
4146 4287 8433
4202 4238 8440
4261 4273 8534
4250 4267 8517
4152 4279 8431
4104 4218 8322
4120 4190 8310
4154 4275 8429
4129 4191 8320
4220 4257 8477
4216 4230 8446
4176 4205 8381
4160 4245 8405
4170 4235 8405
4284 4285 8569
4169 4284 8453
4222 4254 8476
4122 4223 8345
4251 4286 8537
4183 4284 8467
4161 4286 8447
4154 4178 8332
4283 4298 8581
4118 4124 8242
4149 4290 8439
4272 4293 8565
4258 4295 8553
4200 4255 8455
4202 4209 8411
4206 4256 8462
4116 4254 8370
4188 4264 8452
4118 4242 8360
4246 4258 8504
4181 4191 8372
4259 4274 8533
4299 4300 8599
4249 4286 8535
4225 4256 8481
4259 4265 8524
4155 4237 8392
4274 4298 8572
4265 4289 8554
4264 4280 8544
4250 4265 8515
4249 4264 8513
4200 4224 8424
4168 4197 8365
4156 4193 8349
4189 4197 8386
4126 4134 8260
4101 4168 8269
4184 4242 8426
4274 4278 8552
4171 4238 8409
4225 4279 8504
4213 4290 8503
4124 4180 8304
4224 4254 8478
4141 4257 8398
4275 4297 8572
4274 4296 8570
4146 4174 8320
4163 4174 8337
4124 4148 8272
4262 4283 8545
4160 4238 8398
4229 4271 8500
4244 4278 8522
4204 4255 8459
4246 4264 8510
4149 4163 8312
4118 4271 8389
4251 4271 8522
4138 4262 8400
4119 4254 8373
4224 4259 8483
4208 4262 8470
4110 4236 8346
4125 4210 8335
4241 4295 8536
4145 4210 8355
4150 4277 8427
4257 4280 8537
4201 4267 8468
4112 4134 8246
4125 4196 8321
4144 4215 8359
4185 4209 8394
4150 4275 8425
4106 4127 8233
4269 4283 8552
4196 4229 8425
4179 4216 8395
4143 4229 8372
4204 4271 8475
4134 4268 8402
4187 4229 8416
4101 4110 8211
4105 4172 8277
4299 4300 8599
4163 4213 8376
4185 4220 8405
4176 4259 8435
4170 4217 8387
4293 4299 8592
4211 4292 8503
4118 4127 8245
4138 4186 8324
4145 4220 8365
4208 4218 8426
4128 4283 8411
4229 4253 8482
4180 4233 8413
4213 4228 8441
4235 4252 8487
4148 4187 8335
4157 4267 8424
4167 4219 8386
4108 4135 8243
4186 4256 8442
4294 4298 8592
4144 4195 8339
4153 4266 8419
4293 4296 8589
4169 4272 8441
4276 4283 8559
4232 4295 8527
4274 4279 8553
4132 4280 8412
4108 4201 8309
4183 4254 8437
4287 4296 8583
4269 4299 8568
4257 4263 8520
4259 4260 8519
4294 4297 8591
4185 4200 8385
4124 4127 8251
4157 4254 8411
4224 4231 8455
4186 4299 8485
4238 4275 8513
4266 4268 8534
4191 4272 8463
4128 4137 8265
4139 4193 8332
4202 4268 8470
4104 4203 8307
4250 4293 8543
4179 4198 8377
4252 4253 8505
4192 4274 8466
4181 4246 8427
4251 4277 8528
4113 4184 8297
4134 4300 8434
4244 4276 8520
4232 4285 8517
4134 4236 8370
4200 4241 8441
4248 4270 8518
4189 4288 8477
4102 4236 8338
4282 4300 8582
4162 4275 8437
4239 4277 8516
4279 4282 8561
4299 4300 8599
4288 4293 8581
4126 4225 8351
4243 4284 8527
4290 4295 8585
4277 4292 8569
4230 4241 8471
4227 4249 8476
4168 4299 8467
4196 4202 8398
4118 4121 8239
4111 4284 8395
4263 4283 8546
4158 4227 8385
4224 4295 8519
4242 4293 8535
4179 4261 8440
4137 4197 8334
4242 4259 8501

4029 4058 8070
4031 4127 8132
4033 4105 8112
4052 4075 8114
4128 4169 8260
4148 4149 8278
4119 4176 8290
4189 4192 8372
4004 4165 8166
4156 4170 8321
4087 4151 8230
4034 4071 8088
4077 4147 8214
4031 4057 8078
4053 4148 8170
4145 4165 8280
4055 4156 8178
4085 4184 8231
4153 4189 8308
4190 4200 8379
4013 4128 8139
4054 4166 8192
4036 4076 8080
4052 4116 8163
4013 4086 8063
4188 4189 8359
4194 4195 8379
4004 4133 8125
4137 4170 8297
4100 4176 8240
4130 4198 8318
4026 4189 8187
4177 4181 8330
4041 4156 8163
4148 4176 8286
4022 4063 8074
4016 4047 8041
4195 4197 8362
4195 4199 8355
4080 4181 8255
4069 4084 8124
4128 4183 8289
4147 4192 8335
4022 4137 8121
4179 4182 8350
4113 4192 8288
4141 4160 8294
4186 4194 8350
4179 4180 8327
4144 4180 8292
4041 4188 8224
4143 4175 8283
4049 4105 8124
4079 4095 8160
4011 4107 8084
4100 4101 8192
4053 4191 8240
4012 4056 8065
4106 4183 8261
4052 4080 8122
4034 4128 8130
4043 4190 8224
4101 4184 8280
4140 4176 8315
4116 4129 8212
4059 4186 8237
4191 4197 8382
4029 4050 8044
4086 4125 8178
4141 4163 8289
4125 4151 8237
4164 4175 8321
4194 4199 8359
4121 4155 8243
4029 4057 8063
4191 4197 8354
4149 4182 8299
4019 4131 8135
4025 4087 8092
4122 4128 8215
4170 4200 8361
4070 4134 8183
4029 4177 8176
4003 4094 8092
4006 4161 8132
4031 4045 8057
4006 4144 8133
4122 4172 8263
4181 4197 8372
4180 4184 8325
4084 4122 8204
4124 4165 8272
4059 4071 8129
4045 4073 8110
4193 4199 8374
4192 4199 8373
4037 4130 8160
4187 4200 8349
4026 4168 8182
4179 4186 8357
4129 4144 8261
4040 4176 8183
4062 4106 8145
4153 4154 8274
4188 4197 8351
4039 4095 8128
4117 4152 8257
4004 4016 7986
4027 4079 8100
4029 4031 8047
4155 4166 8285
4073 4167 8229
4020 4049 8059
4046 4187 8220
4102 4138 8204
4161 4173 8319
4150 4167 8312
4052 4179 8198
4004 4118 8112
4020 4090 8098
4054 4175 8221
4029 4091 8097
4120 4157 8264
4116 4130 8207
4076 4105 8159
4060 4145 8170
4070 4135 8171
4184 4185 8333
4069 4184 8216
4122 4154 8239
4022 4123 8110
4151 4186 8304
4083 4184 8257
4061 4186 8224
4054 4078 8121
4183 4198 8342
4018 4024 8027
4049 4190 8229
4172 4193 8345
4158 4195 8319
4100 4155 8250
4102 4109 8205
4106 4156 8254
4016 4154 8142
4088 4164 8232
4018 4142 8150
4146 4158 8281
4081 4091 8154
4159 4174 8296
4199 4200 8368
4149 4186 8306
4125 4156 8252
4159 4165 8315
4055 4137 8180
4174 4198 8346
4165 4189 8328
4164 4180 8318
4150 4165 8300
4149 4164 8285
4100 4124 8218
4068 4097 8154
4056 4093 8145
4089 4097 8169
4026 4034 8026
4001 4068 8032
4084 4142 8201
4174 4178 8316
4071 4138 8205
4125 4179 8267
4113 4190 8275
4024 4080 8083
4124 4154 8264
4041 4157 8168
4175 4197 8352
4174 4196 8357
4046 4074 8117
4063 4074 8110
4024 4048 8036
4162 4183 8322
4060 4138 8162
4129 4171 8278
4144 4178 8299
4104 4155 8251
4146 4164 8280
4049 4063 8092
4018 4171 8157
4151 4171 8310
4038 4162 8168
4019 4154 8137
4124 4159 8252
4108 4162 8243
4010 4136 8118
4025 4110 8122
4141 4195 8302
4045 4110 8142
4050 4177 8206
4157 4180 8328
4101 4167 8236
4012 4034 8021
4025 4096 8085
4044 4115 8155
4085 4109 8159
4050 4175 8199
4006 4027 8000
4169 4183 8329
4096 4129 8187
4079 4116 8179
4043 4129 8143
4104 4171 8262
4034 4168 8194
4087 4129 8191
4001 4010 7994
4005 4072 8041
4199 4200 8370
4063 4113 8168
4085 4120 8200
4076 4159 8213
4070 4117 8179
4193 4199 8390
4111 4192 8264
4018 4027 8042
4038 4086 8123
4045 4120 8142
4108 4118 8215
4028 4183 8206
4129 4153 8261
4080 4133 8189
4113 4128 8240
4135 4152 8279
4048 4087 8133
4057 4167 8221
4067 4119 8176
4008 4035 8019
4086 4156 8233
4194 4198 8382
4044 4095 8138
4053 4166 8214
4193 4196 8355
4069 4172 8240
4176 4183 8325
4132 4195 8323
4174 4179 8319
4032 4180 8181
4008 4101 8096
4083 4154 8230
4187 4196 8362
4169 4199 8336
4157 4163 8306
4159 4160 8291
4194 4197 8372
4085 4100 8169
4024 4027 8030
4057 4154 8203
4124 4131 8242
4086 4199 8270
4138 4175 8305
4166 4168 8332
4091 4172 8225
4028 4037 8040
4039 4093 8119
4102 4168 8259
4004 4103 8100
4150 4193 8307
4079 4098 8173
4152 4153 8276
4092 4174 8245
4081 4146 8189
4151 4177 8295
4013 4084 8084
4034 4200 8207
4144 4176 8290
4132 4185 8313
4034 4136 8147
4100 4141 8230
4148 4170 8280
4089 4188 8271
4002 4136 8136
4182 4200 8381
4062 4175 8199
4139 4177 8310
4179 4182 8344
4199 4200 8372
4188 4193 8378
4026 4125 8142
4143 4184 8326
4190 4195 8372
4177 4192 8339
4130 4141 8236
4127 4149 8251
4068 4199 8231
4096 4102 8195
4018 4021 8007
4011 4184 8162
4163 4183 8307
4058 4127 8173
4124 4195 8305
4142 4193 8325
4079 4161 8204
4037 4097 8099
4142 4159 8290

0.010000 0.640000
