300
1037856
4244 4288 8532
4166 4225 8391
4116 4120 8236
4212 4219 8431
4115 4199 8314
4259 4292 8551
4239 4293 8532
4239 4282 8521
4153 4209 8362
4263 4295 8558
4175 4268 8443
4136 4154 8290
4136 4198 8334
4248 4298 8546
4226 4229 8455
4210 4220 8430
4239 4263 8502
4198 4259 8457
4252 4270 8522
4272 4297 8569
4264 4269 8533
4157 4198 8355
4286 4291 8577
4202 4259 8461
4263 4277 8540
4295 4296 8591
4293 4297 8590
4183 4265 8448
4253 4271 8524
4274 4289 8563
4214 4221 8435
4236 4298 8534
4261 4270 8531
4222 4233 8455
4167 4277 8444
4188 4295 8483
4237 4242 8479
4138 4177 8315
4272 4288 8560
4288 4297 8585
4185 4290 8475
4135 4297 8432
4292 4300 8592
4218 4229 8447
4124 4159 8283
4276 4292 8568
4154 4275 8429
4221 4240 8461
4288 4295 8583
4252 4288 8540
4248 4272 8520
4223 4235 8458
4135 4230 8365
4230 4270 8500
4170 4273 8443
4114 4262 8376
4257 4279 8536
4101 4130 8231
4166 4270 8436
4223 4275 8498
4296 4299 8595
4167 4168 8335
4211 4251 8462
4149 4182 8331
4290 4299 8589
4209 4268 8477
4226 4243 8469
4297 4299 8596
4207 4245 8452
4299 4300 8599
4253 4274 8527
4230 4253 8483
4187 4237 8424
4144 4251 8395
4182 4187 8369
4166 4167 8333
4149 4254 8403
4297 4299 8596
4115 4190 8305
4266 4281 8547
4216 4230 8446
4131 4275 8406
4240 4270 8510
4247 4287 8534
4281 4294 8575
4230 4233 8463
4188 4241 8429
4282 4285 8567
4202 4232 8434
4280 4300 8580
4208 4222 8430
4214 4227 8441
4277 4295 8572
4137 4175 8312
4149 4286 8435
4156 4170 8326
4244 4251 8495
4136 4152 8288
4213 4296 8509
4146 4148 8294
4144 4251 8395
4287 4292 8579
4220 4286 8506
4191 4300 8491
4168 4253 8421
4259 4289 8548
4295 4298 8593
4126 4269 8395
4116 4203 8319
4247 4258 8505
4100 4116 8216
4209 4294 8503
4169 4201 8370
4233 4264 8497
4252 4264 8516
4265 4290 8555
4199 4217 8416
4100 4172 8272
4126 4173 8299
4251 4296 8547
4185 4283 8468
4240 4262 8502
4229 4291 8520
4165 4272 8437
4292 4300 8592
4240 4244 8484
4252 4272 8524
4193 4237 8430
4298 4300 8598
4291 4293 8584
4223 4236 8459
4273 4294 8567
4121 4198 8319
4245 4285 8530
4237 4261 8498
4236 4288 8524
4135 4233 8368
4159 4201 8360
4293 4299 8592
4297 4300 8597
4248 4252 8500
4197 4234 8431
4230 4267 8497
4122 4208 8330
4195 4267 8462
4174 4258 8432
4219 4252 8471
4219 4228 8447
4104 4202 8306
4281 4283 8564
4262 4274 8536
4107 4234 8341
4270 4293 8563
4270 4271 8541
4147 4190 8337
4170 4205 8375
4123 4210 8333
4163 4276 8439
4167 4282 8449
4268 4288 8556
4237 4246 8483
4113 4117 8230
4234 4272 8506
4197 4285 8482
4160 4238 8398
4183 4250 8433
4202 4210 8412
4142 4252 8394
4200 4243 8443
4277 4293 8570
4185 4264 8449
4239 4269 8508
4185 4270 8455
4187 4275 8462
4217 4218 8435
4253 4277 8530
4108 4187 8295
4115 4133 8248
4158 4253 8411
4214 4295 8509
4164 4175 8339
4117 4150 8267
4141 4239 8380
4211 4246 8457
4185 4289 8474
4242 4256 8498
4291 4296 8587
4150 4151 8301
4140 4173 8313
4227 4258 8485
4176 4247 8423
4197 4292 8489
4212 4250 8462
4259 4263 8522
4164 4193 8357
4134 4286 8420
4143 4276 8419
4106 4147 8253
4169 4294 8463
4251 4272 8523
4180 4238 8418
4156 4160 8316
4155 4167 8322
4168 4245 8413
4160 4264 8424
4186 4231 8417
4237 4253 8490
4218 4244 8462
4230 4263 8493
4104 4140 8244
4294 4299 8593
4243 4247 8490
4100 4225 8325
4279 4293 8572
4298 4300 8598
4164 4246 8410
4131 4290 8421
4275 4295 8570
4101 4211 8312
4250 4275 8525
4198 4266 8464
4183 4280 8463
4149 4298 8447
4204 4206 8410
4111 4148 8259
4296 4298 8594
4246 4268 8514
4188 4213 8401
4133 4217 8350
4257 4276 8533
4155 4259 8414
4221 4293 8514
4226 4261 8487
4125 4269 8394
4235 4280 8515
4156 4285 8441
4220 4250 8470
4162 4258 8420
4162 4163 8325
4282 4296 8578
4184 4262 8446
4268 4287 8555
4296 4300 8596
4152 4202 8354
4255 4294 8549
4239 4260 8499
4199 4207 8406
4172 4176 8348
4179 4295 8474
4106 4221 8327
4232 4285 8517
4172 4189 8361
4242 4275 8517
4152 4154 8306
4255 4272 8527
4122 4158 8280
4158 4217 8375
4177 4197 8374
4288 4292 8580
4255 4263 8518
4283 4290 8573
4137 4198 8335
4240 4295 8535
4146 4243 8389
4258 4292 8550
4296 4297 8593
4264 4292 8556
4267 4284 8551
4133 4274 8407
4250 4278 8528
4287 4300 8587
4243 4274 8517
4131 4178 8309
4215 4277 8492
4215 4241 8456
4287 4292 8579
4189 4283 8472
4206 4250 8456
4202 4219 8421
4221 4277 8498
4233 4296 8529
4254 4297 8551
4182 4272 8454
4110 4186 8296
4263 4264 8527
4150 4151 8301
4222 4251 8473
4285 4290 8575
4250 4282 8532
4206 4265 8471
4114 4201 8315
4119 4284 8403
4296 4297 8593
4221 4238 8459
4232 4277 8509
4164 4235 8399
4268 4280 8548
4260 4280 8540
4132 4280 8412
4189 4212 8401

4144 4188 8328
4066 4125 8175
4016 4020 8014
4112 4119 8218
4015 4099 8090
4159 4192 8348
4139 4193 8329
4139 4182 8304
4053 4109 8136
4163 4195 8321
4075 4168 8213
4036 4054 8067
4036 4098 8132
4148 4198 8317
4126 4129 8235
4110 4120 8196
4139 4163 8297
4098 4159 8253
4152 4170 8287
4172 4197 8347
4164 4169 8298
4057 4098 8137
4186 4191 8359
4102 4159 8260
4163 4177 8305
4195 4196 8384
4193 4197 8382
4083 4165 8245
4153 4171 8305
4174 4189 8351
4114 4121 8225
4136 4198 8325
4161 4170 8307
4122 4133 8238
4067 4177 8227
4088 4195 8279
4137 4142 8266
4038 4077 8102
4172 4188 8329
4188 4197 8352
4085 4190 8254
4035 4197 8205
4192 4200 8390
4118 4129 8224
4024 4059 8080
4176 4192 8331
4054 4175 8213
4121 4140 8234
4188 4195 8371
4152 4188 8337
4148 4172 8305
4123 4135 8225
4035 4130 8154
4130 4170 8281
4070 4173 8226
4014 4162 8142
4157 4179 8303
4001 4030 8025
4066 4170 8225
4123 4175 8271
4196 4199 8365
4067 4068 8102
4111 4151 8233
4049 4082 8119
4190 4199 8370
4109 4168 8260
4126 4143 8254
4197 4199 8361
4107 4145 8246
4199 4200 8362
4153 4174 8309
4130 4153 8280
4087 4137 8217
4044 4151 8170
4082 4087 8154
4066 4067 8118
4049 4154 8175
4197 4199 8374
4015 4090 8102
4166 4181 8330
4116 4130 8226
4031 4175 8187
4140 4170 8307
4147 4187 8323
4181 4194 8370
4130 4133 8226
4088 4141 8218
4182 4185 8332
4102 4132 8222
4180 4200 8361
4108 4122 8206
4114 4127 8213
4177 4195 8333
4037 4075 8097
4049 4186 8224
4056 4070 8124
4144 4151 8277
4036 4052 8072
4113 4196 8282
4046 4048 8059
4044 4151 8161
4187 4192 8340
4120 4186 8292
4091 4200 8271
4068 4153 8187
4159 4189 8329
4195 4198 8389
4026 4169 8190
4016 4103 8098
4147 4158 8281
4000 4016 7982
4109 4194 8275
4069 4101 8162
4133 4164 8288
4152 4164 8281
4165 4190 8338
4099 4117 8196
4000 4072 8068
4026 4073 8071
4151 4196 8327
4085 4183 8252
4140 4162 8299
4129 4191 8298
4065 4172 8228
4192 4200 8382
4140 4144 8251
4152 4172 8290
4093 4137 8215
4198 4200 8359
4191 4193 8375
4123 4136 8251
4173 4194 8352
4021 4098 8095
4145 4185 8309
4137 4161 8276
4136 4188 8295
4035 4133 8136
4059 4101 8156
4193 4199 8374
4197 4200 8377
4148 4152 8262
4097 4134 8205
4130 4167 8287
4022 4108 8118
4095 4167 8246
4074 4158 8213
4119 4152 8232
4119 4128 8209
4004 4102 8080
4181 4183 8344
4162 4174 8317
4007 4134 8118
4170 4193 8342
4170 4171 8333
4047 4090 8113
4070 4105 8145
4023 4110 8101
4063 4176 8201
4067 4182 8214
4168 4188 8321
4137 4146 8277
4013 4017 8014
4134 4172 8300
4097 4185 8274
4060 4138 8182
4083 4150 8200
4102 4110 8183
4042 4152 8164
4100 4143 8207
4177 4193 8348
4085 4164 8215
4139 4169 8272
4085 4170 8249
4087 4175 8256
4117 4118 8224
4153 4177 8329
4008 4087 8085
4015 4033 8045
4058 4153 8194
4114 4195 8282
4064 4075 8120
4017 4050 8031
4041 4139 8160
4111 4146 8229
4085 4189 8251
4142 4156 8290
4191 4196 8352
4050 4051 8083
4040 4073 8107
4127 4158 8262
4076 4147 8200
4097 4192 8262
4112 4150 8225
4159 4163 8293
4064 4093 8132
4034 4186 8194
4043 4176 8199
4006 4047 8030
4069 4194 8247
4151 4172 8286
4080 4138 8208
4056 4060 8080
4055 4067 8106
4068 4145 8199
4060 4164 8222
4086 4131 8202
4137 4153 8279
4118 4144 8246
4130 4163 8271
4004 4040 8013
4194 4199 8358
4143 4147 8289
4000 4125 8119
4179 4193 8366
4198 4200 8382
4064 4146 8199
4031 4190 8211
4175 4195 8352
4001 4111 8084
4150 4175 8293
4098 4166 8241
4083 4180 8228
4049 4198 8228
4104 4106 8205
4011 4048 8024
4196 4198 8355
4146 4168 8299
4088 4113 8172
4033 4117 8116
4157 4176 8312
4055 4159 8191
4121 4193 8282
4126 4161 8263
4025 4169 8190
4135 4180 8281
4056 4185 8209
4120 4150 8248
4062 4158 8184
4062 4063 8096
4182 4196 8344
4084 4162 8217
4168 4187 8320
4196 4200 8368
4052 4102 8116
4155 4194 8330
4139 4160 8285
4099 4107 8173
4072 4076 8132
4079 4195 8263
4006 4121 8100
4132 4185 8301
4072 4089 8156
4142 4175 8315
4052 4054 8070
4155 4172 8288
4022 4058 8060
4058 4117 8160
4077 4097 8150
4188 4192 8377
4155 4163 8287
4183 4190 8365
4037 4098 8109
4140 4195 8315
4046 4143 8181
4158 4192 8327
4196 4197 8385
4164 4192 8335
4167 4184 8338
4033 4174 8189
4150 4178 8306
4187 4200 8362
4143 4174 8288
4031 4078 8104
4115 4177 8278
4115 4141 8241
4187 4192 8367
4089 4183 8238
4106 4150 8222
4102 4119 8219
4121 4177 8295
4133 4196 8308
4154 4197 8341
4082 4172 8230
4010 4086 8064
4163 4164 8291
4050 4051 8078
4122 4151 8256
4185 4190 8336
4150 4182 8294
4106 4165 8266
4014 4101 8104
4019 4184 8195
4196 4197 8366
4121 4138 8247
4132 4177 8286
4064 4135 8165
4168 4180 8315
4160 4180 8316
4032 4180 8195
4089 4112 8167

0.010000 0.420000
