300
1357431
4295 4297 8592
4228 4293 8521
4293 4299 8592
4272 4276 8548
4184 4243 8427
4132 4292 8424
4157 4254 8411
4123 4178 8301
4280 4291 8571
4182 4242 8424
4265 4273 8538
4286 4291 8577
4239 4266 8505
4239 4292 8531
4128 4145 8273
4211 4254 8465
4252 4268 8520
4111 4159 8270
4181 4185 8366
4240 4293 8533
4139 4257 8396
4106 4124 8230
4223 4267 8490
4246 4270 8516
4213 4278 8491
4199 4241 8440
4232 4243 8475
4142 4280 8422
4100 4220 8320
4176 4293 8469
4105 4271 8376
4262 4273 8535
4119 4292 8411
4178 4228 8406
4299 4300 8599
4128 4240 8368
4123 4140 8263
4134 4157 8291
4129 4130 8259
4291 4296 8587
4108 4159 8267
4225 4299 8524
4157 4241 8398
4165 4171 8336
4107 4113 8220
4225 4281 8506
4104 4286 8390
4240 4277 8517
4271 4286 8557
4152 4290 8442
4222 4281 8503
4156 4278 8434
4225 4259 8484
4101 4275 8376
4217 4266 8483
4293 4298 8591
4107 4151 8258
4264 4276 8540
4189 4197 8386
4269 4280 8549
4138 4270 8408
4173 4206 8379
4149 4299 8448
4125 4243 8368
4188 4243 8431
4285 4294 8579
4205 4263 8468
4199 4238 8437
4259 4292 8551
4152 4252 8404
4167 4278 8445
4159 4186 8345
4195 4219 8414
4158 4267 8425
4218 4299 8517
4154 4231 8385
4297 4299 8596
4280 4283 8563
4120 4298 8418
4270 4289 8559
4221 4285 8506
4146 4209 8355
4158 4227 8385
4276 4291 8567
4273 4283 8556
4179 4272 8451
4298 4299 8597
4267 4279 8546
4258 4259 8517
4247 4255 8502
4272 4273 8545
4190 4274 8464
4159 4209 8368
4164 4207 8371
4150 4192 8342
4256 4266 8522
4264 4284 8548
4115 4244 8359
4290 4294 8584
4174 4201 8375
4185 4264 8449
4281 4290 8571
4104 4192 8296
4149 4211 8360
4135 4283 8418
4118 4169 8287
4225 4284 8509
4173 4266 8439
4234 4299 8533
4188 4207 8395
4240 4288 8528
4245 4270 8515
4229 4295 8524
4132 4272 8404
4230 4295 8525
4128 4220 8348
4218 4259 8477
4213 4294 8507
4265 4297 8562
4208 4218 8426
4209 4228 8437
4197 4222 8419
4129 4138 8267
4113 4233 8346
4282 4290 8572
4220 4248 8468
4220 4284 8504
4200 4235 8435
4146 4171 8317
4246 4255 8501
4219 4248 8467
4253 4291 8544
4179 4209 8388
4273 4280 8553
4276 4300 8576
4246 4275 8521
4223 4242 8465
4272 4277 8549
4129 4223 8352
4222 4232 8454
4270 4287 8557
4182 4239 8421
4193 4295 8488
4205 4279 8484
4102 4253 8355
4150 4245 8395
4294 4296 8590
4152 4298 8450
4188 4197 8385
4161 4210 8371
4287 4292 8579
4115 4214 8329
4112 4174 8286
4105 4140 8245
4255 4284 8539
4261 4269 8530
4221 4252 8473
4205 4277 8482
4270 4283 8553
4157 4205 8362
4177 4216 8393
4253 4270 8523
4271 4276 8547
4148 4182 8330
4250 4254 8504
4297 4299 8596
4178 4229 8407
4234 4299 8533
4235 4287 8522
4196 4298 8494
4203 4288 8491
4108 4154 8262
4246 4279 8525
4117 4123 8240
4275 4284 8559
4117 4280 8397
4250 4271 8521
4280 4293 8573
4117 4275 8392
4131 4160 8291
4198 4242 8440
4106 4107 8213
4228 4296 8524
4149 4221 8370
4191 4235 8426
4195 4256 8451
4131 4162 8293
4100 4234 8334
4247 4280 8527
4264 4295 8559
4245 4299 8544
4127 4185 8312
4271 4273 8544
4185 4233 8418
4143 4241 8384
4282 4290 8572
4159 4199 8358
4143 4198 8341
4179 4267 8446
4153 4179 8332
4115 4206 8321
4298 4300 8598
4134 4271 8405
4224 4231 8455
4192 4227 8419
4265 4286 8551
4277 4286 8563
4174 4238 8412
4160 4166 8326
4139 4249 8388
4220 4228 8448
4195 4295 8490
4226 4241 8467
4245 4298 8543
4151 4269 8420
4103 4151 8254
4182 4253 8435
4196 4208 8404
4116 4196 8312
4108 4159 8267
4184 4205 8389
4132 4268 8400
4289 4291 8580
4269 4288 8557
4251 4260 8511
4289 4295 8584
4210 4255 8465
4225 4249 8474
4128 4271 8399
4221 4288 8509
4206 4254 8460
4274 4296 8570
4183 4232 8415
4227 4282 8509
4123 4150 8273
4202 4233 8435
4198 4216 8414
4123 4144 8267
4127 4275 8402
4136 4291 8427
4223 4236 8459
4142 4255 8397
4106 4135 8241
4150 4244 8394
4135 4214 8349
4100 4185 8285
4288 4298 8586
4190 4209 8399
4157 4228 8385
4171 4205 8376
4187 4250 8437
4206 4298 8504
4152 4216 8368
4298 4300 8598
4208 4213 8421
4137 4154 8291
4213 4231 8444
4285 4288 8573
4233 4287 8520
4255 4298 8553
4167 4234 8401
4227 4253 8480
4124 4274 8398
4230 4290 8520
4167 4209 8376
4198 4260 8458
4122 4277 8399
4186 4239 8425
4110 4192 8302
4202 4237 8439
4251 4275 8526
4187 4294 8481
4241 4286 8527
4177 4274 8451
4191 4240 8431
4149 4288 8437
4285 4293 8578
4110 4134 8244
4200 4209 8409
4293 4300 8593
4132 4156 8288
4256 4299 8555
4103 4246 8349
4130 4281 8411
4223 4269 8492
4264 4299 8563
4213 4291 8504
4145 4248 8393
4229 4247 8476
4166 4254 8420
4188 4234 8422
4229 4291 8520
4210 4268 8478
4144 4183 8327
4260 4288 8548
4182 4250 8432
4235 4291 8526
4163 4180 8343
4298 4300 8598
4168 4233 8401

4195 4197 8383
4128 4193 8300
4193 4199 8363
4172 4176 8317
4084 4143 8197
4032 4192 8190
4057 4154 8186
4023 4078 8098
4180 4191 8335
4082 4142 8196
4165 4173 8318
4186 4191 8352
4139 4166 8280
4139 4192 8312
4028 4045 8047
4111 4154 8231
4152 4168 8313
4011 4059 8047
4081 4085 8130
4140 4193 8306
4039 4157 8180
4006 4024 7999
4123 4167 8287
4146 4170 8288
4113 4178 8268
4099 4141 8225
4132 4143 8260
4042 4180 8192
4000 4120 8103
4076 4193 8245
4005 4171 8170
4162 4173 8304
4019 4192 8203
4078 4128 8196
4199 4200 8366
4028 4140 8132
4023 4040 8034
4034 4057 8082
4029 4030 8036
4191 4196 8379
4008 4059 8052
4125 4199 8307
4057 4141 8179
4065 4071 8132
4007 4013 8019
4125 4181 8298
4004 4186 8185
4140 4177 8302
4171 4186 8353
4052 4190 8208
4122 4181 8301
4056 4178 8207
4125 4159 8246
4001 4175 8170
4117 4166 8263
4193 4198 8365
4007 4051 8037
4164 4176 8321
4089 4097 8158
4169 4180 8328
4038 4170 8191
4073 4106 8164
4049 4199 8219
4025 4143 8140
4088 4143 8222
4185 4194 8350
4105 4163 8232
4099 4138 8212
4159 4192 8335
4052 4152 8190
4067 4178 8228
4059 4086 8136
4095 4119 8181
4058 4167 8207
4118 4199 8310
4054 4131 8175
4197 4199 8363
4180 4183 8359
4020 4198 8199
4170 4189 8327
4121 4185 8269
4046 4109 8128
4058 4127 8162
4176 4191 8358
4173 4183 8353
4079 4172 8234
4198 4199 8368
4167 4179 8317
4158 4159 8315
4147 4155 8278
4172 4173 8344
4090 4174 8243
4059 4109 8159
4064 4107 8158
4050 4092 8132
4156 4166 8304
4164 4184 8342
4015 4144 8137
4190 4194 8360
4074 4101 8160
4085 4164 8225
4181 4190 8357
4004 4092 8075
4049 4111 8142
4035 4183 8183
4018 4069 8069
4125 4184 8282
4073 4166 8233
4134 4199 8326
4088 4107 8185
4140 4188 8324
4145 4170 8299
4129 4195 8321
4032 4172 8182
4130 4195 8312
4028 4120 8141
4118 4159 8266
4113 4194 8301
4165 4197 8333
4108 4118 8205
4109 4128 8218
4097 4122 8198
4029 4038 8062
4013 4133 8124
4182 4190 8355
4120 4148 8253
4120 4184 8292
4100 4135 8227
4046 4071 8098
4146 4155 8283
4119 4148 8232
4153 4191 8329
4079 4109 8178
4173 4180 8335
4176 4200 8367
4146 4175 8306
4123 4142 8233
4172 4177 8341
4029 4123 8139
4122 4132 8231
4170 4187 8320
4082 4139 8210
4093 4195 8250
4105 4179 8255
4002 4153 8137
4050 4145 8177
4194 4196 8363
4052 4198 8226
4088 4097 8158
4061 4110 8137
4187 4192 8363
4015 4114 8121
4012 4074 8051
4005 4040 8043
4155 4184 8326
4161 4169 8328
4121 4152 8256
4105 4177 8273
4170 4183 8335
4057 4105 8140
4077 4116 8186
4153 4170 8321
4171 4176 8312
4048 4082 8104
4150 4154 8284
4197 4199 8382
4078 4129 8188
4134 4199 8308
4135 4187 8283
4096 4198 8293
4103 4188 8286
4008 4054 8025
4146 4179 8305
4017 4023 8019
4175 4184 8352
4017 4180 8192
4150 4171 8310
4180 4193 8365
4017 4175 8191
4031 4060 8088
4098 4142 8202
4006 4007 7986
4128 4196 8308
4049 4121 8156
4091 4135 8195
4095 4156 8230
4031 4062 8065
4000 4134 8106
4147 4180 8300
4164 4195 8354
4145 4199 8339
4027 4085 8081
4171 4173 8329
4085 4133 8213
4043 4141 8157
4182 4190 8363
4059 4099 8136
4043 4098 8110
4079 4167 8223
4053 4079 8108
4015 4106 8119
4198 4200 8365
4034 4171 8191
4124 4131 8226
4092 4127 8193
4165 4186 8349
4177 4186 8337
4074 4138 8179
4060 4066 8099
4039 4149 8180
4120 4128 8213
4095 4195 8269
4126 4141 8257
4145 4198 8340
4051 4169 8205
4003 4051 8025
4082 4153 8198
4096 4108 8195
4016 4096 8100
4008 4059 8029
4084 4105 8168
4032 4168 8195
4189 4191 8369
4169 4188 8328
4151 4160 8310
4189 4195 8363
4110 4155 8249
4125 4149 8245
4028 4171 8194
4121 4188 8295
4106 4154 8251
4174 4196 8331
4083 4132 8191
4127 4182 8303
4023 4050 8038
4102 4133 8209
4098 4116 8213
4023 4044 8045
4027 4175 8198
4036 4191 8224
4123 4136 8247
4042 4155 8162
4006 4035 8023
4050 4144 8187
4035 4114 8124
4000 4085 8062
4188 4198 8373
4090 4109 8186
4057 4128 8175
4071 4105 8146
4087 4150 8204
4106 4198 8266
4052 4116 8148
4198 4200 8389
4108 4113 8198
4037 4054 8087
4113 4131 8222
4185 4188 8339
4133 4187 8308
4155 4198 8345
4067 4134 8166
4127 4153 8266
4024 4174 8173
4130 4190 8293
4067 4109 8148
4098 4160 8241
4022 4177 8180
4086 4139 8214
4010 4092 8071
4102 4137 8215
4151 4175 8291
4087 4194 8274
4141 4186 8323
4077 4174 8223
4091 4140 8210
4049 4188 8219
4185 4193 8376
4010 4034 8029
4100 4109 8198
4193 4200 8384
4032 4056 8063
4156 4199 8323
4003 4146 8124
4030 4181 8184
4123 4169 8268
4164 4199 8338
4113 4191 8292
4045 4148 8177
4129 4147 8263
4066 4154 8192
4088 4134 8184
4129 4191 8282
4110 4168 8265
4044 4083 8123
4160 4188 8345
4082 4150 8217
4135 4191 8325
4063 4080 8139
4198 4200 8363
4068 4133 8190

0.010000 0.550000
