300
1581960
4123 4207 8330
4203 4217 8420
4255 4262 8517
4172 4270 8442
4235 4298 8533
4124 4240 8364
4226 4259 8485
4216 4299 8515
4100 4129 8229
4159 4177 8336
4207 4211 8418
4159 4168 8327
4237 4241 8478
4103 4134 8237
4248 4299 8547
4146 4197 8343
4254 4275 8529
4285 4291 8576
4206 4281 8487
4127 4280 8407
4237 4269 8506
4207 4265 8472
4112 4240 8352
4259 4292 8551
4265 4278 8543
4161 4279 8440
4209 4216 8425
4262 4289 8551
4251 4295 8546
4211 4237 8448
4167 4294 8461
4138 4164 8302
4202 4210 8412
4259 4264 8523
4113 4284 8397
4109 4232 8341
4118 4200 8318
4195 4257 8452
4265 4297 8562
4273 4295 8568
4216 4224 8440
4269 4285 8554
4179 4297 8476
4289 4295 8584
4208 4279 8487
4293 4299 8592
4189 4271 8460
4182 4219 8401
4167 4270 8437
4128 4171 8299
4136 4143 8279
4121 4210 8331
4222 4233 8455
4275 4300 8575
4270 4278 8548
4156 4258 8414
4207 4250 8457
4133 4148 8281
4260 4295 8555
4220 4285 8505
4203 4208 8411
4289 4298 8587
4249 4292 8541
4265 4281 8546
4235 4265 8500
4198 4273 8471
4232 4271 8503
4264 4289 8553
4187 4211 8398
4137 4179 8316
4228 4253 8481
4271 4285 8556
4236 4294 8530
4197 4292 8489
4122 4199 8321
4282 4299 8581
4242 4277 8519
4272 4275 8547
4107 4296 8403
4117 4297 8414
4294 4297 8591
4201 4246 8447
4258 4280 8538
4291 4297 8588
4181 4233 8414
4104 4281 8385
4170 4300 8470
4102 4109 8211
4256 4282 8538
4190 4293 8483
4109 4297 8406
4230 4265 8495
4117 4204 8321
4246 4287 8533
4249 4256 8505
4263 4283 8546
4135 4252 8387
4212 4256 8468
4275 4294 8569
4197 4271 8468
4210 4297 8507
4284 4288 8572
4193 4252 8445
4202 4207 8409
4138 4182 8320
4117 4286 8403
4235 4274 8509
4172 4244 8416
4276 4299 8575
4286 4298 8584
4130 4220 8350
4104 4143 8247
4252 4270 8522
4209 4283 8492
4188 4294 8482
4210 4244 8454
4121 4175 8296
4223 4232 8455
4158 4296 8454
4217 4242 8459
4175 4281 8456
4108 4282 8390
4228 4280 8508
4157 4194 8351
4188 4274 8462
4204 4233 8437
4237 4265 8502
4188 4240 8428
4285 4296 8581
4156 4268 8424
4146 4192 8338
4205 4270 8475
4274 4280 8554
4157 4231 8388
4202 4296 8498
4275 4297 8572
4127 4224 8351
4174 4300 8474
4262 4299 8561
4294 4297 8591
4293 4299 8592
4193 4250 8443
4138 4160 8298
4278 4290 8568
4153 4282 8435
4256 4279 8535
4150 4173 8323
4296 4300 8596
4139 4188 8327
4136 4243 8379
4233 4291 8524
4237 4255 8492
4154 4259 8413
4158 4216 8374
4296 4297 8593
4272 4292 8564
4294 4298 8592
4289 4297 8586
4207 4281 8488
4120 4268 8388
4262 4276 8538
4111 4200 8311
4222 4282 8504
4287 4289 8576
4211 4231 8442
4148 4219 8367
4181 4292 8473
4121 4172 8293
4181 4201 8382
4231 4277 8508
4219 4241 8460
4152 4269 8421
4198 4250 8448
4191 4214 8405
4171 4202 8373
4127 4178 8305
4108 4206 8314
4238 4299 8537
4176 4236 8412
4164 4201 8365
4274 4298 8572
4163 4285 8448
4188 4209 8397
4219 4234 8453
4217 4249 8466
4173 4209 8382
4171 4178 8349
4248 4275 8523
4123 4264 8387
4278 4300 8578
4278 4297 8575
4228 4267 8495
4113 4243 8356
4222 4246 8468
4221 4231 8452
4179 4235 8414
4207 4226 8433
4265 4297 8562
4252 4283 8535
4189 4194 8383
4108 4285 8393
4290 4292 8582
4298 4300 8598
4155 4171 8326
4270 4271 8541
4297 4298 8595
4261 4265 8526
4195 4200 8395
4230 4284 8514
4242 4283 8525
4202 4271 8473
4239 4248 8487
4287 4288 8575
4264 4268 8532
4269 4284 8553
4106 4174 8280
4189 4274 8463
4145 4247 8392
4276 4280 8556
4228 4269 8497
4252 4255 8507
4155 4245 8400
4289 4294 8583
4295 4299 8594
4247 4298 8545
4158 4171 8329
4168 4177 8345
4122 4232 8354
4227 4263 8490
4291 4294 8585
4293 4295 8588
4117 4199 8316
4180 4190 8370
4205 4268 8473
4163 4274 8437
4278 4291 8569
4110 4279 8389
4134 4264 8398
4160 4299 8459
4211 4284 8495
4294 4297 8591
4157 4225 8382
4277 4280 8557
4208 4250 8458
4282 4289 8571
4246 4271 8517
4117 4272 8389
4162 4241 8403
4158 4168 8326
4298 4299 8597
4283 4292 8575
4188 4278 8466
4105 4222 8327
4119 4154 8273
4178 4232 8410
4161 4255 8416
4176 4237 8413
4154 4159 8313
4263 4272 8535
4123 4174 8297
4218 4237 8455
4123 4160 8283
4170 4212 8382
4227 4262 8489
4100 4206 8306
4130 4258 8388
4286 4287 8573
4137 4222 8359
4165 4247 8412
4208 4269 8477
4149 4285 8434
4190 4259 8449
4277 4289 8566
4232 4290 8522
4183 4277 8460
4199 4219 8418
4250 4264 8514
4262 4300 8562
4228 4250 8478
4236 4238 8474
4179 4255 8434
4280 4290 8570
4232 4286 8518
4280 4286 8566
4185 4238 8423
4243 4295 8538
4264 4294 8558
4251 4294 8545
4171 4236 8407
4137 4143 8280
4147 4196 8343
4294 4299 8593
4178 4197 8375
4169 4285 8454
4178 4208 8386
4262 4298 8560
4108 4140 8248
4279 4284 8563
4179 4274 8453
4181 4226 8407

4023 4107 8117
4103 4117 8181
4155 4162 8315
4072 4170 8223
4135 4198 8330
4024 4140 8148
4126 4159 8256
4116 4199 8313
4000 4029 8005
4059 4077 8100
4107 4111 8204
4059 4068 8124
4137 4141 8262
4003 4034 8025
4148 4199 8317
4046 4097 8129
4154 4175 8293
4185 4191 8337
4106 4181 8269
4027 4180 8201
4137 4169 8298
4107 4165 8235
4012 4140 8140
4159 4192 8313
4165 4178 8333
4061 4179 8229
4109 4116 8207
4162 4189 8346
4151 4195 8309
4111 4137 8232
4067 4194 8252
4038 4064 8081
4102 4110 8200
4159 4164 8316
4013 4184 8170
4009 4132 8106
4018 4100 8114
4095 4157 8229
4165 4197 8349
4173 4195 8336
4116 4124 8237
4169 4185 8331
4079 4197 8273
4189 4195 8379
4108 4179 8248
4193 4199 8363
4089 4171 8257
4082 4119 8178
4067 4170 8234
4028 4071 8097
4036 4043 8064
4021 4110 8098
4122 4133 8245
4175 4200 8371
4170 4178 8327
4056 4158 8193
4107 4150 8225
4033 4048 8071
4160 4195 8343
4120 4185 8276
4103 4108 8197
4189 4198 8384
4149 4192 8304
4165 4181 8332
4135 4165 8281
4098 4173 8233
4132 4171 8287
4164 4189 8349
4087 4111 8171
4037 4079 8081
4128 4153 8269
4171 4185 8319
4136 4194 8328
4097 4192 8276
4022 4099 8101
4182 4199 8369
4142 4177 8294
4172 4175 8323
4007 4196 8192
4017 4197 8197
4194 4197 8387
4101 4146 8229
4158 4180 8334
4191 4197 8378
4081 4133 8189
4004 4181 8182
4070 4200 8243
4002 4009 8009
4156 4182 8315
4090 4193 8250
4009 4197 8173
4130 4165 8285
4017 4104 8120
4146 4187 8312
4149 4156 8266
4163 4183 8319
4035 4152 8170
4112 4156 8267
4175 4194 8333
4097 4171 8254
4110 4197 8286
4184 4188 8342
4093 4152 8219
4102 4107 8180
4038 4082 8108
4017 4186 8202
4135 4174 8279
4072 4144 8186
4176 4199 8351
4186 4198 8364
4030 4120 8135
4004 4043 8023
4152 4170 8298
4109 4183 8284
4088 4194 8251
4110 4144 8238
4021 4075 8090
4123 4132 8254
4058 4196 8246
4117 4142 8245
4075 4181 8239
4008 4182 8178
4128 4180 8296
4057 4094 8142
4088 4174 8250
4104 4133 8230
4137 4165 8289
4088 4140 8225
4185 4196 8361
4056 4168 8218
4046 4092 8131
4105 4170 8262
4174 4180 8319
4057 4131 8175
4102 4196 8274
4175 4197 8361
4027 4124 8127
4074 4200 8236
4162 4199 8328
4194 4197 8366
4193 4199 8387
4093 4150 8229
4038 4060 8092
4178 4190 8364
4053 4182 8228
4156 4179 8309
4050 4073 8118
4196 4200 8387
4039 4088 8093
4036 4143 8172
4133 4191 8317
4137 4155 8263
4054 4159 8209
4058 4116 8156
4196 4197 8388
4172 4192 8337
4194 4198 8353
4189 4197 8363
4107 4181 8283
4020 4168 8178
4162 4176 8314
4011 4100 8100
4122 4182 8297
4187 4189 8374
4111 4131 8207
4048 4119 8137
4081 4192 8268
4021 4072 8060
4081 4101 8161
4131 4177 8289
4119 4141 8225
4052 4169 8195
4098 4150 8228
4091 4114 8171
4071 4102 8168
4027 4078 8086
4008 4106 8084
4138 4199 8330
4076 4136 8183
4064 4101 8156
4174 4198 8338
4063 4185 8237
4088 4109 8191
4119 4134 8243
4117 4149 8241
4073 4109 8152
4071 4078 8135
4148 4175 8293
4023 4164 8174
4178 4200 8341
4178 4197 8343
4128 4167 8260
4013 4143 8135
4122 4146 8240
4121 4131 8225
4079 4135 8213
4107 4126 8211
4165 4197 8342
4152 4183 8328
4089 4094 8155
4008 4185 8157
4190 4192 8363
4198 4200 8385
4055 4071 8097
4170 4171 8304
4197 4198 8360
4161 4165 8305
4095 4100 8185
4130 4184 8301
4142 4183 8303
4102 4171 8237
4139 4148 8273
4187 4188 8374
4164 4168 8317
4169 4184 8342
4006 4074 8058
4089 4174 8238
4045 4147 8181
4176 4180 8335
4128 4169 8268
4152 4155 8277
4055 4145 8174
4189 4194 8363
4195 4199 8385
4147 4198 8312
4058 4071 8117
4068 4077 8121
4022 4132 8130
4127 4163 8256
4191 4194 8376
4193 4195 8359
4017 4099 8115
4080 4090 8141
4105 4168 8238
4063 4174 8215
4178 4191 8352
4010 4179 8165
4034 4164 8168
4060 4199 8236
4111 4184 8266
4194 4197 8353
4057 4125 8163
4177 4180 8350
4108 4150 8237
4182 4189 8338
4146 4171 8281
4017 4172 8160
4062 4141 8175
4058 4068 8122
4198 4199 8367
4183 4192 8368
4088 4178 8249
4005 4122 8098
4019 4054 8037
4078 4132 8198
4061 4155 8207
4076 4137 8199
4054 4059 8086
4163 4172 8320
4023 4074 8083
4118 4137 8219
4023 4060 8073
4070 4112 8181
4127 4162 8262
4000 4106 8093
4030 4158 8176
4186 4187 8339
4037 4122 8150
4065 4147 8196
4108 4169 8272
4049 4185 8225
4090 4159 8242
4177 4189 8348
4132 4190 8283
4083 4177 8256
4099 4119 8198
4150 4164 8296
4162 4200 8359
4128 4150 8272
4136 4138 8270
4079 4155 8200
4180 4190 8369
4132 4186 8305
4180 4186 8334
4085 4138 8205
4143 4195 8324
4164 4194 8353
4151 4194 8332
4071 4136 8194
4037 4043 8065
4047 4096 8117
4194 4199 8367
4078 4097 8158
4069 4185 8222
4078 4108 8179
4162 4198 8356
4008 4040 8035
4179 4184 8344
4079 4174 8221
4081 4126 8184

0.010000 0.640000
