300
913228
4138 4273 8411
4299 4300 8599
4147 4201 8348
4158 4230 8388
4283 4288 8571
4253 4288 8541
4228 4276 8504
4138 4195 8333
4260 4280 8540
4111 4149 8260
4136 4282 8418
4207 4230 8437
4268 4280 8548
4131 4229 8360
4263 4299 8562
4232 4268 8500
4137 4258 8395
4168 4177 8345
4100 4221 8321
4217 4275 8492
4140 4148 8288
4188 4239 8427
4132 4177 8309
4119 4179 8298
4100 4118 8218
4169 4299 8468
4208 4249 8457
4150 4177 8327
4174 4287 8461
4251 4290 8541
4278 4298 8576
4298 4299 8597
4274 4279 8553
4249 4272 8521
4196 4235 8431
4185 4248 8433
4176 4286 8462
4225 4241 8466
4119 4294 8413
4295 4299 8594
4292 4293 8585
4194 4210 8404
4298 4299 8597
4241 4291 8532
4279 4285 8564
4196 4275 8471
4289 4299 8588
4231 4279 8510
4176 4227 8403
4139 4145 8284
4136 4153 8289
4228 4257 8485
4282 4284 8566
4165 4283 8448
4263 4290 8553
4224 4251 8475
4174 4190 8364
4144 4177 8321
4272 4299 8571
4152 4293 8445
4204 4290 8494
4144 4163 8307
4188 4204 8392
4116 4272 8388
4125 4289 8414
4279 4287 8566
4105 4171 8276
4162 4254 8416
4220 4227 8447
4190 4284 8474
4240 4264 8504
4153 4186 8339
4230 4232 8462
4291 4294 8585
4166 4193 8359
4185 4256 8441
4271 4279 8550
4251 4279 8530
4112 4128 8240
4145 4166 8311
4174 4199 8373
4219 4282 8501
4140 4232 8372
4289 4298 8587
4187 4193 8380
4170 4252 8422
4188 4211 8399
4210 4252 8462
4182 4221 8403
4218 4287 8505
4166 4223 8389
4282 4291 8573
4259 4265 8524
4239 4271 8510
4233 4237 8470
4149 4172 8321
4173 4234 8407
4126 4232 8358
4106 4152 8258
4233 4278 8511
4223 4233 8456
4170 4253 8423
4255 4258 8513
4217 4299 8516
4170 4175 8345
4291 4300 8591
4139 4148 8287
4292 4294 8586
4155 4292 8447
4249 4263 8512
4283 4299 8582
4231 4255 8486
4284 4288 8572
4256 4278 8534
4191 4197 8388
4145 4223 8368
4278 4279 8557
4116 4121 8237
4124 4174 8298
4189 4245 8434
4212 4245 8457
4239 4243 8482
4216 4234 8450
4245 4257 8502
4147 4252 8399
4256 4297 8553
4167 4222 8389
4109 4120 8229
4176 4192 8368
4151 4241 8392
4189 4250 8439
4271 4285 8556
4121 4156 8277
4102 4111 8213
4165 4242 8407
4142 4273 8415
4120 4233 8353
4107 4275 8382
4177 4180 8357
4285 4294 8579
4204 4262 8466
4276 4287 8563
4258 4265 8523
4256 4258 8514
4170 4274 8444
4154 4193 8347
4289 4296 8585
4299 4300 8599
4172 4210 8382
4225 4253 8478
4222 4273 8495
4258 4280 8538
4192 4220 8412
4279 4300 8579
4240 4276 8516
4209 4296 8505
4139 4254 8393
4123 4279 8402
4213 4291 8504
4262 4293 8555
4271 4290 8561
4136 4226 8362
4228 4289 8517
4115 4227 8342
4114 4230 8344
4227 4242 8469
4137 4276 8413
4297 4300 8597
4232 4264 8496
4137 4281 8418
4152 4244 8396
4178 4278 8456
4155 4232 8387
4197 4217 8414
4229 4293 8522
4109 4172 8281
4144 4172 8316
4209 4230 8439
4283 4298 8581
4224 4252 8476
4149 4190 8339
4259 4289 8548
4170 4248 8418
4193 4298 8491
4266 4286 8552
4138 4236 8374
4173 4286 8459
4141 4144 8285
4101 4207 8308
4209 4265 8474
4164 4225 8389
4213 4289 8502
4241 4243 8484
4123 4198 8321
4151 4203 8354
4239 4286 8525
4225 4284 8509
4160 4250 8410
4147 4270 8417
4265 4297 8562
4137 4174 8311
4111 4173 8284
4161 4289 8450
4155 4182 8337
4165 4283 8448
4253 4277 8530
4157 4179 8336
4190 4227 8417
4126 4142 8268
4173 4187 8360
4212 4286 8498
4159 4212 8371
4249 4257 8506
4120 4133 8253
4192 4228 8420
4153 4266 8419
4153 4286 8439
4136 4247 8383
4136 4168 8304
4242 4252 8494
4191 4296 8487
4152 4208 8360
4283 4285 8568
4125 4192 8317
4248 4300 8548
4174 4217 8391
4140 4197 8337
4176 4241 8417
4279 4284 8563
4124 4192 8316
4172 4286 8458
4183 4224 8407
4244 4277 8521
4275 4297 8572
4187 4272 8459
4201 4288 8489
4197 4281 8478
4154 4279 8433
4273 4300 8573
4282 4300 8582
4147 4252 8399
4190 4257 8447
4100 4199 8299
4273 4284 8557
4208 4276 8484
4218 4238 8456
4185 4199 8384
4146 4258 8404
4150 4226 8376
4217 4253 8470
4272 4294 8566
4143 4259 8402
4266 4274 8540
4137 4164 8301
4202 4296 8498
4203 4251 8454
4194 4252 8446
4147 4234 8381
4261 4298 8559
4232 4264 8496
4188 4221 8409
4249 4274 8523
4155 4265 8420
4298 4300 8598
4273 4291 8564
4239 4274 8513
4263 4296 8559
4164 4278 8442
4234 4289 8523
4285 4287 8572
4177 4234 8411
4217 4270 8487
4120 4167 8287
4260 4290 8550
4123 4277 8400
4269 4280 8549
4121 4279 8400
4104 4138 8242
4244 4291 8535
4198 4205 8403
4201 4231 8432
4285 4296 8581
4141 4184 8325
4277 4280 8557
4174 4246 8420
4221 4229 8450
4257 4261 8518
4106 4195 8301
4265 4273 8538
4185 4188 8373
4169 4289 8458
4207 4236 8443
4200 4283 8483
4174 4212 8386
4280 4288 8568
4243 4296 8539
4224 4256 8480
4266 4292 8558
4244 4256 8500
4291 4298 8589

4038 4173 8179
4199 4200 8371
4047 4101 8137
4058 4130 8150
4183 4188 8360
4153 4188 8330
4128 4176 8286
4038 4095 8130
4160 4180 8314
4011 4049 8050
4036 4182 8189
4107 4130 8211
4168 4180 8313
4031 4129 8125
4163 4199 8347
4132 4168 8281
4037 4158 8164
4068 4077 8109
4000 4121 8114
4117 4175 8279
4040 4048 8086
4088 4139 8211
4032 4077 8083
4019 4079 8092
4000 4018 7995
4069 4199 8263
4108 4149 8245
4050 4077 8093
4074 4187 8225
4151 4190 8316
4178 4198 8360
4198 4199 8396
4174 4179 8329
4149 4172 8319
4096 4135 8200
4085 4148 8195
4076 4186 8260
4125 4141 8243
4019 4194 8176
4195 4199 8385
4192 4193 8349
4094 4110 8191
4198 4199 8373
4141 4191 8310
4179 4185 8332
4096 4175 8264
4189 4199 8365
4131 4179 8276
4076 4127 8202
4039 4045 8083
4036 4053 8076
4128 4157 8275
4182 4184 8346
4065 4183 8222
4163 4190 8326
4124 4151 8246
4074 4090 8129
4044 4077 8090
4172 4199 8353
4052 4193 8234
4104 4190 8281
4044 4063 8091
4088 4104 8155
4016 4172 8174
4025 4189 8212
4179 4187 8344
4005 4071 8038
4062 4154 8186
4120 4127 8239
4090 4184 8256
4140 4164 8294
4053 4086 8123
4130 4132 8256
4191 4194 8363
4066 4093 8143
4085 4156 8233
4171 4179 8326
4151 4179 8318
4012 4028 8011
4045 4066 8092
4074 4099 8135
4119 4182 8293
4040 4132 8159
4189 4198 8386
4087 4093 8169
4070 4152 8188
4088 4111 8185
4110 4152 8227
4082 4121 8176
4118 4187 8268
4066 4123 8167
4182 4191 8358
4159 4165 8310
4139 4171 8304
4133 4137 8260
4049 4072 8095
4073 4134 8198
4026 4132 8126
4006 4052 8032
4133 4178 8275
4123 4133 8241
4070 4153 8208
4155 4158 8306
4117 4199 8301
4070 4075 8139
4191 4200 8384
4039 4048 8061
4192 4194 8349
4055 4192 8228
4149 4163 8311
4183 4199 8359
4131 4155 8258
4184 4188 8367
4156 4178 8325
4091 4097 8185
4045 4123 8158
4178 4179 8336
4016 4021 8011
4024 4074 8067
4089 4145 8215
4112 4145 8219
4139 4143 8249
4116 4134 8249
4145 4157 8280
4047 4152 8191
4156 4197 8341
4067 4122 8160
4009 4020 8027
4076 4092 8162
4051 4141 8182
4089 4150 8205
4171 4185 8328
4021 4056 8052
4002 4011 7983
4065 4142 8204
4042 4173 8199
4020 4133 8134
4007 4175 8158
4077 4080 8144
4185 4194 8378
4104 4162 8256
4176 4187 8334
4158 4165 8284
4156 4158 8288
4070 4174 8222
4054 4093 8137
4189 4196 8363
4199 4200 8384
4072 4110 8167
4125 4153 8245
4122 4173 8275
4158 4180 8306
4092 4120 8200
4179 4200 8344
4140 4176 8294
4109 4196 8300
4039 4154 8176
4023 4179 8200
4113 4191 8301
4162 4193 8331
4171 4190 8341
4036 4126 8155
4128 4189 8295
4015 4127 8120
4014 4130 8112
4127 4142 8262
4037 4176 8176
4197 4200 8396
4132 4164 8266
4037 4181 8213
4052 4144 8172
4078 4178 8232
4055 4132 8163
4097 4117 8206
4129 4193 8317
4009 4072 8077
4044 4072 8101
4109 4130 8212
4183 4198 8365
4124 4152 8242
4049 4090 8112
4159 4189 8329
4070 4148 8180
4093 4198 8284
4166 4186 8331
4038 4136 8136
4073 4186 8251
4041 4044 8048
4001 4107 8075
4109 4165 8248
4064 4125 8159
4113 4189 8277
4141 4143 8253
4023 4098 8089
4051 4103 8149
4139 4186 8293
4125 4184 8299
4060 4150 8192
4047 4170 8202
4165 4197 8358
4037 4074 8096
4011 4073 8064
4061 4189 8232
4055 4082 8116
4065 4183 8225
4153 4177 8306
4057 4079 8128
4090 4127 8207
4026 4042 8065
4073 4087 8129
4112 4186 8265
4059 4112 8133
4149 4157 8277
4020 4033 8046
4092 4128 8184
4053 4166 8192
4053 4186 8221
4036 4147 8153
4036 4068 8096
4142 4152 8265
4091 4196 8265
4052 4108 8142
4183 4185 8363
4025 4092 8104
4148 4200 8318
4074 4117 8173
4040 4097 8109
4076 4141 8201
4179 4184 8360
4024 4092 8113
4072 4186 8256
4083 4124 8195
4144 4177 8309
4175 4197 8343
4087 4172 8256
4101 4188 8269
4097 4181 8267
4054 4179 8200
4173 4200 8344
4182 4200 8343
4047 4152 8194
4090 4157 8235
4000 4099 8068
4173 4184 8347
4108 4176 8247
4118 4138 8237
4085 4099 8149
4046 4158 8190
4050 4126 8161
4117 4153 8257
4172 4194 8327
4043 4159 8201
4166 4174 8312
4037 4064 8097
4102 4196 8291
4103 4151 8219
4094 4152 8239
4047 4134 8159
4161 4198 8353
4132 4164 8290
4088 4121 8201
4149 4174 8309
4055 4165 8197
4198 4200 8386
4173 4191 8353
4139 4174 8279
4163 4196 8328
4064 4178 8240
4134 4189 8308
4185 4187 8333
4077 4134 8194
4117 4170 8250
4020 4067 8069
4160 4190 8335
4023 4177 8190
4169 4180 8328
4021 4179 8193
4004 4038 8010
4144 4191 8328
4098 4105 8185
4101 4131 8231
4185 4196 8377
4041 4084 8099
4177 4180 8324
4074 4146 8183
4121 4129 8234
4157 4161 8286
4006 4095 8093
4165 4173 8312
4085 4088 8172
4069 4189 8236
4107 4136 8230
4100 4183 8267
4074 4112 8171
4180 4188 8356
4143 4196 8317
4124 4156 8274
4166 4192 8330
4144 4156 8264
4191 4198 8362

0.010000 0.370000
