400
1712399
4149 4227 8376
4237 4255 8492
4117 4170 8287
4276 4300 8576
4233 4285 8518
4252 4295 8547
4265 4280 8545
4255 4268 8523
4217 4245 8462
4280 4281 8561
4269 4272 8541
4125 4197 8322
4147 4249 8396
4270 4299 8569
4191 4237 8428
4116 4119 8235
4211 4295 8506
4259 4274 8533
4123 4189 8312
4262 4293 8555
4261 4281 8542
4133 4192 8325
4199 4274 8473
4253 4276 8529
4119 4210 8329
4256 4282 8538
4151 4186 8337
4196 4287 8483
4267 4273 8540
4143 4254 8397
4113 4124 8237
4176 4298 8474
4204 4299 8503
4245 4294 8539
4116 4241 8357
4102 4219 8321
4287 4294 8581
4275 4290 8565
4125 4198 8323
4262 4290 8552
4155 4240 8395
4108 4291 8399
4251 4272 8523
4111 4169 8280
4141 4203 8344
4215 4230 8445
4149 4166 8315
4140 4270 8410
4173 4250 8423
4124 4285 8409
4224 4269 8493
4270 4300 8570
4269 4277 8546
4202 4206 8408
4101 4133 8234
4107 4173 8280
4204 4281 8485
4280 4289 8569
4250 4297 8547
4232 4265 8497
4134 4145 8279
4297 4300 8597
4232 4285 8517
4170 4172 8342
4215 4296 8511
4109 4267 8376
4253 4297 8550
4266 4293 8559
4256 4264 8520
4189 4278 8467
4195 4236 8431
4186 4260 8446
4257 4299 8556
4134 4190 8324
4162 4235 8397
4146 4264 8410
4208 4266 8474
4241 4279 8520
4266 4281 8547
4159 4286 8445
4169 4216 8385
4137 4293 8430
4203 4276 8479
4245 4269 8514
4118 4237 8355
4294 4299 8593
4104 4256 8360
4179 4258 8437
4257 4298 8555
4281 4287 8568
4114 4171 8285
4216 4254 8470
4248 4249 8497
4280 4300 8580
4297 4299 8596
4277 4291 8568
4296 4300 8596
4140 4225 8365
4233 4250 8483
4226 4296 8522
4222 4249 8471
4240 4252 8492
4251 4264 8515
4180 4207 8387
4170 4292 8462
4188 4254 8442
4241 4282 8523
4206 4298 8504
4237 4267 8504
4267 4288 8555
4286 4288 8574
4166 4245 8411
4253 4278 8531
4184 4208 8392
4101 4106 8207
4123 4138 8261
4238 4299 8537
4175 4231 8406
4194 4236 8430
4109 4129 8238
4188 4209 8397
4115 4131 8246
4230 4271 8501
4125 4174 8299
4231 4272 8503
4211 4224 8435
4247 4255 8502
4127 4268 8395
4254 4284 8538
4170 4202 8372
4231 4283 8514
4196 4203 8399
4207 4211 8418
4150 4190 8340
4156 4161 8317
4275 4283 8558
4134 4137 8271
4120 4220 8340
4288 4294 8582
4194 4253 8447
4188 4228 8416
4149 4232 8381
4242 4259 8501
4233 4253 8486
4147 4269 8416
4275 4282 8557
4190 4228 8418
4136 4227 8363
4143 4168 8311
4216 4233 8449
4272 4291 8563
4153 4288 8441
4167 4213 8380
4190 4228 8418
4183 4286 8469
4191 4248 8439
4148 4154 8302
4251 4270 8521
4232 4291 8523
4128 4131 8259
4249 4263 8512
4152 4268 8420
4120 4163 8283
4289 4296 8585
4173 4185 8358
4238 4251 8489
4286 4289 8575
4113 4119 8232
4213 4257 8470
4129 4269 8398
4240 4297 8537
4176 4284 8460
4261 4274 8535
4215 4268 8483
4174 4196 8370
4240 4251 8491
4121 4205 8326
4138 4221 8359
4109 4289 8398
4243 4265 8508
4143 4151 8294
4222 4293 8515
4293 4295 8588
4238 4251 8489
4216 4268 8484
4171 4239 8410
4188 4237 8425
4110 4208 8318
4103 4288 8391
4158 4228 8386
4156 4189 8345
4138 4235 8373
4201 4280 8481
4189 4281 8470
4235 4294 8529
4281 4298 8579
4254 4256 8510
4297 4298 8595
4202 4228 8430
4212 4222 8434
4295 4298 8593
4208 4272 8480
4161 4295 8456
4246 4291 8537
4201 4253 8454
4162 4253 8415
4241 4244 8485
4282 4289 8571
4209 4258 8467
4219 4223 8442
4194 4273 8467
4133 4210 8343
4264 4292 8556
4171 4173 8344
4255 4276 8531
4142 4177 8319
4289 4297 8586
4137 4170 8307
4198 4205 8403
4274 4278 8552
4177 4202 8379
4134 4258 8392
4100 4204 8304
4187 4299 8486
4118 4202 8320
4137 4221 8358
4281 4284 8565
4171 4290 8461
4196 4294 8490
4254 4292 8546
4112 4115 8227
4205 4211 8416
4292 4293 8585
4228 4230 8458
4219 4241 8460
4189 4260 8449
4286 4290 8576
4189 4298 8487
4220 4269 8489
4265 4295 8560
4297 4299 8596
4120 4203 8323
4151 4258 8409
4254 4279 8533
4169 4241 8410
4174 4181 8355
4174 4237 8411
4151 4158 8309
4224 4266 8490
4225 4227 8452
4125 4174 8299
4234 4252 8486
4120 4244 8364
4243 4262 8505
4200 4273 8473
4221 4256 8477
4105 4199 8304
4276 4279 8555
4194 4246 8440
4257 4287 8544
4246 4288 8534
4205 4300 8505
4239 4250 8489
4236 4241 8477
4172 4296 8468
4253 4272 8525
4108 4248 8356
4125 4153 8278
4110 4153 8263
4297 4298 8595
4198 4233 8431
4203 4294 8497
4267 4299 8566
4128 4131 8259
4209 4262 8471
4118 4195 8313
4162 4192 8354
4215 4259 8474
4283 4288 8571
4130 4216 8346
4287 4299 8586
4122 4214 8336
4184 4196 8380
4104 4112 8216
4262 4275 8537
4291 4299 8590
4167 4241 8408
4294 4300 8594
4216 4283 8499
4135 4156 8291
4141 4194 8335
4297 4299 8596
4132 4286 8418
4286 4291 8577
4224 4270 8494
4257 4259 8516
4296 4298 8594
4195 4257 8452
4295 4296 8591
4262 4277 8539
4167 4169 8336
4293 4298 8591
4152 4199 8351
4193 4227 8420
4254 4300 8554
4116 4218 8334
4275 4294 8569
4229 4242 8471
4186 4281 8467
4111 4243 8354
4198 4289 8487
4222 4295 8517
4133 4230 8363
4236 4281 8517
4288 4289 8577
4290 4295 8585
4233 4269 8502
4184 4286 8470
4202 4220 8422
4207 4278 8485
4132 4233 8365
4233 4286 8519
4122 4129 8251
4244 4251 8495
4181 4225 8406
4234 4251 8485
4122 4254 8376
4268 4269 8537
4246 4276 8522
4159 4166 8325
4242 4258 8500
4239 4256 8495
4195 4282 8477
4185 4283 8468
4202 4240 8442
4139 4276 8415
4218 4284 8502
4179 4270 8449
4178 4216 8394
4154 4184 8338
4195 4240 8435
4252 4299 8551
4278 4286 8564
4285 4294 8579
4138 4283 8421
4127 4196 8323
4148 4291 8439
4265 4267 8532
4179 4293 8472
4234 4254 8488
4248 4287 8535
4271 4275 8546
4229 4283 8512
4171 4278 8449
4170 4174 8344
4178 4287 8465
4203 4205 8408
4256 4296 8552
4270 4280 8550
4212 4282 8494
4231 4246 8477
4296 4299 8595
4109 4274 8383
4257 4270 8527
4241 4263 8504
4117 4244 8361
4251 4291 8542
4192 4243 8435
4111 4255 8366
4197 4214 8411
4153 4292 8445
4222 4244 8466
4148 4273 8421
4297 4299 8596
4203 4245 8448
4181 4222 8403
4174 4238 8412
4276 4291 8567
4277 4300 8577
4292 4298 8590
4211 4256 8467
4119 4124 8243
4202 4223 8425
4112 4210 8322
4268 4297 8565
4140 4271 8411
4117 4245 8362
4243 4296 8539
4109 4252 8361
4129 4141 8270
4188 4269 8457
4178 4245 8423
4148 4256 8404
4182 4231 8413
4258 4262 8520
4181 4266 8447
4289 4298 8587
4274 4293 8567
4252 4292 8544
4218 4234 8452

4049 4127 8147
4137 4155 8280
4017 4070 8067
4176 4200 8373
4133 4185 8289
4152 4195 8333
4165 4180 8327
4155 4168 8321
4117 4145 8235
4180 4181 8350
4169 4172 8336
4025 4097 8109
4047 4149 8192
4170 4199 8343
4091 4137 8208
4016 4019 8017
4111 4195 8305
4159 4174 8295
4023 4089 8111
4162 4193 8322
4161 4181 8341
4033 4092 8093
4099 4174 8271
4153 4176 8324
4019 4110 8121
4156 4182 8311
4051 4086 8120
4096 4187 8271
4167 4173 8329
4043 4154 8169
4013 4024 8023
4076 4198 8248
4104 4199 8265
4145 4194 8319
4016 4141 8125
4002 4119 8110
4187 4194 8364
4175 4190 8326
4025 4098 8096
4162 4190 8343
4055 4140 8189
4008 4191 8165
4151 4172 8322
4011 4069 8071
4041 4103 8118
4115 4130 8221
4049 4066 8091
4040 4170 8205
4073 4150 8221
4024 4185 8172
4124 4169 8275
4170 4200 8355
4169 4177 8316
4102 4106 8169
4001 4033 8029
4007 4073 8078
4104 4181 8251
4180 4189 8341
4150 4197 8308
4132 4165 8296
4034 4045 8051
4197 4200 8363
4132 4185 8278
4070 4072 8118
4115 4196 8306
4009 4167 8151
4153 4197 8344
4166 4193 8321
4156 4164 8311
4089 4178 8242
4095 4136 8226
4086 4160 8216
4157 4199 8336
4034 4090 8116
4062 4135 8187
4046 4164 8194
4108 4166 8243
4141 4179 8286
4166 4181 8336
4059 4186 8230
4069 4116 8178
4037 4193 8199
4103 4176 8268
4145 4169 8289
4018 4137 8133
4194 4199 8358
4004 4156 8139
4079 4158 8199
4157 4198 8329
4181 4187 8341
4014 4071 8065
4116 4154 8266
4148 4149 8293
4180 4200 8344
4197 4199 8371
4177 4191 8352
4196 4200 8385
4040 4125 8154
4133 4150 8275
4126 4196 8289
4122 4149 8269
4140 4152 8268
4151 4164 8310
4080 4107 8160
4070 4192 8252
4088 4154 8215
4141 4182 8318
4106 4198 8301
4137 4167 8268
4167 4188 8328
4186 4188 8342
4066 4145 8197
4153 4178 8296
4084 4108 8185
4001 4006 7979
4023 4038 8038
4138 4199 8314
4075 4131 8204
4094 4136 8211
4009 4029 8013
4088 4109 8175
4015 4031 8023
4130 4171 8265
4025 4074 8073
4131 4172 8300
4111 4124 8197
4147 4155 8283
4027 4168 8163
4154 4184 8316
4070 4102 8148
4131 4183 8279
4096 4103 8166
4107 4111 8207
4050 4090 8116
4056 4061 8095
4175 4183 8349
4034 4037 8070
4020 4120 8127
4188 4194 8372
4094 4153 8211
4088 4128 8206
4049 4132 8163
4142 4159 8283
4133 4153 8264
4047 4169 8184
4175 4182 8325
4090 4128 8193
4036 4127 8161
4043 4068 8108
4116 4133 8234
4172 4191 8337
4053 4188 8204
4067 4113 8142
4090 4128 8180
4083 4186 8254
4091 4148 8210
4048 4054 8081
4151 4170 8284
4132 4191 8294
4028 4031 8021
4149 4163 8306
4052 4168 8186
4020 4063 8058
4189 4196 8380
4073 4085 8153
4138 4151 8287
4186 4189 8352
4013 4019 7994
4113 4157 8237
4029 4169 8172
4140 4197 8332
4076 4184 8250
4161 4174 8307
4115 4168 8266
4074 4096 8136
4140 4151 8265
4021 4105 8104
4038 4121 8121
4009 4189 8194
4143 4165 8289
4043 4051 8067
4122 4193 8309
4193 4195 8373
4138 4151 8274
4116 4168 8250
4071 4139 8195
4088 4137 8222
4010 4108 8114
4003 4188 8163
4058 4128 8173
4056 4089 8128
4038 4135 8171
4101 4180 8268
4089 4181 8253
4135 4194 8321
4181 4198 8371
4154 4156 8285
4197 4198 8360
4102 4128 8225
4112 4122 8216
4195 4198 8368
4108 4172 8256
4061 4195 8243
4146 4191 8312
4101 4153 8240
4062 4153 8208
4141 4144 8254
4182 4189 8355
4109 4158 8256
4119 4123 8213
4094 4173 8241
4033 4110 8139
4164 4192 8337
4071 4073 8109
4155 4176 8311
4042 4077 8100
4189 4197 8350
4037 4070 8090
4098 4105 8167
4174 4178 8345
4077 4102 8147
4034 4158 8159
4000 4104 8093
4087 4199 8266
4018 4102 8096
4037 4121 8139
4181 4184 8329
4071 4190 8256
4096 4194 8286
4154 4192 8323
4012 4015 8011
4105 4111 8208
4192 4193 8364
4128 4130 8225
4119 4141 8235
4089 4160 8211
4186 4190 8366
4089 4198 8265
4120 4169 8285
4165 4195 8342
4197 4199 8395
4020 4103 8119
4051 4158 8183
4154 4179 8296
4069 4141 8184
4074 4081 8120
4074 4137 8174
4051 4058 8102
4124 4166 8254
4125 4127 8246
4025 4074 8094
4134 4152 8270
4020 4144 8162
4143 4162 8268
4100 4173 8261
4121 4156 8248
4005 4099 8089
4176 4179 8341
4094 4146 8216
4157 4187 8339
4146 4188 8310
4105 4200 8284
4139 4150 8287
4136 4141 8261
4072 4196 8246
4153 4172 8296
4008 4148 8154
4025 4053 8040
4010 4053 8052
4197 4198 8356
4098 4133 8216
4103 4194 8291
4167 4199 8349
4028 4031 8058
4109 4162 8236
4018 4095 8075
4062 4092 8144
4115 4159 8253
4183 4188 8339
4030 4116 8140
4187 4199 8351
4022 4114 8108
4084 4096 8172
4004 4012 7992
4162 4175 8308
4191 4199 8386
4067 4141 8202
4194 4200 8355
4116 4183 8271
4035 4056 8055
4041 4094 8101
4197 4199 8358
4032 4186 8217
4186 4191 8343
4124 4170 8292
4157 4159 8314
4196 4198 8379
4095 4157 8237
4195 4196 8383
4162 4177 8311
4067 4069 8126
4193 4198 8386
4052 4099 8141
4093 4127 8193
4154 4200 8340
4016 4118 8122
4175 4194 8335
4129 4142 8267
4086 4181 8229
4011 4143 8126
4098 4189 8253
4122 4195 8291
4033 4130 8131
4136 4181 8310
4188 4189 8349
4190 4195 8372
4133 4169 8276
4084 4186 8261
4102 4120 8209
4107 4178 8284
4032 4133 8142
4133 4186 8305
4022 4029 8042
4144 4151 8258
4081 4125 8204
4134 4151 8265
4022 4154 8167
4168 4169 8315
4146 4176 8285
4059 4066 8119
4142 4158 8280
4139 4156 8288
4095 4182 8259
4085 4183 8232
4102 4140 8219
4039 4176 8197
4118 4184 8274
4079 4170 8232
4078 4116 8179
4054 4084 8113
4095 4140 8227
4152 4199 8346
4178 4186 8351
4185 4194 8367
4038 4183 8208
4027 4096 8090
4048 4191 8209
4165 4167 8303
4079 4193 8265
4134 4154 8278
4148 4187 8332
4171 4175 8336
4129 4183 8277
4071 4178 8245
4070 4074 8128
4078 4187 8240
4103 4105 8178
4156 4196 8315
4170 4180 8326
4112 4182 8285
4131 4146 8240
4196 4199 8357
4009 4174 8169
4157 4170 8312
4141 4163 8300
4017 4144 8152
4151 4191 8333
4092 4143 8231
4011 4155 8143
4097 4114 8174
4053 4192 8207
4122 4144 8253
4048 4173 8186
4197 4199 8388
4103 4145 8246
4081 4122 8172
4074 4138 8205
4176 4191 8362
4177 4200 8338
4192 4198 8389
4111 4156 8233
4019 4024 8029
4102 4123 8204
4012 4110 8089
4168 4197 8335
4040 4171 8203
4017 4145 8124
4143 4196 8326
4009 4152 8131
4029 4041 8059
4088 4169 8253
4078 4145 8196
4048 4156 8203
4082 4131 8210
4158 4162 8316
4081 4166 8224
4189 4198 8356
4174 4193 8353
4152 4192 8319
4118 4134 8228

0.010000 0.520000
