400
2371947
4192 4254 8446
4213 4214 8427
4295 4297 8592
4178 4238 8416
4218 4286 8504
4121 4299 8420
4221 4284 8505
4136 4255 8391
4155 4219 8374
4237 4271 8508
4210 4278 8488
4221 4297 8518
4139 4150 8289
4283 4292 8575
4224 4287 8511
4263 4271 8534
4192 4194 8386
4212 4250 8462
4180 4201 8381
4255 4298 8553
4240 4250 8490
4226 4238 8464
4221 4265 8486
4163 4245 8408
4251 4257 8508
4146 4159 8305
4282 4300 8582
4227 4247 8474
4144 4233 8377
4145 4158 8303
4240 4266 8506
4257 4284 8541
4192 4203 8395
4110 4210 8320
4242 4287 8529
4110 4130 8240
4232 4246 8478
4279 4283 8562
4265 4267 8532
4258 4292 8550
4219 4281 8500
4176 4243 8419
4263 4268 8531
4226 4278 8504
4295 4298 8593
4280 4284 8564
4263 4294 8557
4193 4296 8489
4166 4261 8427
4222 4253 8475
4127 4190 8317
4296 4298 8594
4169 4205 8374
4131 4140 8271
4241 4297 8538
4199 4245 8444
4168 4175 8343
4153 4172 8325
4150 4220 8370
4288 4289 8577
4109 4176 8285
4236 4288 8524
4108 4240 8348
4208 4225 8433
4195 4246 8441
4142 4236 8378
4138 4254 8392
4121 4199 8320
4185 4236 8421
4169 4241 8410
4162 4226 8388
4198 4214 8412
4211 4248 8459
4208 4264 8472
4167 4253 8420
4245 4249 8494
4283 4297 8580
4222 4285 8507
4127 4259 8386
4259 4285 8544
4108 4221 8329
4107 4211 8318
4267 4280 8547
4100 4224 8324
4184 4266 8450
4107 4198 8305
4213 4260 8473
4217 4229 8446
4155 4190 8345
4273 4293 8566
4193 4273 8466
4182 4195 8377
4263 4274 8537
4267 4269 8536
4271 4289 8560
4260 4297 8557
4217 4274 8491
4239 4251 8490
4167 4229 8396
4139 4276 8415
4164 4188 8352
4269 4287 8556
4111 4274 8385
4268 4277 8545
4141 4158 8299
4294 4296 8590
4274 4297 8571
4189 4286 8475
4184 4281 8465
4173 4210 8383
4194 4231 8425
4214 4256 8470
4257 4295 8552
4236 4291 8527
4127 4176 8303
4235 4291 8526
4270 4276 8546
4114 4279 8393
4256 4258 8514
4217 4232 8449
4291 4294 8585
4123 4148 8271
4258 4264 8522
4150 4177 8327
4237 4289 8526
4168 4172 8340
4167 4264 8431
4163 4272 8435
4123 4269 8392
4103 4111 8214
4138 4253 8391
4213 4284 8497
4186 4255 8441
4221 4238 8459
4288 4290 8578
4188 4229 8417
4265 4294 8559
4170 4266 8436
4296 4300 8596
4259 4263 8522
4245 4262 8507
4261 4265 8526
4142 4205 8347
4280 4297 8577
4238 4287 8525
4121 4153 8274
4197 4243 8440
4261 4268 8529
4146 4247 8393
4208 4241 8449
4100 4298 8398
4136 4163 8299
4208 4281 8489
4126 4127 8253
4283 4296 8579
4247 4292 8539
4128 4249 8377
4297 4298 8595
4286 4290 8576
4279 4291 8570
4161 4209 8370
4119 4129 8248
4281 4289 8570
4142 4294 8436
4235 4290 8525
4127 4259 8386
4141 4197 8338
4111 4232 8343
4287 4293 8580
4219 4257 8476
4298 4300 8598
4270 4280 8550
4211 4285 8496
4142 4152 8294
4125 4136 8261
4283 4285 8568
4155 4194 8349
4250 4300 8550
4284 4291 8575
4155 4178 8333
4261 4267 8528
4140 4293 8433
4280 4294 8574
4109 4124 8233
4187 4292 8479
4292 4300 8592
4299 4300 8599
4154 4223 8377
4263 4294 8557
4207 4227 8434
4115 4227 8342
4168 4294 8462
4258 4286 8544
4150 4216 8366
4253 4262 8515
4247 4282 8529
4126 4283 8409
4252 4282 8534
4190 4249 8439
4260 4288 8548
4262 4280 8542
4235 4283 8518
4270 4282 8552
4126 4214 8340
4162 4176 8338
4199 4211 8410
4206 4288 8494
4119 4224 8343
4127 4222 8349
4191 4280 8471
4292 4295 8587
4244 4276 8520
4262 4269 8531
4288 4289 8577
4172 4186 8358
4248 4257 8505
4156 4252 8408
4299 4300 8599
4290 4296 8586
4197 4288 8485
4171 4287 8458
4145 4291 8436
4253 4279 8532
4156 4173 8329
4263 4290 8553
4102 4107 8209
4167 4206 8373
4167 4251 8418
4140 4283 8423
4187 4219 8406
4267 4282 8549
4164 4188 8352
4158 4272 8430
4256 4296 8552
4229 4235 8464
4251 4261 8512
4273 4295 8568
4145 4227 8372
4153 4266 8419
4251 4282 8533
4259 4285 8544
4223 4292 8515
4277 4287 8564
4281 4282 8563
4166 4226 8392
4290 4292 8582
4192 4245 8437
4130 4246 8376
4226 4295 8521
4212 4246 8458
4200 4242 8442
4130 4134 8264
4243 4246 8489
4257 4274 8531
4174 4214 8388
4213 4256 8469
4200 4255 8455
4125 4175 8300
4125 4241 8366
4294 4298 8592
4292 4298 8590
4222 4233 8455
4276 4284 8560
4149 4155 8304
4296 4300 8596
4267 4294 8561
4280 4291 8571
4158 4252 8410
4153 4160 8313
4220 4268 8488
4141 4240 8381
4215 4225 8440
4102 4219 8321
4235 4299 8534
4223 4259 8482
4201 4250 8451
4285 4292 8577
4283 4287 8570
4164 4288 8452
4202 4248 8450
4190 4191 8381
4167 4286 8453
4229 4265 8494
4225 4271 8496
4240 4285 8525
4277 4284 8561
4125 4271 8396
4242 4282 8524
4180 4283 8463
4284 4285 8569
4257 4278 8535
4108 4160 8268
4295 4300 8595
4203 4292 8495
4225 4229 8454
4185 4212 8397
4244 4252 8496
4228 4235 8463
4118 4134 8252
4142 4154 8296
4113 4162 8275
4192 4218 8410
4188 4279 8467
4115 4177 8292
4256 4292 8548
4299 4300 8599
4202 4247 8449
4292 4298 8590
4298 4300 8598
4194 4271 8465
4152 4227 8379
4216 4259 8475
4224 4248 8472
4284 4290 8574
4137 4206 8343
4200 4271 8471
4186 4272 8458
4206 4260 8466
4290 4295 8585
4148 4283 8431
4227 4267 8494
4219 4278 8497
4113 4197 8310
4210 4262 8472
4260 4288 8548
4107 4234 8341
4234 4258 8492
4240 4296 8536
4185 4281 8466
4178 4189 8367
4230 4291 8521
4219 4222 8441
4258 4274 8532
4124 4174 8298
4253 4261 8514
4160 4164 8324
4139 4262 8401
4159 4170 8329
4110 4138 8248
4298 4299 8597
4182 4230 8412
4217 4264 8481
4229 4247 8476
4260 4267 8527
4119 4260 8379
4123 4168 8291
4172 4243 8415
4169 4186 8355
4104 4205 8309
4236 4256 8492
4101 4242 8343
4274 4285 8559
4118 4196 8314
4250 4274 8524
4103 4159 8262
4151 4238 8389
4196 4272 8468
4142 4264 8406
4263 4281 8544
4120 4163 8283
4184 4299 8483
4239 4288 8527
4162 4184 8346
4294 4299 8593
4227 4263 8490
4274 4281 8555
4232 4286 8518
4293 4296 8589
4149 4204 8353
4207 4242 8449
4203 4231 8434
4116 4205 8321
4280 4285 8565
4102 4245 8347
4273 4295 8568
4159 4185 8344
4147 4169 8316
4291 4298 8589
4238 4288 8526
4228 4300 8528
4251 4290 8541
4191 4209 8400
4222 4270 8492
4132 4198 8330
4141 4206 8347
4241 4256 8497
4226 4284 8510
4171 4247 8418
4183 4212 8395
4204 4250 8454
4209 4265 8474
4267 4283 8550
4288 4290 8578
4201 4215 8416
4113 4290 8403
4222 4283 8505
4293 4299 8592
4160 4290 8450
4197 4213 8410
4162 4298 8460

4092 4154 8222
4113 4114 8216
4195 4197 8366
4078 4138 8214
4118 4186 8289
4021 4199 8203
4121 4184 8281
4036 4155 8159
4055 4119 8161
4137 4171 8297
4110 4178 8284
4121 4197 8279
4039 4050 8069
4183 4192 8363
4124 4187 8290
4163 4171 8304
4092 4094 8152
4112 4150 8247
4080 4101 8171
4155 4198 8323
4140 4150 8286
4126 4138 8253
4121 4165 8256
4063 4145 8173
4151 4157 8300
4046 4059 8072
4182 4200 8358
4127 4147 8253
4044 4133 8168
4045 4058 8090
4140 4166 8274
4157 4184 8323
4092 4103 8169
4010 4110 8106
4142 4187 8317
4010 4030 8008
4132 4146 8246
4179 4183 8349
4165 4167 8314
4158 4192 8341
4119 4181 8271
4076 4143 8206
4163 4168 8310
4126 4178 8293
4195 4198 8376
4180 4184 8326
4163 4194 8338
4093 4196 8267
4066 4161 8214
4122 4153 8265
4027 4090 8079
4196 4198 8371
4069 4105 8162
4031 4040 8055
4141 4197 8337
4099 4145 8223
4068 4075 8131
4053 4072 8103
4050 4120 8153
4188 4189 8375
4009 4076 8057
4136 4188 8306
4008 4140 8135
4108 4125 8206
4095 4146 8208
4042 4136 8153
4038 4154 8171
4021 4099 8113
4085 4136 8215
4069 4141 8174
4062 4126 8156
4098 4114 8175
4111 4148 8239
4108 4164 8248
4067 4153 8201
4145 4149 8259
4183 4197 8359
4122 4185 8305
4027 4159 8179
4159 4185 8320
4008 4121 8117
4007 4111 8107
4167 4180 8334
4000 4124 8108
4084 4166 8248
4007 4098 8078
4113 4160 8246
4117 4129 8219
4055 4090 8142
4173 4193 8333
4093 4173 8264
4082 4095 8170
4163 4174 8336
4167 4169 8330
4171 4189 8351
4160 4197 8355
4117 4174 8274
4139 4151 8268
4067 4129 8180
4039 4176 8204
4064 4088 8125
4169 4187 8355
4011 4174 8171
4168 4177 8328
4041 4058 8087
4194 4196 8373
4174 4197 8354
4089 4186 8252
4084 4181 8235
4073 4110 8157
4094 4131 8222
4114 4156 8242
4157 4195 8326
4136 4191 8309
4027 4076 8065
4135 4191 8314
4170 4176 8331
4014 4179 8173
4156 4158 8296
4117 4132 8229
4191 4194 8356
4023 4048 8047
4158 4164 8317
4050 4077 8117
4137 4189 8322
4068 4072 8134
4067 4164 8201
4063 4172 8209
4023 4169 8173
4003 4011 8008
4038 4153 8184
4113 4184 8276
4086 4155 8205
4121 4138 8242
4188 4190 8343
4088 4129 8181
4165 4194 8353
4070 4166 8202
4196 4200 8367
4159 4163 8319
4145 4162 8279
4161 4165 8322
4042 4105 8120
4180 4197 8352
4138 4187 8314
4021 4053 8072
4097 4143 8217
4161 4168 8320
4046 4147 8164
4108 4141 8235
4000 4198 8174
4036 4063 8069
4108 4181 8251
4026 4027 8033
4183 4196 8349
4147 4192 8334
4028 4149 8150
4197 4198 8383
4186 4190 8354
4179 4191 8367
4061 4109 8148
4019 4029 8016
4181 4189 8341
4042 4194 8222
4135 4190 8320
4027 4159 8165
4041 4097 8116
4011 4132 8125
4187 4193 8377
4119 4157 8252
4198 4200 8377
4170 4180 8318
4111 4185 8286
4042 4052 8086
4025 4036 8031
4183 4185 8338
4055 4094 8128
4150 4200 8319
4184 4191 8374
4055 4078 8102
4161 4167 8301
4040 4193 8214
4180 4194 8359
4009 4024 7999
4087 4192 8264
4192 4200 8388
4199 4200 8374
4054 4123 8158
4163 4194 8352
4107 4127 8199
4015 4127 8108
4068 4194 8230
4158 4186 8322
4050 4116 8159
4153 4162 8292
4147 4182 8316
4026 4183 8207
4152 4182 8321
4090 4149 8202
4160 4188 8343
4162 4180 8304
4135 4183 8316
4170 4182 8318
4026 4114 8103
4062 4076 8135
4099 4111 8201
4106 4188 8266
4019 4124 8136
4027 4122 8127
4091 4180 8262
4192 4195 8351
4144 4176 8295
4162 4169 8297
4188 4189 8372
4072 4086 8125
4148 4157 8276
4056 4152 8196
4199 4200 8387
4190 4196 8351
4097 4188 8263
4071 4187 8247
4045 4191 8206
4153 4179 8327
4056 4073 8100
4163 4190 8335
4002 4007 7982
4067 4106 8171
4067 4151 8191
4040 4183 8202
4087 4119 8168
4167 4182 8324
4064 4088 8115
4058 4172 8197
4156 4196 8338
4129 4135 8243
4151 4161 8277
4173 4195 8351
4045 4127 8135
4053 4166 8188
4151 4182 8308
4159 4185 8305
4123 4192 8297
4177 4187 8344
4181 4182 8335
4066 4126 8177
4190 4192 8351
4092 4145 8229
4030 4146 8155
4126 4195 8314
4112 4146 8234
4100 4142 8215
4030 4034 8040
4143 4146 8267
4157 4174 8292
4074 4114 8162
4113 4156 8267
4100 4155 8249
4025 4075 8064
4025 4141 8144
4194 4198 8384
4192 4198 8353
4122 4133 8239
4176 4184 8336
4049 4055 8103
4196 4200 8387
4167 4194 8332
4180 4191 8333
4058 4152 8196
4053 4060 8111
4120 4168 8286
4041 4140 8179
4115 4125 8223
4002 4119 8119
4135 4199 8308
4123 4159 8270
4101 4150 8250
4185 4192 8370
4183 4187 8350
4064 4188 8230
4102 4148 8247
4090 4091 8180
4067 4186 8225
4129 4165 8262
4125 4171 8265
4140 4185 8302
4177 4184 8325
4025 4171 8190
4142 4182 8295
4080 4183 8232
4184 4185 8355
4157 4178 8326
4008 4060 8033
4195 4200 8383
4103 4192 8258
4125 4129 8253
4085 4112 8184
4144 4152 8263
4128 4135 8240
4018 4034 8020
4042 4054 8065
4013 4062 8040
4092 4118 8207
4088 4179 8264
4015 4077 8076
4156 4192 8327
4199 4200 8366
4102 4147 8215
4192 4198 8353
4198 4200 8378
4094 4171 8244
4052 4127 8152
4116 4159 8263
4124 4148 8234
4184 4190 8369
4037 4106 8130
4100 4171 8235
4086 4172 8236
4106 4160 8234
4190 4195 8376
4048 4183 8213
4127 4167 8285
4119 4178 8282
4013 4097 8100
4110 4162 8259
4160 4188 8338
4007 4134 8115
4134 4158 8290
4140 4196 8312
4085 4181 8262
4078 4089 8164
4130 4191 8307
4119 4122 8205
4158 4174 8322
4024 4074 8062
4153 4161 8305
4060 4064 8103
4039 4162 8194
4059 4070 8113
4010 4038 8031
4198 4199 8385
4082 4130 8185
4117 4164 8247
4129 4147 8249
4160 4167 8295
4019 4160 8160
4023 4068 8087
4072 4143 8185
4069 4086 8147
4004 4105 8091
4136 4156 8276
4001 4142 8107
4174 4185 8346
4018 4096 8076
4150 4174 8315
4003 4059 8032
4051 4138 8175
4096 4172 8240
4042 4164 8202
4163 4181 8320
4020 4063 8075
4084 4199 8249
4139 4188 8323
4062 4084 8133
4194 4199 8358
4127 4163 8286
4174 4181 8339
4132 4186 8307
4193 4196 8373
4049 4104 8142
4107 4142 8236
4103 4131 8218
4016 4105 8117
4180 4185 8354
4002 4145 8137
4173 4195 8344
4059 4085 8119
4047 4069 8078
4191 4198 8354
4138 4188 8300
4128 4200 8298
4151 4190 8337
4091 4109 8180
4122 4170 8289
4032 4098 8098
4041 4106 8116
4141 4156 8276
4126 4184 8277
4071 4147 8202
4083 4112 8179
4104 4150 8231
4109 4165 8245
4167 4183 8318
4188 4190 8367
4101 4115 8189
4013 4190 8188
4122 4183 8276
4193 4199 8383
4060 4190 8214
4097 4113 8207
4062 4198 8237

0.010000 0.720000
