400
1282929
4144 4238 8382
4177 4272 8449
4274 4280 8554
4135 4293 8428
4277 4284 8561
4153 4288 8441
4146 4170 8316
4281 4289 8570
4133 4195 8328
4230 4276 8506
4151 4203 8354
4146 4170 8316
4214 4226 8440
4155 4223 8378
4123 4143 8266
4171 4251 8422
4293 4299 8592
4121 4155 8276
4220 4300 8520
4133 4207 8340
4223 4258 8481
4141 4215 8356
4230 4268 8498
4213 4259 8472
4295 4298 8593
4152 4178 8330
4272 4298 8570
4215 4299 8514
4152 4224 8376
4125 4185 8310
4139 4165 8304
4136 4272 8408
4157 4165 8322
4200 4244 8444
4215 4259 8474
4215 4266 8481
4230 4249 8479
4133 4199 8332
4104 4123 8227
4116 4122 8238
4190 4281 8471
4159 4291 8450
4129 4135 8264
4221 4228 8449
4266 4295 8561
4155 4271 8426
4223 4254 8477
4181 4295 8476
4163 4216 8379
4132 4160 8292
4168 4235 8403
4125 4245 8370
4239 4270 8509
4216 4239 8455
4245 4279 8524
4231 4253 8484
4180 4272 8452
4283 4288 8571
4149 4257 8406
4113 4290 8403
4230 4294 8524
4219 4222 8441
4131 4165 8296
4208 4260 8468
4299 4300 8599
4164 4195 8359
4210 4260 8470
4254 4264 8518
4164 4266 8430
4173 4255 8428
4287 4291 8578
4205 4288 8493
4165 4231 8396
4195 4255 8450
4150 4271 8421
4155 4241 8396
4168 4293 8461
4133 4228 8361
4209 4247 8456
4257 4260 8517
4263 4271 8534
4240 4285 8525
4254 4273 8527
4240 4247 8487
4144 4211 8355
4115 4123 8238
4152 4232 8384
4219 4228 8447
4269 4297 8566
4118 4149 8267
4289 4297 8586
4227 4248 8475
4211 4238 8449
4263 4295 8558
4189 4241 8430
4143 4285 8428
4226 4295 8521
4101 4292 8393
4249 4285 8534
4170 4277 8447
4102 4257 8359
4121 4205 8326
4140 4230 8370
4242 4274 8516
4261 4293 8554
4122 4142 8264
4150 4156 8306
4230 4282 8512
4209 4245 8454
4160 4237 8397
4265 4282 8547
4232 4288 8520
4111 4168 8279
4260 4273 8533
4165 4179 8344
4196 4257 8453
4129 4206 8335
4142 4218 8360
4175 4280 8455
4120 4279 8399
4272 4286 8558
4271 4300 8571
4139 4284 8423
4125 4143 8268
4166 4229 8395
4168 4237 8405
4120 4223 8343
4204 4297 8501
4218 4263 8481
4170 4198 8368
4285 4288 8573
4189 4253 8442
4172 4188 8360
4272 4286 8558
4162 4174 8336
4220 4292 8512
4195 4232 8427
4219 4269 8488
4161 4289 8450
4101 4103 8204
4212 4280 8492
4157 4194 8351
4182 4200 8382
4298 4299 8597
4277 4293 8570
4200 4275 8475
4220 4296 8516
4123 4182 8305
4290 4292 8582
4152 4283 8435
4145 4164 8309
4102 4207 8309
4288 4294 8582
4190 4283 8473
4180 4283 8463
4183 4237 8420
4103 4239 8342
4231 4245 8476
4173 4254 8427
4177 4231 8408
4204 4259 8463
4100 4130 8230
4133 4247 8380
4142 4202 8344
4271 4298 8569
4171 4201 8372
4160 4195 8355
4252 4289 8541
4209 4300 8509
4271 4279 8550
4207 4251 8458
4232 4299 8531
4170 4222 8392
4228 4269 8497
4201 4218 8419
4104 4184 8288
4153 4276 8429
4173 4228 8401
4196 4237 8433
4124 4201 8325
4124 4266 8390
4146 4296 8442
4280 4289 8569
4157 4249 8406
4130 4246 8376
4292 4295 8587
4284 4288 8572
4185 4238 8423
4271 4296 8567
4195 4223 8418
4277 4293 8570
4205 4222 8427
4135 4158 8293
4251 4279 8530
4171 4189 8360
4132 4189 8321
4198 4259 8457
4146 4295 8441
4149 4209 8358
4272 4291 8563
4262 4281 8543
4157 4184 8341
4143 4290 8433
4191 4234 8425
4113 4154 8267
4124 4285 8409
4138 4202 8340
4152 4166 8318
4114 4299 8413
4155 4296 8451
4101 4123 8224
4175 4261 8436
4134 4170 8304
4243 4294 8537
4298 4300 8598
4165 4205 8370
4136 4232 8368
4289 4294 8583
4187 4209 8396
4187 4230 8417
4213 4230 8443
4221 4222 8443
4102 4141 8243
4256 4292 8548
4115 4291 8406
4246 4257 8503
4133 4188 8321
4209 4282 8491
4257 4280 8537
4172 4218 8390
4194 4227 8421
4178 4252 8430
4267 4296 8563
4190 4264 8454
4219 4235 8454
4258 4295 8553
4107 4287 8394
4213 4236 8449
4121 4151 8272
4276 4278 8554
4192 4300 8492
4153 4259 8412
4103 4172 8275
4123 4234 8357
4225 4243 8468
4244 4259 8503
4136 4184 8320
4102 4251 8353
4129 4237 8366
4292 4294 8586
4185 4250 8435
4221 4280 8501
4249 4256 8505
4284 4299 8583
4200 4212 8412
4122 4217 8339
4169 4288 8457
4213 4265 8478
4189 4208 8397
4260 4269 8529
4152 4158 8310
4209 4232 8441
4103 4112 8215
4184 4294 8478
4222 4258 8480
4249 4270 8519
4241 4280 8521
4218 4229 8447
4256 4272 8528
4112 4289 8401
4190 4275 8465
4195 4299 8494
4203 4223 8426
4208 4253 8461
4297 4298 8595
4162 4290 8452
4235 4289 8524
4100 4281 8381
4210 4225 8435
4296 4297 8593
4117 4125 8242
4213 4219 8432
4133 4134 8267
4159 4293 8452
4267 4286 8553
4209 4296 8505
4133 4288 8421
4284 4285 8569
4104 4205 8309
4273 4294 8567
4161 4242 8403
4245 4256 8501
4228 4268 8496
4298 4300 8598
4228 4265 8493
4236 4270 8506
4281 4283 8564
4143 4255 8398
4218 4225 8443
4261 4287 8548
4198 4265 8463
4221 4282 8503
4128 4273 8401
4116 4260 8376
4284 4300 8584
4160 4218 8378
4277 4278 8555
4123 4289 8412
4110 4210 8320
4276 4289 8565
4176 4276 8452
4203 4254 8457
4197 4200 8397
4198 4229 8427
4153 4169 8322
4114 4125 8239
4124 4221 8345
4204 4259 8463
4275 4300 8575
4148 4184 8332
4184 4290 8474
4282 4285 8567
4273 4285 8558
4164 4204 8368
4164 4173 8337
4295 4300 8595
4232 4236 8468
4165 4197 8362
4284 4286 8570
4216 4261 8477
4182 4213 8395
4220 4248 8468
4175 4284 8459
4188 4267 8455
4201 4209 8410
4177 4200 8377
4257 4296 8553
4247 4283 8530
4225 4245 8470
4279 4288 8567
4266 4290 8556
4251 4291 8542
4169 4239 8408
4200 4205 8405
4184 4214 8398
4285 4293 8578
4123 4266 8389
4236 4287 8523
4115 4287 8402
4188 4274 8462
4243 4274 8517
4211 4243 8454
4226 4259 8485
4263 4272 8535
4143 4184 8327
4297 4299 8596
4241 4265 8506
4239 4250 8489
4125 4208 8333
4195 4248 8443
4253 4296 8549
4243 4300 8543
4292 4295 8587
4104 4246 8350
4235 4242 8477
4107 4134 8241
4279 4292 8571
4137 4291 8428
4101 4294 8395
4240 4248 8488
4158 4283 8441
4140 4270 8410
4117 4138 8255
4258 4259 8517
4238 4259 8497
4189 4242 8431
4246 4276 8522
4250 4270 8520
4220 4282 8502
4222 4269 8491
4169 4233 8402
4201 4298 8499
4101 4281 8382
4194 4264 8458
4133 4253 8386
4201 4298 8499
4281 4299 8580
4156 4170 8326
4178 4194 8372
4219 4259 8478
4193 4231 8424
4206 4279 8485
4102 4113 8215
4265 4292 8557
4141 4259 8400
4223 4247 8470
4256 4264 8520
4293 4300 8593
4251 4286 8537
4276 4288 8564

4044 4138 8166
4077 4172 8229
4174 4180 8332
4035 4193 8193
4177 4184 8344
4053 4188 8222
4046 4070 8112
4181 4189 8351
4033 4095 8127
4130 4176 8269
4051 4103 8149
4046 4070 8096
4114 4126 8204
4055 4123 8167
4023 4043 8028
4071 4151 8201
4193 4199 8376
4021 4055 8050
4120 4200 8302
4033 4107 8132
4123 4158 8278
4041 4115 8122
4130 4168 8268
4113 4159 8269
4195 4198 8384
4052 4078 8108
4172 4198 8336
4115 4199 8291
4052 4124 8159
4025 4085 8096
4039 4065 8088
4036 4172 8191
4057 4065 8112
4100 4144 8228
4115 4159 8251
4115 4166 8258
4130 4149 8240
4033 4099 8098
4004 4023 8023
4016 4022 8021
4090 4181 8268
4059 4191 8224
4029 4035 8050
4121 4128 8215
4166 4195 8352
4055 4171 8194
4123 4154 8254
4081 4195 8275
4063 4116 8178
4032 4060 8057
4068 4135 8185
4025 4145 8136
4139 4170 8297
4116 4139 8254
4145 4179 8322
4131 4153 8253
4080 4172 8221
4183 4188 8340
4049 4157 8178
4013 4190 8172
4130 4194 8314
4119 4122 8216
4031 4065 8084
4108 4160 8235
4199 4200 8386
4064 4095 8132
4110 4160 8268
4154 4164 8310
4064 4166 8225
4073 4155 8210
4187 4191 8362
4105 4188 8277
4065 4131 8185
4095 4155 8221
4050 4171 8191
4055 4141 8176
4068 4193 8233
4033 4128 8139
4109 4147 8221
4157 4160 8283
4163 4171 8318
4140 4185 8317
4154 4173 8288
4140 4147 8257
4044 4111 8129
4015 4023 8017
4052 4132 8166
4119 4128 8221
4169 4197 8331
4018 4049 8046
4189 4197 8367
4127 4148 8264
4111 4138 8230
4163 4195 8328
4089 4141 8222
4043 4185 8212
4126 4195 8290
4001 4192 8160
4149 4185 8304
4070 4177 8244
4002 4157 8137
4021 4105 8107
4040 4130 8151
4142 4174 8281
4161 4193 8316
4022 4042 8062
4050 4056 8090
4130 4182 8309
4109 4145 8252
4060 4137 8180
4165 4182 8331
4132 4188 8315
4011 4068 8070
4160 4173 8304
4065 4079 8106
4096 4157 8216
4029 4106 8126
4042 4118 8154
4075 4180 8235
4020 4179 8170
4172 4186 8325
4171 4200 8368
4039 4184 8208
4025 4043 8030
4066 4129 8184
4068 4137 8185
4020 4123 8123
4104 4197 8289
4118 4163 8248
4070 4098 8157
4185 4188 8340
4089 4153 8226
4072 4088 8145
4172 4186 8357
4062 4074 8116
4120 4192 8304
4095 4132 8203
4119 4169 8277
4061 4189 8225
4001 4003 7982
4112 4180 8285
4057 4094 8143
4082 4100 8159
4198 4199 8394
4177 4193 8367
4100 4175 8244
4120 4196 8313
4023 4082 8087
4190 4192 8343
4052 4183 8221
4045 4064 8098
4002 4107 8084
4188 4194 8346
4090 4183 8251
4080 4183 8254
4083 4137 8201
4003 4139 8137
4131 4145 8245
4073 4154 8212
4077 4131 8205
4104 4159 8249
4000 4030 8025
4033 4147 8166
4042 4102 8127
4171 4198 8358
4071 4101 8150
4060 4095 8147
4152 4189 8323
4109 4200 8304
4171 4179 8339
4107 4151 8252
4132 4199 8309
4070 4122 8169
4128 4169 8282
4101 4118 8194
4004 4084 8058
4053 4176 8215
4073 4128 8172
4096 4137 8200
4024 4101 8101
4024 4166 8171
4046 4196 8216
4180 4189 8351
4057 4149 8193
4030 4146 8169
4192 4195 8378
4184 4188 8361
4085 4138 8210
4171 4196 8345
4095 4123 8209
4177 4193 8349
4105 4122 8189
4035 4058 8074
4151 4179 8293
4071 4089 8147
4032 4089 8099
4098 4159 8235
4046 4195 8204
4049 4109 8143
4172 4191 8335
4162 4181 8307
4057 4084 8109
4043 4190 8199
4091 4134 8190
4013 4054 8030
4024 4185 8198
4038 4102 8108
4052 4066 8117
4014 4199 8198
4055 4196 8228
4001 4023 8005
4075 4161 8233
4034 4070 8075
4143 4194 8308
4198 4200 8365
4065 4105 8160
4036 4132 8156
4189 4194 8354
4087 4109 8194
4087 4130 8191
4113 4130 8232
4121 4122 8208
4002 4041 8019
4156 4192 8341
4015 4191 8203
4146 4157 8290
4033 4088 8108
4109 4182 8276
4157 4180 8320
4072 4118 8181
4094 4127 8206
4078 4152 8212
4167 4196 8356
4090 4164 8223
4119 4135 8220
4158 4195 8350
4007 4187 8181
4113 4136 8230
4021 4051 8058
4176 4178 8343
4092 4200 8268
4053 4159 8182
4003 4072 8073
4023 4134 8127
4125 4143 8260
4144 4159 8295
4036 4084 8116
4002 4151 8130
4029 4137 8141
4192 4194 8360
4085 4150 8224
4121 4180 8272
4149 4156 8301
4184 4199 8374
4100 4112 8178
4022 4117 8103
4069 4188 8246
4113 4165 8243
4089 4108 8191
4160 4169 8318
4052 4058 8091
4109 4132 8217
4003 4012 8013
4084 4194 8276
4122 4158 8279
4149 4170 8298
4141 4180 8308
4118 4129 8228
4156 4172 8323
4012 4189 8183
4090 4175 8262
4095 4199 8265
4103 4123 8215
4108 4153 8252
4197 4198 8392
4062 4190 8239
4135 4189 8323
4000 4181 8172
4110 4125 8229
4196 4197 8363
4017 4025 8017
4113 4119 8219
4033 4034 8049
4059 4193 8232
4167 4186 8318
4109 4196 8298
4033 4188 8205
4184 4185 8363
4004 4105 8082
4173 4194 8361
4061 4142 8198
4145 4156 8299
4128 4168 8286
4198 4200 8390
4128 4165 8279
4136 4170 8285
4181 4183 8345
4043 4155 8165
4118 4125 8214
4161 4187 8312
4098 4165 8229
4121 4182 8293
4028 4173 8185
4016 4160 8170
4184 4200 8351
4060 4118 8152
4177 4178 8319
4023 4189 8177
4010 4110 8106
4176 4189 8327
4076 4176 8244
4103 4154 8236
4097 4100 8173
4098 4129 8206
4053 4069 8115
4014 4025 8022
4024 4121 8140
4104 4159 8247
4175 4200 8346
4048 4084 8114
4084 4190 8255
4182 4185 8354
4173 4185 8322
4064 4104 8150
4064 4073 8116
4195 4200 8361
4132 4136 8252
4065 4097 8136
4184 4186 8348
4116 4161 8276
4082 4113 8158
4120 4148 8240
4075 4184 8253
4088 4167 8235
4101 4109 8209
4077 4100 8144
4157 4196 8349
4147 4183 8323
4125 4145 8257
4179 4188 8338
4166 4190 8355
4151 4191 8305
4069 4139 8207
4100 4105 8172
4084 4114 8196
4185 4193 8350
4023 4166 8153
4136 4187 8319
4015 4187 8176
4088 4174 8235
4143 4174 8308
4111 4143 8250
4126 4159 8251
4163 4172 8303
4043 4084 8126
4197 4199 8359
4141 4165 8293
4139 4150 8262
4025 4108 8098
4095 4148 8242
4153 4196 8347
4143 4200 8314
4192 4195 8358
4004 4146 8116
4135 4142 8259
4007 4034 8034
4179 4192 8349
4037 4191 8193
4001 4194 8194
4140 4148 8252
4058 4183 8231
4040 4170 8199
4017 4038 8037
4158 4159 8300
4138 4159 8296
4089 4142 8208
4146 4176 8293
4150 4170 8312
4120 4182 8292
4122 4169 8286
4069 4133 8198
4101 4198 8269
4001 4181 8154
4094 4164 8245
4033 4153 8184
4101 4198 8286
4181 4199 8353
4056 4070 8113
4078 4094 8148
4119 4159 8247
4093 4131 8220
4106 4179 8267
4002 4013 7992
4165 4192 8324
4041 4159 8167
4123 4147 8243
4156 4164 8281
4193 4200 8357
4151 4186 8321
4176 4188 8329

0.010000 0.390000
