400
2402170
4134 4176 8310
4232 4296 8528
4148 4196 8344
4274 4284 8558
4167 4205 8372
4220 4287 8507
4226 4268 8494
4247 4295 8542
4206 4235 8441
4269 4298 8567
4281 4290 8571
4121 4148 8269
4193 4286 8479
4201 4285 8486
4117 4285 8402
4283 4286 8569
4151 4293 8444
4163 4201 8364
4192 4266 8458
4280 4286 8566
4153 4157 8310
4105 4263 8368
4197 4222 8419
4275 4300 8575
4166 4247 8413
4297 4300 8597
4102 4163 8265
4144 4270 8414
4146 4245 8391
4212 4276 8488
4107 4275 8382
4195 4196 8391
4289 4296 8585
4255 4289 8544
4299 4300 8599
4280 4295 8575
4160 4273 8433
4149 4206 8355
4231 4292 8523
4139 4178 8317
4211 4254 8465
4185 4263 8448
4236 4263 8499
4138 4190 8328
4173 4241 8414
4251 4270 8521
4217 4225 8442
4248 4259 8507
4221 4245 8466
4129 4270 8399
4185 4287 8472
4195 4196 8391
4182 4280 8462
4184 4196 8380
4282 4283 8565
4129 4240 8369
4169 4295 8464
4275 4287 8562
4222 4257 8479
4286 4292 8578
4197 4226 8423
4172 4256 8428
4129 4241 8370
4105 4211 8316
4175 4295 8470
4185 4192 8377
4180 4279 8459
4296 4300 8596
4166 4201 8367
4145 4169 8314
4281 4286 8567
4193 4202 8395
4114 4184 8298
4263 4273 8536
4256 4286 8542
4131 4180 8311
4261 4278 8539
4279 4294 8573
4216 4252 8468
4212 4258 8470
4217 4271 8488
4110 4185 8295
4120 4176 8296
4197 4198 8395
4148 4168 8316
4111 4227 8338
4296 4299 8595
4251 4300 8551
4153 4158 8311
4292 4295 8587
4283 4286 8569
4287 4297 8584
4280 4293 8573
4177 4277 8454
4159 4238 8397
4169 4253 8422
4280 4294 8574
4144 4203 8347
4200 4210 8410
4233 4241 8474
4290 4293 8583
4176 4294 8470
4281 4295 8576
4158 4189 8347
4121 4283 8404
4264 4289 8553
4219 4227 8446
4139 4243 8382
4233 4298 8531
4131 4199 8330
4178 4292 8470
4231 4255 8486
4277 4294 8571
4148 4152 8300
4190 4194 8384
4132 4208 8340
4212 4293 8505
4252 4299 8551
4103 4117 8220
4210 4262 8472
4158 4269 8427
4274 4291 8565
4100 4207 8307
4149 4289 8438
4178 4206 8384
4187 4281 8468
4141 4261 8402
4244 4285 8529
4291 4293 8584
4154 4231 8385
4134 4158 8292
4148 4216 8364
4245 4288 8533
4106 4261 8367
4190 4206 8396
4117 4122 8239
4105 4204 8309
4218 4295 8513
4176 4229 8405
4123 4190 8313
4112 4121 8233
4217 4282 8499
4288 4290 8578
4256 4265 8521
4199 4216 8415
4290 4296 8586
4258 4260 8518
4168 4254 8422
4278 4300 8578
4233 4248 8481
4287 4292 8579
4238 4274 8512
4287 4294 8581
4127 4299 8426
4257 4286 8543
4221 4250 8471
4253 4294 8547
4186 4287 8473
4297 4300 8597
4282 4284 8566
4122 4189 8311
4121 4125 8246
4166 4193 8359
4216 4247 8463
4157 4270 8427
4288 4299 8587
4184 4299 8483
4284 4290 8574
4266 4277 8543
4135 4160 8295
4244 4269 8513
4122 4295 8417
4131 4281 8412
4295 4296 8591
4186 4194 8380
4240 4282 8522
4112 4233 8345
4256 4296 8552
4188 4208 8396
4154 4232 8386
4194 4292 8486
4133 4184 8317
4289 4290 8579
4262 4269 8531
4101 4178 8279
4257 4263 8520
4275 4292 8567
4201 4253 8454
4175 4248 8423
4215 4220 8435
4277 4295 8572
4298 4300 8598
4211 4232 8443
4148 4293 8441
4144 4297 8441
4126 4283 8409
4130 4174 8304
4264 4285 8549
4263 4278 8541
4139 4280 8419
4132 4254 8386
4157 4168 8325
4281 4298 8579
4193 4280 8473
4234 4238 8472
4287 4291 8578
4190 4196 8386
4166 4296 8462
4103 4105 8208
4205 4270 8475
4285 4300 8585
4122 4123 8245
4152 4246 8398
4224 4288 8512
4132 4287 8419
4114 4207 8321
4129 4217 8346
4250 4300 8550
4209 4227 8436
4137 4277 8414
4129 4275 8404
4104 4170 8274
4216 4286 8502
4244 4291 8535
4231 4243 8474
4219 4254 8473
4157 4171 8328
4117 4251 8368
4182 4295 8477
4299 4300 8599
4212 4266 8478
4195 4290 8485
4190 4228 8418
4142 4216 8358
4110 4258 8368
4240 4288 8528
4277 4279 8556
4104 4187 8291
4214 4284 8498
4251 4289 8540
4190 4205 8395
4275 4283 8558
4220 4277 8497
4215 4281 8496
4159 4243 8402
4234 4256 8490
4161 4243 8404
4124 4140 8264
4120 4216 8336
4264 4270 8534
4155 4271 8426
4156 4282 8438
4210 4262 8472
4278 4282 8560
4299 4300 8599
4169 4273 8442
4278 4291 8569
4190 4214 8404
4196 4256 8452
4278 4289 8567
4103 4165 8268
4154 4241 8395
4166 4215 8381
4196 4201 8397
4226 4279 8505
4217 4281 8498
4195 4261 8456
4118 4255 8373
4196 4261 8457
4146 4157 8303
4121 4234 8355
4110 4228 8338
4219 4293 8512
4209 4219 8428
4233 4277 8510
4266 4300 8566
4297 4298 8595
4250 4288 8538
4270 4294 8564
4218 4270 8488
4125 4264 8389
4165 4181 8346
4210 4213 8423
4107 4300 8407
4292 4299 8591
4250 4273 8523
4164 4181 8345
4121 4232 8353
4112 4235 8347
4221 4272 8493
4286 4298 8584
4176 4283 8459
4103 4139 8242
4275 4279 8554
4285 4298 8583
4253 4288 8541
4150 4266 8416
4117 4240 8357
4233 4289 8522
4195 4280 8475
4134 4275 8409
4237 4270 8507
4160 4300 8460
4224 4237 8461
4127 4229 8356
4255 4278 8533
4205 4295 8500
4282 4291 8573
4260 4287 8547
4250 4264 8514
4182 4230 8412
4188 4235 8423
4119 4207 8326
4224 4298 8522
4173 4183 8356
4182 4195 8377
4125 4143 8268
4122 4187 8309
4142 4177 8319
4115 4213 8328
4252 4259 8511
4152 4239 8391
4257 4297 8554
4133 4207 8340
4196 4246 8442
4136 4192 8328
4178 4246 8424
4174 4183 8357
4203 4246 8449
4220 4227 8447
4127 4208 8335
4225 4293 8518
4284 4286 8570
4161 4196 8357
4201 4254 8455
4273 4281 8554
4218 4235 8453
4205 4296 8501
4215 4261 8476
4192 4245 8437
4121 4160 8281
4233 4269 8502
4262 4279 8541
4195 4208 8403
4205 4299 8504
4289 4300 8589
4212 4298 8510
4156 4187 8343
4206 4244 8450
4256 4292 8548
4142 4241 8383
4128 4213 8341
4115 4160 8275
4159 4264 8423
4175 4217 8392
4146 4209 8355
4110 4211 8321
4263 4276 8539
4276 4287 8563
4137 4164 8301
4153 4185 8338
4141 4168 8309
4214 4227 8441
4141 4245 8386
4246 4265 8511
4190 4213 8403
4166 4238 8404
4136 4289 8425
4220 4221 8441
4156 4285 8441
4183 4193 8376
4171 4175 8346
4296 4299 8595
4192 4242 8434
4104 4141 8245
4295 4300 8595
4216 4275 8491
4280 4298 8578
4103 4242 8345
4157 4267 8424
4175 4233 8408
4203 4232 8435
4198 4245 8443
4208 4238 8446
4278 4290 8568
4194 4241 8435
4112 4180 8292
4169 4177 8346
4119 4180 8299
4146 4251 8397
4227 4292 8519
4211 4271 8482
4263 4279 8542
4272 4287 8559
4100 4167 8267
4226 4276 8502
4268 4289 8557
4188 4300 8488
4199 4216 8415
4190 4224 8414

4034 4076 8107
4132 4196 8312
4048 4096 8139
4174 4184 8334
4067 4105 8137
4120 4187 8293
4126 4168 8260
4147 4195 8332
4106 4135 8233
4169 4198 8366
4181 4190 8359
4021 4048 8042
4093 4186 8252
4101 4185 8259
4017 4185 8179
4183 4186 8365
4051 4193 8226
4063 4101 8144
4092 4166 8227
4180 4186 8344
4053 4057 8090
4005 4163 8166
4097 4122 8198
4175 4200 8350
4066 4147 8202
4197 4200 8377
4002 4063 8062
4044 4170 8207
4046 4145 8157
4112 4176 8272
4007 4175 8175
4095 4096 8189
4189 4196 8358
4155 4189 8330
4199 4200 8360
4180 4195 8364
4060 4173 8224
4049 4106 8146
4131 4192 8297
4039 4078 8091
4111 4154 8243
4085 4163 8225
4136 4163 8263
4038 4090 8091
4073 4141 8178
4151 4170 8282
4117 4125 8223
4148 4159 8288
4121 4145 8244
4029 4170 8172
4085 4187 8270
4095 4096 8170
4082 4180 8225
4084 4096 8163
4182 4183 8328
4029 4140 8153
4069 4195 8262
4175 4187 8332
4122 4157 8277
4186 4192 8367
4097 4126 8203
4072 4156 8217
4029 4141 8132
4005 4111 8093
4075 4195 8268
4085 4092 8156
4080 4179 8233
4196 4200 8362
4066 4101 8130
4045 4069 8108
4181 4186 8360
4093 4102 8160
4014 4084 8081
4163 4173 8299
4156 4186 8325
4031 4080 8075
4161 4178 8324
4179 4194 8368
4116 4152 8231
4112 4158 8265
4117 4171 8249
4010 4085 8086
4020 4076 8091
4097 4098 8169
4048 4068 8104
4011 4127 8124
4196 4199 8385
4151 4200 8316
4053 4058 8110
4192 4195 8385
4183 4186 8335
4187 4197 8380
4180 4193 8350
4077 4177 8244
4059 4138 8159
4069 4153 8194
4180 4194 8342
4044 4103 8131
4100 4110 8186
4133 4141 8244
4190 4193 8381
4076 4194 8255
4181 4195 8362
4058 4089 8143
4021 4183 8191
4164 4189 8330
4119 4127 8216
4039 4143 8163
4133 4198 8319
4031 4099 8111
4078 4192 8252
4131 4155 8267
4177 4194 8334
4048 4052 8082
4090 4094 8160
4032 4108 8115
4112 4193 8285
4152 4199 8338
4003 4017 8011
4110 4162 8265
4058 4169 8209
4174 4191 8358
4000 4107 8082
4049 4189 8234
4078 4106 8180
4087 4181 8240
4041 4161 8178
4144 4185 8320
4191 4193 8354
4054 4131 8148
4034 4058 8066
4048 4116 8143
4145 4188 8298
4006 4161 8132
4090 4106 8187
4017 4022 8011
4005 4104 8082
4118 4195 8300
4076 4129 8192
4023 4090 8100
4012 4021 8004
4117 4182 8269
4188 4190 8358
4156 4165 8292
4099 4116 8182
4190 4196 8381
4158 4160 8316
4068 4154 8210
4178 4200 8362
4133 4148 8246
4187 4192 8347
4138 4174 8283
4187 4194 8371
4027 4199 8190
4157 4186 8308
4121 4150 8250
4153 4194 8321
4086 4187 8247
4197 4200 8392
4182 4184 8360
4022 4089 8090
4021 4025 8041
4066 4093 8122
4116 4147 8245
4057 4170 8201
4188 4199 8385
4084 4199 8282
4184 4190 8350
4166 4177 8318
4035 4060 8091
4144 4169 8282
4022 4195 8185
4031 4181 8186
4195 4196 8366
4086 4094 8156
4140 4182 8289
4012 4133 8111
4156 4196 8350
4088 4108 8182
4054 4132 8183
4094 4192 8266
4033 4084 8113
4189 4190 8361
4162 4169 8329
4001 4078 8053
4157 4163 8295
4175 4192 8343
4101 4153 8251
4075 4148 8194
4115 4120 8219
4177 4195 8369
4198 4200 8377
4111 4132 8228
4048 4193 8222
4044 4197 8209
4026 4183 8174
4030 4074 8085
4164 4185 8337
4163 4178 8329
4039 4180 8202
4032 4154 8164
4057 4068 8111
4181 4198 8357
4093 4180 8254
4134 4138 8237
4187 4191 8352
4090 4096 8174
4066 4196 8244
4003 4005 8002
4105 4170 8249
4185 4200 8361
4022 4023 8038
4052 4146 8161
4124 4188 8300
4032 4187 8193
4014 4107 8110
4029 4117 8129
4150 4200 8341
4109 4127 8198
4037 4177 8179
4029 4175 8185
4004 4070 8070
4116 4186 8297
4144 4191 8301
4131 4143 8246
4119 4154 8251
4057 4071 8108
4017 4151 8158
4082 4195 8273
4199 4200 8380
4112 4166 8268
4095 4190 8271
4090 4128 8217
4042 4116 8135
4010 4158 8134
4140 4188 8310
4177 4179 8328
4004 4087 8063
4114 4184 8296
4151 4189 8306
4090 4105 8194
4175 4183 8354
4120 4177 8294
4115 4181 8257
4059 4143 8185
4134 4156 8262
4061 4143 8195
4024 4040 8063
4020 4116 8120
4164 4170 8316
4055 4171 8208
4056 4182 8204
4110 4162 8253
4178 4182 8353
4199 4200 8393
4069 4173 8239
4178 4191 8358
4090 4114 8170
4096 4156 8249
4178 4189 8363
4003 4065 8066
4054 4141 8163
4066 4115 8174
4096 4101 8179
4126 4179 8295
4117 4181 8264
4095 4161 8220
4018 4155 8158
4096 4161 8230
4046 4057 8093
4021 4134 8130
4010 4128 8136
4119 4193 8289
4109 4119 8203
4133 4177 8305
4166 4200 8342
4197 4198 8364
4150 4188 8328
4170 4194 8347
4118 4170 8258
4025 4164 8164
4065 4081 8132
4110 4113 8216
4007 4200 8187
4192 4199 8367
4150 4173 8307
4064 4081 8137
4021 4132 8128
4012 4135 8114
4121 4172 8289
4186 4198 8354
4076 4183 8252
4003 4039 8026
4175 4179 8315
4185 4198 8357
4153 4188 8333
4050 4166 8183
4017 4140 8125
4133 4189 8289
4095 4180 8243
4034 4175 8191
4137 4170 8278
4060 4200 8222
4124 4137 8252
4027 4129 8153
4155 4178 8294
4105 4195 8273
4182 4191 8362
4160 4187 8313
4150 4164 8310
4082 4130 8180
4088 4135 8191
4019 4107 8112
4124 4198 8318
4073 4083 8119
4082 4095 8150
4025 4043 8047
4022 4087 8100
4042 4077 8115
4015 4113 8123
4152 4159 8279
4052 4139 8187
4157 4197 8315
4033 4107 8103
4096 4146 8205
4036 4092 8123
4078 4146 8220
4074 4083 8128
4103 4146 8231
4120 4127 8216
4027 4108 8097
4125 4193 8317
4184 4186 8357
4061 4096 8128
4101 4154 8238
4173 4181 8335
4118 4135 8216
4105 4196 8268
4115 4161 8265
4092 4145 8227
4021 4060 8056
4133 4169 8295
4162 4179 8312
4095 4108 8170
4105 4199 8303
4189 4200 8360
4112 4198 8304
4056 4087 8105
4106 4144 8240
4156 4192 8315
4042 4141 8173
4028 4113 8105
4015 4060 8053
4059 4164 8204
4075 4117 8168
4046 4109 8139
4010 4111 8108
4163 4176 8321
4176 4187 8328
4037 4064 8079
4053 4085 8113
4041 4068 8095
4114 4127 8213
4041 4145 8150
4146 4165 8277
4090 4113 8174
4066 4138 8182
4036 4189 8207
4120 4121 8209
4056 4185 8227
4083 4093 8160
4071 4075 8124
4196 4199 8363
4092 4142 8206
4004 4041 8039
4195 4200 8379
4116 4175 8278
4180 4198 8343
4003 4142 8109
4057 4167 8195
4075 4133 8206
4103 4132 8196
4098 4145 8212
4108 4138 8216
4178 4190 8341
4094 4141 8216
4012 4080 8087
4069 4077 8128
4019 4080 8069
4046 4151 8168
4127 4192 8280
4111 4171 8261
4163 4179 8308
4172 4187 8337
4000 4067 8040
4126 4176 8282
4168 4189 8351
4088 4200 8276
4099 4116 8180
4090 4124 8200

0.010000 0.730000
