400
2304129
4208 4238 8446
4192 4203 8395
4205 4272 8477
4254 4299 8553
4112 4133 8245
4134 4191 8325
4205 4222 8427
4192 4244 8436
4181 4267 8448
4100 4218 8318
4139 4241 8380
4123 4132 8255
4185 4295 8480
4192 4223 8415
4162 4260 8422
4171 4292 8463
4279 4287 8566
4231 4265 8496
4252 4254 8506
4212 4295 8507
4118 4209 8327
4230 4247 8477
4147 4222 8369
4284 4298 8582
4268 4276 8544
4233 4250 8483
4195 4250 8445
4201 4299 8500
4158 4174 8332
4281 4292 8573
4127 4272 8399
4284 4288 8572
4224 4245 8469
4274 4279 8553
4297 4299 8596
4101 4222 8323
4256 4288 8544
4197 4216 8413
4173 4259 8432
4247 4249 8496
4296 4299 8595
4202 4221 8423
4296 4300 8596
4271 4296 8567
4156 4279 8435
4226 4248 8474
4118 4192 8310
4113 4271 8384
4216 4290 8506
4163 4173 8336
4298 4300 8598
4130 4243 8373
4166 4205 8371
4268 4288 8556
4290 4291 8581
4245 4274 8519
4151 4200 8351
4219 4239 8458
4106 4124 8230
4135 4155 8290
4120 4300 8420
4133 4175 8308
4192 4222 8414
4269 4271 8540
4167 4293 8460
4197 4202 8399
4168 4176 8344
4240 4298 8538
4230 4290 8520
4224 4294 8518
4297 4299 8596
4199 4232 8431
4184 4283 8467
4296 4299 8595
4232 4297 8529
4213 4227 8440
4274 4293 8567
4190 4215 8405
4283 4286 8569
4156 4164 8320
4292 4298 8590
4124 4187 8311
4185 4256 8441
4250 4281 8531
4144 4218 8362
4266 4283 8549
4257 4274 8531
4257 4289 8546
4194 4242 8436
4169 4176 8345
4296 4300 8596
4204 4284 8488
4257 4273 8530
4287 4293 8580
4143 4186 8329
4224 4250 8474
4117 4205 8322
4194 4230 8424
4156 4215 8371
4209 4235 8444
4258 4281 8539
4215 4262 8477
4200 4206 8406
4270 4294 8564
4252 4292 8544
4156 4278 8434
4106 4276 8382
4263 4281 8544
4196 4244 8440
4244 4276 8520
4106 4261 8367
4293 4297 8590
4283 4299 8582
4274 4290 8564
4233 4257 8490
4298 4300 8598
4180 4277 8457
4257 4262 8519
4263 4297 8560
4185 4217 8402
4150 4247 8397
4203 4263 8466
4292 4298 8590
4200 4213 8413
4179 4209 8388
4223 4294 8517
4268 4274 8542
4165 4289 8454
4179 4277 8456
4216 4230 8446
4133 4183 8316
4134 4143 8277
4276 4290 8566
4171 4188 8359
4187 4278 8465
4165 4175 8340
4230 4276 8506
4112 4232 8344
4111 4149 8260
4291 4298 8589
4187 4207 8394
4220 4284 8504
4283 4292 8575
4124 4287 8411
4220 4223 8443
4294 4299 8593
4161 4210 8371
4202 4293 8495
4178 4258 8436
4112 4137 8249
4268 4270 8538
4174 4255 8429
4196 4284 8480
4191 4276 8467
4215 4233 8448
4275 4280 8555
4204 4278 8482
4190 4231 8421
4270 4297 8567
4148 4293 8441
4279 4298 8577
4103 4180 8283
4267 4277 8544
4273 4277 8550
4221 4255 8476
4299 4300 8599
4146 4184 8330
4133 4135 8268
4141 4227 8368
4212 4243 8455
4166 4167 8333
4266 4291 8557
4117 4283 8400
4223 4264 8487
4157 4223 8380
4265 4290 8555
4161 4291 8452
4279 4286 8565
4289 4299 8588
4284 4290 8574
4115 4116 8231
4271 4288 8559
4218 4268 8486
4173 4250 8423
4130 4180 8310
4191 4208 8399
4257 4269 8526
4213 4262 8475
4158 4171 8329
4275 4294 8569
4270 4293 8563
4141 4216 8357
4170 4212 8382
4248 4290 8538
4124 4221 8345
4240 4274 8514
4243 4258 8501
4239 4242 8481
4275 4284 8559
4163 4199 8362
4161 4236 8397
4222 4289 8511
4296 4299 8595
4116 4119 8235
4100 4256 8356
4221 4227 8448
4288 4299 8587
4171 4285 8456
4185 4252 8437
4117 4162 8279
4267 4297 8564
4222 4228 8450
4173 4295 8468
4143 4216 8359
4206 4267 8473
4153 4212 8365
4178 4261 8439
4251 4254 8505
4137 4260 8397
4189 4253 8442
4103 4182 8285
4103 4105 8208
4235 4288 8523
4127 4172 8299
4261 4272 8533
4162 4290 8452
4275 4295 8570
4284 4300 8584
4127 4227 8354
4136 4145 8281
4265 4295 8560
4298 4299 8597
4162 4175 8337
4200 4249 8449
4188 4222 8410
4233 4251 8484
4118 4133 8251
4156 4169 8325
4221 4241 8462
4115 4299 8414
4132 4273 8405
4112 4210 8322
4212 4297 8509
4162 4198 8360
4281 4288 8569
4175 4294 8469
4242 4262 8504
4153 4282 8435
4218 4279 8497
4129 4296 8425
4144 4259 8403
4140 4280 8420
4217 4246 8463
4264 4298 8562
4182 4273 8455
4131 4299 8430
4119 4128 8247
4245 4252 8497
4118 4168 8286
4276 4295 8571
4106 4282 8388
4205 4278 8483
4210 4245 8455
4184 4297 8481
4136 4142 8278
4217 4288 8505
4195 4265 8460
4233 4284 8517
4101 4179 8280
4174 4275 8449
4180 4247 8427
4178 4237 8415
4163 4194 8357
4225 4245 8470
4207 4300 8507
4174 4187 8361
4136 4272 8408
4183 4261 8444
4150 4274 8424
4164 4277 8441
4260 4297 8557
4115 4256 8371
4229 4275 8504
4298 4299 8597
4275 4284 8559
4256 4267 8523
4278 4289 8567
4289 4292 8581
4199 4225 8424
4145 4170 8315
4150 4267 8417
4122 4224 8346
4146 4288 8434
4263 4276 8539
4231 4259 8490
4151 4264 8415
4100 4244 8344
4170 4202 8372
4236 4276 8512
4131 4218 8349
4280 4298 8578
4154 4168 8322
4140 4205 8345
4118 4219 8337
4196 4210 8406
4231 4282 8513
4266 4286 8552
4259 4284 8543
4112 4298 8410
4119 4264 8383
4106 4187 8293
4251 4286 8537
4231 4264 8495
4144 4171 8315
4113 4269 8382
4127 4130 8257
4100 4214 8314
4111 4217 8328
4205 4292 8497
4185 4235 8420
4151 4235 8386
4271 4284 8555
4202 4266 8468
4116 4275 8391
4225 4278 8503
4164 4217 8381
4223 4281 8504
4269 4287 8556
4196 4215 8411
4170 4246 8416
4296 4299 8595
4169 4215 8384
4199 4283 8482
4249 4275 8524
4222 4248 8470
4207 4279 8486
4240 4241 8481
4131 4151 8282
4101 4240 8341
4208 4220 8428
4155 4273 8428
4272 4278 8550
4229 4239 8468
4126 4232 8358
4282 4293 8575
4273 4299 8572
4243 4292 8535
4179 4228 8407
4254 4280 8534
4163 4187 8350
4192 4277 8469
4211 4280 8491
4246 4297 8543
4246 4292 8538
4138 4245 8383
4251 4297 8548
4293 4296 8589
4166 4297 8463
4234 4250 8484
4155 4171 8326
4121 4229 8350
4153 4291 8444
4159 4187 8346
4113 4163 8276
4138 4146 8284
4209 4243 8452
4233 4240 8473
4127 4179 8306
4263 4290 8553
4140 4178 8318
4193 4261 8454
4247 4287 8534
4119 4154 8273
4201 4204 8405
4159 4199 8358
4213 4231 8444
4159 4261 8420
4245 4277 8522
4172 4184 8356
4205 4223 8428
4272 4278 8550
4254 4268 8522
4121 4273 8394
4238 4240 8478
4212 4267 8479
4247 4286 8533
4120 4173 8293
4279 4285 8564
4176 4203 8379
4228 4259 8487
4130 4262 8392
4272 4284 8556
4132 4158 8290
4103 4214 8317
4272 4287 8559
4164 4298 8462
4185 4223 8408
4228 4296 8524
4126 4160 8286
4172 4241 8413

4108 4138 8217
4092 4103 8170
4105 4172 8261
4154 4199 8341
4012 4033 8036
4034 4091 8103
4105 4122 8209
4092 4144 8222
4081 4167 8246
4000 4118 8083
4039 4141 8160
4023 4032 8018
4085 4195 8247
4092 4123 8184
4062 4160 8187
4071 4192 8257
4179 4187 8327
4131 4165 8282
4152 4154 8287
4112 4195 8280
4018 4109 8091
4130 4147 8270
4047 4122 8159
4184 4198 8353
4168 4176 8336
4133 4150 8258
4095 4150 8218
4101 4199 8281
4058 4074 8117
4181 4192 8341
4027 4172 8167
4184 4188 8367
4124 4145 8246
4174 4179 8341
4197 4199 8376
4001 4122 8122
4156 4188 8342
4097 4116 8192
4073 4159 8227
4147 4149 8286
4196 4199 8371
4102 4121 8216
4196 4200 8374
4171 4196 8334
4056 4179 8213
4126 4148 8269
4018 4092 8088
4013 4171 8172
4116 4190 8288
4063 4073 8135
4198 4200 8384
4030 4143 8140
4066 4105 8156
4168 4188 8338
4190 4191 8369
4145 4174 8288
4051 4100 8122
4119 4139 8236
4006 4024 8009
4035 4055 8060
4020 4200 8193
4033 4075 8083
4092 4122 8187
4169 4171 8337
4067 4193 8242
4097 4102 8168
4068 4076 8109
4140 4198 8322
4130 4190 8287
4124 4194 8280
4197 4199 8364
4099 4132 8199
4084 4183 8250
4196 4199 8368
4132 4197 8296
4113 4127 8203
4174 4193 8365
4090 4115 8171
4183 4186 8348
4056 4064 8110
4192 4198 8384
4024 4087 8107
4085 4156 8221
4150 4181 8302
4044 4118 8135
4166 4183 8343
4157 4174 8321
4157 4189 8342
4094 4142 8217
4069 4076 8133
4196 4200 8384
4104 4184 8273
4157 4173 8319
4187 4193 8377
4043 4086 8127
4124 4150 8258
4017 4105 8090
4094 4130 8191
4056 4115 8137
4109 4135 8240
4158 4181 8332
4115 4162 8253
4100 4106 8172
4170 4194 8354
4152 4192 8324
4056 4178 8214
4006 4176 8155
4163 4181 8326
4096 4144 8207
4144 4176 8288
4006 4161 8156
4193 4197 8374
4183 4199 8358
4174 4190 8338
4133 4157 8266
4198 4200 8365
4080 4177 8248
4157 4162 8299
4163 4197 8350
4085 4117 8174
4050 4147 8174
4103 4163 8253
4192 4198 8370
4100 4113 8196
4079 4109 8152
4123 4194 8288
4168 4174 8325
4065 4189 8239
4079 4177 8225
4116 4130 8229
4033 4083 8100
4034 4043 8070
4176 4190 8330
4071 4088 8154
4087 4178 8236
4065 4075 8134
4130 4176 8289
4012 4132 8139
4011 4049 8056
4191 4198 8368
4087 4107 8180
4120 4184 8287
4183 4192 8358
4024 4187 8178
4120 4123 8219
4194 4199 8369
4061 4110 8163
4102 4193 8256
4078 4158 8226
4012 4037 8044
4168 4170 8336
4074 4155 8215
4096 4184 8273
4091 4176 8261
4115 4133 8215
4175 4180 8328
4104 4178 8256
4090 4131 8201
4170 4197 8366
4048 4193 8240
4179 4198 8344
4003 4080 8057
4167 4177 8335
4173 4177 8315
4121 4155 8253
4199 4200 8372
4046 4084 8114
4033 4035 8040
4041 4127 8137
4112 4143 8237
4066 4067 8103
4166 4191 8322
4017 4183 8197
4123 4164 8263
4057 4123 8179
4165 4190 8337
4061 4191 8234
4179 4186 8362
4189 4199 8373
4184 4190 8362
4015 4016 8017
4171 4188 8337
4118 4168 8254
4073 4150 8201
4030 4080 8106
4091 4108 8190
4157 4169 8322
4113 4162 8248
4058 4071 8102
4175 4194 8351
4170 4193 8345
4041 4116 8147
4070 4112 8176
4148 4190 8314
4024 4121 8108
4140 4174 8310
4143 4158 8269
4139 4142 8269
4175 4184 8355
4063 4099 8144
4061 4136 8173
4122 4189 8310
4196 4199 8361
4016 4019 8027
4000 4156 8143
4121 4127 8225
4188 4199 8360
4071 4185 8230
4085 4152 8221
4017 4062 8071
4167 4197 8354
4122 4128 8248
4073 4195 8238
4043 4116 8135
4106 4167 8234
4053 4112 8144
4078 4161 8238
4151 4154 8299
4037 4160 8180
4089 4153 8236
4003 4082 8077
4003 4005 8000
4135 4188 8294
4027 4072 8072
4161 4172 8330
4062 4190 8243
4175 4195 8347
4184 4200 8358
4027 4127 8147
4036 4045 8057
4165 4195 8353
4198 4199 8371
4062 4075 8099
4100 4149 8244
4088 4122 8182
4133 4151 8250
4018 4033 8045
4056 4069 8094
4121 4141 8257
4015 4199 8194
4032 4173 8199
4012 4110 8089
4112 4197 8296
4062 4098 8132
4181 4188 8356
4075 4194 8253
4142 4162 8279
4053 4182 8225
4118 4179 8266
4029 4196 8217
4044 4159 8195
4040 4180 8196
4117 4146 8230
4164 4198 8335
4082 4173 8238
4031 4199 8214
4019 4028 8036
4145 4152 8266
4018 4068 8069
4176 4195 8338
4006 4182 8152
4105 4178 8269
4110 4145 8222
4084 4197 8255
4036 4042 8050
4117 4188 8285
4095 4165 8231
4133 4184 8292
4001 4079 8073
4074 4175 8214
4080 4147 8221
4078 4137 8210
4063 4094 8147
4125 4145 8234
4107 4200 8279
4074 4087 8160
4036 4172 8181
4083 4161 8235
4050 4174 8203
4064 4177 8224
4160 4197 8337
4015 4156 8157
4129 4175 8272
4198 4199 8370
4175 4184 8326
4156 4167 8302
4178 4189 8340
4189 4192 8345
4099 4125 8194
4045 4070 8107
4050 4167 8197
4022 4124 8109
4046 4188 8203
4163 4176 8316
4131 4159 8270
4051 4164 8179
4000 4144 8136
4070 4102 8163
4136 4176 8282
4031 4118 8127
4180 4198 8370
4054 4068 8087
4040 4105 8115
4018 4119 8116
4096 4110 8176
4131 4182 8285
4166 4186 8320
4159 4184 8328
4012 4198 8205
4019 4164 8161
4006 4087 8092
4151 4186 8329
4131 4164 8266
4044 4071 8109
4013 4169 8155
4027 4030 8031
4000 4114 8096
4011 4117 8115
4105 4192 8284
4085 4135 8216
4051 4135 8157
4171 4184 8341
4102 4166 8264
4016 4175 8188
4125 4178 8291
4064 4117 8168
4123 4181 8276
4169 4187 8340
4096 4115 8176
4070 4146 8203
4196 4199 8373
4069 4115 8165
4099 4183 8263
4149 4175 8288
4122 4148 8241
4107 4179 8284
4140 4141 8275
4031 4051 8081
4001 4140 8103
4108 4120 8191
4055 4173 8197
4172 4178 8342
4129 4139 8264
4026 4132 8150
4182 4193 8358
4173 4199 8334
4143 4192 8320
4079 4128 8197
4154 4180 8305
4063 4087 8132
4092 4177 8247
4111 4180 8252
4146 4197 8326
4146 4192 8308
4038 4145 8151
4151 4197 8342
4193 4196 8364
4066 4197 8233
4134 4150 8279
4055 4071 8120
4021 4129 8146
4053 4191 8231
4059 4087 8141
4013 4063 8054
4038 4046 8050
4109 4143 8246
4133 4140 8265
4027 4079 8098
4163 4190 8345
4040 4078 8099
4093 4161 8241
4147 4187 8325
4019 4054 8055
4101 4104 8190
4059 4099 8122
4113 4131 8219
4059 4161 8214
4145 4177 8320
4072 4084 8154
4105 4123 8204
4172 4178 8340
4154 4168 8316
4021 4173 8168
4138 4140 8272
4112 4167 8240
4147 4186 8313
4020 4073 8080
4179 4185 8353
4076 4103 8158
4128 4159 8255
4030 4162 8184
4172 4184 8342
4032 4058 8056
4003 4114 8101
4172 4187 8341
4064 4198 8245
4085 4123 8182
4128 4196 8302
4026 4060 8057
4072 4141 8202

0.010000 0.700000
