400
1809150
4216 4299 8515
4275 4298 8573
4151 4196 8347
4173 4276 8449
4274 4289 8563
4232 4236 8468
4214 4265 8479
4253 4293 8546
4111 4216 8327
4264 4293 8557
4286 4296 8582
4290 4298 8588
4119 4299 8418
4100 4230 8330
4172 4193 8365
4178 4291 8469
4154 4241 8395
4169 4256 8425
4207 4299 8506
4182 4225 8407
4263 4271 8534
4194 4196 8390
4298 4300 8598
4260 4287 8547
4159 4288 8447
4176 4216 8392
4297 4299 8596
4117 4130 8247
4228 4299 8527
4248 4295 8543
4136 4157 8293
4267 4274 8541
4276 4278 8554
4182 4257 8439
4210 4279 8489
4286 4288 8574
4194 4248 8442
4208 4226 8434
4129 4155 8284
4128 4184 8312
4144 4275 8419
4181 4278 8459
4162 4262 8424
4287 4291 8578
4142 4300 8442
4158 4253 8411
4171 4213 8384
4235 4279 8514
4102 4122 8224
4220 4254 8474
4152 4171 8323
4208 4216 8424
4211 4230 8441
4212 4217 8429
4258 4283 8541
4188 4191 8379
4111 4183 8294
4208 4278 8486
4105 4112 8217
4100 4150 8250
4293 4294 8587
4231 4243 8474
4163 4217 8380
4124 4179 8303
4151 4298 8449
4287 4300 8587
4190 4283 8473
4262 4279 8541
4120 4241 8361
4273 4290 8563
4155 4276 8431
4188 4257 8445
4261 4262 8523
4110 4156 8266
4252 4289 8541
4256 4277 8533
4192 4257 8449
4232 4298 8530
4160 4223 8383
4211 4234 8445
4141 4217 8358
4162 4194 8356
4188 4278 8466
4299 4300 8599
4137 4228 8365
4211 4216 8427
4228 4252 8480
4114 4250 8364
4111 4223 8334
4208 4287 8495
4139 4232 8371
4268 4272 8540
4142 4181 8323
4298 4299 8597
4272 4297 8569
4281 4295 8576
4168 4173 8341
4128 4288 8416
4185 4274 8459
4171 4228 8399
4244 4274 8518
4117 4201 8318
4148 4198 8346
4145 4182 8327
4238 4266 8504
4187 4245 8432
4108 4157 8265
4293 4298 8591
4206 4274 8480
4201 4236 8437
4186 4233 8419
4194 4253 8447
4198 4211 8409
4115 4119 8234
4100 4137 8237
4113 4269 8382
4240 4297 8537
4273 4283 8556
4162 4276 8438
4109 4239 8348
4280 4295 8575
4146 4279 8425
4287 4292 8579
4181 4228 8409
4174 4223 8397
4200 4211 8411
4157 4232 8389
4233 4286 8519
4152 4197 8349
4167 4226 8393
4100 4198 8298
4296 4300 8596
4237 4248 8485
4242 4284 8526
4189 4270 8459
4200 4229 8429
4212 4271 8483
4150 4152 8302
4154 4160 8314
4230 4250 8480
4175 4243 8418
4259 4263 8522
4288 4292 8580
4193 4294 8487
4131 4179 8310
4286 4294 8580
4177 4246 8423
4114 4131 8245
4201 4249 8450
4220 4234 8454
4299 4300 8599
4101 4148 8249
4274 4298 8572
4220 4272 8492
4245 4274 8519
4141 4194 8335
4270 4291 8561
4171 4220 8391
4235 4277 8512
4268 4287 8555
4262 4289 8551
4229 4245 8474
4112 4235 8347
4178 4216 8394
4188 4290 8478
4193 4277 8470
4180 4278 8458
4240 4282 8522
4119 4221 8340
4189 4286 8475
4190 4267 8457
4204 4288 8492
4204 4280 8484
4108 4129 8237
4268 4296 8564
4271 4279 8550
4297 4300 8597
4285 4298 8583
4249 4293 8542
4132 4277 8409
4148 4266 8414
4189 4250 8439
4207 4283 8490
4203 4294 8497
4212 4244 8456
4222 4273 8495
4117 4248 8365
4118 4203 8321
4126 4188 8314
4217 4266 8483
4219 4268 8487
4123 4205 8328
4155 4172 8327
4170 4185 8355
4235 4297 8532
4139 4211 8350
4232 4249 8481
4130 4298 8428
4282 4284 8566
4201 4213 8414
4231 4274 8505
4266 4284 8550
4224 4253 8477
4118 4211 8329
4244 4263 8507
4165 4247 8412
4277 4289 8566
4108 4114 8222
4186 4230 8416
4110 4130 8240
4221 4258 8479
4137 4203 8340
4160 4266 8426
4291 4300 8591
4142 4178 8320
4246 4261 8507
4111 4158 8269
4106 4216 8322
4247 4255 8502
4119 4193 8312
4117 4218 8335
4195 4274 8469
4171 4283 8454
4157 4158 8315
4119 4241 8360
4101 4179 8280
4199 4274 8473
4130 4222 8352
4258 4295 8553
4220 4249 8469
4216 4221 8437
4212 4258 8470
4179 4183 8362
4259 4277 8536
4137 4186 8323
4181 4271 8452
4232 4291 8523
4286 4287 8573
4195 4270 8465
4273 4281 8554
4254 4274 8528
4258 4286 8544
4206 4251 8457
4200 4227 8427
4197 4292 8489
4256 4266 8522
4216 4263 8479
4150 4192 8342
4290 4299 8589
4287 4288 8575
4220 4257 8477
4121 4278 8399
4172 4215 8387
4168 4233 8401
4253 4295 8548
4114 4224 8338
4177 4293 8470
4136 4216 8352
4266 4276 8542
4239 4299 8538
4265 4287 8552
4281 4284 8565
4157 4253 8410
4215 4251 8466
4299 4300 8599
4185 4187 8372
4215 4279 8494
4271 4299 8570
4287 4296 8583
4278 4298 8576
4158 4245 8403
4252 4291 8543
4189 4284 8473
4153 4180 8333
4123 4133 8256
4162 4212 8374
4268 4279 8547
4282 4298 8580
4269 4289 8558
4251 4276 8527
4165 4280 8445
4140 4198 8338
4226 4263 8489
4235 4273 8508
4234 4286 8520
4282 4294 8576
4143 4284 8427
4259 4267 8526
4249 4253 8502
4209 4241 8450
4110 4152 8262
4163 4233 8396
4206 4267 8473
4167 4191 8358
4136 4148 8284
4245 4254 8499
4256 4262 8518
4115 4297 8412
4156 4171 8327
4270 4291 8561
4242 4244 8486
4159 4220 8379
4158 4202 8360
4256 4259 8515
4110 4239 8349
4178 4200 8378
4195 4233 8428
4102 4188 8290
4133 4213 8346
4186 4211 8397
4229 4291 8520
4110 4238 8348
4186 4238 8424
4138 4275 8413
4298 4299 8597
4213 4233 8446
4160 4214 8374
4223 4251 8474
4115 4262 8377
4143 4276 8419
4288 4300 8588
4121 4198 8319
4178 4185 8363
4261 4267 8528
4144 4162 8306
4119 4253 8372
4179 4291 8470
4283 4291 8574
4250 4292 8542
4187 4272 8459
4126 4231 8357
4162 4283 8445
4113 4138 8251
4119 4282 8401
4148 4188 8336
4210 4287 8497
4169 4215 8384
4215 4243 8458
4160 4193 8353
4132 4181 8313
4199 4299 8498
4128 4237 8365
4280 4297 8577
4270 4291 8561
4167 4217 8384
4113 4297 8410
4245 4290 8535
4271 4288 8559
4189 4238 8427
4161 4298 8459
4296 4298 8594
4134 4215 8349
4278 4280 8558
4200 4248 8448
4190 4211 8401
4133 4141 8274
4264 4293 8557
4217 4223 8440
4133 4210 8343
4171 4227 8398
4144 4153 8297
4295 4297 8592
4239 4259 8498
4233 4276 8509
4131 4238 8369
4199 4249 8448
4166 4275 8441
4260 4289 8549
4119 4153 8272
4270 4294 8564
4257 4289 8546
4236 4293 8529
4187 4191 8378
4212 4295 8507
4135 4205 8340
4132 4296 8428
4220 4288 8508
4160 4268 8428
4210 4287 8497
4234 4239 8473
4114 4138 8252
4270 4286 8556
4141 4176 8317
4192 4221 8413
4139 4233 8372
4165 4204 8369
4273 4277 8550
4116 4291 8407
4230 4232 8462
4189 4288 8477
4101 4234 8335
4132 4248 8380
4234 4277 8511
4200 4236 8436
4277 4294 8571
4141 4195 8336
4145 4246 8391
4215 4268 8483
4213 4240 8453
4109 4192 8301

4116 4199 8277
4175 4198 8367
4051 4096 8119
4073 4176 8229
4174 4189 8350
4132 4136 8259
4114 4165 8244
4153 4193 8329
4011 4116 8107
4164 4193 8343
4186 4196 8374
4190 4198 8382
4019 4199 8215
4000 4130 8098
4072 4093 8157
4078 4191 8258
4054 4141 8162
4069 4156 8189
4107 4199 8273
4082 4125 8172
4163 4171 8308
4094 4096 8161
4198 4200 8363
4160 4187 8318
4059 4188 8222
4076 4116 8176
4197 4199 8391
4017 4030 8025
4128 4199 8320
4148 4195 8337
4036 4057 8086
4167 4174 8324
4176 4178 8340
4082 4157 8205
4110 4179 8264
4186 4188 8341
4094 4148 8224
4108 4126 8224
4029 4055 8069
4028 4084 8087
4044 4175 8182
4081 4178 8242
4062 4162 8201
4187 4191 8347
4042 4200 8223
4058 4153 8190
4071 4113 8147
4135 4179 8277
4002 4022 8012
4120 4154 8267
4052 4071 8094
4108 4116 8217
4111 4130 8220
4112 4117 8195
4158 4183 8331
4088 4091 8168
4011 4083 8070
4108 4178 8253
4005 4012 8004
4000 4050 8027
4193 4194 8363
4131 4143 8239
4063 4117 8151
4024 4079 8071
4051 4198 8214
4187 4200 8365
4090 4183 8253
4162 4179 8336
4020 4141 8158
4173 4190 8333
4055 4176 8202
4088 4157 8228
4161 4162 8300
4010 4056 8051
4152 4189 8307
4156 4177 8318
4092 4157 8212
4132 4198 8317
4060 4123 8168
4111 4134 8243
4041 4117 8134
4062 4094 8144
4088 4178 8248
4199 4200 8386
4037 4128 8131
4111 4116 8200
4128 4152 8278
4014 4150 8141
4011 4123 8105
4108 4187 8275
4039 4132 8139
4168 4172 8333
4042 4081 8122
4198 4199 8368
4172 4197 8346
4181 4195 8355
4068 4073 8113
4028 4188 8195
4085 4174 8257
4071 4128 8190
4144 4174 8281
4017 4101 8111
4048 4098 8109
4045 4082 8107
4138 4166 8294
4087 4145 8210
4008 4057 8028
4193 4198 8380
4106 4174 8268
4101 4136 8202
4086 4133 8182
4094 4153 8246
4098 4111 8198
4015 4019 8009
4000 4037 8015
4013 4169 8157
4140 4197 8298
4173 4183 8325
4062 4176 8219
4009 4139 8120
4180 4195 8356
4046 4179 8210
4187 4192 8372
4081 4128 8204
4074 4123 8189
4100 4111 8175
4057 4132 8187
4133 4186 8283
4052 4097 8148
4067 4126 8157
4000 4098 8067
4196 4200 8391
4137 4148 8282
4142 4184 8299
4089 4170 8230
4100 4129 8216
4112 4171 8248
4050 4052 8089
4054 4060 8081
4130 4150 8264
4075 4143 8217
4159 4163 8321
4188 4192 8343
4093 4194 8277
4031 4079 8095
4186 4194 8364
4077 4146 8216
4014 4031 8025
4101 4149 8221
4120 4134 8246
4199 4200 8396
4001 4048 8035
4174 4198 8365
4120 4172 8255
4145 4174 8315
4041 4094 8113
4170 4191 8324
4071 4120 8170
4135 4177 8277
4168 4187 8322
4162 4189 8343
4129 4145 8251
4012 4135 8124
4078 4116 8160
4088 4190 8253
4093 4177 8233
4080 4178 8246
4140 4182 8287
4019 4121 8131
4089 4186 8247
4090 4167 8219
4104 4188 8254
4104 4180 8281
4008 4029 8025
4168 4196 8346
4171 4179 8329
4197 4200 8358
4185 4198 8369
4149 4193 8313
4032 4177 8172
4048 4166 8194
4089 4150 8215
4107 4183 8273
4103 4194 8267
4112 4144 8253
4122 4173 8288
4017 4148 8158
4018 4103 8104
4026 4088 8110
4117 4166 8280
4119 4168 8276
4023 4105 8127
4055 4072 8104
4070 4085 8142
4135 4197 8295
4039 4111 8134
4132 4149 8277
4030 4198 8201
4182 4184 8343
4101 4113 8189
4131 4174 8285
4166 4184 8323
4124 4153 8249
4018 4111 8096
4144 4163 8277
4065 4147 8185
4177 4189 8337
4008 4014 7994
4086 4130 8194
4010 4030 8016
4121 4158 8260
4037 4103 8106
4060 4166 8205
4191 4200 8353
4042 4078 8091
4146 4161 8280
4011 4058 8058
4006 4116 8101
4147 4155 8299
4019 4093 8081
4017 4118 8118
4095 4174 8253
4071 4183 8235
4057 4058 8107
4019 4141 8144
4001 4079 8052
4099 4174 8265
4030 4122 8117
4158 4195 8315
4120 4149 8245
4116 4121 8199
4112 4158 8262
4079 4083 8146
4159 4177 8301
4037 4086 8108
4081 4171 8224
4132 4191 8297
4186 4187 8372
4095 4170 8243
4173 4181 8329
4154 4174 8307
4158 4186 8334
4106 4151 8233
4100 4127 8215
4097 4192 8255
4156 4166 8299
4116 4163 8245
4050 4092 8129
4190 4199 8378
4187 4188 8366
4120 4157 8251
4021 4178 8163
4072 4115 8180
4068 4133 8187
4153 4195 8331
4014 4124 8112
4077 4193 8256
4036 4116 8147
4166 4176 8339
4139 4199 8329
4165 4187 8340
4181 4184 8332
4057 4153 8177
4115 4151 8237
4199 4200 8387
4085 4087 8151
4115 4179 8257
4171 4199 8351
4187 4196 8355
4178 4198 8358
4058 4145 8177
4152 4191 8313
4089 4184 8244
4053 4080 8129
4023 4033 8046
4062 4112 8172
4168 4179 8338
4182 4198 8378
4169 4189 8325
4151 4176 8293
4065 4180 8210
4040 4098 8136
4126 4163 8271
4135 4173 8281
4134 4186 8302
4182 4194 8351
4043 4184 8211
4159 4167 8304
4149 4153 8273
4109 4141 8224
4010 4052 8059
4063 4133 8176
4106 4167 8269
4067 4091 8138
4036 4048 8077
4145 4154 8261
4156 4162 8287
4015 4197 8211
4056 4071 8115
4170 4191 8330
4142 4144 8259
4059 4120 8176
4058 4102 8144
4156 4159 8302
4010 4139 8111
4078 4100 8143
4095 4133 8207
4002 4088 8058
4033 4113 8136
4086 4111 8173
4129 4191 8309
4010 4138 8136
4086 4138 8217
4038 4175 8195
4198 4199 8368
4113 4133 8235
4060 4114 8165
4123 4151 8265
4015 4162 8151
4043 4176 8209
4188 4200 8376
4021 4098 8083
4078 4085 8157
4161 4167 8320
4044 4062 8074
4019 4153 8156
4079 4191 8252
4183 4191 8366
4150 4192 8329
4087 4172 8248
4026 4131 8120
4062 4183 8239
4013 4038 8019
4019 4182 8192
4048 4088 8130
4110 4187 8274
4069 4115 8171
4115 4143 8226
4060 4093 8124
4032 4081 8091
4099 4199 8273
4028 4137 8151
4180 4197 8348
4170 4191 8354
4067 4117 8172
4013 4197 8173
4145 4190 8314
4171 4188 8326
4089 4138 8192
4061 4198 8229
4196 4198 8358
4034 4115 8125
4178 4180 8333
4100 4148 8215
4090 4111 8166
4033 4041 8073
4164 4193 8344
4117 4123 8210
4033 4110 8139
4071 4127 8186
4044 4053 8085
4195 4197 8375
4139 4159 8293
4133 4176 8280
4031 4138 8138
4099 4149 8214
4066 4175 8214
4160 4189 8324
4019 4053 8058
4170 4194 8334
4157 4189 8342
4136 4193 8326
4087 4091 8149
4112 4195 8300
4035 4105 8136
4032 4196 8190
4120 4188 8297
4060 4168 8221
4110 4187 8277
4134 4139 8255
4014 4038 8034
4170 4186 8350
4041 4076 8083
4092 4121 8193
4039 4133 8141
4065 4104 8158
4173 4177 8330
4016 4191 8195
4130 4132 8261
4089 4188 8265
4001 4134 8105
4032 4148 8165
4134 4177 8286
4100 4136 8231
4177 4194 8361
4041 4095 8104
4045 4146 8176
4115 4168 8279
4113 4140 8216
4009 4092 8092

0.010000 0.550000
