400
1975213
4191 4239 8430
4154 4159 8313
4123 4188 8311
4168 4214 8382
4265 4293 8558
4286 4288 8574
4255 4259 8514
4216 4237 8453
4191 4241 8432
4106 4125 8231
4288 4292 8580
4223 4248 8471
4133 4232 8365
4171 4244 8415
4106 4172 8278
4282 4292 8574
4271 4274 8545
4230 4243 8473
4219 4266 8485
4148 4202 8350
4193 4285 8478
4216 4248 8464
4259 4297 8556
4224 4235 8459
4136 4253 8389
4147 4290 8437
4178 4253 8431
4294 4295 8589
4241 4297 8538
4197 4259 8456
4176 4225 8401
4202 4287 8489
4113 4219 8332
4250 4259 8509
4226 4283 8509
4112 4117 8229
4293 4296 8589
4276 4286 8562
4200 4241 8441
4100 4285 8385
4140 4231 8371
4144 4235 8379
4127 4262 8389
4192 4275 8467
4209 4262 8471
4140 4288 8428
4164 4247 8411
4254 4269 8523
4237 4255 8492
4224 4230 8454
4150 4183 8333
4273 4276 8549
4133 4173 8306
4130 4288 8418
4176 4204 8380
4286 4299 8585
4232 4261 8493
4102 4254 8356
4101 4246 8347
4200 4219 8419
4236 4241 8477
4196 4266 8462
4293 4296 8589
4252 4269 8521
4146 4164 8310
4179 4237 8416
4239 4259 8498
4105 4161 8266
4151 4250 8401
4150 4195 8345
4232 4290 8522
4139 4267 8406
4244 4245 8489
4230 4300 8530
4179 4240 8419
4145 4155 8300
4273 4295 8568
4256 4290 8546
4202 4214 8416
4101 4200 8301
4158 4227 8385
4239 4292 8531
4124 4194 8318
4243 4249 8492
4154 4286 8440
4196 4276 8472
4271 4277 8548
4149 4241 8390
4247 4275 8522
4100 4224 8324
4225 4245 8470
4222 4246 8468
4126 4196 8322
4226 4227 8453
4194 4226 8420
4149 4153 8302
4288 4296 8584
4150 4182 8332
4116 4197 8313
4163 4256 8419
4189 4298 8487
4102 4241 8343
4261 4271 8532
4231 4258 8489
4288 4296 8584
4131 4273 8404
4220 4262 8482
4273 4283 8556
4227 4233 8460
4287 4290 8577
4163 4251 8414
4182 4263 8445
4239 4290 8529
4204 4276 8480
4117 4238 8355
4235 4278 8513
4119 4206 8325
4103 4298 8401
4129 4210 8339
4244 4290 8534
4126 4282 8408
4246 4264 8510
4173 4276 8449
4191 4261 8452
4110 4227 8337
4271 4299 8570
4174 4185 8359
4204 4233 8437
4155 4201 8356
4251 4260 8511
4159 4242 8401
4286 4292 8578
4288 4290 8578
4251 4266 8517
4209 4242 8451
4112 4285 8397
4272 4293 8565
4257 4281 8538
4218 4267 8485
4121 4146 8267
4175 4260 8435
4296 4300 8596
4297 4299 8596
4129 4298 8427
4274 4295 8569
4231 4259 8490
4233 4270 8503
4144 4166 8310
4261 4272 8533
4267 4268 8535
4204 4282 8486
4276 4277 8553
4125 4227 8352
4189 4194 8383
4291 4297 8588
4163 4273 8436
4293 4298 8591
4275 4298 8573
4275 4299 8574
4233 4278 8511
4148 4262 8410
4282 4294 8576
4202 4273 8475
4163 4279 8442
4295 4298 8593
4140 4267 8407
4266 4281 8547
4284 4297 8581
4275 4287 8562
4198 4295 8493
4230 4261 8491
4184 4230 8414
4182 4240 8422
4108 4197 8305
4131 4203 8334
4142 4197 8339
4135 4230 8365
4240 4247 8487
4233 4272 8505
4283 4288 8571
4243 4248 8491
4200 4290 8490
4194 4264 8458
4148 4175 8323
4115 4202 8317
4191 4219 8410
4282 4293 8575
4210 4255 8465
4274 4297 8571
4142 4175 8317
4272 4295 8567
4189 4229 8418
4147 4214 8361
4251 4277 8528
4100 4231 8331
4137 4195 8332
4290 4291 8581
4114 4274 8388
4170 4296 8466
4157 4174 8331
4130 4162 8292
4219 4265 8484
4270 4300 8570
4246 4271 8517
4152 4184 8336
4211 4263 8474
4193 4268 8461
4126 4279 8405
4110 4232 8342
4263 4296 8559
4131 4223 8354
4186 4234 8420
4194 4210 8404
4173 4242 8415
4169 4277 8446
4204 4288 8492
4184 4283 8467
4124 4149 8273
4106 4215 8321
4293 4299 8592
4254 4255 8509
4239 4282 8521
4117 4156 8273
4126 4239 8365
4247 4283 8530
4246 4267 8513
4165 4169 8334
4201 4283 8484
4187 4283 8470
4109 4273 8382
4128 4176 8304
4139 4253 8392
4148 4227 8375
4199 4277 8476
4179 4242 8421
4211 4226 8437
4148 4203 8351
4117 4177 8294
4291 4294 8585
4288 4300 8588
4270 4274 8544
4211 4251 8462
4168 4219 8387
4143 4192 8335
4210 4221 8431
4220 4241 8461
4243 4298 8541
4188 4224 8412
4173 4230 8403
4174 4202 8376
4146 4149 8295
4227 4281 8508
4265 4270 8535
4296 4297 8593
4202 4223 8425
4103 4279 8382
4161 4298 8459
4266 4283 8549
4133 4176 8309
4202 4209 8411
4160 4196 8356
4189 4256 8445
4219 4264 8483
4244 4278 8522
4226 4265 8491
4164 4243 8407
4254 4265 8519
4136 4277 8413
4203 4257 8460
4202 4293 8495
4105 4207 8312
4237 4250 8487
4135 4136 8271
4205 4235 8440
4145 4224 8369
4194 4245 8439
4250 4284 8534
4203 4228 8431
4199 4221 8420
4149 4184 8333
4266 4275 8541
4267 4296 8563
4180 4273 8453
4277 4292 8569
4202 4294 8496
4167 4196 8363
4295 4297 8592
4149 4236 8385
4216 4244 8460
4224 4283 8507
4164 4210 8374
4140 4158 8298
4121 4134 8255
4145 4177 8322
4101 4180 8281
4122 4194 8316
4107 4149 8256
4112 4252 8364
4245 4286 8531
4196 4270 8466
4212 4258 8470
4105 4129 8234
4219 4239 8458
4219 4294 8513
4274 4294 8568
4213 4250 8463
4148 4194 8342
4266 4283 8549
4107 4266 8373
4179 4268 8447
4197 4244 8441
4238 4270 8508
4230 4298 8528
4213 4234 8447
4239 4241 8480
4162 4281 8443
4297 4300 8597
4173 4280 8453
4204 4265 8469
4162 4272 8434
4157 4236 8393
4208 4288 8496
4274 4278 8552
4103 4159 8262
4111 4235 8346
4235 4297 8532
4205 4225 8430
4292 4296 8588
4216 4292 8508
4124 4125 8249
4234 4236 8470
4256 4297 8553
4240 4254 8494
4156 4218 8374
4297 4300 8597
4252 4260 8512
4271 4274 8545
4147 4199 8346
4259 4275 8534
4271 4290 8561
4172 4278 8450
4100 4282 8382
4237 4292 8529
4143 4273 8416
4186 4250 8436
4130 4231 8361
4180 4267 8447
4122 4180 8302
4279 4288 8567
4257 4283 8540
4241 4249 8490
4109 4141 8250
4175 4194 8369
4186 4190 8376
4207 4225 8432
4164 4225 8389
4105 4200 8305
4105 4256 8361
4299 4300 8599
4211 4273 8484
4265 4275 8540
4192 4218 8410
4220 4293 8513
4163 4278 8441
4214 4240 8454
4249 4262 8511
4171 4273 8444
4288 4295 8583
4293 4294 8587
4295 4299 8594
4213 4243 8456
4209 4239 8448
4238 4276 8514
4245 4249 8494
4295 4296 8591
4289 4299 8588
4197 4232 8429
4147 4209 8356
4249 4299 8548
4149 4233 8382
4276 4285 8561
4229 4290 8519
4262 4291 8553
4295 4300 8595
4111 4253 8364
4269 4286 8555
4227 4249 8476
4218 4253 8471
4145 4265 8410
4100 4258 8358
4263 4294 8557
4206 4233 8439
4109 4176 8285
4116 4224 8340
4194 4280 8474
4253 4281 8534
4263 4296 8559
4273 4296 8569
4153 4232 8385
4149 4281 8430

4091 4139 8229
4054 4059 8105
4023 4088 8090
4068 4114 8153
4165 4193 8345
4186 4188 8370
4155 4159 8287
4116 4137 8234
4091 4141 8216
4006 4025 8007
4188 4192 8352
4123 4148 8234
4033 4132 8154
4071 4144 8192
4006 4072 8074
4182 4192 8338
4171 4174 8326
4130 4143 8258
4119 4166 8264
4048 4102 8122
4093 4185 8273
4116 4148 8252
4159 4197 8345
4124 4135 8232
4036 4153 8160
4047 4190 8199
4078 4153 8218
4194 4195 8352
4141 4197 8333
4097 4159 8251
4076 4125 8185
4102 4187 8258
4013 4119 8127
4150 4159 8277
4126 4183 8271
4012 4017 8017
4193 4196 8371
4176 4186 8338
4100 4141 8234
4000 4185 8177
4040 4131 8153
4044 4135 8173
4027 4162 8182
4092 4175 8256
4109 4162 8256
4040 4188 8201
4064 4147 8204
4154 4169 8300
4137 4155 8274
4124 4130 8232
4050 4083 8106
4173 4176 8330
4033 4073 8075
4030 4188 8188
4076 4104 8151
4186 4199 8372
4132 4161 8286
4002 4154 8131
4001 4146 8118
4100 4119 8184
4136 4141 8276
4096 4166 8235
4193 4196 8372
4152 4169 8291
4046 4064 8099
4079 4137 8204
4139 4159 8280
4005 4061 8028
4051 4150 8168
4050 4095 8130
4132 4190 8297
4039 4167 8187
4144 4145 8251
4130 4200 8305
4079 4140 8191
4045 4055 8078
4173 4195 8362
4156 4190 8317
4102 4114 8191
4001 4100 8088
4058 4127 8178
4139 4192 8303
4024 4094 8113
4143 4149 8280
4054 4186 8211
4096 4176 8238
4171 4177 8329
4049 4141 8172
4147 4175 8311
4000 4124 8121
4125 4145 8264
4122 4146 8258
4026 4096 8119
4126 4127 8221
4094 4126 8207
4049 4053 8096
4188 4196 8356
4050 4082 8104
4016 4097 8084
4063 4156 8194
4089 4198 8263
4002 4141 8134
4161 4171 8307
4131 4158 8257
4188 4196 8348
4031 4173 8182
4120 4162 8260
4173 4183 8336
4127 4133 8225
4187 4190 8346
4063 4151 8205
4082 4163 8241
4139 4190 8294
4104 4176 8241
4017 4138 8123
4135 4178 8294
4019 4106 8113
4003 4198 8185
4029 4110 8123
4144 4190 8299
4026 4182 8204
4146 4164 8296
4073 4176 8238
4091 4161 8241
4010 4127 8130
4171 4199 8357
4074 4085 8123
4104 4133 8228
4055 4101 8138
4151 4160 8305
4059 4142 8184
4186 4192 8350
4188 4190 8343
4151 4166 8304
4109 4142 8246
4012 4185 8187
4172 4193 8360
4157 4181 8320
4118 4167 8267
4021 4046 8037
4075 4160 8233
4196 4200 8388
4197 4199 8374
4029 4198 8214
4174 4195 8351
4131 4159 8264
4133 4170 8266
4044 4066 8098
4161 4172 8328
4167 4168 8296
4104 4182 8268
4176 4177 8348
4025 4127 8127
4089 4094 8173
4191 4197 8377
4063 4173 8206
4193 4198 8384
4175 4198 8338
4175 4199 8350
4133 4178 8282
4048 4162 8206
4182 4194 8360
4102 4173 8268
4063 4179 8211
4195 4198 8382
4040 4167 8178
4166 4181 8313
4184 4197 8343
4175 4187 8353
4098 4195 8272
4130 4161 8266
4084 4130 8187
4082 4140 8185
4008 4097 8097
4031 4103 8103
4042 4097 8117
4035 4130 8150
4140 4147 8268
4133 4172 8286
4183 4188 8361
4143 4148 8259
4100 4190 8276
4094 4164 8226
4048 4075 8116
4015 4102 8088
4091 4119 8181
4182 4193 8363
4110 4155 8253
4174 4197 8343
4042 4075 8079
4172 4195 8366
4089 4129 8202
4047 4114 8137
4151 4177 8306
4000 4131 8101
4037 4095 8125
4190 4191 8348
4014 4174 8157
4070 4196 8234
4057 4074 8105
4030 4062 8065
4119 4165 8261
4170 4200 8357
4146 4171 8279
4052 4084 8098
4111 4163 8254
4093 4168 8236
4026 4179 8170
4010 4132 8134
4163 4196 8324
4031 4123 8137
4086 4134 8196
4094 4110 8181
4073 4142 8211
4069 4177 8212
4104 4188 8270
4084 4183 8243
4024 4049 8067
4006 4115 8100
4193 4199 8383
4154 4155 8300
4139 4182 8285
4017 4056 8065
4026 4139 8149
4147 4183 8325
4146 4167 8293
4065 4069 8103
4101 4183 8248
4087 4183 8264
4009 4173 8166
4028 4076 8080
4039 4153 8185
4048 4127 8137
4099 4177 8275
4079 4142 8212
4111 4126 8214
4048 4103 8142
4017 4077 8066
4191 4194 8366
4188 4200 8351
4170 4174 8309
4111 4151 8239
4068 4119 8157
4043 4092 8118
4110 4121 8223
4120 4141 8241
4143 4198 8325
4088 4124 8202
4073 4130 8188
4074 4102 8162
4046 4049 8091
4127 4181 8298
4165 4170 8328
4196 4197 8385
4102 4123 8214
4003 4179 8146
4061 4198 8238
4166 4183 8346
4033 4076 8074
4102 4109 8201
4060 4096 8127
4089 4156 8243
4119 4164 8254
4144 4178 8317
4126 4165 8268
4064 4143 8194
4154 4165 8300
4036 4177 8186
4103 4157 8239
4102 4193 8270
4005 4107 8095
4137 4150 8252
4035 4036 8043
4105 4135 8223
4045 4124 8168
4094 4145 8238
4150 4184 8329
4103 4128 8210
4099 4121 8191
4049 4084 8108
4166 4175 8336
4167 4196 8348
4080 4173 8234
4177 4192 8354
4102 4194 8274
4067 4096 8134
4195 4197 8387
4049 4136 8149
4116 4144 8252
4124 4183 8277
4064 4110 8145
4040 4058 8094
4021 4034 8049
4045 4077 8092
4001 4080 8047
4022 4094 8090
4007 4049 8038
4012 4152 8137
4145 4186 8294
4096 4170 8237
4112 4158 8255
4005 4029 8014
4119 4139 8240
4119 4194 8301
4174 4194 8351
4113 4150 8250
4048 4094 8140
4166 4183 8339
4007 4166 8172
4079 4168 8237
4097 4144 8220
4138 4170 8304
4130 4198 8316
4113 4134 8210
4139 4141 8246
4062 4181 8239
4197 4200 8370
4073 4180 8242
4104 4165 8237
4062 4172 8219
4057 4136 8157
4108 4188 8270
4174 4178 8331
4003 4059 8025
4011 4135 8143
4135 4197 8320
4105 4125 8194
4192 4196 8356
4116 4192 8293
4024 4025 8026
4134 4136 8233
4156 4197 8329
4140 4154 8287
4056 4118 8172
4197 4200 8389
4152 4160 8288
4171 4174 8318
4047 4099 8119
4159 4175 8302
4171 4190 8344
4072 4178 8219
4000 4182 8178
4137 4192 8327
4043 4173 8189
4086 4150 8233
4030 4131 8159
4080 4167 8244
4022 4080 8066
4179 4188 8355
4157 4183 8321
4141 4149 8253
4009 4041 8042
4075 4094 8167
4086 4090 8160
4107 4125 8219
4064 4125 8177
4005 4100 8102
4005 4156 8151
4199 4200 8374
4111 4173 8262
4165 4175 8325
4092 4118 8200
4120 4193 8281
4063 4178 8233
4114 4140 8239
4149 4162 8283
4071 4173 8243
4188 4195 8353
4193 4194 8358
4195 4199 8366
4113 4143 8224
4109 4139 8224
4138 4176 8306
4145 4149 8271
4195 4196 8373
4189 4199 8374
4097 4132 8211
4047 4109 8127
4149 4199 8329
4049 4133 8147
4176 4185 8337
4129 4190 8288
4162 4191 8341
4195 4200 8393
4011 4153 8139
4169 4186 8352
4127 4149 8267
4118 4153 8239
4045 4165 8182
4000 4158 8140
4163 4194 8348
4106 4133 8230
4009 4076 8056
4016 4124 8125
4094 4180 8245
4153 4181 8316
4163 4196 8358
4173 4196 8361
4053 4132 8165
4049 4181 8194

0.010000 0.600000
