500
1850583
4262 4269 8531
4157 4283 8440
4297 4298 8595
4169 4246 8415
4241 4289 8530
4195 4273 8468
4271 4294 8565
4147 4212 8359
4238 4263 8501
4193 4253 8446
4257 4289 8546
4198 4296 8494
4107 4142 8249
4134 4283 8417
4137 4300 8437
4249 4295 8544
4206 4235 8441
4214 4286 8500
4253 4257 8510
4196 4237 8433
4269 4271 8540
4197 4238 8435
4129 4262 8391
4155 4219 8374
4115 4207 8322
4266 4272 8538
4183 4225 8408
4137 4158 8295
4131 4258 8389
4233 4255 8488
4125 4171 8296
4296 4297 8593
4129 4277 8406
4265 4278 8543
4255 4283 8538
4150 4232 8382
4126 4233 8359
4201 4281 8482
4246 4282 8528
4162 4282 8444
4276 4292 8568
4245 4293 8538
4232 4298 8530
4294 4297 8591
4123 4273 8396
4261 4265 8526
4201 4212 8413
4215 4239 8454
4170 4205 8375
4288 4294 8582
4210 4227 8437
4116 4160 8276
4233 4267 8500
4133 4246 8379
4176 4196 8372
4164 4259 8423
4253 4254 8507
4275 4293 8568
4120 4215 8335
4148 4201 8349
4212 4288 8500
4209 4271 8480
4272 4281 8553
4103 4285 8388
4244 4281 8525
4240 4285 8525
4225 4261 8486
4175 4261 8436
4231 4281 8512
4241 4248 8489
4243 4295 8538
4243 4273 8516
4168 4258 8426
4241 4276 8517
4152 4157 8309
4137 4180 8317
4227 4296 8523
4140 4177 8317
4205 4291 8496
4143 4241 8384
4233 4273 8506
4273 4277 8550
4118 4145 8263
4124 4155 8279
4275 4289 8564
4162 4232 8394
4257 4258 8515
4197 4244 8441
4185 4277 8462
4232 4277 8509
4213 4215 8428
4261 4289 8550
4122 4257 8379
4261 4283 8544
4283 4292 8575
4164 4299 8463
4206 4219 8425
4194 4226 8420
4149 4256 8405
4164 4186 8350
4289 4296 8585
4130 4270 8400
4269 4283 8552
4112 4131 8243
4298 4299 8597
4222 4251 8473
4113 4216 8329
4150 4206 8356
4228 4248 8476
4123 4297 8420
4261 4272 8533
4295 4297 8592
4204 4220 8424
4145 4212 8357
4200 4245 8445
4157 4234 8391
4115 4296 8411
4277 4278 8555
4299 4300 8599
4268 4293 8561
4286 4296 8582
4162 4236 8398
4287 4288 8575
4172 4265 8437
4172 4245 8417
4196 4200 8396
4246 4283 8529
4254 4294 8548
4167 4243 8410
4270 4284 8554
4100 4206 8306
4141 4238 8379
4206 4222 8428
4236 4281 8517
4110 4182 8292
4143 4201 8344
4200 4269 8469
4227 4293 8520
4106 4176 8282
4165 4170 8335
4101 4138 8239
4240 4299 8539
4161 4228 8389
4160 4169 8329
4145 4199 8344
4215 4241 8456
4242 4290 8532
4261 4279 8540
4210 4269 8479
4118 4252 8370
4144 4229 8373
4250 4295 8545
4252 4282 8534
4185 4282 8467
4134 4286 8420
4249 4293 8542
4170 4218 8388
4239 4271 8510
4256 4276 8532
4204 4281 8485
4231 4236 8467
4276 4288 8564
4109 4191 8300
4107 4297 8404
4292 4297 8589
4273 4291 8564
4228 4283 8511
4274 4292 8566
4132 4195 8327
4129 4164 8293
4116 4249 8365
4254 4291 8545
4294 4298 8592
4174 4192 8366
4240 4260 8500
4250 4291 8541
4138 4217 8355
4292 4300 8592
4258 4283 8541
4221 4230 8451
4255 4279 8534
4172 4290 8462
4174 4292 8466
4207 4269 8476
4268 4293 8561
4156 4296 8452
4201 4228 8429
4100 4151 8251
4236 4254 8490
4261 4289 8550
4291 4297 8588
4240 4269 8509
4127 4186 8313
4189 4202 8391
4106 4194 8300
4268 4293 8561
4126 4132 8258
4271 4280 8551
4128 4224 8352
4160 4280 8440
4238 4258 8496
4232 4268 8500
4191 4220 8411
4161 4234 8395
4160 4177 8337
4187 4240 8427
4116 4276 8392
4166 4225 8391
4119 4287 8406
4183 4234 8417
4289 4300 8589
4134 4153 8287
4147 4196 8343
4248 4278 8526
4222 4231 8453
4260 4263 8523
4101 4251 8352
4164 4248 8412
4234 4285 8519
4109 4284 8393
4219 4287 8506
4183 4261 8444
4269 4288 8557
4241 4284 8525
4230 4271 8501
4217 4297 8514
4145 4188 8333
4137 4176 8313
4289 4294 8583
4142 4147 8289
4298 4300 8598
4121 4190 8311
4212 4262 8474
4271 4294 8565
4107 4238 8345
4143 4189 8332
4282 4290 8572
4191 4264 8455
4211 4231 8442
4234 4277 8511
4142 4272 8414
4297 4299 8596
4239 4258 8497
4230 4239 8469
4285 4298 8583
4129 4295 8424
4296 4298 8594
4119 4175 8294
4175 4287 8462
4192 4238 8430
4207 4231 8438
4133 4254 8387
4110 4265 8375
4108 4214 8322
4255 4270 8525
4279 4280 8559
4140 4202 8342
4199 4221 8420
4211 4268 8479
4171 4236 8407
4167 4298 8465
4183 4232 8415
4202 4212 8414
4293 4296 8589
4136 4212 8348
4183 4213 8396
4168 4215 8383
4190 4255 8445
4252 4287 8539
4116 4152 8268
4198 4290 8488
4239 4285 8524
4249 4284 8533
4106 4133 8239
4107 4290 8397
4255 4296 8551
4173 4229 8402
4120 4173 8293
4211 4273 8484
4185 4188 8373
4299 4300 8599
4193 4267 8460
4185 4236 8421
4202 4279 8481
4198 4229 8427
4157 4282 8439
4161 4253 8414
4250 4268 8518
4274 4288 8562
4208 4238 8446
4184 4283 8467
4128 4178 8306
4215 4277 8492
4202 4295 8497
4279 4282 8561
4276 4287 8563
4281 4295 8576
4167 4230 8397
4269 4288 8557
4271 4290 8561
4230 4261 8491
4103 4268 8371
4124 4146 8270
4286 4296 8582
4136 4229 8365
4113 4233 8346
4150 4293 8443
4287 4300 8587
4251 4253 8504
4204 4240 8444
4137 4212 8349
4187 4210 8397
4167 4230 8397
4151 4196 8347
4200 4211 8411
4221 4277 8498
4113 4186 8299
4129 4266 8395
4139 4291 8430
4138 4297 8435
4271 4296 8567
4179 4219 8398
4104 4253 8357
4114 4222 8336
4290 4295 8585
4126 4174 8300
4219 4263 8482
4190 4205 8395
4200 4284 8484
4192 4195 8387
4275 4290 8565
4163 4226 8389
4145 4291 8436
4147 4234 8381
4151 4259 8410
4142 4297 8439
4281 4298 8579
4191 4193 8384
4193 4249 8442
4152 4173 8325
4128 4227 8355
4118 4148 8266
4112 4185 8297
4172 4181 8353
4230 4283 8513
4281 4295 8576
4107 4208 8315
4103 4300 8403
4185 4274 8459
4210 4213 8423
4156 4215 8371
4255 4290 8545
4155 4214 8369
4153 4261 8414
4171 4179 8350
4104 4155 8259
4287 4291 8578
4163 4195 8358
4284 4300 8584
4179 4283 8462
4236 4238 8474
4289 4291 8580
4171 4241 8412
4280 4295 8575
4164 4282 8446
4253 4291 8544
4117 4160 8277
4126 4276 8402
4286 4296 8582
4107 4223 8330
4250 4285 8535
4177 4181 8358
4251 4273 8524
4109 4202 8311
4193 4214 8407
4147 4204 8351
4253 4286 8539
4199 4224 8423
4260 4261 8521
4134 4248 8382
4182 4227 8409
4197 4252 8449
4189 4214 8403
4233 4238 8471
4102 4223 8325
4162 4199 8361
4216 4236 8452
4282 4293 8575
4270 4282 8552
4139 4258 8397
4251 4297 8548
4147 4224 8371
4117 4236 8353
4155 4185 8340
4106 4265 8371
4112 4243 8355
4288 4289 8577
4248 4277 8525
4271 4299 8570
4120 4137 8257
4206 4241 8447
4198 4218 8416
4130 4250 8380
4169 4201 8370
4100 4297 8397
4242 4289 8531
4108 4288 8396
4146 4183 8329
4126 4150 8276
4186 4208 8394
4137 4231 8368
4140 4281 8421
4174 4277 8451
4140 4299 8439
4294 4297 8591
4233 4294 8527
4177 4258 8435
4141 4272 8413
4265 4272 8537
4271 4285 8556
4207 4280 8487
4123 4298 8421
4208 4228 8436
4287 4293 8580
4123 4213 8336
4221 4255 8476
4259 4282 8541
4289 4300 8589
4124 4167 8291
4170 4265 8435
4141 4231 8372
4259 4293 8552
4114 4296 8410
4231 4294 8525
4240 4288 8528
4138 4146 8284
4164 4188 8352
4133 4197 8330
4105 4121 8226
4120 4195 8315
4256 4265 8521
4154 4236 8390
4115 4153 8268
4287 4298 8585
4203 4284 8487
4135 4274 8409
4271 4290 8561
4133 4175 8308
4163 4174 8337
4259 4277 8536
4236 4269 8505
4105 4260 8365
4235 4246 8481
4142 4284 8426
4154 4174 8328
4181 4287 8468
4191 4214 8405
4184 4227 8411
4269 4272 8541
4117 4119 8236
4280 4300 8580
4107 4255 8362
4135 4223 8358
4102 4158 8260
4137 4214 8351
4239 4240 8479
4214 4289 8503
4203 4273 8476
4130 4200 8330
4245 4256 8501
4167 4201 8368
4285 4287 8572
4171 4209 8380
4182 4229 8411
4162 4241 8403
4153 4248 8401
4213 4298 8511
4197 4262 8459
4200 4297 8497
4206 4244 8450
4133 4174 8307
4179 4191 8370
4209 4295 8504
4255 4259 8514
4193 4264 8457
4130 4172 8302
4299 4300 8599
4270 4287 8557
4240 4287 8527
4204 4240 8444
4135 4271 8406
4139 4218 8357
4268 4272 8540
4164 4234 8398
4269 4291 8560
4171 4259 8430
4155 4209 8364
4253 4269 8522
4146 4182 8328
4156 4185 8341

4162 4169 8308
4057 4183 8238
4197 4198 8393
4069 4146 8180
4141 4189 8293
4095 4173 8260
4171 4194 8344
4047 4112 8130
4138 4163 8263
4093 4153 8212
4157 4189 8327
4098 4196 8271
4007 4042 8038
4034 4183 8197
4037 4200 8218
4149 4195 8342
4106 4135 8214
4114 4186 8273
4153 4157 8297
4096 4137 8218
4169 4171 8330
4097 4138 8222
4029 4162 8158
4055 4119 8152
4015 4107 8114
4166 4172 8335
4083 4125 8171
4037 4058 8070
4031 4158 8164
4133 4155 8279
4025 4071 8094
4196 4197 8363
4029 4177 8201
4165 4178 8332
4155 4183 8337
4050 4132 8176
4026 4133 8123
4101 4181 8263
4146 4182 8319
4062 4182 8217
4176 4192 8335
4145 4193 8328
4132 4198 8301
4194 4197 8379
4023 4173 8175
4161 4165 8305
4101 4112 8185
4115 4139 8229
4070 4105 8161
4188 4194 8345
4110 4127 8213
4016 4060 8064
4133 4167 8264
4033 4146 8161
4076 4096 8162
4064 4159 8192
4153 4154 8276
4175 4193 8331
4020 4115 8106
4048 4101 8131
4112 4188 8299
4109 4171 8264
4172 4181 8334
4003 4185 8158
4144 4181 8322
4140 4185 8297
4125 4161 8275
4075 4161 8223
4131 4181 8285
4141 4148 8250
4143 4195 8311
4143 4173 8289
4068 4158 8219
4141 4176 8283
4052 4057 8086
4037 4080 8111
4127 4196 8299
4040 4077 8111
4105 4191 8294
4043 4141 8152
4133 4173 8269
4173 4177 8316
4018 4045 8038
4024 4055 8048
4175 4189 8353
4062 4132 8184
4157 4158 8311
4097 4144 8230
4085 4177 8242
4132 4177 8296
4113 4115 8216
4161 4189 8328
4022 4157 8151
4161 4183 8341
4183 4192 8340
4064 4199 8231
4106 4119 8211
4094 4126 8190
4049 4156 8190
4064 4086 8143
4189 4196 8367
4030 4170 8165
4169 4183 8329
4012 4031 8034
4198 4199 8395
4122 4151 8270
4013 4116 8100
4050 4106 8120
4128 4148 8251
4023 4197 8196
4161 4172 8323
4195 4197 8365
4104 4120 8194
4045 4112 8121
4100 4145 8233
4057 4134 8155
4015 4196 8184
4177 4178 8333
4199 4200 8379
4168 4193 8354
4186 4196 8376
4062 4136 8175
4187 4188 8363
4072 4165 8224
4072 4145 8186
4096 4100 8166
4146 4183 8307
4154 4194 8339
4067 4143 8187
4170 4184 8326
4000 4106 8083
4041 4138 8152
4106 4122 8220
4136 4181 8278
4010 4082 8064
4043 4101 8117
4100 4169 8262
4127 4193 8281
4006 4076 8069
4065 4070 8123
4001 4038 8033
4140 4199 8318
4061 4128 8176
4060 4069 8095
4045 4099 8125
4115 4141 8242
4142 4190 8327
4161 4179 8311
4110 4169 8269
4018 4152 8163
4044 4129 8162
4150 4195 8335
4152 4182 8332
4085 4182 8238
4034 4186 8182
4149 4193 8307
4070 4118 8161
4139 4171 8275
4156 4176 8327
4104 4181 8253
4131 4136 8232
4176 4188 8325
4009 4091 8081
4007 4197 8170
4192 4197 8384
4173 4191 8348
4128 4183 8308
4174 4192 8337
4032 4095 8094
4029 4064 8073
4016 4149 8134
4154 4191 8307
4194 4198 8374
4074 4092 8159
4140 4160 8282
4150 4191 8318
4038 4117 8145
4192 4200 8367
4158 4183 8331
4121 4130 8240
4155 4179 8323
4072 4190 8257
4074 4192 8240
4107 4169 8260
4168 4193 8358
4056 4196 8217
4101 4128 8210
4000 4051 8047
4136 4154 8289
4161 4189 8337
4191 4197 8386
4140 4169 8280
4027 4086 8110
4089 4102 8185
4006 4094 8081
4168 4193 8340
4026 4032 8038
4171 4180 8320
4028 4124 8142
4060 4180 8208
4138 4158 8294
4132 4168 8294
4091 4120 8205
4061 4134 8167
4060 4077 8117
4087 4140 8215
4016 4176 8162
4066 4125 8156
4019 4187 8188
4083 4134 8185
4189 4200 8352
4034 4053 8075
4047 4096 8126
4148 4178 8293
4122 4131 8227
4160 4163 8318
4001 4151 8127
4064 4148 8188
4134 4185 8310
4009 4184 8161
4119 4187 8271
4083 4161 8214
4169 4188 8342
4141 4184 8287
4130 4171 8274
4117 4197 8310
4045 4088 8106
4037 4076 8086
4189 4194 8360
4042 4047 8085
4198 4200 8377
4021 4090 8090
4112 4162 8266
4171 4194 8356
4007 4138 8118
4043 4089 8104
4182 4190 8348
4091 4164 8227
4111 4131 8217
4134 4177 8274
4042 4172 8181
4197 4199 8379
4139 4158 8263
4130 4139 8260
4185 4198 8377
4029 4195 8199
4196 4198 8387
4019 4075 8074
4075 4187 8228
4092 4138 8197
4107 4131 8237
4033 4154 8175
4010 4165 8162
4008 4114 8087
4155 4170 8315
4179 4180 8350
4040 4102 8115
4099 4121 8197
4111 4168 8273
4071 4136 8177
4067 4198 8257
4083 4132 8201
4102 4112 8209
4193 4196 8386
4036 4112 8113
4083 4113 8175
4068 4115 8171
4090 4155 8213
4152 4187 8308
4016 4052 8042
4098 4190 8269
4139 4185 8304
4149 4184 8331
4006 4033 8023
4007 4190 8167
4155 4196 8332
4073 4129 8195
4020 4073 8090
4111 4173 8251
4085 4088 8170
4199 4200 8390
4093 4167 8236
4085 4136 8198
4102 4179 8279
4098 4129 8222
4057 4182 8221
4061 4153 8191
4150 4168 8305
4174 4188 8331
4108 4138 8215
4084 4183 8258
4028 4078 8099
4115 4177 8282
4102 4195 8269
4179 4182 8325
4176 4187 8346
4181 4195 8341
4067 4130 8169
4169 4188 8342
4171 4190 8332
4130 4161 8284
4003 4168 8135
4024 4046 8039
4186 4196 8360
4036 4129 8156
4013 4133 8125
4050 4193 8240
4187 4200 8377
4151 4153 8269
4104 4140 8236
4037 4112 8145
4087 4110 8163
4067 4130 8164
4051 4096 8109
4100 4111 8209
4121 4177 8288
4013 4086 8068
4029 4166 8180
4039 4191 8199
4038 4197 8201
4171 4196 8361
4079 4119 8165
4004 4153 8120
4014 4122 8123
4190 4195 8383
4026 4074 8096
4119 4163 8270
4090 4105 8193
4100 4184 8265
4092 4095 8179
4175 4190 8356
4063 4126 8180
4045 4191 8210
4047 4134 8171
4051 4159 8182
4042 4197 8220
4181 4198 8352
4091 4093 8146
4093 4149 8228
4052 4073 8088
4028 4127 8150
4018 4048 8061
4012 4085 8059
4072 4081 8145
4130 4183 8308
4181 4195 8342
4007 4108 8085
4003 4200 8201
4085 4174 8251
4110 4113 8190
4056 4115 8166
4155 4190 8340
4055 4114 8136
4053 4161 8193
4071 4079 8127
4004 4055 8042
4187 4191 8346
4063 4095 8138
4184 4200 8351
4079 4183 8229
4136 4138 8269
4189 4191 8373
4071 4141 8182
4180 4195 8337
4064 4182 8216
4153 4191 8326
4017 4060 8062
4026 4176 8193
4186 4196 8355
4007 4123 8117
4150 4185 8333
4077 4081 8124
4151 4173 8313
4009 4102 8102
4093 4114 8174
4047 4104 8137
4153 4186 8331
4099 4124 8213
4160 4161 8292
4034 4148 8148
4082 4127 8181
4097 4152 8219
4089 4114 8170
4133 4138 8253
4002 4123 8105
4062 4099 8133
4116 4136 8213
4182 4193 8356
4170 4182 8341
4039 4158 8169
4151 4197 8325
4047 4124 8155
4017 4136 8152
4055 4085 8115
4006 4165 8161
4012 4143 8152
4188 4189 8362
4148 4177 8296
4171 4199 8356
4020 4037 8037
4106 4141 8231
4098 4118 8195
4030 4150 8142
4069 4101 8158
4000 4197 8171
4142 4189 8313
4008 4188 8179
4046 4083 8097
4026 4050 8050
4086 4108 8185
4037 4131 8138
4040 4181 8194
4074 4177 8228
4040 4199 8230
4194 4197 8382
4133 4194 8320
4077 4158 8210
4041 4172 8184
4165 4172 8311
4171 4185 8350
4107 4180 8285
4023 4198 8212
4108 4128 8217
4187 4193 8378
4023 4113 8104
4121 4155 8238
4159 4182 8316
4189 4200 8380
4024 4067 8078
4070 4165 8223
4041 4131 8154
4159 4193 8331
4014 4196 8197
4131 4194 8307
4140 4188 8294
4038 4046 8047
4064 4088 8123
4033 4097 8126
4005 4021 7995
4020 4095 8104
4156 4165 8310
4054 4136 8183
4015 4053 8042
4187 4198 8377
4103 4184 8275
4035 4174 8200
4171 4190 8331
4033 4075 8104
4063 4074 8127
4159 4177 8332
4136 4169 8301
4005 4160 8150
4135 4146 8249
4042 4184 8209
4054 4074 8110
4081 4187 8264
4091 4114 8204
4084 4127 8176
4169 4172 8306
4017 4019 8027
4180 4200 8346
4007 4155 8156
4035 4123 8129
4002 4058 8051
4037 4114 8140
4139 4140 8255
4114 4189 8266
4103 4173 8245
4030 4100 8104
4145 4156 8296
4067 4101 8144
4185 4187 8335
4071 4109 8156
4082 4129 8182
4062 4141 8178
4053 4148 8168
4113 4198 8281
4097 4162 8252
4100 4197 8287
4106 4144 8246
4033 4074 8091
4079 4091 8167
4109 4195 8302
4155 4159 8294
4093 4164 8243
4030 4072 8065
4199 4200 8396
4170 4187 8328
4140 4187 8321
4104 4140 8239
4035 4171 8204
4039 4118 8130
4168 4172 8312
4064 4134 8167
4169 4191 8357
4071 4159 8226
4055 4109 8155
4153 4169 8301
4046 4082 8103
4056 4085 8127

0.010000 0.450000
