500
2304590
4232 4240 8472
4268 4278 8546
4187 4250 8437
4162 4179 8341
4265 4278 8543
4266 4270 8536
4214 4289 8503
4121 4247 8368
4176 4204 8380
4245 4270 8515
4236 4269 8505
4295 4298 8593
4103 4258 8361
4118 4289 8407
4138 4282 8420
4255 4277 8532
4288 4296 8584
4213 4216 8429
4185 4295 8480
4269 4270 8539
4197 4202 8399
4168 4224 8392
4220 4281 8501
4195 4279 8474
4259 4262 8521
4271 4273 8544
4191 4271 8462
4172 4178 8350
4243 4255 8498
4210 4256 8466
4233 4235 8468
4130 4151 8281
4251 4297 8548
4134 4240 8374
4164 4298 8462
4181 4206 8387
4278 4285 8563
4213 4256 8469
4298 4299 8597
4148 4243 8391
4120 4185 8305
4133 4253 8386
4170 4293 8463
4144 4241 8385
4173 4253 8426
4124 4295 8419
4116 4225 8341
4126 4190 8316
4282 4300 8582
4249 4277 8526
4137 4264 8401
4228 4286 8514
4188 4199 8387
4117 4216 8333
4119 4147 8266
4127 4191 8318
4192 4289 8481
4115 4154 8269
4268 4281 8549
4276 4292 8568
4235 4260 8495
4261 4297 8558
4209 4247 8456
4214 4275 8489
4203 4272 8475
4273 4280 8553
4297 4300 8597
4175 4197 8372
4213 4228 8441
4251 4255 8506
4162 4272 8434
4201 4262 8463
4209 4277 8486
4195 4214 8409
4148 4252 8400
4157 4174 8331
4268 4280 8548
4137 4146 8283
4120 4241 8361
4293 4296 8589
4196 4233 8429
4240 4242 8482
4170 4279 8449
4111 4129 8240
4121 4141 8262
4257 4298 8555
4194 4220 8414
4202 4278 8480
4163 4259 8422
4297 4298 8595
4288 4293 8581
4270 4293 8563
4247 4300 8547
4140 4173 8313
4207 4262 8469
4142 4228 8370
4246 4286 8532
4195 4248 8443
4100 4249 8349
4272 4280 8552
4199 4213 8412
4211 4239 8450
4166 4209 8375
4296 4299 8595
4228 4261 8489
4143 4255 8398
4112 4114 8226
4152 4226 8378
4147 4283 8430
4144 4156 8300
4286 4296 8582
4244 4246 8490
4278 4283 8561
4171 4258 8429
4140 4224 8364
4157 4187 8344
4189 4274 8463
4100 4133 8233
4158 4244 8402
4155 4184 8339
4299 4300 8599
4249 4261 8510
4195 4290 8485
4256 4291 8547
4287 4289 8576
4200 4222 8422
4299 4300 8599
4202 4282 8484
4156 4176 8332
4157 4283 8440
4171 4186 8357
4121 4262 8383
4132 4267 8399
4286 4293 8579
4143 4275 8418
4121 4168 8289
4240 4300 8540
4169 4269 8438
4168 4211 8379
4129 4299 8428
4299 4300 8599
4192 4227 8419
4254 4262 8516
4236 4280 8516
4295 4296 8591
4106 4259 8365
4127 4164 8291
4158 4250 8408
4256 4277 8533
4253 4261 8514
4265 4296 8561
4155 4286 8441
4209 4292 8501
4218 4268 8486
4253 4291 8544
4132 4200 8332
4196 4265 8461
4217 4261 8478
4261 4299 8560
4123 4166 8289
4158 4291 8449
4230 4285 8515
4240 4283 8523
4193 4296 8489
4170 4224 8394
4132 4173 8305
4171 4298 8469
4229 4247 8476
4166 4242 8408
4136 4193 8329
4274 4296 8570
4238 4275 8513
4115 4188 8303
4152 4299 8451
4104 4227 8331
4164 4170 8334
4264 4291 8555
4285 4292 8577
4204 4289 8493
4195 4222 8417
4113 4177 8290
4253 4283 8536
4180 4203 8383
4177 4293 8470
4213 4228 8441
4262 4298 8560
4286 4294 8580
4210 4244 8454
4214 4265 8479
4263 4282 8545
4245 4295 8540
4264 4293 8557
4124 4192 8316
4160 4234 8394
4186 4195 8381
4176 4276 8452
4108 4208 8316
4133 4189 8322
4163 4196 8359
4115 4252 8367
4133 4156 8289
4261 4279 8540
4184 4216 8400
4121 4147 8268
4116 4261 8377
4129 4196 8325
4260 4283 8543
4124 4234 8358
4249 4287 8536
4163 4225 8388
4129 4242 8371
4299 4300 8599
4121 4141 8262
4197 4261 8458
4271 4281 8552
4165 4171 8336
4286 4287 8573
4115 4287 8402
4207 4284 8491
4120 4224 8344
4244 4296 8540
4170 4195 8365
4211 4257 8468
4258 4294 8552
4277 4297 8574
4273 4291 8564
4185 4204 8389
4111 4235 8346
4272 4292 8564
4232 4283 8515
4112 4286 8398
4107 4133 8240
4190 4288 8478
4201 4295 8496
4273 4281 8554
4106 4110 8216
4157 4249 8406
4187 4220 8407
4218 4278 8496
4285 4298 8583
4161 4232 8393
4270 4274 8544
4255 4276 8531
4255 4277 8532
4104 4205 8309
4243 4287 8530
4283 4300 8583
4199 4214 8413
4148 4288 8436
4122 4294 8416
4286 4292 8578
4152 4253 8405
4223 4277 8500
4233 4273 8506
4191 4220 8411
4175 4182 8357
4122 4229 8351
4107 4298 8405
4132 4280 8412
4261 4289 8550
4151 4284 8435
4135 4267 8402
4280 4300 8580
4269 4292 8561
4232 4264 8496
4121 4187 8308
4205 4227 8432
4167 4249 8416
4223 4248 8471
4118 4228 8346
4146 4241 8387
4181 4236 8417
4232 4294 8526
4180 4257 8437
4295 4297 8592
4133 4223 8356
4117 4246 8363
4143 4193 8336
4198 4265 8463
4264 4265 8529
4104 4199 8303
4243 4284 8527
4117 4163 8280
4241 4279 8520
4254 4285 8539
4141 4287 8428
4193 4205 8398
4186 4259 8445
4178 4265 8443
4108 4231 8339
4117 4187 8304
4106 4273 8379
4136 4263 8399
4144 4299 8443
4205 4272 8477
4138 4225 8363
4204 4216 8420
4240 4283 8523
4204 4212 8416
4106 4118 8224
4234 4239 8473
4242 4294 8536
4188 4195 8383
4223 4272 8495
4271 4297 8568
4150 4208 8358
4111 4201 8312
4127 4221 8348
4184 4254 8438
4147 4216 8363
4210 4286 8496
4111 4257 8368
4274 4292 8566
4245 4280 8525
4186 4225 8411
4284 4289 8573
4106 4238 8344
4215 4221 8436
4130 4295 8425
4232 4276 8508
4214 4243 8457
4268 4290 8558
4219 4265 8484
4183 4220 8403
4116 4247 8363
4252 4281 8533
4133 4240 8373
4186 4295 8481
4202 4277 8479
4213 4224 8437
4118 4167 8285
4242 4285 8527
4141 4229 8370
4206 4276 8482
4265 4284 8549
4216 4231 8447
4174 4227 8401
4211 4279 8490
4129 4193 8322
4148 4251 8399
4162 4268 8430
4197 4219 8416
4181 4239 8420
4133 4226 8359
4258 4291 8549
4178 4239 8417
4103 4135 8238
4256 4283 8539
4211 4232 8443
4164 4249 8413
4224 4245 8469
4259 4262 8521
4150 4300 8450
4229 4232 8461
4238 4249 8487
4211 4269 8480
4210 4269 8479
4219 4234 8453
4250 4261 8511
4251 4273 8524
4265 4297 8562
4143 4256 8399
4251 4290 8541
4248 4292 8540
4193 4263 8456
4124 4294 8418
4199 4212 8411
4210 4211 8421
4180 4204 8384
4173 4207 8380
4163 4284 8447
4125 4151 8276
4235 4257 8492
4167 4222 8389
4289 4300 8589
4152 4202 8354
4238 4244 8482
4200 4262 8462
4298 4300 8598
4189 4296 8485
4104 4171 8275
4263 4267 8530
4205 4220 8425
4114 4298 8412
4217 4241 8458
4206 4208 8414
4270 4282 8552
4166 4174 8340
4139 4245 8384
4228 4266 8494
4114 4291 8405
4247 4249 8496
4121 4164 8285
4247 4273 8520
4131 4179 8310
4147 4237 8384
4205 4244 8449
4162 4219 8381
4256 4292 8548
4220 4234 8454
4218 4250 8468
4258 4285 8543
4119 4233 8352
4145 4269 8414
4290 4295 8585
4151 4212 8363
4277 4283 8560
4234 4271 8505
4185 4234 8419
4248 4255 8503
4165 4279 8444
4203 4225 8428
4113 4187 8300
4215 4234 8449
4239 4271 8510
4181 4276 8457
4231 4272 8503
4190 4297 8487
4132 4156 8288
4273 4295 8568
4191 4290 8481
4161 4286 8447
4295 4296 8591
4221 4280 8501
4276 4279 8555
4149 4274 8423
4278 4299 8577
4283 4294 8577
4194 4250 8444
4257 4258 8515
4210 4292 8502
4231 4287 8518
4160 4282 8442
4299 4300 8599
4260 4261 8521
4176 4228 8404
4280 4297 8577
4213 4255 8468
4233 4300 8533
4211 4278 8489
4145 4280 8425
4138 4231 8369
4183 4227 8410
4235 4283 8518
4239 4265 8504
4115 4131 8246
4240 4273 8513
4181 4242 8423
4194 4275 8469
4222 4280 8502
4262 4288 8550
4114 4156 8270
4213 4215 8428
4224 4282 8506
4264 4277 8541
4190 4197 8387
4288 4291 8579
4289 4298 8587
4101 4133 8234
4256 4295 8551
4272 4297 8569
4200 4285 8485
4143 4173 8316
4234 4294 8528
4293 4294 8587
4208 4251 8459
4137 4253 8390
4243 4250 8493
4188 4192 8380
4275 4293 8568
4284 4290 8574
4249 4256 8505
4215 4260 8475
4262 4295 8557
4191 4289 8480
4276 4287 8563
4210 4250 8460
4156 4176 8332
4222 4249 8471
4105 4234 8339
4215 4224 8439
4286 4294 8580
4261 4295 8556
4292 4300 8592
4125 4205 8330
4186 4273 8459
4173 4279 8452
4240 4290 8530
4293 4295 8588
4147 4267 8414
4166 4257 8423
4283 4296 8579
4150 4175 8325
4217 4277 8494
4205 4219 8424
4117 4144 8261
4225 4288 8513
4241 4252 8493
4296 4299 8595
4256 4282 8538

4132 4140 8239
4168 4178 8309
4087 4150 8224
4062 4079 8116
4165 4178 8329
4166 4170 8299
4114 4189 8282
4021 4147 8162
4076 4104 8164
4145 4170 8297
4136 4169 8281
4195 4198 8364
4003 4158 8152
4018 4189 8170
4038 4182 8215
4155 4177 8317
4188 4196 8352
4113 4116 8196
4085 4195 8273
4169 4170 8335
4097 4102 8164
4068 4124 8168
4120 4181 8263
4095 4179 8266
4159 4162 8289
4171 4173 8319
4091 4171 8231
4072 4078 8128
4143 4155 8261
4110 4156 8256
4133 4135 8235
4030 4051 8049
4151 4197 8333
4034 4140 8151
4064 4198 8260
4081 4106 8185
4178 4185 8346
4113 4156 8233
4198 4199 8394
4048 4143 8156
4020 4085 8089
4033 4153 8173
4070 4193 8256
4044 4141 8157
4073 4153 8224
4024 4195 8197
4016 4125 8121
4026 4090 8081
4182 4200 8372
4149 4177 8287
4037 4164 8165
4128 4186 8288
4088 4099 8186
4017 4116 8108
4019 4047 8065
4027 4091 8101
4092 4189 8249
4015 4054 8044
4168 4181 8337
4176 4192 8356
4135 4160 8292
4161 4197 8321
4109 4147 8237
4114 4175 8284
4103 4172 8236
4173 4180 8343
4197 4200 8376
4075 4097 8138
4113 4128 8231
4151 4155 8272
4062 4172 8198
4101 4162 8233
4109 4177 8283
4095 4114 8196
4048 4152 8163
4057 4074 8125
4168 4180 8318
4037 4046 8055
4020 4141 8153
4193 4196 8357
4096 4133 8198
4140 4142 8269
4070 4179 8215
4011 4029 8018
4021 4041 8052
4157 4198 8346
4094 4120 8212
4102 4178 8264
4063 4159 8197
4197 4198 8386
4188 4193 8348
4170 4193 8325
4147 4200 8317
4040 4073 8084
4107 4162 8246
4042 4128 8139
4146 4186 8296
4095 4148 8229
4000 4149 8147
4172 4180 8322
4099 4113 8197
4111 4139 8222
4066 4109 8165
4196 4199 8358
4128 4161 8256
4043 4155 8192
4012 4014 8012
4052 4126 8146
4047 4183 8213
4044 4056 8092
4186 4196 8347
4144 4146 8263
4178 4183 8327
4071 4158 8191
4040 4124 8150
4057 4087 8140
4089 4174 8253
4000 4033 8019
4058 4144 8165
4055 4084 8136
4199 4200 8370
4149 4161 8301
4095 4190 8270
4156 4191 8316
4187 4189 8349
4100 4122 8185
4199 4200 8380
4102 4182 8247
4056 4076 8126
4057 4183 8236
4071 4086 8153
4021 4162 8146
4032 4167 8169
4186 4193 8357
4043 4175 8189
4021 4068 8083
4140 4200 8312
4069 4169 8216
4068 4111 8166
4029 4199 8212
4199 4200 8392
4092 4127 8214
4154 4162 8294
4136 4180 8306
4195 4196 8363
4006 4159 8161
4027 4064 8068
4058 4150 8201
4156 4177 8295
4153 4161 8291
4165 4196 8323
4055 4186 8229
4109 4192 8300
4118 4168 8269
4153 4191 8334
4032 4100 8094
4096 4165 8233
4117 4161 8258
4161 4199 8350
4023 4066 8052
4058 4191 8221
4130 4185 8304
4140 4183 8319
4093 4196 8252
4070 4124 8170
4032 4073 8095
4071 4198 8257
4129 4147 8249
4066 4142 8183
4036 4093 8109
4174 4196 8350
4138 4175 8296
4015 4088 8088
4052 4199 8247
4004 4127 8101
4064 4070 8133
4164 4191 8329
4185 4192 8360
4104 4189 8264
4095 4122 8204
4013 4077 8052
4153 4183 8308
4080 4103 8175
4077 4193 8261
4113 4128 8213
4162 4198 8353
4186 4194 8366
4110 4144 8240
4114 4165 8278
4163 4182 8322
4145 4195 8309
4164 4193 8322
4024 4092 8112
4060 4134 8170
4086 4095 8169
4076 4176 8228
4008 4108 8115
4033 4089 8092
4063 4096 8143
4015 4152 8163
4033 4056 8064
4161 4179 8301
4084 4116 8187
4021 4047 8049
4016 4161 8153
4029 4096 8095
4160 4183 8315
4024 4134 8153
4149 4187 8306
4063 4125 8171
4029 4142 8144
4199 4200 8386
4021 4041 8051
4097 4161 8243
4171 4181 8344
4065 4071 8103
4186 4187 8334
4015 4187 8168
4107 4184 8268
4020 4124 8131
4144 4196 8306
4070 4095 8142
4111 4157 8252
4158 4194 8348
4177 4197 8373
4173 4191 8328
4085 4104 8161
4011 4135 8145
4172 4192 8353
4132 4183 8310
4012 4186 8166
4007 4033 8012
4090 4188 8242
4101 4195 8257
4173 4181 8353
4006 4010 8014
4057 4149 8171
4087 4120 8194
4118 4178 8273
4185 4198 8347
4061 4132 8179
4170 4174 8325
4155 4176 8329
4155 4177 8329
4004 4105 8107
4143 4187 8323
4183 4200 8366
4099 4114 8195
4048 4188 8206
4022 4194 8200
4186 4192 8373
4052 4153 8179
4123 4177 8263
4133 4173 8294
4091 4120 8174
4075 4082 8134
4022 4129 8139
4007 4198 8175
4032 4180 8196
4161 4189 8313
4051 4184 8233
4035 4167 8185
4180 4200 8377
4169 4192 8351
4132 4164 8263
4021 4087 8079
4105 4127 8208
4067 4149 8178
4123 4148 8252
4018 4128 8137
4046 4141 8149
4081 4136 8212
4132 4194 8291
4080 4157 8230
4195 4197 8366
4033 4123 8132
4017 4146 8142
4043 4093 8113
4098 4165 8248
4164 4165 8327
4004 4099 8066
4143 4184 8299
4017 4063 8052
4141 4179 8290
4154 4185 8338
4041 4187 8216
4093 4105 8162
4086 4159 8240
4078 4165 8209
4008 4131 8119
4017 4087 8097
4006 4173 8154
4036 4163 8167
4044 4199 8206
4105 4172 8269
4038 4125 8134
4104 4116 8216
4140 4183 8320
4104 4112 8189
4006 4018 8007
4134 4139 8242
4142 4194 8322
4088 4095 8161
4123 4172 8286
4171 4197 8336
4050 4108 8133
4011 4101 8074
4027 4121 8118
4084 4154 8224
4047 4116 8162
4110 4186 8268
4011 4157 8150
4174 4192 8357
4145 4180 8289
4086 4125 8191
4184 4189 8354
4006 4138 8140
4115 4121 8201
4030 4195 8207
4132 4176 8285
4114 4143 8246
4168 4190 8341
4119 4165 8263
4083 4120 8184
4016 4147 8160
4152 4181 8330
4033 4140 8156
4086 4195 8244
4102 4177 8244
4113 4124 8219
4018 4067 8051
4142 4185 8325
4041 4129 8148
4106 4176 8260
4165 4184 8317
4116 4131 8233
4074 4127 8173
4111 4179 8266
4029 4093 8110
4048 4151 8186
4062 4168 8210
4097 4119 8207
4081 4139 8219
4033 4126 8125
4158 4191 8322
4078 4139 8199
4003 4035 8012
4156 4183 8312
4111 4132 8222
4064 4149 8199
4124 4145 8249
4159 4162 8312
4050 4200 8234
4129 4132 8242
4138 4149 8274
4111 4169 8272
4110 4169 8250
4119 4134 8217
4150 4161 8304
4151 4173 8320
4165 4197 8338
4043 4156 8170
4151 4190 8329
4148 4192 8332
4093 4163 8231
4024 4194 8198
4099 4112 8187
4110 4111 8220
4080 4104 8151
4073 4107 8149
4063 4184 8230
4025 4051 8039
4135 4157 8261
4067 4122 8180
4189 4200 8388
4052 4102 8152
4138 4144 8252
4100 4162 8250
4198 4200 8366
4089 4196 8254
4004 4071 8037
4163 4167 8293
4105 4120 8195
4014 4198 8187
4117 4141 8245
4106 4108 8178
4170 4182 8347
4066 4074 8136
4039 4145 8156
4128 4166 8287
4014 4191 8186
4147 4149 8282
4021 4064 8056
4147 4173 8299
4031 4079 8101
4047 4137 8164
4105 4144 8240
4062 4119 8179
4156 4192 8337
4120 4134 8233
4118 4150 8256
4158 4185 8318
4019 4133 8123
4045 4169 8177
4190 4195 8356
4051 4112 8139
4177 4183 8354
4134 4171 8269
4085 4134 8186
4148 4155 8299
4065 4179 8212
4103 4125 8226
4013 4087 8065
4115 4134 8213
4139 4171 8299
4081 4176 8247
4131 4172 8293
4090 4197 8279
4032 4056 8061
4173 4195 8362
4091 4190 8280
4061 4186 8222
4195 4196 8353
4121 4180 8291
4176 4179 8316
4049 4174 8221
4178 4199 8345
4183 4194 8370
4094 4150 8216
4157 4158 8277
4110 4192 8285
4131 4187 8282
4060 4182 8218
4199 4200 8395
4160 4161 8289
4076 4128 8191
4180 4197 8373
4113 4155 8234
4133 4200 8326
4111 4178 8262
4045 4180 8200
4038 4131 8164
4083 4127 8173
4135 4183 8303
4139 4165 8303
4015 4031 8029
4140 4173 8285
4081 4142 8219
4094 4175 8249
4122 4180 8293
4162 4188 8331
4014 4056 8064
4113 4115 8194
4124 4182 8301
4164 4177 8315
4090 4097 8149
4188 4191 8362
4189 4198 8386
4001 4033 8030
4156 4195 8326
4172 4197 8352
4100 4185 8266
4043 4073 8103
4134 4194 8290
4193 4194 8374
4108 4151 8224
4037 4153 8153
4143 4150 8278
4088 4092 8165
4175 4193 8336
4184 4190 8373
4149 4156 8303
4115 4160 8268
4162 4195 8334
4091 4189 8247
4176 4187 8333
4110 4150 8251
4056 4076 8102
4122 4149 8235
4005 4134 8135
4115 4124 8229
4186 4194 8375
4161 4195 8321
4192 4200 8389
4025 4105 8125
4086 4173 8249
4073 4179 8238
4140 4190 8312
4193 4195 8364
4047 4167 8210
4066 4157 8190
4183 4196 8372
4050 4075 8094
4117 4177 8291
4105 4119 8204
4017 4044 8050
4125 4188 8284
4141 4152 8268
4196 4199 8365
4156 4182 8310

0.010000 0.560000
