500
2468935
4199 4224 8423
4143 4174 8317
4173 4239 8412
4199 4234 8433
4118 4256 8374
4184 4272 8456
4164 4169 8333
4108 4285 8393
4115 4124 8239
4272 4275 8547
4236 4237 8473
4165 4172 8337
4256 4259 8515
4254 4293 8547
4171 4289 8460
4215 4254 8469
4288 4299 8587
4106 4271 8377
4280 4281 8561
4138 4280 8418
4196 4295 8491
4290 4300 8590
4195 4276 8471
4100 4153 8253
4235 4298 8533
4247 4261 8508
4201 4271 8472
4249 4250 8499
4192 4211 8403
4235 4287 8522
4253 4274 8527
4113 4183 8296
4169 4200 8369
4269 4279 8548
4188 4279 8467
4138 4219 8357
4142 4266 8408
4168 4188 8356
4256 4269 8525
4262 4268 8530
4182 4255 8437
4279 4290 8569
4280 4295 8575
4118 4168 8286
4177 4183 8360
4165 4212 8377
4118 4221 8339
4264 4293 8557
4257 4273 8530
4228 4271 8499
4233 4293 8526
4103 4137 8240
4298 4299 8597
4228 4249 8477
4252 4281 8533
4162 4252 8414
4205 4206 8411
4198 4231 8429
4199 4255 8454
4224 4230 8454
4264 4273 8537
4200 4206 8406
4117 4119 8236
4297 4299 8596
4184 4233 8417
4266 4284 8550
4246 4254 8500
4111 4299 8410
4105 4204 8309
4249 4280 8529
4174 4288 8462
4182 4295 8477
4141 4227 8368
4260 4295 8555
4133 4249 8382
4280 4288 8568
4244 4281 8525
4277 4291 8568
4249 4278 8527
4206 4281 8487
4140 4235 8375
4274 4298 8572
4121 4190 8311
4195 4260 8455
4169 4173 8342
4164 4275 8439
4283 4292 8575
4162 4196 8358
4286 4296 8582
4278 4282 8560
4106 4112 8218
4187 4248 8435
4141 4243 8384
4265 4288 8553
4160 4274 8434
4209 4226 8435
4212 4213 8425
4102 4297 8399
4154 4259 8413
4103 4110 8213
4265 4272 8537
4213 4218 8431
4277 4294 8571
4163 4278 8441
4167 4181 8348
4166 4285 8451
4163 4206 8369
4251 4271 8522
4185 4266 8451
4181 4235 8416
4291 4299 8590
4174 4246 8420
4119 4174 8293
4219 4261 8480
4184 4276 8460
4214 4238 8452
4247 4283 8530
4202 4272 8474
4192 4272 8464
4284 4299 8583
4111 4269 8380
4231 4260 8491
4240 4265 8505
4107 4118 8225
4120 4286 8406
4254 4269 8523
4103 4107 8210
4129 4212 8341
4117 4280 8397
4194 4199 8393
4153 4281 8434
4226 4228 8454
4148 4263 8411
4115 4200 8315
4109 4267 8376
4215 4257 8472
4188 4230 8418
4197 4255 8452
4105 4292 8397
4198 4300 8498
4200 4274 8474
4270 4292 8562
4156 4197 8353
4187 4221 8408
4236 4242 8478
4223 4269 8492
4125 4207 8332
4183 4188 8371
4150 4163 8313
4214 4251 8465
4195 4296 8491
4127 4298 8425
4206 4231 8437
4218 4222 8440
4220 4286 8506
4144 4219 8363
4105 4108 8213
4296 4297 8593
4178 4285 8463
4240 4300 8540
4219 4298 8517
4245 4272 8517
4178 4279 8457
4120 4218 8338
4124 4179 8303
4148 4241 8389
4231 4236 8467
4224 4282 8506
4260 4289 8549
4242 4255 8497
4224 4286 8510
4115 4164 8279
4234 4242 8476
4239 4271 8510
4270 4286 8556
4172 4225 8397
4289 4299 8588
4167 4258 8425
4216 4260 8476
4191 4225 8416
4133 4242 8375
4145 4260 8405
4194 4248 8442
4133 4156 8289
4189 4229 8418
4254 4287 8541
4228 4230 8458
4226 4231 8457
4145 4188 8333
4190 4259 8449
4104 4166 8270
4112 4279 8391
4126 4227 8353
4247 4255 8502
4134 4235 8369
4121 4219 8340
4103 4123 8226
4103 4259 8362
4251 4294 8545
4287 4292 8579
4128 4191 8319
4275 4280 8555
4255 4270 8525
4288 4291 8579
4165 4291 8456
4288 4299 8587
4238 4253 8491
4232 4269 8501
4232 4261 8493
4185 4282 8467
4227 4291 8518
4254 4287 8541
4259 4290 8549
4106 4263 8369
4272 4283 8555
4188 4204 8392
4299 4300 8599
4108 4238 8346
4145 4298 8443
4168 4269 8437
4222 4256 8478
4168 4187 8355
4113 4238 8351
4255 4283 8538
4206 4264 8470
4145 4177 8322
4157 4232 8389
4156 4161 8317
4135 4153 8288
4180 4188 8368
4192 4258 8450
4116 4201 8317
4126 4254 8380
4195 4251 8446
4159 4195 8354
4134 4285 8419
4219 4226 8445
4153 4283 8436
4255 4284 8539
4184 4198 8382
4112 4129 8241
4200 4293 8493
4291 4295 8586
4284 4291 8575
4234 4249 8483
4113 4262 8375
4227 4290 8517
4292 4295 8587
4199 4296 8495
4235 4246 8481
4218 4292 8510
4251 4255 8506
4234 4295 8529
4103 4298 8401
4286 4291 8577
4222 4263 8485
4252 4263 8515
4234 4299 8533
4246 4263 8509
4186 4255 8441
4211 4280 8491
4212 4255 8467
4295 4296 8591
4263 4270 8533
4215 4256 8471
4111 4234 8345
4135 4199 8334
4164 4285 8449
4258 4259 8517
4139 4280 8419
4191 4300 8491
4124 4216 8340
4233 4243 8476
4217 4283 8500
4179 4236 8415
4185 4246 8431
4169 4256 8425
4119 4227 8346
4171 4270 8441
4287 4288 8575
4179 4262 8441
4275 4290 8565
4127 4234 8361
4251 4272 8523
4244 4277 8521
4234 4284 8518
4255 4273 8528
4117 4148 8265
4142 4274 8416
4266 4270 8536
4169 4250 8419
4163 4187 8350
4131 4186 8317
4269 4271 8540
4215 4218 8433
4160 4166 8326
4179 4269 8448
4129 4247 8376
4280 4282 8562
4284 4300 8584
4156 4297 8453
4157 4240 8397
4134 4208 8342
4124 4254 8378
4218 4234 8452
4230 4265 8495
4121 4246 8367
4124 4181 8305
4280 4299 8579
4179 4225 8404
4106 4162 8268
4196 4276 8472
4118 4148 8266
4188 4234 8422
4186 4203 8389
4272 4293 8565
4227 4291 8518
4105 4195 8300
4131 4194 8325
4116 4173 8289
4285 4291 8576
4177 4280 8457
4160 4189 8349
4103 4196 8299
4231 4274 8505
4193 4261 8454
4121 4268 8389
4286 4288 8574
4259 4277 8536
4200 4215 8415
4186 4229 8415
4260 4296 8556
4288 4298 8586
4216 4258 8474
4157 4223 8380
4168 4233 8401
4157 4267 8424
4118 4292 8410
4181 4246 8427
4263 4283 8546
4263 4287 8550
4117 4161 8278
4205 4260 8465
4218 4281 8499
4152 4282 8434
4191 4242 8433
4137 4264 8401
4210 4233 8443
4201 4224 8425
4197 4277 8474
4243 4252 8495
4210 4261 8471
4210 4262 8472
4224 4258 8482
4248 4250 8498
4278 4283 8561
4159 4261 8420
4160 4175 8335
4269 4278 8547
4162 4257 8419
4285 4288 8573
4132 4180 8312
4148 4198 8346
4189 4256 8445
4206 4232 8438
4267 4272 8539
4244 4298 8542
4151 4265 8416
4121 4298 8419
4282 4298 8580
4128 4222 8350
4224 4226 8450
4182 4206 8388
4229 4296 8525
4199 4214 8413
4130 4298 8428
4241 4292 8533
4283 4290 8573
4156 4299 8455
4225 4265 8490
4253 4265 8518
4125 4249 8374
4103 4166 8269
4233 4266 8499
4203 4292 8495
4150 4263 8413
4132 4156 8288
4295 4297 8592
4235 4291 8526
4249 4269 8518
4226 4294 8520
4156 4260 8416
4147 4163 8310
4286 4290 8576
4159 4216 8375
4159 4238 8397
4205 4235 8440
4126 4275 8401
4130 4199 8329
4282 4288 8570
4110 4245 8355
4208 4295 8503
4122 4191 8313
4160 4276 8436
4245 4293 8538
4180 4280 8460
4229 4251 8480
4188 4228 8416
4169 4214 8383
4184 4218 8402
4220 4250 8470
4204 4222 8426
4247 4250 8497
4209 4300 8509
4270 4279 8549
4199 4298 8497
4242 4294 8536
4284 4290 8574
4273 4275 8548
4252 4291 8543
4187 4257 8444
4244 4295 8539
4176 4258 8434
4244 4266 8510
4291 4295 8586
4109 4269 8378
4210 4230 8440
4290 4293 8583
4151 4284 8435
4281 4291 8572
4136 4258 8394
4177 4226 8403
4148 4256 8404
4203 4281 8484
4258 4286 8544
4150 4233 8383
4132 4196 8328
4105 4171 8276
4258 4300 8558
4128 4222 8350
4144 4260 8404
4135 4299 8434
4136 4284 8420
4196 4291 8487
4287 4295 8582
4105 4260 8365
4152 4277 8429
4197 4199 8396
4229 4287 8516
4208 4233 8441
4202 4282 8484
4107 4257 8364
4215 4263 8478
4297 4300 8597
4289 4294 8583
4218 4265 8483
4287 4291 8578
4233 4243 8476
4158 4182 8340
4262 4300 8562
4251 4258 8509
4125 4154 8279
4157 4196 8353
4236 4257 8493
4148 4278 8426
4256 4283 8539
4233 4291 8524
4268 4274 8542
4267 4295 8562
4141 4283 8424
4156 4219 8375
4125 4269 8394
4198 4263 8461
4295 4299 8594
4146 4273 8419
4145 4187 8332
4116 4263 8379
4142 4254 8396
4174 4270 8444
4299 4300 8599
4190 4272 8462
4260 4291 8551
4277 4299 8576
4285 4294 8579
4296 4299 8595
4233 4269 8502
4210 4239 8449
4277 4283 8560
4262 4279 8541
4147 4241 8388
4226 4274 8500
4114 4244 8358
4121 4173 8294
4217 4245 8462
4178 4216 8394
4131 4147 8278
4212 4241 8453
4217 4235 8452
4238 4245 8483
4248 4275 8523

4099 4124 8210
4043 4074 8101
4073 4139 8183
4099 4134 8213
4018 4156 8159
4084 4172 8240
4064 4069 8106
4008 4185 8161
4015 4024 8012
4172 4175 8340
4136 4137 8263
4065 4072 8133
4156 4159 8291
4154 4193 8325
4071 4189 8245
4115 4154 8268
4188 4199 8370
4006 4171 8150
4180 4181 8350
4038 4180 8196
4096 4195 8255
4190 4200 8352
4095 4176 8255
4000 4053 8042
4135 4198 8296
4147 4161 8276
4101 4171 8270
4149 4150 8261
4092 4111 8175
4135 4187 8317
4153 4174 8290
4013 4083 8090
4069 4100 8165
4169 4179 8334
4088 4179 8229
4038 4119 8125
4042 4166 8197
4068 4088 8122
4156 4169 8286
4162 4168 8320
4082 4155 8216
4179 4190 8367
4180 4195 8339
4018 4068 8060
4077 4083 8151
4065 4112 8165
4018 4121 8124
4164 4193 8341
4157 4173 8320
4128 4171 8274
4133 4193 8289
4003 4037 8018
4198 4199 8391
4128 4149 8270
4152 4181 8321
4062 4152 8188
4105 4106 8183
4098 4131 8212
4099 4155 8250
4124 4130 8223
4164 4173 8309
4100 4106 8185
4017 4019 8026
4197 4199 8385
4084 4133 8198
4166 4184 8336
4146 4154 8277
4011 4199 8197
4005 4104 8098
4149 4180 8320
4074 4188 8250
4082 4195 8247
4041 4127 8152
4160 4195 8333
4033 4149 8181
4180 4188 8342
4144 4181 8324
4177 4191 8344
4149 4178 8293
4106 4181 8264
4040 4135 8150
4174 4198 8350
4021 4090 8108
4095 4160 8218
4069 4073 8112
4064 4175 8234
4183 4192 8366
4062 4096 8157
4186 4196 8357
4178 4182 8335
4006 4012 8008
4087 4148 8202
4041 4143 8182
4165 4188 8323
4060 4174 8199
4109 4126 8226
4112 4113 8213
4002 4197 8178
4054 4159 8180
4003 4010 7975
4165 4172 8319
4113 4118 8226
4177 4194 8337
4063 4178 8212
4067 4081 8146
4066 4185 8248
4063 4106 8137
4151 4171 8297
4085 4166 8250
4081 4135 8189
4191 4199 8359
4074 4146 8219
4019 4074 8080
4119 4161 8272
4084 4176 8238
4114 4138 8220
4147 4183 8308
4102 4172 8271
4092 4172 8256
4184 4199 8349
4011 4169 8178
4131 4160 8279
4140 4165 8271
4007 4018 8000
4020 4186 8199
4154 4169 8299
4003 4007 7983
4029 4112 8119
4017 4180 8162
4094 4099 8178
4053 4181 8219
4126 4128 8231
4048 4163 8179
4015 4100 8080
4009 4167 8162
4115 4157 8260
4088 4130 8184
4097 4155 8227
4005 4192 8174
4098 4200 8286
4100 4174 8255
4170 4192 8327
4056 4097 8135
4087 4121 8207
4136 4142 8263
4123 4169 8277
4025 4107 8121
4083 4088 8166
4050 4063 8107
4114 4151 8261
4095 4196 8275
4027 4198 8200
4106 4131 8210
4118 4122 8239
4120 4186 8291
4044 4119 8138
4005 4008 8007
4196 4197 8356
4078 4185 8253
4140 4200 8301
4119 4198 8290
4145 4172 8304
4078 4179 8235
4020 4118 8103
4024 4079 8089
4048 4141 8180
4131 4136 8247
4124 4182 8303
4160 4189 8325
4142 4155 8287
4124 4186 8271
4015 4064 8042
4134 4142 8238
4139 4171 8293
4170 4186 8346
4072 4125 8176
4189 4199 8353
4067 4158 8208
4116 4160 8242
4091 4125 8192
4033 4142 8150
4045 4160 8189
4094 4148 8216
4033 4056 8066
4089 4129 8195
4154 4187 8337
4128 4130 8226
4126 4131 8243
4045 4088 8115
4090 4159 8228
4004 4066 8043
4012 4179 8179
4026 4127 8129
4147 4155 8272
4034 4135 8145
4021 4119 8134
4003 4023 7998
4003 4159 8135
4151 4194 8338
4187 4192 8368
4028 4091 8104
4175 4180 8318
4155 4170 8292
4188 4191 8361
4065 4191 8248
4188 4199 8385
4138 4153 8285
4132 4169 8285
4132 4161 8267
4085 4182 8263
4127 4191 8283
4154 4187 8303
4159 4190 8331
4006 4163 8157
4172 4183 8348
4088 4104 8190
4199 4200 8390
4008 4138 8143
4045 4198 8212
4068 4169 8220
4122 4156 8249
4068 4087 8144
4013 4138 8124
4155 4183 8307
4106 4164 8260
4045 4077 8101
4057 4132 8157
4056 4061 8081
4035 4053 8075
4080 4088 8143
4092 4158 8249
4016 4101 8095
4026 4154 8164
4095 4151 8215
4059 4095 8138
4034 4185 8189
4119 4126 8241
4053 4183 8230
4155 4184 8336
4084 4098 8173
4012 4029 8024
4100 4193 8263
4191 4195 8348
4184 4191 8365
4134 4149 8273
4013 4162 8168
4127 4190 8302
4192 4195 8374
4099 4196 8292
4135 4146 8247
4118 4192 8273
4151 4155 8279
4134 4195 8301
4003 4198 8168
4186 4191 8358
4122 4163 8248
4152 4163 8277
4134 4199 8322
4146 4163 8292
4086 4155 8206
4111 4180 8265
4112 4155 8248
4195 4196 8365
4163 4170 8310
4115 4156 8240
4011 4134 8115
4035 4099 8118
4064 4185 8234
4158 4159 8310
4039 4180 8212
4091 4200 8270
4024 4116 8112
4133 4143 8258
4117 4183 8271
4079 4136 8210
4085 4146 8214
4069 4156 8220
4019 4127 8144
4071 4170 8238
4187 4188 8350
4079 4162 8223
4175 4190 8332
4027 4134 8156
4151 4172 8296
4144 4177 8317
4134 4184 8300
4155 4173 8308
4017 4048 8033
4042 4174 8184
4166 4170 8297
4069 4150 8195
4063 4087 8138
4031 4086 8109
4169 4171 8334
4115 4118 8202
4060 4066 8090
4079 4169 8238
4029 4147 8151
4180 4182 8332
4184 4200 8362
4056 4197 8252
4057 4140 8170
4034 4108 8120
4024 4154 8170
4118 4134 8221
4130 4165 8292
4021 4146 8152
4024 4081 8092
4180 4199 8367
4079 4125 8203
4006 4062 8057
4096 4176 8250
4018 4048 8043
4088 4134 8217
4086 4103 8156
4172 4193 8347
4127 4191 8300
4005 4095 8087
4031 4094 8092
4016 4073 8064
4185 4191 8360
4077 4180 8227
4060 4089 8147
4003 4096 8087
4131 4174 8301
4093 4161 8246
4021 4168 8187
4186 4188 8339
4159 4177 8316
4100 4115 8198
4086 4129 8189
4160 4196 8327
4188 4198 8372
4116 4158 8268
4057 4123 8143
4068 4133 8190
4057 4167 8214
4018 4192 8177
4081 4146 8201
4163 4183 8324
4163 4187 8312
4017 4061 8046
4105 4160 8226
4118 4181 8270
4052 4182 8207
4091 4142 8225
4037 4164 8186
4110 4133 8228
4101 4124 8213
4097 4177 8265
4143 4152 8278
4110 4161 8252
4110 4162 8243
4124 4158 8260
4148 4150 8264
4178 4183 8329
4059 4161 8202
4060 4075 8122
4169 4178 8343
4062 4157 8213
4185 4188 8347
4032 4080 8088
4048 4098 8130
4089 4156 8244
4106 4132 8227
4167 4172 8304
4144 4198 8308
4051 4165 8205
4021 4198 8206
4182 4198 8353
4028 4122 8144
4124 4126 8215
4082 4106 8152
4129 4196 8323
4099 4114 8183
4030 4198 8204
4141 4192 8329
4183 4190 8363
4056 4199 8252
4125 4165 8280
4153 4165 8282
4025 4149 8149
4003 4066 8034
4133 4166 8292
4103 4192 8287
4050 4163 8182
4032 4056 8084
4195 4197 8368
4135 4191 8302
4149 4169 8306
4126 4194 8318
4056 4160 8189
4047 4063 8107
4186 4190 8371
4059 4116 8154
4059 4138 8195
4105 4135 8232
4026 4175 8175
4030 4099 8109
4182 4188 8332
4010 4145 8140
4108 4195 8275
4022 4091 8084
4060 4176 8231
4145 4193 8323
4080 4180 8255
4129 4151 8248
4088 4128 8194
4069 4114 8169
4084 4118 8171
4120 4150 8263
4104 4122 8208
4147 4150 8270
4109 4200 8281
4170 4179 8346
4099 4198 8296
4142 4194 8312
4184 4190 8365
4173 4175 8347
4152 4191 8336
4087 4157 8237
4144 4195 8324
4076 4158 8231
4144 4166 8276
4191 4195 8350
4009 4169 8140
4110 4130 8209
4190 4193 8378
4051 4184 8219
4181 4191 8349
4036 4158 8181
4077 4126 8191
4048 4156 8201
4103 4181 8266
4158 4186 8314
4050 4133 8160
4032 4096 8117
4005 4071 8057
4158 4200 8335
4028 4122 8125
4044 4160 8189
4035 4199 8220
4036 4184 8210
4096 4191 8286
4187 4195 8349
4005 4160 8136
4052 4177 8203
4097 4099 8192
4129 4187 8288
4108 4133 8235
4102 4182 8247
4007 4157 8136
4115 4163 8252
4197 4200 8358
4189 4194 8381
4118 4165 8245
4187 4191 8348
4133 4143 8240
4058 4082 8136
4162 4200 8361
4151 4158 8301
4025 4054 8066
4057 4096 8119
4136 4157 8286
4048 4178 8188
4156 4183 8304
4133 4191 8296
4168 4174 8312
4167 4195 8350
4041 4183 8205
4056 4119 8159
4025 4169 8170
4098 4163 8225
4195 4199 8380
4046 4173 8211
4045 4087 8109
4016 4163 8155
4042 4154 8190
4074 4170 8242
4199 4200 8361
4090 4172 8248
4160 4191 8346
4177 4199 8363
4185 4194 8349
4196 4199 8380
4133 4169 8283
4110 4139 8219
4177 4183 8336
4162 4179 8320
4047 4141 8158
4126 4174 8285
4014 4144 8135
4021 4073 8060
4117 4145 8253
4078 4116 8191
4031 4047 8075
4112 4141 8232
4117 4135 8228
4138 4145 8271
4148 4175 8303

0.010000 0.600000
