500
2674363
4225 4288 8513
4172 4267 8439
4185 4238 8423
4209 4262 8471
4295 4298 8593
4220 4263 8483
4199 4264 8463
4159 4278 8437
4245 4262 8507
4297 4298 8595
4119 4268 8387
4194 4236 8430
4125 4255 8380
4270 4287 8557
4159 4265 8424
4107 4195 8302
4254 4265 8519
4247 4270 8517
4111 4288 8399
4223 4299 8522
4169 4212 8381
4109 4131 8240
4183 4189 8372
4203 4296 8499
4225 4295 8520
4155 4188 8343
4149 4152 8301
4270 4300 8570
4283 4298 8581
4104 4190 8294
4154 4213 8367
4254 4289 8543
4191 4272 8463
4245 4289 8534
4181 4287 8468
4198 4219 8417
4246 4250 8496
4169 4190 8359
4248 4298 8546
4136 4257 8393
4117 4180 8297
4114 4271 8385
4298 4300 8598
4247 4250 8497
4161 4293 8454
4110 4263 8373
4261 4271 8532
4256 4273 8529
4291 4296 8587
4138 4271 8409
4170 4218 8388
4209 4261 8470
4246 4278 8524
4178 4267 8445
4225 4263 8488
4105 4119 8224
4279 4298 8577
4210 4220 8430
4278 4294 8572
4274 4278 8552
4117 4171 8288
4170 4205 8375
4296 4297 8593
4203 4292 8495
4209 4256 8465
4297 4299 8596
4116 4268 8384
4138 4292 8430
4112 4187 8299
4179 4208 8387
4226 4295 8521
4122 4208 8330
4295 4297 8592
4116 4279 8395
4214 4264 8478
4168 4169 8337
4198 4237 8435
4177 4300 8477
4274 4280 8554
4243 4278 8521
4200 4202 8402
4212 4252 8464
4226 4227 8453
4101 4151 8252
4114 4213 8327
4263 4293 8556
4176 4224 8400
4148 4201 8349
4123 4269 8392
4180 4211 8391
4282 4295 8577
4269 4300 8569
4179 4211 8390
4181 4245 8426
4177 4261 8438
4235 4288 8523
4224 4243 8467
4150 4241 8391
4171 4193 8364
4228 4231 8459
4220 4260 8480
4234 4291 8525
4124 4285 8409
4156 4220 8376
4227 4237 8464
4262 4271 8533
4249 4265 8514
4165 4258 8423
4204 4296 8500
4216 4225 8441
4125 4156 8281
4238 4256 8494
4246 4264 8510
4108 4230 8338
4103 4240 8343
4290 4298 8588
4165 4256 8421
4215 4258 8473
4140 4169 8309
4140 4151 8291
4277 4288 8565
4132 4223 8355
4169 4192 8361
4137 4183 8320
4119 4298 8417
4222 4224 8446
4221 4255 8476
4198 4240 8438
4282 4297 8579
4230 4277 8507
4181 4257 8438
4147 4163 8310
4156 4257 8413
4143 4276 8419
4295 4297 8592
4143 4183 8326
4233 4287 8520
4216 4221 8437
4267 4288 8555
4157 4283 8440
4243 4270 8513
4226 4247 8473
4175 4221 8396
4103 4217 8320
4195 4249 8444
4170 4197 8367
4210 4241 8451
4177 4284 8461
4144 4192 8336
4295 4298 8593
4188 4240 8428
4145 4215 8360
4133 4293 8426
4295 4300 8595
4229 4272 8501
4236 4250 8486
4144 4146 8290
4271 4293 8564
4187 4212 8399
4236 4281 8517
4240 4284 8524
4201 4298 8499
4288 4291 8579
4288 4289 8577
4127 4210 8337
4298 4300 8598
4194 4239 8433
4179 4291 8470
4177 4289 8466
4179 4280 8459
4181 4190 8371
4177 4245 8422
4268 4288 8556
4159 4190 8349
4111 4121 8232
4231 4266 8497
4160 4229 8389
4278 4284 8562
4299 4300 8599
4242 4283 8525
4289 4290 8579
4225 4287 8512
4225 4236 8461
4258 4282 8540
4123 4251 8374
4239 4283 8522
4163 4177 8340
4104 4114 8218
4118 4252 8370
4255 4270 8525
4131 4202 8333
4156 4245 8401
4163 4272 8435
4125 4169 8294
4124 4217 8341
4283 4285 8568
4101 4174 8275
4177 4191 8368
4142 4156 8298
4224 4288 8512
4195 4196 8391
4254 4294 8548
4223 4277 8500
4202 4223 8425
4285 4300 8585
4288 4298 8586
4294 4295 8589
4174 4263 8437
4158 4184 8342
4217 4229 8446
4241 4249 8490
4245 4290 8535
4193 4265 8458
4277 4287 8564
4186 4220 8406
4104 4223 8327
4288 4296 8584
4203 4204 8407
4294 4299 8593
4187 4300 8487
4161 4271 8432
4222 4230 8452
4247 4288 8535
4159 4260 8419
4289 4290 8579
4172 4182 8354
4266 4281 8547
4116 4269 8385
4198 4226 8424
4214 4296 8510
4123 4270 8393
4198 4285 8483
4232 4290 8522
4281 4295 8576
4200 4215 8415
4182 4264 8446
4264 4284 8548
4268 4283 8551
4244 4292 8536
4115 4243 8358
4179 4221 8400
4106 4125 8231
4189 4300 8489
4186 4237 8423
4177 4184 8361
4209 4243 8452
4272 4286 8558
4299 4300 8599
4274 4280 8554
4227 4240 8467
4156 4247 8403
4245 4269 8514
4185 4207 8392
4108 4234 8342
4252 4293 8545
4205 4300 8505
4196 4208 8404
4181 4209 8390
4209 4261 8470
4242 4277 8519
4202 4212 8414
4160 4181 8341
4288 4297 8585
4148 4287 8435
4206 4286 8492
4237 4288 8525
4240 4276 8516
4285 4298 8583
4259 4288 8547
4147 4273 8420
4184 4275 8459
4264 4284 8548
4257 4262 8519
4201 4207 8408
4278 4285 8563
4280 4284 8564
4215 4221 8436
4135 4151 8286
4219 4238 8457
4123 4282 8405
4138 4257 8395
4256 4285 8541
4101 4203 8304
4184 4189 8373
4262 4292 8554
4234 4266 8500
4205 4222 8427
4254 4268 8522
4202 4263 8465
4193 4200 8393
4163 4203 8366
4167 4222 8389
4281 4294 8575
4288 4292 8580
4254 4290 8544
4219 4235 8454
4206 4213 8419
4201 4245 8446
4289 4292 8581
4121 4223 8344
4120 4206 8326
4254 4261 8515
4234 4299 8533
4291 4297 8588
4231 4247 8478
4263 4264 8527
4157 4199 8356
4120 4232 8352
4109 4261 8370
4118 4286 8404
4290 4299 8589
4216 4272 8488
4241 4289 8530
4273 4292 8565
4130 4153 8283
4187 4214 8401
4216 4299 8515
4208 4275 8483
4256 4258 8514
4289 4292 8581
4269 4286 8555
4119 4290 8409
4117 4156 8273
4137 4240 8377
4299 4300 8599
4189 4274 8463
4236 4248 8484
4115 4118 8233
4169 4255 8424
4189 4288 8477
4169 4271 8440
4144 4213 8357
4285 4286 8571
4140 4185 8325
4148 4226 8374
4261 4285 8546
4180 4282 8462
4187 4218 8405
4162 4170 8332
4242 4272 8514
4146 4204 8350
4279 4300 8579
4285 4298 8583
4145 4146 8291
4285 4297 8582
4126 4157 8283
4259 4279 8538
4213 4248 8461
4231 4271 8502
4188 4279 8467
4125 4191 8316
4192 4261 8453
4164 4218 8382
4271 4287 8558
4282 4284 8566
4113 4274 8387
4240 4297 8537
4207 4215 8422
4283 4286 8569
4236 4295 8531
4229 4290 8519
4153 4188 8341
4152 4213 8365
4155 4156 8311
4284 4300 8584
4109 4141 8250
4275 4294 8569
4270 4292 8562
4194 4227 8421
4205 4247 8452
4172 4239 8411
4262 4295 8557
4141 4192 8333
4152 4266 8418
4101 4297 8398
4112 4124 8236
4216 4233 8449
4272 4282 8554
4119 4160 8279
4135 4157 8292
4115 4279 8394
4224 4273 8497
4229 4291 8520
4169 4254 8423
4159 4184 8343
4169 4178 8347
4143 4252 8395
4198 4244 8442
4249 4262 8511
4174 4235 8409
4107 4210 8317
4142 4207 8349
4172 4230 8402
4150 4200 8350
4231 4295 8526
4298 4299 8597
4236 4240 8476
4217 4260 8477
4202 4227 8429
4173 4255 8428
4264 4287 8551
4254 4275 8529
4219 4222 8441
4140 4142 8282
4168 4222 8390
4299 4300 8599
4202 4290 8492
4203 4280 8483
4248 4251 8499
4134 4287 8421
4191 4253 8444
4137 4161 8298
4269 4283 8552
4115 4225 8340
4288 4293 8581
4157 4300 8457
4238 4242 8480
4134 4273 8407
4111 4277 8388
4242 4277 8519
4124 4225 8349
4275 4292 8567
4123 4243 8366
4289 4294 8583
4116 4296 8412
4139 4172 8311
4141 4253 8394
4197 4285 8482
4253 4267 8520
4177 4229 8406
4143 4161 8304
4252 4287 8539
4262 4276 8538
4237 4273 8510
4216 4232 8448
4148 4213 8361
4122 4188 8310
4296 4298 8594
4115 4278 8393
4107 4129 8236
4175 4245 8420
4104 4120 8224
4170 4215 8385
4146 4181 8327
4179 4256 8435
4150 4171 8321
4181 4259 8440
4188 4201 8389
4120 4199 8319
4221 4275 8496
4168 4182 8350
4139 4181 8320
4258 4275 8533
4181 4286 8467
4171 4179 8350
4260 4297 8557
4223 4237 8460
4280 4296 8576
4139 4291 8430
4252 4276 8528
4199 4225 8424
4284 4292 8576
4114 4213 8327
4153 4298 8451
4196 4234 8430
4266 4285 8551
4259 4282 8541
4133 4136 8269
4187 4291 8478
4206 4243 8449
4201 4280 8481
4271 4287 8558
4260 4267 8527
4215 4252 8467
4169 4288 8457
4172 4186 8358
4158 4175 8333
4232 4295 8527
4125 4221 8346
4286 4299 8585
4239 4259 8498
4191 4219 8410
4154 4238 8392
4227 4267 8494
4164 4209 8373
4148 4251 8399
4100 4246 8346
4136 4294 8430
4228 4281 8509
4206 4236 8442
4193 4275 8468
4174 4176 8350
4170 4244 8414
4155 4222 8377
4164 4175 8339
4117 4155 8272
4282 4297 8579
4150 4246 8396
4291 4295 8586
4192 4227 8419

4125 4188 8293
4072 4167 8222
4085 4138 8206
4109 4162 8255
4195 4198 8372
4120 4163 8266
4099 4164 8249
4059 4178 8211
4145 4162 8301
4197 4198 8356
4019 4168 8183
4094 4136 8213
4025 4155 8178
4170 4187 8332
4059 4165 8222
4007 4095 8067
4154 4165 8313
4147 4170 8290
4011 4188 8181
4123 4199 8316
4069 4112 8166
4009 4031 8030
4083 4089 8142
4103 4196 8279
4125 4195 8310
4055 4088 8116
4049 4052 8091
4170 4200 8367
4183 4198 8369
4004 4090 8082
4054 4113 8141
4154 4189 8328
4091 4172 8245
4145 4189 8298
4081 4187 8240
4098 4119 8193
4146 4150 8265
4069 4090 8150
4148 4198 8339
4036 4157 8165
4017 4080 8061
4014 4171 8181
4198 4200 8396
4147 4150 8268
4061 4193 8252
4010 4163 8158
4161 4171 8308
4156 4173 8323
4191 4196 8371
4038 4171 8200
4070 4118 8167
4109 4161 8231
4146 4178 8300
4078 4167 8228
4125 4163 8285
4005 4019 7994
4179 4198 8338
4110 4120 8228
4178 4194 8346
4174 4178 8335
4017 4071 8069
4070 4105 8167
4196 4197 8373
4103 4192 8257
4109 4156 8262
4197 4199 8390
4016 4168 8162
4038 4192 8215
4012 4087 8076
4079 4108 8184
4126 4195 8309
4022 4108 8107
4195 4197 8356
4016 4179 8193
4114 4164 8264
4068 4069 8115
4098 4137 8202
4077 4200 8248
4174 4180 8318
4143 4178 8282
4100 4102 8192
4112 4152 8259
4126 4127 8218
4001 4051 8016
4014 4113 8089
4163 4193 8336
4076 4124 8191
4048 4101 8115
4023 4169 8181
4080 4111 8174
4182 4195 8371
4169 4200 8334
4079 4111 8172
4081 4145 8195
4077 4161 8213
4135 4188 8284
4124 4143 8238
4050 4141 8181
4071 4093 8139
4128 4131 8256
4120 4160 8245
4134 4191 8290
4024 4185 8181
4056 4120 8165
4127 4137 8257
4162 4171 8319
4149 4165 8293
4065 4158 8216
4104 4196 8265
4116 4125 8227
4025 4056 8065
4138 4156 8283
4146 4164 8284
4008 4130 8103
4003 4140 8131
4190 4198 8386
4065 4156 8217
4115 4158 8270
4040 4069 8072
4040 4051 8058
4177 4188 8343
4032 4123 8153
4069 4092 8148
4037 4083 8119
4019 4198 8216
4122 4124 8223
4121 4155 8254
4098 4140 8223
4182 4197 8371
4130 4177 8305
4081 4157 8216
4047 4063 8086
4056 4157 8180
4043 4176 8197
4195 4197 8375
4043 4083 8113
4133 4187 8318
4116 4121 8226
4167 4188 8353
4057 4183 8211
4143 4170 8276
4126 4147 8244
4075 4121 8171
4003 4117 8095
4095 4149 8210
4070 4097 8152
4110 4141 8246
4077 4184 8244
4044 4092 8128
4195 4198 8377
4088 4140 8222
4045 4115 8143
4033 4193 8216
4195 4200 8368
4129 4172 8284
4136 4150 8282
4044 4046 8087
4171 4193 8335
4087 4112 8183
4136 4181 8288
4140 4184 8318
4101 4198 8282
4188 4191 8365
4188 4189 8370
4027 4110 8116
4198 4200 8383
4094 4139 8205
4079 4191 8232
4077 4189 8246
4079 4180 8228
4081 4090 8138
4077 4145 8186
4168 4188 8324
4059 4090 8117
4011 4021 8000
4131 4166 8282
4060 4129 8179
4178 4184 8337
4199 4200 8389
4142 4183 8298
4189 4190 8349
4125 4187 8297
4125 4136 8254
4158 4182 8320
4023 4151 8137
4139 4183 8296
4063 4077 8103
4004 4014 7997
4018 4152 8135
4155 4170 8314
4031 4102 8114
4056 4145 8193
4063 4172 8206
4025 4069 8089
4024 4117 8124
4183 4185 8347
4001 4074 8042
4077 4091 8145
4042 4056 8090
4124 4188 8308
4095 4096 8174
4154 4194 8327
4123 4177 8273
4102 4123 8210
4185 4200 8374
4188 4198 8374
4194 4195 8352
4074 4163 8208
4058 4084 8130
4117 4129 8243
4141 4149 8265
4145 4190 8332
4093 4165 8248
4177 4187 8340
4086 4120 8197
4004 4123 8107
4188 4196 8374
4103 4104 8175
4194 4199 8381
4087 4200 8258
4061 4171 8204
4122 4130 8245
4147 4188 8314
4059 4160 8215
4189 4190 8354
4072 4082 8152
4166 4181 8320
4016 4169 8165
4098 4126 8197
4114 4196 8303
4023 4170 8189
4098 4185 8266
4132 4190 8302
4181 4195 8366
4100 4115 8209
4082 4164 8227
4164 4184 8334
4168 4183 8319
4144 4192 8316
4015 4143 8121
4079 4121 8173
4006 4025 8003
4089 4200 8274
4086 4137 8195
4077 4084 8125
4109 4143 8238
4172 4186 8329
4199 4200 8395
4174 4180 8320
4127 4140 8234
4056 4147 8167
4145 4169 8301
4085 4107 8189
4008 4134 8122
4152 4193 8344
4105 4200 8282
4096 4108 8201
4081 4109 8174
4109 4161 8269
4142 4177 8297
4102 4112 8178
4060 4081 8113
4188 4197 8382
4048 4187 8199
4106 4186 8280
4137 4188 8303
4140 4176 8308
4185 4198 8375
4159 4188 8324
4047 4173 8208
4084 4175 8255
4164 4184 8343
4157 4162 8281
4101 4107 8190
4178 4185 8348
4180 4184 8344
4115 4121 8214
4035 4051 8051
4119 4138 8244
4023 4182 8173
4038 4157 8159
4156 4185 8302
4001 4103 8076
4084 4089 8141
4162 4192 8339
4134 4166 8286
4105 4122 8220
4154 4168 8303
4102 4163 8257
4093 4100 8188
4063 4103 8142
4067 4122 8151
4181 4194 8367
4188 4192 8352
4154 4190 8334
4119 4135 8231
4106 4113 8200
4101 4145 8216
4189 4192 8354
4021 4123 8128
4020 4106 8120
4154 4161 8307
4134 4199 8307
4191 4197 8372
4131 4147 8243
4163 4164 8315
4057 4099 8154
4020 4132 8138
4009 4161 8136
4018 4186 8171
4190 4199 8386
4116 4172 8276
4141 4189 8314
4173 4192 8332
4030 4053 8077
4087 4114 8190
4116 4199 8280
4108 4175 8246
4156 4158 8298
4189 4192 8347
4169 4186 8331
4019 4190 8188
4017 4056 8072
4037 4140 8155
4199 4200 8387
4089 4174 8230
4136 4148 8261
4015 4018 8023
4069 4155 8214
4089 4188 8240
4069 4171 8203
4044 4113 8149
4185 4186 8361
4040 4085 8110
4048 4126 8154
4161 4185 8319
4080 4182 8261
4087 4118 8200
4062 4070 8115
4142 4172 8311
4046 4104 8123
4179 4200 8374
4185 4198 8356
4045 4046 8071
4185 4197 8365
4026 4057 8077
4159 4179 8299
4113 4148 8233
4131 4171 8292
4088 4179 8231
4025 4091 8102
4092 4161 8231
4064 4118 8177
4171 4187 8333
4182 4184 8349
4013 4174 8154
4140 4197 8326
4107 4115 8190
4183 4186 8336
4136 4195 8330
4129 4190 8301
4053 4088 8110
4052 4113 8140
4055 4056 8108
4184 4200 8352
4009 4041 8041
4175 4194 8335
4170 4192 8345
4094 4127 8195
4105 4147 8222
4072 4139 8181
4162 4195 8321
4041 4092 8122
4052 4166 8205
4001 4197 8172
4012 4024 8021
4116 4133 8212
4172 4182 8320
4019 4060 8056
4035 4057 8060
4015 4179 8165
4124 4173 8292
4129 4191 8311
4069 4154 8195
4059 4084 8138
4069 4078 8135
4043 4152 8175
4098 4144 8228
4149 4162 8298
4074 4135 8177
4007 4110 8116
4042 4107 8126
4072 4130 8164
4050 4100 8135
4131 4195 8288
4198 4199 8376
4136 4140 8272
4117 4160 8245
4102 4127 8228
4073 4155 8195
4164 4187 8337
4154 4175 8293
4119 4122 8227
4040 4042 8064
4068 4122 8189
4199 4200 8372
4102 4190 8264
4103 4180 8253
4148 4151 8292
4034 4187 8210
4091 4153 8218
4037 4061 8095
4169 4183 8344
4015 4125 8128
4188 4193 8344
4057 4200 8224
4138 4142 8258
4034 4173 8197
4011 4177 8179
4142 4177 8301
4024 4125 8116
4175 4192 8355
4023 4143 8130
4189 4194 8356
4016 4196 8187
4039 4072 8103
4041 4153 8164
4097 4185 8255
4153 4167 8308
4077 4129 8188
4043 4061 8090
4152 4187 8337
4162 4176 8315
4137 4173 8305
4116 4132 8216
4048 4113 8155
4022 4088 8103
4196 4198 8357
4015 4178 8191
4007 4029 8019
4075 4145 8216
4004 4020 7998
4070 4115 8153
4046 4081 8096
4079 4156 8227
4050 4071 8114
4081 4159 8239
4088 4101 8151
4020 4099 8098
4121 4175 8263
4068 4082 8146
4039 4081 8119
4158 4175 8303
4081 4186 8266
4071 4079 8116
4160 4197 8346
4123 4137 8226
4180 4196 8351
4039 4191 8219
4152 4176 8300
4099 4125 8187
4184 4192 8364
4014 4113 8107
4053 4198 8250
4096 4134 8192
4166 4185 8319
4159 4182 8306
4033 4036 8048
4087 4191 8270
4106 4143 8227
4101 4180 8273
4171 4187 8350
4160 4167 8303
4115 4152 8230
4069 4188 8226
4072 4086 8140
4058 4075 8095
4132 4195 8302
4025 4121 8134
4186 4199 8350
4139 4159 8267
4091 4119 8195
4054 4138 8162
4127 4167 8268
4064 4109 8168
4048 4151 8171
4000 4146 8111
4036 4194 8218
4128 4181 8287
4106 4136 8236
4093 4175 8255
4074 4076 8149
4070 4144 8201
4055 4122 8151
4064 4075 8116
4017 4055 8061
4182 4197 8345
4050 4146 8188
4191 4195 8366
4092 4127 8183

0.010000 0.650000
