500
2139374
4182 4254 8436
4145 4243 8388
4283 4300 8583
4236 4243 8479
4113 4257 8370
4175 4254 8429
4173 4222 8395
4167 4255 8422
4109 4231 8340
4258 4273 8531
4281 4291 8572
4219 4223 8442
4191 4220 8411
4298 4300 8598
4106 4221 8327
4169 4282 8451
4115 4135 8250
4271 4277 8548
4296 4297 8593
4145 4167 8312
4197 4273 8470
4283 4286 8569
4162 4251 8413
4103 4193 8296
4219 4261 8480
4107 4115 8222
4143 4214 8357
4134 4237 8371
4197 4222 8419
4221 4294 8515
4149 4296 8445
4133 4256 8389
4193 4285 8478
4144 4214 8358
4206 4298 8504
4249 4274 8523
4176 4195 8371
4295 4297 8592
4192 4278 8470
4234 4298 8532
4189 4298 8487
4287 4290 8577
4124 4264 8388
4106 4233 8339
4256 4283 8539
4203 4226 8429
4298 4299 8597
4258 4283 8541
4214 4231 8445
4189 4290 8479
4227 4254 8481
4271 4288 8559
4275 4288 8563
4176 4243 8419
4246 4270 8516
4220 4225 8445
4114 4215 8329
4250 4251 8501
4280 4300 8580
4201 4219 8420
4205 4257 8462
4255 4292 8547
4278 4279 8557
4195 4243 8438
4137 4242 8379
4291 4294 8585
4181 4238 8419
4117 4219 8336
4172 4294 8466
4271 4285 8556
4205 4214 8419
4192 4208 8400
4250 4281 8531
4183 4226 8409
4161 4198 8359
4190 4270 8460
4108 4118 8226
4282 4284 8566
4194 4257 8451
4268 4291 8559
4218 4299 8517
4243 4261 8504
4172 4284 8456
4128 4202 8330
4299 4300 8599
4271 4278 8549
4274 4288 8562
4104 4210 8314
4186 4263 8449
4192 4211 8403
4150 4210 8360
4149 4214 8363
4156 4289 8445
4113 4219 8332
4268 4270 8538
4111 4287 8398
4183 4264 8447
4138 4144 8282
4256 4274 8530
4170 4175 8345
4254 4268 8522
4261 4290 8551
4132 4260 8392
4256 4289 8545
4155 4231 8386
4193 4235 8428
4199 4226 8425
4264 4294 8558
4299 4300 8599
4278 4290 8568
4243 4251 8494
4167 4282 8449
4232 4273 8505
4186 4289 8475
4174 4237 8411
4149 4285 8434
4196 4254 8450
4275 4282 8557
4195 4199 8394
4147 4258 8405
4226 4285 8511
4165 4273 8438
4234 4280 8514
4131 4229 8360
4129 4227 8356
4269 4289 8558
4118 4221 8339
4207 4278 8485
4276 4280 8556
4206 4293 8499
4262 4267 8529
4110 4205 8315
4260 4295 8555
4115 4258 8373
4158 4228 8386
4299 4300 8599
4215 4270 8485
4102 4237 8339
4127 4205 8332
4200 4268 8468
4205 4235 8440
4256 4265 8521
4156 4256 8412
4115 4134 8249
4105 4123 8228
4273 4299 8572
4119 4281 8400
4246 4252 8498
4285 4300 8585
4209 4255 8464
4228 4233 8461
4140 4200 8340
4258 4265 8523
4271 4277 8548
4164 4175 8339
4138 4287 8425
4198 4220 8418
4178 4281 8459
4189 4262 8451
4276 4280 8556
4199 4223 8422
4150 4258 8408
4112 4289 8401
4258 4297 8555
4191 4267 8458
4264 4294 8558
4299 4300 8599
4193 4214 8407
4176 4180 8356
4164 4182 8346
4184 4269 8453
4245 4254 8499
4227 4275 8502
4198 4290 8488
4182 4197 8379
4167 4253 8420
4124 4178 8302
4296 4297 8593
4247 4268 8515
4107 4269 8376
4112 4155 8267
4251 4271 8522
4155 4192 8347
4165 4199 8364
4186 4289 8475
4184 4256 8440
4219 4257 8476
4276 4292 8568
4226 4230 8456
4120 4157 8277
4144 4184 8328
4206 4289 8495
4175 4224 8399
4298 4299 8597
4205 4270 8475
4205 4236 8441
4104 4271 8375
4197 4231 8428
4138 4279 8417
4234 4261 8495
4229 4283 8512
4101 4274 8375
4259 4262 8521
4161 4225 8386
4187 4222 8409
4178 4185 8363
4297 4300 8597
4108 4135 8243
4248 4260 8508
4151 4226 8377
4279 4282 8561
4268 4285 8553
4276 4295 8571
4232 4297 8529
4192 4279 8471
4268 4283 8551
4218 4251 8469
4143 4230 8373
4128 4246 8374
4127 4279 8406
4197 4242 8439
4192 4295 8487
4144 4256 8400
4277 4291 8568
4206 4215 8421
4114 4157 8271
4150 4240 8390
4129 4208 8337
4141 4282 8423
4152 4288 8440
4124 4220 8344
4182 4275 8457
4102 4243 8345
4209 4293 8502
4119 4234 8353
4218 4236 8454
4103 4208 8311
4220 4253 8473
4212 4223 8435
4251 4259 8510
4183 4251 8434
4135 4276 8411
4151 4170 8321
4272 4285 8557
4137 4165 8302
4201 4204 8405
4252 4278 8530
4122 4171 8293
4106 4282 8388
4229 4241 8470
4202 4227 8429
4252 4294 8546
4255 4256 8511
4145 4265 8410
4148 4162 8310
4264 4275 8539
4195 4246 8441
4231 4284 8515
4242 4278 8520
4244 4255 8499
4175 4203 8378
4124 4161 8285
4104 4146 8250
4156 4187 8343
4299 4300 8599
4183 4265 8448
4286 4295 8581
4169 4241 8410
4277 4282 8559
4267 4296 8563
4136 4263 8399
4233 4285 8518
4104 4144 8248
4151 4295 8446
4214 4295 8509
4112 4230 8342
4143 4164 8307
4292 4295 8587
4151 4260 8411
4127 4257 8384
4138 4257 8395
4121 4205 8326
4234 4247 8481
4291 4295 8586
4168 4261 8429
4115 4267 8382
4117 4121 8238
4241 4244 8485
4190 4265 8455
4153 4250 8403
4258 4275 8533
4215 4287 8502
4135 4176 8311
4190 4219 8409
4255 4272 8527
4174 4297 8471
4164 4261 8425
4255 4262 8517
4125 4200 8325
4174 4295 8469
4175 4296 8471
4247 4253 8500
4276 4286 8562
4225 4294 8519
4259 4286 8545
4135 4288 8423
4205 4258 8463
4188 4219 8407
4166 4285 8451
4131 4186 8317
4232 4242 8474
4115 4195 8310
4114 4252 8366
4139 4291 8430
4167 4222 8389
4228 4298 8526
4128 4180 8308
4159 4169 8328
4139 4146 8285
4238 4250 8488
4111 4245 8356
4118 4246 8364
4158 4270 8428
4282 4284 8566
4204 4252 8456
4152 4187 8339
4224 4248 8472
4210 4228 8438
4250 4287 8537
4129 4194 8323
4222 4300 8522
4273 4300 8573
4115 4293 8408
4280 4285 8565
4209 4276 8485
4290 4291 8581
4208 4275 8483
4264 4299 8563
4203 4287 8490
4116 4273 8389
4238 4280 8518
4126 4295 8421
4208 4239 8447
4141 4212 8353
4138 4155 8293
4236 4293 8529
4258 4275 8533
4159 4240 8399
4215 4291 8506
4188 4265 8453
4173 4279 8452
4248 4281 8529
4118 4214 8332
4136 4180 8316
4213 4263 8476
4165 4245 8410
4157 4214 8371
4193 4300 8493
4188 4232 8420
4137 4191 8328
4147 4279 8426
4278 4292 8570
4241 4247 8488
4217 4285 8502
4275 4300 8575
4135 4274 8409
4238 4281 8519
4283 4285 8568
4247 4293 8540
4113 4291 8404
4177 4260 8437
4152 4252 8404
4280 4286 8566
4140 4166 8306
4286 4291 8577
4159 4218 8377
4123 4206 8329
4202 4236 8438
4115 4290 8405
4155 4270 8425
4238 4275 8513
4130 4210 8340
4139 4177 8316
4127 4282 8409
4115 4218 8333
4118 4275 8393
4247 4276 8523
4128 4299 8427
4228 4290 8518
4121 4262 8383
4291 4296 8587
4154 4157 8311
4288 4297 8585
4109 4283 8392
4197 4232 8429
4135 4264 8399
4190 4196 8386
4266 4298 8564
4204 4300 8504
4125 4181 8306
4184 4214 8398
4298 4300 8598
4239 4278 8517
4199 4293 8492
4234 4290 8524
4253 4288 8541
4179 4258 8437
4247 4267 8514
4187 4237 8424
4199 4263 8462
4225 4247 8472
4169 4223 8392
4291 4296 8587
4202 4243 8445
4127 4244 8371
4258 4281 8539
4142 4260 8402
4249 4289 8538
4134 4149 8283
4178 4249 8427
4240 4266 8506
4193 4212 8405
4140 4224 8364
4223 4298 8521
4282 4290 8572
4270 4296 8566
4187 4255 8442
4235 4269 8504
4284 4294 8578
4252 4262 8514
4243 4264 8507
4264 4278 8542
4163 4212 8375
4268 4300 8568
4188 4289 8477
4139 4257 8396
4205 4228 8433
4201 4213 8414
4158 4222 8380
4150 4181 8331
4259 4297 8556
4259 4280 8539
4228 4240 8468
4265 4267 8532
4295 4300 8595
4107 4209 8316
4190 4224 8414
4155 4200 8355
4183 4289 8472
4111 4284 8395
4127 4244 8371
4204 4216 8420
4241 4247 8488
4288 4293 8581
4176 4264 8440
4166 4244 8410
4239 4293 8532
4241 4273 8514
4123 4260 8383
4269 4270 8539
4141 4184 8325
4154 4234 8388
4258 4295 8553
4108 4220 8328
4136 4212 8348
4278 4286 8564
4200 4219 8419
4298 4300 8598
4186 4266 8452
4273 4288 8561
4200 4299 8499
4236 4281 8517
4172 4271 8443
4213 4261 8474
4277 4286 8563
4251 4256 8507
4163 4243 8406
4101 4167 8268
4115 4259 8374
4120 4251 8371
4262 4284 8546
4162 4273 8435
4165 4211 8376
4102 4202 8304
4135 4174 8309
4270 4273 8543
4238 4257 8495
4201 4221 8422
4249 4296 8545
4175 4273 8448
4268 4289 8557
4101 4258 8359
4200 4234 8434
4222 4288 8510
4185 4223 8408
4161 4252 8413
4168 4230 8398
4216 4255 8471
4172 4294 8466
4245 4283 8528

4082 4154 8200
4045 4143 8153
4183 4200 8363
4136 4143 8248
4013 4157 8137
4075 4154 8197
4073 4122 8157
4067 4155 8199
4009 4131 8116
4158 4173 8297
4181 4191 8352
4119 4123 8222
4091 4120 8188
4198 4200 8360
4006 4121 8093
4069 4182 8226
4015 4035 8018
4171 4177 8314
4196 4197 8382
4045 4067 8076
4097 4173 8251
4183 4186 8344
4062 4151 8192
4003 4093 8095
4119 4161 8265
4007 4015 8020
4043 4114 8125
4034 4137 8166
4097 4122 8207
4121 4194 8303
4049 4196 8211
4033 4156 8185
4093 4185 8268
4044 4114 8144
4106 4198 8291
4149 4174 8310
4076 4095 8139
4195 4197 8390
4092 4178 8258
4134 4198 8322
4089 4198 8255
4187 4190 8342
4024 4164 8174
4006 4133 8103
4156 4183 8322
4103 4126 8218
4198 4199 8359
4158 4183 8309
4114 4131 8241
4089 4190 8248
4127 4154 8265
4171 4188 8358
4175 4188 8357
4076 4143 8207
4146 4170 8291
4120 4125 8241
4014 4115 8093
4150 4151 8277
4180 4200 8350
4101 4119 8182
4105 4157 8256
4155 4192 8333
4178 4179 8353
4095 4143 8203
4037 4142 8160
4191 4194 8350
4081 4138 8201
4017 4119 8114
4072 4194 8228
4171 4185 8350
4105 4114 8198
4092 4108 8193
4150 4181 8304
4083 4126 8173
4061 4098 8123
4090 4170 8246
4008 4018 8013
4182 4184 8333
4094 4157 8246
4168 4191 8358
4118 4199 8280
4143 4161 8270
4072 4184 8236
4028 4102 8122
4199 4200 8375
4171 4178 8328
4174 4188 8349
4004 4110 8110
4086 4163 8233
4092 4111 8202
4050 4110 8124
4049 4114 8161
4056 4189 8217
4013 4119 8096
4168 4170 8335
4011 4187 8162
4083 4164 8223
4038 4044 8047
4156 4174 8321
4070 4075 8137
4154 4168 8284
4161 4190 8341
4032 4160 8164
4156 4189 8308
4055 4131 8175
4093 4135 8191
4099 4126 8190
4164 4194 8356
4199 4200 8370
4178 4190 8363
4143 4151 8280
4067 4182 8231
4132 4173 8299
4086 4189 8248
4074 4137 8192
4049 4185 8219
4096 4154 8227
4175 4182 8355
4095 4099 8160
4047 4158 8204
4126 4185 8301
4065 4173 8219
4134 4180 8286
4031 4129 8140
4029 4127 8147
4169 4189 8322
4018 4121 8103
4107 4178 8253
4176 4180 8325
4106 4193 8297
4162 4167 8327
4010 4105 8109
4160 4195 8344
4015 4158 8152
4058 4128 8179
4199 4200 8360
4115 4170 8277
4002 4137 8119
4027 4105 8096
4100 4168 8250
4105 4135 8226
4156 4165 8302
4056 4156 8208
4015 4034 8047
4005 4023 8023
4173 4199 8344
4019 4181 8183
4146 4152 8287
4185 4200 8379
4109 4155 8252
4128 4133 8225
4040 4100 8120
4158 4165 8285
4171 4177 8313
4064 4075 8127
4038 4187 8190
4098 4120 8185
4078 4181 8229
4089 4162 8244
4176 4180 8320
4099 4123 8209
4050 4158 8202
4012 4189 8195
4158 4197 8340
4091 4167 8236
4164 4194 8334
4199 4200 8362
4093 4114 8185
4076 4080 8128
4064 4082 8140
4084 4169 8218
4145 4154 8283
4127 4175 8272
4098 4190 8252
4082 4097 8142
4067 4153 8204
4024 4078 8084
4196 4197 8384
4147 4168 8282
4007 4169 8162
4012 4055 8048
4151 4171 8312
4055 4092 8140
4065 4099 8154
4086 4189 8264
4084 4156 8207
4119 4157 8259
4176 4192 8339
4126 4130 8234
4020 4057 8072
4044 4084 8118
4106 4189 8294
4075 4124 8171
4198 4199 8368
4105 4170 8258
4105 4136 8230
4004 4171 8155
4097 4131 8210
4038 4179 8216
4134 4161 8258
4129 4183 8311
4001 4174 8152
4159 4162 8290
4061 4125 8165
4087 4122 8177
4078 4085 8147
4197 4200 8378
4008 4035 8013
4148 4160 8298
4051 4126 8141
4179 4182 8331
4168 4185 8348
4176 4195 8346
4132 4197 8320
4092 4179 8246
4168 4183 8340
4118 4151 8244
4043 4130 8150
4028 4146 8169
4027 4179 8196
4097 4142 8229
4092 4195 8284
4044 4156 8183
4177 4191 8329
4106 4115 8196
4014 4057 8042
4050 4140 8171
4029 4108 8126
4041 4182 8221
4052 4188 8225
4024 4120 8130
4082 4175 8252
4002 4143 8119
4109 4193 8295
4019 4134 8139
4118 4136 8218
4003 4108 8079
4120 4153 8265
4112 4123 8227
4151 4159 8308
4083 4151 8201
4035 4176 8179
4051 4070 8091
4172 4185 8351
4037 4065 8082
4101 4104 8200
4152 4178 8307
4022 4071 8065
4006 4182 8185
4129 4141 8234
4102 4127 8221
4152 4194 8326
4155 4156 8291
4045 4165 8181
4048 4062 8076
4164 4175 8310
4095 4146 8219
4131 4184 8282
4142 4178 8285
4144 4155 8272
4075 4103 8145
4024 4061 8051
4004 4046 8017
4056 4087 8123
4199 4200 8371
4083 4165 8215
4186 4195 8375
4069 4141 8209
4177 4182 8337
4167 4196 8348
4036 4163 8177
4133 4185 8312
4004 4044 8014
4051 4195 8244
4114 4195 8272
4012 4130 8108
4043 4064 8091
4192 4195 8377
4051 4160 8195
4027 4157 8165
4038 4157 8176
4021 4105 8092
4134 4147 8272
4191 4195 8358
4068 4161 8206
4015 4167 8170
4017 4021 8026
4141 4144 8248
4090 4165 8243
4053 4150 8185
4158 4175 8305
4115 4187 8295
4035 4076 8083
4090 4119 8178
4155 4172 8301
4074 4197 8256
4064 4161 8207
4155 4162 8280
4025 4100 8106
4074 4195 8265
4075 4196 8264
4147 4153 8266
4176 4186 8326
4125 4194 8292
4159 4186 8328
4035 4188 8191
4105 4158 8256
4088 4119 8173
4066 4185 8221
4031 4086 8088
4132 4142 8271
4015 4095 8086
4014 4152 8139
4039 4191 8229
4067 4122 8167
4128 4198 8323
4028 4080 8095
4059 4069 8104
4039 4046 8069
4138 4150 8258
4011 4145 8146
4018 4146 8137
4058 4170 8223
4182 4184 8352
4104 4152 8247
4052 4087 8111
4124 4148 8265
4110 4128 8225
4150 4187 8327
4029 4094 8089
4122 4200 8294
4173 4200 8340
4015 4193 8178
4180 4185 8349
4109 4176 8262
4190 4191 8368
4108 4175 8255
4164 4199 8326
4103 4187 8262
4016 4173 8188
4138 4180 8286
4026 4195 8201
4108 4139 8244
4041 4112 8120
4038 4055 8065
4136 4193 8299
4158 4175 8313
4059 4140 8170
4115 4191 8282
4088 4165 8232
4073 4179 8244
4148 4181 8316
4018 4114 8112
4036 4080 8094
4113 4163 8246
4065 4145 8207
4057 4114 8170
4093 4200 8271
4088 4132 8191
4037 4091 8103
4047 4179 8202
4178 4192 8353
4141 4147 8286
4117 4185 8288
4175 4200 8367
4035 4174 8198
4138 4181 8290
4183 4185 8344
4147 4193 8305
4013 4191 8187
4077 4160 8214
4052 4152 8175
4180 4186 8342
4040 4066 8100
4186 4191 8366
4059 4118 8173
4023 4106 8095
4102 4136 8202
4015 4190 8170
4055 4170 8216
4138 4175 8281
4030 4110 8131
4039 4077 8109
4027 4182 8181
4015 4118 8103
4018 4175 8173
4147 4176 8321
4028 4199 8208
4128 4190 8280
4021 4162 8175
4191 4196 8373
4054 4057 8074
4188 4197 8362
4009 4183 8165
4097 4132 8199
4035 4164 8189
4090 4096 8182
4166 4198 8338
4104 4200 8286
4025 4081 8100
4084 4114 8195
4198 4200 8374
4139 4178 8300
4099 4193 8262
4134 4190 8319
4153 4188 8336
4079 4158 8235
4147 4167 8300
4087 4137 8216
4099 4163 8230
4125 4147 8271
4069 4123 8162
4191 4196 8365
4102 4143 8216
4027 4144 8138
4158 4181 8304
4042 4160 8187
4149 4189 8328
4034 4049 8081
4078 4149 8206
4140 4166 8274
4093 4112 8197
4040 4124 8144
4123 4198 8318
4182 4190 8352
4170 4196 8359
4087 4155 8234
4135 4169 8267
4184 4194 8340
4152 4162 8280
4143 4164 8277
4164 4178 8326
4063 4112 8164
4168 4200 8366
4088 4189 8268
4039 4157 8163
4105 4128 8198
4101 4113 8212
4058 4122 8165
4050 4081 8093
4159 4197 8352
4159 4180 8332
4128 4140 8250
4165 4167 8296
4195 4200 8377
4007 4109 8084
4090 4124 8196
4055 4100 8119
4083 4189 8261
4011 4184 8190
4027 4144 8156
4104 4116 8196
4141 4147 8256
4188 4193 8342
4076 4164 8218
4066 4144 8195
4139 4193 8304
4141 4173 8291
4023 4160 8177
4169 4170 8337
4041 4084 8099
4054 4134 8154
4158 4195 8333
4008 4120 8097
4036 4112 8120
4178 4186 8350
4100 4119 8199
4198 4200 8368
4086 4166 8236
4173 4188 8354
4100 4199 8260
4136 4181 8283
4072 4171 8235
4113 4161 8252
4177 4186 8359
4151 4156 8304
4063 4143 8194
4001 4067 8035
4015 4159 8138
4020 4151 8165
4162 4184 8307
4062 4173 8211
4065 4111 8158
4002 4102 8100
4035 4074 8102
4170 4173 8309
4138 4157 8273
4101 4121 8216
4149 4196 8330
4075 4173 8241
4168 4189 8337
4001 4158 8139
4100 4134 8209
4122 4188 8294
4085 4123 8177
4061 4152 8177
4068 4130 8181
4116 4155 8248
4072 4194 8233
4145 4183 8327

0.010000 0.520000
