500
2550744
4210 4240 8450
4185 4253 8438
4289 4298 8587
4134 4155 8289
4296 4297 8593
4160 4286 8446
4106 4247 8353
4249 4272 8521
4297 4298 8595
4163 4280 8443
4154 4296 8450
4153 4237 8390
4282 4300 8582
4226 4228 8454
4146 4237 8383
4121 4217 8338
4105 4259 8364
4207 4259 8466
4170 4262 8432
4298 4299 8597
4246 4259 8505
4217 4272 8489
4129 4214 8343
4206 4264 8470
4128 4278 8406
4261 4292 8553
4183 4293 8476
4238 4263 8501
4218 4245 8463
4183 4265 8448
4113 4294 8407
4197 4255 8452
4239 4263 8502
4168 4183 8351
4172 4201 8373
4245 4290 8535
4282 4287 8569
4287 4289 8576
4236 4255 8491
4201 4272 8473
4227 4288 8515
4269 4288 8557
4110 4136 8246
4210 4278 8488
4150 4258 8408
4164 4215 8379
4212 4219 8431
4254 4292 8546
4158 4263 8421
4193 4223 8416
4169 4255 8424
4206 4256 8462
4202 4293 8495
4282 4290 8572
4117 4256 8373
4215 4222 8437
4101 4223 8324
4249 4251 8500
4202 4245 8447
4292 4296 8588
4107 4108 8215
4218 4264 8482
4295 4296 8591
4138 4170 8308
4289 4300 8589
4105 4227 8332
4109 4260 8369
4237 4276 8513
4270 4292 8562
4120 4277 8397
4215 4285 8500
4121 4285 8406
4265 4296 8561
4136 4147 8283
4174 4246 8420
4179 4212 8391
4242 4264 8506
4103 4215 8318
4269 4297 8566
4273 4274 8547
4268 4292 8560
4297 4298 8595
4129 4164 8293
4247 4269 8516
4114 4224 8338
4265 4283 8548
4213 4279 8492
4116 4248 8364
4169 4278 8447
4298 4299 8597
4213 4249 8462
4141 4204 8345
4167 4234 8401
4153 4241 8394
4296 4297 8593
4121 4290 8411
4122 4286 8408
4198 4263 8461
4154 4192 8346
4212 4291 8503
4210 4219 8429
4164 4227 8391
4291 4292 8583
4160 4191 8351
4282 4284 8566
4245 4249 8494
4129 4258 8387
4234 4271 8505
4100 4117 8217
4193 4194 8387
4108 4134 8242
4265 4273 8538
4188 4241 8429
4216 4262 8478
4235 4289 8524
4108 4200 8308
4168 4280 8448
4110 4243 8353
4202 4218 8420
4180 4279 8459
4110 4206 8316
4264 4267 8531
4142 4238 8380
4128 4172 8300
4157 4290 8447
4229 4248 8477
4196 4293 8489
4240 4300 8540
4144 4181 8325
4206 4251 8457
4118 4278 8396
4245 4271 8516
4119 4272 8391
4129 4132 8261
4278 4289 8567
4279 4284 8563
4191 4289 8480
4194 4216 8410
4175 4296 8471
4151 4255 8406
4101 4203 8304
4195 4253 8448
4162 4255 8417
4270 4278 8548
4182 4190 8372
4239 4266 8505
4222 4236 8458
4110 4200 8310
4106 4229 8335
4233 4280 8513
4235 4242 8477
4296 4299 8595
4210 4227 8437
4195 4258 8453
4167 4290 8457
4294 4295 8589
4134 4260 8394
4124 4152 8276
4209 4248 8457
4210 4257 8467
4276 4295 8571
4177 4241 8418
4230 4290 8520
4102 4235 8337
4237 4243 8480
4104 4121 8225
4298 4299 8597
4158 4176 8334
4121 4262 8383
4112 4214 8326
4201 4217 8418
4139 4285 8424
4149 4155 8304
4278 4296 8574
4261 4280 8541
4242 4284 8526
4258 4300 8558
4276 4290 8566
4146 4243 8389
4172 4294 8466
4202 4210 8412
4291 4299 8590
4264 4271 8535
4167 4231 8398
4166 4172 8338
4194 4229 8423
4288 4299 8587
4142 4231 8373
4283 4297 8580
4128 4261 8389
4153 4179 8332
4157 4213 8370
4213 4242 8455
4119 4172 8291
4140 4272 8412
4288 4300 8588
4267 4290 8557
4249 4278 8527
4142 4256 8398
4124 4247 8371
4238 4298 8536
4184 4223 8407
4150 4244 8394
4133 4146 8279
4107 4262 8369
4216 4240 8456
4111 4228 8339
4282 4289 8571
4200 4239 8439
4128 4288 8416
4248 4254 8502
4279 4300 8579
4190 4272 8462
4114 4148 8262
4185 4196 8381
4146 4243 8389
4122 4210 8332
4159 4181 8340
4119 4245 8364
4249 4265 8514
4282 4283 8565
4135 4159 8294
4283 4288 8571
4193 4275 8468
4133 4295 8428
4296 4300 8596
4215 4294 8509
4202 4217 8419
4243 4293 8536
4132 4231 8363
4203 4257 8460
4122 4167 8289
4294 4298 8592
4112 4149 8261
4214 4215 8429
4175 4190 8365
4137 4170 8307
4259 4273 8532
4152 4241 8393
4177 4288 8465
4207 4258 8465
4156 4289 8445
4190 4255 8445
4215 4283 8498
4166 4245 8411
4207 4228 8435
4223 4234 8457
4201 4275 8476
4134 4267 8401
4242 4255 8497
4134 4150 8284
4182 4272 8454
4203 4218 8421
4283 4298 8581
4192 4246 8438
4144 4197 8341
4186 4232 8418
4260 4291 8551
4112 4283 8395
4245 4289 8534
4123 4155 8278
4162 4290 8452
4176 4179 8355
4143 4167 8310
4115 4255 8370
4298 4300 8598
4210 4234 8444
4166 4183 8349
4125 4147 8272
4294 4300 8594
4159 4294 8453
4293 4298 8591
4289 4298 8587
4175 4257 8432
4191 4207 8398
4163 4247 8410
4188 4295 8483
4283 4289 8572
4145 4293 8438
4147 4257 8404
4265 4269 8534
4185 4224 8409
4124 4237 8361
4214 4290 8504
4184 4259 8443
4178 4255 8433
4207 4219 8426
4151 4271 8422
4173 4240 8413
4291 4295 8586
4270 4294 8564
4248 4290 8538
4164 4266 8430
4153 4228 8381
4293 4300 8593
4196 4238 8434
4107 4179 8286
4197 4282 8479
4169 4255 8424
4244 4280 8524
4288 4294 8582
4152 4247 8399
4244 4273 8517
4278 4290 8568
4164 4188 8352
4192 4231 8423
4280 4289 8569
4203 4229 8432
4207 4257 8464
4260 4276 8536
4215 4286 8501
4152 4259 8411
4260 4283 8543
4157 4281 8438
4266 4292 8558
4112 4156 8268
4288 4298 8586
4174 4273 8447
4256 4281 8537
4272 4293 8565
4134 4240 8374
4125 4231 8356
4153 4285 8438
4244 4282 8526
4246 4263 8509
4131 4166 8297
4258 4266 8524
4104 4292 8396
4119 4179 8298
4120 4139 8259
4115 4203 8318
4177 4291 8468
4202 4296 8498
4139 4231 8370
4191 4249 8440
4101 4281 8382
4265 4288 8553
4105 4193 8298
4283 4284 8567
4184 4219 8403
4270 4275 8545
4268 4273 8541
4242 4282 8524
4298 4299 8597
4143 4218 8361
4246 4262 8508
4223 4243 8466
4277 4296 8573
4138 4181 8319
4294 4299 8593
4243 4289 8532
4147 4280 8427
4125 4144 8269
4154 4228 8382
4209 4238 8447
4128 4292 8420
4249 4272 8521
4190 4219 8409
4144 4274 8418
4108 4212 8320
4111 4128 8239
4237 4240 8477
4153 4279 8432
4132 4191 8323
4106 4195 8301
4198 4269 8467
4184 4245 8429
4106 4277 8383
4135 4140 8275
4137 4223 8360
4239 4286 8525
4218 4278 8496
4186 4242 8428
4169 4299 8468
4129 4162 8291
4246 4287 8533
4146 4270 8416
4204 4209 8413
4179 4293 8472
4245 4260 8505
4287 4299 8586
4202 4229 8431
4105 4263 8368
4264 4267 8531
4146 4163 8309
4163 4181 8344
4271 4276 8547
4165 4233 8398
4276 4298 8574
4236 4273 8509
4158 4269 8427
4295 4297 8592
4259 4271 8530
4243 4298 8541
4209 4223 8432
4110 4191 8301
4170 4214 8384
4281 4289 8570
4280 4287 8567
4292 4294 8586
4296 4300 8596
4232 4235 8467
4276 4289 8565
4152 4230 8382
4291 4294 8585
4109 4136 8245
4188 4269 8457
4279 4286 8565
4181 4291 8472
4168 4286 8454
4239 4280 8519
4247 4286 8533
4151 4237 8388
4138 4261 8399
4249 4289 8538
4294 4300 8594
4204 4258 8462
4126 4297 8423
4226 4246 8472
4147 4282 8429
4297 4299 8596
4212 4230 8442
4181 4280 8461
4203 4244 8447
4179 4212 8391
4154 4177 8331
4166 4174 8340
4175 4178 8353
4184 4207 8391
4180 4258 8438
4271 4272 8543
4236 4270 8506
4114 4295 8409
4126 4211 8337
4243 4257 8500
4195 4249 8444
4249 4285 8534
4135 4294 8429
4100 4288 8388
4290 4299 8589
4240 4272 8512
4168 4176 8344
4289 4290 8579
4180 4251 8431
4137 4251 8388
4182 4264 8446
4116 4148 8264
4189 4247 8436
4124 4294 8418
4173 4277 8450
4251 4300 8551
4201 4262 8463
4206 4266 8472
4174 4276 8450
4291 4294 8585
4285 4292 8577
4198 4210 8408
4114 4131 8245
4221 4237 8458
4158 4177 8335
4141 4232 8373
4263 4265 8528
4283 4297 8580
4265 4266 8531
4134 4174 8308
4178 4220 8398
4171 4199 8370
4259 4281 8540
4219 4236 8455
4135 4257 8392
4279 4283 8562
4258 4276 8534
4154 4296 8450
4126 4133 8259
4243 4288 8531
4243 4297 8540
4183 4205 8388
4254 4297 8551
4288 4299 8587
4254 4280 8534
4138 4268 8406
4294 4295 8589
4136 4253 8389
4256 4296 8552
4292 4300 8592
4177 4275 8452
4210 4211 8421
4175 4226 8401
4125 4291 8416
4219 4224 8443
4296 4297 8593
4187 4226 8413
4225 4292 8517
4170 4227 8397
4150 4220 8370
4292 4293 8585
4244 4299 8543
4143 4267 8410
4117 4149 8266
4183 4219 8402

4110 4140 8236
4085 4153 8223
4189 4198 8382
4034 4055 8080
4196 4197 8392
4060 4186 8219
4006 4147 8137
4149 4172 8296
4197 4198 8367
4063 4180 8241
4054 4196 8214
4053 4137 8154
4182 4200 8352
4126 4128 8243
4046 4137 8173
4021 4117 8113
4005 4159 8163
4107 4159 8242
4070 4162 8230
4198 4199 8393
4146 4159 8266
4117 4172 8258
4029 4114 8135
4106 4164 8242
4028 4178 8187
4161 4192 8328
4083 4193 8241
4138 4163 8275
4118 4145 8242
4083 4165 8221
4013 4194 8171
4097 4155 8247
4139 4163 8298
4068 4083 8133
4072 4101 8137
4145 4190 8323
4182 4187 8331
4187 4189 8350
4136 4155 8273
4101 4172 8236
4127 4188 8313
4169 4188 8338
4010 4036 8028
4110 4178 8250
4050 4158 8175
4064 4115 8178
4112 4119 8230
4154 4192 8324
4058 4163 8196
4093 4123 8214
4069 4155 8204
4106 4156 8232
4102 4193 8265
4182 4190 8336
4017 4156 8154
4115 4122 8219
4001 4123 8107
4149 4151 8269
4102 4145 8233
4192 4196 8350
4007 4008 8005
4118 4164 8278
4195 4196 8359
4038 4070 8095
4189 4200 8374
4005 4127 8131
4009 4160 8158
4137 4176 8277
4170 4192 8349
4020 4177 8183
4115 4185 8283
4021 4185 8168
4165 4196 8345
4036 4047 8063
4074 4146 8215
4079 4112 8189
4142 4164 8299
4003 4115 8080
4169 4197 8328
4173 4174 8340
4168 4192 8336
4197 4198 8375
4029 4064 8059
4147 4169 8282
4014 4124 8118
4165 4183 8324
4113 4179 8276
4016 4148 8129
4069 4178 8211
4198 4199 8382
4113 4149 8223
4041 4104 8113
4067 4134 8167
4053 4141 8172
4196 4197 8369
4021 4190 8202
4022 4186 8203
4098 4163 8259
4054 4092 8112
4112 4191 8292
4110 4119 8200
4064 4127 8178
4191 4192 8359
4060 4091 8145
4182 4184 8338
4145 4149 8280
4029 4158 8158
4134 4171 8284
4000 4017 7982
4093 4094 8176
4008 4034 8029
4165 4173 8311
4088 4141 8211
4116 4162 8241
4135 4189 8295
4008 4100 8072
4068 4180 8246
4010 4143 8117
4102 4118 8183
4080 4179 8249
4010 4106 8100
4164 4167 8317
4042 4138 8150
4028 4072 8089
4057 4190 8223
4129 4148 8253
4096 4193 8280
4140 4200 8306
4044 4081 8110
4106 4151 8249
4018 4178 8158
4145 4171 8285
4019 4172 8160
4029 4032 8027
4178 4189 8353
4179 4184 8336
4091 4189 8268
4094 4116 8178
4075 4196 8256
4051 4155 8180
4001 4103 8068
4095 4153 8239
4062 4155 8202
4170 4178 8317
4082 4090 8151
4139 4166 8287
4122 4136 8249
4010 4100 8089
4006 4129 8112
4133 4180 8275
4135 4142 8260
4196 4199 8375
4110 4127 8224
4095 4158 8240
4067 4190 8251
4194 4195 8360
4034 4160 8186
4024 4052 8069
4109 4148 8222
4110 4157 8265
4176 4195 8341
4077 4141 8195
4130 4190 8288
4002 4135 8108
4137 4143 8260
4004 4021 7995
4198 4199 8361
4058 4076 8130
4021 4162 8164
4012 4114 8107
4101 4117 8188
4039 4185 8216
4049 4055 8089
4178 4196 8371
4161 4180 8339
4142 4184 8307
4158 4200 8334
4176 4190 8359
4046 4143 8175
4072 4194 8231
4102 4110 8173
4191 4199 8389
4164 4171 8316
4067 4131 8160
4066 4072 8108
4094 4129 8189
4188 4199 8381
4042 4131 8165
4183 4197 8360
4028 4161 8187
4053 4079 8099
4057 4113 8146
4113 4142 8230
4019 4072 8074
4040 4172 8190
4188 4200 8377
4167 4190 8332
4149 4178 8292
4042 4156 8183
4024 4147 8164
4138 4198 8316
4084 4123 8196
4050 4144 8189
4033 4046 8075
4007 4162 8135
4116 4140 8223
4011 4128 8134
4182 4189 8340
4100 4139 8218
4028 4188 8185
4148 4154 8268
4179 4200 8377
4090 4172 8236
4014 4048 8030
4085 4096 8168
4046 4143 8181
4022 4110 8110
4059 4081 8109
4019 4145 8135
4149 4165 8290
4182 4183 8331
4035 4059 8089
4183 4188 8364
4093 4175 8258
4033 4195 8224
4196 4200 8372
4115 4194 8295
4102 4117 8217
4143 4193 8315
4032 4131 8153
4103 4157 8255
4022 4067 8074
4194 4198 8360
4012 4049 8060
4114 4115 8213
4075 4090 8132
4037 4070 8104
4159 4173 8310
4052 4141 8160
4077 4188 8233
4107 4158 8228
4056 4189 8215
4090 4155 8238
4115 4183 8289
4066 4145 8206
4107 4128 8216
4123 4134 8249
4101 4175 8249
4034 4167 8173
4142 4155 8258
4034 4050 8074
4082 4172 8222
4103 4118 8205
4183 4198 8347
4092 4146 8229
4044 4097 8103
4086 4132 8184
4160 4191 8346
4012 4183 8186
4145 4189 8324
4023 4055 8071
4062 4190 8241
4076 4079 8134
4043 4067 8107
4015 4155 8136
4198 4200 8377
4110 4134 8223
4066 4083 8119
4025 4047 8044
4194 4200 8383
4059 4194 8226
4193 4198 8377
4189 4198 8363
4075 4157 8231
4091 4107 8178
4063 4147 8206
4088 4195 8252
4183 4189 8339
4045 4193 8204
4047 4157 8176
4165 4169 8331
4085 4124 8197
4024 4137 8147
4114 4190 8274
4084 4159 8223
4078 4155 8226
4107 4119 8193
4051 4171 8200
4073 4140 8186
4191 4195 8366
4170 4194 8341
4148 4190 8314
4064 4166 8199
4053 4128 8174
4193 4200 8367
4096 4138 8203
4007 4079 8063
4097 4182 8274
4069 4155 8208
4144 4180 8312
4188 4194 8366
4052 4147 8180
4144 4173 8308
4178 4190 8357
4064 4088 8147
4092 4131 8188
4180 4189 8368
4103 4129 8210
4107 4157 8230
4160 4176 8324
4115 4186 8284
4052 4159 8179
4160 4183 8328
4057 4181 8233
4166 4192 8357
4012 4056 8031
4188 4198 8354
4074 4173 8245
4156 4181 8325
4172 4193 8330
4034 4140 8161
4025 4131 8141
4053 4185 8224
4144 4182 8308
4146 4163 8299
4031 4066 8089
4158 4166 8291
4004 4192 8168
4019 4079 8071
4020 4039 8029
4015 4103 8081
4077 4191 8243
4102 4196 8279
4039 4131 8153
4091 4149 8207
4001 4181 8164
4165 4188 8319
4005 4093 8062
4183 4184 8343
4084 4119 8194
4170 4175 8322
4168 4173 8307
4142 4182 8317
4198 4199 8388
4043 4118 8136
4146 4162 8284
4123 4143 8233
4177 4196 8339
4038 4081 8110
4194 4199 8372
4143 4189 8315
4047 4180 8214
4025 4044 8054
4054 4128 8177
4109 4138 8226
4028 4192 8205
4149 4172 8306
4090 4119 8196
4044 4174 8185
4008 4112 8086
4011 4028 8005
4137 4140 8254
4053 4179 8202
4032 4091 8097
4006 4095 8080
4098 4169 8241
4084 4145 8194
4006 4177 8162
4035 4040 8042
4037 4123 8133
4139 4186 8286
4118 4178 8290
4086 4142 8213
4069 4199 8262
4029 4062 8082
4146 4187 8330
4046 4170 8178
4104 4109 8194
4079 4193 8244
4145 4160 8277
4187 4199 8362
4102 4129 8204
4005 4163 8151
4164 4167 8321
4046 4063 8074
4063 4081 8139
4171 4176 8308
4065 4133 8187
4176 4198 8347
4136 4173 8285
4058 4169 8218
4195 4197 8371
4159 4171 8302
4143 4198 8314
4109 4123 8193
4010 4091 8067
4070 4114 8181
4181 4189 8334
4180 4187 8347
4192 4194 8359
4196 4200 8392
4132 4135 8239
4176 4189 8360
4052 4130 8159
4191 4194 8376
4009 4036 8027
4088 4169 8256
4179 4186 8339
4081 4191 8253
4068 4186 8226
4139 4180 8287
4147 4186 8323
4051 4137 8186
4038 4161 8194
4149 4189 8335
4194 4200 8374
4104 4158 8254
4026 4197 8196
4126 4146 8245
4047 4182 8195
4197 4199 8381
4112 4130 8233
4081 4180 8246
4103 4144 8208
4079 4112 8178
4054 4077 8115
4066 4074 8117
4075 4078 8138
4084 4107 8172
4080 4158 8231
4171 4172 8335
4136 4170 8290
4014 4195 8183
4026 4111 8113
4143 4157 8290
4095 4149 8240
4149 4185 8316
4035 4194 8214
4000 4188 8170
4190 4199 8355
4140 4172 8305
4068 4076 8139
4189 4190 8356
4080 4151 8224
4037 4151 8167
4082 4164 8242
4016 4048 8059
4089 4147 8218
4024 4194 8187
4073 4177 8236
4151 4200 8316
4101 4162 8229
4106 4166 8262
4074 4176 8230
4191 4194 8358
4185 4192 8342
4098 4110 8187
4014 4031 8042
4121 4137 8252
4058 4077 8106
4041 4132 8151
4163 4165 8324
4183 4197 8366
4165 4166 8297
4034 4074 8073
4078 4120 8184
4071 4099 8149
4159 4181 8301
4119 4136 8246
4035 4157 8168
4179 4183 8355
4158 4176 8300
4054 4196 8223
4026 4033 8050
4143 4188 8322
4143 4197 8318
4083 4105 8170
4154 4197 8334
4188 4199 8357
4154 4180 8330
4038 4168 8178
4194 4195 8370
4036 4153 8154
4156 4196 8348
4192 4200 8382
4077 4175 8236
4110 4111 8187
4075 4126 8168
4025 4191 8187
4119 4124 8224
4196 4197 8360
4087 4126 8205
4125 4192 8293
4070 4127 8167
4050 4120 8134
4192 4193 8348
4144 4199 8317
4043 4167 8172
4017 4049 8030
4083 4119 8168

0.010000 0.620000
