500
2428075
4284 4285 8569
4220 4272 8492
4169 4223 8392
4114 4175 8289
4196 4237 8433
4148 4280 8428
4260 4279 8539
4209 4267 8476
4237 4293 8530
4254 4292 8546
4273 4287 8560
4184 4260 8444
4230 4298 8528
4125 4148 8273
4159 4176 8335
4148 4174 8322
4105 4138 8243
4102 4225 8327
4281 4297 8578
4140 4300 8440
4100 4118 8218
4239 4269 8508
4170 4262 8432
4248 4271 8519
4227 4238 8465
4222 4255 8477
4207 4256 8463
4260 4294 8554
4175 4286 8461
4143 4201 8344
4141 4198 8339
4181 4235 8416
4219 4237 8456
4186 4219 8405
4132 4239 8371
4235 4299 8534
4297 4299 8596
4245 4277 8522
4275 4287 8562
4185 4273 8458
4183 4259 8442
4278 4283 8561
4229 4282 8511
4121 4269 8390
4143 4175 8318
4180 4296 8476
4236 4289 8525
4195 4254 8449
4174 4263 8437
4143 4286 8429
4244 4254 8498
4208 4228 8436
4101 4225 8326
4149 4241 8390
4122 4235 8357
4298 4300 8598
4110 4124 8234
4174 4244 8418
4102 4219 8321
4190 4229 8419
4248 4252 8500
4115 4119 8234
4262 4269 8531
4285 4299 8584
4101 4265 8366
4163 4244 8407
4181 4261 8442
4176 4241 8417
4283 4291 8574
4102 4240 8342
4115 4267 8382
4226 4248 8474
4177 4279 8456
4270 4280 8550
4181 4187 8368
4203 4244 8447
4204 4260 8464
4250 4298 8548
4287 4299 8586
4298 4300 8598
4282 4285 8567
4197 4257 8454
4289 4296 8585
4211 4262 8473
4126 4194 8320
4167 4202 8369
4263 4277 8540
4234 4297 8531
4117 4149 8266
4163 4228 8391
4237 4240 8477
4118 4222 8340
4183 4259 8442
4281 4285 8566
4114 4115 8229
4281 4282 8563
4233 4252 8485
4189 4275 8464
4259 4265 8524
4207 4284 8491
4242 4296 8538
4215 4227 8442
4147 4241 8388
4214 4216 8430
4268 4290 8558
4101 4262 8363
4145 4187 8332
4214 4280 8494
4260 4285 8545
4134 4170 8304
4274 4279 8553
4113 4272 8385
4189 4272 8461
4113 4222 8335
4247 4291 8538
4252 4300 8552
4193 4291 8484
4238 4241 8479
4225 4234 8459
4135 4224 8359
4265 4266 8531
4147 4288 8435
4235 4286 8521
4202 4234 8436
4174 4250 8424
4106 4282 8388
4105 4234 8339
4281 4286 8567
4128 4263 8391
4248 4288 8536
4223 4268 8491
4298 4299 8597
4214 4246 8460
4146 4150 8296
4132 4190 8322
4100 4129 8229
4166 4216 8382
4123 4277 8400
4184 4289 8473
4194 4201 8395
4112 4232 8344
4129 4249 8378
4251 4266 8517
4144 4221 8365
4221 4234 8455
4282 4300 8582
4199 4226 8425
4293 4300 8593
4101 4165 8266
4105 4241 8346
4231 4294 8525
4259 4278 8537
4200 4230 8430
4206 4208 8414
4298 4299 8597
4100 4173 8273
4196 4255 8451
4285 4295 8580
4106 4221 8327
4173 4195 8368
4296 4299 8595
4277 4281 8558
4273 4291 8564
4167 4270 8437
4128 4290 8418
4284 4286 8570
4262 4299 8561
4276 4293 8569
4225 4279 8504
4106 4107 8213
4171 4224 8395
4143 4206 8349
4142 4253 8395
4299 4300 8599
4138 4199 8337
4295 4299 8594
4212 4256 8468
4249 4292 8541
4265 4280 8545
4117 4155 8272
4170 4180 8350
4145 4240 8385
4171 4198 8369
4269 4282 8551
4213 4260 8473
4165 4230 8395
4272 4278 8550
4154 4229 8383
4177 4287 8464
4251 4296 8547
4215 4254 8469
4285 4300 8585
4155 4234 8389
4228 4276 8504
4121 4281 8402
4128 4200 8328
4295 4296 8591
4223 4256 8479
4289 4298 8587
4110 4254 8364
4101 4152 8253
4167 4211 8378
4194 4221 8415
4117 4223 8340
4160 4224 8384
4139 4166 8305
4249 4279 8528
4215 4294 8509
4161 4277 8438
4173 4247 8420
4181 4276 8457
4165 4271 8436
4209 4275 8484
4230 4262 8492
4259 4293 8552
4101 4208 8309
4221 4255 8476
4168 4186 8354
4182 4198 8380
4134 4204 8338
4102 4228 8330
4195 4283 8478
4126 4234 8360
4218 4275 8493
4193 4222 8415
4100 4123 8223
4223 4289 8512
4251 4254 8505
4283 4287 8570
4187 4265 8452
4156 4269 8425
4242 4256 8498
4249 4271 8520
4173 4206 8379
4181 4230 8411
4164 4261 8425
4158 4192 8350
4178 4234 8412
4223 4292 8515
4126 4165 8291
4173 4176 8349
4127 4299 8426
4290 4292 8582
4203 4211 8414
4241 4269 8510
4167 4247 8414
4240 4241 8481
4267 4297 8564
4122 4204 8326
4270 4292 8562
4195 4206 8401
4262 4281 8543
4106 4293 8399
4214 4224 8438
4160 4206 8366
4146 4216 8362
4296 4299 8595
4142 4213 8355
4146 4273 8419
4298 4300 8598
4245 4270 8515
4232 4282 8514
4241 4274 8515
4120 4288 8408
4165 4288 8453
4138 4234 8372
4140 4256 8396
4252 4288 8540
4247 4279 8526
4207 4210 8417
4195 4287 8482
4189 4240 8429
4223 4244 8467
4271 4300 8571
4186 4240 8426
4152 4279 8431
4282 4291 8573
4197 4234 8431
4218 4297 8515
4119 4218 8337
4275 4282 8557
4279 4300 8579
4161 4203 8364
4292 4298 8590
4278 4298 8576
4268 4281 8549
4268 4273 8541
4118 4214 8332
4258 4299 8557
4185 4210 8395
4236 4277 8513
4252 4298 8550
4188 4213 8401
4245 4274 8519
4278 4299 8577
4200 4211 8411
4145 4213 8358
4294 4300 8594
4158 4276 8434
4213 4238 8451
4259 4296 8555
4187 4218 8405
4230 4288 8518
4276 4294 8570
4119 4289 8408
4108 4298 8406
4267 4273 8540
4228 4274 8502
4197 4199 8396
4223 4258 8481
4160 4299 8459
4281 4291 8572
4281 4296 8577
4117 4290 8407
4270 4282 8552
4295 4296 8591
4224 4234 8458
4212 4296 8508
4260 4272 8532
4295 4298 8593
4175 4191 8366
4278 4286 8564
4251 4280 8531
4257 4290 8547
4136 4237 8373
4282 4298 8580
4132 4143 8275
4210 4300 8510
4189 4220 8409
4154 4155 8309
4133 4143 8276
4264 4268 8532
4146 4150 8296
4109 4194 8303
4152 4202 8354
4196 4227 8423
4277 4279 8556
4126 4132 8258
4214 4294 8508
4200 4259 8459
4273 4284 8557
4182 4275 8457
4196 4218 8414
4121 4195 8316
4106 4206 8312
4221 4292 8513
4228 4266 8494
4135 4234 8369
4242 4291 8533
4207 4277 8484
4174 4176 8350
4235 4254 8489
4245 4271 8516
4180 4256 8436
4160 4188 8348
4208 4299 8507
4137 4160 8297
4128 4151 8279
4227 4299 8526
4254 4289 8543
4170 4274 8444
4182 4196 8378
4207 4289 8496
4179 4189 8368
4213 4280 8493
4230 4282 8512
4217 4244 8461
4299 4300 8599
4282 4290 8572
4231 4237 8468
4219 4294 8513
4162 4182 8344
4214 4252 8466
4209 4295 8504
4180 4191 8371
4279 4282 8561
4224 4229 8453
4114 4176 8290
4113 4243 8356
4100 4101 8201
4148 4163 8311
4140 4216 8356
4147 4239 8386
4148 4237 8385
4102 4208 8310
4172 4271 8443
4242 4263 8505
4299 4300 8599
4256 4263 8519
4103 4170 8273
4218 4286 8504
4276 4283 8559
4160 4216 8376
4153 4289 8442
4101 4282 8383
4128 4295 8423
4186 4263 8449
4206 4215 8421
4105 4289 8394
4179 4300 8479
4117 4271 8388
4140 4151 8291
4217 4278 8495
4299 4300 8599
4212 4248 8460
4241 4291 8532
4297 4298 8595
4268 4283 8551
4243 4277 8520
4162 4225 8387
4254 4269 8523
4102 4137 8239
4172 4259 8431
4236 4296 8532
4107 4269 8376
4208 4223 8431
4185 4198 8383
4214 4282 8496
4291 4293 8584
4177 4277 8454
4245 4290 8535
4190 4240 8430
4187 4245 8432
4261 4276 8537
4101 4273 8374
4195 4214 8409
4246 4259 8505
4133 4135 8268
4276 4285 8561
4124 4130 8254
4223 4251 8474
4266 4272 8538
4206 4236 8442
4256 4292 8548
4290 4291 8581
4156 4201 8357
4116 4242 8358
4277 4278 8555
4259 4285 8544
4278 4299 8577
4274 4299 8573
4149 4168 8317
4154 4157 8311
4245 4269 8514
4140 4300 8440
4214 4238 8452
4278 4279 8557
4137 4177 8314
4103 4122 8225
4249 4272 8521
4241 4284 8525
4210 4285 8495
4142 4197 8339
4206 4293 8499
4276 4284 8560
4167 4249 8416
4107 4154 8261
4254 4298 8552
4220 4272 8492
4276 4278 8554
4112 4220 8332
4273 4286 8559
4180 4192 8372
4266 4292 8558
4278 4290 8568
4297 4298 8595
4228 4269 8497
4164 4277 8441
4253 4286 8539
4118 4199 8317
4242 4287 8529
4103 4264 8367
4165 4202 8367
4212 4277 8489
4231 4290 8521
4121 4282 8403
4123 4252 8375
4227 4250 8477
4244 4251 8495
4261 4283 8544
4199 4259 8458
4134 4238 8372
4109 4162 8271
4231 4266 8497
4141 4227 8368
4134 4171 8305
4190 4240 8430
4260 4280 8540
4193 4198 8391
4215 4221 8436
4245 4297 8542
4195 4215 8410
4280 4298 8578
4204 4298 8502
4272 4297 8569
4162 4281 8443
4292 4296 8588
4159 4287 8446
4104 4299 8403
4114 4249 8363

4184 4185 8345
4120 4172 8268
4069 4123 8162
4014 4075 8060
4096 4137 8195
4048 4180 8224
4160 4179 8331
4109 4167 8240
4137 4193 8324
4154 4192 8331
4173 4187 8340
4084 4160 8209
4130 4198 8308
4025 4048 8049
4059 4076 8129
4048 4074 8084
4005 4038 8011
4002 4125 8114
4181 4197 8350
4040 4200 8202
4000 4018 8006
4139 4169 8305
4070 4162 8211
4148 4171 8289
4127 4138 8233
4122 4155 8261
4107 4156 8254
4160 4194 8334
4075 4186 8227
4043 4101 8107
4041 4098 8118
4081 4135 8196
4119 4137 8236
4086 4119 8204
4032 4139 8163
4135 4199 8311
4197 4199 8375
4145 4177 8290
4175 4187 8345
4085 4173 8253
4083 4159 8218
4178 4183 8339
4129 4182 8301
4021 4169 8165
4043 4075 8089
4080 4196 8253
4136 4189 8293
4095 4154 8219
4074 4163 8226
4043 4186 8222
4144 4154 8272
4108 4128 8207
4001 4125 8120
4049 4141 8152
4022 4135 8146
4198 4200 8372
4010 4024 8000
4074 4144 8212
4002 4119 8113
4090 4129 8185
4148 4152 8288
4015 4019 8000
4162 4169 8313
4185 4199 8362
4001 4165 8145
4063 4144 8205
4081 4161 8234
4076 4141 8192
4183 4191 8351
4002 4140 8115
4015 4167 8150
4126 4148 8236
4077 4179 8242
4170 4180 8329
4081 4087 8161
4103 4144 8209
4104 4160 8252
4150 4198 8343
4187 4199 8351
4198 4200 8395
4182 4185 8333
4097 4157 8237
4189 4196 8383
4111 4162 8248
4026 4094 8113
4067 4102 8142
4163 4177 8323
4134 4197 8327
4017 4049 8036
4063 4128 8159
4137 4140 8254
4018 4122 8105
4083 4159 8217
4181 4185 8360
4014 4015 8012
4181 4182 8324
4133 4152 8276
4089 4175 8238
4159 4165 8314
4107 4184 8263
4142 4196 8309
4115 4127 8205
4047 4141 8182
4114 4116 8191
4168 4190 8348
4001 4162 8146
4045 4087 8123
4114 4180 8271
4160 4185 8328
4034 4070 8070
4174 4179 8348
4013 4172 8170
4089 4172 8246
4013 4122 8097
4147 4191 8299
4152 4200 8326
4093 4191 8273
4138 4141 8273
4125 4134 8223
4035 4124 8140
4165 4166 8317
4047 4188 8232
4135 4186 8286
4102 4134 8225
4074 4150 8218
4006 4182 8176
4005 4134 8130
4181 4186 8366
4028 4163 8164
4148 4188 8327
4123 4168 8274
4198 4199 8377
4114 4146 8244
4046 4050 8062
4032 4090 8085
4000 4029 8019
4066 4116 8152
4023 4177 8190
4084 4189 8268
4094 4101 8157
4012 4132 8120
4029 4149 8170
4151 4166 8298
4044 4121 8159
4121 4134 8244
4182 4200 8366
4099 4126 8207
4193 4200 8389
4001 4065 8058
4005 4141 8129
4131 4194 8298
4159 4178 8329
4100 4130 8215
4106 4108 8181
4198 4199 8374
4000 4073 8050
4096 4155 8229
4185 4195 8353
4006 4121 8126
4073 4095 8139
4196 4199 8380
4177 4181 8333
4173 4191 8346
4067 4170 8220
4028 4190 8209
4184 4186 8336
4162 4199 8334
4176 4193 8367
4125 4179 8286
4006 4007 7987
4071 4124 8170
4043 4106 8145
4042 4153 8185
4199 4200 8365
4038 4099 8112
4195 4199 8367
4112 4156 8261
4149 4192 8332
4165 4180 8322
4017 4055 8040
4070 4080 8130
4045 4140 8147
4071 4098 8163
4169 4182 8323
4113 4160 8270
4065 4130 8162
4172 4178 8313
4054 4129 8178
4077 4187 8254
4151 4196 8328
4115 4154 8243
4185 4200 8371
4055 4134 8174
4128 4176 8269
4021 4181 8201
4028 4100 8099
4195 4196 8376
4123 4156 8274
4189 4198 8382
4010 4154 8158
4001 4052 8033
4067 4111 8147
4094 4121 8202
4017 4123 8114
4060 4124 8182
4039 4066 8089
4149 4179 8313
4115 4194 8307
4061 4177 8218
4073 4147 8215
4081 4176 8234
4065 4171 8213
4109 4175 8281
4130 4162 8285
4159 4193 8335
4001 4108 8073
4121 4155 8275
4068 4086 8129
4082 4098 8172
4034 4104 8112
4002 4128 8093
4095 4183 8273
4026 4134 8126
4118 4175 8275
4093 4122 8191
4000 4023 7995
4123 4189 8301
4151 4154 8285
4183 4187 8349
4087 4165 8219
4056 4169 8198
4142 4156 8294
4149 4171 8307
4073 4106 8141
4081 4130 8193
4064 4161 8215
4058 4092 8117
4078 4134 8199
4123 4192 8279
4026 4065 8061
4073 4076 8131
4027 4199 8192
4190 4192 8375
4103 4111 8183
4141 4169 8303
4067 4147 8183
4140 4141 8246
4167 4197 8356
4022 4104 8099
4170 4192 8355
4095 4106 8174
4162 4181 8315
4006 4193 8172
4114 4124 8212
4060 4106 8152
4046 4116 8127
4196 4199 8384
4042 4113 8122
4046 4173 8192
4198 4200 8377
4145 4170 8293
4132 4182 8283
4141 4174 8292
4020 4188 8191
4065 4188 8242
4038 4134 8155
4040 4156 8165
4152 4188 8330
4147 4179 8322
4107 4110 8189
4095 4187 8262
4089 4140 8222
4123 4144 8230
4171 4200 8349
4086 4140 8205
4052 4179 8212
4182 4191 8348
4097 4134 8220
4118 4197 8299
4019 4118 8131
4175 4182 8347
4179 4200 8370
4061 4103 8154
4192 4198 8362
4178 4198 8351
4168 4181 8311
4168 4173 8332
4018 4114 8129
4158 4199 8354
4085 4110 8160
4136 4177 8294
4152 4198 8312
4088 4113 8197
4145 4174 8316
4178 4199 8368
4100 4111 8180
4045 4113 8141
4194 4200 8357
4058 4176 8203
4113 4138 8220
4159 4196 8329
4087 4118 8176
4130 4188 8294
4176 4194 8354
4019 4189 8204
4008 4198 8188
4167 4173 8309
4128 4174 8296
4097 4099 8194
4123 4158 8266
4060 4199 8229
4181 4191 8340
4181 4196 8343
4017 4190 8194
4170 4182 8316
4195 4196 8361
4124 4134 8239
4112 4196 8291
4160 4172 8314
4195 4198 8392
4075 4091 8149
4178 4186 8342
4151 4180 8292
4157 4190 8338
4036 4137 8163
4182 4198 8363
4032 4043 8063
4110 4200 8300
4089 4120 8176
4054 4055 8076
4033 4043 8046
4164 4168 8295
4046 4050 8063
4009 4094 8068
4052 4102 8142
4096 4127 8210
4177 4179 8341
4026 4032 8022
4114 4194 8281
4100 4159 8240
4173 4184 8350
4082 4175 8255
4096 4118 8190
4021 4095 8091
4006 4106 8099
4121 4192 8288
4128 4166 8266
4035 4134 8159
4142 4191 8297
4107 4177 8257
4074 4076 8143
4135 4154 8276
4145 4171 8296
4080 4156 8221
4060 4088 8142
4108 4199 8284
4037 4060 8090
4028 4051 8076
4127 4199 8316
4154 4189 8342
4070 4174 8214
4082 4096 8152
4107 4189 8294
4079 4089 8133
4113 4180 8271
4130 4182 8306
4117 4144 8255
4199 4200 8398
4182 4190 8347
4131 4137 8247
4119 4194 8277
4062 4082 8141
4114 4152 8229
4109 4195 8283
4080 4091 8148
4179 4182 8337
4124 4129 8241
4014 4076 8085
4013 4143 8152
4000 4001 7995
4048 4063 8074
4040 4116 8147
4047 4139 8169
4048 4137 8148
4002 4108 8074
4072 4171 8225
4142 4163 8293
4199 4200 8373
4156 4163 8297
4003 4070 8060
4118 4186 8272
4176 4183 8321
4060 4116 8152
4053 4189 8209
4001 4182 8158
4028 4195 8217
4086 4163 8239
4106 4115 8219
4005 4189 8191
4079 4200 8261
4017 4171 8175
4040 4051 8053
4117 4178 8257
4199 4200 8363
4112 4148 8226
4141 4191 8304
4197 4198 8391
4168 4183 8323
4143 4177 8285
4062 4125 8160
4154 4169 8290
4002 4037 8013
4072 4159 8230
4136 4196 8300
4007 4169 8152
4108 4123 8230
4085 4098 8179
4114 4182 8259
4191 4193 8378
4077 4177 8244
4145 4190 8310
4090 4140 8201
4087 4145 8199
4161 4176 8306
4001 4173 8161
4095 4114 8208
4146 4159 8274
4033 4035 8053
4176 4185 8329
4024 4030 8039
4123 4151 8251
4166 4172 8310
4106 4136 8214
4156 4192 8339
4190 4191 8356
4056 4101 8144
4016 4142 8138
4177 4178 8340
4159 4185 8336
4178 4199 8338
4174 4199 8348
4049 4068 8108
4054 4057 8098
4145 4169 8276
4040 4200 8226
4114 4138 8250
4178 4179 8331
4037 4077 8100
4003 4022 7992
4149 4172 8306
4141 4184 8319
4110 4185 8267
4042 4097 8122
4106 4193 8290
4176 4184 8336
4067 4149 8200
4007 4054 8060
4154 4198 8334
4120 4172 8275
4176 4178 8337
4012 4120 8105
4173 4186 8346
4080 4092 8158
4166 4192 8346
4178 4190 8351
4197 4198 8385
4128 4169 8281
4064 4177 8231
4153 4186 8325
4018 4099 8105
4142 4187 8291
4003 4164 8166
4065 4102 8148
4112 4177 8281
4131 4190 8311
4021 4182 8192
4023 4152 8155
4127 4150 8243
4144 4151 8294
4161 4183 8342
4099 4159 8222
4034 4138 8157
4009 4062 8051
4131 4166 8269
4041 4127 8151
4034 4071 8088
4090 4140 8221
4160 4180 8338
4093 4098 8179
4115 4121 8234
4145 4197 8314
4095 4115 8175
4180 4198 8343
4104 4198 8288
4172 4197 8358
4062 4181 8211
4192 4196 8386
4059 4187 8213
4004 4199 8195
4014 4149 8154

0.010000 0.590000
