600
3207764
4163 4272 8435
4155 4225 8380
4175 4184 8359
4219 4249 8468
4119 4245 8364
4108 4212 8320
4150 4164 8314
4194 4235 8429
4184 4244 8428
4189 4286 8475
4297 4299 8596
4178 4206 8384
4157 4210 8367
4173 4252 8425
4114 4272 8386
4139 4252 8391
4272 4289 8561
4141 4166 8307
4241 4277 8518
4231 4237 8468
4168 4261 8429
4181 4234 8415
4240 4256 8496
4183 4298 8481
4172 4191 8363
4157 4185 8342
4237 4274 8511
4189 4195 8384
4134 4185 8319
4163 4239 8402
4119 4300 8419
4186 4203 8389
4206 4274 8480
4280 4285 8565
4204 4290 8494
4265 4279 8544
4192 4269 8461
4297 4298 8595
4146 4149 8295
4203 4267 8470
4119 4215 8334
4291 4294 8585
4252 4284 8536
4141 4270 8411
4259 4282 8541
4286 4295 8581
4247 4285 8532
4295 4298 8593
4225 4259 8484
4293 4299 8592
4196 4223 8419
4182 4221 8403
4169 4286 8455
4205 4248 8453
4183 4200 8383
4157 4201 8358
4237 4284 8521
4181 4224 8405
4121 4149 8270
4200 4256 8456
4167 4204 8371
4101 4128 8229
4203 4211 8414
4194 4287 8481
4203 4281 8484
4274 4287 8561
4187 4207 8394
4120 4127 8247
4295 4298 8593
4161 4241 8402
4139 4265 8404
4237 4278 8515
4271 4275 8546
4122 4245 8367
4247 4269 8516
4263 4284 8547
4109 4154 8263
4104 4258 8362
4279 4291 8570
4146 4199 8345
4145 4210 8355
4158 4259 8417
4213 4215 8428
4284 4296 8580
4100 4184 8284
4148 4220 8368
4160 4246 8406
4257 4265 8522
4202 4288 8490
4258 4269 8527
4202 4260 8462
4207 4268 8475
4264 4273 8537
4156 4157 8313
4166 4280 8446
4261 4286 8547
4211 4225 8436
4128 4237 8365
4125 4236 8361
4225 4263 8488
4180 4208 8388
4292 4300 8592
4242 4261 8503
4159 4195 8354
4184 4193 8377
4212 4262 8474
4155 4179 8334
4217 4234 8451
4235 4285 8520
4130 4207 8337
4282 4299 8581
4195 4237 8432
4271 4291 8562
4247 4263 8510
4245 4297 8542
4246 4289 8535
4137 4264 8401
4298 4300 8598
4178 4293 8471
4224 4295 8519
4244 4255 8499
4126 4272 8398
4287 4290 8577
4138 4161 8299
4193 4273 8466
4177 4195 8372
4224 4251 8475
4155 4254 8409
4119 4141 8260
4138 4249 8387
4121 4196 8317
4267 4268 8535
4246 4270 8516
4211 4254 8465
4221 4223 8444
4266 4291 8557
4162 4256 8418
4200 4215 8415
4183 4261 8444
4258 4262 8520
4109 4265 8374
4126 4239 8365
4185 4187 8372
4107 4242 8349
4237 4259 8496
4112 4115 8227
4179 4274 8453
4134 4148 8282
4167 4238 8405
4166 4287 8453
4166 4205 8371
4109 4151 8260
4131 4140 8271
4224 4240 8464
4120 4233 8353
4240 4274 8514
4266 4287 8553
4234 4237 8471
4281 4295 8576
4275 4282 8557
4172 4296 8468
4112 4173 8285
4215 4260 8475
4119 4157 8276
4271 4280 8551
4188 4244 8432
4134 4185 8319
4286 4298 8584
4140 4225 8365
4293 4297 8590
4180 4194 8374
4259 4280 8539
4251 4254 8505
4243 4298 8541
4235 4242 8477
4113 4264 8377
4169 4186 8355
4145 4259 8404
4175 4285 8460
4292 4293 8585
4224 4294 8518
4290 4291 8581
4170 4194 8364
4285 4293 8578
4263 4282 8545
4135 4263 8398
4214 4229 8443
4274 4294 8568
4138 4269 8407
4192 4291 8483
4162 4237 8399
4118 4158 8276
4181 4258 8439
4194 4206 8400
4151 4213 8364
4164 4187 8351
4109 4276 8385
4288 4290 8578
4221 4223 8444
4178 4253 8431
4279 4280 8559
4149 4296 8445
4256 4293 8549
4236 4290 8526
4220 4257 8477
4121 4296 8417
4297 4298 8595
4214 4253 8467
4260 4289 8549
4114 4194 8308
4162 4178 8340
4183 4186 8369
4218 4293 8511
4197 4296 8493
4161 4195 8356
4131 4222 8353
4231 4263 8494
4181 4281 8462
4151 4211 8362
4152 4159 8311
4147 4233 8380
4172 4284 8456
4274 4290 8564
4147 4230 8377
4249 4269 8518
4240 4299 8539
4210 4298 8508
4107 4230 8337
4129 4189 8318
4136 4195 8331
4241 4263 8504
4103 4149 8252
4171 4203 8374
4191 4263 8454
4134 4252 8386
4260 4289 8549
4225 4239 8464
4160 4242 8402
4290 4291 8581
4170 4180 8350
4294 4295 8589
4291 4294 8585
4203 4205 8408
4248 4283 8531
4206 4269 8475
4103 4160 8263
4120 4195 8315
4189 4295 8484
4157 4228 8385
4225 4246 8471
4254 4272 8526
4233 4247 8480
4235 4273 8508
4116 4134 8250
4282 4296 8578
4227 4251 8478
4207 4250 8457
4242 4260 8502
4207 4281 8488
4100 4107 8207
4275 4282 8557
4242 4283 8525
4242 4245 8487
4284 4286 8570
4232 4262 8494
4187 4201 8388
4131 4197 8328
4180 4265 8445
4218 4273 8491
4216 4257 8473
4222 4276 8498
4212 4245 8457
4215 4265 8480
4292 4300 8592
4234 4251 8485
4214 4274 8488
4187 4260 8447
4184 4287 8471
4225 4260 8485
4131 4142 8273
4255 4256 8511
4139 4150 8289
4208 4250 8458
4157 4196 8353
4163 4279 8442
4194 4257 8451
4200 4209 8409
4117 4140 8257
4216 4279 8495
4136 4261 8397
4294 4296 8590
4206 4230 8436
4202 4233 8435
4112 4262 8374
4256 4269 8525
4114 4160 8274
4109 4279 8388
4177 4202 8379
4241 4284 8525
4131 4287 8418
4295 4299 8594
4137 4259 8396
4117 4271 8388
4133 4219 8352
4198 4211 8409
4205 4219 8424
4223 4284 8507
4122 4133 8255
4275 4298 8573
4105 4287 8392
4235 4287 8522
4166 4188 8354
4270 4285 8555
4131 4219 8350
4111 4235 8346
4285 4300 8585
4299 4300 8599
4197 4258 8455
4199 4277 8476
4114 4242 8356
4164 4245 8409
4130 4280 8410
4296 4297 8593
4178 4232 8410
4280 4294 8574
4105 4157 8262
4204 4292 8496
4280 4296 8576
4212 4293 8505
4209 4262 8471
4223 4248 8471
4194 4228 8422
4232 4283 8515
4292 4298 8590
4288 4297 8585
4260 4268 8528
4181 4299 8480
4159 4161 8320
4115 4147 8262
4196 4218 8414
4292 4299 8591
4256 4276 8532
4262 4287 8549
4134 4230 8364
4274 4291 8565
4289 4299 8588
4154 4237 8391
4289 4299 8588
4122 4153 8275
4109 4144 8253
4132 4254 8386
4210 4239 8449
4235 4262 8497
4209 4261 8470
4236 4282 8518
4111 4127 8238
4219 4245 8464
4173 4270 8443
4124 4282 8406
4271 4296 8567
4107 4295 8402
4171 4288 8459
4109 4172 8281
4233 4274 8507
4180 4211 8391
4111 4261 8372
4102 4115 8217
4186 4274 8460
4258 4262 8520
4256 4279 8535
4285 4300 8585
4107 4133 8240
4176 4211 8387
4214 4240 8454
4106 4293 8399
4170 4217 8387
4298 4299 8597
4237 4241 8478
4106 4136 8242
4256 4275 8531
4194 4244 8438
4169 4200 8369
4177 4221 8398
4196 4224 8420
4140 4287 8427
4259 4267 8526
4178 4241 8419
4254 4267 8521
4212 4280 8492
4155 4210 8365
4211 4277 8488
4111 4133 8244
4259 4282 8541
4295 4300 8595
4131 4266 8397
4263 4275 8538
4173 4208 8381
4243 4263 8506
4207 4246 8453
4134 4135 8269
4190 4231 8421
4273 4282 8555
4246 4297 8543
4112 4198 8310
4269 4289 8558
4187 4257 8444
4120 4125 8245
4147 4300 8447
4208 4222 8430
4143 4221 8364
4165 4172 8337
4227 4288 8515
4249 4279 8528
4243 4282 8525
4261 4300 8561
4129 4252 8381
4217 4274 8491
4114 4171 8285
4187 4206 8393
4135 4271 8406
4227 4300 8527
4221 4240 8461
4110 4144 8254
4215 4289 8504
4228 4269 8497
4181 4196 8377
4162 4198 8360
4244 4270 8514
4217 4287 8504
4169 4212 8381
4212 4258 8470
4297 4298 8595
4160 4199 8359
4131 4257 8388
4116 4184 8300
4178 4227 8405
4131 4206 8337
4200 4290 8490
4144 4161 8305
4232 4258 8490
4290 4293 8583
4112 4168 8280
4173 4292 8465
4121 4130 8251
4136 4215 8351
4250 4270 8520
4232 4278 8510
4200 4300 8500
4168 4287 8455
4276 4299 8575
4230 4261 8491
4233 4298 8531
4144 4216 8360
4226 4239 8465
4287 4295 8582
4271 4275 8546
4133 4267 8400
4141 4147 8288
4274 4276 8550
4289 4294 8583
4169 4254 8423
4183 4202 8385
4140 4259 8399
4163 4282 8445
4154 4281 8435
4116 4240 8356
4250 4295 8545
4194 4251 8445
4100 4147 8247
4139 4174 8313
4200 4233 8433
4194 4222 8416
4129 4253 8382
4158 4193 8351
4106 4282 8388
4139 4144 8283
4215 4248 8463
4102 4268 8370
4259 4298 8557
4130 4260 8390
4122 4294 8416
4227 4275 8502
4147 4222 8369
4140 4199 8339
4122 4300 8422
4250 4252 8502
4293 4297 8590
4296 4297 8593
4224 4276 8500
4128 4205 8333
4209 4284 8493
4158 4196 8354
4125 4251 8376
4215 4261 8476
4135 4243 8378
4187 4198 8385
4146 4238 8384
4198 4259 8457
4101 4259 8360
4127 4196 8323
4286 4299 8585
4214 4243 8457
4138 4189 8327
4201 4255 8456
4237 4240 8477
4138 4225 8363
4171 4247 8418
4201 4282 8483
4157 4292 8449
4271 4298 8569
4228 4243 8471
4174 4234 8408
4135 4299 8434
4181 4296 8477
4178 4270 8448
4201 4293 8494
4299 4300 8599
4165 4174 8339
4201 4280 8481
4106 4219 8325
4275 4286 8561
4164 4283 8447
4281 4295 8576
4226 4246 8472
4164 4240 8404
4175 4242 8417
4230 4237 8467
4122 4129 8251
4242 4281 8523
4216 4273 8489
4263 4265 8528
4162 4225 8387
4219 4287 8506
4192 4286 8478
4221 4239 8460
4252 4270 8522
4190 4225 8415
4213 4241 8454
4152 4176 8328
4106 4236 8342
4212 4255 8467
4181 4290 8471
4182 4279 8461
4253 4291 8544
4158 4230 8388
4236 4270 8506
4236 4290 8526
4240 4279 8519
4153 4231 8384
4299 4300 8599
4202 4278 8480
4253 4295 8548
4159 4170 8329
4251 4277 8528
4105 4245 8350
4286 4292 8578
4239 4286 8525
4137 4195 8332
4240 4248 8488
4255 4286 8541
4272 4287 8559
4113 4282 8395
4167 4223 8390
4130 4276 8406
4233 4289 8522
4192 4235 8427
4266 4287 8553
4243 4290 8533
4187 4279 8466
4285 4286 8571
4265 4288 8553
4102 4299 8401
4274 4278 8552
4217 4262 8479
4214 4261 8475
4150 4300 8450
4241 4270 8511
4223 4232 8455
4232 4299 8531
4264 4286 8550
4245 4276 8521
4205 4253 8458
4208 4279 8487
4247 4268 8515
4276 4296 8572
4259 4264 8523
4170 4274 8444
4178 4272 8450
4119 4126 8245
4195 4206 8401
4237 4287 8524
4171 4211 8382
4196 4258 8454
4115 4240 8355
4109 4150 8259
4248 4281 8529
4145 4288 8433
4168 4228 8396
4279 4296 8575
4176 4290 8466

4063 4172 8208
4055 4125 8143
4075 4084 8155
4119 4149 8254
4019 4145 8134
4008 4112 8117
4050 4064 8096
4094 4135 8191
4084 4144 8214
4089 4186 8240
4197 4199 8376
4078 4106 8151
4057 4110 8147
4073 4152 8203
4014 4172 8184
4039 4152 8165
4172 4189 8343
4041 4066 8084
4141 4177 8284
4131 4137 8243
4068 4161 8224
4081 4134 8193
4140 4156 8287
4083 4198 8250
4072 4091 8160
4057 4085 8140
4137 4174 8284
4089 4095 8167
4034 4085 8101
4063 4139 8166
4019 4200 8192
4086 4103 8154
4106 4174 8277
4180 4185 8348
4104 4190 8263
4165 4179 8321
4092 4169 8228
4197 4198 8392
4046 4049 8073
4103 4167 8261
4019 4115 8110
4191 4194 8382
4152 4184 8310
4041 4170 8200
4159 4182 8329
4186 4195 8352
4147 4185 8326
4195 4198 8356
4125 4159 8254
4193 4199 8373
4096 4123 8191
4082 4121 8193
4069 4186 8245
4105 4148 8219
4083 4100 8165
4057 4101 8149
4137 4184 8320
4081 4124 8170
4021 4049 8043
4100 4156 8221
4067 4104 8168
4001 4028 8002
4103 4111 8185
4094 4187 8269
4103 4181 8258
4174 4187 8340
4087 4107 8160
4020 4027 8046
4195 4198 8357
4061 4141 8197
4039 4165 8193
4137 4178 8301
4171 4175 8329
4022 4145 8161
4147 4169 8306
4163 4184 8314
4009 4054 8058
4004 4158 8157
4179 4191 8334
4046 4099 8120
4045 4110 8150
4058 4159 8181
4113 4115 8190
4184 4196 8378
4000 4084 8079
4048 4120 8165
4060 4146 8168
4157 4165 8287
4102 4188 8289
4158 4169 8293
4102 4160 8246
4107 4168 8272
4164 4173 8314
4056 4057 8106
4066 4180 8221
4161 4186 8314
4111 4125 8198
4028 4137 8138
4025 4136 8157
4125 4163 8251
4080 4108 8163
4192 4200 8377
4142 4161 8291
4059 4095 8137
4084 4093 8163
4112 4162 8242
4055 4079 8122
4117 4134 8223
4135 4185 8319
4030 4107 8128
4182 4199 8345
4095 4137 8224
4171 4191 8344
4147 4163 8292
4145 4197 8313
4146 4189 8298
4037 4164 8193
4198 4200 8383
4078 4193 8269
4124 4195 8288
4144 4155 8286
4026 4172 8173
4187 4190 8356
4038 4061 8069
4093 4173 8261
4077 4095 8141
4124 4151 8266
4055 4154 8179
4019 4041 8049
4038 4149 8162
4021 4096 8116
4167 4168 8330
4146 4170 8277
4111 4154 8249
4121 4123 8234
4166 4191 8352
4062 4156 8186
4100 4115 8183
4083 4161 8232
4158 4162 8302
4009 4165 8149
4026 4139 8154
4085 4087 8157
4007 4142 8123
4137 4159 8280
4012 4015 8009
4079 4174 8230
4034 4048 8071
4067 4138 8191
4066 4187 8222
4066 4105 8135
4009 4051 8045
4031 4040 8059
4124 4140 8243
4020 4133 8125
4140 4174 8280
4166 4187 8324
4134 4137 8266
4181 4195 8351
4175 4182 8326
4072 4196 8239
4012 4073 8056
4115 4160 8258
4019 4057 8040
4171 4180 8330
4088 4144 8213
4034 4085 8108
4186 4198 8380
4040 4125 8153
4193 4197 8389
4080 4094 8163
4159 4180 8328
4151 4154 8293
4143 4198 8322
4135 4142 8262
4013 4164 8142
4069 4086 8150
4045 4159 8188
4075 4185 8252
4192 4193 8356
4124 4194 8300
4190 4191 8347
4070 4094 8139
4185 4193 8364
4163 4182 8328
4035 4163 8170
4114 4129 8223
4174 4194 8342
4038 4169 8191
4092 4191 8258
4062 4137 8197
4018 4058 8070
4081 4158 8231
4094 4106 8190
4051 4113 8159
4064 4087 8125
4009 4176 8154
4188 4190 8370
4121 4123 8235
4078 4153 8207
4179 4180 8331
4049 4196 8231
4156 4193 8316
4136 4190 8316
4120 4157 8247
4021 4196 8201
4197 4198 8378
4114 4153 8259
4160 4189 8311
4014 4094 8086
4062 4078 8108
4083 4086 8158
4118 4193 8276
4097 4196 8290
4061 4095 8125
4031 4122 8132
4131 4163 8287
4081 4181 8225
4051 4111 8127
4052 4059 8100
4047 4133 8150
4072 4184 8240
4174 4190 8339
4047 4130 8168
4149 4169 8301
4140 4199 8316
4110 4198 8297
4007 4130 8112
4029 4089 8100
4036 4095 8095
4141 4163 8279
4003 4049 8040
4071 4103 8146
4091 4163 8251
4034 4152 8183
4160 4189 8341
4125 4139 8253
4060 4142 8171
4190 4191 8357
4070 4080 8120
4194 4195 8371
4191 4194 8364
4103 4105 8177
4148 4183 8319
4106 4169 8252
4003 4060 8029
4020 4095 8111
4089 4195 8268
4057 4128 8162
4125 4146 8241
4154 4172 8322
4133 4147 8268
4135 4173 8306
4016 4034 8018
4182 4196 8344
4127 4151 8261
4107 4150 8229
4142 4160 8285
4107 4181 8254
4000 4007 7986
4175 4182 8324
4142 4183 8317
4142 4145 8270
4184 4186 8367
4132 4162 8255
4087 4101 8186
4031 4097 8110
4080 4165 8223
4118 4173 8290
4116 4157 8239
4122 4176 8266
4112 4145 8220
4115 4165 8246
4192 4200 8378
4134 4151 8277
4114 4174 8270
4087 4160 8234
4084 4187 8260
4125 4160 8250
4031 4042 8036
4155 4156 8284
4039 4050 8054
4108 4150 8220
4057 4096 8139
4063 4179 8213
4094 4157 8250
4100 4109 8175
4017 4040 8020
4116 4179 8285
4036 4161 8162
4194 4196 8388
4106 4130 8228
4102 4133 8198
4012 4162 8154
4156 4169 8306
4014 4060 8049
4009 4179 8171
4077 4102 8175
4141 4184 8290
4031 4187 8207
4195 4199 8385
4037 4159 8158
4017 4171 8153
4033 4119 8140
4098 4111 8193
4105 4119 8204
4123 4184 8300
4022 4033 8034
4175 4198 8372
4005 4187 8166
4135 4187 8312
4066 4088 8126
4170 4185 8318
4031 4119 8132
4011 4135 8136
4185 4200 8362
4199 4200 8382
4097 4158 8248
4099 4177 8257
4014 4142 8131
4064 4145 8185
4030 4180 8200
4196 4197 8371
4078 4132 8193
4180 4194 8361
4005 4057 8044
4104 4192 8291
4180 4196 8355
4112 4193 8298
4109 4162 8246
4123 4148 8236
4094 4128 8216
4132 4183 8294
4192 4198 8383
4188 4197 8358
4160 4168 8311
4081 4199 8242
4059 4061 8113
4015 4047 8052
4096 4118 8198
4192 4199 8365
4156 4176 8312
4162 4187 8316
4034 4130 8150
4174 4191 8339
4189 4199 8374
4054 4137 8190
4189 4199 8377
4022 4053 8040
4009 4044 8048
4032 4154 8173
4110 4139 8217
4135 4162 8281
4109 4161 8235
4136 4182 8298
4011 4027 8008
4119 4145 8227
4073 4170 8215
4024 4182 8189
4171 4196 8358
4007 4195 8199
4071 4188 8228
4009 4072 8046
4133 4174 8277
4080 4111 8169
4011 4161 8137
4002 4015 8007
4086 4174 8250
4158 4162 8295
4156 4179 8302
4185 4200 8378
4007 4033 8007
4076 4111 8186
4114 4140 8248
4006 4193 8190
4070 4117 8166
4198 4199 8378
4137 4141 8275
4006 4036 8013
4156 4175 8322
4094 4144 8208
4069 4100 8157
4077 4121 8190
4096 4124 8190
4040 4187 8226
4159 4167 8300
4078 4141 8213
4154 4167 8306
4112 4180 8284
4055 4110 8134
4111 4177 8261
4011 4033 8035
4159 4182 8308
4195 4200 8370
4031 4166 8168
4163 4175 8304
4073 4108 8167
4143 4163 8289
4107 4146 8223
4034 4035 8037
4090 4131 8197
4173 4182 8342
4146 4197 8313
4012 4098 8085
4169 4189 8327
4087 4157 8241
4020 4025 8038
4047 4200 8234
4108 4122 8201
4043 4121 8148
4065 4072 8131
4127 4188 8297
4149 4179 8317
4143 4182 8313
4161 4200 8340
4029 4152 8170
4117 4174 8284
4014 4071 8058
4087 4106 8158
4035 4171 8205
4127 4200 8307
4121 4140 8245
4010 4044 8040
4115 4189 8282
4128 4169 8262
4081 4096 8167
4062 4098 8149
4144 4170 8276
4117 4187 8281
4069 4112 8162
4112 4158 8233
4197 4198 8388
4060 4099 8139
4031 4157 8162
4016 4084 8079
4078 4127 8191
4031 4106 8135
4100 4190 8251
4044 4061 8100
4132 4158 8289
4190 4193 8370
4012 4068 8043
4073 4192 8263
4021 4030 8021
4036 4115 8129
4150 4170 8302
4132 4178 8287
4100 4200 8296
4068 4187 8218
4176 4199 8354
4130 4161 8269
4133 4198 8317
4044 4116 8158
4126 4139 8240
4187 4195 8343
4171 4175 8326
4033 4167 8171
4041 4047 8064
4174 4176 8325
4189 4194 8349
4069 4154 8207
4083 4102 8183
4040 4159 8165
4063 4182 8235
4054 4181 8221
4016 4140 8137
4150 4195 8335
4094 4151 8236
4000 4047 8019
4039 4074 8111
4100 4133 8214
4094 4122 8206
4029 4153 8165
4058 4093 8146
4006 4182 8182
4039 4044 8070
4115 4148 8245
4002 4168 8136
4159 4198 8348
4030 4160 8188
4022 4194 8210
4127 4175 8296
4047 4122 8155
4040 4099 8118
4022 4200 8200
4150 4152 8263
4193 4197 8364
4196 4197 8385
4124 4176 8285
4028 4105 8111
4109 4184 8286
4058 4096 8153
4025 4151 8139
4115 4161 8265
4035 4143 8157
4087 4098 8157
4046 4138 8148
4098 4159 8229
4001 4159 8143
4027 4096 8097
4186 4199 8346
4114 4143 8255
4038 4089 8089
4101 4155 8239
4137 4140 8238
4038 4125 8140
4071 4147 8182
4101 4182 8250
4057 4192 8229
4171 4198 8366
4128 4143 8235
4074 4134 8197
4035 4199 8208
4081 4196 8245
4078 4170 8225
4101 4193 8265
4199 4200 8373
4065 4074 8137
4101 4180 8257
4006 4119 8101
4175 4186 8359
4064 4183 8211
4181 4195 8354
4126 4146 8265
4064 4140 8182
4075 4142 8192
4130 4137 8262
4022 4029 8026
4142 4181 8314
4116 4173 8275
4163 4165 8317
4062 4125 8162
4119 4187 8291
4092 4186 8263
4121 4139 8221
4152 4170 8304
4090 4125 8212
4113 4141 8238
4052 4076 8096
4006 4136 8123
4112 4155 8264
4081 4190 8265
4082 4179 8226
4153 4191 8320
4058 4130 8182
4136 4170 8302
4136 4190 8323
4140 4179 8304
4053 4131 8179
4199 4200 8392
4102 4178 8272
4153 4195 8342
4059 4070 8105
4151 4177 8305
4005 4145 8138
4186 4192 8370
4139 4186 8316
4037 4095 8101
4140 4148 8258
4155 4186 8314
4172 4187 8322
4013 4182 8170
4067 4123 8153
4030 4176 8169
4133 4189 8285
4092 4135 8195
4166 4187 8336
4143 4190 8311
4087 4179 8256
4185 4186 8363
4165 4188 8330
4002 4199 8167
4174 4178 8348
4117 4162 8264
4114 4161 8262
4050 4200 8224
4141 4170 8299
4123 4132 8220
4132 4199 8302
4164 4186 8326
4145 4176 8317
4105 4153 8232
4108 4179 8280
4147 4168 8287
4176 4196 8355
4159 4164 8290
4070 4174 8213
4078 4172 8219
4019 4026 8010
4095 4106 8187
4137 4187 8320
4071 4111 8144
4096 4158 8238
4015 4140 8133
4009 4050 8039
4148 4181 8298
4045 4188 8217
4068 4128 8171
4179 4196 8339
4076 4190 8238

0.010000 0.650000
