600
3210164
4242 4259 8501
4248 4249 8497
4238 4254 8492
4282 4291 8573
4212 4276 8488
4293 4295 8588
4167 4266 8433
4245 4285 8530
4120 4262 8382
4276 4283 8559
4247 4269 8516
4279 4284 8563
4215 4285 8500
4160 4284 8444
4265 4274 8539
4184 4275 8459
4245 4285 8530
4145 4267 8412
4237 4281 8518
4134 4184 8318
4189 4285 8474
4182 4229 8411
4154 4184 8338
4153 4235 8388
4170 4183 8353
4138 4294 8432
4125 4220 8345
4139 4281 8420
4239 4253 8492
4229 4260 8489
4185 4258 8443
4124 4216 8340
4114 4211 8325
4238 4273 8511
4224 4235 8459
4207 4230 8437
4237 4253 8490
4103 4210 8313
4233 4252 8485
4222 4232 8454
4189 4290 8479
4241 4297 8538
4211 4230 8441
4125 4138 8263
4126 4180 8306
4169 4183 8352
4129 4201 8330
4124 4128 8252
4296 4299 8595
4202 4253 8455
4150 4172 8322
4126 4212 8338
4195 4266 8461
4156 4227 8383
4283 4296 8579
4225 4299 8524
4169 4234 8403
4292 4299 8591
4119 4146 8265
4126 4207 8333
4148 4282 8430
4117 4263 8380
4143 4278 8421
4259 4273 8532
4165 4242 8407
4183 4283 8466
4294 4300 8594
4254 4265 8519
4127 4198 8325
4151 4163 8314
4239 4241 8480
4261 4285 8546
4107 4167 8274
4295 4299 8594
4129 4229 8358
4146 4207 8353
4286 4289 8575
4117 4247 8364
4234 4268 8502
4244 4276 8520
4160 4264 8424
4257 4261 8518
4135 4263 8398
4107 4270 8377
4263 4268 8531
4291 4297 8588
4196 4269 8465
4115 4137 8252
4260 4266 8526
4203 4266 8469
4287 4297 8584
4189 4213 8402
4276 4289 8565
4269 4299 8568
4170 4187 8357
4121 4191 8312
4122 4176 8298
4275 4292 8567
4224 4268 8492
4144 4281 8425
4266 4281 8547
4236 4253 8489
4112 4202 8314
4112 4130 8242
4298 4300 8598
4277 4279 8556
4249 4282 8531
4272 4280 8552
4109 4146 8255
4214 4237 8451
4116 4191 8307
4118 4283 8401
4232 4254 8486
4152 4244 8396
4121 4197 8318
4119 4128 8247
4112 4181 8293
4245 4266 8511
4147 4241 8388
4270 4299 8569
4283 4290 8573
4207 4222 8429
4245 4290 8535
4224 4266 8490
4231 4294 8525
4196 4212 8408
4113 4295 8408
4199 4220 8419
4145 4287 8432
4226 4240 8466
4263 4299 8562
4204 4235 8439
4152 4295 8447
4239 4243 8482
4268 4290 8558
4185 4241 8426
4281 4298 8579
4292 4297 8589
4259 4265 8524
4231 4282 8513
4291 4300 8591
4211 4291 8502
4272 4297 8569
4149 4277 8426
4269 4286 8555
4213 4297 8510
4242 4257 8499
4273 4289 8562
4151 4221 8372
4152 4163 8315
4249 4256 8505
4155 4245 8400
4112 4209 8321
4104 4250 8354
4153 4246 8399
4295 4296 8591
4103 4161 8264
4260 4300 8560
4182 4267 8449
4267 4277 8544
4259 4284 8543
4283 4296 8579
4201 4258 8459
4162 4278 8440
4231 4299 8530
4184 4263 8447
4282 4284 8566
4103 4209 8312
4144 4236 8380
4236 4255 8491
4255 4275 8530
4189 4214 8403
4249 4285 8534
4107 4126 8233
4284 4287 8571
4286 4296 8582
4298 4300 8598
4265 4281 8546
4243 4299 8542
4249 4294 8543
4268 4273 8541
4293 4298 8591
4174 4267 8441
4225 4256 8481
4280 4298 8578
4157 4251 8408
4211 4223 8434
4107 4206 8313
4193 4226 8419
4163 4226 8389
4272 4285 8557
4255 4295 8550
4224 4272 8496
4152 4249 8401
4136 4137 8273
4251 4265 8516
4199 4291 8490
4207 4289 8496
4188 4223 8411
4147 4174 8321
4208 4295 8503
4101 4166 8267
4173 4221 8394
4220 4229 8449
4111 4161 8272
4143 4164 8307
4297 4298 8595
4235 4266 8501
4141 4268 8409
4164 4169 8333
4277 4293 8570
4232 4257 8489
4198 4210 8408
4124 4166 8290
4283 4295 8578
4216 4263 8479
4126 4280 8406
4255 4266 8521
4259 4289 8548
4131 4197 8328
4192 4243 8435
4186 4198 8384
4239 4253 8492
4211 4225 8436
4159 4285 8444
4199 4273 8472
4138 4141 8279
4237 4254 8491
4169 4271 8440
4220 4227 8447
4177 4300 8477
4116 4233 8349
4225 4235 8460
4175 4286 8461
4293 4299 8592
4195 4208 8403
4220 4263 8483
4175 4271 8446
4144 4263 8407
4186 4233 8419
4222 4256 8478
4157 4198 8355
4198 4250 8448
4205 4217 8422
4294 4300 8594
4148 4210 8358
4126 4274 8400
4289 4300 8589
4184 4211 8395
4214 4248 8462
4178 4251 8429
4208 4233 8441
4234 4281 8515
4257 4292 8549
4195 4275 8470
4101 4152 8253
4121 4231 8352
4121 4123 8244
4153 4195 8348
4195 4247 8442
4101 4204 8305
4183 4252 8435
4193 4210 8403
4194 4268 8462
4178 4203 8381
4105 4245 8350
4264 4265 8529
4291 4294 8585
4105 4201 8306
4267 4281 8548
4215 4243 8458
4254 4291 8545
4262 4269 8531
4254 4264 8518
4176 4257 8433
4129 4239 8368
4259 4293 8552
4215 4267 8482
4249 4270 8519
4123 4241 8364
4286 4298 8584
4250 4270 8520
4254 4259 8513
4248 4280 8528
4135 4240 8375
4280 4287 8567
4276 4283 8559
4183 4299 8482
4133 4236 8369
4174 4264 8438
4299 4300 8599
4162 4235 8397
4202 4226 8428
4199 4272 8471
4244 4274 8518
4254 4272 8526
4252 4259 8511
4236 4268 8504
4244 4283 8527
4187 4201 8388
4205 4273 8478
4130 4161 8291
4160 4285 8445
4132 4277 8409
4181 4253 8434
4157 4181 8338
4114 4242 8356
4194 4209 8403
4110 4266 8376
4147 4170 8317
4282 4291 8573
4214 4292 8506
4233 4300 8533
4267 4288 8555
4153 4271 8424
4101 4115 8216
4232 4276 8508
4270 4279 8549
4274 4300 8574
4128 4261 8389
4212 4245 8457
4277 4282 8559
4138 4202 8340
4220 4291 8511
4232 4262 8494
4181 4245 8426
4122 4201 8323
4254 4276 8530
4262 4283 8545
4104 4169 8273
4267 4276 8543
4299 4300 8599
4249 4254 8503
4286 4287 8573
4282 4288 8570
4174 4268 8442
4298 4299 8597
4235 4240 8475
4259 4292 8551
4162 4289 8451
4247 4283 8530
4217 4233 8450
4283 4291 8574
4282 4297 8579
4289 4299 8588
4168 4184 8352
4241 4258 8499
4151 4181 8332
4173 4246 8419
4188 4251 8439
4141 4281 8422
4233 4264 8497
4246 4258 8504
4176 4273 8449
4269 4287 8556
4248 4252 8500
4201 4248 8449
4257 4276 8533
4148 4179 8327
4173 4188 8361
4121 4257 8378
4277 4287 8564
4171 4189 8360
4179 4248 8427
4108 4212 8320
4101 4104 8205
4276 4283 8559
4283 4298 8581
4134 4147 8281
4248 4300 8548
4101 4134 8235
4169 4190 8359
4149 4165 8314
4273 4279 8552
4267 4296 8563
4232 4243 8475
4253 4282 8535
4251 4257 8508
4296 4297 8593
4284 4289 8573
4221 4248 8469
4274 4279 8553
4118 4119 8237
4209 4254 8463
4218 4257 8475
4213 4282 8495
4100 4103 8203
4231 4283 8514
4194 4267 8461
4131 4186 8317
4264 4273 8537
4208 4212 8420
4244 4280 8524
4115 4181 8296
4238 4273 8511
4252 4286 8538
4239 4278 8517
4152 4297 8449
4232 4247 8479
4116 4242 8358
4136 4143 8279
4283 4294 8577
4231 4281 8512
4213 4279 8492
4216 4252 8468
4274 4290 8564
4138 4290 8428
4287 4299 8586
4254 4273 8527
4106 4137 8243
4236 4275 8511
4158 4217 8375
4193 4271 8464
4112 4203 8315
4235 4259 8494
4224 4299 8523
4112 4203 8315
4125 4232 8357
4278 4289 8567
4287 4295 8582
4286 4298 8584
4251 4295 8546
4103 4113 8216
4177 4241 8418
4144 4167 8311
4273 4293 8566
4154 4167 8321
4141 4164 8305
4281 4288 8569
4263 4265 8528
4157 4254 8411
4184 4240 8424
4257 4277 8534
4158 4187 8345
4153 4275 8428
4136 4264 8400
4162 4190 8352
4294 4299 8593
4159 4250 8409
4128 4143 8271
4187 4202 8389
4286 4295 8581
4151 4199 8350
4100 4243 8343
4216 4223 8439
4262 4297 8559
4149 4190 8339
4166 4295 8461
4178 4243 8421
4240 4297 8537
4261 4291 8552
4243 4247 8490
4131 4150 8281
4112 4194 8306
4226 4271 8497
4151 4242 8393
4165 4238 8403
4137 4257 8394
4249 4253 8502
4143 4234 8377
4188 4204 8392
4201 4239 8440
4187 4248 8435
4183 4287 8470
4145 4221 8366
4119 4208 8327
4243 4290 8533
4177 4201 8378
4280 4296 8576
4179 4181 8360
4148 4181 8329
4281 4282 8563
4213 4278 8491
4174 4228 8402
4208 4296 8504
4175 4205 8380
4203 4251 8454
4131 4160 8291
4141 4275 8416
4140 4165 8305
4229 4238 8467
4254 4275 8529
4144 4183 8327
4256 4263 8519
4265 4289 8554
4219 4245 8464
4143 4198 8341
4154 4192 8346
4250 4257 8507
4217 4254 8471
4258 4267 8525
4288 4297 8585
4261 4280 8541
4280 4282 8562
4114 4159 8273
4161 4197 8358
4279 4286 8565
4271 4284 8555
4117 4201 8318
4185 4256 8441
4149 4279 8428
4226 4267 8493
4184 4224 8408
4100 4124 8224
4291 4295 8586
4212 4249 8461
4110 4199 8309
4214 4292 8506
4281 4296 8577
4273 4275 8548
4145 4208 8353
4273 4290 8563
4148 4244 8392
4118 4239 8357
4263 4286 8549
4224 4265 8489
4273 4279 8552
4188 4229 8417
4296 4300 8596
4163 4177 8340
4176 4267 8443
4186 4228 8414
4157 4274 8431
4210 4235 8445
4286 4295 8581
4122 4241 8363
4186 4220 8406
4191 4232 8423
4107 4239 8346
4150 4195 8345
4199 4232 8431
4271 4298 8569
4294 4295 8589
4139 4279 8418
4267 4272 8539
4121 4131 8252
4214 4262 8476
4270 4272 8542
4139 4280 8419
4153 4273 8426
4227 4299 8526
4214 4261 8475
4259 4260 8519
4278 4297 8575
4244 4265 8509
4250 4257 8507
4131 4267 8398
4146 4202 8348
4123 4273 8396
4115 4177 8292
4179 4241 8420
4209 4247 8456
4150 4184 8334
4148 4186 8334
4162 4203 8365
4117 4158 8275
4199 4270 8469
4296 4300 8596
4243 4286 8529
4160 4241 8401
4174 4223 8397
4284 4293 8577
4121 4278 8399
4187 4259 8446
4294 4300 8594
4238 4261 8499
4222 4272 8494
4134 4173 8307
4206 4284 8490
4213 4249 8462
4150 4184 8334
4201 4289 8490
4201 4248 8449
4163 4250 8413
4265 4283 8548
4154 4240 8394
4200 4218 8418
4224 4280 8504
4130 4181 8311
4126 4233 8359
4166 4227 8393
4240 4269 8509
4114 4123 8237
4140 4288 8428
4181 4261 8442
4262 4300 8562
4264 4294 8558
4248 4277 8525
4247 4252 8499
4282 4288 8570
4181 4229 8410
4245 4261 8506
4192 4293 8485
4232 4237 8469
4219 4295 8514
4222 4277 8499
4203 4290 8493
4283 4285 8568
4263 4266 8529
4149 4269 8418

4142 4159 8292
4148 4149 8271
4138 4154 8284
4182 4191 8347
4112 4176 8263
4193 4195 8364
4067 4166 8222
4145 4185 8326
4020 4162 8154
4176 4183 8354
4147 4169 8306
4179 4184 8342
4115 4185 8272
4060 4184 8212
4165 4174 8314
4084 4175 8237
4145 4185 8293
4045 4167 8207
4137 4181 8285
4034 4084 8084
4089 4185 8252
4082 4129 8201
4054 4084 8125
4053 4135 8164
4070 4083 8135
4038 4194 8196
4025 4120 8115
4039 4181 8201
4139 4153 8256
4129 4160 8274
4085 4158 8215
4024 4116 8124
4014 4111 8102
4138 4173 8309
4124 4135 8235
4107 4130 8214
4137 4153 8268
4003 4110 8091
4133 4152 8250
4122 4132 8234
4089 4190 8266
4141 4197 8309
4111 4130 8207
4025 4038 8053
4026 4080 8072
4069 4083 8117
4029 4101 8107
4024 4028 8026
4196 4199 8381
4102 4153 8223
4050 4072 8096
4026 4112 8136
4095 4166 8247
4056 4127 8172
4183 4196 8350
4125 4199 8318
4069 4134 8171
4192 4199 8388
4019 4046 8063
4026 4107 8104
4048 4182 8192
4017 4163 8178
4043 4178 8213
4159 4173 8316
4065 4142 8179
4083 4183 8254
4194 4200 8361
4154 4165 8298
4027 4098 8103
4051 4063 8106
4139 4141 8274
4161 4185 8342
4007 4067 8072
4195 4199 8363
4029 4129 8136
4046 4107 8133
4186 4189 8336
4017 4147 8143
4134 4168 8282
4144 4176 8310
4060 4164 8223
4157 4161 8317
4035 4163 8168
4007 4170 8163
4163 4168 8310
4191 4197 8357
4096 4169 8261
4015 4037 8032
4160 4166 8318
4103 4166 8264
4187 4197 8364
4089 4113 8187
4176 4189 8334
4169 4199 8357
4070 4087 8136
4021 4091 8082
4022 4076 8080
4175 4192 8357
4124 4168 8257
4044 4181 8212
4166 4181 8332
4136 4153 8268
4012 4102 8110
4012 4030 8038
4198 4200 8387
4177 4179 8335
4149 4182 8317
4172 4180 8321
4009 4046 8053
4114 4137 8214
4016 4091 8072
4018 4183 8200
4132 4154 8258
4052 4144 8191
4021 4097 8081
4019 4028 8033
4012 4081 8055
4145 4166 8310
4047 4141 8154
4170 4199 8352
4183 4190 8364
4107 4122 8201
4145 4190 8312
4124 4166 8253
4131 4194 8293
4096 4112 8172
4013 4195 8176
4099 4120 8214
4045 4187 8197
4126 4140 8257
4163 4199 8350
4104 4135 8238
4052 4195 8224
4139 4143 8243
4168 4190 8348
4085 4141 8196
4181 4198 8365
4192 4197 8384
4159 4165 8322
4131 4182 8283
4191 4200 8384
4111 4191 8267
4172 4197 8345
4049 4177 8224
4169 4186 8349
4113 4197 8305
4142 4157 8269
4173 4189 8328
4051 4121 8157
4052 4063 8110
4149 4156 8278
4055 4145 8169
4012 4109 8085
4004 4150 8150
4053 4146 8190
4195 4196 8354
4003 4061 8058
4160 4200 8346
4082 4167 8239
4167 4177 8327
4159 4184 8313
4183 4196 8347
4101 4158 8225
4062 4178 8232
4131 4199 8322
4084 4163 8242
4182 4184 8364
4003 4109 8085
4044 4136 8164
4136 4155 8264
4155 4175 8313
4089 4114 8192
4149 4185 8305
4007 4026 8007
4184 4187 8355
4186 4196 8372
4198 4200 8389
4165 4181 8311
4143 4199 8315
4149 4194 8326
4168 4173 8306
4193 4198 8376
4074 4167 8238
4125 4156 8261
4180 4198 8376
4057 4151 8206
4111 4123 8208
4007 4106 8088
4093 4126 8209
4063 4126 8167
4172 4185 8335
4155 4195 8322
4124 4172 8293
4052 4149 8171
4036 4037 8036
4151 4165 8306
4099 4191 8255
4107 4189 8288
4088 4123 8204
4047 4074 8113
4108 4195 8302
4001 4066 8035
4073 4121 8172
4120 4129 8215
4011 4061 8071
4043 4064 8081
4197 4198 8389
4135 4166 8288
4041 4168 8194
4064 4069 8100
4177 4193 8364
4132 4157 8263
4098 4110 8190
4024 4066 8071
4183 4195 8346
4116 4163 8241
4026 4180 8201
4155 4166 8286
4159 4189 8310
4031 4097 8095
4092 4143 8203
4086 4098 8178
4139 4153 8267
4111 4125 8218
4059 4185 8242
4099 4173 8254
4038 4041 8061
4137 4154 8277
4069 4171 8222
4120 4127 8224
4077 4200 8240
4016 4133 8136
4125 4135 8224
4075 4186 8240
4193 4199 8386
4095 4108 8171
4120 4163 8254
4075 4171 8228
4044 4163 8179
4086 4133 8193
4122 4156 8264
4057 4098 8127
4098 4150 8242
4105 4117 8184
4194 4200 8360
4048 4110 8126
4026 4174 8188
4189 4200 8360
4084 4111 8192
4114 4148 8230
4078 4151 8205
4108 4133 8235
4134 4181 8290
4157 4192 8327
4095 4175 8268
4001 4052 8045
4021 4131 8149
4021 4023 8037
4053 4095 8130
4095 4147 8217
4001 4104 8078
4083 4152 8231
4093 4110 8197
4094 4168 8254
4078 4103 8153
4005 4145 8112
4164 4165 8321
4191 4194 8383
4005 4101 8085
4167 4181 8331
4115 4143 8253
4154 4191 8312
4162 4169 8321
4154 4164 8312
4076 4157 8227
4029 4139 8148
4159 4193 8329
4115 4167 8257
4149 4170 8281
4023 4141 8147
4186 4198 8381
4150 4170 8287
4154 4159 8274
4148 4180 8312
4035 4140 8156
4180 4187 8334
4176 4183 8338
4083 4199 8265
4033 4136 8140
4074 4164 8201
4199 4200 8365
4062 4135 8187
4102 4126 8223
4099 4172 8269
4144 4174 8291
4154 4172 8315
4152 4159 8303
4136 4168 8277
4144 4183 8325
4087 4101 8179
4105 4173 8244
4030 4061 8065
4060 4185 8219
4032 4177 8184
4081 4153 8220
4057 4081 8123
4014 4142 8146
4094 4109 8202
4010 4166 8139
4047 4070 8109
4182 4191 8351
4114 4192 8276
4133 4200 8295
4167 4188 8346
4053 4171 8201
4001 4015 7995
4132 4176 8282
4170 4179 8339
4174 4200 8348
4028 4161 8166
4112 4145 8224
4177 4182 8336
4038 4102 8132
4120 4191 8303
4132 4162 8288
4081 4145 8189
4022 4101 8098
4154 4176 8304
4162 4183 8331
4004 4069 8063
4167 4176 8328
4199 4200 8370
4149 4154 8266
4186 4187 8363
4182 4188 8342
4074 4168 8241
4198 4199 8385
4135 4140 8271
4159 4192 8320
4062 4189 8221
4147 4183 8302
4117 4133 8232
4183 4191 8348
4182 4197 8353
4189 4199 8387
4068 4084 8124
4141 4158 8282
4051 4081 8118
4073 4146 8215
4088 4151 8207
4041 4181 8202
4133 4164 8263
4146 4158 8284
4076 4173 8240
4169 4187 8335
4148 4152 8271
4101 4148 8213
4157 4176 8294
4048 4079 8114
4073 4088 8144
4021 4157 8148
4177 4187 8341
4071 4089 8156
4079 4148 8196
4008 4112 8109
4001 4004 8004
4176 4183 8328
4183 4198 8354
4034 4047 8079
4148 4200 8332
4001 4034 8026
4069 4090 8143
4049 4065 8108
4173 4179 8334
4167 4196 8339
4132 4143 8255
4153 4182 8331
4151 4157 8293
4196 4197 8385
4184 4189 8339
4121 4148 8242
4174 4179 8331
4018 4019 8019
4109 4154 8260
4118 4157 8274
4113 4182 8261
4000 4003 7973
4131 4183 8281
4094 4167 8235
4031 4086 8079
4164 4173 8312
4108 4112 8216
4144 4180 8317
4015 4081 8074
4138 4173 8279
4152 4186 8312
4139 4178 8283
4052 4197 8247
4132 4147 8273
4016 4142 8143
4036 4043 8057
4183 4194 8358
4131 4181 8284
4113 4179 8272
4116 4152 8252
4174 4190 8339
4038 4190 8215
4187 4199 8363
4154 4173 8288
4006 4037 8016
4136 4175 8290
4058 4117 8170
4093 4171 8235
4012 4103 8099
4135 4159 8278
4124 4199 8291
4012 4103 8098
4025 4132 8154
4178 4189 8336
4187 4195 8369
4186 4198 8361
4151 4195 8307
4003 4013 7989
4077 4141 8185
4044 4067 8096
4173 4193 8346
4054 4067 8116
4041 4064 8077
4181 4188 8330
4163 4165 8291
4057 4154 8205
4084 4140 8208
4157 4177 8329
4058 4087 8139
4053 4175 8219
4036 4164 8170
4062 4090 8114
4194 4199 8373
4059 4150 8192
4028 4043 8061
4087 4102 8171
4186 4195 8353
4051 4099 8136
4000 4143 8127
4116 4123 8224
4162 4197 8321
4049 4090 8116
4066 4195 8257
4078 4143 8184
4140 4197 8305
4161 4191 8313
4143 4147 8251
4031 4050 8055
4012 4094 8084
4126 4171 8265
4051 4142 8169
4065 4138 8168
4037 4157 8188
4149 4153 8270
4043 4134 8147
4088 4104 8162
4101 4139 8237
4087 4148 8203
4083 4187 8262
4045 4121 8153
4019 4108 8105
4143 4190 8314
4077 4101 8164
4180 4196 8340
4079 4081 8141
4048 4081 8095
4181 4182 8359
4113 4178 8260
4074 4128 8189
4108 4196 8275
4075 4105 8174
4103 4151 8250
4031 4060 8090
4041 4175 8201
4040 4065 8076
4129 4138 8240
4154 4175 8302
4044 4083 8120
4156 4163 8280
4165 4189 8337
4119 4145 8252
4043 4098 8140
4054 4092 8124
4150 4157 8292
4117 4154 8242
4158 4167 8291
4188 4197 8377
4161 4180 8326
4180 4182 8350
4014 4059 8069
4061 4097 8151
4179 4186 8361
4171 4184 8328
4017 4101 8093
4085 4156 8222
4049 4179 8201
4126 4167 8273
4084 4124 8175
4000 4024 7999
4191 4195 8353
4112 4149 8255
4010 4099 8085
4114 4192 8276
4181 4196 8343
4173 4175 8319
4045 4108 8123
4173 4190 8332
4048 4144 8185
4018 4139 8151
4163 4186 8332
4124 4165 8270
4173 4179 8329
4088 4129 8189
4196 4200 8376
4063 4077 8105
4076 4167 8213
4086 4128 8180
4057 4174 8216
4110 4135 8233
4186 4195 8366
4022 4141 8132
4086 4120 8191
4091 4132 8185
4007 4139 8119
4050 4095 8132
4099 4132 8208
4171 4198 8364
4194 4195 8378
4039 4179 8216
4167 4172 8329
4021 4031 8031
4114 4162 8248
4170 4172 8322
4039 4180 8210
4053 4173 8219
4127 4199 8302
4114 4161 8259
4159 4160 8299
4178 4197 8367
4144 4165 8271
4150 4157 8304
4031 4167 8193
4046 4102 8138
4023 4173 8193
4015 4077 8066
4079 4141 8190
4109 4147 8241
4050 4084 8107
4048 4086 8101
4062 4103 8149
4017 4058 8047
4099 4170 8242
4196 4200 8394
4143 4186 8307
4060 4141 8174
4074 4123 8189
4184 4193 8359
4021 4178 8172
4087 4159 8220
4194 4200 8378
4138 4161 8266
4122 4172 8275
4034 4073 8078
4106 4184 8270
4113 4149 8225
4050 4084 8114
4101 4189 8277
4101 4148 8232
4063 4150 8190
4165 4183 8320
4054 4140 8180
4100 4118 8181
4124 4180 8272
4030 4081 8099
4026 4133 8127
4066 4127 8157
4140 4169 8302
4014 4023 8022
4040 4188 8199
4081 4161 8233
4162 4200 8357
4164 4194 8333
4148 4177 8286
4147 4152 8278
4182 4188 8331
4081 4129 8183
4145 4161 8296
4092 4193 8249
4132 4137 8268
4119 4195 8296
4122 4177 8261
4103 4190 8262
4183 4185 8329
4163 4166 8328
4049 4169 8211

0.010000 0.650000
