600
3556071
4167 4290 8457
4107 4273 8380
4199 4244 8443
4233 4274 8507
4267 4272 8539
4216 4267 8483
4127 4150 8277
4134 4182 8316
4141 4183 8324
4220 4253 8473
4295 4300 8595
4207 4208 8415
4229 4249 8478
4128 4238 8366
4284 4294 8578
4268 4291 8559
4263 4276 8539
4157 4180 8337
4285 4290 8575
4247 4252 8499
4252 4261 8513
4219 4244 8463
4152 4254 8406
4275 4295 8570
4101 4295 8396
4152 4241 8393
4221 4260 8481
4299 4300 8599
4186 4280 8466
4131 4268 8399
4292 4299 8591
4133 4253 8386
4278 4281 8559
4281 4286 8567
4227 4267 8494
4193 4240 8433
4230 4239 8469
4254 4285 8539
4122 4175 8297
4115 4127 8242
4170 4223 8393
4200 4251 8451
4187 4213 8400
4208 4250 8458
4203 4297 8500
4184 4223 8407
4180 4253 8433
4296 4297 8593
4109 4274 8383
4233 4285 8518
4112 4126 8238
4192 4242 8434
4103 4171 8274
4198 4278 8476
4213 4255 8468
4235 4287 8522
4242 4260 8502
4142 4148 8290
4255 4290 8545
4104 4249 8353
4102 4229 8331
4179 4264 8443
4165 4265 8430
4167 4175 8342
4283 4288 8571
4194 4242 8436
4170 4280 8450
4223 4263 8486
4231 4266 8497
4276 4290 8566
4192 4242 8434
4115 4164 8279
4139 4152 8291
4294 4295 8589
4184 4206 8390
4263 4283 8546
4163 4234 8397
4197 4283 8480
4141 4204 8345
4181 4257 8438
4286 4288 8574
4150 4155 8305
4114 4215 8329
4195 4297 8492
4163 4297 8460
4188 4202 8390
4225 4261 8486
4233 4242 8475
4118 4294 8412
4290 4298 8588
4230 4273 8503
4127 4193 8320
4225 4290 8515
4148 4227 8375
4155 4176 8331
4165 4260 8425
4278 4294 8572
4256 4276 8532
4270 4296 8566
4278 4290 8568
4244 4253 8497
4265 4288 8553
4280 4286 8566
4174 4211 8385
4272 4296 8568
4143 4178 8321
4119 4265 8384
4187 4297 8484
4255 4263 8518
4136 4142 8278
4206 4242 8448
4146 4240 8386
4289 4291 8580
4251 4281 8532
4188 4217 8405
4283 4298 8581
4121 4165 8286
4286 4292 8578
4131 4230 8361
4190 4242 8432
4106 4243 8349
4189 4222 8411
4250 4293 8543
4175 4291 8466
4260 4296 8556
4134 4189 8323
4286 4297 8583
4215 4259 8474
4231 4276 8507
4114 4129 8243
4212 4223 8435
4189 4209 8398
4103 4231 8334
4230 4244 8474
4162 4258 8420
4124 4249 8373
4202 4286 8488
4122 4225 8347
4271 4290 8561
4246 4275 8521
4246 4247 8493
4224 4244 8468
4248 4259 8507
4176 4261 8437
4159 4248 8407
4216 4258 8474
4149 4247 8396
4159 4225 8384
4151 4154 8305
4171 4281 8452
4140 4236 8376
4187 4196 8383
4126 4263 8389
4198 4247 8445
4108 4120 8228
4201 4287 8488
4269 4276 8545
4289 4294 8583
4245 4259 8504
4135 4277 8412
4150 4277 8427
4249 4288 8537
4206 4214 8420
4163 4295 8458
4231 4287 8518
4225 4245 8470
4215 4237 8452
4125 4237 8362
4135 4164 8299
4175 4199 8374
4241 4289 8530
4278 4300 8578
4128 4221 8349
4237 4251 8488
4203 4296 8499
4287 4300 8587
4174 4210 8384
4198 4244 8442
4294 4300 8594
4102 4183 8285
4126 4233 8359
4179 4292 8471
4227 4248 8475
4198 4214 8412
4275 4287 8562
4182 4287 8469
4140 4225 8365
4133 4174 8307
4173 4250 8423
4150 4233 8383
4153 4248 8401
4203 4267 8470
4188 4237 8425
4211 4261 8472
4204 4294 8498
4121 4222 8343
4108 4122 8230
4132 4239 8371
4111 4114 8225
4168 4229 8397
4121 4244 8365
4118 4260 8378
4205 4230 8435
4236 4256 8492
4149 4160 8309
4272 4283 8555
4142 4194 8336
4287 4296 8583
4119 4300 8419
4148 4238 8386
4103 4146 8249
4105 4109 8214
4239 4242 8481
4199 4296 8495
4265 4269 8534
4159 4234 8393
4215 4259 8474
4140 4251 8391
4233 4266 8499
4115 4268 8383
4253 4272 8525
4237 4280 8517
4129 4229 8358
4293 4299 8592
4231 4280 8511
4226 4295 8521
4278 4284 8562
4127 4162 8289
4206 4251 8457
4183 4237 8420
4225 4243 8468
4270 4300 8570
4110 4199 8309
4272 4293 8565
4226 4280 8506
4151 4292 8443
4117 4288 8405
4144 4237 8381
4298 4300 8598
4280 4287 8567
4290 4298 8588
4122 4193 8315
4103 4256 8359
4208 4229 8437
4136 4182 8318
4206 4234 8440
4262 4263 8525
4136 4161 8297
4260 4282 8542
4208 4232 8440
4156 4232 8388
4163 4248 8411
4107 4120 8227
4124 4129 8253
4190 4222 8412
4203 4237 8440
4112 4294 8406
4150 4224 8374
4146 4293 8439
4293 4300 8593
4221 4261 8482
4192 4238 8430
4294 4296 8590
4143 4149 8292
4168 4292 8460
4189 4196 8385
4280 4288 8568
4297 4300 8597
4296 4300 8596
4221 4254 8475
4174 4189 8363
4297 4298 8595
4256 4293 8549
4217 4290 8507
4271 4300 8571
4123 4238 8361
4227 4287 8514
4160 4275 8435
4121 4252 8373
4287 4297 8584
4120 4143 8263
4194 4205 8399
4196 4206 8402
4276 4279 8555
4129 4160 8289
4277 4294 8571
4288 4291 8579
4198 4265 8463
4135 4257 8392
4277 4279 8556
4243 4270 8513
4139 4155 8294
4137 4219 8356
4201 4230 8431
4157 4195 8352
4227 4261 8488
4261 4267 8528
4227 4258 8485
4160 4291 8451
4128 4294 8422
4206 4238 8444
4191 4196 8387
4170 4202 8372
4131 4148 8279
4255 4260 8515
4191 4268 8459
4166 4185 8351
4145 4254 8399
4110 4211 8321
4110 4268 8378
4179 4275 8454
4270 4276 8546
4189 4256 8445
4107 4238 8345
4218 4276 8494
4263 4285 8548
4269 4289 8558
4175 4239 8414
4238 4239 8477
4101 4264 8365
4213 4277 8490
4273 4285 8558
4119 4284 8403
4296 4298 8594
4298 4299 8597
4265 4299 8564
4151 4295 8446
4226 4284 8510
4135 4270 8405
4116 4283 8399
4210 4239 8449
4141 4291 8432
4159 4256 8415
4199 4282 8481
4184 4274 8458
4238 4293 8531
4272 4290 8562
4215 4262 8477
4229 4284 8513
4180 4287 8467
4107 4133 8240
4223 4287 8510
4139 4164 8303
4131 4254 8385
4162 4206 8368
4226 4258 8484
4206 4271 8477
4213 4246 8459
4201 4231 8432
4155 4226 8381
4288 4293 8581
4130 4262 8392
4232 4236 8468
4138 4239 8377
4207 4274 8481
4110 4151 8261
4272 4278 8550
4297 4300 8597
4244 4285 8529
4299 4300 8599
4173 4228 8401
4151 4273 8424
4117 4158 8275
4280 4281 8561
4123 4272 8395
4236 4285 8521
4182 4296 8478
4234 4295 8529
4164 4299 8463
4254 4259 8513
4251 4277 8528
4210 4258 8468
4129 4184 8313
4219 4278 8497
4138 4220 8358
4246 4286 8532
4143 4184 8327
4167 4298 8465
4159 4225 8384
4219 4221 8440
4188 4244 8432
4135 4183 8318
4287 4294 8581
4267 4283 8550
4218 4252 8470
4110 4186 8296
4122 4241 8363
4203 4268 8471
4283 4286 8569
4192 4210 8402
4203 4205 8408
4175 4284 8459
4231 4250 8481
4101 4260 8361
4290 4296 8586
4233 4285 8518
4194 4288 8482
4287 4299 8586
4292 4296 8588
4295 4297 8592
4193 4282 8475
4150 4163 8313
4105 4225 8330
4164 4209 8373
4247 4266 8513
4107 4243 8350
4207 4300 8507
4225 4244 8469
4275 4277 8552
4115 4207 8322
4189 4291 8480
4164 4270 8434
4286 4288 8574
4293 4297 8590
4147 4217 8364
4185 4209 8394
4274 4279 8553
4295 4300 8595
4160 4242 8402
4208 4288 8496
4180 4291 8471
4134 4193 8327
4197 4199 8396
4270 4274 8544
4108 4127 8235
4268 4270 8538
4184 4205 8389
4264 4294 8558
4221 4226 8447
4183 4224 8407
4211 4274 8485
4260 4297 8557
4265 4280 8545
4142 4170 8312
4247 4284 8531
4146 4288 8434
4255 4293 8548
4277 4285 8562
4147 4298 8445
4299 4300 8599
4280 4289 8569
4261 4263 8524
4162 4189 8351
4167 4230 8397
4206 4211 8417
4189 4265 8454
4147 4295 8442
4156 4189 8345
4103 4256 8359
4173 4182 8355
4235 4255 8490
4236 4252 8488
4201 4258 8459
4260 4278 8538
4257 4296 8553
4168 4252 8420
4110 4247 8357
4294 4298 8592
4168 4232 8400
4284 4298 8582
4210 4268 8478
4180 4228 8408
4267 4285 8552
4299 4300 8599
4123 4132 8255
4278 4294 8572
4212 4236 8448
4275 4293 8568
4136 4263 8399
4180 4254 8434
4157 4235 8392
4163 4263 8426
4181 4220 8401
4261 4289 8550
4187 4291 8478
4259 4295 8554
4286 4299 8585
4270 4292 8562
4264 4291 8555
4276 4300 8576
4259 4300 8559
4286 4287 8573
4177 4182 8359
4281 4296 8577
4275 4288 8563
4160 4229 8389
4247 4289 8536
4277 4297 8574
4284 4286 8570
4123 4285 8408
4298 4299 8597
4150 4171 8321
4226 4230 8456
4118 4204 8322
4187 4253 8440
4138 4278 8416
4287 4298 8585
4239 4262 8501
4120 4145 8265
4249 4290 8539
4266 4278 8544
4245 4249 8494
4134 4270 8404
4274 4295 8569
4114 4126 8240
4243 4254 8497
4227 4292 8519
4153 4256 8409
4285 4292 8577
4104 4174 8278
4242 4284 8526
4104 4204 8308
4261 4297 8558
4188 4199 8387
4226 4234 8460
4173 4243 8416
4259 4270 8529
4244 4278 8522
4201 4213 8414
4101 4293 8394
4182 4254 8436
4234 4245 8479
4141 4216 8357
4126 4224 8350
4294 4295 8589
4158 4267 8425
4163 4286 8449
4202 4206 8408
4148 4251 8399
4176 4228 8404
4141 4264 8405
4170 4225 8395
4245 4260 8505
4162 4187 8349
4110 4177 8287
4216 4227 8443
4184 4238 8422
4208 4276 8484
4191 4282 8473
4105 4206 8311
4155 4246 8401
4243 4244 8487
4288 4291 8579
4130 4201 8331
4173 4271 8444
4230 4298 8528
4279 4300 8579
4161 4244 8405
4128 4293 8421
4176 4257 8433
4245 4247 8492
4271 4284 8555
4133 4176 8309
4275 4288 8563
4249 4293 8542
4260 4282 8542
4157 4176 8333
4147 4208 8355
4189 4199 8388
4275 4287 8562
4276 4295 8571
4178 4229 8407
4224 4228 8452
4295 4296 8591
4193 4234 8427
4234 4292 8526
4244 4278 8522
4101 4263 8364
4205 4229 8434
4188 4268 8456
4274 4280 8554
4115 4195 8310
4136 4271 8407
4296 4297 8593
4178 4219 8397
4200 4228 8428
4267 4276 8543
4237 4249 8486
4176 4222 8398
4101 4247 8348
4217 4283 8500
4203 4254 8457
4275 4292 8567
4180 4239 8419
4271 4288 8559
4134 4209 8343
4288 4300 8588
4240 4297 8537
4286 4290 8576
4117 4208 8325
4119 4130 8249
4268 4278 8546
4110 4248 8358
4267 4273 8540
4172 4218 8390
4184 4210 8394
4294 4296 8590
4221 4258 8479
4233 4291 8524
4272 4298 8570

4067 4190 8254
4007 4173 8170
4099 4144 8216
4133 4174 8276
4167 4172 8314
4116 4167 8271
4027 4050 8055
4034 4082 8112
4041 4083 8101
4120 4153 8242
4195 4200 8374
4107 4108 8178
4129 4149 8252
4028 4138 8132
4184 4194 8370
4168 4191 8347
4163 4176 8310
4057 4080 8119
4185 4190 8347
4147 4152 8281
4152 4161 8284
4119 4144 8257
4052 4154 8191
4175 4195 8345
4001 4195 8165
4052 4141 8162
4121 4160 8254
4199 4200 8389
4086 4180 8242
4031 4168 8176
4192 4199 8352
4033 4153 8166
4178 4181 8346
4181 4186 8341
4127 4167 8256
4093 4140 8195
4130 4139 8248
4154 4185 8306
4022 4075 8073
4015 4027 8011
4070 4123 8161
4100 4151 8248
4087 4113 8198
4108 4150 8250
4103 4197 8294
4084 4123 8206
4080 4153 8205
4196 4197 8359
4009 4174 8171
4133 4185 8302
4012 4026 8017
4092 4142 8231
4003 4071 8052
4098 4178 8270
4113 4155 8242
4135 4187 8310
4142 4160 8277
4042 4048 8086
4155 4190 8336
4004 4149 8141
4002 4129 8095
4079 4164 8236
4065 4165 8219
4067 4075 8131
4183 4188 8370
4094 4142 8218
4070 4180 8221
4123 4163 8255
4131 4166 8274
4176 4190 8328
4092 4142 8200
4015 4064 8052
4039 4052 8055
4194 4195 8358
4084 4106 8159
4163 4183 8340
4063 4134 8185
4097 4183 8272
4041 4104 8134
4081 4157 8216
4186 4188 8341
4050 4055 8104
4014 4115 8098
4095 4197 8268
4063 4197 8255
4088 4102 8166
4125 4161 8285
4133 4142 8238
4018 4194 8181
4190 4198 8353
4130 4173 8275
4027 4093 8086
4125 4190 8283
4048 4127 8170
4055 4076 8126
4065 4160 8197
4178 4194 8354
4156 4176 8298
4170 4196 8364
4178 4190 8360
4144 4153 8260
4165 4188 8333
4180 4186 8329
4074 4111 8157
4172 4196 8347
4043 4078 8091
4019 4165 8183
4087 4197 8250
4155 4163 8289
4036 4042 8066
4106 4142 8245
4046 4140 8173
4189 4191 8352
4151 4181 8311
4088 4117 8194
4183 4198 8363
4021 4065 8051
4186 4192 8349
4031 4130 8127
4090 4142 8220
4006 4143 8145
4089 4122 8181
4150 4193 8342
4075 4191 8257
4160 4196 8345
4034 4089 8111
4186 4197 8351
4115 4159 8236
4131 4176 8297
4014 4029 8017
4112 4123 8207
4089 4109 8168
4003 4131 8129
4130 4144 8271
4062 4158 8219
4024 4149 8142
4102 4186 8262
4022 4125 8141
4171 4190 8345
4146 4175 8315
4146 4147 8255
4124 4144 8240
4148 4159 8292
4076 4161 8203
4059 4148 8190
4116 4158 8259
4049 4147 8187
4059 4125 8149
4051 4054 8083
4071 4181 8215
4040 4136 8140
4087 4096 8173
4026 4163 8155
4098 4147 8214
4008 4020 7997
4101 4187 8265
4169 4176 8311
4189 4194 8366
4145 4159 8268
4035 4177 8192
4050 4177 8221
4149 4188 8319
4106 4114 8219
4063 4195 8242
4131 4187 8281
4125 4145 8268
4115 4137 8240
4025 4137 8145
4035 4064 8075
4075 4099 8150
4141 4189 8313
4178 4200 8356
4028 4121 8119
4137 4151 8250
4103 4196 8264
4187 4200 8379
4074 4110 8160
4098 4144 8217
4194 4200 8381
4002 4083 8081
4026 4133 8152
4079 4192 8270
4127 4148 8246
4098 4114 8192
4175 4187 8329
4082 4187 8256
4040 4125 8154
4033 4074 8098
4073 4150 8212
4050 4133 8178
4053 4148 8196
4103 4167 8256
4088 4137 8205
4111 4161 8258
4104 4194 8263
4021 4122 8130
4008 4022 8001
4032 4139 8156
4011 4014 8001
4068 4129 8195
4021 4144 8135
4018 4160 8154
4105 4130 8214
4136 4156 8269
4049 4060 8098
4172 4183 8336
4042 4094 8109
4187 4196 8380
4019 4200 8199
4048 4138 8149
4003 4046 8020
4005 4009 8011
4139 4142 8272
4099 4196 8278
4165 4169 8324
4059 4134 8174
4115 4159 8243
4040 4151 8155
4133 4166 8275
4015 4168 8159
4153 4172 8297
4137 4180 8304
4029 4129 8121
4193 4199 8360
4131 4180 8282
4126 4195 8285
4178 4184 8343
4027 4062 8071
4106 4151 8231
4083 4137 8196
4125 4143 8254
4170 4200 8334
4010 4099 8086
4172 4193 8333
4126 4180 8303
4051 4192 8223
4017 4188 8180
4044 4137 8166
4198 4200 8376
4180 4187 8328
4190 4198 8353
4022 4093 8105
4003 4156 8134
4108 4129 8230
4036 4082 8080
4106 4134 8204
4162 4163 8318
4036 4061 8078
4160 4182 8315
4108 4132 8216
4056 4132 8151
4063 4148 8177
4007 4020 8020
4024 4029 8022
4090 4122 8186
4103 4137 8237
4012 4194 8173
4050 4124 8171
4046 4193 8210
4193 4200 8354
4121 4161 8268
4092 4138 8194
4194 4196 8385
4043 4049 8085
4068 4192 8224
4089 4096 8150
4180 4188 8348
4197 4200 8381
4196 4200 8359
4121 4154 8251
4074 4089 8134
4197 4198 8392
4156 4193 8322
4117 4190 8278
4171 4200 8345
4023 4138 8151
4127 4187 8301
4060 4175 8201
4021 4152 8155
4187 4197 8352
4020 4043 8056
4094 4105 8184
4096 4106 8197
4176 4179 8348
4029 4060 8076
4177 4194 8355
4188 4191 8370
4098 4165 8234
4035 4157 8168
4177 4179 8329
4143 4170 8300
4039 4055 8080
4037 4119 8147
4101 4130 8222
4057 4095 8126
4127 4161 8265
4161 4167 8317
4127 4158 8262
4060 4191 8227
4028 4194 8220
4106 4138 8241
4091 4096 8182
4070 4102 8155
4031 4048 8053
4155 4160 8291
4091 4168 8240
4066 4085 8135
4045 4154 8175
4010 4111 8100
4010 4168 8159
4079 4175 8220
4170 4176 8327
4089 4156 8225
4007 4138 8136
4118 4176 8268
4163 4185 8325
4169 4189 8319
4075 4139 8204
4138 4139 8269
4001 4164 8150
4113 4177 8252
4173 4185 8322
4019 4184 8181
4196 4198 8357
4198 4199 8362
4165 4199 8337
4051 4195 8215
4126 4184 8302
4035 4170 8201
4016 4183 8164
4110 4139 8246
4041 4191 8216
4059 4156 8205
4099 4182 8273
4084 4174 8241
4138 4193 8317
4172 4190 8345
4115 4162 8260
4129 4184 8299
4080 4187 8263
4007 4033 8022
4123 4187 8283
4039 4064 8076
4031 4154 8161
4062 4106 8135
4126 4158 8261
4106 4171 8257
4113 4146 8246
4101 4131 8228
4055 4126 8167
4188 4193 8343
4030 4162 8164
4132 4136 8255
4038 4139 8156
4107 4174 8276
4010 4051 8041
4172 4178 8333
4197 4200 8374
4144 4185 8291
4199 4200 8373
4073 4128 8181
4051 4173 8193
4017 4058 8050
4180 4181 8330
4023 4172 8164
4136 4185 8300
4082 4196 8251
4134 4195 8303
4064 4199 8252
4154 4159 8280
4151 4177 8289
4110 4158 8256
4029 4084 8107
4119 4178 8263
4038 4120 8147
4146 4186 8306
4043 4084 8116
4067 4198 8261
4059 4125 8182
4119 4121 8222
4088 4144 8215
4035 4083 8082
4187 4194 8369
4167 4183 8340
4118 4152 8248
4010 4086 8068
4022 4141 8144
4103 4168 8239
4183 4186 8352
4092 4110 8178
4103 4105 8194
4075 4184 8241
4131 4150 8267
4001 4160 8148
4190 4196 8353
4133 4185 8309
4094 4188 8264
4187 4199 8363
4192 4196 8379
4195 4197 8379
4093 4182 8258
4050 4063 8081
4005 4125 8109
4064 4109 8144
4147 4166 8280
4007 4143 8118
4107 4200 8289
4125 4144 8264
4175 4177 8329
4015 4107 8099
4089 4191 8242
4064 4170 8203
4186 4188 8373
4193 4197 8355
4047 4117 8134
4085 4109 8157
4174 4179 8345
4195 4200 8368
4060 4142 8166
4108 4188 8282
4080 4191 8237
4034 4093 8094
4097 4099 8186
4170 4174 8315
4008 4027 8013
4168 4170 8308
4084 4105 8168
4164 4194 8328
4121 4126 8240
4083 4124 8178
4111 4174 8253
4160 4197 8335
4165 4180 8334
4042 4070 8088
4147 4184 8326
4046 4188 8215
4155 4193 8313
4177 4185 8358
4047 4198 8213
4199 4200 8370
4180 4189 8350
4161 4163 8298
4062 4089 8119
4067 4130 8165
4106 4111 8209
4089 4165 8224
4047 4195 8240
4056 4089 8141
4003 4156 8134
4073 4082 8143
4135 4155 8277
4136 4152 8273
4101 4158 8253
4160 4178 8318
4157 4196 8327
4068 4152 8206
4010 4147 8119
4194 4198 8366
4068 4132 8186
4184 4198 8349
4110 4168 8245
4080 4128 8202
4167 4185 8340
4199 4200 8361
4023 4032 8048
4178 4194 8333
4112 4136 8240
4175 4193 8332
4036 4163 8176
4080 4154 8201
4057 4135 8189
4063 4163 8218
4081 4120 8190
4161 4189 8317
4087 4191 8273
4159 4195 8335
4186 4199 8380
4170 4192 8333
4164 4191 8337
4176 4200 8358
4159 4200 8339
4186 4187 8341
4077 4082 8152
4181 4196 8346
4175 4188 8345
4060 4129 8183
4147 4189 8301
4177 4197 8360
4184 4186 8342
4023 4185 8182
4198 4199 8388
4050 4071 8101
4126 4130 8236
4018 4104 8112
4087 4153 8229
4038 4178 8200
4187 4198 8346
4139 4162 8290
4020 4045 8046
4149 4190 8329
4166 4178 8323
4145 4149 8292
4034 4170 8183
4174 4195 8337
4014 4026 8033
4143 4154 8279
4127 4192 8295
4053 4156 8185
4185 4192 8343
4004 4074 8057
4142 4184 8324
4004 4104 8088
4161 4197 8320
4088 4099 8150
4126 4134 8250
4073 4143 8203
4159 4170 8293
4144 4178 8288
4101 4113 8210
4001 4193 8158
4082 4154 8209
4134 4145 8270
4041 4116 8143
4026 4124 8127
4194 4195 8360
4058 4167 8212
4063 4186 8244
4102 4106 8191
4048 4151 8174
4076 4128 8197
4041 4164 8183
4070 4125 8187
4145 4160 8288
4062 4087 8116
4010 4077 8069
4116 4127 8236
4084 4138 8192
4108 4176 8256
4091 4182 8266
4005 4106 8086
4055 4146 8194
4143 4144 8256
4188 4191 8367
4030 4101 8097
4073 4171 8234
4130 4198 8316
4179 4200 8372
4061 4144 8195
4028 4193 8218
4076 4157 8201
4145 4147 8268
4171 4184 8319
4033 4076 8100
4175 4188 8358
4149 4193 8340
4160 4182 8306
4057 4076 8120
4047 4108 8138
4089 4099 8169
4175 4187 8330
4176 4195 8337
4078 4129 8205
4124 4128 8216
4195 4196 8362
4093 4134 8225
4134 4192 8324
4144 4178 8298
4001 4163 8131
4105 4129 8222
4088 4168 8238
4174 4180 8328
4015 4095 8092
4036 4171 8173
4196 4197 8380
4078 4119 8177
4100 4128 8191
4167 4176 8312
4137 4149 8285
4076 4122 8181
4001 4147 8144
4117 4183 8288
4103 4154 8247
4175 4192 8365
4080 4139 8200
4171 4188 8328
4034 4109 8106
4188 4200 8375
4140 4197 8298
4186 4190 8338
4017 4108 8116
4019 4030 8021
4168 4178 8320
4010 4148 8150
4167 4173 8339
4072 4118 8177
4084 4110 8189
4194 4196 8351
4121 4158 8267
4133 4191 8289
4172 4198 8359

0.010000 0.720000
