600
2766784
4144 4205 8349
4167 4196 8363
4130 4241 8371
4160 4189 8349
4165 4233 8398
4198 4218 8416
4262 4265 8527
4242 4297 8539
4192 4243 8435
4254 4269 8523
4108 4292 8400
4155 4284 8439
4285 4290 8575
4132 4147 8279
4116 4139 8255
4246 4275 8521
4299 4300 8599
4265 4300 8565
4252 4260 8512
4131 4177 8308
4112 4135 8247
4116 4123 8239
4222 4299 8521
4131 4211 8342
4195 4263 8458
4215 4226 8441
4231 4248 8479
4237 4286 8523
4299 4300 8599
4221 4274 8495
4198 4291 8489
4121 4258 8379
4126 4238 8364
4249 4261 8510
4154 4221 8375
4109 4255 8364
4213 4255 8468
4289 4295 8584
4168 4243 8411
4214 4268 8482
4239 4274 8513
4156 4230 8386
4107 4236 8343
4217 4218 8435
4138 4189 8327
4249 4266 8515
4108 4118 8226
4241 4244 8485
4193 4235 8428
4201 4218 8419
4284 4286 8570
4194 4296 8490
4171 4265 8436
4151 4219 8370
4272 4291 8563
4198 4236 8434
4273 4290 8563
4238 4251 8489
4253 4294 8547
4184 4195 8379
4139 4300 8439
4195 4283 8478
4285 4289 8574
4270 4279 8549
4123 4220 8343
4261 4272 8533
4177 4181 8358
4124 4208 8332
4129 4226 8355
4145 4285 8430
4136 4147 8283
4214 4254 8468
4153 4239 8392
4274 4281 8555
4270 4284 8554
4117 4233 8350
4163 4194 8357
4280 4300 8580
4160 4217 8377
4110 4131 8241
4266 4280 8546
4207 4295 8502
4152 4242 8394
4174 4296 8470
4111 4246 8357
4211 4226 8437
4292 4298 8590
4170 4256 8426
4150 4296 8446
4241 4266 8507
4221 4229 8450
4173 4236 8409
4202 4295 8497
4113 4286 8399
4236 4247 8483
4114 4260 8374
4173 4233 8406
4282 4292 8574
4127 4156 8283
4132 4154 8286
4155 4263 8418
4174 4203 8377
4109 4192 8301
4171 4286 8457
4255 4293 8548
4112 4277 8389
4191 4260 8451
4129 4161 8290
4150 4161 8311
4250 4267 8517
4249 4300 8549
4278 4282 8560
4131 4175 8306
4114 4159 8273
4183 4230 8413
4160 4171 8331
4187 4205 8392
4167 4287 8454
4298 4300 8598
4174 4222 8396
4211 4294 8505
4264 4271 8535
4237 4258 8495
4118 4178 8296
4111 4202 8313
4245 4271 8516
4180 4260 8440
4260 4286 8546
4100 4225 8325
4170 4245 8415
4165 4256 8421
4213 4266 8479
4128 4228 8356
4216 4247 8463
4210 4244 8454
4244 4253 8497
4289 4295 8584
4181 4219 8400
4117 4155 8272
4173 4283 8456
4227 4253 8480
4174 4207 8381
4189 4246 8435
4136 4151 8287
4287 4293 8580
4172 4212 8384
4160 4168 8328
4191 4244 8435
4256 4264 8520
4292 4297 8589
4178 4281 8459
4274 4289 8563
4120 4157 8277
4194 4291 8485
4230 4258 8488
4218 4289 8507
4227 4242 8469
4120 4280 8400
4219 4250 8469
4284 4295 8579
4145 4237 8382
4291 4300 8591
4233 4239 8472
4232 4289 8521
4154 4251 8405
4103 4137 8240
4260 4273 8533
4202 4214 8416
4174 4249 8423
4243 4247 8490
4256 4267 8523
4223 4264 8487
4219 4263 8482
4230 4292 8522
4269 4300 8569
4212 4300 8512
4116 4179 8295
4235 4276 8511
4293 4298 8591
4227 4275 8502
4238 4289 8527
4146 4300 8446
4196 4252 8448
4271 4280 8551
4156 4265 8421
4129 4134 8263
4152 4250 8402
4225 4286 8511
4141 4149 8290
4298 4299 8597
4130 4273 8403
4234 4273 8507
4228 4281 8509
4294 4298 8592
4204 4238 8442
4276 4295 8571
4169 4279 8448
4130 4262 8392
4260 4292 8552
4243 4260 8503
4215 4277 8492
4200 4285 8485
4271 4297 8568
4177 4269 8446
4118 4233 8351
4224 4292 8516
4290 4295 8585
4138 4278 8416
4210 4229 8439
4272 4283 8555
4149 4248 8397
4213 4292 8505
4252 4268 8520
4225 4242 8467
4121 4267 8388
4299 4300 8599
4247 4292 8539
4243 4285 8528
4148 4155 8303
4244 4266 8510
4110 4253 8363
4299 4300 8599
4266 4272 8538
4295 4296 8591
4252 4280 8532
4235 4248 8483
4239 4277 8516
4217 4236 8453
4277 4284 8561
4154 4235 8389
4218 4266 8484
4210 4279 8489
4299 4300 8599
4101 4241 8342
4284 4291 8575
4115 4221 8336
4179 4251 8430
4126 4188 8314
4186 4295 8481
4251 4272 8523
4250 4274 8524
4298 4299 8597
4248 4292 8540
4147 4255 8402
4218 4280 8498
4281 4298 8579
4263 4280 8543
4169 4276 8445
4106 4285 8391
4193 4233 8426
4248 4286 8534
4266 4268 8534
4157 4275 8432
4171 4185 8356
4217 4257 8474
4218 4239 8457
4138 4294 8432
4249 4300 8549
4288 4289 8577
4215 4223 8438
4244 4245 8489
4159 4264 8423
4214 4227 8441
4108 4124 8232
4195 4245 8440
4138 4185 8323
4142 4271 8413
4171 4278 8449
4123 4272 8395
4294 4297 8591
4239 4241 8480
4223 4289 8512
4164 4201 8365
4171 4184 8355
4174 4217 8391
4216 4271 8487
4186 4220 8406
4161 4275 8436
4207 4299 8506
4254 4294 8548
4293 4296 8589
4275 4288 8563
4246 4288 8534
4267 4281 8548
4204 4292 8496
4289 4298 8587
4281 4286 8567
4227 4296 8523
4221 4245 8466
4154 4248 8402
4297 4300 8597
4247 4256 8503
4273 4280 8553
4257 4267 8524
4169 4243 8412
4283 4289 8572
4223 4246 8469
4182 4268 8450
4213 4250 8463
4267 4288 8555
4142 4281 8423
4152 4256 8408
4231 4274 8505
4124 4217 8341
4159 4284 8443
4161 4209 8370
4295 4299 8594
4225 4236 8461
4105 4155 8260
4210 4252 8462
4146 4186 8332
4236 4290 8526
4183 4294 8477
4200 4224 8424
4252 4276 8528
4215 4271 8486
4136 4229 8365
4126 4203 8329
4233 4258 8491
4115 4138 8253
4150 4158 8308
4140 4277 8417
4128 4259 8387
4112 4235 8347
4194 4258 8452
4256 4272 8528
4113 4261 8374
4182 4288 8470
4214 4274 8488
4251 4295 8546
4290 4300 8590
4211 4284 8495
4250 4258 8508
4222 4237 8459
4292 4294 8586
4236 4243 8479
4227 4230 8457
4149 4194 8343
4275 4294 8569
4200 4273 8473
4194 4272 8466
4132 4289 8421
4110 4283 8393
4130 4300 8430
4169 4284 8453
4257 4293 8550
4276 4289 8565
4159 4220 8379
4107 4218 8325
4146 4229 8375
4184 4207 8391
4145 4213 8358
4125 4231 8356
4144 4294 8438
4175 4272 8447
4163 4297 8460
4208 4279 8487
4291 4292 8583
4248 4298 8546
4189 4229 8418
4184 4232 8416
4103 4123 8226
4123 4140 8263
4129 4215 8344
4170 4239 8409
4182 4279 8461
4221 4260 8481
4206 4242 8448
4178 4258 8436
4295 4300 8595
4266 4274 8540
4284 4294 8578
4131 4139 8270
4127 4296 8423
4141 4295 8436
4289 4298 8587
4122 4161 8283
4247 4292 8539
4245 4247 8492
4171 4300 8471
4237 4293 8530
4245 4271 8516
4256 4275 8531
4182 4257 8439
4129 4163 8292
4214 4234 8448
4285 4292 8577
4103 4194 8297
4178 4206 8384
4260 4276 8536
4284 4288 8572
4161 4210 8371
4134 4195 8329
4147 4204 8351
4121 4247 8368
4103 4119 8222
4252 4276 8528
4106 4215 8321
4226 4246 8472
4251 4295 8546
4265 4286 8551
4103 4260 8363
4277 4292 8569
4142 4281 8423
4196 4280 8476
4155 4286 8441
4285 4299 8584
4200 4296 8496
4235 4300 8535
4280 4290 8570
4111 4267 8378
4105 4177 8282
4141 4248 8389
4143 4265 8408
4144 4159 8303
4128 4218 8346
4258 4269 8527
4278 4279 8557
4161 4188 8349
4124 4233 8357
4232 4279 8511
4185 4193 8378
4239 4282 8521
4185 4282 8467
4208 4223 8431
4263 4269 8532
4148 4225 8373
4132 4146 8278
4281 4292 8573
4264 4292 8556
4186 4265 8451
4289 4290 8579
4163 4248 8411
4189 4276 8465
4274 4299 8573
4292 4296 8588
4270 4294 8564
4239 4267 8506
4296 4298 8594
4191 4238 8429
4244 4292 8536
4244 4269 8513
4153 4290 8443
4107 4181 8288
4204 4207 8411
4159 4277 8436
4216 4243 8459
4289 4300 8589
4226 4259 8485
4207 4210 8417
4101 4279 8380
4202 4259 8461
4268 4293 8561
4155 4203 8358
4135 4204 8339
4189 4216 8405
4237 4252 8489
4283 4293 8576
4229 4273 8502
4137 4178 8315
4104 4256 8360
4121 4212 8333
4127 4252 8379
4114 4250 8364
4190 4300 8490
4280 4298 8578
4250 4295 8545
4272 4297 8569
4297 4298 8595
4197 4272 8469
4269 4279 8548
4222 4237 8459
4236 4267 8503
4109 4201 8310
4237 4278 8515
4272 4289 8561
4106 4172 8278
4103 4283 8386
4216 4294 8510
4240 4285 8525
4262 4298 8560
4251 4299 8550
4256 4285 8541
4138 4256 8394
4212 4213 8425
4217 4228 8445
4142 4174 8316
4269 4279 8548
4134 4274 8408
4110 4292 8402
4106 4186 8292
4124 4221 8345
4138 4180 8318
4268 4294 8562
4144 4226 8370
4286 4299 8585
4218 4274 8492
4113 4128 8241
4286 4294 8580
4274 4287 8561
4220 4256 8476
4139 4252 8391
4107 4293 8400
4294 4299 8593
4116 4180 8296
4185 4218 8403
4290 4300 8590
4153 4230 8383
4230 4261 8491
4149 4172 8321
4224 4249 8473
4294 4300 8594
4208 4299 8507
4136 4199 8335
4138 4251 8389
4179 4236 8415
4256 4299 8555
4181 4230 8411
4195 4214 8409
4194 4297 8491
4291 4296 8587
4266 4295 8561
4253 4278 8531
4288 4297 8585
4294 4299 8593
4227 4273 8500
4173 4286 8459
4132 4165 8297
4264 4279 8543
4208 4280 8488
4252 4290 8542
4105 4139 8244
4183 4200 8383
4274 4284 8558
4252 4283 8535
4238 4295 8533
4267 4271 8538
4266 4292 8558
4160 4273 8433
4116 4143 8259
4120 4281 8401
4298 4300 8598
4200 4225 8425
4298 4299 8597
4128 4191 8319
4103 4235 8338
4179 4206 8385
4197 4269 8466
4129 4226 8355
4117 4161 8278
4142 4174 8316
4100 4179 8279
4219 4259 8478
4277 4291 8568
4228 4255 8483
4138 4297 8435
4253 4278 8531
4180 4241 8421
4127 4164 8291
4220 4295 8515
4264 4300 8564
4125 4208 8333
4214 4279 8493
4197 4239 8436
4260 4271 8531
4234 4290 8524
4255 4281 8536
4294 4297 8591
4258 4271 8529
4150 4229 8379
4287 4299 8586
4251 4260 8511
4258 4265 8523
4245 4292 8537
4240 4276 8516
4268 4290 8558
4262 4270 8532
4135 4147 8282
4139 4143 8282
4249 4269 8518
4118 4128 8246
4290 4299 8589
4271 4296 8567
4225 4276 8501
4142 4196 8338
4152 4276 8428
4153 4198 8351
4276 4299 8575
4294 4299 8593
4168 4222 8390
4188 4195 8383
4118 4263 8381
4201 4238 8439
4136 4220 8356
4291 4293 8584
4134 4209 8343
4224 4228 8452
4218 4254 8472
4172 4195 8367
4271 4277 8548

4044 4105 8114
4067 4096 8130
4030 4141 8169
4060 4089 8128
4065 4133 8186
4098 4118 8208
4162 4165 8293
4142 4197 8322
4092 4143 8221
4154 4169 8303
4008 4192 8180
4055 4184 8231
4185 4190 8352
4032 4047 8077
4016 4039 8039
4146 4175 8309
4199 4200 8367
4165 4200 8354
4152 4160 8274
4031 4077 8081
4012 4035 8013
4016 4023 8024
4122 4199 8313
4031 4111 8127
4095 4163 8241
4115 4126 8215
4131 4148 8270
4137 4186 8289
4199 4200 8374
4121 4174 8281
4098 4191 8279
4021 4158 8169
4026 4138 8139
4149 4161 8305
4054 4121 8174
4009 4155 8154
4113 4155 8244
4189 4195 8375
4068 4143 8186
4114 4168 8266
4139 4174 8277
4056 4130 8178
4007 4136 8129
4117 4118 8209
4038 4089 8124
4149 4166 8291
4008 4018 7998
4141 4144 8261
4093 4135 8222
4101 4118 8185
4184 4186 8331
4094 4196 8267
4071 4165 8226
4051 4119 8167
4172 4191 8354
4098 4136 8204
4173 4190 8348
4138 4151 8257
4153 4194 8332
4084 4095 8153
4039 4200 8223
4095 4183 8272
4185 4189 8338
4170 4179 8335
4023 4120 8123
4161 4172 8331
4077 4081 8122
4024 4108 8125
4029 4126 8124
4045 4185 8200
4036 4047 8071
4114 4154 8245
4053 4139 8155
4174 4181 8334
4170 4184 8335
4017 4133 8119
4063 4094 8155
4180 4200 8376
4060 4117 8166
4010 4031 8017
4166 4180 8324
4107 4195 8265
4052 4142 8156
4074 4196 8263
4011 4146 8122
4111 4126 8198
4192 4198 8353
4070 4156 8194
4050 4196 8227
4141 4166 8273
4121 4129 8212
4073 4136 8176
4102 4195 8274
4013 4186 8164
4136 4147 8250
4014 4160 8154
4073 4133 8169
4182 4192 8368
4027 4056 8048
4032 4054 8060
4055 4163 8211
4074 4103 8141
4009 4092 8086
4071 4186 8246
4155 4193 8331
4012 4177 8183
4091 4160 8224
4029 4061 8059
4050 4061 8075
4150 4167 8279
4149 4200 8328
4178 4182 8326
4031 4075 8099
4014 4059 8039
4083 4130 8190
4060 4071 8126
4087 4105 8156
4067 4187 8248
4198 4200 8387
4074 4122 8161
4111 4194 8269
4164 4171 8296
4137 4158 8269
4018 4078 8093
4011 4102 8109
4145 4171 8279
4080 4160 8206
4160 4186 8338
4000 4125 8098
4070 4145 8186
4065 4156 8214
4113 4166 8257
4028 4128 8141
4116 4147 8228
4110 4144 8234
4144 4153 8286
4189 4195 8374
4081 4119 8185
4017 4055 8038
4073 4183 8240
4127 4153 8277
4074 4107 8160
4089 4146 8229
4036 4051 8064
4187 4193 8347
4072 4112 8179
4060 4068 8116
4091 4144 8215
4156 4164 8314
4192 4197 8356
4078 4181 8232
4174 4189 8326
4020 4057 8052
4094 4191 8281
4130 4158 8256
4118 4189 8273
4127 4142 8247
4020 4180 8172
4119 4150 8268
4184 4195 8370
4045 4137 8162
4191 4200 8385
4133 4139 8243
4132 4189 8296
4054 4151 8173
4003 4037 8025
4160 4173 8317
4102 4114 8202
4074 4149 8194
4143 4147 8269
4156 4167 8304
4123 4164 8268
4119 4163 8255
4130 4192 8296
4169 4200 8359
4112 4200 8304
4016 4079 8094
4135 4176 8278
4193 4198 8361
4127 4175 8301
4138 4189 8323
4046 4200 8229
4096 4152 8221
4171 4180 8312
4056 4165 8199
4029 4034 8051
4052 4150 8197
4125 4186 8279
4041 4049 8074
4198 4199 8362
4030 4173 8196
4134 4173 8299
4128 4181 8275
4194 4198 8391
4104 4138 8216
4176 4195 8341
4069 4179 8214
4030 4162 8191
4160 4192 8337
4143 4160 8268
4115 4177 8287
4100 4185 8279
4171 4197 8360
4077 4169 8234
4018 4133 8119
4124 4192 8297
4190 4195 8356
4038 4178 8205
4110 4129 8210
4172 4183 8318
4049 4148 8184
4113 4192 8293
4152 4168 8294
4125 4142 8242
4021 4167 8172
4199 4200 8385
4147 4192 8318
4143 4185 8300
4048 4055 8091
4144 4166 8284
4010 4153 8158
4199 4200 8397
4166 4172 8330
4195 4196 8385
4152 4180 8305
4135 4148 8251
4139 4177 8310
4117 4136 8249
4177 4184 8339
4054 4135 8161
4118 4166 8263
4110 4179 8282
4199 4200 8381
4001 4141 8107
4184 4191 8366
4015 4121 8105
4079 4151 8192
4026 4088 8108
4086 4195 8256
4151 4172 8311
4150 4174 8322
4198 4199 8387
4148 4192 8305
4047 4155 8166
4118 4180 8289
4181 4198 8349
4163 4180 8308
4069 4176 8224
4006 4185 8183
4093 4133 8206
4148 4186 8328
4166 4168 8306
4057 4175 8220
4071 4085 8118
4117 4157 8265
4118 4139 8238
4038 4194 8195
4149 4200 8325
4188 4189 8373
4115 4123 8235
4144 4145 8257
4059 4164 8210
4114 4127 8212
4008 4024 8003
4095 4145 8220
4038 4085 8118
4042 4171 8203
4071 4178 8225
4023 4172 8166
4194 4197 8357
4139 4141 8255
4123 4189 8303
4064 4101 8159
4071 4084 8121
4074 4117 8180
4116 4171 8282
4086 4120 8198
4061 4175 8200
4107 4199 8296
4154 4194 8331
4193 4196 8383
4175 4188 8353
4146 4188 8333
4167 4181 8310
4104 4192 8280
4189 4198 8379
4181 4186 8343
4127 4196 8317
4121 4145 8233
4054 4148 8164
4197 4200 8381
4147 4156 8278
4173 4180 8344
4157 4167 8314
4069 4143 8196
4183 4189 8363
4123 4146 8252
4082 4168 8226
4113 4150 8262
4167 4188 8350
4042 4181 8216
4052 4156 8206
4131 4174 8270
4024 4117 8112
4059 4184 8234
4061 4109 8137
4195 4199 8381
4125 4136 8225
4005 4055 8048
4110 4152 8244
4046 4086 8108
4136 4190 8300
4083 4194 8246
4100 4124 8190
4152 4176 8310
4115 4171 8253
4036 4129 8156
4026 4103 8098
4133 4158 8265
4015 4038 8036
4050 4058 8103
4040 4177 8199
4028 4159 8167
4012 4135 8143
4094 4158 8233
4156 4172 8302
4013 4161 8167
4082 4188 8253
4114 4174 8278
4151 4195 8336
4190 4200 8386
4111 4184 8267
4150 4158 8306
4122 4137 8243
4192 4194 8364
4136 4143 8257
4127 4130 8238
4049 4094 8124
4175 4194 8335
4100 4173 8237
4094 4172 8254
4032 4189 8194
4010 4183 8162
4030 4200 8192
4069 4184 8247
4157 4193 8321
4176 4189 8335
4059 4120 8148
4007 4118 8119
4046 4129 8151
4084 4107 8175
4045 4113 8138
4025 4131 8124
4044 4194 8225
4075 4172 8228
4063 4197 8229
4108 4179 8257
4191 4192 8373
4148 4198 8326
4089 4129 8216
4084 4132 8181
4003 4023 7991
4023 4040 8051
4029 4115 8136
4070 4139 8186
4082 4179 8235
4121 4160 8256
4106 4142 8217
4078 4158 8215
4195 4200 8379
4166 4174 8308
4184 4194 8375
4031 4039 8055
4027 4196 8211
4041 4195 8209
4189 4198 8378
4022 4061 8060
4147 4192 8337
4145 4147 8262
4071 4200 8258
4137 4193 8310
4145 4171 8294
4156 4175 8311
4082 4157 8235
4029 4063 8083
4114 4134 8246
4185 4192 8351
4003 4094 8069
4078 4106 8163
4160 4176 8322
4184 4188 8348
4061 4110 8168
4034 4095 8098
4047 4104 8124
4021 4147 8148
4003 4019 8012
4152 4176 8316
4006 4115 8097
4126 4146 8242
4151 4195 8307
4165 4186 8316
4003 4160 8136
4177 4192 8366
4042 4181 8185
4096 4180 8259
4055 4186 8207
4185 4199 8363
4100 4196 8278
4135 4200 8317
4180 4190 8340
4011 4167 8145
4005 4077 8051
4041 4148 8166
4043 4165 8206
4044 4059 8066
4028 4118 8132
4158 4169 8312
4178 4179 8345
4061 4088 8135
4024 4133 8132
4132 4179 8310
4085 4093 8146
4139 4182 8320
4085 4182 8239
4108 4123 8202
4163 4169 8306
4048 4125 8169
4032 4046 8052
4181 4192 8353
4164 4192 8349
4086 4165 8229
4189 4190 8371
4063 4148 8202
4089 4176 8229
4174 4199 8358
4192 4196 8386
4170 4194 8339
4139 4167 8288
4196 4198 8369
4091 4138 8205
4144 4192 8318
4144 4169 8285
4053 4190 8230
4007 4081 8079
4104 4107 8200
4059 4177 8206
4116 4143 8238
4189 4200 8386
4126 4159 8278
4107 4110 8204
4001 4179 8142
4102 4159 8226
4168 4193 8358
4055 4103 8139
4035 4104 8112
4089 4116 8186
4137 4152 8264
4183 4193 8374
4129 4173 8270
4037 4078 8090
4004 4156 8144
4021 4112 8102
4027 4152 8141
4014 4150 8149
4090 4200 8281
4180 4198 8351
4150 4195 8314
4172 4197 8353
4197 4198 8359
4097 4172 8233
4169 4179 8347
4122 4137 8223
4136 4167 8267
4009 4101 8105
4137 4178 8292
4172 4189 8339
4006 4072 8070
4003 4183 8164
4116 4194 8303
4140 4185 8302
4162 4198 8356
4151 4199 8345
4156 4185 8307
4038 4156 8193
4112 4113 8224
4117 4128 8240
4042 4074 8115
4169 4179 8335
4034 4174 8171
4010 4192 8164
4006 4086 8077
4024 4121 8131
4038 4080 8113
4168 4194 8361
4044 4126 8146
4186 4199 8380
4118 4174 8288
4013 4028 8017
4186 4194 8376
4174 4187 8357
4120 4156 8264
4039 4152 8164
4007 4193 8193
4194 4199 8360
4016 4080 8094
4085 4118 8179
4190 4200 8351
4053 4130 8168
4130 4161 8258
4049 4072 8085
4124 4149 8250
4194 4200 8367
4108 4199 8291
4036 4099 8127
4038 4151 8165
4079 4136 8210
4156 4199 8329
4081 4130 8184
4095 4114 8186
4094 4197 8264
4191 4196 8372
4166 4195 8322
4153 4178 8295
4188 4197 8351
4194 4199 8385
4127 4173 8261
4073 4186 8225
4032 4065 8092
4164 4179 8327
4108 4180 8266
4152 4190 8305
4005 4039 8040
4083 4100 8180
4174 4184 8349
4152 4183 8325
4138 4195 8315
4167 4171 8327
4166 4192 8342
4060 4173 8231
4016 4043 8027
4020 4181 8175
4198 4200 8390
4100 4125 8208
4198 4199 8362
4028 4091 8107
4003 4135 8100
4079 4106 8179
4097 4169 8259
4029 4126 8124
4017 4061 8065
4042 4074 8108
4000 4079 8044
4119 4159 8254
4177 4191 8339
4128 4155 8280
4038 4197 8205
4153 4178 8322
4080 4141 8210
4027 4064 8084
4120 4195 8286
4164 4200 8342
4025 4108 8124
4114 4179 8292
4097 4139 8233
4160 4171 8329
4134 4190 8296
4155 4181 8315
4194 4197 8352
4158 4171 8304
4050 4129 8172
4187 4199 8347
4151 4160 8279
4158 4165 8318
4145 4192 8326
4140 4176 8284
4168 4190 8347
4162 4170 8325
4035 4047 8069
4039 4043 8076
4149 4169 8286
4018 4028 8044
4190 4199 8354
4171 4196 8332
4125 4176 8289
4042 4096 8111
4052 4176 8190
4053 4098 8135
4176 4199 8366
4194 4199 8359
4068 4122 8157
4088 4095 8162
4018 4163 8166
4101 4138 8204
4036 4120 8140
4191 4193 8382
4034 4109 8141
4124 4128 8241
4118 4154 8262
4072 4095 8147
4171 4177 8314

0.010000 0.560000
