600
2765654
4229 4279 8508
4256 4273 8529
4201 4267 8468
4207 4299 8506
4233 4294 8527
4195 4255 8450
4209 4253 8462
4212 4241 8453
4296 4297 8593
4288 4299 8587
4153 4198 8351
4192 4262 8454
4138 4143 8281
4105 4170 8275
4104 4204 8308
4260 4278 8538
4146 4170 8316
4137 4151 8288
4160 4281 8441
4125 4261 8386
4160 4279 8439
4183 4257 8440
4101 4133 8234
4235 4241 8476
4155 4203 8358
4188 4256 8444
4136 4151 8287
4229 4232 8461
4246 4291 8537
4132 4247 8379
4268 4285 8553
4187 4195 8382
4225 4228 8453
4202 4256 8458
4279 4283 8562
4140 4165 8305
4243 4273 8516
4263 4266 8529
4253 4266 8519
4274 4280 8554
4214 4224 8438
4140 4186 8326
4233 4279 8512
4299 4300 8599
4266 4290 8556
4230 4295 8525
4149 4265 8414
4241 4286 8527
4142 4270 8412
4234 4243 8477
4291 4293 8584
4180 4232 8412
4124 4152 8276
4154 4223 8377
4284 4287 8571
4127 4278 8405
4156 4270 8426
4143 4251 8394
4192 4264 8456
4273 4279 8552
4139 4201 8340
4151 4270 8421
4134 4257 8391
4125 4204 8329
4220 4246 8466
4137 4166 8303
4246 4277 8523
4100 4189 8289
4223 4252 8475
4143 4247 8390
4116 4299 8415
4121 4178 8299
4209 4300 8509
4187 4258 8445
4255 4275 8530
4230 4279 8509
4268 4300 8568
4246 4294 8540
4186 4251 8437
4150 4267 8417
4254 4272 8526
4173 4239 8412
4234 4283 8517
4251 4273 8524
4143 4159 8302
4245 4269 8514
4225 4242 8467
4184 4186 8370
4263 4274 8537
4224 4262 8486
4185 4209 8394
4106 4193 8299
4142 4174 8316
4201 4214 8415
4164 4175 8339
4251 4294 8545
4128 4222 8350
4229 4273 8502
4243 4248 8491
4223 4279 8502
4271 4297 8568
4250 4256 8506
4261 4292 8553
4179 4211 8390
4226 4267 8493
4133 4137 8270
4114 4130 8244
4282 4283 8565
4157 4231 8388
4175 4263 8438
4184 4194 8378
4178 4181 8359
4267 4281 8548
4265 4290 8555
4108 4280 8388
4239 4270 8509
4225 4273 8498
4191 4219 8410
4140 4297 8437
4207 4225 8432
4276 4281 8557
4297 4299 8596
4236 4246 8482
4207 4281 8488
4101 4179 8280
4208 4288 8496
4295 4300 8595
4212 4293 8505
4299 4300 8599
4270 4275 8545
4136 4281 8417
4108 4293 8401
4145 4190 8335
4178 4248 8426
4257 4278 8535
4285 4292 8577
4184 4214 8398
4171 4213 8384
4291 4292 8583
4286 4293 8579
4112 4185 8297
4251 4300 8551
4213 4263 8476
4262 4295 8557
4139 4213 8352
4213 4274 8487
4154 4177 8331
4147 4174 8321
4178 4192 8370
4106 4270 8376
4214 4296 8510
4276 4286 8562
4203 4273 8476
4185 4289 8474
4120 4212 8332
4192 4283 8475
4225 4277 8502
4174 4185 8359
4166 4207 8373
4241 4243 8484
4238 4291 8529
4141 4198 8339
4172 4226 8398
4291 4294 8585
4198 4273 8471
4158 4286 8444
4238 4282 8520
4130 4168 8298
4117 4187 8304
4283 4300 8583
4120 4236 8356
4203 4273 8476
4172 4252 8424
4240 4285 8525
4284 4289 8573
4194 4264 8458
4110 4135 8245
4147 4193 8340
4299 4300 8599
4205 4272 8477
4233 4265 8498
4141 4180 8321
4270 4297 8567
4254 4263 8517
4267 4272 8539
4264 4279 8543
4198 4293 8491
4239 4296 8535
4218 4221 8439
4273 4274 8547
4121 4219 8340
4281 4297 8578
4120 4292 8412
4248 4285 8533
4192 4245 8437
4238 4291 8529
4278 4295 8573
4294 4300 8594
4246 4274 8520
4184 4214 8398
4135 4170 8305
4278 4291 8569
4155 4218 8373
4129 4162 8291
4136 4153 8289
4192 4213 8405
4274 4284 8558
4141 4197 8338
4134 4293 8427
4282 4287 8569
4255 4278 8533
4245 4291 8536
4287 4289 8576
4288 4294 8582
4132 4206 8338
4286 4289 8575
4101 4137 8238
4206 4278 8484
4116 4282 8398
4258 4267 8525
4144 4243 8387
4187 4234 8421
4241 4273 8514
4229 4259 8488
4139 4249 8388
4152 4263 8415
4283 4288 8571
4146 4178 8324
4193 4235 8428
4234 4265 8499
4193 4264 8457
4199 4238 8437
4128 4277 8405
4221 4267 8488
4172 4261 8433
4191 4248 8439
4101 4213 8314
4122 4159 8281
4201 4274 8475
4223 4242 8465
4169 4294 8463
4194 4216 8410
4222 4286 8508
4100 4247 8347
4229 4246 8475
4115 4283 8398
4128 4270 8398
4267 4293 8560
4281 4296 8577
4203 4300 8503
4276 4292 8568
4225 4276 8501
4194 4293 8487
4171 4282 8453
4141 4173 8314
4196 4202 8398
4293 4295 8588
4110 4228 8338
4189 4254 8443
4178 4272 8450
4214 4236 8450
4130 4173 8303
4222 4261 8483
4112 4127 8239
4126 4262 8388
4166 4168 8334
4129 4134 8263
4214 4259 8473
4123 4152 8275
4158 4249 8407
4112 4165 8277
4146 4249 8395
4193 4255 8448
4115 4147 8262
4121 4164 8285
4266 4279 8545
4176 4193 8369
4294 4296 8590
4259 4293 8552
4206 4234 8440
4199 4240 8439
4239 4257 8496
4166 4229 8395
4149 4300 8449
4258 4263 8521
4257 4276 8533
4109 4178 8287
4207 4233 8440
4263 4280 8543
4264 4294 8558
4238 4288 8526
4131 4232 8363
4206 4216 8422
4110 4186 8296
4285 4300 8585
4107 4208 8315
4178 4276 8454
4227 4245 8472
4108 4126 8234
4157 4280 8437
4122 4125 8247
4100 4297 8397
4199 4200 8399
4155 4179 8334
4156 4253 8409
4101 4163 8264
4223 4279 8502
4270 4274 8544
4243 4267 8510
4241 4281 8522
4157 4258 8415
4230 4292 8522
4287 4300 8587
4290 4291 8581
4224 4247 8471
4205 4222 8427
4150 4200 8350
4181 4214 8395
4201 4277 8478
4206 4272 8478
4273 4293 8566
4184 4211 8395
4215 4259 8474
4168 4170 8338
4298 4300 8598
4110 4191 8301
4134 4143 8277
4151 4240 8391
4203 4275 8478
4107 4160 8267
4109 4164 8273
4277 4285 8562
4241 4274 8515
4155 4280 8435
4151 4171 8322
4221 4279 8500
4187 4227 8414
4232 4272 8504
4257 4278 8535
4208 4260 8468
4237 4242 8479
4245 4292 8537
4260 4276 8536
4212 4282 8494
4225 4241 8466
4220 4252 8472
4244 4256 8500
4234 4262 8496
4247 4268 8515
4119 4161 8280
4242 4286 8528
4216 4293 8509
4259 4287 8546
4293 4295 8588
4287 4294 8581
4247 4254 8501
4208 4230 8438
4171 4255 8426
4258 4260 8518
4293 4300 8593
4139 4245 8384
4133 4211 8344
4250 4261 8511
4197 4232 8429
4258 4265 8523
4205 4242 8447
4295 4296 8591
4158 4265 8423
4261 4266 8527
4181 4288 8469
4197 4233 8430
4242 4287 8529
4125 4175 8300
4232 4248 8480
4210 4290 8500
4144 4279 8423
4268 4292 8560
4253 4271 8524
4274 4282 8556
4140 4192 8332
4189 4199 8388
4159 4292 8451
4263 4283 8546
4109 4147 8256
4101 4156 8257
4143 4257 8400
4278 4294 8572
4296 4299 8595
4120 4197 8317
4243 4274 8517
4216 4263 8479
4196 4281 8477
4296 4299 8595
4291 4293 8584
4173 4196 8369
4238 4256 8494
4139 4173 8312
4138 4233 8371
4263 4288 8551
4262 4296 8558
4268 4285 8553
4106 4227 8333
4245 4289 8534
4162 4221 8383
4172 4228 8400
4107 4292 8399
4182 4191 8373
4297 4300 8597
4185 4206 8391
4270 4288 8558
4144 4271 8415
4162 4227 8389
4207 4255 8462
4157 4300 8457
4161 4178 8339
4143 4290 8433
4158 4265 8423
4173 4238 8411
4261 4292 8553
4140 4247 8387
4148 4256 8404
4247 4274 8521
4104 4296 8400
4277 4278 8555
4299 4300 8599
4156 4197 8353
4102 4282 8384
4256 4293 8549
4117 4140 8257
4184 4238 8422
4288 4289 8577
4182 4261 8443
4134 4242 8376
4128 4147 8275
4153 4170 8323
4192 4264 8456
4170 4248 8418
4247 4273 8520
4224 4259 8483
4160 4179 8339
4256 4287 8543
4237 4265 8502
4208 4221 8429
4237 4245 8482
4199 4281 8480
4249 4293 8542
4271 4285 8556
4155 4173 8328
4167 4240 8407
4113 4166 8279
4267 4298 8565
4235 4282 8517
4162 4290 8452
4184 4237 8421
4186 4273 8459
4295 4297 8592
4252 4270 8522
4192 4277 8469
4251 4288 8539
4202 4272 8474
4216 4245 8461
4112 4241 8353
4241 4269 8510
4214 4270 8484
4204 4271 8475
4224 4248 8472
4191 4228 8419
4157 4254 8411
4239 4276 8515
4170 4210 8380
4121 4264 8385
4236 4281 8517
4241 4295 8536
4219 4237 8456
4105 4220 8325
4132 4166 8298
4251 4256 8507
4139 4276 8415
4233 4280 8513
4164 4239 8403
4144 4270 8414
4186 4296 8482
4176 4213 8389
4140 4222 8362
4163 4187 8350
4188 4290 8478
4167 4256 8423
4131 4194 8325
4299 4300 8599
4223 4227 8450
4118 4228 8346
4196 4242 8438
4123 4200 8323
4234 4300 8534
4162 4299 8461
4101 4149 8250
4166 4253 8419
4192 4230 8422
4185 4199 8384
4112 4265 8377
4195 4210 8405
4166 4248 8414
4192 4239 8431
4278 4290 8568
4172 4283 8455
4169 4214 8383
4228 4257 8485
4152 4281 8433
4116 4212 8328
4244 4283 8527
4287 4300 8587
4208 4223 8431
4113 4277 8390
4136 4188 8324
4189 4225 8414
4176 4270 8446
4247 4287 8534
4141 4205 8346
4215 4246 8461
4177 4299 8476
4199 4281 8480
4297 4298 8595
4222 4289 8511
4256 4284 8540
4256 4292 8548
4167 4202 8369
4259 4293 8552
4235 4251 8486
4284 4291 8575
4290 4291 8581
4246 4265 8511
4147 4233 8380
4245 4284 8529
4169 4298 8467
4126 4220 8346
4253 4299 8552
4200 4223 8423
4125 4200 8325
4288 4299 8587
4161 4230 8391
4106 4262 8368
4250 4254 8504
4146 4262 8408
4135 4142 8277
4114 4182 8296
4299 4300 8599
4129 4217 8346
4263 4295 8558
4238 4283 8521
4194 4216 8410
4240 4293 8533
4144 4251 8395
4258 4294 8552
4118 4295 8413
4236 4292 8528
4163 4281 8444
4221 4300 8521
4101 4182 8283
4213 4229 8442
4130 4286 8416
4269 4275 8544
4132 4189 8321
4239 4275 8514
4147 4201 8348
4262 4294 8556
4117 4249 8366
4217 4256 8473
4114 4144 8258
4182 4234 8416
4257 4266 8523
4285 4297 8582
4294 4298 8592
4229 4280 8509
4286 4300 8586
4289 4298 8587
4282 4293 8575
4162 4244 8406
4203 4288 8491
4268 4286 8554
4287 4299 8586
4288 4300 8588
4138 4179 8317
4252 4291 8543
4289 4290 8579
4122 4219 8341
4182 4284 8466
4151 4225 8376
4168 4270 8438
4291 4295 8586
4237 4293 8530
4207 4217 8424
4240 4246 8486
4243 4258 8501
4224 4266 8490
4147 4279 8426
4234 4282 8516
4278 4291 8569
4225 4245 8470
4259 4267 8526
4292 4294 8586

4129 4179 8270
4156 4173 8324
4101 4167 8261
4107 4199 8279
4133 4194 8307
4095 4155 8233
4109 4153 8227
4112 4141 8224
4196 4197 8382
4188 4199 8375
4053 4098 8130
4092 4162 8220
4038 4043 8048
4005 4070 8041
4004 4104 8106
4160 4178 8312
4046 4070 8088
4037 4051 8065
4060 4181 8222
4025 4161 8167
4060 4179 8214
4083 4157 8223
4001 4033 7997
4135 4141 8248
4055 4103 8125
4088 4156 8227
4036 4051 8059
4129 4132 8260
4146 4191 8305
4032 4147 8177
4168 4185 8351
4087 4095 8153
4125 4128 8222
4102 4156 8247
4179 4183 8328
4040 4065 8077
4143 4173 8303
4163 4166 8305
4153 4166 8308
4174 4180 8339
4114 4124 8212
4040 4086 8099
4133 4179 8301
4199 4200 8361
4166 4190 8319
4130 4195 8296
4049 4165 8213
4141 4186 8306
4042 4170 8190
4134 4143 8250
4191 4193 8353
4080 4132 8193
4024 4052 8074
4054 4123 8165
4184 4187 8339
4027 4178 8191
4056 4170 8206
4043 4151 8177
4092 4164 8245
4173 4179 8338
4039 4101 8134
4051 4170 8219
4034 4157 8155
4025 4104 8124
4120 4146 8253
4037 4066 8069
4146 4177 8314
4000 4089 8059
4123 4152 8273
4043 4147 8181
4016 4199 8188
4021 4078 8062
4109 4200 8303
4087 4158 8208
4155 4175 8298
4130 4179 8272
4168 4200 8353
4146 4194 8337
4086 4151 8203
4050 4167 8211
4154 4172 8290
4073 4139 8183
4134 4183 8284
4151 4173 8292
4043 4059 8086
4145 4169 8295
4125 4142 8241
4084 4086 8133
4163 4174 8315
4124 4162 8273
4085 4109 8177
4006 4093 8071
4042 4074 8107
4101 4114 8178
4064 4075 8125
4151 4194 8306
4028 4122 8149
4129 4173 8268
4143 4148 8284
4123 4179 8297
4171 4197 8365
4150 4156 8289
4161 4192 8324
4079 4111 8169
4126 4167 8257
4033 4037 8063
4014 4030 8027
4182 4183 8335
4057 4131 8157
4075 4163 8200
4084 4094 8145
4078 4081 8141
4167 4181 8324
4165 4190 8335
4008 4180 8161
4139 4170 8283
4125 4173 8272
4091 4119 8185
4040 4197 8218
4107 4125 8224
4176 4181 8353
4197 4199 8371
4136 4146 8281
4107 4181 8257
4001 4079 8052
4108 4188 8281
4195 4200 8376
4112 4193 8273
4199 4200 8397
4170 4175 8306
4036 4181 8200
4008 4193 8189
4045 4090 8114
4078 4148 8217
4157 4178 8313
4185 4192 8368
4084 4114 8164
4071 4113 8172
4191 4192 8362
4186 4193 8367
4012 4085 8085
4151 4200 8319
4113 4163 8264
4162 4195 8356
4039 4113 8115
4113 4174 8270
4054 4077 8110
4047 4074 8119
4078 4092 8168
4006 4170 8142
4114 4196 8278
4176 4186 8339
4103 4173 8268
4085 4189 8240
4020 4112 8095
4092 4183 8247
4125 4177 8294
4074 4085 8152
4066 4107 8141
4141 4143 8267
4138 4191 8312
4041 4098 8116
4072 4126 8169
4191 4194 8372
4098 4173 8244
4058 4186 8241
4138 4182 8286
4030 4068 8073
4017 4087 8081
4183 4200 8349
4020 4136 8119
4103 4173 8246
4072 4152 8199
4140 4185 8312
4184 4189 8351
4094 4164 8221
4010 4035 8030
4047 4093 8127
4199 4200 8387
4105 4172 8256
4133 4165 8283
4041 4080 8120
4170 4197 8361
4154 4163 8301
4167 4172 8327
4164 4179 8326
4098 4193 8268
4139 4196 8300
4118 4121 8227
4173 4174 8332
4021 4119 8132
4181 4197 8372
4020 4192 8177
4148 4185 8332
4092 4145 8223
4138 4191 8305
4178 4195 8356
4194 4200 8374
4146 4174 8306
4084 4114 8190
4035 4070 8094
4178 4191 8360
4055 4118 8157
4029 4062 8085
4036 4053 8054
4092 4113 8181
4174 4184 8355
4041 4097 8118
4034 4193 8211
4182 4187 8350
4155 4178 8298
4145 4191 8331
4187 4189 8358
4188 4194 8363
4032 4106 8108
4186 4189 8360
4001 4037 8000
4106 4178 8245
4016 4182 8173
4158 4167 8323
4044 4143 8151
4087 4134 8196
4141 4173 8284
4129 4159 8276
4039 4149 8170
4052 4163 8208
4183 4188 8347
4046 4078 8104
4093 4135 8196
4134 4165 8284
4093 4164 8233
4099 4138 8231
4028 4177 8201
4121 4167 8259
4072 4161 8203
4091 4148 8213
4001 4113 8112
4022 4059 8056
4101 4174 8263
4123 4142 8242
4069 4194 8249
4094 4116 8177
4122 4186 8276
4000 4147 8124
4129 4146 8249
4015 4183 8179
4028 4170 8184
4167 4193 8355
4181 4196 8367
4103 4200 8278
4176 4192 8347
4125 4176 8285
4094 4193 8253
4071 4182 8248
4041 4073 8076
4096 4102 8166
4193 4195 8354
4010 4128 8136
4089 4154 8229
4078 4172 8248
4114 4136 8230
4030 4073 8091
4122 4161 8271
4012 4027 8020
4026 4162 8162
4066 4068 8097
4029 4034 8037
4114 4159 8256
4023 4052 8039
4058 4149 8177
4012 4065 8050
4046 4149 8182
4093 4155 8222
4015 4047 8057
4021 4064 8077
4166 4179 8330
4076 4093 8144
4194 4196 8370
4159 4193 8348
4106 4134 8224
4099 4140 8205
4139 4157 8289
4066 4129 8180
4049 4200 8240
4158 4163 8302
4157 4176 8312
4009 4078 8055
4107 4133 8229
4163 4180 8333
4164 4194 8336
4138 4188 8322
4031 4132 8133
4106 4116 8188
4010 4086 8062
4185 4200 8354
4007 4108 8080
4078 4176 8249
4127 4145 8234
4008 4026 8005
4057 4180 8199
4022 4025 8045
4000 4197 8169
4099 4100 8185
4055 4079 8124
4056 4153 8174
4001 4063 8031
4123 4179 8300
4170 4174 8340
4143 4167 8283
4141 4181 8309
4057 4158 8190
4130 4192 8301
4187 4200 8351
4190 4191 8379
4124 4147 8237
4105 4122 8196
4050 4100 8131
4081 4114 8192
4101 4177 8271
4106 4172 8240
4173 4193 8339
4084 4111 8172
4115 4159 8242
4068 4070 8135
4198 4200 8393
4010 4091 8098
4034 4043 8050
4051 4140 8159
4103 4175 8260
4007 4060 8052
4009 4064 8043
4177 4185 8355
4141 4174 8302
4055 4180 8212
4051 4071 8086
4121 4179 8284
4087 4127 8211
4132 4172 8279
4157 4178 8319
4108 4160 8242
4137 4142 8261
4145 4192 8331
4160 4176 8301
4112 4182 8264
4125 4141 8231
4120 4152 8251
4144 4156 8286
4134 4162 8287
4147 4168 8304
4019 4061 8066
4142 4186 8290
4116 4193 8270
4159 4187 8344
4193 4195 8372
4187 4194 8366
4147 4154 8292
4108 4130 8215
4071 4155 8222
4158 4160 8311
4193 4200 8390
4039 4145 8149
4033 4111 8138
4150 4161 8291
4097 4132 8206
4158 4165 8302
4105 4142 8234
4195 4196 8356
4058 4165 8203
4161 4166 8294
4081 4188 8257
4097 4133 8213
4142 4187 8328
4025 4075 8081
4132 4148 8274
4110 4190 8276
4044 4179 8188
4168 4192 8354
4153 4171 8293
4174 4182 8337
4040 4092 8113
4089 4099 8164
4059 4192 8232
4163 4183 8328
4009 4047 8023
4001 4056 8048
4043 4157 8199
4178 4194 8360
4196 4199 8376
4020 4097 8081
4143 4174 8303
4116 4163 8243
4096 4181 8276
4196 4199 8378
4191 4193 8361
4073 4096 8161
4138 4156 8270
4039 4073 8106
4038 4133 8159
4163 4188 8332
4162 4196 8351
4168 4185 8324
4006 4127 8101
4145 4189 8303
4062 4121 8173
4072 4128 8171
4007 4192 8172
4082 4091 8148
4197 4200 8363
4085 4106 8184
4170 4188 8323
4044 4171 8209
4062 4127 8183
4107 4155 8255
4057 4200 8234
4061 4078 8131
4043 4190 8212
4058 4165 8196
4073 4138 8200
4161 4192 8327
4040 4147 8156
4048 4156 8177
4147 4174 8294
4004 4196 8186
4177 4178 8332
4199 4200 8389
4056 4097 8126
4002 4182 8181
4156 4193 8321
4017 4040 8036
4084 4138 8216
4188 4189 8352
4082 4161 8229
4034 4142 8164
4028 4047 8059
4053 4070 8118
4092 4164 8255
4070 4148 8207
4147 4173 8310
4124 4159 8244
4060 4079 8119
4156 4187 8321
4137 4165 8301
4108 4121 8198
4137 4145 8258
4099 4181 8279
4149 4193 8328
4171 4185 8347
4055 4073 8102
4067 4140 8200
4013 4066 8064
4167 4198 8336
4135 4182 8307
4062 4190 8241
4084 4137 8195
4086 4173 8253
4195 4197 8363
4152 4170 8320
4092 4177 8248
4151 4188 8306
4102 4172 8251
4116 4145 8238
4012 4141 8130
4141 4169 8294
4114 4170 8249
4104 4171 8240
4124 4148 8240
4091 4128 8209
4057 4154 8183
4139 4176 8277
4070 4110 8165
4021 4164 8160
4136 4181 8294
4141 4195 8317
4119 4137 8224
4005 4120 8121
4032 4066 8071
4151 4156 8284
4039 4176 8190
4133 4180 8308
4064 4139 8193
4044 4170 8187
4086 4196 8251
4076 4113 8182
4040 4122 8127
4063 4087 8131
4088 4190 8271
4067 4156 8202
4031 4094 8103
4199 4200 8367
4123 4127 8249
4018 4128 8133
4096 4142 8232
4023 4100 8098
4134 4200 8310
4062 4199 8237
4001 4049 8014
4066 4153 8215
4092 4130 8191
4085 4099 8165
4012 4165 8142
4095 4110 8176
4066 4148 8204
4092 4139 8217
4178 4190 8339
4072 4183 8248
4069 4114 8166
4128 4157 8263
4052 4181 8200
4016 4112 8116
4144 4183 8308
4187 4200 8350
4108 4123 8222
4013 4177 8186
4036 4088 8104
4089 4125 8204
4076 4170 8216
4147 4187 8316
4041 4105 8137
4115 4146 8222
4077 4199 8267
4099 4181 8279
4197 4198 8362
4122 4189 8281
4156 4184 8339
4156 4192 8345
4067 4102 8143
4159 4193 8351
4135 4151 8284
4184 4191 8368
4190 4191 8368
4146 4165 8302
4047 4133 8169
4145 4184 8315
4069 4198 8234
4026 4120 8121
4153 4199 8330
4100 4123 8190
4025 4100 8108
4188 4199 8358
4061 4130 8153
4006 4162 8166
4150 4154 8294
4046 4162 8186
4035 4042 8071
4014 4082 8084
4199 4200 8373
4029 4117 8140
4163 4195 8346
4138 4183 8282
4094 4116 8202
4140 4193 8327
4044 4151 8183
4158 4194 8330
4018 4195 8181
4136 4192 8296
4063 4181 8218
4121 4200 8312
4001 4082 8056
4113 4129 8206
4030 4186 8207
4169 4175 8306
4032 4089 8083
4139 4175 8292
4047 4101 8113
4162 4194 8331
4017 4149 8147
4117 4156 8238
4014 4044 8042
4082 4134 8199
4157 4166 8298
4185 4197 8365
4194 4198 8354
4129 4180 8292
4186 4200 8351
4189 4198 8381
4182 4193 8361
4062 4144 8195
4103 4188 8284
4168 4186 8327
4187 4199 8351
4188 4200 8373
4038 4079 8088
4152 4191 8329
4189 4190 8370
4022 4119 8117
4082 4184 8257
4051 4125 8153
4068 4170 8200
4191 4195 8381
4137 4193 8292
4107 4117 8211
4140 4146 8258
4143 4158 8290
4124 4166 8257
4047 4179 8206
4134 4182 8282
4178 4191 8354
4125 4145 8245
4159 4167 8298
4192 4194 8382

0.010000 0.560000
