700
4031885
4146 4278 8424
4168 4263 8431
4291 4294 8585
4299 4300 8599
4200 4249 8449
4155 4269 8424
4265 4272 8537
4174 4214 8388
4102 4273 8375
4172 4233 8405
4257 4275 8532
4282 4294 8576
4239 4295 8534
4226 4270 8496
4202 4228 8430
4252 4283 8535
4162 4274 8436
4204 4249 8453
4271 4286 8557
4108 4267 8375
4279 4290 8569
4271 4281 8552
4161 4259 8420
4196 4206 8402
4101 4151 8252
4116 4283 8399
4294 4299 8593
4123 4180 8303
4171 4241 8412
4169 4248 8417
4163 4199 8362
4237 4269 8506
4244 4294 8538
4223 4267 8490
4205 4274 8479
4126 4162 8288
4184 4212 8396
4212 4232 8444
4109 4244 8353
4127 4215 8342
4280 4284 8564
4282 4283 8565
4221 4237 8458
4104 4268 8372
4241 4284 8525
4297 4299 8596
4237 4240 8477
4175 4203 8378
4140 4285 8425
4265 4297 8562
4250 4272 8522
4128 4140 8268
4188 4240 8428
4146 4179 8325
4224 4294 8518
4205 4275 8480
4265 4297 8562
4167 4196 8363
4214 4246 8460
4272 4299 8571
4188 4215 8403
4201 4248 8449
4123 4277 8400
4183 4245 8428
4219 4258 8477
4208 4258 8466
4280 4286 8566
4175 4261 8436
4119 4202 8321
4232 4244 8476
4197 4201 8398
4197 4258 8455
4179 4183 8362
4162 4204 8366
4239 4259 8498
4121 4190 8311
4119 4197 8316
4152 4232 8384
4281 4293 8574
4244 4249 8493
4134 4278 8412
4181 4189 8370
4169 4219 8388
4188 4275 8463
4147 4266 8413
4124 4163 8287
4174 4276 8450
4237 4271 8508
4234 4290 8524
4289 4298 8587
4144 4224 8368
4115 4186 8301
4222 4262 8484
4101 4241 8342
4256 4298 8554
4246 4285 8531
4294 4300 8594
4294 4295 8589
4282 4294 8576
4149 4177 8326
4237 4289 8526
4118 4193 8311
4247 4262 8509
4166 4209 8375
4153 4242 8395
4107 4161 8268
4206 4287 8493
4173 4265 8438
4291 4297 8588
4191 4246 8437
4269 4270 8539
4283 4284 8567
4168 4171 8339
4113 4259 8372
4196 4205 8401
4106 4172 8278
4166 4297 8463
4245 4277 8522
4275 4294 8569
4134 4206 8340
4115 4283 8398
4183 4223 8406
4268 4299 8567
4222 4248 8470
4113 4176 8289
4222 4243 8465
4298 4300 8598
4227 4254 8481
4294 4299 8593
4167 4191 8358
4219 4232 8451
4176 4192 8368
4155 4278 8433
4111 4142 8253
4204 4256 8460
4268 4280 8548
4121 4285 8406
4261 4280 8541
4100 4106 8206
4156 4159 8315
4292 4297 8589
4119 4148 8267
4203 4264 8467
4196 4287 8483
4202 4287 8489
4173 4263 8436
4115 4226 8341
4288 4290 8578
4141 4214 8355
4244 4267 8511
4254 4283 8537
4278 4293 8571
4177 4216 8393
4236 4273 8509
4185 4276 8461
4151 4249 8400
4294 4295 8589
4179 4268 8447
4177 4251 8428
4198 4268 8466
4177 4187 8364
4259 4288 8547
4181 4223 8404
4112 4143 8255
4112 4230 8342
4282 4283 8565
4108 4158 8266
4101 4241 8342
4244 4298 8542
4217 4262 8479
4207 4210 8417
4126 4154 8280
4211 4226 8437
4232 4245 8477
4105 4113 8218
4192 4236 8428
4101 4234 8335
4152 4201 8353
4117 4280 8397
4168 4178 8346
4150 4155 8305
4225 4299 8524
4264 4272 8536
4127 4170 8297
4198 4271 8469
4246 4287 8533
4105 4196 8301
4120 4293 8413
4276 4298 8574
4221 4277 8498
4149 4282 8431
4136 4158 8294
4145 4268 8413
4291 4292 8583
4166 4181 8347
4229 4263 8492
4164 4207 8371
4200 4253 8453
4294 4296 8590
4211 4292 8503
4281 4283 8564
4151 4183 8334
4224 4235 8459
4259 4298 8557
4223 4274 8497
4266 4293 8559
4200 4254 8454
4117 4177 8294
4128 4278 8406
4259 4286 8545
4244 4287 8531
4264 4292 8556
4163 4276 8439
4262 4281 8543
4257 4275 8532
4208 4264 8472
4257 4278 8535
4165 4236 8401
4178 4268 8446
4167 4299 8466
4164 4270 8434
4100 4117 8217
4133 4181 8314
4127 4283 8410
4198 4253 8451
4159 4200 8359
4152 4289 8441
4232 4276 8508
4255 4300 8555
4201 4274 8475
4260 4273 8533
4181 4226 8407
4296 4297 8593
4286 4289 8575
4127 4178 8305
4227 4268 8495
4288 4291 8579
4115 4142 8257
4168 4288 8456
4197 4202 8399
4188 4189 8377
4149 4210 8359
4142 4254 8396
4226 4234 8460
4299 4300 8599
4184 4280 8464
4209 4260 8469
4161 4199 8360
4202 4264 8466
4290 4298 8588
4173 4234 8407
4126 4229 8355
4277 4282 8559
4159 4190 8349
4179 4251 8430
4133 4138 8271
4206 4215 8421
4214 4216 8430
4161 4176 8337
4143 4232 8375
4186 4187 8373
4220 4238 8458
4196 4222 8418
4267 4285 8552
4225 4260 8485
4295 4298 8593
4204 4263 8467
4255 4290 8545
4222 4239 8461
4278 4287 8565
4289 4294 8583
4126 4199 8325
4152 4183 8335
4231 4237 8468
4276 4297 8573
4221 4226 8447
4167 4276 8443
4130 4295 8425
4224 4286 8510
4129 4155 8284
4122 4284 8406
4269 4290 8559
4297 4298 8595
4116 4151 8267
4255 4257 8512
4215 4263 8478
4125 4233 8358
4152 4294 8446
4275 4294 8569
4185 4295 8480
4194 4212 8406
4243 4282 8525
4236 4282 8518
4289 4296 8585
4223 4254 8477
4236 4287 8523
4237 4274 8511
4233 4264 8497
4223 4241 8464
4293 4296 8589
4194 4211 8405
4217 4233 8450
4234 4253 8487
4178 4221 8399
4228 4240 8468
4225 4294 8519
4150 4213 8363
4177 4186 8363
4158 4192 8350
4129 4158 8287
4237 4250 8487
4298 4299 8597
4167 4177 8344
4165 4289 8454
4208 4276 8484
4185 4220 8405
4162 4191 8353
4243 4267 8510
4108 4223 8331
4162 4281 8443
4285 4287 8572
4183 4205 8388
4194 4209 8403
4172 4204 8376
4278 4291 8569
4209 4227 8436
4253 4276 8529
4226 4295 8521
4139 4141 8280
4237 4285 8522
4223 4275 8498
4214 4239 8453
4155 4218 8373
4260 4278 8538
4236 4263 8499
4296 4298 8594
4296 4297 8593
4202 4285 8487
4147 4272 8419
4278 4288 8566
4120 4197 8317
4184 4271 8455
4177 4215 8392
4195 4283 8478
4268 4295 8563
4290 4297 8587
4136 4293 8429
4133 4295 8428
4279 4290 8569
4156 4219 8375
4127 4239 8366
4242 4273 8515
4146 4170 8316
4241 4298 8539
4187 4188 8375
4195 4283 8478
4167 4230 8397
4244 4267 8511
4230 4234 8464
4284 4295 8579
4276 4299 8575
4163 4295 8458
4229 4273 8502
4219 4284 8503
4281 4296 8577
4169 4205 8374
4160 4195 8355
4200 4230 8430
4237 4265 8502
4115 4218 8333
4133 4184 8317
4132 4276 8408
4253 4259 8512
4189 4249 8438
4133 4254 8387
4284 4300 8584
4150 4212 8362
4206 4277 8483
4194 4298 8492
4256 4278 8534
4237 4257 8494
4129 4189 8318
4208 4281 8489
4216 4239 8455
4244 4288 8532
4166 4253 8419
4139 4147 8286
4230 4289 8519
4247 4250 8497
4225 4264 8489
4225 4261 8486
4130 4166 8296
4158 4279 8437
4210 4228 8438
4209 4231 8440
4162 4300 8462
4133 4225 8358
4133 4272 8405
4259 4297 8556
4281 4298 8579
4170 4294 8464
4299 4300 8599
4146 4167 8313
4139 4293 8432
4110 4290 8400
4209 4293 8502
4222 4277 8499
4141 4180 8321
4111 4163 8274
4255 4273 8528
4270 4278 8548
4170 4255 8425
4124 4173 8297
4139 4250 8389
4237 4289 8526
4212 4275 8487
4298 4299 8597
4119 4163 8282
4131 4178 8309
4255 4276 8531
4246 4254 8500
4113 4136 8249
4135 4263 8398
4125 4238 8363
4171 4265 8436
4131 4231 8362
4139 4245 8384
4189 4223 8412
4190 4289 8479
4146 4184 8330
4120 4140 8260
4109 4201 8310
4215 4285 8500
4171 4300 8471
4171 4213 8384
4155 4195 8350
4162 4247 8409
4139 4237 8376
4191 4263 8454
4247 4295 8542
4286 4293 8579
4261 4283 8544
4132 4226 8358
4283 4288 8571
4149 4172 8321
4194 4298 8492
4231 4279 8510
4269 4287 8556
4197 4257 8454
4108 4250 8358
4187 4294 8481
4205 4260 8465
4149 4200 8349
4140 4226 8366
4289 4292 8581
4203 4209 8412
4267 4269 8536
4293 4299 8592
4243 4283 8526
4171 4253 8424
4252 4280 8532
4200 4205 8405
4190 4253 8443
4155 4184 8339
4197 4216 8413
4298 4299 8597
4272 4298 8570
4260 4293 8553
4138 4262 8400
4139 4204 8343
4215 4232 8447
4256 4268 8524
4148 4268 8416
4169 4264 8433
4259 4290 8549
4195 4261 8456
4103 4188 8291
4133 4207 8340
4134 4136 8270
4197 4288 8485
4268 4286 8554
4292 4297 8589
4275 4277 8552
4239 4268 8507
4123 4267 8390
4129 4238 8367
4172 4187 8359
4173 4225 8398
4268 4271 8539
4208 4221 8429
4120 4156 8276
4299 4300 8599
4240 4242 8482
4215 4276 8491
4108 4179 8287
4235 4242 8477
4243 4244 8487
4297 4298 8595
4224 4242 8466
4158 4258 8416
4180 4236 8416
4139 4282 8421
4261 4273 8534
4297 4298 8595
4168 4182 8350
4234 4277 8511
4173 4219 8392
4194 4214 8408
4266 4274 8540
4261 4300 8561
4250 4282 8532
4284 4286 8570
4271 4296 8567
4144 4277 8421
4211 4264 8475
4239 4273 8512
4256 4288 8544
4208 4284 8492
4203 4293 8496
4251 4288 8539
4200 4253 8453
4246 4251 8497
4220 4300 8520
4295 4297 8592
4193 4220 8413
4214 4222 8436
4211 4222 8433
4205 4261 8466
4185 4199 8384
4295 4299 8594
4181 4250 8431
4177 4207 8384
4122 4135 8257
4160 4283 8443
4162 4180 8342
4274 4295 8569
4258 4289 8547
4162 4195 8357
4144 4214 8358
4161 4197 8358
4271 4278 8549
4217 4220 8437
4147 4262 8409
4184 4261 8445
4206 4211 8417
4151 4297 8448
4218 4255 8473
4180 4262 8442
4293 4298 8591
4202 4247 8449
4261 4294 8555
4294 4300 8594
4191 4278 8469
4285 4293 8578
4165 4197 8362
4166 4205 8371
4271 4287 8558
4117 4169 8286
4131 4140 8271
4193 4198 8391
4256 4276 8532
4277 4279 8556
4205 4248 8453
4238 4300 8538
4284 4289 8573
4165 4232 8397
4174 4188 8362
4196 4203 8399
4298 4300 8598
4174 4201 8375
4285 4290 8575
4166 4196 8362
4205 4226 8431
4138 4197 8335
4152 4265 8417
4266 4272 8538
4210 4287 8497
4186 4232 8418
4201 4254 8455
4126 4226 8352
4161 4167 8328
4103 4126 8229
4281 4287 8568
4132 4288 8420
4207 4245 8452
4253 4292 8545
4156 4231 8387
4144 4165 8309
4251 4274 8525
4245 4271 8516
4292 4300 8592
4136 4290 8426
4159 4183 8342
4203 4238 8441
4273 4275 8548
4147 4282 8429
4168 4248 8416
4208 4256 8464
4153 4275 8428
4149 4238 8387
4105 4156 8261
4240 4267 8507
4220 4229 8449
4170 4181 8351
4172 4271 8443
4159 4162 8321
4154 4286 8440
4138 4295 8433
4154 4238 8392
4136 4187 8323
4208 4261 8469
4197 4271 8468
4108 4177 8285
4166 4174 8340
4168 4213 8381
4103 4132 8235
4250 4300 8550
4295 4298 8593
4240 4258 8498
4285 4300 8585
4268 4281 8549
4118 4234 8352
4214 4290 8504
4112 4289 8401
4134 4142 8276
4216 4219 8435
4273 4296 8569
4106 4280 8386
4200 4202 8402
4145 4241 8386
4210 4246 8456
4223 4280 8503
4166 4223 8389
4248 4272 8520
4284 4289 8573
4126 4134 8260
4133 4290 8423
4217 4222 8439
4106 4226 8332
4112 4189 8301
4278 4297 8575
4202 4293 8495
4199 4286 8485
4105 4106 8211
4135 4256 8391
4248 4290 8538
4282 4283 8565
4253 4260 8513
4159 4186 8345
4107 4125 8232
4211 4234 8445
4205 4252 8457
4106 4204 8310
4183 4258 8441
4112 4198 8310
4138 4297 8435
4126 4129 8255
4245 4262 8507
4237 4291 8528
4137 4282 8419
4260 4269 8529
4265 4272 8537
4259 4260 8519
4184 4255 8439
4105 4175 8280
4198 4291 8489
4127 4288 8415
4208 4252 8460
4230 4287 8517
4143 4239 8382
4285 4290 8575
4277 4293 8570
4295 4296 8591
4135 4137 8272
4246 4254 8500
4154 4211 8365
4297 4299 8596
4268 4285 8553
4247 4254 8501
4200 4263 8463
4207 4293 8500
4264 4276 8540
4171 4238 8409
4240 4263 8503
4237 4264 8501
4193 4237 8430
4164 4246 8410
4207 4216 8423
4246 4265 8511
4233 4273 8506
4109 4138 8247
4258 4285 8543
4274 4285 8559
4288 4290 8578
4202 4256 8458
4106 4218 8324
4179 4287 8466
4240 4250 8490
4139 4267 8406
4218 4258 8476

4046 4178 8199
4068 4163 8202
4191 4194 8352
4199 4200 8391
4100 4149 8237
4055 4169 8223
4165 4172 8312
4074 4114 8163
4002 4173 8154
4072 4133 8195
4157 4175 8323
4182 4194 8358
4139 4195 8302
4126 4170 8294
4102 4128 8216
4152 4183 8298
4062 4174 8222
4104 4149 8227
4171 4186 8323
4008 4167 8168
4179 4190 8365
4171 4181 8335
4061 4159 8204
4096 4106 8178
4001 4051 8042
4016 4183 8175
4194 4199 8366
4023 4080 8065
4071 4141 8190
4069 4148 8199
4063 4099 8126
4137 4169 8305
4144 4194 8302
4123 4167 8287
4105 4174 8256
4026 4062 8067
4084 4112 8180
4112 4132 8228
4009 4144 8119
4027 4115 8140
4180 4184 8337
4182 4183 8352
4121 4137 8225
4004 4168 8166
4141 4184 8323
4197 4199 8380
4137 4140 8248
4075 4103 8167
4040 4185 8196
4165 4197 8325
4150 4172 8290
4028 4040 8062
4088 4140 8226
4046 4079 8089
4124 4194 8315
4105 4175 8258
4165 4197 8343
4067 4096 8161
4114 4146 8250
4172 4199 8346
4088 4115 8192
4101 4148 8236
4023 4177 8187
4083 4145 8195
4119 4158 8240
4108 4158 8261
4180 4186 8362
4075 4161 8200
4019 4102 8109
4132 4144 8265
4097 4101 8168
4097 4158 8253
4079 4083 8143
4062 4104 8157
4139 4159 8270
4021 4090 8078
4019 4097 8112
4052 4132 8182
4181 4193 8359
4144 4149 8262
4034 4178 8208
4081 4089 8139
4069 4119 8187
4088 4175 8260
4047 4166 8191
4024 4063 8080
4074 4176 8246
4137 4171 8269
4134 4190 8298
4189 4198 8359
4044 4124 8138
4015 4086 8096
4122 4162 8246
4001 4141 8121
4156 4198 8322
4146 4185 8322
4194 4200 8383
4194 4195 8370
4182 4194 8364
4049 4077 8090
4137 4189 8295
4018 4093 8100
4147 4162 8300
4066 4109 8141
4053 4142 8178
4007 4061 8063
4106 4187 8283
4073 4165 8200
4191 4197 8381
4091 4146 8203
4169 4170 8313
4183 4184 8364
4068 4071 8124
4013 4159 8145
4096 4105 8174
4006 4072 8053
4066 4197 8253
4145 4177 8316
4175 4194 8342
4034 4106 8122
4015 4183 8177
4083 4123 8196
4168 4199 8362
4122 4148 8232
4013 4076 8088
4122 4143 8233
4198 4200 8397
4127 4154 8254
4194 4199 8384
4067 4091 8137
4119 4132 8224
4076 4092 8132
4055 4178 8224
4011 4042 8021
4104 4156 8237
4168 4180 8334
4021 4185 8184
4161 4180 8314
4000 4006 8003
4056 4059 8085
4192 4197 8365
4019 4048 8049
4103 4164 8245
4096 4187 8281
4102 4187 8258
4073 4163 8219
4015 4126 8129
4188 4190 8355
4041 4114 8134
4144 4167 8276
4154 4183 8329
4178 4193 8356
4077 4116 8172
4136 4173 8280
4085 4176 8247
4051 4149 8170
4194 4195 8385
4079 4168 8231
4077 4151 8223
4098 4168 8257
4077 4087 8130
4159 4188 8324
4081 4123 8179
4012 4043 8035
4012 4130 8110
4182 4183 8359
4008 4058 8064
4001 4141 8137
4144 4198 8338
4117 4162 8249
4107 4110 8178
4026 4054 8047
4111 4126 8202
4132 4145 8242
4005 4013 7986
4092 4136 8197
4001 4134 8111
4052 4101 8115
4017 4180 8175
4068 4078 8122
4050 4055 8083
4125 4199 8320
4164 4172 8317
4027 4070 8076
4098 4171 8235
4146 4187 8323
4005 4096 8071
4020 4193 8183
4176 4198 8356
4121 4177 8274
4049 4182 8196
4036 4058 8061
4045 4168 8181
4191 4192 8373
4066 4081 8118
4129 4163 8264
4064 4107 8153
4100 4153 8226
4194 4196 8363
4111 4192 8286
4181 4183 8329
4051 4083 8103
4124 4135 8253
4159 4198 8350
4123 4174 8274
4166 4193 8349
4100 4154 8230
4017 4077 8064
4028 4178 8179
4159 4186 8342
4144 4187 8303
4164 4192 8324
4063 4176 8208
4162 4181 8340
4157 4175 8318
4108 4164 8245
4157 4178 8304
4065 4136 8169
4078 4168 8234
4067 4199 8258
4064 4170 8212
4000 4017 8003
4033 4081 8084
4027 4183 8193
4098 4153 8238
4059 4100 8142
4052 4189 8240
4132 4176 8276
4155 4200 8342
4101 4174 8248
4160 4173 8332
4081 4126 8195
4196 4197 8391
4186 4189 8357
4027 4078 8070
4127 4168 8264
4188 4191 8369
4015 4042 8054
4068 4188 8237
4097 4102 8197
4088 4089 8171
4049 4110 8147
4042 4154 8191
4126 4134 8255
4199 4200 8363
4084 4180 8263
4109 4160 8241
4061 4099 8125
4102 4164 8245
4190 4198 8363
4073 4134 8170
4026 4129 8135
4177 4182 8333
4059 4090 8130
4079 4151 8213
4033 4038 8057
4106 4115 8186
4114 4116 8214
4061 4076 8119
4043 4132 8165
4086 4087 8164
4120 4138 8250
4096 4122 8195
4167 4185 8322
4125 4160 8266
4195 4198 8389
4104 4163 8239
4155 4190 8327
4122 4139 8224
4178 4187 8333
4189 4194 8377
4026 4099 8120
4052 4083 8128
4131 4137 8258
4176 4197 8359
4121 4126 8214
4067 4176 8224
4030 4195 8217
4124 4186 8294
4029 4055 8075
4022 4184 8189
4169 4190 8346
4197 4198 8394
4016 4051 8040
4155 4157 8278
4115 4163 8243
4025 4133 8125
4052 4194 8229
4175 4194 8353
4085 4195 8278
4094 4112 8171
4143 4182 8287
4136 4182 8306
4189 4196 8372
4123 4154 8252
4136 4187 8288
4137 4174 8306
4133 4164 8258
4123 4141 8243
4193 4196 8354
4094 4111 8182
4117 4133 8239
4134 4153 8272
4078 4121 8188
4128 4140 8232
4125 4194 8282
4050 4113 8128
4077 4086 8148
4058 4092 8114
4029 4058 8059
4137 4150 8248
4198 4199 8360
4067 4077 8123
4065 4189 8237
4108 4176 8283
4085 4120 8199
4062 4091 8149
4143 4167 8287
4008 4123 8119
4062 4181 8205
4185 4187 8368
4083 4105 8170
4094 4109 8181
4072 4104 8143
4178 4191 8367
4109 4127 8215
4153 4176 8320
4126 4195 8307
4039 4041 8055
4137 4185 8305
4123 4175 8274
4114 4139 8235
4055 4118 8151
4160 4178 8312
4136 4163 8281
4196 4198 8362
4196 4197 8390
4102 4185 8285
4047 4172 8190
4178 4188 8348
4020 4097 8105
4084 4171 8252
4077 4115 8182
4095 4183 8248
4168 4195 8341
4190 4197 8378
4036 4193 8205
4033 4195 8210
4179 4190 8363
4056 4119 8149
4027 4139 8157
4142 4173 8289
4046 4070 8091
4141 4198 8330
4087 4088 8173
4095 4183 8268
4067 4130 8176
4144 4167 8308
4130 4134 8240
4184 4195 8352
4176 4199 8353
4063 4195 8241
4129 4173 8301
4119 4184 8280
4181 4196 8338
4069 4105 8157
4060 4095 8141
4100 4130 8203
4137 4165 8290
4015 4118 8106
4033 4084 8104
4032 4176 8181
4153 4159 8302
4089 4149 8233
4033 4154 8179
4184 4200 8373
4050 4112 8147
4106 4177 8264
4094 4198 8272
4156 4178 8326
4137 4157 8255
4029 4089 8099
4108 4181 8255
4116 4139 8253
4144 4188 8330
4066 4153 8212
4039 4047 8068
4130 4189 8292
4147 4150 8281
4125 4164 8260
4125 4161 8249
4030 4066 8073
4058 4179 8218
4110 4128 8203
4109 4131 8214
4062 4200 8241
4033 4125 8155
4033 4172 8195
4159 4197 8348
4181 4198 8367
4070 4194 8246
4199 4200 8393
4046 4067 8108
4039 4193 8225
4010 4190 8184
4109 4193 8274
4122 4177 8261
4041 4080 8093
4011 4063 8047
4155 4173 8294
4170 4178 8333
4070 4155 8204
4024 4073 8069
4039 4150 8169
4137 4189 8321
4112 4175 8254
4198 4199 8391
4019 4063 8061
4031 4078 8085
4155 4176 8306
4146 4154 8267
4013 4036 8022
4035 4163 8163
4025 4138 8152
4071 4165 8200
4031 4131 8152
4039 4145 8163
4089 4123 8209
4090 4189 8244
4046 4084 8096
4020 4040 8054
4009 4101 8098
4115 4185 8282
4071 4200 8259
4071 4113 8171
4055 4095 8133
4062 4147 8199
4039 4137 8151
4091 4163 8216
4147 4195 8318
4186 4193 8349
4161 4183 8321
4032 4126 8123
4183 4188 8336
4049 4072 8102
4094 4198 8256
4131 4179 8277
4169 4187 8319
4097 4157 8250
4008 4150 8147
4087 4194 8264
4105 4160 8259
4049 4100 8133
4040 4126 8136
4189 4192 8342
4103 4109 8197
4167 4169 8314
4193 4199 8363
4143 4183 8307
4071 4153 8219
4152 4180 8312
4100 4105 8167
4090 4153 8209
4055 4084 8102
4097 4116 8178
4198 4199 8388
4172 4198 8337
4160 4193 8319
4038 4162 8193
4039 4104 8137
4115 4132 8212
4156 4168 8313
4048 4168 8188
4069 4164 8201
4159 4190 8330
4095 4161 8252
4003 4088 8085
4033 4107 8139
4034 4036 8068
4097 4188 8271
4168 4186 8325
4192 4197 8372
4175 4177 8318
4139 4168 8296
4023 4167 8182
4029 4138 8143
4072 4087 8144
4073 4125 8189
4168 4171 8336
4108 4121 8207
4020 4056 8041
4199 4200 8392
4140 4142 8244
4115 4176 8260
4008 4079 8055
4135 4142 8262
4143 4144 8272
4197 4198 8382
4124 4142 8265
4058 4158 8179
4080 4136 8203
4039 4182 8210
4161 4173 8300
4197 4198 8357
4068 4082 8147
4134 4177 8296
4073 4119 8188
4094 4114 8204
4166 4174 8309
4161 4200 8329
4150 4182 8328
4184 4186 8340
4171 4196 8350
4044 4177 8200
4111 4164 8259
4139 4173 8291
4156 4188 8322
4108 4184 8263
4103 4193 8273
4151 4188 8302
4100 4153 8222
4146 4151 8286
4120 4200 8312
4195 4197 8374
4093 4120 8187
4114 4122 8204
4111 4122 8201
4105 4161 8235
4085 4099 8165
4195 4199 8357
4081 4150 8224
4077 4107 8146
4022 4035 8055
4060 4183 8233
4062 4080 8106
4174 4195 8366
4158 4189 8313
4062 4095 8130
4044 4114 8136
4061 4097 8128
4171 4178 8312
4117 4120 8211
4047 4162 8197
4084 4161 8237
4106 4111 8184
4051 4197 8237
4118 4155 8267
4080 4162 8218
4193 4198 8362
4102 4147 8214
4161 4194 8331
4194 4200 8370
4091 4178 8236
4185 4193 8349
4065 4097 8136
4066 4105 8138
4171 4187 8320
4017 4069 8064
4031 4040 8052
4093 4098 8175
4156 4176 8294
4177 4179 8349
4105 4148 8225
4138 4200 8335
4184 4189 8364
4065 4132 8190
4074 4088 8139
4096 4103 8191
4198 4200 8377
4074 4101 8155
4185 4190 8356
4066 4096 8147
4105 4126 8207
4038 4097 8133
4052 4165 8197
4166 4172 8337
4110 4187 8263
4086 4132 8187
4101 4154 8243
4026 4126 8116
4061 4067 8119
4003 4026 8019
4181 4187 8346
4032 4188 8198
4107 4145 8220
4153 4192 8314
4056 4131 8150
4044 4065 8092
4151 4174 8303
4145 4171 8284
4192 4200 8358
4036 4190 8221
4059 4083 8125
4103 4138 8227
4173 4175 8317
4047 4182 8218
4068 4148 8188
4108 4156 8250
4053 4175 8197
4049 4138 8178
4005 4056 8057
4140 4167 8278
4120 4129 8215
4070 4081 8119
4072 4171 8232
4059 4062 8100
4054 4186 8205
4038 4195 8219
4054 4138 8190
4036 4087 8092
4108 4161 8243
4097 4171 8239
4008 4077 8077
4066 4074 8116
4068 4113 8168
4003 4032 8014
4150 4200 8312
4195 4198 8356
4140 4158 8277
4185 4200 8358
4168 4181 8313
4018 4134 8150
4114 4190 8277
4012 4189 8179
4034 4042 8067
4116 4119 8225
4173 4196 8353
4006 4180 8169
4100 4102 8173
4045 4141 8163
4110 4146 8230
4123 4180 8289
4066 4123 8173
4148 4172 8284
4184 4189 8361
4026 4034 8024
4033 4190 8218
4117 4122 8208
4006 4126 8107
4012 4089 8090
4178 4197 8339
4102 4193 8291
4099 4186 8268
4005 4006 7985
4035 4156 8158
4148 4190 8324
4182 4183 8359
4153 4160 8310
4059 4086 8143
4007 4025 7994
4111 4134 8227
4105 4152 8245
4006 4104 8104
4083 4158 8217
4012 4098 8076
4038 4197 8223
4026 4029 8035
4145 4162 8301
4137 4191 8299
4037 4182 8182
4160 4169 8317
4165 4172 8306
4159 4160 8316
4084 4155 8220
4005 4075 8050
4098 4191 8256
4027 4188 8211
4108 4152 8228
4130 4187 8295
4043 4139 8180
4185 4190 8337
4177 4193 8363
4195 4196 8374
4035 4037 8051
4146 4154 8297
4054 4111 8162
4197 4199 8358
4168 4185 8326
4147 4154 8275
4100 4163 8241
4107 4193 8294
4164 4176 8326
4071 4138 8184
4140 4163 8272
4137 4164 8264
4093 4137 8209
4064 4146 8207
4107 4116 8211
4146 4165 8305
4133 4173 8279
4009 4038 8031
4158 4185 8339
4174 4185 8327
4188 4190 8339
4102 4156 8231
4006 4118 8123
4079 4187 8258
4140 4150 8270
4039 4167 8175
4118 4158 8257

0.010000 0.700000
