700
1498296
4183 4205 8388
4228 4238 8466
4100 4220 8320
4259 4300 8559
4222 4258 8480
4139 4260 8399
4295 4300 8595
4148 4246 8394
4122 4155 8277
4189 4237 8426
4123 4185 8308
4108 4252 8360
4252 4292 8544
4132 4283 8415
4248 4268 8516
4174 4201 8375
4104 4210 8314
4195 4198 8393
4108 4171 8279
4163 4190 8353
4187 4286 8473
4170 4290 8460
4200 4224 8424
4292 4300 8592
4259 4286 8545
4215 4245 8460
4188 4259 8447
4240 4263 8503
4298 4300 8598
4289 4290 8579
4221 4249 8470
4129 4272 8401
4148 4188 8336
4230 4253 8483
4157 4215 8372
4164 4229 8393
4140 4276 8416
4120 4214 8334
4156 4188 8344
4145 4298 8443
4185 4270 8455
4292 4298 8590
4276 4290 8566
4248 4250 8498
4174 4300 8474
4100 4115 8215
4282 4294 8576
4141 4299 8440
4241 4259 8500
4197 4284 8481
4115 4260 8375
4149 4292 8441
4227 4272 8499
4284 4288 8572
4220 4269 8489
4249 4284 8533
4168 4253 8421
4196 4225 8421
4254 4260 8514
4275 4287 8562
4273 4283 8556
4251 4276 8527
4201 4213 8414
4103 4127 8230
4232 4291 8523
4135 4292 8427
4216 4286 8502
4204 4288 8492
4219 4245 8464
4115 4207 8322
4149 4286 8435
4220 4255 8475
4116 4160 8276
4222 4293 8515
4126 4197 8323
4272 4276 8548
4167 4278 8445
4142 4256 8398
4135 4150 8285
4192 4220 8412
4189 4268 8457
4193 4212 8405
4192 4265 8457
4257 4261 8518
4167 4287 8454
4197 4205 8402
4145 4282 8427
4160 4228 8388
4295 4296 8591
4265 4289 8554
4109 4214 8323
4295 4297 8592
4211 4232 8443
4284 4295 8579
4276 4294 8570
4165 4170 8335
4282 4299 8581
4269 4290 8559
4117 4261 8378
4179 4266 8445
4227 4252 8479
4282 4289 8571
4211 4290 8501
4253 4267 8520
4219 4272 8491
4188 4272 8460
4199 4278 8477
4278 4288 8566
4143 4247 8390
4275 4286 8561
4286 4300 8586
4271 4282 8553
4243 4296 8539
4215 4279 8494
4235 4255 8490
4121 4263 8384
4273 4298 8571
4120 4203 8323
4111 4223 8334
4241 4292 8533
4141 4180 8321
4190 4265 8455
4119 4284 8403
4172 4266 8438
4200 4230 8430
4267 4290 8557
4238 4292 8530
4148 4190 8338
4282 4300 8582
4208 4271 8479
4244 4298 8542
4249 4285 8534
4157 4282 8439
4109 4156 8265
4111 4268 8379
4196 4238 8434
4167 4300 8467
4182 4193 8375
4240 4256 8496
4248 4282 8530
4103 4289 8392
4275 4293 8568
4112 4287 8399
4130 4162 8292
4275 4296 8571
4182 4218 8400
4283 4291 8574
4124 4187 8311
4161 4256 8417
4258 4280 8538
4214 4276 8490
4284 4291 8575
4148 4257 8405
4187 4243 8430
4133 4176 8309
4170 4275 8445
4216 4254 8470
4209 4241 8450
4279 4296 8575
4122 4223 8345
4121 4286 8407
4241 4252 8493
4124 4293 8417
4295 4299 8594
4184 4258 8442
4157 4277 8434
4207 4263 8470
4177 4239 8416
4167 4239 8406
4211 4235 8446
4264 4267 8531
4160 4170 8330
4198 4259 8457
4253 4287 8540
4221 4299 8520
4161 4168 8329
4126 4243 8369
4191 4213 8404
4122 4216 8338
4177 4178 8355
4133 4224 8357
4286 4290 8576
4213 4219 8432
4153 4265 8418
4227 4265 8492
4118 4259 8377
4142 4246 8388
4209 4221 8430
4156 4213 8369
4189 4279 8468
4286 4287 8573
4232 4255 8487
4189 4192 8381
4111 4248 8359
4167 4241 8408
4123 4129 8252
4172 4234 8406
4114 4226 8340
4219 4280 8499
4100 4205 8305
4267 4279 8546
4132 4241 8373
4105 4106 8211
4245 4255 8500
4101 4142 8243
4217 4265 8482
4277 4294 8571
4197 4263 8460
4267 4286 8553
4225 4256 8481
4278 4286 8564
4218 4219 8437
4279 4300 8579
4274 4277 8551
4125 4247 8372
4120 4222 8342
4258 4295 8553
4170 4184 8354
4148 4197 8345
4170 4233 8403
4267 4285 8552
4248 4281 8529
4204 4252 8456
4166 4264 8430
4281 4297 8578
4140 4155 8295
4155 4206 8361
4262 4270 8532
4170 4199 8369
4299 4300 8599
4133 4257 8390
4205 4233 8438
4115 4160 8275
4184 4276 8460
4137 4283 8420
4295 4298 8593
4202 4296 8498
4112 4175 8287
4207 4293 8500
4244 4276 8520
4114 4264 8378
4213 4274 8487
4128 4272 8400
4102 4255 8357
4111 4167 8278
4126 4249 8375
4166 4209 8375
4265 4284 8549
4225 4263 8488
4101 4244 8345
4133 4298 8431
4251 4284 8535
4285 4299 8584
4161 4200 8361
4209 4252 8461
4253 4277 8530
4226 4232 8458
4197 4253 8450
4185 4197 8382
4200 4285 8485
4113 4266 8379
4201 4290 8491
4259 4282 8541
4276 4291 8567
4264 4281 8545
4256 4284 8540
4114 4274 8388
4221 4299 8520
4215 4220 8435
4210 4258 8468
4237 4282 8519
4216 4274 8490
4180 4222 8402
4235 4263 8498
4256 4273 8529
4213 4262 8475
4187 4230 8417
4147 4293 8440
4112 4213 8325
4108 4272 8380
4249 4259 8508
4159 4259 8418
4290 4293 8583
4213 4215 8428
4299 4300 8599
4169 4198 8367
4173 4240 8413
4123 4187 8310
4258 4273 8531
4204 4240 8444
4233 4295 8528
4250 4272 8522
4225 4272 8497
4171 4197 8368
4239 4250 8489
4169 4187 8356
4201 4277 8478
4115 4146 8261
4266 4277 8543
4297 4299 8596
4203 4256 8459
4118 4153 8271
4181 4266 8447
4167 4255 8422
4151 4260 8411
4186 4296 8482
4126 4196 8322
4223 4272 8495
4293 4294 8587
4137 4233 8370
4131 4140 8271
4242 4280 8522
4154 4236 8390
4274 4289 8563
4155 4288 8443
4241 4293 8534
4116 4163 8279
4144 4292 8436
4191 4227 8418
4186 4264 8450
4248 4276 8524
4265 4283 8548
4251 4257 8508
4210 4288 8498
4114 4278 8392
4130 4267 8397
4271 4272 8543
4117 4178 8295
4150 4157 8307
4282 4300 8582
4138 4283 8421
4218 4257 8475
4287 4292 8579
4109 4110 8219
4120 4125 8245
4195 4199 8394
4150 4249 8399
4242 4244 8486
4114 4273 8387
4164 4288 8452
4196 4241 8437
4199 4232 8431
4222 4227 8449
4169 4202 8371
4130 4244 8374
4219 4282 8501
4112 4223 8335
4141 4224 8365
4264 4288 8552
4125 4173 8298
4225 4240 8465
4224 4268 8492
4100 4228 8328
4163 4292 8455
4102 4166 8268
4210 4289 8499
4277 4284 8561
4126 4251 8377
4252 4275 8527
4190 4238 8428
4176 4245 8421
4292 4300 8592
4249 4267 8516
4136 4222 8358
4202 4237 8439
4286 4287 8573
4294 4297 8591
4298 4300 8598
4198 4247 8445
4164 4263 8427
4171 4219 8390
4124 4211 8335
4185 4289 8474
4198 4262 8460
4146 4222 8368
4162 4250 8412
4243 4298 8541
4189 4250 8439
4152 4183 8335
4211 4280 8491
4192 4214 8406
4280 4293 8573
4161 4224 8385
4295 4299 8594
4159 4295 8454
4267 4284 8551
4163 4270 8433
4297 4298 8595
4193 4257 8450
4142 4286 8428
4205 4257 8462
4165 4282 8447
4142 4198 8340
4163 4167 8330
4201 4236 8437
4228 4240 8468
4140 4237 8377
4186 4293 8479
4270 4288 8558
4190 4266 8456
4193 4214 8407
4160 4187 8347
4298 4300 8598
4279 4299 8578
4203 4245 8448
4133 4152 8285
4191 4300 8491
4174 4270 8444
4292 4299 8591
4157 4197 8354
4149 4222 8371
4106 4216 8322
4299 4300 8599
4283 4289 8572
4216 4286 8502
4294 4300 8594
4104 4264 8368
4225 4249 8474
4154 4176 8330
4278 4281 8559
4199 4224 8423
4226 4260 8486
4284 4286 8570
4299 4300 8599
4280 4291 8571
4292 4300 8592
4104 4177 8281
4260 4283 8543
4278 4290 8568
4113 4176 8289
4146 4278 8424
4286 4297 8583
4198 4292 8490
4253 4275 8528
4135 4300 8435
4101 4194 8295
4242 4271 8513
4269 4298 8567
4205 4237 8442
4291 4294 8585
4278 4282 8560
4182 4229 8411
4285 4287 8572
4105 4193 8298
4273 4281 8554
4163 4274 8437
4134 4158 8292
4157 4251 8408
4183 4220 8403
4204 4287 8491
4275 4283 8558
4219 4291 8510
4150 4174 8324
4228 4246 8474
4135 4176 8311
4214 4257 8471
4263 4264 8527
4161 4166 8327
4279 4285 8564
4225 4251 8476
4247 4252 8499
4266 4275 8541
4280 4294 8574
4209 4298 8507
4214 4269 8483
4284 4294 8578
4138 4218 8356
4214 4290 8504
4286 4287 8573
4269 4278 8547
4100 4126 8226
4179 4259 8438
4207 4265 8472
4102 4229 8331
4289 4293 8582
4178 4268 8446
4122 4217 8339
4227 4273 8500
4187 4215 8402
4131 4200 8331
4149 4194 8343
4148 4284 8432
4134 4270 8404
4175 4270 8445
4118 4235 8353
4257 4280 8537
4199 4294 8493
4248 4292 8540
4298 4299 8597
4170 4222 8392
4294 4300 8594
4203 4237 8440
4231 4276 8507
4277 4284 8561
4257 4275 8532
4161 4253 8414
4175 4262 8437
4140 4228 8368
4138 4300 8438
4203 4207 8410
4168 4293 8461
4262 4281 8543
4115 4138 8253
4109 4220 8329
4290 4297 8587
4205 4288 8493
4233 4288 8521
4252 4292 8544
4271 4278 8549
4137 4202 8339
4174 4210 8384
4234 4289 8523
4225 4263 8488
4291 4298 8589
4218 4228 8446
4290 4298 8588
4167 4229 8396
4196 4221 8417
4180 4214 8394
4208 4252 8460
4161 4221 8382
4294 4298 8592
4293 4300 8593
4235 4239 8474
4198 4263 8461
4283 4284 8567
4293 4295 8588
4245 4260 8505
4228 4250 8478
4126 4138 8264
4281 4294 8575
4242 4278 8520
4143 4209 8352
4112 4199 8311
4284 4297 8581
4224 4232 8456
4236 4249 8485
4164 4274 8438
4100 4218 8318
4279 4291 8570
4135 4297 8432
4261 4292 8553
4192 4259 8451
4257 4260 8517
4235 4296 8531
4174 4270 8444
4297 4299 8596
4299 4300 8599
4242 4261 8503
4218 4300 8518
4142 4258 8400
4173 4246 8419
4133 4154 8287
4198 4222 8420
4267 4298 8565
4215 4245 8460
4173 4290 8463
4180 4298 8478
4164 4248 8412
4141 4289 8430
4242 4295 8537
4130 4155 8285
4221 4260 8481
4229 4299 8528
4283 4295 8578
4242 4255 8497
4269 4271 8540
4110 4296 8406
4295 4297 8592
4131 4161 8292
4188 4298 8486
4267 4276 8543
4115 4211 8326
4160 4187 8347
4129 4270 8399
4136 4200 8336
4108 4129 8237
4296 4297 8593
4113 4253 8366
4132 4144 8276
4246 4293 8539
4270 4283 8553
4276 4296 8572
4169 4247 8416
4165 4191 8356
4258 4271 8529
4185 4294 8479
4265 4300 8565
4299 4300 8599
4232 4260 8492
4237 4246 8483
4169 4258 8427
4203 4209 8412
4119 4278 8397
4191 4192 8383
4186 4281 8467
4285 4300 8585
4181 4233 8414
4159 4257 8416
4262 4284 8546
4250 4267 8517
4273 4275 8548
4103 4238 8341
4280 4291 8571
4194 4197 8391
4202 4239 8441
4105 4113 8218
4143 4292 8435
4106 4123 8229
4230 4290 8520
4155 4249 8404
4173 4253 8426
4163 4299 8462
4158 4193 8351
4240 4287 8527
4291 4293 8584
4273 4282 8555
4169 4220 8389
4192 4195 8387
4295 4297 8592
4273 4284 8557
4133 4198 8331
4281 4300 8581
4289 4292 8581
4190 4226 8416
4245 4255 8500
4103 4292 8395
4259 4275 8534
4228 4239 8467
4152 4270 8422
4106 4136 8242
4112 4200 8312
4125 4253 8378
4175 4243 8418
4230 4254 8484
4110 4288 8398
4212 4282 8494
4178 4260 8438
4264 4300 8564
4295 4300 8595
4136 4271 8407
4203 4236 8439
4191 4213 8404
4228 4289 8517
4170 4278 8448
4258 4296 8554
4248 4264 8512
4275 4283 8558
4217 4288 8505
4203 4216 8419
4246 4252 8498
4275 4295 8570
4141 4169 8310
4214 4220 8434
4288 4294 8582
4206 4223 8429
4291 4299 8590
4174 4182 8356
4181 4187 8368
4118 4213 8331
4144 4168 8312
4148 4230 8378
4189 4215 8404
4100 4180 8280
4209 4264 8473
4204 4264 8468
4201 4261 8462
4269 4275 8544
4129 4146 8275
4184 4224 8408
4182 4213 8395
4142 4244 8386
4163 4191 8354
4157 4174 8331
4100 4143 8243
4130 4226 8356
4290 4291 8581
4243 4296 8539
4109 4165 8274
4201 4263 8464
4254 4281 8535
4153 4260 8413
4115 4136 8251
4195 4232 8427
4242 4245 8487
4201 4235 8436
4114 4211 8325
4158 4290 8448
4163 4180 8343
4255 4287 8542
4224 4238 8462
4157 4299 8456
4154 4252 8406
4288 4300 8588
4186 4295 8481
4274 4293 8567
4197 4223 8420
4209 4257 8466
4288 4292 8580
4261 4276 8537

4083 4105 8185
4128 4138 8249
4000 4120 8085
4159 4200 8350
4122 4158 8278
4039 4160 8184
4195 4200 8385
4048 4146 8193
4022 4055 8065
4089 4137 8198
4023 4085 8071
4008 4152 8159
4152 4192 8312
4032 4183 8195
4148 4168 8289
4074 4101 8146
4004 4110 8083
4095 4098 8183
4008 4071 8069
4063 4090 8141
4087 4186 8272
4070 4190 8258
4100 4124 8208
4192 4200 8363
4159 4186 8332
4115 4145 8224
4088 4159 8211
4140 4163 8301
4198 4200 8382
4189 4190 8353
4121 4149 8265
4029 4172 8192
4048 4088 8115
4130 4153 8269
4057 4115 8150
4064 4129 8160
4040 4176 8186
4020 4114 8117
4056 4088 8136
4045 4198 8212
4085 4170 8239
4192 4198 8355
4176 4190 8359
4148 4150 8270
4074 4200 8265
4000 4015 7994
4182 4194 8337
4041 4199 8209
4141 4159 8275
4097 4184 8254
4015 4160 8139
4049 4192 8231
4127 4172 8271
4184 4188 8338
4120 4169 8267
4149 4184 8315
4068 4153 8212
4096 4125 8217
4154 4160 8295
4175 4187 8358
4173 4183 8340
4151 4176 8293
4101 4113 8203
4003 4027 7993
4132 4191 8306
4035 4192 8204
4116 4186 8283
4104 4188 8256
4119 4145 8225
4015 4107 8112
4049 4186 8230
4120 4155 8266
4016 4060 8055
4122 4193 8276
4026 4097 8106
4172 4176 8343
4067 4178 8233
4042 4156 8171
4035 4050 8053
4092 4120 8183
4089 4168 8249
4093 4112 8172
4092 4165 8245
4157 4161 8293
4067 4187 8224
4097 4105 8165
4045 4182 8199
4060 4128 8160
4195 4196 8358
4165 4189 8334
4009 4114 8113
4195 4197 8364
4111 4132 8234
4184 4195 8363
4176 4194 8358
4065 4070 8118
4182 4199 8361
4169 4190 8357
4017 4161 8172
4079 4166 8222
4127 4152 8240
4182 4189 8351
4111 4190 8286
4153 4167 8308
4119 4172 8263
4088 4172 8240
4099 4178 8241
4178 4188 8347
4043 4147 8155
4175 4186 8331
4186 4200 8348
4171 4182 8341
4143 4196 8337
4115 4179 8291
4135 4155 8263
4021 4163 8169
4173 4198 8342
4020 4103 8113
4011 4123 8120
4141 4192 8323
4041 4080 8089
4090 4165 8225
4019 4184 8169
4072 4166 8226
4100 4130 8212
4167 4190 8332
4138 4192 8309
4048 4090 8111
4182 4200 8368
4108 4171 8252
4144 4198 8341
4149 4185 8303
4057 4182 8223
4009 4056 8049
4011 4168 8160
4096 4138 8213
4067 4200 8235
4082 4093 8150
4140 4156 8261
4148 4182 8321
4003 4189 8181
4175 4193 8338
4012 4187 8198
4030 4062 8084
4175 4196 8335
4082 4118 8182
4183 4191 8373
4024 4087 8105
4061 4156 8191
4158 4180 8304
4114 4176 8276
4184 4191 8368
4048 4157 8200
4087 4143 8202
4033 4076 8102
4070 4175 8240
4116 4154 8258
4109 4141 8223
4179 4196 8344
4022 4123 8141
4021 4186 8195
4141 4152 8284
4024 4193 8213
4195 4199 8375
4084 4158 8216
4057 4177 8214
4107 4163 8231
4077 4139 8191
4067 4139 8201
4111 4135 8232
4164 4167 8330
4060 4070 8126
4098 4159 8221
4153 4187 8330
4121 4199 8302
4061 4068 8099
4026 4143 8143
4091 4113 8187
4022 4116 8125
4077 4078 8133
4033 4124 8134
4186 4190 8337
4113 4119 8194
4053 4165 8215
4127 4165 8275
4018 4159 8169
4042 4146 8166
4109 4121 8206
4056 4113 8156
4089 4179 8252
4186 4187 8355
4132 4155 8252
4089 4092 8162
4011 4148 8156
4067 4141 8203
4023 4029 8049
4072 4134 8171
4014 4126 8119
4119 4180 8263
4000 4105 8104
4167 4179 8331
4032 4141 8144
4005 4006 7981
4145 4155 8294
4001 4042 8011
4117 4165 8271
4177 4194 8338
4097 4163 8233
4167 4186 8340
4125 4156 8246
4178 4186 8336
4118 4119 8232
4179 4200 8359
4174 4177 8345
4025 4147 8167
4020 4122 8135
4158 4195 8340
4070 4084 8124
4048 4097 8113
4070 4133 8183
4167 4185 8323
4148 4181 8326
4104 4152 8248
4066 4164 8194
4181 4197 8343
4040 4055 8060
4055 4106 8132
4162 4170 8313
4070 4099 8158
4199 4200 8371
4033 4157 8178
4105 4133 8225
4015 4060 8064
4084 4176 8224
4037 4183 8195
4195 4198 8359
4102 4196 8263
4012 4075 8060
4107 4193 8275
4144 4176 8316
4014 4164 8170
4113 4174 8263
4028 4172 8180
4002 4155 8154
4011 4067 8064
4026 4149 8159
4066 4109 8140
4165 4184 8340
4125 4163 8278
4001 4144 8107
4033 4198 8206
4151 4184 8300
4185 4199 8345
4061 4100 8145
4109 4152 8250
4153 4177 8295
4126 4132 8249
4097 4153 8219
4085 4097 8180
4100 4185 8267
4013 4166 8163
4101 4190 8283
4159 4182 8329
4176 4191 8332
4164 4181 8342
4156 4184 8307
4014 4174 8175
4121 4199 8286
4115 4120 8221
4110 4158 8251
4137 4182 8311
4116 4174 8256
4080 4122 8198
4135 4163 8291
4156 4173 8323
4113 4162 8242
4087 4130 8179
4047 4193 8216
4012 4113 8091
4008 4172 8171
4149 4159 8274
4059 4159 8198
4190 4193 8370
4113 4115 8196
4199 4200 8398
4069 4098 8133
4073 4140 8187
4023 4087 8098
4158 4173 8313
4104 4140 8238
4133 4195 8303
4150 4172 8297
4125 4172 8272
4071 4097 8152
4139 4150 8250
4069 4087 8152
4101 4177 8260
4015 4046 8051
4166 4177 8313
4197 4199 8393
4103 4156 8244
4018 4053 8045
4081 4166 8230
4067 4155 8213
4051 4160 8175
4086 4196 8255
4026 4096 8109
4123 4172 8275
4193 4194 8369
4037 4133 8134
4031 4040 8036
4142 4180 8313
4054 4136 8153
4174 4189 8359
4055 4188 8236
4141 4193 8308
4016 4063 8070
4044 4192 8206
4091 4127 8213
4086 4164 8232
4148 4176 8288
4165 4183 8324
4151 4157 8305
4110 4188 8286
4014 4178 8178
4030 4167 8188
4171 4172 8326
4017 4078 8064
4050 4057 8090
4182 4200 8360
4038 4183 8183
4118 4157 8257
4187 4192 8351
4009 4010 8007
4020 4025 8026
4095 4099 8178
4050 4149 8164
4142 4144 8251
4014 4173 8173
4064 4188 8233
4096 4141 8228
4099 4132 8208
4122 4127 8217
4069 4102 8155
4030 4144 8167
4119 4182 8265
4012 4123 8128
4041 4124 8145
4164 4188 8317
4025 4073 8087
4125 4140 8248
4124 4168 8274
4000 4128 8126
4063 4192 8219
4002 4066 8041
4110 4189 8284
4177 4184 8332
4026 4151 8148
4152 4175 8294
4090 4138 8222
4076 4145 8194
4192 4200 8363
4149 4167 8290
4036 4122 8120
4102 4137 8232
4186 4187 8347
4194 4197 8355
4198 4200 8385
4098 4147 8217
4064 4163 8198
4071 4119 8157
4024 4111 8124
4085 4189 8237
4098 4162 8240
4046 4122 8145
4062 4150 8179
4143 4198 8313
4089 4150 8208
4052 4083 8108
4111 4180 8277
4092 4114 8200
4180 4193 8363
4061 4124 8152
4195 4199 8362
4059 4195 8228
4167 4184 8320
4063 4170 8215
4197 4198 8390
4093 4157 8223
4042 4186 8213
4105 4157 8232
4065 4182 8223
4042 4098 8110
4063 4067 8110
4101 4136 8231
4128 4140 8257
4040 4137 8169
4086 4193 8261
4170 4188 8331
4090 4166 8244
4093 4114 8186
4060 4087 8132
4198 4200 8386
4179 4199 8350
4103 4145 8238
4033 4052 8060
4091 4200 8290
4074 4170 8216
4192 4199 8365
4057 4097 8135
4049 4122 8158
4006 4116 8116
4199 4200 8367
4183 4189 8365
4116 4186 8301
4194 4200 8368
4004 4164 8152
4125 4149 8265
4054 4076 8124
4178 4181 8349
4099 4124 8185
4126 4160 8269
4184 4186 8368
4199 4200 8380
4180 4191 8348
4192 4200 8353
4004 4077 8047
4160 4183 8327
4178 4190 8344
4013 4076 8080
4046 4178 8221
4186 4197 8350
4098 4192 8258
4153 4175 8293
4035 4200 8211
4001 4094 8070
4142 4171 8307
4169 4198 8349
4105 4137 8226
4191 4194 8353
4178 4182 8359
4082 4129 8198
4185 4187 8355
4005 4093 8086
4173 4181 8332
4063 4174 8202
4034 4058 8091
4057 4151 8186
4083 4120 8202
4104 4187 8278
4175 4183 8336
4119 4191 8287
4050 4074 8116
4128 4146 8244
4035 4076 8092
4114 4157 8263
4163 4164 8296
4061 4066 8108
4179 4185 8346
4125 4151 8267
4147 4152 8278
4166 4175 8333
4180 4194 8349
4109 4198 8306
4114 4169 8282
4184 4194 8366
4038 4118 8144
4114 4190 8299
4186 4187 8369
4169 4178 8336
4000 4026 7995
4079 4159 8235
4107 4165 8246
4002 4129 8117
4189 4193 8344
4078 4168 8240
4022 4117 8110
4127 4173 8270
4087 4115 8178
4031 4100 8120
4049 4094 8135
4048 4184 8203
4034 4170 8192
4075 4170 8228
4018 4135 8117
4157 4180 8331
4099 4194 8278
4148 4192 8321
4198 4199 8393
4070 4122 8160
4194 4200 8375
4103 4137 8205
4131 4176 8288
4177 4184 8337
4157 4175 8305
4061 4153 8184
4075 4162 8235
4040 4128 8158
4038 4200 8201
4103 4107 8180
4068 4193 8226
4162 4181 8307
4015 4038 8020
4009 4120 8116
4190 4197 8351
4105 4188 8288
4133 4188 8310
4152 4192 8306
4171 4178 8335
4037 4102 8109
4074 4110 8178
4134 4189 8293
4125 4163 8274
4191 4198 8360
4118 4128 8218
4190 4198 8376
4067 4129 8189
4096 4121 8215
4080 4114 8162
4108 4152 8225
4061 4121 8179
4194 4198 8363
4193 4200 8355
4135 4139 8247
4098 4163 8246
4183 4184 8340
4193 4195 8360
4145 4160 8276
4128 4150 8255
4026 4038 8052
4181 4194 8349
4142 4178 8283
4043 4109 8136
4012 4099 8082
4184 4197 8372
4124 4132 8240
4136 4149 8283
4064 4174 8229
4000 4118 8095
4179 4191 8341
4035 4197 8228
4161 4192 8351
4092 4159 8225
4157 4160 8308
4135 4196 8322
4074 4170 8228
4197 4199 8358
4199 4200 8383
4142 4161 8300
4118 4200 8293
4042 4158 8186
4073 4146 8218
4033 4054 8069
4098 4122 8209
4167 4198 8364
4115 4145 8224
4073 4190 8230
4080 4198 8247
4064 4148 8186
4041 4189 8198
4142 4195 8311
4030 4055 8059
4121 4160 8258
4129 4199 8299
4183 4195 8366
4142 4155 8289
4169 4171 8314
4010 4196 8201
4195 4197 8375
4031 4061 8072
4088 4198 8253
4167 4176 8327
4015 4111 8102
4060 4087 8140
4029 4170 8185
4036 4100 8112
4008 4029 8017
4196 4197 8357
4013 4153 8134
4032 4044 8056
4146 4193 8302
4170 4183 8334
4176 4196 8368
4069 4147 8204
4065 4091 8132
4158 4171 8314
4085 4194 8276
4165 4200 8344
4199 4200 8383
4132 4160 8268
4137 4146 8254
4069 4158 8214
4103 4109 8178
4019 4178 8182
4091 4092 8151
4086 4181 8245
4185 4200 8365
4081 4133 8206
4059 4157 8205
4162 4184 8323
4150 4167 8289
4173 4175 8313
4003 4138 8134
4180 4191 8332
4094 4097 8163
4102 4139 8232
4005 4013 8015
4043 4192 8226
4006 4023 8018
4130 4190 8310
4055 4149 8182
4073 4153 8203
4063 4199 8225
4058 4093 8132
4140 4187 8318
4191 4193 8375
4173 4182 8353
4069 4120 8158
4092 4095 8179
4195 4197 8370
4173 4184 8354
4033 4098 8115
4181 4200 8368
4189 4192 8360
4090 4126 8178
4145 4155 8272
4003 4192 8174
4159 4175 8309
4128 4139 8265
4052 4170 8186
4006 4036 8015
4012 4100 8084
4025 4153 8175
4075 4143 8191
4130 4154 8277
4010 4188 8172
4112 4182 8269
4078 4160 8217
4164 4200 8336
4195 4200 8369
4036 4171 8188
4103 4136 8224
4091 4113 8199
4128 4189 8287
4070 4178 8246
4158 4196 8348
4148 4164 8303
4175 4183 8340
4117 4188 8271
4103 4116 8213
4146 4152 8265
4175 4195 8365
4041 4069 8101
4114 4120 8214
4188 4194 8353
4106 4123 8208
4191 4199 8376
4074 4082 8122
4081 4087 8153
4018 4113 8123
4044 4068 8091
4048 4130 8148
4089 4115 8190
4000 4080 8075
4109 4164 8238
4104 4164 8232
4101 4161 8229
4169 4175 8330
4029 4046 8064
4084 4124 8178
4082 4113 8178
4042 4144 8151
4063 4091 8131
4057 4074 8095
4000 4043 8023
4030 4126 8143
4190 4191 8347
4143 4196 8324
4009 4065 8062
4101 4163 8240
4154 4181 8312
4053 4160 8212
4015 4036 8016
4095 4132 8206
4142 4145 8283
4101 4135 8207
4014 4111 8093
4058 4190 8217
4063 4080 8112
4155 4187 8318
4124 4138 8243
4057 4199 8249
4054 4152 8193
4188 4200 8387
4086 4195 8272
4174 4193 8353
4097 4123 8184
4109 4157 8260
4188 4192 8349
4161 4176 8322

0.010000 0.260000
