700
3397776
4141 4246 8387
4179 4256 8435
4109 4126 8235
4272 4290 8562
4176 4260 8436
4166 4173 8339
4268 4292 8560
4189 4202 8391
4162 4203 8365
4274 4294 8568
4217 4260 8477
4111 4299 8410
4232 4296 8528
4132 4191 8323
4284 4285 8569
4209 4268 8477
4206 4255 8461
4146 4217 8363
4220 4228 8448
4284 4288 8572
4247 4268 8515
4210 4279 8489
4109 4193 8302
4152 4255 8407
4188 4200 8388
4170 4295 8465
4288 4293 8581
4299 4300 8599
4119 4250 8369
4255 4296 8551
4204 4288 8492
4296 4297 8593
4199 4294 8493
4210 4248 8458
4235 4237 8472
4258 4289 8547
4141 4189 8330
4208 4242 8450
4231 4242 8473
4224 4248 8472
4223 4289 8512
4289 4296 8585
4221 4223 8444
4179 4259 8438
4252 4290 8542
4100 4189 8289
4178 4191 8369
4207 4297 8504
4201 4266 8467
4202 4298 8500
4108 4144 8252
4223 4277 8500
4243 4285 8528
4112 4250 8362
4268 4285 8553
4165 4284 8449
4165 4213 8378
4225 4268 8493
4186 4217 8403
4168 4299 8467
4292 4299 8591
4211 4274 8485
4177 4294 8471
4134 4286 8420
4233 4291 8524
4296 4300 8596
4188 4199 8387
4196 4277 8473
4141 4195 8336
4233 4296 8529
4272 4276 8548
4228 4272 8500
4227 4294 8521
4222 4230 8452
4275 4279 8554
4263 4281 8544
4177 4196 8373
4105 4139 8244
4180 4246 8426
4259 4280 8539
4200 4206 8406
4109 4210 8319
4173 4293 8466
4143 4279 8422
4174 4225 8399
4169 4215 8384
4230 4288 8518
4261 4292 8553
4217 4267 8484
4225 4297 8522
4219 4225 8444
4152 4166 8318
4271 4294 8565
4247 4297 8544
4167 4282 8449
4166 4196 8362
4259 4298 8557
4166 4231 8397
4226 4265 8491
4224 4249 8473
4225 4284 8509
4224 4293 8517
4256 4286 8542
4216 4233 8449
4237 4266 8503
4273 4297 8570
4115 4270 8385
4186 4221 8407
4160 4274 8434
4115 4293 8408
4164 4173 8337
4270 4281 8551
4155 4279 8434
4115 4241 8356
4173 4219 8392
4261 4262 8523
4137 4270 8407
4132 4204 8336
4242 4248 8490
4242 4285 8527
4223 4241 8464
4244 4256 8500
4145 4251 8396
4139 4163 8302
4231 4249 8480
4244 4273 8517
4206 4212 8418
4297 4299 8596
4229 4293 8522
4291 4292 8583
4147 4246 8393
4173 4279 8452
4200 4227 8427
4270 4276 8546
4279 4282 8561
4139 4287 8426
4117 4133 8250
4121 4291 8412
4157 4279 8436
4195 4219 8414
4104 4152 8256
4193 4277 8470
4288 4290 8578
4214 4231 8445
4155 4249 8404
4253 4297 8550
4181 4255 8436
4151 4175 8326
4211 4221 8432
4187 4224 8411
4145 4188 8333
4115 4260 8375
4136 4170 8306
4135 4208 8343
4132 4182 8314
4137 4144 8281
4173 4288 8461
4250 4276 8526
4222 4288 8510
4174 4201 8375
4136 4186 8322
4128 4251 8379
4296 4297 8593
4226 4231 8457
4187 4268 8455
4218 4266 8484
4260 4271 8531
4295 4297 8592
4172 4252 8424
4198 4264 8462
4161 4258 8419
4196 4206 8402
4169 4291 8460
4268 4300 8568
4281 4285 8566
4109 4164 8273
4255 4256 8511
4171 4277 8448
4181 4222 8403
4110 4221 8331
4228 4299 8527
4115 4286 8401
4275 4282 8557
4128 4189 8317
4107 4284 8391
4141 4220 8361
4134 4225 8359
4147 4176 8323
4111 4255 8366
4208 4217 8425
4270 4292 8562
4116 4193 8309
4267 4291 8558
4181 4247 8428
4129 4131 8260
4297 4299 8596
4297 4298 8595
4253 4288 8541
4153 4159 8312
4251 4281 8532
4104 4215 8319
4186 4283 8469
4198 4206 8404
4252 4282 8534
4163 4166 8329
4235 4244 8479
4263 4292 8555
4114 4150 8264
4183 4222 8405
4165 4210 8375
4269 4283 8552
4130 4244 8374
4245 4274 8519
4134 4289 8423
4296 4300 8596
4137 4186 8323
4128 4134 8262
4148 4230 8378
4141 4263 8404
4159 4254 8413
4151 4277 8428
4198 4297 8495
4167 4275 8442
4221 4276 8497
4255 4262 8517
4273 4298 8571
4245 4290 8535
4185 4293 8478
4194 4239 8433
4190 4296 8486
4100 4115 8215
4151 4294 8445
4292 4295 8587
4210 4294 8504
4118 4252 8370
4147 4187 8334
4287 4292 8579
4223 4293 8516
4146 4251 8397
4293 4294 8587
4268 4271 8539
4177 4188 8365
4284 4289 8573
4124 4129 8253
4132 4213 8345
4124 4147 8271
4136 4191 8327
4270 4292 8562
4191 4281 8472
4124 4300 8424
4195 4278 8473
4223 4232 8455
4285 4290 8575
4229 4248 8477
4194 4203 8397
4224 4262 8486
4162 4270 8432
4205 4238 8443
4294 4296 8590
4282 4284 8566
4126 4167 8293
4110 4262 8372
4142 4212 8354
4243 4293 8536
4245 4257 8502
4217 4224 8441
4247 4261 8508
4161 4186 8347
4156 4293 8449
4191 4222 8413
4273 4299 8572
4285 4288 8573
4245 4292 8537
4138 4273 8411
4244 4249 8493
4194 4283 8477
4283 4300 8583
4100 4193 8293
4146 4223 8369
4199 4298 8497
4161 4247 8408
4190 4219 8409
4110 4294 8404
4209 4293 8502
4255 4291 8546
4213 4218 8431
4189 4212 8401
4132 4219 8351
4190 4233 8423
4128 4174 8302
4162 4245 8407
4204 4246 8450
4166 4181 8347
4293 4300 8593
4215 4268 8483
4151 4202 8353
4213 4278 8491
4132 4171 8303
4194 4273 8467
4158 4263 8421
4106 4168 8274
4164 4177 8341
4150 4199 8349
4172 4225 8397
4282 4285 8567
4190 4288 8478
4179 4250 8429
4134 4286 8420
4146 4295 8441
4175 4276 8451
4144 4158 8302
4268 4295 8563
4269 4276 8545
4114 4126 8240
4214 4221 8435
4247 4262 8509
4191 4212 8403
4189 4232 8421
4152 4200 8352
4299 4300 8599
4211 4251 8462
4179 4235 8414
4154 4280 8434
4223 4264 8487
4233 4270 8503
4218 4291 8509
4247 4272 8519
4107 4149 8256
4211 4247 8458
4198 4288 8486
4207 4295 8502
4298 4300 8598
4298 4300 8598
4102 4142 8244
4207 4249 8456
4105 4112 8217
4187 4250 8437
4157 4173 8330
4130 4167 8297
4231 4300 8531
4152 4163 8315
4293 4296 8589
4272 4275 8547
4261 4296 8557
4187 4291 8478
4111 4233 8344
4149 4286 8435
4223 4291 8514
4245 4278 8523
4166 4208 8374
4117 4179 8296
4212 4250 8462
4199 4288 8487
4205 4284 8489
4150 4290 8440
4171 4248 8419
4104 4244 8348
4262 4274 8536
4293 4300 8593
4184 4205 8389
4264 4288 8552
4141 4262 8403
4149 4297 8446
4229 4275 8504
4171 4260 8431
4292 4297 8589
4173 4252 8425
4180 4224 8404
4201 4246 8447
4216 4267 8483
4249 4295 8544
4124 4230 8354
4253 4267 8520
4197 4240 8437
4267 4275 8542
4170 4217 8387
4252 4273 8525
4214 4285 8499
4298 4299 8597
4251 4264 8515
4151 4166 8317
4247 4278 8525
4138 4193 8331
4239 4246 8485
4132 4248 8380
4207 4242 8449
4205 4265 8470
4201 4252 8453
4209 4288 8497
4136 4233 8369
4211 4279 8490
4124 4275 8399
4259 4267 8526
4265 4266 8531
4294 4296 8590
4192 4249 8441
4157 4273 8430
4191 4279 8470
4136 4215 8351
4165 4171 8336
4203 4231 8434
4255 4300 8555
4199 4217 8416
4183 4240 8423
4121 4169 8290
4231 4299 8530
4265 4290 8555
4196 4202 8398
4175 4266 8441
4238 4300 8538
4124 4260 8384
4162 4266 8428
4135 4247 8382
4241 4253 8494
4136 4260 8396
4116 4177 8293
4290 4296 8586
4232 4255 8487
4193 4294 8487
4191 4227 8418
4262 4291 8553
4249 4272 8521
4143 4187 8330
4216 4246 8462
4292 4295 8587
4227 4270 8497
4192 4287 8479
4281 4288 8569
4137 4296 8433
4254 4284 8538
4111 4153 8264
4236 4295 8531
4210 4221 8431
4145 4165 8310
4190 4295 8485
4295 4300 8595
4149 4175 8324
4204 4287 8491
4257 4285 8542
4209 4238 8447
4132 4251 8383
4280 4286 8566
4100 4225 8325
4116 4158 8274
4237 4243 8480
4252 4261 8513
4192 4288 8480
4292 4295 8587
4223 4243 8466
4209 4281 8490
4224 4281 8505
4110 4183 8293
4199 4210 8409
4240 4295 8535
4234 4274 8508
4221 4226 8447
4259 4291 8550
4267 4272 8539
4108 4176 8284
4185 4214 8399
4150 4271 8421
4234 4294 8528
4212 4282 8494
4209 4212 8421
4141 4258 8399
4111 4223 8334
4276 4289 8565
4108 4178 8286
4216 4229 8445
4124 4216 8340
4268 4292 8560
4226 4231 8457
4108 4221 8329
4219 4246 8465
4114 4277 8391
4129 4287 8416
4287 4289 8576
4279 4290 8569
4279 4299 8578
4117 4119 8236
4285 4297 8582
4186 4187 8373
4227 4251 8478
4151 4157 8308
4242 4246 8488
4286 4299 8585
4252 4257 8509
4105 4244 8349
4129 4149 8278
4136 4188 8324
4250 4260 8510
4281 4289 8570
4148 4288 8436
4250 4291 8541
4277 4299 8576
4141 4197 8338
4148 4179 8327
4152 4261 8413
4154 4235 8389
4262 4274 8536
4218 4264 8482
4262 4282 8544
4283 4289 8572
4168 4176 8344
4286 4299 8585
4184 4291 8475
4294 4299 8593
4240 4258 8498
4135 4221 8356
4194 4236 8430
4136 4222 8358
4152 4280 8432
4267 4272 8539
4154 4260 8414
4106 4242 8348
4264 4282 8546
4265 4289 8554
4259 4289 8548
4196 4292 8488
4110 4282 8392
4269 4295 8564
4171 4208 8379
4201 4208 8409
4271 4275 8546
4243 4272 8515
4255 4263 8518
4275 4280 8555
4230 4292 8522
4191 4263 8454
4157 4176 8333
4168 4249 8417
4117 4282 8399
4108 4116 8224
4259 4299 8558
4212 4281 8493
4130 4162 8292
4154 4282 8436
4151 4153 8304
4183 4249 8432
4147 4214 8361
4148 4273 8421
4199 4217 8416
4161 4173 8334
4133 4156 8289
4162 4237 8399
4194 4249 8443
4109 4144 8253
4123 4249 8372
4196 4229 8425
4262 4295 8557
4260 4268 8528
4250 4278 8528
4287 4298 8585
4291 4292 8583
4163 4226 8389
4149 4170 8319
4228 4289 8517
4264 4269 8533
4134 4174 8308
4245 4267 8512
4167 4181 8348
4294 4298 8592
4205 4260 8465
4193 4272 8465
4157 4205 8362
4250 4285 8535
4263 4266 8529
4279 4300 8579
4272 4276 8548
4279 4281 8560
4167 4180 8347
4106 4282 8388
4183 4249 8432
4291 4300 8591
4116 4254 8370
4269 4273 8542
4265 4294 8559
4129 4235 8364
4196 4289 8485
4190 4215 8405
4249 4293 8542
4199 4269 8468
4130 4132 8262
4151 4299 8450
4192 4226 8418
4129 4162 8291
4142 4192 8334
4129 4166 8295
4254 4288 8542
4294 4300 8594
4278 4279 8557
4235 4238 8473
4203 4210 8413
4178 4181 8359
4299 4300 8599
4266 4274 8540
4189 4221 8410
4108 4141 8249
4238 4295 8533
4161 4190 8351
4233 4273 8506
4145 4268 8413
4244 4253 8497
4291 4297 8588
4215 4300 8515
4137 4277 8414
4119 4267 8386
4174 4242 8416
4208 4259 8467
4168 4262 8430
4238 4254 8492
4291 4294 8585
4226 4243 8469
4176 4266 8442
4223 4297 8520
4108 4181 8289
4231 4282 8513
4101 4148 8249
4259 4295 8554
4253 4296 8549
4154 4287 8441
4161 4238 8399
4258 4267 8525
4118 4198 8316
4203 4235 8438
4209 4267 8476
4192 4196 8388
4104 4251 8355
4180 4279 8459
4201 4254 8455
4200 4226 8426
4191 4286 8477
4268 4275 8543
4172 4231 8403
4191 4300 8491
4175 4225 8400
4204 4287 8491
4135 4249 8384
4187 4268 8455
4106 4229 8335
4263 4283 8546
4134 4152 8286
4252 4283 8535
4136 4223 8359
4214 4287 8501
4190 4225 8415
4115 4219 8334
4257 4276 8533
4252 4288 8540
4174 4175 8349
4146 4239 8385
4152 4284 8436
4151 4194 8345
4112 4276 8388
4123 4298 8421
4120 4133 8253
4104 4254 8358
4269 4290 8559
4141 4207 8348
4163 4281 8444
4163 4279 8442
4296 4297 8593
4172 4175 8347
4128 4220 8348
4178 4180 8358
4233 4242 8475
4127 4219 8346
4150 4225 8375
4198 4205 8403
4213 4251 8464
4231 4244 8475
4159 4284 8443
4167 4209 8376
4268 4300 8568
4102 4260 8362
4263 4294 8557
4286 4288 8574
4180 4201 8381
4213 4258 8471
4245 4288 8533
4208 4231 8439
4292 4293 8585
4146 4150 8296
4145 4218 8363
4117 4279 8396
4292 4300 8592
4113 4125 8238
4175 4206 8381
4145 4150 8295
4155 4200 8355
4114 4279 8393
4228 4251 8479
4121 4236 8357
4193 4289 8482
4243 4282 8525
4102 4202 8304
4234 4266 8500
4183 4256 8439
4286 4295 8581
4264 4291 8555

4041 4146 8165
4079 4156 8220
4009 4026 8022
4172 4190 8357
4076 4160 8208
4066 4073 8118
4168 4192 8347
4089 4102 8175
4062 4103 8157
4174 4194 8332
4117 4160 8240
4011 4199 8206
4132 4196 8325
4032 4091 8122
4184 4185 8338
4109 4168 8253
4106 4155 8230
4046 4117 8160
4120 4128 8233
4184 4188 8337
4147 4168 8298
4110 4179 8260
4009 4093 8064
4052 4155 8172
4088 4100 8173
4070 4195 8247
4188 4193 8356
4199 4200 8396
4019 4150 8164
4155 4196 8333
4104 4188 8263
4196 4197 8360
4099 4194 8292
4110 4148 8221
4135 4137 8271
4158 4189 8342
4041 4089 8100
4108 4142 8249
4131 4142 8251
4124 4148 8240
4123 4189 8286
4189 4196 8364
4121 4123 8220
4079 4159 8200
4152 4190 8308
4000 4089 8054
4078 4091 8137
4107 4197 8279
4101 4166 8242
4102 4198 8275
4008 4044 8018
4123 4177 8270
4143 4185 8316
4012 4150 8158
4168 4185 8338
4065 4184 8226
4065 4113 8144
4125 4168 8276
4086 4117 8196
4068 4199 8232
4192 4199 8358
4111 4174 8249
4077 4194 8254
4034 4186 8206
4133 4191 8309
4196 4200 8368
4088 4099 8164
4096 4177 8240
4041 4095 8122
4133 4196 8315
4172 4176 8332
4128 4172 8261
4127 4194 8309
4122 4130 8222
4175 4179 8343
4163 4181 8313
4077 4096 8169
4005 4039 8007
4080 4146 8195
4159 4180 8324
4100 4106 8195
4009 4110 8085
4073 4193 8243
4043 4179 8215
4074 4125 8194
4069 4115 8173
4130 4188 8297
4161 4192 8335
4117 4167 8279
4125 4197 8311
4119 4125 8231
4052 4066 8091
4171 4194 8329
4147 4197 8335
4067 4182 8233
4066 4096 8149
4159 4198 8329
4066 4131 8166
4126 4165 8284
4124 4149 8235
4125 4184 8283
4124 4193 8295
4156 4186 8328
4116 4133 8215
4137 4166 8273
4173 4197 8359
4015 4170 8147
4086 4121 8181
4060 4174 8201
4015 4193 8176
4064 4073 8101
4170 4181 8315
4055 4179 8229
4015 4141 8118
4073 4119 8186
4161 4162 8314
4037 4170 8174
4032 4104 8116
4142 4148 8288
4142 4185 8290
4123 4141 8229
4144 4156 8262
4045 4151 8164
4039 4063 8085
4131 4149 8262
4144 4173 8309
4106 4112 8194
4197 4199 8369
4129 4193 8304
4191 4192 8381
4047 4146 8187
4073 4179 8236
4100 4127 8195
4170 4176 8307
4179 4182 8344
4039 4187 8200
4017 4033 8022
4021 4191 8206
4057 4179 8204
4095 4119 8179
4004 4052 8022
4093 4177 8263
4188 4190 8370
4114 4131 8242
4055 4149 8195
4153 4197 8349
4081 4155 8222
4051 4075 8122
4111 4121 8216
4087 4124 8208
4045 4088 8100
4015 4160 8148
4036 4070 8089
4035 4108 8121
4032 4082 8079
4037 4044 8077
4073 4188 8243
4150 4176 8295
4122 4188 8277
4074 4101 8168
4036 4086 8091
4028 4151 8165
4196 4197 8355
4126 4131 8256
4087 4168 8225
4118 4166 8248
4160 4171 8302
4195 4197 8388
4072 4152 8197
4098 4164 8247
4061 4158 8201
4096 4106 8197
4069 4191 8237
4168 4200 8352
4181 4185 8330
4009 4064 8050
4155 4156 8292
4071 4177 8211
4081 4122 8181
4010 4121 8117
4128 4199 8299
4015 4186 8197
4175 4182 8329
4028 4089 8095
4007 4184 8184
4041 4120 8139
4034 4125 8128
4047 4076 8086
4011 4155 8156
4108 4117 8221
4170 4192 8328
4016 4093 8099
4167 4191 8352
4081 4147 8222
4029 4031 8050
4197 4199 8366
4197 4198 8376
4153 4188 8335
4053 4059 8088
4151 4181 8312
4004 4115 8101
4086 4183 8259
4098 4106 8178
4152 4182 8298
4063 4066 8109
4135 4144 8276
4163 4192 8341
4014 4050 8060
4083 4122 8190
4065 4110 8137
4169 4183 8332
4030 4144 8137
4145 4174 8287
4034 4189 8200
4196 4200 8381
4037 4086 8096
4028 4034 8060
4048 4130 8147
4041 4163 8172
4059 4154 8205
4051 4177 8211
4098 4197 8273
4067 4175 8236
4121 4176 8280
4155 4162 8285
4173 4198 8343
4145 4190 8329
4085 4193 8271
4094 4139 8214
4090 4196 8279
4000 4015 7978
4051 4194 8220
4192 4195 8359
4110 4194 8286
4018 4152 8149
4047 4087 8112
4187 4192 8340
4123 4193 8305
4046 4151 8181
4193 4194 8355
4168 4171 8307
4077 4088 8127
4184 4189 8342
4024 4029 8046
4032 4113 8120
4024 4047 8063
4036 4091 8105
4170 4192 8339
4091 4181 8271
4024 4200 8215
4095 4178 8247
4123 4132 8216
4185 4190 8363
4129 4148 8254
4094 4103 8194
4124 4162 8259
4062 4170 8196
4105 4138 8224
4194 4196 8355
4182 4184 8344
4026 4067 8087
4010 4162 8140
4042 4112 8119
4143 4193 8328
4145 4157 8267
4117 4124 8206
4147 4161 8289
4061 4086 8144
4056 4193 8218
4091 4122 8184
4173 4199 8343
4185 4188 8334
4145 4192 8334
4038 4173 8178
4144 4149 8291
4094 4183 8251
4183 4200 8382
4000 4093 8066
4046 4123 8146
4099 4198 8265
4061 4147 8202
4090 4119 8205
4010 4194 8199
4109 4193 8263
4155 4191 8317
4113 4118 8212
4089 4112 8195
4032 4119 8147
4090 4133 8197
4028 4074 8069
4062 4145 8205
4104 4146 8229
4066 4081 8144
4193 4200 8357
4115 4168 8254
4051 4102 8119
4113 4178 8274
4032 4071 8070
4094 4173 8259
4058 4163 8194
4006 4068 8067
4064 4077 8110
4050 4099 8138
4072 4125 8162
4182 4185 8342
4090 4188 8272
4079 4150 8198
4034 4186 8197
4046 4195 8222
4075 4176 8221
4044 4058 8082
4168 4195 8338
4169 4176 8311
4014 4026 8022
4114 4121 8223
4147 4162 8272
4091 4112 8174
4089 4132 8191
4052 4100 8141
4199 4200 8382
4111 4151 8231
4079 4135 8189
4054 4180 8230
4123 4164 8280
4133 4170 8271
4118 4191 8273
4147 4172 8284
4007 4049 8019
4111 4147 8225
4098 4188 8274
4107 4195 8272
4198 4200 8394
4198 4200 8385
4002 4042 8027
4107 4149 8224
4005 4012 8015
4087 4150 8226
4057 4073 8095
4030 4067 8066
4131 4200 8306
4052 4063 8089
4193 4196 8358
4172 4175 8310
4161 4196 8353
4087 4191 8265
4011 4133 8129
4049 4186 8199
4123 4191 8284
4145 4178 8285
4066 4108 8139
4017 4079 8079
4112 4150 8241
4099 4188 8272
4105 4184 8264
4050 4190 8204
4071 4148 8215
4004 4144 8117
4162 4174 8318
4193 4200 8370
4084 4105 8165
4164 4188 8324
4041 4162 8197
4049 4197 8234
4129 4175 8276
4071 4160 8210
4192 4197 8385
4073 4152 8212
4080 4124 8188
4101 4146 8236
4116 4167 8246
4149 4195 8307
4024 4130 8140
4153 4167 8314
4097 4140 8228
4167 4175 8331
4070 4117 8162
4152 4173 8308
4114 4185 8277
4198 4199 8389
4151 4164 8303
4051 4066 8096
4147 4178 8305
4038 4093 8102
4139 4146 8264
4032 4148 8157
4107 4142 8244
4105 4165 8233
4101 4152 8217
4109 4188 8275
4036 4133 8138
4111 4179 8282
4024 4175 8190
4159 4167 8290
4165 4166 8315
4194 4196 8378
4092 4149 8227
4057 4173 8207
4091 4179 8260
4036 4115 8117
4065 4071 8108
4103 4131 8213
4155 4200 8335
4099 4117 8185
4083 4140 8215
4021 4069 8077
4131 4199 8302
4165 4190 8330
4096 4102 8196
4075 4166 8217
4138 4200 8312
4024 4160 8151
4062 4166 8191
4035 4147 8163
4141 4153 8258
4036 4160 8169
4016 4077 8066
4190 4196 8375
4132 4155 8286
4093 4194 8261
4091 4127 8199
4162 4191 8346
4149 4172 8286
4043 4087 8094
4116 4146 8234
4192 4195 8378
4127 4170 8287
4092 4187 8272
4181 4188 8363
4037 4196 8217
4154 4184 8309
4011 4053 8031
4136 4195 8296
4110 4121 8218
4045 4065 8100
4090 4195 8281
4195 4200 8385
4049 4075 8111
4104 4187 8281
4157 4185 8341
4109 4138 8232
4032 4151 8164
4180 4186 8358
4000 4125 8122
4016 4058 8057
4137 4143 8253
4152 4161 8274
4092 4188 8246
4192 4195 8365
4123 4143 8258
4109 4181 8285
4124 4181 8304
4010 4083 8055
4099 4110 8182
4140 4195 8304
4134 4174 8306
4121 4126 8212
4159 4191 8327
4167 4172 8321
4008 4076 8082
4085 4114 8179
4050 4171 8188
4134 4194 8327
4112 4182 8282
4109 4112 8206
4041 4158 8173
4011 4123 8125
4176 4189 8337
4008 4078 8062
4116 4129 8216
4024 4116 8120
4168 4192 8329
4126 4131 8222
4008 4121 8093
4119 4146 8246
4014 4177 8190
4029 4187 8198
4187 4189 8367
4179 4190 8338
4179 4199 8377
4017 4019 7999
4185 4197 8365
4086 4087 8136
4127 4151 8276
4051 4057 8105
4142 4146 8249
4186 4199 8364
4152 4157 8301
4005 4144 8148
4029 4049 8076
4036 4088 8101
4150 4160 8278
4181 4189 8360
4048 4188 8218
4150 4191 8305
4177 4199 8355
4041 4097 8109
4048 4079 8113
4052 4161 8203
4054 4135 8165
4162 4174 8315
4118 4164 8260
4162 4182 8314
4183 4189 8361
4068 4076 8120
4186 4199 8363
4084 4191 8273
4194 4199 8354
4140 4158 8282
4035 4121 8154
4094 4136 8226
4036 4122 8136
4052 4180 8203
4167 4172 8327
4054 4160 8205
4006 4142 8137
4164 4182 8344
4165 4189 8325
4159 4189 8309
4096 4192 8259
4010 4182 8167
4169 4195 8342
4071 4108 8168
4101 4108 8170
4171 4175 8319
4143 4172 8288
4155 4163 8293
4175 4180 8320
4130 4192 8288
4091 4163 8218
4057 4076 8130
4068 4149 8188
4017 4182 8185
4008 4016 7996
4159 4199 8341
4112 4181 8284
4030 4062 8077
4054 4182 8211
4051 4053 8086
4083 4149 8205
4047 4114 8131
4048 4173 8199
4099 4117 8211
4061 4073 8132
4033 4056 8083
4062 4137 8198
4094 4149 8224
4009 4044 8042
4023 4149 8161
4096 4129 8217
4162 4195 8318
4160 4168 8321
4150 4178 8312
4187 4198 8365
4191 4192 8374
4063 4126 8176
4049 4070 8089
4128 4189 8301
4164 4169 8320
4034 4074 8070
4145 4167 8304
4067 4081 8128
4194 4198 8357
4105 4160 8229
4093 4172 8255
4057 4105 8126
4150 4185 8311
4163 4166 8291
4179 4200 8355
4172 4176 8312
4179 4181 8354
4067 4080 8109
4006 4182 8180
4083 4149 8217
4191 4200 8378
4016 4154 8137
4169 4173 8331
4165 4194 8333
4029 4135 8160
4096 4189 8260
4090 4115 8171
4149 4193 8323
4099 4169 8266
4030 4032 8043
4051 4199 8246
4092 4126 8215
4029 4062 8090
4042 4092 8117
4029 4066 8078
4154 4188 8323
4194 4200 8360
4178 4179 8337
4135 4138 8237
4103 4110 8181
4078 4081 8151
4199 4200 8379
4166 4174 8324
4089 4121 8177
4008 4041 8030
4138 4195 8318
4061 4090 8142
4133 4173 8284
4045 4168 8207
4144 4153 8279
4191 4197 8379
4115 4200 8280
4037 4177 8197
4019 4167 8150
4074 4142 8208
4108 4159 8262
4068 4162 8204
4138 4154 8256
4191 4194 8357
4126 4143 8244
4076 4166 8225
4123 4197 8308
4008 4081 8057
4131 4182 8276
4001 4048 8028
4159 4195 8315
4153 4196 8345
4054 4187 8240
4061 4138 8161
4158 4167 8310
4018 4098 8105
4103 4135 8202
4109 4167 8247
4092 4096 8160
4004 4151 8140
4080 4179 8241
4101 4154 8253
4100 4126 8219
4091 4186 8268
4168 4175 8333
4072 4131 8174
4091 4200 8286
4075 4125 8166
4104 4187 8286
4035 4149 8183
4087 4168 8245
4006 4129 8115
4163 4183 8314
4034 4052 8060
4152 4183 8308
4036 4123 8122
4114 4187 8273
4090 4125 8184
4015 4119 8101
4157 4176 8314
4152 4188 8325
4074 4075 8120
4046 4139 8152
4052 4184 8212
4051 4094 8132
4012 4176 8185
4023 4198 8189
4020 4033 8019
4004 4154 8136
4169 4190 8330
4041 4107 8124
4063 4181 8215
4063 4179 8239
4196 4197 8378
4072 4075 8134
4028 4120 8113
4078 4080 8145
4133 4142 8269
4027 4119 8143
4050 4125 8157
4098 4105 8202
4113 4151 8256
4131 4144 8265
4059 4184 8217
4067 4109 8172
4168 4200 8347
4002 4160 8161
4163 4194 8354
4186 4188 8339
4080 4101 8161
4113 4158 8239
4145 4188 8321
4108 4131 8212
4192 4193 8368
4046 4050 8068
4045 4118 8154
4017 4179 8167
4192 4200 8380
4013 4025 8034
4075 4106 8169
4045 4050 8089
4055 4100 8143
4014 4179 8161
4128 4151 8267
4021 4136 8142
4093 4189 8244
4143 4182 8318
4002 4102 8103
4134 4166 8280
4083 4156 8208
4186 4195 8372
4164 4191 8317

0.010000 0.590000
