700
3342167
4282 4291 8573
4295 4296 8591
4271 4274 8545
4272 4284 8556
4285 4286 8571
4138 4284 8422
4141 4279 8420
4217 4262 8479
4276 4280 8556
4164 4285 8449
4252 4255 8507
4155 4259 8414
4217 4281 8498
4199 4227 8426
4239 4283 8522
4214 4291 8505
4104 4289 8393
4154 4270 8424
4291 4295 8586
4299 4300 8599
4181 4293 8474
4141 4160 8301
4196 4230 8426
4261 4274 8535
4251 4254 8505
4190 4289 8479
4190 4261 8451
4102 4184 8286
4160 4223 8383
4107 4108 8215
4150 4287 8437
4165 4279 8444
4133 4236 8369
4216 4278 8494
4194 4263 8457
4190 4281 8471
4277 4293 8570
4146 4289 8435
4238 4250 8488
4138 4145 8283
4259 4272 8531
4244 4278 8522
4265 4276 8541
4287 4296 8583
4282 4300 8582
4217 4248 8465
4128 4157 8285
4178 4197 8375
4175 4247 8422
4107 4192 8299
4210 4279 8489
4267 4279 8546
4170 4222 8392
4171 4259 8430
4276 4286 8562
4122 4176 8298
4150 4169 8319
4201 4262 8463
4205 4253 8458
4144 4257 8401
4125 4265 8390
4238 4293 8531
4261 4262 8523
4240 4286 8526
4151 4157 8308
4127 4265 8392
4122 4126 8248
4174 4296 8470
4132 4186 8318
4172 4254 8426
4219 4276 8495
4256 4290 8546
4152 4222 8374
4288 4290 8578
4105 4164 8269
4147 4188 8335
4112 4230 8342
4259 4264 8523
4251 4258 8509
4265 4293 8558
4203 4299 8502
4198 4285 8483
4130 4165 8295
4281 4292 8573
4154 4190 8344
4158 4228 8386
4244 4292 8536
4239 4241 8480
4155 4247 8402
4165 4274 8439
4132 4182 8314
4133 4239 8372
4114 4147 8261
4100 4295 8395
4130 4221 8351
4249 4270 8519
4129 4295 8424
4156 4239 8395
4160 4250 8410
4120 4131 8251
4139 4193 8332
4150 4250 8400
4173 4290 8463
4114 4238 8352
4172 4196 8368
4281 4297 8578
4229 4262 8491
4256 4294 8550
4155 4183 8338
4236 4280 8516
4185 4223 8408
4226 4231 8457
4130 4148 8278
4108 4117 8225
4131 4167 8298
4261 4267 8528
4117 4119 8236
4199 4298 8497
4269 4284 8553
4188 4299 8487
4250 4261 8511
4201 4234 8435
4219 4291 8510
4166 4197 8363
4152 4285 8437
4150 4182 8332
4134 4293 8427
4224 4247 8471
4236 4238 8474
4240 4246 8486
4163 4227 8390
4172 4253 8425
4240 4278 8518
4139 4235 8374
4251 4262 8513
4121 4254 8375
4173 4288 8461
4246 4247 8493
4173 4221 8394
4244 4247 8491
4283 4289 8572
4148 4161 8309
4233 4291 8524
4182 4192 8374
4182 4191 8373
4188 4231 8419
4142 4161 8303
4103 4228 8331
4131 4193 8324
4277 4293 8570
4287 4291 8578
4275 4278 8553
4195 4254 8449
4133 4184 8317
4289 4291 8580
4243 4270 8513
4256 4299 8555
4259 4285 8544
4177 4225 8402
4103 4245 8348
4278 4300 8578
4114 4199 8313
4132 4170 8302
4114 4178 8292
4173 4193 8366
4280 4300 8580
4206 4248 8454
4141 4299 8440
4220 4266 8486
4176 4241 8417
4255 4292 8547
4288 4293 8581
4256 4289 8545
4212 4276 8488
4236 4287 8523
4277 4300 8577
4285 4292 8577
4262 4300 8562
4107 4128 8235
4183 4190 8373
4260 4295 8555
4160 4218 8378
4265 4285 8550
4195 4218 8413
4295 4296 8591
4153 4284 8437
4223 4229 8452
4116 4283 8399
4200 4220 8420
4259 4283 8542
4298 4299 8597
4140 4234 8374
4241 4253 8494
4282 4293 8575
4154 4170 8324
4209 4281 8490
4128 4169 8297
4167 4276 8443
4254 4281 8535
4174 4236 8410
4154 4161 8315
4261 4297 8558
4278 4294 8572
4275 4276 8551
4194 4239 8433
4131 4190 8321
4265 4280 8545
4287 4299 8586
4209 4271 8480
4219 4286 8505
4217 4233 8450
4220 4295 8515
4192 4259 8451
4105 4108 8213
4268 4275 8543
4243 4294 8537
4188 4244 8432
4126 4163 8289
4244 4277 8521
4176 4203 8379
4250 4281 8531
4295 4296 8591
4233 4243 8476
4161 4191 8352
4244 4297 8541
4225 4265 8490
4294 4298 8592
4234 4237 8471
4155 4286 8441
4151 4287 8438
4178 4236 8414
4108 4192 8300
4117 4239 8356
4103 4285 8388
4224 4225 8449
4175 4225 8400
4241 4297 8538
4265 4273 8538
4289 4294 8583
4244 4276 8520
4129 4145 8274
4121 4168 8289
4280 4286 8566
4279 4299 8578
4239 4295 8534
4150 4222 8372
4231 4242 8473
4140 4147 8287
4291 4296 8587
4251 4286 8537
4129 4213 8342
4297 4300 8597
4293 4295 8588
4101 4272 8373
4119 4179 8298
4244 4287 8531
4150 4273 8423
4118 4219 8337
4103 4269 8372
4277 4286 8563
4228 4255 8483
4265 4278 8543
4226 4278 8504
4262 4296 8558
4230 4289 8519
4134 4211 8345
4126 4242 8368
4226 4273 8499
4197 4299 8496
4191 4283 8474
4212 4238 8450
4179 4209 8388
4196 4257 8453
4267 4293 8560
4258 4276 8534
4136 4202 8338
4137 4275 8412
4193 4240 8433
4283 4293 8576
4102 4281 8383
4261 4281 8542
4297 4298 8595
4101 4263 8364
4293 4295 8588
4208 4247 8455
4168 4298 8466
4292 4296 8588
4269 4282 8551
4233 4297 8530
4113 4115 8228
4246 4277 8523
4202 4276 8478
4213 4291 8504
4164 4232 8396
4280 4282 8562
4150 4202 8352
4286 4292 8578
4192 4257 8449
4167 4192 8359
4189 4246 8435
4254 4258 8512
4203 4241 8444
4233 4257 8490
4285 4289 8574
4204 4245 8449
4222 4296 8518
4284 4293 8577
4279 4281 8560
4279 4288 8567
4282 4284 8566
4223 4277 8500
4240 4268 8508
4161 4231 8392
4135 4175 8310
4265 4277 8542
4261 4268 8529
4133 4259 8392
4197 4222 8419
4152 4237 8389
4174 4232 8406
4236 4251 8487
4195 4220 8415
4203 4290 8493
4153 4195 8348
4197 4274 8471
4224 4273 8497
4185 4203 8388
4114 4149 8263
4220 4245 8465
4119 4225 8344
4275 4280 8555
4128 4264 8392
4292 4296 8588
4224 4236 8460
4120 4279 8399
4146 4172 8318
4280 4297 8577
4292 4296 8588
4153 4226 8379
4107 4176 8283
4247 4249 8496
4184 4190 8374
4244 4295 8539
4228 4235 8463
4294 4295 8589
4109 4144 8253
4245 4258 8503
4105 4168 8273
4227 4266 8493
4254 4265 8519
4297 4300 8597
4294 4296 8590
4111 4184 8295
4251 4290 8541
4205 4226 8431
4217 4287 8504
4292 4299 8591
4237 4282 8519
4288 4297 8585
4155 4273 8428
4239 4262 8501
4291 4300 8591
4132 4140 8272
4123 4216 8339
4152 4230 8382
4251 4284 8535
4106 4116 8222
4210 4212 8422
4200 4236 8436
4148 4233 8381
4231 4281 8512
4198 4215 8413
4250 4253 8503
4219 4268 8487
4178 4186 8364
4296 4299 8595
4142 4207 8349
4195 4242 8437
4176 4200 8376
4144 4250 8394
4274 4283 8557
4250 4263 8513
4130 4221 8351
4188 4204 8392
4250 4282 8532
4241 4265 8506
4197 4230 8427
4228 4250 8478
4234 4265 8499
4252 4276 8528
4130 4202 8332
4240 4258 8498
4225 4237 8462
4154 4220 8374
4232 4272 8504
4261 4284 8545
4296 4300 8596
4278 4282 8560
4255 4298 8553
4221 4281 8502
4108 4288 8396
4102 4110 8212
4174 4260 8434
4238 4256 8494
4153 4210 8363
4195 4246 8441
4248 4287 8535
4277 4286 8563
4120 4177 8297
4178 4265 8443
4178 4249 8427
4108 4170 8278
4218 4253 8471
4250 4286 8536
4177 4200 8377
4113 4289 8402
4221 4255 8476
4294 4300 8594
4106 4198 8304
4264 4295 8559
4151 4199 8350
4268 4269 8537
4290 4299 8589
4227 4252 8479
4201 4247 8448
4158 4264 8422
4119 4291 8410
4247 4264 8511
4278 4283 8561
4280 4299 8579
4198 4253 8451
4283 4295 8578
4124 4171 8295
4267 4270 8537
4183 4266 8449
4196 4277 8473
4210 4272 8482
4273 4282 8555
4215 4244 8459
4291 4299 8590
4155 4194 8349
4241 4253 8494
4189 4273 8462
4267 4292 8559
4155 4292 8447
4108 4175 8283
4271 4280 8551
4189 4278 8467
4264 4281 8545
4273 4287 8560
4109 4294 8403
4246 4257 8503
4259 4295 8554
4141 4202 8343
4110 4229 8339
4138 4278 8416
4295 4299 8594
4190 4270 8460
4154 4168 8322
4194 4260 8454
4208 4299 8507
4154 4212 8366
4264 4273 8537
4291 4296 8587
4144 4174 8318
4258 4289 8547
4210 4270 8480
4184 4255 8439
4103 4135 8238
4132 4240 8372
4270 4278 8548
4258 4274 8532
4249 4250 8499
4104 4253 8357
4222 4224 8446
4110 4170 8280
4277 4299 8576
4298 4300 8598
4139 4285 8424
4128 4186 8314
4259 4293 8552
4114 4193 8307
4165 4170 8335
4142 4151 8293
4134 4153 8287
4176 4204 8380
4230 4297 8527
4254 4279 8533
4147 4181 8328
4107 4212 8319
4176 4236 8412
4156 4292 8448
4256 4263 8519
4114 4197 8311
4181 4268 8449
4142 4237 8379
4168 4213 8381
4163 4215 8378
4286 4293 8579
4290 4291 8581
4198 4213 8411
4172 4208 8380
4206 4274 8480
4258 4297 8555
4209 4275 8484
4128 4259 8387
4280 4286 8566
4133 4249 8382
4296 4300 8596
4212 4235 8447
4109 4212 8321
4169 4236 8405
4262 4290 8552
4153 4187 8340
4115 4170 8285
4231 4289 8520
4240 4264 8504
4268 4274 8542
4291 4294 8585
4119 4210 8329
4133 4142 8275
4100 4101 8201
4147 4252 8399
4205 4255 8460
4213 4281 8494
4298 4299 8597
4244 4250 8494
4156 4253 8409
4205 4298 8503
4271 4284 8555
4164 4291 8455
4249 4287 8536
4161 4250 8411
4282 4283 8565
4142 4164 8306
4130 4177 8307
4115 4116 8231
4104 4245 8349
4144 4267 8411
4144 4236 8380
4284 4295 8579
4161 4202 8363
4143 4217 8360
4249 4287 8536
4202 4284 8486
4199 4244 8443
4151 4197 8348
4170 4249 8419
4201 4289 8490
4161 4265 8426
4133 4282 8415
4173 4221 8394
4237 4285 8522
4265 4298 8563
4168 4287 8455
4287 4295 8582
4294 4297 8591
4194 4234 8428
4245 4279 8524
4117 4233 8350
4205 4210 8415
4173 4259 8432
4139 4209 8348
4174 4254 8428
4239 4244 8483
4133 4231 8364
4103 4286 8389
4179 4278 8457
4223 4288 8511
4264 4273 8537
4145 4253 8398
4294 4300 8594
4202 4277 8479
4145 4259 8404
4198 4297 8495
4201 4220 8421
4149 4293 8442
4195 4292 8487
4176 4246 8422
4160 4195 8355
4129 4166 8295
4224 4269 8493
4291 4300 8591
4248 4281 8529
4187 4222 8409
4234 4289 8523
4233 4249 8482
4128 4250 8378
4109 4295 8404
4176 4198 8374
4209 4263 8472
4136 4163 8299
4257 4279 8536
4165 4215 8380
4292 4298 8590
4289 4290 8579
4176 4277 8453
4117 4122 8239
4209 4230 8439
4133 4190 8323
4230 4291 8521
4209 4289 8498
4297 4299 8596
4216 4289 8505
4168 4299 8467
4148 4160 8308
4101 4290 8391
4279 4282 8561
4113 4255 8368
4190 4299 8489
4278 4288 8566
4215 4235 8450
4297 4298 8595
4240 4243 8483
4238 4298 8536
4271 4299 8570
4215 4279 8494
4144 4165 8309
4278 4280 8558
4266 4268 8534
4153 4251 8404
4174 4213 8387
4128 4207 8335
4119 4156 8275
4226 4293 8519
4112 4173 8285
4286 4294 8580
4130 4191 8321
4236 4281 8517
4115 4172 8287
4211 4291 8502
4288 4292 8580
4270 4272 8542
4274 4282 8556
4296 4297 8593
4287 4298 8585
4159 4210 8369
4243 4293 8536
4106 4184 8290
4171 4284 8455
4244 4254 8498
4231 4295 8526
4131 4155 8286
4160 4170 8330
4263 4285 8548
4217 4292 8509
4141 4149 8290
4299 4300 8599
4193 4261 8454
4298 4300 8598
4223 4278 8501
4147 4267 8414
4114 4149 8263
4236 4267 8503
4257 4272 8529
4232 4283 8515
4182 4225 8407
4117 4276 8393
4298 4299 8597
4177 4256 8433
4211 4283 8494
4125 4185 8310
4197 4287 8484
4228 4250 8478
4256 4284 8540
4235 4266 8501
4152 4247 8399
4224 4272 8496
4176 4231 8407
4253 4257 8510
4205 4217 8422
4127 4279 8406
4168 4267 8435
4174 4292 8466
4116 4159 8275
4162 4276 8438
4181 4262 8443
4179 4256 8435
4137 4228 8365
4284 4291 8575
4105 4288 8393
4240 4246 8486
4203 4255 8458
4131 4249 8380
4272 4300 8572
4128 4186 8314
4253 4266 8519
4172 4249 8421
4239 4292 8531
4284 4296 8580
4224 4280 8504
4254 4264 8518
4181 4197 8378
4166 4223 8389
4184 4225 8409
4168 4283 8451
4172 4247 8419
4133 4157 8290
4158 4167 8325
4230 4246 8476

4182 4191 8355
4195 4196 8363
4171 4174 8312
4172 4184 8351
4185 4186 8367
4038 4184 8206
4041 4179 8201
4117 4162 8262
4176 4180 8328
4064 4185 8234
4152 4155 8299
4055 4159 8206
4117 4181 8293
4099 4127 8225
4139 4183 8283
4114 4191 8286
4004 4189 8171
4054 4170 8214
4191 4195 8385
4199 4200 8390
4081 4193 8244
4041 4060 8080
4096 4130 8209
4161 4174 8296
4151 4154 8279
4090 4189 8250
4090 4161 8215
4002 4084 8050
4060 4123 8176
4007 4008 7981
4050 4187 8205
4065 4179 8225
4033 4136 8165
4116 4178 8282
4094 4163 8222
4090 4181 8257
4177 4193 8366
4046 4189 8211
4138 4150 8249
4038 4045 8048
4159 4172 8303
4144 4178 8321
4165 4176 8309
4187 4196 8378
4182 4200 8366
4117 4148 8247
4028 4057 8065
4078 4097 8170
4075 4147 8221
4007 4092 8097
4110 4179 8268
4167 4179 8327
4070 4122 8155
4071 4159 8209
4176 4186 8353
4022 4076 8096
4050 4069 8089
4101 4162 8252
4105 4153 8227
4044 4157 8197
4025 4165 8179
4138 4193 8315
4161 4162 8303
4140 4186 8297
4051 4057 8104
4027 4165 8164
4022 4026 8036
4074 4196 8237
4032 4086 8115
4072 4154 8189
4119 4176 8273
4156 4190 8315
4052 4122 8173
4188 4190 8366
4005 4064 8053
4047 4088 8098
4012 4130 8125
4159 4164 8310
4151 4158 8299
4165 4193 8342
4103 4199 8273
4098 4185 8260
4030 4065 8064
4181 4192 8339
4054 4090 8109
4058 4128 8172
4144 4192 8303
4139 4141 8256
4055 4147 8172
4065 4174 8238
4032 4082 8080
4033 4139 8135
4014 4047 8041
4000 4195 8186
4030 4121 8121
4149 4170 8281
4029 4195 8198
4056 4139 8159
4060 4150 8184
4020 4031 8023
4039 4093 8119
4050 4150 8188
4073 4190 8236
4014 4138 8151
4072 4096 8141
4181 4197 8375
4129 4162 8275
4156 4194 8340
4055 4083 8134
4136 4180 8315
4085 4123 8193
4126 4131 8243
4030 4048 8044
4008 4017 8019
4031 4067 8080
4161 4167 8324
4017 4019 8012
4099 4198 8261
4169 4184 8324
4088 4199 8262
4150 4161 8294
4101 4134 8221
4119 4191 8303
4066 4097 8147
4052 4185 8207
4050 4082 8129
4034 4193 8197
4124 4147 8268
4136 4138 8248
4140 4146 8276
4063 4127 8182
4072 4153 8192
4140 4178 8304
4039 4135 8167
4151 4162 8274
4021 4154 8158
4073 4188 8226
4146 4147 8257
4073 4121 8177
4144 4147 8280
4183 4189 8342
4048 4061 8072
4133 4191 8288
4082 4092 8145
4082 4091 8168
4088 4131 8207
4042 4061 8071
4003 4128 8099
4031 4093 8094
4177 4193 8335
4187 4191 8370
4175 4178 8327
4095 4154 8219
4033 4084 8105
4189 4191 8347
4143 4170 8288
4156 4199 8323
4159 4185 8331
4077 4125 8192
4003 4145 8110
4178 4200 8377
4014 4099 8110
4032 4070 8080
4014 4078 8057
4073 4093 8163
4180 4200 8377
4106 4148 8217
4041 4199 8209
4120 4166 8265
4076 4141 8207
4155 4192 8326
4188 4193 8377
4156 4189 8316
4112 4176 8280
4136 4187 8294
4177 4200 8346
4185 4192 8346
4162 4200 8328
4007 4028 8027
4083 4090 8142
4160 4195 8341
4060 4118 8157
4165 4185 8321
4095 4118 8175
4195 4196 8358
4053 4184 8217
4123 4129 8217
4016 4183 8190
4100 4120 8193
4159 4183 8320
4198 4199 8380
4040 4134 8148
4141 4153 8275
4182 4193 8348
4054 4070 8122
4109 4181 8273
4028 4069 8074
4067 4176 8222
4154 4181 8314
4074 4136 8193
4054 4061 8086
4161 4197 8331
4178 4194 8367
4175 4176 8350
4094 4139 8213
4031 4090 8113
4165 4180 8323
4187 4199 8354
4109 4171 8255
4119 4186 8274
4117 4133 8223
4120 4195 8285
4092 4159 8243
4005 4008 7998
4168 4175 8304
4143 4194 8324
4088 4144 8200
4026 4063 8060
4144 4177 8302
4076 4103 8150
4150 4181 8325
4195 4196 8378
4133 4143 8253
4061 4091 8125
4144 4197 8320
4125 4165 8282
4194 4198 8353
4134 4137 8263
4055 4186 8203
4051 4187 8229
4078 4136 8204
4008 4092 8095
4017 4139 8151
4003 4185 8158
4124 4125 8237
4075 4125 8190
4141 4197 8306
4165 4173 8329
4189 4194 8377
4144 4176 8308
4029 4045 8062
4021 4068 8063
4180 4186 8330
4179 4199 8363
4139 4195 8333
4050 4122 8160
4131 4142 8269
4040 4047 8077
4191 4196 8380
4151 4186 8327
4029 4113 8108
4197 4200 8391
4193 4195 8387
4001 4172 8151
4019 4079 8063
4144 4187 8318
4050 4173 8191
4018 4119 8109
4003 4169 8134
4177 4186 8353
4128 4155 8245
4165 4178 8321
4126 4178 8290
4162 4196 8346
4130 4189 8295
4034 4111 8141
4026 4142 8148
4126 4173 8289
4097 4199 8280
4091 4183 8258
4112 4138 8214
4079 4109 8157
4096 4157 8216
4167 4193 8324
4158 4176 8333
4036 4102 8107
4037 4175 8188
4093 4140 8225
4183 4193 8361
4002 4181 8169
4161 4181 8309
4197 4198 8392
4001 4163 8132
4193 4195 8383
4108 4147 8254
4068 4198 8229
4192 4196 8353
4169 4182 8330
4133 4197 8295
4013 4015 8007
4146 4177 8322
4102 4176 8255
4113 4191 8300
4064 4132 8188
4180 4182 8345
4050 4102 8121
4186 4192 8363
4092 4157 8248
4067 4092 8142
4089 4146 8227
4154 4158 8291
4103 4141 8231
4133 4157 8280
4185 4189 8355
4104 4145 8235
4122 4196 8284
4184 4193 8369
4179 4181 8326
4179 4188 8334
4182 4184 8357
4123 4177 8265
4140 4168 8303
4061 4131 8172
4035 4075 8076
4165 4177 8303
4161 4168 8298
4033 4159 8165
4097 4122 8181
4052 4137 8163
4074 4132 8176
4136 4151 8263
4095 4120 8180
4103 4190 8272
4053 4095 8140
4097 4174 8244
4124 4173 8290
4085 4103 8180
4014 4049 8056
4120 4145 8250
4019 4125 8120
4175 4180 8350
4028 4164 8185
4192 4196 8365
4124 4136 8246
4020 4179 8172
4046 4072 8115
4180 4197 8373
4192 4196 8358
4053 4126 8176
4007 4076 8073
4147 4149 8284
4084 4090 8155
4144 4195 8337
4128 4135 8256
4194 4195 8368
4009 4044 8027
4145 4158 8282
4005 4068 8057
4127 4166 8282
4154 4165 8281
4197 4200 8378
4194 4196 8367
4011 4084 8063
4151 4190 8316
4105 4126 8215
4117 4187 8301
4192 4199 8379
4137 4182 8293
4188 4197 8365
4055 4173 8203
4139 4162 8274
4191 4200 8352
4032 4040 8040
4023 4116 8131
4052 4130 8159
4151 4184 8315
4006 4016 8014
4110 4112 8183
4100 4136 8218
4048 4133 8167
4131 4181 8295
4098 4115 8180
4150 4153 8277
4119 4168 8261
4078 4086 8136
4196 4199 8384
4042 4107 8116
4095 4142 8202
4076 4100 8158
4044 4150 8188
4174 4183 8340
4150 4163 8281
4030 4121 8116
4088 4104 8185
4150 4182 8300
4141 4165 8272
4097 4130 8225
4128 4150 8241
4134 4165 8287
4152 4176 8311
4030 4102 8110
4140 4158 8259
4125 4137 8242
4054 4120 8172
4132 4172 8298
4161 4184 8306
4196 4200 8376
4178 4182 8345
4155 4198 8333
4121 4181 8287
4008 4188 8163
4002 4010 7989
4074 4160 8222
4138 4156 8288
4053 4110 8144
4095 4146 8204
4148 4187 8320
4177 4186 8362
4020 4077 8092
4078 4165 8232
4078 4149 8199
4008 4070 8065
4118 4153 8233
4150 4186 8301
4077 4100 8150
4013 4189 8186
4121 4155 8264
4194 4200 8359
4006 4098 8100
4164 4195 8345
4051 4099 8117
4168 4169 8320
4190 4199 8380
4127 4152 8263
4101 4147 8228
4058 4164 8200
4019 4191 8198
4147 4164 8275
4178 4183 8331
4180 4199 8362
4098 4153 8225
4183 4195 8339
4024 4071 8072
4167 4170 8300
4083 4166 8222
4096 4177 8236
4110 4172 8278
4173 4182 8352
4115 4144 8248
4191 4199 8379
4055 4094 8118
4141 4153 8288
4089 4173 8227
4167 4192 8349
4055 4192 8243
4008 4075 8046
4171 4180 8333
4089 4178 8235
4164 4181 8344
4173 4187 8355
4009 4194 8176
4146 4157 8288
4159 4195 8323
4041 4102 8124
4010 4129 8125
4038 4178 8184
4195 4199 8378
4090 4170 8241
4054 4068 8106
4094 4160 8228
4108 4199 8278
4054 4112 8162
4164 4173 8313
4191 4196 8361
4044 4074 8087
4158 4189 8314
4110 4170 8271
4084 4155 8234
4003 4035 8016
4032 4140 8151
4170 4178 8339
4158 4174 8328
4149 4150 8265
4004 4153 8141
4122 4124 8237
4010 4070 8050
4177 4199 8347
4198 4200 8374
4039 4185 8193
4028 4086 8102
4159 4193 8345
4014 4093 8080
4065 4070 8128
4042 4051 8064
4034 4053 8059
4076 4104 8176
4130 4197 8300
4154 4179 8324
4047 4081 8105
4007 4112 8101
4076 4136 8207
4056 4192 8215
4156 4163 8289
4014 4097 8101
4081 4168 8234
4042 4137 8172
4068 4113 8179
4063 4115 8144
4186 4193 8361
4190 4191 8359
4098 4113 8180
4072 4108 8143
4106 4174 8249
4158 4197 8338
4109 4175 8282
4028 4159 8159
4180 4186 8348
4033 4149 8147
4196 4200 8372
4112 4135 8226
4009 4112 8103
4069 4136 8178
4162 4190 8316
4053 4087 8122
4015 4070 8077
4131 4189 8301
4140 4164 8292
4168 4174 8331
4191 4194 8364
4019 4110 8122
4033 4042 8057
4000 4001 7992
4047 4152 8192
4105 4155 8237
4113 4181 8292
4198 4199 8388
4144 4150 8279
4056 4153 8194
4105 4198 8268
4171 4184 8351
4064 4191 8227
4149 4187 8309
4061 4150 8190
4182 4183 8352
4042 4064 8105
4030 4077 8090
4015 4016 8006
4004 4145 8136
4044 4167 8193
4044 4136 8174
4184 4195 8368
4061 4102 8157
4043 4117 8145
4149 4187 8314
4102 4184 8277
4099 4144 8216
4051 4097 8142
4070 4149 8196
4101 4189 8264
4061 4165 8204
4033 4182 8212
4073 4121 8182
4137 4185 8284
4165 4198 8335
4068 4187 8220
4187 4195 8346
4194 4197 8355
4094 4134 8207
4145 4179 8298
4017 4133 8139
4105 4110 8210
4073 4159 8214
4039 4109 8147
4074 4154 8193
4139 4144 8257
4033 4131 8156
4003 4186 8156
4079 4178 8240
4123 4188 8296
4164 4173 8313
4045 4153 8179
4194 4200 8357
4102 4177 8278
4045 4159 8181
4098 4197 8293
4101 4120 8217
4049 4193 8226
4095 4192 8258
4076 4146 8189
4060 4095 8122
4029 4066 8085
4124 4169 8271
4191 4200 8354
4148 4181 8301
4087 4122 8195
4134 4189 8284
4133 4149 8246
4028 4150 8174
4009 4195 8176
4076 4098 8168
4109 4163 8258
4036 4063 8079
4157 4179 8299
4065 4115 8170
4192 4198 8355
4189 4190 8351
4076 4177 8241
4017 4022 8022
4109 4130 8225
4033 4090 8097
4130 4191 8309
4109 4189 8294
4197 4199 8368
4116 4189 8279
4068 4199 8258
4048 4060 8098
4001 4190 8181
4179 4182 8331
4013 4155 8130
4090 4199 8267
4178 4188 8345
4115 4135 8237
4197 4198 8390
4140 4143 8280
4138 4198 8312
4171 4199 8347
4115 4179 8269
4044 4065 8086
4178 4180 8352
4166 4168 8303
4053 4151 8200
4074 4113 8154
4028 4107 8129
4019 4056 8048
4126 4193 8281
4012 4073 8067
4186 4194 8370
4030 4091 8114
4136 4181 8285
4015 4072 8086
4111 4191 8289
4188 4192 8366
4170 4172 8312
4174 4182 8332
4196 4197 8378
4187 4198 8349
4059 4110 8148
4143 4193 8330
4006 4084 8080
4071 4184 8240
4144 4154 8296
4131 4195 8306
4031 4055 8053
4060 4070 8129
4163 4185 8338
4117 4192 8277
4041 4049 8059
4199 4200 8397
4093 4161 8240
4198 4200 8371
4123 4178 8263
4047 4167 8204
4014 4049 8030
4136 4167 8269
4157 4172 8327
4132 4183 8287
4082 4125 8197
4017 4176 8158
4198 4199 8390
4077 4156 8202
4111 4183 8283
4025 4085 8096
4097 4187 8277
4128 4150 8274
4156 4184 8322
4135 4166 8270
4052 4147 8173
4124 4172 8287
4076 4131 8197
4153 4157 8291
4105 4117 8187
4027 4179 8170
4068 4167 8206
4074 4192 8228
4016 4059 8063
4062 4176 8220
4081 4162 8219
4079 4156 8197
4037 4128 8146
4184 4191 8372
4005 4188 8164
4140 4146 8252
4103 4155 8221
4031 4149 8163
4172 4200 8341
4028 4086 8088
4153 4166 8291
4072 4149 8210
4139 4192 8304
4184 4196 8368
4124 4180 8303
4154 4164 8291
4081 4097 8151
4066 4123 8167
4084 4125 8180
4068 4183 8240
4072 4147 8204
4033 4057 8080
4058 4067 8108
4130 4146 8265

0.010000 0.580000
