700
4035658
4157 4190 8347
4233 4291 8524
4299 4300 8599
4141 4177 8318
4274 4277 8551
4219 4288 8507
4187 4243 8430
4242 4251 8493
4284 4292 8576
4118 4291 8409
4271 4284 8555
4243 4269 8512
4277 4295 8572
4111 4257 8368
4119 4120 8239
4259 4295 8554
4105 4155 8260
4283 4288 8571
4167 4279 8446
4217 4249 8466
4214 4259 8473
4212 4276 8488
4118 4299 8417
4263 4288 8551
4137 4156 8293
4163 4223 8386
4198 4238 8436
4189 4240 8429
4288 4295 8583
4174 4205 8379
4125 4172 8297
4199 4210 8409
4198 4238 8436
4100 4276 8376
4258 4285 8543
4148 4160 8308
4268 4280 8548
4191 4193 8384
4227 4254 8481
4201 4224 8425
4124 4200 8324
4129 4235 8364
4214 4285 8499
4158 4224 8382
4251 4259 8510
4274 4298 8572
4102 4236 8338
4280 4298 8578
4159 4252 8411
4194 4244 8438
4119 4173 8292
4231 4265 8496
4222 4281 8503
4106 4171 8277
4293 4299 8592
4112 4139 8251
4265 4279 8544
4184 4284 8468
4233 4248 8481
4293 4300 8593
4136 4224 8360
4267 4275 8542
4213 4285 8498
4292 4297 8589
4103 4198 8301
4107 4272 8379
4225 4252 8477
4126 4224 8350
4241 4263 8504
4150 4194 8344
4206 4287 8493
4114 4259 8373
4267 4300 8567
4159 4191 8350
4147 4247 8394
4122 4180 8302
4251 4286 8537
4247 4249 8496
4245 4255 8500
4179 4197 8376
4289 4295 8584
4281 4299 8580
4267 4297 8564
4107 4212 8319
4158 4222 8380
4288 4294 8582
4186 4272 8458
4238 4283 8521
4236 4262 8498
4188 4230 8418
4101 4224 8325
4298 4300 8598
4165 4272 8437
4286 4298 8584
4121 4161 8282
4285 4289 8574
4272 4275 8547
4256 4281 8537
4272 4274 8546
4251 4253 8504
4192 4289 8481
4265 4270 8535
4267 4299 8566
4292 4297 8589
4175 4283 8458
4176 4210 8386
4293 4298 8591
4238 4274 8512
4195 4222 8417
4270 4293 8563
4196 4250 8446
4207 4210 8417
4262 4275 8537
4121 4195 8316
4258 4288 8546
4222 4249 8471
4236 4261 8497
4279 4300 8579
4157 4235 8392
4266 4280 8546
4232 4291 8523
4272 4280 8552
4251 4256 8507
4291 4296 8587
4159 4217 8376
4239 4264 8503
4233 4297 8530
4185 4213 8398
4112 4127 8239
4138 4165 8303
4189 4293 8482
4298 4300 8598
4115 4300 8415
4177 4297 8474
4154 4205 8359
4136 4289 8425
4257 4296 8553
4171 4266 8437
4228 4230 8458
4146 4262 8408
4132 4183 8315
4256 4283 8539
4172 4229 8401
4226 4296 8522
4296 4299 8595
4218 4234 8452
4260 4294 8554
4151 4273 8424
4233 4237 8470
4237 4284 8521
4102 4228 8330
4100 4177 8277
4118 4142 8260
4122 4291 8413
4218 4276 8494
4161 4245 8406
4229 4284 8513
4174 4242 8416
4134 4164 8298
4113 4154 8267
4176 4212 8388
4297 4298 8595
4122 4249 8371
4276 4280 8556
4232 4244 8476
4164 4296 8460
4116 4134 8250
4221 4272 8493
4297 4298 8595
4194 4205 8399
4280 4282 8562
4247 4297 8544
4102 4247 8349
4155 4190 8345
4260 4271 8531
4212 4294 8506
4181 4209 8390
4165 4292 8457
4298 4299 8597
4167 4172 8339
4149 4269 8418
4132 4143 8275
4158 4166 8324
4227 4296 8523
4102 4164 8266
4283 4299 8582
4258 4271 8529
4259 4260 8519
4248 4262 8510
4252 4296 8548
4279 4298 8577
4140 4174 8314
4296 4297 8593
4141 4275 8416
4239 4290 8529
4288 4299 8587
4128 4233 8361
4115 4232 8347
4104 4176 8280
4212 4295 8507
4127 4244 8371
4284 4299 8583
4234 4281 8515
4245 4248 8493
4176 4293 8469
4264 4280 8544
4148 4191 8339
4199 4275 8474
4254 4276 8530
4144 4290 8434
4243 4263 8506
4110 4256 8366
4151 4276 8427
4170 4199 8369
4292 4299 8591
4216 4296 8512
4135 4213 8348
4292 4294 8586
4116 4274 8390
4138 4164 8302
4184 4227 8411
4199 4235 8434
4293 4299 8592
4251 4272 8523
4216 4231 8447
4230 4263 8493
4186 4272 8458
4143 4218 8361
4283 4296 8579
4127 4226 8353
4142 4266 8408
4285 4293 8578
4186 4247 8433
4273 4286 8559
4257 4291 8548
4139 4174 8313
4188 4240 8428
4183 4224 8407
4132 4295 8427
4224 4265 8489
4299 4300 8599
4229 4247 8476
4159 4161 8320
4283 4291 8574
4233 4234 8467
4201 4242 8443
4144 4168 8312
4218 4260 8478
4283 4293 8576
4139 4225 8364
4151 4243 8394
4246 4249 8495
4133 4201 8334
4256 4257 8513
4270 4280 8550
4213 4215 8428
4224 4250 8474
4284 4292 8576
4237 4282 8519
4176 4201 8377
4169 4299 8468
4199 4204 8403
4118 4264 8382
4199 4269 8468
4164 4256 8420
4281 4286 8567
4206 4223 8429
4130 4165 8295
4160 4261 8421
4121 4267 8388
4141 4207 8348
4217 4287 8504
4275 4290 8565
4218 4224 8442
4159 4287 8446
4158 4229 8387
4281 4284 8565
4215 4289 8504
4259 4278 8537
4202 4298 8500
4120 4278 8398
4242 4288 8530
4179 4261 8440
4134 4292 8426
4151 4165 8316
4136 4170 8306
4108 4174 8282
4211 4247 8458
4151 4237 8388
4279 4296 8575
4183 4290 8473
4292 4293 8585
4122 4257 8379
4210 4235 8445
4129 4297 8426
4163 4183 8346
4123 4235 8358
4220 4221 8441
4120 4181 8301
4217 4279 8496
4285 4286 8571
4260 4294 8554
4174 4222 8396
4186 4210 8396
4287 4290 8577
4201 4298 8499
4178 4297 8475
4273 4287 8560
4144 4270 8414
4142 4251 8393
4148 4256 8404
4216 4271 8487
4135 4242 8377
4208 4257 8465
4200 4297 8497
4250 4282 8532
4125 4189 8314
4189 4223 8412
4175 4292 8467
4245 4260 8505
4143 4230 8373
4183 4254 8437
4169 4175 8344
4195 4235 8430
4237 4277 8514
4242 4245 8487
4238 4253 8491
4200 4286 8486
4240 4243 8483
4227 4246 8473
4295 4298 8593
4297 4299 8596
4275 4280 8555
4290 4295 8585
4200 4297 8497
4187 4274 8461
4120 4132 8252
4289 4294 8583
4168 4256 8424
4193 4242 8435
4166 4292 8458
4285 4290 8575
4259 4283 8542
4227 4285 8512
4192 4225 8417
4100 4218 8318
4239 4297 8536
4276 4286 8562
4201 4212 8413
4177 4261 8438
4141 4284 8425
4162 4229 8391
4254 4261 8515
4220 4229 8449
4290 4296 8586
4148 4174 8322
4108 4135 8243
4222 4263 8485
4214 4238 8452
4151 4275 8426
4202 4298 8500
4292 4293 8585
4147 4272 8419
4201 4274 8475
4178 4238 8416
4241 4279 8520
4258 4291 8549
4259 4289 8548
4132 4162 8294
4185 4212 8397
4106 4155 8261
4121 4228 8349
4186 4250 8436
4156 4243 8399
4113 4157 8270
4179 4260 8439
4267 4271 8538
4240 4270 8510
4135 4236 8371
4289 4293 8582
4153 4282 8435
4298 4299 8597
4216 4295 8511
4259 4294 8553
4285 4295 8580
4239 4274 8513
4130 4165 8295
4255 4271 8526
4253 4275 8528
4246 4263 8509
4160 4276 8436
4271 4273 8544
4211 4229 8440
4200 4256 8456
4141 4288 8429
4258 4269 8527
4129 4164 8293
4251 4255 8506
4156 4216 8372
4290 4299 8589
4131 4150 8281
4283 4285 8568
4214 4256 8470
4255 4263 8518
4206 4283 8489
4107 4233 8340
4165 4199 8364
4106 4115 8221
4183 4228 8411
4275 4297 8572
4248 4289 8537
4236 4277 8513
4286 4298 8584
4130 4277 8407
4239 4282 8521
4183 4224 8407
4147 4261 8408
4278 4295 8573
4194 4218 8412
4213 4251 8464
4153 4154 8307
4186 4207 8393
4180 4242 8422
4129 4238 8367
4273 4289 8562
4160 4297 8457
4268 4282 8550
4196 4224 8420
4297 4298 8595
4199 4255 8454
4174 4179 8353
4153 4277 8430
4103 4170 8273
4102 4176 8278
4111 4119 8230
4227 4259 8486
4152 4236 8388
4130 4273 8403
4207 4261 8468
4117 4211 8328
4205 4251 8456
4173 4198 8371
4195 4273 8468
4194 4216 8410
4295 4297 8592
4288 4299 8587
4195 4290 8485
4263 4278 8541
4298 4299 8597
4267 4284 8551
4136 4253 8389
4190 4281 8471
4215 4257 8472
4290 4292 8582
4122 4128 8250
4149 4243 8392
4214 4231 8445
4234 4241 8475
4233 4265 8498
4142 4145 8287
4147 4179 8326
4268 4287 8555
4193 4250 8443
4232 4235 8467
4174 4178 8352
4282 4284 8566
4226 4280 8506
4270 4283 8553
4249 4271 8520
4193 4297 8490
4232 4300 8532
4175 4299 8474
4245 4270 8515
4262 4266 8528
4207 4261 8468
4174 4297 8471
4110 4183 8293
4292 4295 8587
4163 4212 8375
4275 4288 8563
4272 4287 8559
4260 4300 8560
4103 4281 8384
4113 4228 8341
4281 4285 8566
4278 4296 8574
4163 4293 8456
4162 4279 8441
4232 4238 8470
4248 4268 8516
4162 4225 8387
4289 4296 8585
4197 4270 8467
4188 4283 8471
4164 4276 8440
4230 4266 8496
4186 4297 8483
4223 4258 8481
4281 4284 8565
4280 4284 8564
4281 4288 8569
4168 4181 8349
4207 4291 8498
4221 4275 8496
4191 4223 8414
4126 4291 8417
4173 4300 8473
4150 4181 8331
4249 4268 8517
4173 4207 8380
4199 4257 8456
4177 4189 8366
4150 4260 8410
4203 4271 8474
4220 4297 8517
4247 4263 8510
4213 4220 8433
4142 4201 8343
4286 4292 8578
4288 4298 8586
4240 4296 8536
4144 4278 8422
4137 4290 8427
4260 4270 8530
4135 4180 8315
4222 4291 8513
4175 4300 8475
4132 4242 8374
4225 4271 8496
4181 4212 8393
4147 4221 8368
4184 4235 8419
4192 4297 8489
4103 4171 8274
4100 4291 8391
4250 4284 8534
4179 4299 8478
4205 4292 8497
4131 4234 8365
4130 4201 8331
4130 4199 8329
4269 4282 8551
4192 4272 8464
4116 4169 8285
4220 4234 8454
4294 4296 8590
4273 4287 8560
4152 4202 8354
4204 4239 8443
4186 4260 8446
4179 4220 8399
4161 4209 8370
4157 4202 8359
4196 4235 8431
4126 4136 8262
4216 4246 8462
4107 4292 8399
4114 4211 8325
4219 4284 8503
4169 4231 8400
4252 4267 8519
4268 4300 8568
4184 4214 8398
4110 4236 8346
4293 4294 8587
4222 4295 8517
4279 4290 8569
4236 4276 8512
4153 4297 8450
4131 4292 8423
4211 4273 8484
4155 4286 8441
4126 4270 8396
4291 4299 8590
4132 4203 8335
4146 4246 8392
4154 4196 8350
4127 4258 8385
4229 4231 8460
4123 4283 8406
4278 4282 8560
4250 4254 8504
4163 4270 8433
4194 4258 8452
4257 4283 8540
4194 4196 8390
4247 4278 8525
4276 4300 8576
4287 4298 8585
4176 4290 8466
4255 4284 8539
4158 4256 8414
4242 4276 8518
4125 4293 8418
4137 4232 8369
4188 4238 8426
4250 4269 8519
4118 4191 8309
4121 4235 8356
4299 4300 8599
4136 4200 8336
4296 4298 8594
4157 4228 8385
4297 4300 8597
4280 4294 8574
4255 4292 8547
4118 4163 8281
4108 4153 8261
4232 4275 8507
4253 4256 8509
4144 4149 8293
4152 4212 8364
4251 4266 8517
4119 4266 8385
4197 4220 8417
4222 4293 8515
4114 4259 8373
4292 4296 8588
4206 4207 8413
4297 4298 8595
4244 4288 8532
4232 4233 8465
4147 4235 8382
4162 4250 8412
4285 4293 8578
4110 4158 8268
4173 4262 8435
4207 4264 8471
4229 4240 8469
4229 4297 8526
4169 4193 8362
4216 4257 8473
4297 4298 8595
4245 4263 8508
4167 4265 8432
4259 4287 8546
4223 4274 8497
4258 4281 8539
4147 4212 8359
4257 4261 8518
4277 4296 8573
4175 4246 8421
4227 4258 8485
4232 4291 8523
4298 4300 8598
4247 4280 8527
4177 4233 8410
4122 4216 8338
4121 4266 8387
4265 4285 8550
4130 4184 8314
4167 4178 8345
4211 4294 8505
4242 4270 8512
4296 4300 8596
4262 4266 8528
4275 4276 8551
4144 4183 8327
4108 4166 8274
4194 4270 8464
4287 4297 8584
4164 4257 8421
4272 4277 8549
4107 4128 8235
4148 4150 8298
4280 4294 8574
4163 4182 8345
4114 4223 8337
4282 4287 8569
4194 4218 8412
4189 4235 8424
4298 4300 8598
4194 4232 8426
4295 4300 8595
4173 4279 8452
4219 4259 8478
4261 4262 8523
4100 4250 8350
4136 4174 8310
4193 4300 8493
4214 4230 8444
4177 4254 8431
4132 4239 8371
4205 4213 8418
4177 4272 8449
4247 4288 8535
4205 4243 8448
4122 4299 8421
4189 4241 8430
4236 4276 8512
4183 4254 8437
4203 4206 8409
4111 4205 8316
4276 4287 8563
4276 4288 8564
4107 4160 8267
4217 4261 8478
4267 4287 8554
4184 4235 8419
4261 4277 8538

4057 4090 8141
4133 4191 8309
4199 4200 8374
4041 4077 8093
4174 4177 8339
4119 4188 8289
4087 4143 8221
4142 4151 8282
4184 4192 8356
4018 4191 8183
4171 4184 8335
4143 4169 8308
4177 4195 8334
4011 4157 8159
4019 4020 8017
4159 4195 8323
4005 4055 8024
4183 4188 8339
4067 4179 8217
4117 4149 8247
4114 4159 8251
4112 4176 8267
4018 4199 8203
4163 4188 8312
4037 4056 8085
4063 4123 8178
4098 4138 8205
4089 4140 8219
4188 4195 8364
4074 4105 8154
4025 4072 8067
4099 4110 8176
4098 4138 8208
4000 4176 8159
4158 4185 8328
4048 4060 8083
4168 4180 8314
4091 4093 8164
4127 4154 8247
4101 4124 8193
4024 4100 8120
4029 4135 8153
4114 4185 8266
4058 4124 8154
4151 4159 8278
4174 4198 8369
4002 4136 8109
4180 4198 8367
4059 4152 8205
4094 4144 8218
4019 4073 8066
4131 4165 8295
4122 4181 8295
4006 4071 8067
4193 4199 8378
4012 4039 8027
4165 4179 8320
4084 4184 8257
4133 4148 8269
4193 4200 8379
4036 4124 8147
4167 4175 8330
4113 4185 8260
4192 4197 8383
4003 4098 8089
4007 4172 8168
4125 4152 8265
4026 4124 8126
4141 4163 8284
4050 4094 8118
4106 4187 8265
4014 4159 8139
4167 4200 8333
4059 4091 8143
4047 4147 8163
4022 4080 8073
4151 4186 8306
4147 4149 8279
4145 4155 8274
4079 4097 8166
4189 4195 8351
4181 4199 8348
4167 4197 8362
4007 4112 8100
4058 4122 8158
4188 4194 8373
4086 4172 8240
4138 4183 8300
4136 4162 8287
4088 4130 8186
4001 4124 8107
4198 4200 8390
4065 4172 8220
4186 4198 8382
4021 4061 8063
4185 4189 8335
4172 4175 8337
4156 4181 8322
4172 4174 8342
4151 4153 8271
4092 4189 8245
4165 4170 8316
4167 4199 8361
4192 4197 8367
4075 4183 8253
4076 4110 8175
4193 4198 8364
4138 4174 8309
4095 4122 8197
4170 4193 8343
4096 4150 8224
4107 4110 8210
4162 4175 8314
4021 4095 8115
4158 4188 8333
4122 4149 8261
4136 4161 8280
4179 4200 8340
4057 4135 8185
4166 4180 8318
4132 4191 8291
4172 4180 8331
4151 4156 8306
4191 4196 8358
4059 4117 8169
4139 4164 8294
4133 4197 8322
4085 4113 8164
4012 4027 8002
4038 4065 8089
4089 4193 8249
4198 4200 8393
4015 4200 8213
4077 4197 8250
4054 4105 8121
4036 4189 8192
4157 4196 8332
4071 4166 8233
4128 4130 8239
4046 4162 8189
4032 4083 8091
4156 4183 8338
4072 4129 8192
4126 4196 8285
4196 4199 8386
4118 4134 8233
4160 4194 8349
4051 4173 8211
4133 4137 8248
4137 4184 8305
4002 4128 8123
4000 4077 8046
4018 4042 8022
4022 4191 8200
4118 4176 8255
4061 4145 8185
4129 4184 8291
4074 4142 8182
4034 4064 8080
4013 4054 8042
4076 4112 8180
4197 4198 8374
4022 4149 8164
4176 4180 8322
4132 4144 8273
4064 4196 8236
4016 4034 8037
4121 4172 8263
4197 4198 8360
4094 4105 8168
4180 4182 8335
4147 4197 8335
4002 4147 8147
4055 4090 8139
4160 4171 8308
4112 4194 8286
4081 4109 8166
4065 4192 8236
4198 4199 8390
4067 4072 8129
4049 4169 8181
4032 4043 8063
4058 4066 8098
4127 4196 8300
4002 4064 8044
4183 4199 8360
4158 4171 8296
4159 4160 8291
4148 4162 8305
4152 4196 8346
4179 4198 8354
4040 4074 8092
4196 4197 8382
4041 4175 8213
4139 4190 8313
4188 4199 8382
4028 4133 8147
4015 4132 8140
4004 4076 8061
4112 4195 8272
4027 4144 8168
4184 4199 8359
4134 4181 8299
4145 4148 8284
4076 4193 8267
4164 4180 8336
4048 4091 8125
4099 4175 8246
4154 4176 8313
4044 4190 8223
4143 4163 8287
4010 4156 8153
4051 4176 8197
4070 4099 8166
4192 4199 8383
4116 4196 8285
4035 4113 8118
4192 4194 8384
4016 4174 8187
4038 4064 8067
4084 4127 8208
4099 4135 8217
4193 4199 8360
4151 4172 8319
4116 4131 8242
4130 4163 8262
4086 4172 8232
4043 4118 8125
4183 4196 8343
4027 4126 8121
4042 4166 8194
4185 4193 8377
4086 4147 8209
4173 4186 8354
4157 4191 8339
4039 4074 8083
4088 4140 8226
4083 4124 8183
4032 4195 8205
4124 4165 8267
4199 4200 8383
4129 4147 8251
4059 4061 8083
4183 4191 8338
4133 4134 8241
4101 4142 8211
4044 4068 8092
4118 4160 8266
4183 4193 8346
4039 4125 8147
4051 4143 8185
4146 4149 8281
4033 4101 8102
4156 4157 8282
4170 4180 8336
4113 4115 8222
4124 4150 8258
4184 4192 8338
4137 4182 8304
4076 4101 8166
4069 4199 8230
4099 4104 8175
4018 4164 8158
4099 4169 8253
4064 4156 8183
4181 4186 8345
4106 4123 8190
4030 4065 8065
4060 4161 8191
4021 4167 8173
4041 4107 8115
4117 4187 8289
4175 4190 8327
4118 4124 8227
4059 4187 8229
4058 4129 8177
4181 4184 8338
4115 4189 8297
4159 4178 8331
4102 4198 8263
4020 4178 8192
4142 4188 8319
4079 4161 8210
4034 4192 8190
4051 4065 8106
4036 4070 8072
4008 4074 8048
4111 4147 8233
4051 4137 8168
4179 4196 8340
4083 4190 8244
4192 4193 8379
4022 4157 8143
4110 4135 8217
4029 4197 8207
4063 4083 8143
4023 4135 8127
4120 4121 8228
4020 4081 8078
4117 4179 8287
4185 4186 8361
4160 4194 8341
4074 4122 8195
4086 4110 8187
4187 4190 8362
4101 4198 8295
4078 4197 8255
4173 4187 8350
4044 4170 8197
4042 4151 8157
4048 4156 8179
4116 4171 8265
4035 4142 8171
4108 4157 8234
4100 4197 8280
4150 4182 8312
4025 4089 8095
4089 4123 8194
4075 4192 8239
4145 4160 8302
4043 4130 8140
4083 4154 8221
4069 4075 8142
4095 4135 8213
4137 4177 8313
4142 4145 8269
4138 4153 8266
4100 4186 8259
4140 4143 8245
4127 4146 8254
4195 4198 8371
4197 4199 8371
4175 4180 8347
4190 4195 8376
4100 4197 8285
4087 4174 8239
4020 4032 8022
4189 4194 8346
4068 4156 8223
4093 4142 8205
4066 4192 8256
4185 4190 8367
4159 4183 8320
4127 4185 8298
4092 4125 8216
4000 4118 8115
4139 4197 8310
4176 4186 8334
4101 4112 8197
4077 4161 8217
4041 4184 8216
4062 4129 8158
4154 4161 8314
4120 4129 8227
4190 4196 8362
4048 4074 8087
4008 4035 8018
4122 4163 8284
4114 4138 8230
4051 4175 8198
4102 4198 8288
4192 4193 8376
4047 4172 8212
4101 4174 8265
4078 4138 8200
4141 4179 8308
4158 4191 8318
4159 4189 8320
4032 4062 8077
4085 4112 8186
4006 4055 8030
4021 4128 8120
4086 4150 8217
4056 4143 8168
4013 4057 8064
4079 4160 8229
4167 4171 8321
4140 4170 8288
4035 4136 8153
4189 4193 8365
4053 4182 8219
4198 4199 8388
4116 4195 8295
4159 4194 8350
4185 4195 8370
4139 4174 8283
4030 4065 8080
4155 4171 8289
4153 4175 8319
4146 4163 8274
4060 4176 8201
4171 4173 8341
4111 4129 8225
4100 4156 8248
4041 4188 8221
4158 4169 8315
4029 4064 8067
4151 4155 8271
4056 4116 8168
4190 4199 8379
4031 4050 8053
4183 4185 8347
4114 4156 8264
4155 4163 8289
4106 4183 8250
4007 4133 8106
4065 4099 8160
4006 4015 7999
4083 4128 8207
4175 4197 8335
4148 4189 8304
4136 4177 8286
4186 4198 8352
4030 4177 8186
4139 4182 8298
4083 4124 8187
4047 4161 8204
4178 4195 8359
4094 4118 8182
4113 4151 8239
4053 4054 8097
4086 4107 8177
4080 4142 8201
4029 4138 8147
4173 4189 8359
4060 4197 8246
4168 4182 8315
4096 4124 8182
4197 4198 8361
4099 4155 8244
4074 4079 8142
4053 4177 8198
4003 4070 8038
4002 4076 8068
4011 4019 8000
4127 4159 8253
4052 4136 8163
4030 4173 8171
4107 4161 8243
4017 4111 8104
4105 4151 8236
4073 4098 8144
4095 4173 8238
4094 4116 8194
4195 4197 8364
4188 4199 8355
4095 4190 8261
4163 4178 8304
4198 4199 8367
4167 4184 8318
4036 4153 8171
4090 4181 8254
4115 4157 8258
4190 4192 8373
4022 4028 8018
4049 4143 8183
4114 4131 8242
4134 4141 8266
4133 4165 8287
4042 4045 8070
4047 4079 8098
4168 4187 8333
4093 4150 8218
4132 4135 8262
4074 4078 8139
4182 4184 8355
4126 4180 8291
4170 4183 8331
4149 4171 8286
4093 4197 8278
4132 4200 8300
4075 4199 8243
4145 4170 8309
4162 4166 8293
4107 4161 8260
4074 4197 8257
4010 4083 8070
4192 4195 8386
4063 4112 8165
4175 4188 8344
4172 4187 8328
4160 4200 8330
4003 4181 8166
4013 4128 8110
4181 4185 8350
4178 4196 8356
4063 4193 8241
4062 4179 8220
4132 4138 8236
4148 4168 8298
4062 4125 8151
4189 4196 8370
4097 4170 8239
4088 4183 8259
4064 4176 8237
4130 4166 8259
4086 4197 8278
4123 4158 8269
4181 4184 8335
4180 4184 8363
4181 4188 8347
4068 4081 8142
4107 4191 8266
4121 4175 8260
4091 4123 8189
4026 4191 8205
4073 4200 8237
4050 4081 8104
4149 4168 8302
4073 4107 8158
4099 4157 8231
4077 4089 8133
4050 4160 8190
4103 4171 8260
4120 4197 8292
4147 4163 8284
4113 4120 8204
4042 4101 8132
4186 4192 8341
4188 4198 8364
4140 4196 8329
4044 4178 8211
4037 4190 8191
4160 4170 8305
4035 4080 8089
4122 4191 8288
4075 4200 8253
4032 4142 8156
4125 4171 8271
4081 4112 8190
4047 4121 8162
4084 4135 8187
4092 4197 8284
4003 4071 8047
4000 4191 8161
4150 4184 8320
4079 4199 8273
4105 4192 8289
4031 4134 8160
4030 4101 8107
4030 4099 8128
4169 4182 8336
4092 4172 8259
4016 4069 8054
4120 4134 8246
4194 4196 8353
4173 4187 8343
4052 4102 8120
4104 4139 8208
4086 4160 8238
4079 4120 8178
4061 4109 8140
4057 4102 8148
4096 4135 8212
4026 4036 8026
4116 4146 8251
4007 4192 8186
4014 4111 8098
4119 4184 8273
4069 4131 8199
4152 4167 8307
4168 4200 8356
4084 4114 8182
4010 4136 8111
4193 4194 8372
4122 4195 8284
4179 4190 8362
4136 4176 8305
4053 4197 8221
4031 4192 8207
4111 4173 8281
4055 4186 8228
4026 4170 8189
4191 4199 8351
4032 4103 8116
4046 4146 8159
4054 4096 8145
4027 4158 8149
4129 4131 8225
4023 4183 8194
4178 4182 8353
4150 4154 8299
4063 4170 8222
4094 4158 8229
4157 4183 8324
4094 4096 8186
4147 4178 8321
4176 4200 8370
4187 4198 8373
4076 4190 8242
4155 4184 8315
4058 4156 8204
4142 4176 8293
4025 4193 8215
4037 4132 8142
4088 4138 8192
4150 4169 8314
4018 4091 8102
4021 4135 8140
4199 4200 8393
4036 4100 8134
4196 4198 8365
4057 4128 8163
4197 4200 8389
4180 4194 8368
4155 4192 8327
4018 4063 8053
4008 4053 8048
4132 4175 8278
4153 4156 8278
4044 4049 8080
4052 4112 8139
4151 4166 8292
4019 4166 8172
4097 4120 8187
4122 4193 8281
4014 4159 8147
4192 4196 8351
4106 4107 8180
4197 4198 8375
4144 4188 8309
4132 4133 8254
4047 4135 8175
4062 4150 8187
4185 4193 8359
4010 4058 8061
4073 4162 8225
4107 4164 8244
4129 4140 8257
4129 4197 8322
4069 4093 8132
4116 4157 8256
4197 4198 8390
4145 4163 8304
4067 4165 8199
4159 4187 8335
4123 4174 8295
4158 4181 8329
4047 4112 8147
4157 4161 8288
4177 4196 8339
4075 4146 8200
4127 4158 8260
4132 4191 8302
4198 4200 8397
4147 4180 8305
4077 4133 8187
4022 4116 8115
4021 4166 8164
4165 4185 8322
4030 4084 8090
4067 4078 8127
4111 4194 8297
4142 4170 8295
4196 4200 8368
4162 4166 8300
4175 4176 8316
4044 4083 8099
4008 4066 8049
4094 4170 8258
4187 4197 8353
4064 4157 8211
4172 4177 8326
4007 4028 8016
4048 4050 8090
4180 4194 8369
4063 4082 8126
4014 4123 8115
4182 4187 8331
4094 4118 8183
4089 4135 8203
4198 4200 8364
4094 4132 8208
4195 4200 8368
4073 4179 8215
4119 4159 8268
4161 4162 8300
4000 4150 8132
4036 4074 8097
4093 4200 8269
4114 4130 8215
4077 4154 8209
4032 4139 8146
4105 4113 8190
4077 4172 8224
4147 4188 8310
4105 4143 8223
4022 4199 8208
4089 4141 8223
4136 4176 8306
4083 4154 8231
4103 4106 8197
4011 4105 8108
4176 4187 8339
4176 4188 8332
4007 4060 8039
4117 4161 8277
4167 4187 8317
4084 4135 8198
4161 4177 8325

0.010000 0.700000
