700
1498014
4167 4280 8447
4210 4254 8464
4120 4256 8376
4243 4294 8537
4147 4219 8366
4202 4218 8420
4154 4215 8369
4270 4288 8558
4231 4279 8510
4225 4231 8456
4158 4296 8454
4195 4289 8484
4274 4279 8553
4222 4252 8474
4159 4286 8445
4174 4183 8357
4297 4298 8595
4295 4297 8592
4219 4225 8444
4158 4245 8403
4260 4277 8537
4189 4208 8397
4276 4292 8568
4184 4227 8411
4250 4262 8512
4156 4265 8421
4166 4230 8396
4281 4293 8574
4224 4261 8485
4288 4295 8583
4130 4179 8309
4128 4215 8343
4101 4147 8248
4242 4247 8489
4241 4276 8517
4203 4273 8476
4232 4274 8506
4275 4295 8570
4197 4210 8407
4178 4200 8378
4237 4248 8485
4128 4223 8351
4132 4133 8265
4122 4171 8293
4134 4208 8342
4127 4155 8282
4221 4261 8482
4131 4235 8366
4110 4292 8402
4273 4293 8566
4271 4274 8545
4227 4241 8468
4139 4149 8288
4145 4156 8301
4279 4285 8564
4228 4293 8521
4108 4250 8358
4260 4261 8521
4259 4279 8538
4108 4166 8274
4239 4250 8489
4290 4293 8583
4180 4185 8365
4276 4278 8554
4160 4275 8435
4260 4300 8560
4152 4267 8419
4276 4281 8557
4151 4239 8390
4246 4281 8527
4223 4243 8466
4213 4247 8460
4208 4212 8420
4159 4236 8395
4213 4267 8480
4223 4229 8452
4256 4261 8517
4152 4194 8346
4298 4299 8597
4220 4278 8498
4237 4250 8487
4257 4267 8524
4166 4255 8421
4109 4183 8292
4143 4179 8322
4218 4254 8472
4287 4290 8577
4188 4277 8465
4101 4300 8401
4249 4265 8514
4119 4130 8249
4242 4259 8501
4170 4235 8405
4119 4133 8252
4233 4252 8485
4178 4243 8421
4209 4285 8494
4177 4237 8414
4260 4269 8529
4293 4296 8589
4158 4285 8443
4100 4200 8300
4203 4224 8427
4120 4205 8325
4150 4233 8383
4144 4162 8306
4170 4218 8388
4171 4293 8464
4257 4264 8521
4128 4271 8399
4101 4113 8214
4196 4271 8467
4134 4196 8330
4289 4294 8583
4269 4274 8543
4252 4278 8530
4223 4257 8480
4298 4299 8597
4268 4273 8541
4128 4129 8257
4142 4221 8363
4123 4211 8334
4259 4276 8535
4219 4240 8459
4175 4186 8361
4225 4299 8524
4120 4252 8372
4257 4296 8553
4192 4258 8450
4129 4154 8283
4229 4285 8514
4287 4289 8576
4270 4273 8543
4291 4298 8589
4134 4219 8353
4186 4277 8463
4113 4180 8293
4193 4251 8444
4291 4296 8587
4166 4208 8374
4113 4122 8235
4161 4184 8345
4278 4289 8567
4153 4293 8446
4265 4289 8554
4232 4296 8528
4270 4283 8553
4135 4273 8408
4292 4298 8590
4207 4234 8441
4292 4296 8588
4263 4283 8546
4288 4295 8583
4138 4181 8319
4173 4291 8464
4206 4244 8450
4248 4283 8531
4167 4187 8354
4210 4253 8463
4186 4234 8420
4197 4283 8480
4108 4173 8281
4203 4295 8498
4122 4159 8281
4230 4247 8477
4285 4297 8582
4226 4289 8515
4220 4267 8487
4254 4255 8509
4212 4263 8475
4278 4280 8558
4176 4282 8458
4263 4296 8559
4226 4227 8453
4286 4288 8574
4108 4199 8307
4174 4258 8432
4141 4234 8375
4176 4208 8384
4207 4210 8417
4126 4185 8311
4283 4299 8582
4201 4257 8458
4290 4297 8587
4136 4270 8406
4247 4260 8507
4216 4280 8496
4235 4279 8514
4107 4179 8286
4209 4293 8502
4237 4279 8516
4220 4300 8520
4287 4296 8583
4298 4299 8597
4287 4293 8580
4157 4281 8438
4112 4144 8256
4185 4238 8423
4286 4300 8586
4142 4280 8422
4184 4293 8477
4192 4251 8443
4197 4266 8463
4199 4257 8456
4109 4274 8383
4211 4256 8467
4108 4181 8289
4188 4230 8418
4148 4218 8366
4130 4213 8343
4115 4275 8390
4211 4269 8480
4261 4266 8527
4133 4273 8406
4171 4189 8360
4288 4291 8579
4233 4255 8488
4184 4281 8465
4153 4245 8398
4275 4296 8571
4169 4170 8339
4223 4224 8447
4243 4293 8536
4264 4276 8540
4176 4243 8419
4108 4140 8248
4200 4246 8446
4256 4274 8530
4282 4292 8574
4134 4220 8354
4258 4296 8554
4223 4247 8470
4286 4294 8580
4117 4259 8376
4223 4230 8453
4270 4282 8552
4177 4202 8379
4140 4250 8390
4240 4274 8514
4273 4279 8552
4221 4288 8509
4166 4259 8425
4168 4215 8383
4260 4276 8536
4129 4177 8306
4236 4266 8502
4216 4265 8481
4154 4283 8437
4170 4185 8355
4214 4256 8470
4210 4272 8482
4190 4265 8455
4105 4211 8316
4289 4297 8586
4172 4251 8423
4238 4251 8489
4150 4155 8305
4200 4267 8467
4151 4285 8436
4212 4221 8433
4101 4284 8385
4222 4262 8484
4127 4186 8313
4216 4248 8464
4287 4297 8584
4131 4279 8410
4261 4268 8529
4251 4286 8537
4124 4289 8413
4213 4256 8469
4274 4282 8556
4125 4149 8274
4103 4171 8274
4177 4216 8393
4102 4174 8276
4161 4183 8344
4122 4222 8344
4218 4260 8478
4218 4227 8445
4263 4268 8531
4178 4286 8464
4226 4277 8503
4162 4231 8393
4243 4285 8528
4125 4148 8273
4127 4188 8315
4135 4294 8429
4277 4281 8558
4210 4269 8479
4200 4287 8487
4130 4175 8305
4185 4292 8477
4129 4226 8355
4104 4269 8373
4108 4188 8296
4288 4299 8587
4165 4272 8437
4266 4276 8542
4125 4183 8308
4206 4245 8451
4270 4278 8548
4270 4289 8559
4211 4243 8454
4286 4297 8583
4251 4276 8527
4115 4277 8392
4238 4284 8522
4259 4296 8555
4295 4298 8593
4142 4158 8300
4232 4236 8468
4144 4173 8317
4274 4299 8573
4162 4294 8456
4273 4279 8552
4131 4231 8362
4155 4251 8406
4265 4275 8540
4284 4295 8579
4166 4205 8371
4268 4299 8567
4250 4299 8549
4187 4295 8482
4166 4295 8461
4214 4253 8467
4284 4296 8580
4258 4299 8557
4159 4243 8402
4134 4147 8281
4210 4261 8471
4193 4270 8463
4265 4281 8546
4159 4190 8349
4295 4298 8593
4251 4300 8551
4116 4299 8415
4297 4298 8595
4252 4263 8515
4182 4297 8479
4194 4230 8424
4161 4271 8432
4176 4249 8425
4179 4198 8377
4237 4282 8519
4114 4115 8229
4224 4255 8479
4192 4238 8430
4214 4287 8501
4260 4278 8538
4271 4296 8567
4171 4232 8403
4136 4248 8384
4180 4233 8413
4256 4278 8534
4122 4158 8280
4212 4285 8497
4172 4176 8348
4266 4296 8562
4199 4206 8405
4295 4296 8591
4258 4278 8536
4211 4273 8484
4121 4215 8336
4185 4190 8375
4198 4251 8449
4240 4263 8503
4296 4300 8596
4288 4295 8583
4288 4295 8583
4157 4177 8334
4160 4269 8429
4173 4277 8450
4200 4233 8433
4200 4297 8497
4186 4247 8433
4101 4183 8284
4266 4277 8543
4171 4176 8347
4254 4283 8537
4187 4228 8415
4192 4284 8476
4153 4209 8362
4285 4300 8585
4171 4213 8384
4113 4165 8278
4145 4176 8321
4221 4279 8500
4147 4294 8441
4242 4258 8500
4234 4253 8487
4293 4299 8592
4110 4207 8317
4115 4167 8282
4205 4265 8470
4187 4232 8419
4265 4273 8538
4125 4282 8407
4170 4215 8385
4124 4142 8266
4193 4284 8477
4282 4290 8572
4116 4272 8388
4219 4295 8514
4132 4143 8275
4116 4127 8243
4198 4236 8434
4149 4226 8375
4240 4291 8531
4145 4233 8378
4186 4211 8397
4116 4287 8403
4242 4272 8514
4135 4294 8429
4128 4222 8350
4185 4250 8435
4105 4173 8278
4180 4250 8430
4101 4259 8360
4222 4225 8447
4258 4262 8520
4193 4249 8442
4276 4283 8559
4172 4188 8360
4236 4295 8531
4256 4266 8522
4257 4294 8551
4194 4293 8487
4126 4127 8253
4202 4239 8441
4251 4276 8527
4110 4231 8341
4104 4244 8348
4245 4292 8537
4210 4257 8467
4160 4300 8460
4281 4283 8564
4277 4298 8575
4130 4213 8343
4164 4214 8378
4280 4284 8564
4145 4215 8360
4175 4262 8437
4152 4166 8318
4140 4159 8299
4200 4218 8418
4218 4242 8460
4167 4178 8345
4248 4279 8527
4173 4193 8366
4299 4300 8599
4188 4212 8400
4233 4241 8474
4225 4281 8506
4120 4178 8298
4234 4247 8481
4154 4209 8363
4144 4214 8358
4149 4299 8448
4123 4178 8301
4163 4165 8328
4254 4293 8547
4164 4257 8421
4134 4197 8331
4109 4196 8305
4290 4294 8584
4143 4288 8431
4134 4292 8426
4153 4217 8370
4242 4290 8532
4228 4282 8510
4104 4168 8272
4122 4194 8316
4232 4289 8521
4137 4140 8277
4124 4295 8419
4169 4203 8372
4293 4294 8587
4289 4290 8579
4296 4298 8594
4296 4297 8593
4260 4261 8521
4205 4235 8440
4128 4211 8339
4225 4273 8498
4194 4241 8435
4270 4283 8553
4217 4291 8508
4192 4196 8388
4124 4215 8339
4258 4271 8529
4248 4279 8527
4230 4294 8524
4137 4236 8373
4158 4292 8450
4149 4201 8350
4111 4119 8230
4177 4295 8472
4244 4274 8518
4181 4224 8405
4119 4235 8354
4268 4279 8547
4164 4269 8433
4272 4298 8570
4289 4298 8587
4191 4275 8466
4192 4276 8468
4280 4287 8567
4120 4294 8414
4148 4282 8430
4243 4275 8518
4106 4291 8397
4162 4276 8438
4121 4241 8362
4210 4231 8441
4177 4271 8448
4154 4290 8444
4188 4211 8399
4270 4275 8545
4160 4258 8418
4293 4295 8588
4116 4213 8329
4185 4230 8415
4191 4299 8490
4151 4194 8345
4162 4225 8387
4223 4261 8484
4138 4267 8405
4263 4285 8548
4241 4272 8513
4263 4265 8528
4126 4238 8364
4113 4291 8404
4139 4186 8325
4123 4161 8284
4277 4295 8572
4147 4153 8300
4214 4282 8496
4252 4272 8524
4122 4227 8349
4282 4283 8565
4262 4264 8526
4226 4276 8502
4104 4273 8377
4174 4175 8349
4148 4266 8414
4194 4210 8404
4151 4156 8307
4203 4271 8474
4222 4223 8445
4273 4286 8559
4176 4261 8437
4154 4273 8427
4152 4247 8399
4184 4300 8484
4267 4285 8552
4215 4276 8491
4275 4285 8560
4161 4192 8353
4294 4296 8590
4100 4278 8378
4164 4257 8421
4210 4257 8467
4280 4287 8567
4167 4274 8441
4103 4224 8327
4223 4247 8470
4261 4280 8541
4184 4233 8417
4205 4249 8454
4253 4291 8544
4204 4268 8472
4142 4245 8387
4123 4223 8346
4292 4298 8590
4295 4299 8594
4139 4187 8326
4244 4263 8507
4261 4281 8542
4291 4294 8585
4221 4260 8481
4273 4291 8564
4101 4230 8331
4208 4275 8483
4214 4254 8468
4207 4262 8469
4241 4287 8528
4105 4276 8381
4142 4210 8352
4178 4267 8445
4243 4271 8514
4207 4263 8470
4207 4218 8425
4168 4262 8430
4251 4294 8545
4243 4255 8498
4218 4231 8449
4200 4228 8428
4194 4300 8494
4242 4294 8536
4265 4294 8559
4179 4299 8478
4155 4205 8360
4133 4143 8276
4221 4231 8452
4250 4280 8530
4267 4293 8560
4193 4229 8422
4217 4243 8460
4290 4292 8582
4107 4176 8283
4187 4254 8441
4159 4197 8356
4245 4257 8502
4156 4272 8428
4272 4284 8556
4234 4294 8528
4107 4139 8246
4259 4271 8530
4123 4137 8260
4251 4261 8512
4272 4298 8570
4116 4131 8247
4207 4254 8461
4248 4275 8523
4294 4297 8591
4212 4271 8483
4199 4240 8439
4162 4288 8450
4229 4290 8519
4106 4232 8338
4236 4281 8517
4206 4275 8481
4233 4271 8504
4110 4215 8325
4238 4276 8514
4271 4286 8557
4157 4268 8425
4150 4204 8354
4245 4289 8534
4282 4294 8576
4214 4279 8493
4117 4218 8335
4154 4294 8448
4130 4185 8315
4138 4189 8327
4108 4274 8382
4256 4284 8540
4253 4297 8550
4282 4296 8578
4133 4293 8426
4224 4295 8519
4127 4143 8270
4285 4290 8575
4134 4187 8321
4262 4272 8534
4206 4221 8427
4190 4295 8485
4204 4212 8416
4253 4284 8537
4262 4289 8551
4224 4256 8480
4201 4215 8416
4297 4299 8596
4206 4224 8430
4271 4280 8551
4191 4202 8393
4198 4204 8402
4275 4295 8570
4186 4288 8474
4149 4263 8412
4268 4271 8539
4155 4276 8431
4152 4219 8371
4265 4287 8552
4285 4297 8582
4149 4293 8442
4280 4289 8569
4239 4288 8527
4249 4300 8549
4160 4244 8404
4109 4169 8278
4185 4300 8485
4233 4277 8510
4153 4198 8351
4136 4284 8420
4192 4271 8463
4138 4226 8364
4145 4210 8355
4279 4290 8569
4267 4272 8539
4164 4192 8356
4183 4277 8460
4175 4247 8422
4197 4230 8427
4283 4285 8568
4146 4232 8378
4277 4279 8556
4196 4234 8430
4181 4206 8387
4185 4290 8475

4067 4180 8213
4110 4154 8243
4020 4156 8158
4143 4194 8307
4047 4119 8130
4102 4118 8190
4054 4115 8168
4170 4188 8357
4131 4179 8289
4125 4131 8234
4058 4196 8252
4095 4189 8256
4174 4179 8314
4122 4152 8240
4059 4186 8231
4074 4083 8131
4197 4198 8379
4195 4197 8376
4119 4125 8239
4058 4145 8178
4160 4177 8301
4089 4108 8164
4176 4192 8329
4084 4127 8209
4150 4162 8310
4056 4165 8190
4066 4130 8182
4181 4193 8373
4124 4161 8253
4188 4195 8381
4030 4079 8083
4028 4115 8137
4001 4047 8029
4142 4147 8266
4141 4176 8290
4103 4173 8251
4132 4174 8305
4175 4195 8344
4097 4110 8182
4078 4100 8154
4137 4148 8267
4028 4123 8147
4032 4033 8043
4022 4071 8087
4034 4108 8105
4027 4055 8062
4121 4161 8271
4031 4135 8152
4010 4192 8200
4173 4193 8346
4171 4174 8332
4127 4141 8260
4039 4049 8052
4045 4056 8064
4179 4185 8347
4128 4193 8308
4008 4150 8139
4160 4161 8291
4159 4179 8306
4008 4066 8058
4139 4150 8281
4190 4193 8370
4080 4085 8159
4176 4178 8316
4060 4175 8211
4160 4200 8338
4052 4167 8185
4176 4181 8327
4051 4139 8153
4146 4181 8297
4123 4143 8238
4113 4147 8255
4108 4112 8209
4059 4136 8166
4113 4167 8272
4123 4129 8221
4156 4161 8312
4052 4094 8125
4198 4199 8365
4120 4178 8280
4137 4150 8271
4157 4167 8308
4066 4155 8186
4009 4083 8081
4043 4079 8100
4118 4154 8263
4187 4190 8372
4088 4177 8257
4001 4200 8196
4149 4165 8311
4019 4030 8013
4142 4159 8279
4070 4135 8170
4019 4033 8015
4133 4152 8250
4078 4143 8191
4109 4185 8280
4077 4137 8186
4160 4169 8290
4193 4196 8360
4058 4185 8205
4000 4100 8083
4103 4124 8201
4020 4105 8099
4050 4133 8180
4044 4062 8096
4070 4118 8180
4071 4193 8257
4157 4164 8306
4028 4171 8166
4001 4013 8004
4096 4171 8232
4034 4096 8093
4189 4194 8359
4169 4174 8322
4152 4178 8299
4123 4157 8260
4198 4199 8374
4168 4173 8320
4028 4029 8035
4042 4121 8140
4023 4111 8133
4159 4176 8334
4119 4140 8245
4075 4086 8144
4125 4199 8300
4020 4152 8154
4157 4196 8335
4092 4158 8232
4029 4054 8049
4129 4185 8312
4187 4189 8367
4170 4173 8317
4191 4198 8384
4034 4119 8118
4086 4177 8246
4013 4080 8080
4093 4151 8236
4191 4196 8369
4066 4108 8171
4013 4022 8015
4061 4084 8124
4178 4189 8349
4053 4193 8231
4165 4189 8341
4132 4196 8314
4170 4183 8332
4035 4173 8191
4192 4198 8364
4107 4134 8238
4192 4196 8384
4163 4183 8329
4188 4195 8377
4038 4081 8094
4073 4191 8228
4106 4144 8225
4148 4183 8304
4067 4087 8149
4110 4153 8248
4086 4134 8186
4097 4183 8268
4008 4073 8068
4103 4195 8282
4022 4059 8062
4130 4147 8254
4185 4197 8378
4126 4189 8293
4120 4167 8260
4154 4155 8299
4112 4163 8267
4178 4180 8350
4076 4182 8236
4163 4196 8321
4126 4127 8229
4186 4188 8370
4008 4099 8086
4074 4158 8213
4041 4134 8139
4076 4108 8183
4107 4110 8202
4026 4085 8085
4183 4199 8372
4101 4157 8249
4190 4197 8348
4036 4170 8173
4147 4160 8284
4116 4180 8288
4135 4179 8278
4007 4079 8053
4109 4193 8290
4137 4179 8298
4120 4200 8298
4187 4196 8368
4198 4199 8361
4187 4193 8372
4057 4181 8217
4012 4044 8054
4085 4138 8188
4186 4200 8359
4042 4180 8196
4084 4193 8259
4092 4151 8241
4097 4166 8225
4099 4157 8226
4009 4174 8176
4111 4156 8251
4008 4081 8074
4088 4130 8180
4048 4118 8156
4030 4113 8105
4015 4175 8187
4111 4169 8274
4161 4166 8319
4033 4173 8190
4071 4089 8126
4188 4191 8364
4133 4155 8257
4084 4181 8251
4053 4145 8197
4175 4196 8342
4069 4070 8108
4123 4124 8229
4143 4193 8312
4164 4176 8329
4076 4143 8210
4008 4040 8044
4100 4146 8245
4156 4174 8300
4182 4192 8340
4034 4120 8120
4158 4196 8345
4123 4147 8236
4186 4194 8377
4017 4159 8145
4123 4130 8252
4170 4182 8349
4077 4102 8150
4040 4150 8182
4140 4174 8296
4173 4179 8328
4121 4188 8278
4066 4159 8206
4068 4115 8179
4160 4176 8313
4029 4077 8088
4136 4166 8265
4116 4165 8278
4054 4183 8223
4070 4085 8117
4114 4156 8253
4110 4172 8269
4090 4165 8243
4005 4111 8078
4189 4197 8384
4072 4151 8199
4138 4151 8257
4050 4055 8093
4100 4167 8242
4051 4185 8223
4112 4121 8210
4001 4184 8170
4122 4162 8247
4027 4086 8094
4116 4148 8247
4187 4197 8359
4031 4179 8198
4161 4168 8300
4151 4186 8323
4024 4189 8189
4113 4156 8267
4174 4182 8351
4025 4049 8070
4003 4071 8036
4077 4116 8162
4002 4074 8048
4061 4083 8113
4022 4122 8114
4118 4160 8265
4118 4127 8244
4163 4168 8309
4078 4186 8230
4126 4177 8277
4062 4131 8183
4143 4185 8308
4025 4048 8070
4027 4088 8077
4035 4194 8226
4177 4181 8321
4110 4169 8266
4100 4187 8249
4030 4075 8104
4085 4192 8262
4029 4126 8145
4004 4169 8157
4008 4088 8093
4188 4199 8378
4065 4172 8218
4166 4176 8341
4025 4083 8093
4106 4145 8224
4170 4178 8311
4170 4189 8349
4111 4143 8233
4186 4197 8352
4151 4176 8320
4015 4177 8174
4138 4184 8318
4159 4196 8319
4195 4198 8379
4042 4058 8067
4132 4136 8251
4044 4073 8092
4174 4199 8356
4062 4194 8223
4173 4179 8313
4031 4131 8126
4055 4151 8204
4165 4175 8307
4184 4195 8370
4066 4105 8139
4168 4199 8358
4150 4199 8320
4087 4195 8245
4066 4195 8223
4114 4153 8241
4184 4196 8372
4158 4199 8348
4059 4143 8165
4034 4047 8063
4110 4161 8261
4093 4170 8232
4165 4181 8340
4059 4090 8118
4195 4198 8365
4151 4200 8317
4016 4199 8200
4197 4198 8364
4152 4163 8306
4082 4197 8245
4094 4130 8187
4061 4171 8220
4076 4149 8222
4079 4098 8159
4137 4182 8316
4014 4015 8024
4124 4155 8259
4092 4138 8229
4114 4187 8288
4160 4178 8335
4171 4196 8334
4071 4132 8183
4036 4148 8153
4080 4133 8180
4156 4178 8332
4022 4058 8061
4112 4185 8274
4072 4076 8117
4166 4196 8354
4099 4106 8190
4195 4196 8370
4158 4178 8323
4111 4173 8266
4021 4115 8122
4085 4090 8145
4098 4151 8241
4140 4163 8288
4196 4200 8392
4188 4195 8372
4188 4195 8359
4057 4077 8119
4060 4169 8200
4073 4177 8220
4100 4133 8204
4100 4197 8261
4086 4147 8215
4001 4083 8081
4166 4177 8315
4071 4076 8125
4154 4183 8301
4087 4128 8194
4092 4184 8274
4053 4109 8157
4185 4200 8360
4071 4113 8178
4013 4065 8051
4045 4076 8120
4121 4179 8269
4047 4194 8238
4142 4158 8274
4134 4153 8276
4193 4199 8377
4010 4107 8110
4015 4067 8057
4105 4165 8235
4087 4132 8197
4165 4173 8318
4025 4182 8191
4070 4115 8157
4024 4042 8057
4093 4184 8246
4182 4190 8348
4016 4172 8163
4119 4195 8298
4032 4043 8053
4016 4027 8040
4098 4136 8210
4049 4126 8152
4140 4191 8307
4045 4133 8145
4086 4111 8188
4016 4187 8201
4142 4172 8283
4035 4194 8205
4028 4122 8140
4085 4150 8214
4005 4073 8060
4080 4150 8192
4001 4159 8140
4122 4125 8220
4158 4162 8316
4093 4149 8219
4176 4183 8339
4072 4088 8141
4136 4195 8302
4156 4166 8314
4157 4194 8346
4094 4193 8284
4026 4027 8027
4102 4139 8209
4151 4176 8325
4010 4131 8128
4004 4144 8128
4145 4192 8324
4110 4157 8232
4060 4200 8226
4181 4183 8325
4177 4198 8343
4030 4113 8141
4064 4114 8164
4180 4184 8342
4045 4115 8137
4075 4162 8204
4052 4066 8083
4040 4059 8095
4100 4118 8191
4118 4142 8253
4067 4078 8140
4148 4179 8321
4073 4093 8144
4199 4200 8363
4088 4112 8164
4133 4141 8245
4125 4181 8305
4020 4078 8082
4134 4147 8247
4054 4109 8158
4044 4114 8149
4049 4199 8237
4023 4078 8085
4063 4065 8094
4154 4193 8315
4064 4157 8189
4034 4097 8095
4009 4096 8085
4190 4194 8368
4043 4188 8193
4034 4192 8216
4053 4117 8137
4142 4190 8308
4128 4182 8288
4004 4068 8066
4022 4094 8095
4132 4189 8293
4037 4040 8072
4024 4195 8193
4069 4103 8167
4193 4194 8374
4189 4190 8357
4196 4198 8378
4196 4197 8373
4160 4161 8285
4105 4135 8205
4028 4111 8106
4125 4173 8266
4094 4141 8234
4170 4183 8318
4117 4191 8298
4092 4096 8176
4024 4115 8114
4158 4171 8320
4148 4179 8312
4130 4194 8322
4037 4136 8161
4058 4192 8231
4049 4101 8144
4011 4019 8027
4077 4195 8244
4144 4174 8297
4081 4124 8201
4019 4135 8146
4168 4179 8342
4064 4169 8227
4172 4198 8341
4189 4198 8382
4091 4175 8263
4092 4176 8236
4180 4187 8348
4020 4194 8189
4048 4182 8197
4143 4175 8304
4006 4191 8191
4062 4176 8211
4021 4141 8125
4110 4131 8229
4077 4171 8238
4054 4190 8222
4088 4111 8187
4170 4175 8343
4060 4158 8207
4193 4195 8349
4016 4113 8102
4085 4130 8184
4091 4199 8273
4051 4094 8121
4062 4125 8170
4123 4161 8268
4038 4167 8195
4163 4185 8309
4141 4172 8310
4163 4165 8302
4026 4138 8132
4013 4191 8182
4039 4086 8115
4023 4061 8069
4177 4195 8339
4047 4053 8090
4114 4182 8288
4152 4172 8286
4022 4127 8136
4182 4183 8335
4162 4164 8305
4126 4176 8295
4004 4173 8147
4074 4075 8129
4048 4166 8207
4094 4110 8193
4051 4056 8086
4103 4171 8240
4122 4123 8240
4173 4186 8326
4076 4161 8221
4054 4173 8219
4052 4147 8177
4084 4200 8260
4167 4185 8326
4115 4176 8283
4175 4185 8338
4061 4092 8126
4194 4196 8354
4000 4178 8157
4064 4157 8211
4110 4157 8251
4180 4187 8345
4067 4174 8222
4003 4124 8103
4123 4147 8267
4161 4180 8335
4084 4133 8197
4105 4149 8245
4153 4191 8326
4104 4168 8254
4042 4145 8157
4023 4123 8124
4192 4198 8380
4195 4199 8393
4039 4087 8105
4144 4163 8270
4161 4181 8319
4191 4194 8349
4121 4160 8276
4173 4191 8339
4001 4130 8126
4108 4175 8272
4114 4154 8262
4107 4162 8230
4141 4187 8300
4005 4176 8161
4042 4110 8135
4078 4167 8227
4143 4171 8298
4107 4163 8245
4107 4118 8208
4068 4162 8199
4151 4194 8341
4143 4155 8286
4118 4131 8218
4100 4128 8194
4094 4200 8266
4142 4194 8327
4165 4194 8334
4079 4199 8261
4055 4105 8136
4033 4043 8038
4121 4131 8235
4150 4180 8324
4167 4193 8358
4093 4129 8187
4117 4143 8227
4190 4192 8369
4007 4076 8079
4087 4154 8221
4059 4097 8132
4145 4157 8289
4056 4172 8192
4172 4184 8328
4134 4194 8297
4007 4039 8030
4159 4171 8294
4023 4037 8034
4151 4161 8294
4172 4198 8336
4016 4031 8024
4107 4154 8248
4148 4175 8301
4194 4197 8367
4112 4171 8259
4099 4140 8201
4062 4188 8243
4129 4190 8281
4006 4132 8132
4136 4181 8307
4106 4175 8257
4133 4171 8272
4010 4115 8118
4138 4176 8289
4171 4186 8349
4057 4168 8223
4050 4104 8137
4145 4189 8314
4182 4194 8372
4114 4179 8262
4017 4118 8127
4054 4194 8246
4030 4085 8090
4038 4089 8115
4008 4174 8181
4156 4184 8307
4153 4197 8332
4182 4196 8350
4033 4193 8196
4124 4195 8291
4027 4043 8043
4185 4190 8367
4034 4087 8091
4162 4172 8309
4106 4121 8196
4090 4195 8260
4104 4112 8190
4153 4184 8307
4162 4189 8348
4124 4156 8267
4101 4115 8194
4197 4199 8390
4106 4124 8199
4171 4180 8313
4091 4102 8162
4098 4104 8184
4175 4195 8350
4086 4188 8253
4049 4163 8179
4168 4171 8322
4055 4176 8202
4052 4119 8162
4165 4187 8336
4185 4197 8381
4049 4193 8219
4180 4189 8352
4139 4188 8302
4149 4200 8336
4060 4144 8178
4009 4069 8065
4085 4200 8268
4133 4177 8301
4053 4098 8140
4036 4184 8182
4092 4171 8251
4038 4126 8143
4045 4110 8121
4179 4190 8368
4167 4172 8329
4064 4092 8134
4083 4177 8231
4075 4147 8208
4097 4130 8189
4183 4185 8343
4046 4132 8144
4177 4179 8323
4096 4134 8207
4081 4106 8158
4085 4190 8237

0.010000 0.260000
