700
3398692
4170 4226 8396
4120 4192 8312
4149 4200 8349
4263 4283 8546
4214 4256 8470
4111 4201 8312
4203 4253 8456
4293 4299 8592
4201 4271 8472
4225 4271 8496
4249 4255 8504
4150 4171 8321
4182 4245 8427
4266 4295 8561
4164 4199 8363
4101 4287 8388
4180 4182 8362
4232 4257 8489
4250 4261 8511
4197 4198 8395
4166 4211 8377
4261 4286 8547
4183 4272 8455
4130 4210 8340
4248 4295 8543
4117 4121 8238
4121 4261 8382
4202 4233 8435
4208 4225 8433
4188 4297 8485
4168 4267 8435
4143 4196 8339
4259 4274 8533
4220 4274 8494
4225 4246 8471
4166 4220 8386
4105 4227 8332
4254 4283 8537
4260 4281 8541
4229 4269 8498
4290 4298 8588
4279 4287 8566
4267 4284 8551
4200 4218 8418
4266 4271 8537
4229 4235 8464
4253 4298 8551
4101 4234 8335
4146 4232 8378
4115 4218 8333
4228 4273 8501
4193 4238 8431
4176 4180 8356
4145 4174 8319
4203 4204 8407
4203 4271 8474
4154 4165 8319
4151 4239 8390
4123 4275 8398
4240 4247 8487
4182 4287 8469
4236 4260 8496
4263 4296 8559
4126 4156 8282
4197 4279 8476
4163 4283 8446
4174 4300 8474
4133 4292 8425
4112 4189 8301
4294 4295 8589
4280 4297 8577
4283 4288 8571
4138 4239 8377
4221 4280 8501
4124 4274 8398
4192 4259 8451
4224 4251 8475
4168 4178 8346
4273 4279 8552
4137 4158 8295
4269 4272 8541
4195 4241 8436
4162 4195 8357
4105 4257 8362
4282 4286 8568
4274 4296 8570
4102 4110 8212
4181 4187 8368
4270 4298 8568
4230 4291 8521
4232 4287 8519
4151 4201 8352
4130 4154 8284
4296 4298 8594
4148 4281 8429
4222 4242 8464
4143 4217 8360
4235 4264 8499
4155 4296 8451
4236 4260 8496
4123 4238 8361
4143 4240 8383
4144 4283 8427
4272 4300 8572
4128 4173 8301
4283 4298 8581
4123 4273 8396
4269 4291 8560
4159 4200 8359
4178 4204 8382
4165 4275 8440
4107 4180 8287
4205 4215 8420
4298 4300 8598
4212 4292 8504
4260 4266 8526
4212 4285 8497
4273 4295 8568
4201 4257 8458
4282 4287 8569
4261 4288 8549
4209 4297 8506
4271 4276 8547
4224 4269 8493
4179 4258 8437
4158 4264 8422
4262 4282 8544
4271 4280 8551
4178 4211 8389
4198 4265 8463
4297 4298 8595
4162 4232 8394
4137 4143 8280
4200 4206 8406
4243 4262 8505
4243 4284 8527
4174 4235 8409
4209 4283 8492
4240 4257 8497
4127 4163 8290
4288 4300 8588
4211 4284 8495
4163 4279 8442
4137 4156 8293
4234 4288 8522
4287 4293 8580
4275 4285 8560
4139 4258 8397
4174 4242 8416
4220 4288 8508
4139 4247 8386
4186 4273 8459
4118 4173 8291
4184 4195 8379
4201 4250 8451
4194 4271 8465
4202 4213 8415
4271 4292 8563
4262 4278 8540
4152 4284 8436
4151 4217 8368
4155 4226 8381
4230 4282 8512
4247 4282 8529
4204 4218 8422
4259 4296 8555
4266 4277 8543
4213 4296 8509
4146 4268 8414
4215 4284 8499
4188 4200 8388
4280 4297 8577
4108 4296 8404
4179 4237 8416
4282 4298 8580
4187 4246 8433
4131 4177 8308
4169 4189 8358
4286 4294 8580
4102 4180 8282
4215 4252 8467
4285 4300 8585
4276 4280 8556
4140 4218 8358
4195 4265 8460
4259 4275 8534
4116 4251 8367
4182 4198 8380
4183 4251 8434
4108 4163 8271
4290 4299 8589
4241 4287 8528
4131 4221 8352
4282 4299 8581
4124 4291 8415
4245 4299 8544
4178 4271 8449
4135 4186 8321
4244 4273 8517
4262 4278 8540
4181 4247 8428
4293 4294 8587
4246 4270 8516
4118 4145 8263
4120 4210 8330
4114 4291 8405
4226 4278 8504
4282 4288 8570
4170 4171 8341
4258 4275 8533
4245 4278 8523
4123 4230 8353
4136 4217 8353
4162 4287 8449
4124 4240 8364
4257 4283 8540
4242 4283 8525
4179 4226 8405
4187 4210 8397
4188 4251 8439
4282 4300 8582
4164 4240 8404
4212 4222 8434
4180 4191 8371
4289 4291 8580
4194 4252 8446
4283 4297 8580
4153 4184 8337
4228 4252 8480
4100 4184 8284
4169 4192 8361
4165 4269 8434
4206 4233 8439
4107 4180 8287
4166 4259 8425
4217 4238 8455
4279 4290 8569
4176 4188 8364
4220 4289 8509
4213 4238 8451
4213 4258 8471
4241 4282 8523
4160 4173 8333
4197 4234 8431
4209 4287 8496
4205 4235 8440
4116 4219 8335
4217 4222 8439
4268 4270 8538
4294 4295 8589
4211 4216 8427
4227 4238 8465
4139 4249 8388
4126 4291 8417
4212 4218 8430
4174 4264 8438
4256 4275 8531
4117 4217 8334
4113 4121 8234
4158 4228 8386
4202 4222 8424
4187 4198 8385
4249 4269 8518
4171 4179 8350
4215 4230 8445
4193 4208 8401
4268 4274 8542
4170 4191 8361
4112 4128 8240
4213 4273 8486
4239 4244 8483
4238 4262 8500
4221 4225 8446
4110 4200 8310
4240 4271 8511
4130 4208 8338
4154 4165 8319
4253 4276 8529
4139 4242 8381
4227 4246 8473
4145 4177 8322
4229 4286 8515
4230 4232 8462
4268 4298 8566
4105 4182 8287
4204 4238 8442
4256 4282 8538
4266 4289 8555
4119 4290 8409
4282 4287 8569
4128 4284 8412
4290 4294 8584
4156 4192 8348
4146 4187 8333
4181 4280 8461
4287 4289 8576
4158 4223 8381
4168 4169 8337
4113 4140 8253
4216 4265 8481
4226 4260 8486
4297 4299 8596
4179 4274 8453
4178 4256 8434
4218 4241 8459
4137 4182 8319
4132 4276 8408
4179 4299 8478
4266 4289 8555
4241 4280 8521
4265 4272 8537
4199 4214 8413
4273 4282 8555
4152 4216 8368
4186 4224 8410
4222 4265 8487
4110 4121 8231
4101 4121 8222
4170 4289 8459
4158 4217 8375
4167 4202 8369
4162 4211 8373
4240 4279 8519
4197 4261 8458
4161 4293 8454
4290 4293 8583
4212 4231 8443
4290 4297 8587
4116 4172 8288
4246 4275 8521
4292 4294 8586
4245 4247 8492
4238 4255 8493
4293 4298 8591
4225 4249 8474
4155 4268 8423
4251 4279 8530
4194 4223 8417
4117 4193 8310
4183 4271 8454
4291 4298 8589
4291 4293 8584
4151 4153 8304
4174 4283 8457
4212 4265 8477
4168 4262 8430
4194 4272 8466
4290 4291 8581
4128 4174 8302
4272 4283 8555
4129 4283 8412
4122 4269 8391
4112 4194 8306
4267 4275 8542
4199 4207 8406
4176 4179 8355
4298 4299 8597
4123 4262 8385
4278 4295 8573
4155 4171 8326
4265 4288 8553
4292 4297 8589
4102 4103 8205
4126 4287 8413
4180 4238 8418
4287 4298 8585
4112 4267 8379
4289 4293 8582
4202 4298 8500
4234 4239 8473
4146 4230 8376
4263 4290 8553
4179 4242 8421
4186 4249 8435
4276 4296 8572
4128 4244 8372
4153 4242 8395
4291 4292 8583
4131 4138 8269
4248 4262 8510
4144 4195 8339
4271 4300 8571
4230 4247 8477
4295 4297 8592
4266 4296 8562
4286 4297 8583
4159 4204 8363
4107 4174 8281
4128 4193 8321
4270 4295 8565
4268 4290 8558
4187 4287 8474
4141 4204 8345
4139 4281 8420
4278 4289 8567
4181 4264 8445
4292 4300 8592
4256 4264 8520
4128 4284 8412
4100 4184 8284
4173 4298 8471
4279 4289 8568
4275 4294 8569
4122 4258 8380
4163 4197 8360
4294 4295 8589
4272 4289 8561
4132 4247 8379
4145 4162 8307
4211 4222 8433
4151 4284 8435
4159 4223 8382
4221 4252 8473
4201 4248 8449
4288 4297 8585
4213 4300 8513
4229 4288 8517
4211 4273 8484
4111 4158 8269
4181 4223 8404
4184 4200 8384
4113 4170 8283
4157 4207 8364
4162 4242 8404
4176 4270 8446
4193 4254 8447
4156 4196 8352
4114 4258 8372
4294 4297 8591
4137 4204 8341
4217 4282 8499
4138 4197 8335
4101 4241 8342
4226 4248 8474
4296 4299 8595
4113 4123 8236
4187 4288 8475
4247 4248 8495
4292 4299 8591
4291 4294 8585
4268 4272 8540
4286 4289 8575
4277 4282 8559
4199 4239 8438
4169 4299 8468
4262 4278 8540
4271 4276 8547
4275 4281 8556
4168 4170 8338
4178 4196 8374
4248 4252 8500
4278 4279 8557
4285 4289 8574
4294 4296 8590
4105 4249 8354
4215 4250 8465
4161 4198 8359
4272 4289 8561
4208 4297 8505
4109 4180 8289
4249 4276 8525
4120 4171 8291
4140 4242 8382
4254 4286 8540
4114 4143 8257
4179 4183 8362
4170 4279 8449
4172 4287 8459
4202 4234 8436
4229 4249 8478
4103 4160 8263
4212 4221 8433
4162 4274 8436
4222 4291 8513
4198 4213 8411
4161 4262 8423
4274 4294 8568
4206 4281 8487
4268 4285 8553
4114 4268 8382
4277 4280 8557
4196 4252 8448
4265 4289 8554
4192 4298 8490
4190 4263 8453
4243 4267 8510
4193 4215 8408
4218 4296 8514
4153 4181 8334
4199 4239 8438
4179 4206 8385
4132 4158 8290
4135 4280 8415
4159 4268 8427
4144 4295 8439
4198 4204 8402
4204 4265 8469
4187 4195 8382
4128 4207 8335
4114 4148 8262
4146 4269 8415
4216 4239 8455
4233 4287 8520
4296 4297 8593
4163 4245 8408
4193 4281 8474
4177 4272 8449
4189 4249 8438
4233 4281 8514
4146 4171 8317
4221 4293 8514
4297 4299 8596
4242 4271 8513
4279 4285 8564
4130 4239 8369
4160 4227 8387
4138 4229 8367
4250 4291 8541
4155 4226 8381
4141 4256 8397
4168 4261 8429
4101 4116 8217
4180 4249 8429
4234 4237 8471
4270 4300 8570
4157 4167 8324
4134 4230 8364
4219 4229 8448
4122 4123 8245
4232 4300 8532
4138 4139 8277
4171 4226 8397
4193 4237 8430
4144 4294 8438
4291 4295 8586
4247 4271 8518
4198 4245 8443
4153 4291 8444
4110 4234 8344
4138 4174 8312
4158 4267 8425
4216 4286 8502
4293 4296 8589
4289 4290 8579
4280 4289 8569
4117 4212 8329
4275 4293 8568
4209 4256 8465
4178 4292 8470
4162 4189 8351
4282 4287 8569
4117 4180 8297
4214 4241 8455
4220 4231 8451
4259 4264 8523
4213 4277 8490
4286 4287 8573
4113 4150 8263
4197 4259 8456
4196 4206 8402
4213 4246 8459
4244 4265 8509
4137 4276 8413
4160 4179 8339
4232 4233 8465
4270 4295 8565
4108 4275 8383
4232 4277 8509
4196 4229 8425
4189 4240 8429
4166 4249 8415
4281 4300 8581
4201 4240 8441
4177 4273 8450
4129 4157 8286
4185 4290 8475
4102 4253 8355
4108 4205 8313
4277 4294 8571
4177 4242 8419
4206 4260 8466
4179 4269 8448
4275 4297 8572
4149 4298 8447
4299 4300 8599
4163 4166 8329
4105 4247 8352
4149 4290 8439
4161 4265 8426
4149 4297 8446
4205 4236 8441
4209 4284 8493
4189 4298 8487
4190 4269 8459
4100 4236 8336
4145 4286 8431
4263 4273 8536
4208 4254 8462
4100 4236 8336
4283 4288 8571
4173 4229 8402
4101 4246 8347
4279 4282 8561
4241 4288 8529
4162 4166 8328
4213 4297 8510
4131 4271 8402
4250 4286 8536
4214 4288 8502
4190 4203 8393
4143 4203 8346
4120 4150 8270
4294 4300 8594
4228 4282 8510
4232 4247 8479
4203 4256 8459
4254 4277 8531
4218 4233 8451
4205 4209 8414
4140 4198 8338
4150 4258 8408
4144 4258 8402
4254 4256 8510
4204 4229 8433
4218 4243 8461
4141 4144 8285
4203 4243 8446
4237 4239 8476
4134 4169 8303
4231 4268 8499
4139 4232 8371
4202 4283 8485
4145 4237 8382
4161 4258 8419
4259 4298 8557
4155 4157 8312
4216 4254 8470
4165 4228 8393
4154 4241 8395
4276 4279 8555
4182 4274 8456
4106 4284 8390
4218 4272 8490
4175 4270 8445
4226 4237 8463
4263 4291 8554
4264 4276 8540
4175 4264 8439
4177 4296 8473
4209 4249 8458
4183 4186 8369
4263 4284 8547
4284 4289 8573
4266 4278 8544
4193 4287 8480
4291 4293 8584
4164 4259 8423
4283 4291 8574
4159 4234 8393
4165 4216 8381
4132 4161 8293
4236 4274 8510
4146 4156 8302
4186 4256 8442
4288 4299 8587
4249 4300 8549
4250 4269 8519
4111 4206 8317
4156 4263 8419
4263 4293 8556
4206 4286 8492
4158 4260 8418
4135 4262 8397
4176 4290 8466
4149 4189 8338
4294 4296 8590
4297 4299 8596
4291 4300 8591
4172 4184 8356
4234 4260 8494
4122 4234 8356
4272 4290 8562
4135 4255 8390
4249 4297 8546
4108 4262 8370
4211 4252 8463
4221 4264 8485
4214 4285 8499
4155 4198 8353
4103 4275 8378
4119 4294 8413
4241 4300 8541
4227 4256 8483
4277 4280 8557
4232 4259 8491
4198 4236 8434
4105 4250 8355
4285 4292 8577
4163 4182 8345
4276 4300 8576

4070 4126 8185
4020 4092 8091
4049 4100 8115
4163 4183 8335
4114 4156 8255
4011 4101 8085
4103 4153 8246
4193 4199 8371
4101 4171 8242
4125 4171 8294
4149 4155 8272
4050 4071 8106
4082 4145 8221
4166 4195 8358
4064 4099 8127
4001 4187 8170
4080 4082 8135
4132 4157 8269
4150 4161 8282
4097 4098 8167
4066 4111 8140
4161 4186 8336
4083 4172 8229
4030 4110 8116
4148 4195 8321
4017 4021 8018
4021 4161 8156
4102 4133 8200
4108 4125 8209
4088 4197 8260
4068 4167 8218
4043 4096 8138
4159 4174 8299
4120 4174 8258
4125 4146 8252
4066 4120 8165
4005 4127 8123
4154 4183 8309
4160 4181 8314
4129 4169 8288
4190 4198 8363
4179 4187 8343
4167 4184 8335
4100 4118 8197
4166 4171 8299
4129 4135 8235
4153 4198 8346
4001 4134 8099
4046 4132 8166
4015 4118 8124
4128 4173 8271
4093 4138 8205
4076 4080 8123
4045 4074 8086
4103 4104 8172
4103 4171 8256
4054 4065 8096
4051 4139 8178
4023 4175 8161
4140 4147 8262
4082 4187 8263
4136 4160 8276
4163 4196 8334
4026 4056 8077
4097 4179 8272
4063 4183 8229
4074 4200 8271
4033 4192 8210
4012 4089 8098
4194 4195 8356
4180 4197 8363
4183 4188 8333
4038 4139 8149
4121 4180 8267
4024 4174 8170
4092 4159 8241
4124 4151 8255
4068 4078 8126
4173 4179 8323
4037 4058 8062
4169 4172 8322
4095 4141 8230
4062 4095 8144
4005 4157 8137
4182 4186 8337
4174 4196 8365
4002 4010 7989
4081 4087 8157
4170 4198 8333
4130 4191 8314
4132 4187 8290
4051 4101 8114
4030 4054 8054
4196 4198 8363
4048 4181 8214
4122 4142 8238
4043 4117 8148
4135 4164 8280
4055 4196 8243
4136 4160 8282
4023 4138 8144
4043 4140 8173
4044 4183 8206
4172 4200 8345
4028 4073 8072
4183 4198 8364
4023 4173 8191
4169 4191 8322
4059 4100 8123
4078 4104 8181
4065 4175 8212
4007 4080 8061
4105 4115 8188
4198 4200 8382
4112 4192 8279
4160 4166 8287
4112 4185 8282
4173 4195 8350
4101 4157 8229
4182 4187 8364
4161 4188 8343
4109 4197 8287
4171 4176 8343
4124 4169 8258
4079 4158 8226
4058 4164 8215
4162 4182 8321
4171 4180 8350
4078 4111 8166
4098 4165 8262
4197 4198 8367
4062 4132 8174
4037 4043 8052
4100 4106 8198
4143 4162 8291
4143 4184 8297
4074 4135 8183
4109 4183 8286
4140 4157 8280
4027 4063 8063
4188 4200 8358
4111 4184 8294
4063 4179 8207
4037 4056 8081
4134 4188 8286
4187 4193 8366
4175 4185 8323
4039 4158 8191
4074 4142 8202
4120 4188 8289
4039 4147 8150
4086 4173 8241
4018 4073 8069
4084 4095 8142
4101 4150 8230
4094 4171 8236
4102 4113 8201
4171 4192 8333
4162 4178 8317
4052 4184 8213
4051 4117 8165
4055 4126 8152
4130 4182 8281
4147 4182 8293
4104 4118 8192
4159 4196 8348
4166 4177 8338
4113 4196 8297
4046 4168 8186
4115 4184 8262
4088 4100 8171
4180 4197 8375
4008 4196 8196
4079 4137 8179
4182 4198 8372
4087 4146 8207
4031 4077 8078
4069 4089 8157
4186 4194 8368
4002 4080 8081
4115 4152 8261
4185 4200 8366
4176 4180 8352
4040 4118 8149
4095 4165 8243
4159 4175 8313
4016 4151 8131
4082 4098 8172
4083 4151 8230
4008 4063 8070
4190 4199 8381
4141 4187 8298
4031 4121 8122
4182 4199 8377
4024 4191 8213
4145 4199 8306
4078 4171 8233
4035 4086 8096
4144 4173 8301
4162 4178 8311
4081 4147 8199
4193 4194 8360
4146 4170 8279
4018 4045 8049
4020 4110 8112
4014 4191 8195
4126 4178 8270
4182 4188 8366
4070 4071 8113
4158 4175 8330
4145 4178 8289
4023 4130 8152
4036 4117 8127
4062 4187 8243
4024 4140 8140
4157 4183 8301
4142 4183 8307
4079 4126 8195
4087 4110 8188
4088 4151 8215
4182 4200 8350
4064 4140 8176
4112 4122 8205
4080 4091 8142
4189 4191 8374
4094 4152 8219
4183 4197 8345
4053 4084 8132
4128 4152 8264
4000 4084 8071
4069 4092 8133
4065 4169 8233
4106 4133 8227
4007 4080 8074
4066 4159 8202
4117 4138 8241
4179 4190 8358
4076 4088 8132
4120 4189 8303
4113 4138 8216
4113 4158 8245
4141 4182 8297
4060 4073 8111
4097 4134 8211
4109 4187 8262
4105 4135 8232
4016 4119 8108
4117 4122 8220
4168 4170 8317
4194 4195 8375
4111 4116 8202
4127 4138 8227
4039 4149 8171
4026 4191 8192
4112 4118 8208
4074 4164 8233
4156 4175 8302
4017 4117 8117
4013 4021 8028
4058 4128 8173
4102 4122 8218
4087 4098 8171
4149 4169 8296
4071 4079 8137
4115 4130 8206
4093 4108 8173
4168 4174 8335
4070 4091 8156
4012 4028 8030
4113 4173 8283
4139 4144 8265
4138 4162 8262
4121 4125 8240
4010 4100 8081
4140 4171 8280
4030 4108 8119
4054 4065 8105
4153 4176 8301
4039 4142 8154
4127 4146 8263
4045 4077 8111
4129 4186 8280
4130 4132 8229
4168 4198 8361
4005 4082 8060
4104 4138 8230
4156 4182 8326
4166 4189 8329
4019 4190 8180
4182 4187 8336
4028 4184 8195
4190 4194 8350
4056 4092 8113
4046 4087 8123
4081 4180 8234
4187 4189 8368
4058 4123 8177
4068 4069 8119
4013 4040 8044
4116 4165 8245
4126 4160 8274
4197 4199 8373
4079 4174 8246
4078 4156 8229
4118 4141 8255
4037 4082 8102
4032 4176 8206
4079 4199 8248
4166 4189 8345
4141 4180 8301
4165 4172 8325
4099 4114 8178
4173 4182 8351
4052 4116 8157
4086 4124 8186
4122 4165 8281
4010 4021 8011
4001 4021 7987
4070 4189 8258
4058 4117 8162
4067 4102 8163
4062 4111 8138
4140 4179 8280
4097 4161 8245
4061 4193 8246
4190 4193 8362
4112 4131 8237
4190 4197 8367
4016 4072 8084
4146 4175 8313
4192 4194 8384
4145 4147 8275
4138 4155 8284
4193 4198 8382
4125 4149 8262
4055 4168 8210
4151 4179 8320
4094 4123 8195
4017 4093 8075
4083 4171 8251
4191 4198 8351
4191 4193 8355
4051 4053 8078
4074 4183 8235
4112 4165 8263
4068 4162 8203
4094 4172 8262
4190 4191 8351
4028 4074 8072
4172 4183 8318
4029 4183 8187
4022 4169 8169
4012 4094 8082
4167 4175 8337
4099 4107 8192
4076 4079 8146
4198 4199 8366
4023 4162 8161
4178 4195 8355
4055 4071 8110
4165 4188 8329
4192 4197 8387
4002 4003 7971
4026 4187 8205
4080 4138 8216
4187 4198 8350
4012 4167 8156
4189 4193 8359
4102 4198 8267
4134 4139 8255
4046 4130 8167
4163 4190 8350
4079 4142 8194
4086 4149 8220
4176 4196 8339
4028 4144 8168
4053 4142 8164
4191 4192 8370
4031 4038 8047
4148 4162 8304
4044 4095 8119
4171 4200 8367
4130 4147 8257
4195 4197 8370
4166 4196 8330
4186 4197 8380
4059 4104 8161
4007 4074 8046
4028 4093 8117
4170 4195 8359
4168 4190 8340
4087 4187 8259
4041 4104 8114
4039 4181 8216
4178 4189 8348
4081 4164 8229
4192 4200 8359
4156 4164 8300
4028 4184 8175
4000 4084 8058
4073 4198 8260
4179 4189 8356
4175 4194 8354
4022 4158 8179
4063 4097 8142
4194 4195 8358
4172 4189 8356
4032 4147 8156
4045 4062 8071
4111 4122 8213
4051 4184 8219
4059 4123 8170
4121 4152 8249
4101 4148 8241
4188 4197 8373
4113 4200 8312
4129 4188 8299
4111 4173 8247
4011 4058 8058
4081 4123 8180
4084 4100 8165
4013 4070 8080
4057 4107 8150
4062 4142 8186
4076 4170 8211
4093 4154 8221
4056 4096 8130
4014 4158 8160
4194 4197 8369
4037 4104 8103
4117 4182 8265
4038 4097 8131
4001 4141 8123
4126 4148 8266
4196 4199 8394
4013 4023 8029
4087 4188 8241
4147 4148 8259
4192 4199 8375
4191 4194 8354
4168 4172 8335
4186 4189 8357
4177 4182 8344
4099 4139 8210
4069 4199 8254
4162 4178 8339
4171 4176 8322
4175 4181 8320
4068 4070 8126
4078 4096 8148
4148 4152 8279
4178 4179 8349
4185 4189 8356
4194 4196 8364
4005 4149 8134
4115 4150 8248
4061 4098 8136
4172 4189 8330
4108 4197 8282
4009 4080 8071
4149 4176 8318
4020 4071 8076
4040 4142 8144
4154 4186 8308
4014 4043 8036
4079 4083 8134
4070 4179 8213
4072 4187 8255
4102 4134 8203
4129 4149 8244
4003 4060 8031
4112 4121 8223
4062 4174 8229
4122 4191 8285
4098 4113 8180
4061 4162 8203
4174 4194 8365
4106 4181 8285
4168 4185 8338
4014 4168 8177
4177 4180 8327
4096 4152 8218
4165 4189 8347
4092 4198 8260
4090 4163 8244
4143 4167 8274
4093 4115 8181
4118 4196 8284
4053 4081 8118
4099 4139 8211
4079 4106 8167
4032 4058 8064
4035 4180 8212
4059 4168 8214
4044 4195 8222
4098 4104 8199
4104 4165 8243
4087 4095 8176
4028 4107 8110
4014 4048 8027
4046 4169 8183
4116 4139 8245
4133 4187 8298
4196 4197 8372
4063 4145 8186
4093 4181 8258
4077 4172 8238
4089 4149 8208
4133 4181 8276
4046 4071 8106
4121 4193 8275
4197 4199 8383
4142 4171 8279
4179 4185 8333
4030 4139 8136
4060 4127 8181
4038 4129 8142
4150 4191 8316
4055 4126 8143
4041 4156 8183
4068 4161 8211
4001 4016 7989
4080 4149 8209
4134 4137 8245
4170 4200 8355
4057 4067 8120
4034 4130 8133
4119 4129 8247
4022 4023 8014
4132 4200 8311
4038 4039 8040
4071 4126 8186
4093 4137 8224
4044 4194 8221
4191 4195 8384
4147 4171 8292
4098 4145 8223
4053 4191 8211
4010 4134 8109
4038 4074 8083
4058 4167 8207
4116 4186 8270
4193 4196 8368
4189 4190 8374
4180 4189 8361
4017 4112 8103
4175 4193 8345
4109 4156 8245
4078 4192 8239
4062 4089 8148
4182 4187 8367
4017 4080 8087
4114 4141 8227
4120 4131 8248
4159 4164 8318
4113 4177 8279
4186 4187 8366
4013 4050 8040
4097 4159 8231
4096 4106 8183
4113 4146 8254
4144 4165 8290
4037 4176 8182
4060 4079 8119
4132 4133 8241
4170 4195 8338
4008 4175 8166
4132 4177 8282
4096 4129 8188
4089 4140 8217
4066 4149 8190
4181 4200 8350
4101 4140 8231
4077 4173 8246
4029 4057 8084
4085 4190 8245
4002 4153 8142
4008 4105 8087
4177 4194 8362
4077 4142 8200
4106 4160 8235
4079 4169 8211
4175 4197 8368
4049 4198 8212
4199 4200 8382
4063 4066 8108
4005 4147 8128
4049 4190 8228
4061 4165 8216
4049 4197 8244
4105 4136 8212
4109 4184 8264
4089 4198 8256
4090 4169 8240
4000 4136 8115
4045 4186 8217
4163 4173 8319
4108 4154 8230
4000 4136 8108
4183 4188 8344
4073 4129 8182
4001 4146 8143
4179 4182 8330
4141 4188 8328
4062 4066 8094
4113 4197 8297
4031 4171 8197
4150 4186 8320
4114 4188 8272
4090 4103 8186
4043 4103 8127
4020 4050 8068
4194 4200 8389
4128 4182 8302
4132 4147 8259
4103 4156 8254
4154 4177 8326
4118 4133 8221
4105 4109 8186
4040 4098 8121
4050 4158 8176
4044 4158 8193
4154 4156 8274
4104 4129 8226
4118 4143 8229
4041 4044 8054
4103 4143 8242
4137 4139 8256
4034 4069 8066
4131 4168 8275
4039 4132 8151
4102 4183 8261
4045 4137 8156
4061 4158 8184
4159 4198 8322
4055 4057 8106
4116 4154 8241
4065 4128 8191
4054 4141 8166
4176 4179 8340
4082 4174 8246
4006 4184 8164
4118 4172 8282
4075 4170 8220
4126 4137 8227
4163 4191 8352
4164 4176 8309
4075 4164 8215
4077 4196 8241
4109 4149 8256
4083 4086 8153
4163 4184 8311
4184 4189 8359
4166 4178 8315
4093 4187 8262
4191 4193 8376
4064 4159 8210
4183 4191 8351
4059 4134 8182
4065 4116 8144
4032 4061 8070
4136 4174 8279
4046 4056 8099
4086 4156 8240
4188 4199 8381
4149 4200 8329
4150 4169 8282
4011 4106 8099
4056 4163 8187
4163 4193 8353
4106 4186 8279
4058 4160 8182
4035 4162 8196
4076 4190 8251
4049 4089 8131
4194 4196 8369
4197 4199 8393
4191 4200 8370
4072 4084 8141
4134 4160 8286
4022 4134 8123
4172 4190 8342
4035 4155 8162
4149 4197 8314
4008 4162 8134
4111 4152 8254
4121 4164 8276
4114 4185 8294
4055 4098 8120
4003 4175 8173
4019 4194 8176
4141 4200 8333
4127 4156 8244
4177 4180 8353
4132 4159 8261
4098 4136 8212
4005 4150 8148
4185 4192 8340
4063 4082 8111
4176 4200 8368

0.010000 0.590000
