700
4263692
4211 4285 8496
4221 4284 8505
4139 4176 8315
4259 4271 8530
4194 4198 8392
4197 4205 8402
4204 4214 8418
4229 4294 8523
4223 4246 8469
4198 4252 8450
4118 4232 8350
4240 4281 8521
4281 4283 8564
4217 4234 8451
4201 4292 8493
4255 4284 8539
4297 4298 8595
4254 4255 8509
4286 4295 8581
4286 4296 8582
4175 4206 8381
4279 4292 8571
4106 4206 8312
4191 4216 8407
4109 4149 8258
4137 4161 8298
4138 4222 8360
4221 4294 8515
4241 4258 8499
4128 4246 8374
4103 4225 8328
4271 4284 8555
4110 4165 8275
4114 4145 8259
4292 4300 8592
4231 4296 8527
4181 4250 8431
4117 4220 8337
4294 4296 8590
4202 4289 8491
4144 4241 8385
4229 4272 8501
4172 4231 8403
4137 4268 8405
4160 4229 8389
4120 4174 8294
4216 4299 8515
4121 4145 8266
4296 4299 8595
4156 4196 8352
4220 4270 8490
4143 4233 8376
4178 4190 8368
4211 4229 8440
4288 4290 8578
4200 4296 8496
4128 4220 8348
4260 4284 8544
4283 4289 8572
4191 4292 8483
4110 4245 8355
4166 4205 8371
4161 4243 8404
4191 4224 8415
4199 4262 8461
4232 4244 8476
4285 4287 8572
4131 4235 8366
4149 4215 8364
4243 4271 8514
4279 4285 8564
4123 4230 8353
4213 4272 8485
4275 4290 8565
4231 4251 8482
4146 4255 8401
4297 4298 8595
4275 4282 8557
4194 4262 8456
4277 4292 8569
4168 4245 8413
4240 4278 8518
4205 4261 8466
4205 4262 8467
4101 4279 8380
4136 4140 8276
4225 4249 8474
4264 4300 8564
4236 4285 8521
4196 4292 8488
4206 4216 8422
4148 4264 8412
4202 4248 8450
4194 4208 8402
4251 4281 8532
4269 4275 8544
4293 4297 8590
4256 4294 8550
4165 4214 8379
4201 4259 8460
4129 4251 8380
4205 4234 8439
4101 4217 8318
4185 4274 8459
4261 4290 8551
4209 4240 8449
4103 4117 8220
4114 4197 8311
4278 4300 8578
4288 4290 8578
4209 4210 8419
4107 4293 8400
4138 4199 8337
4242 4256 8498
4186 4284 8470
4105 4226 8331
4192 4208 8400
4214 4296 8510
4227 4262 8489
4241 4286 8527
4119 4181 8300
4223 4290 8513
4226 4234 8460
4117 4141 8258
4132 4168 8300
4166 4169 8335
4101 4239 8340
4106 4273 8379
4120 4221 8341
4145 4216 8361
4235 4260 8495
4232 4277 8509
4249 4262 8511
4292 4295 8587
4178 4202 8380
4107 4188 8295
4136 4154 8290
4215 4253 8468
4189 4223 8412
4177 4212 8389
4252 4300 8552
4296 4300 8596
4244 4256 8500
4268 4279 8547
4110 4111 8221
4145 4263 8408
4161 4226 8387
4225 4263 8488
4164 4184 8348
4132 4282 8414
4184 4189 8373
4122 4294 8416
4249 4277 8526
4229 4249 8478
4255 4263 8518
4209 4294 8503
4117 4178 8295
4265 4287 8552
4215 4300 8515
4109 4126 8235
4297 4299 8596
4141 4179 8320
4193 4221 8414
4200 4241 8441
4239 4252 8491
4128 4217 8345
4269 4279 8548
4185 4213 8398
4168 4268 8436
4189 4208 8397
4175 4231 8406
4151 4170 8321
4133 4162 8295
4163 4184 8347
4219 4298 8517
4247 4263 8510
4138 4214 8352
4143 4150 8293
4187 4255 8442
4272 4288 8560
4161 4192 8353
4276 4290 8566
4223 4250 8473
4203 4254 8457
4115 4207 8322
4152 4188 8340
4125 4267 8392
4152 4230 8382
4172 4294 8466
4170 4284 8454
4233 4273 8506
4286 4293 8579
4184 4205 8389
4290 4295 8585
4158 4271 8429
4170 4241 8411
4193 4257 8450
4257 4298 8555
4237 4285 8522
4116 4159 8275
4267 4291 8558
4170 4236 8406
4143 4212 8355
4181 4265 8446
4273 4289 8562
4249 4268 8517
4166 4245 8411
4205 4209 8414
4193 4195 8388
4274 4278 8552
4249 4284 8533
4267 4285 8552
4126 4188 8314
4124 4279 8403
4280 4290 8570
4181 4221 8402
4285 4288 8573
4102 4208 8310
4196 4267 8463
4162 4168 8330
4146 4232 8378
4122 4240 8362
4139 4187 8326
4214 4278 8492
4260 4291 8551
4289 4299 8588
4106 4251 8357
4293 4296 8589
4103 4200 8303
4191 4214 8405
4124 4286 8410
4299 4300 8599
4161 4286 8447
4176 4273 8449
4227 4275 8502
4122 4215 8337
4215 4251 8466
4105 4226 8331
4253 4293 8546
4172 4275 8447
4193 4259 8452
4155 4252 8407
4249 4290 8539
4124 4199 8323
4235 4259 8494
4117 4124 8241
4130 4197 8327
4159 4190 8349
4246 4264 8510
4169 4236 8405
4284 4295 8579
4144 4148 8292
4151 4220 8371
4153 4184 8337
4125 4140 8265
4276 4282 8558
4150 4257 8407
4242 4264 8506
4205 4276 8481
4105 4190 8295
4130 4294 8424
4265 4290 8555
4241 4250 8491
4270 4299 8569
4227 4276 8503
4269 4299 8568
4125 4293 8418
4191 4250 8441
4176 4229 8405
4116 4249 8365
4192 4282 8474
4214 4284 8498
4107 4253 8360
4282 4285 8567
4285 4298 8583
4138 4242 8380
4266 4281 8547
4254 4290 8544
4159 4222 8381
4274 4287 8561
4231 4267 8498
4223 4240 8463
4293 4295 8588
4153 4183 8336
4234 4267 8501
4295 4297 8592
4287 4289 8576
4256 4271 8527
4198 4243 8441
4133 4157 8290
4247 4266 8513
4231 4299 8530
4129 4236 8365
4280 4295 8575
4276 4277 8553
4269 4292 8561
4225 4233 8458
4258 4284 8542
4219 4244 8463
4282 4283 8565
4164 4299 8463
4258 4264 8522
4167 4197 8364
4203 4209 8412
4150 4229 8379
4126 4181 8307
4275 4297 8572
4125 4264 8389
4288 4300 8588
4201 4248 8449
4222 4268 8490
4100 4246 8346
4223 4275 8498
4209 4222 8431
4255 4274 8529
4165 4288 8453
4204 4278 8482
4203 4274 8477
4297 4299 8596
4242 4291 8533
4226 4271 8497
4257 4283 8540
4112 4190 8302
4246 4259 8505
4126 4212 8338
4196 4257 8453
4157 4210 8367
4273 4292 8565
4226 4272 8498
4262 4281 8543
4119 4294 8413
4253 4294 8547
4258 4282 8540
4203 4234 8437
4139 4142 8281
4273 4275 8548
4123 4186 8309
4241 4242 8483
4165 4184 8349
4190 4247 8437
4112 4241 8353
4180 4219 8399
4151 4255 8406
4215 4234 8449
4255 4280 8535
4286 4298 8584
4258 4298 8556
4277 4287 8564
4204 4261 8465
4198 4210 8408
4235 4249 8484
4291 4298 8589
4277 4293 8570
4224 4229 8453
4209 4288 8497
4246 4266 8512
4174 4188 8362
4101 4182 8283
4252 4276 8528
4193 4273 8466
4222 4295 8517
4179 4193 8372
4192 4263 8455
4240 4290 8530
4266 4276 8542
4183 4213 8396
4138 4245 8383
4170 4299 8469
4105 4198 8303
4153 4287 8440
4290 4297 8587
4188 4229 8417
4240 4289 8529
4113 4240 8353
4186 4229 8415
4267 4294 8561
4206 4236 8442
4224 4245 8469
4246 4265 8511
4168 4294 8462
4179 4240 8419
4161 4263 8424
4254 4264 8518
4130 4290 8420
4205 4284 8489
4216 4262 8478
4232 4263 8495
4216 4244 8460
4131 4168 8299
4210 4293 8503
4169 4263 8432
4246 4254 8500
4119 4137 8256
4215 4278 8493
4293 4298 8591
4201 4253 8454
4165 4200 8365
4294 4296 8590
4205 4214 8419
4174 4204 8378
4161 4219 8380
4271 4275 8546
4274 4287 8561
4295 4300 8595
4144 4299 8443
4278 4284 8562
4239 4280 8519
4238 4249 8487
4109 4114 8223
4237 4297 8534
4188 4288 8476
4143 4283 8426
4136 4199 8335
4298 4300 8598
4112 4270 8382
4224 4245 8469
4115 4134 8249
4130 4231 8361
4270 4281 8551
4291 4295 8586
4181 4267 8448
4173 4285 8458
4260 4266 8526
4215 4263 8478
4170 4280 8450
4260 4274 8534
4104 4180 8284
4250 4265 8515
4163 4224 8387
4223 4261 8484
4189 4200 8389
4163 4170 8333
4170 4260 8430
4147 4261 8408
4133 4215 8348
4207 4223 8430
4193 4223 8416
4251 4255 8506
4263 4279 8542
4218 4239 8457
4108 4191 8299
4118 4193 8311
4242 4286 8528
4288 4293 8581
4148 4195 8343
4113 4284 8397
4147 4246 8393
4203 4228 8431
4262 4265 8527
4174 4221 8395
4100 4123 8223
4127 4295 8422
4212 4280 8492
4124 4127 8251
4246 4298 8544
4124 4163 8287
4146 4235 8381
4144 4227 8371
4296 4300 8596
4283 4294 8577
4131 4197 8328
4155 4254 8409
4240 4298 8538
4259 4263 8522
4261 4271 8532
4213 4286 8499
4107 4206 8313
4173 4277 8450
4123 4254 8377
4170 4272 8442
4184 4297 8481
4294 4296 8590
4130 4192 8322
4171 4178 8349
4226 4288 8514
4245 4275 8520
4223 4288 8511
4272 4274 8546
4197 4256 8453
4110 4117 8227
4247 4275 8522
4267 4290 8557
4256 4297 8553
4165 4279 8444
4206 4265 8471
4200 4228 8428
4293 4297 8590
4197 4232 8429
4133 4139 8272
4275 4278 8553
4197 4281 8478
4186 4204 8390
4110 4177 8287
4170 4225 8395
4192 4231 8423
4181 4245 8426
4210 4277 8487
4140 4272 8412
4260 4288 8548
4296 4300 8596
4101 4141 8242
4233 4299 8532
4171 4193 8364
4227 4270 8497
4288 4290 8578
4212 4235 8447
4114 4197 8311
4109 4183 8292
4296 4299 8595
4101 4257 8358
4280 4286 8566
4278 4281 8559
4189 4211 8400
4243 4245 8488
4100 4193 8293
4268 4276 8544
4150 4290 8440
4129 4144 8273
4138 4283 8421
4195 4256 8451
4131 4150 8281
4111 4264 8375
4127 4265 8392
4297 4298 8595
4235 4279 8514
4108 4149 8257
4276 4292 8568
4290 4298 8588
4176 4200 8376
4186 4255 8441
4280 4295 8575
4265 4299 8564
4128 4294 8422
4234 4272 8506
4201 4284 8485
4280 4299 8579
4205 4227 8432
4232 4299 8531
4204 4222 8426
4129 4143 8272
4271 4283 8554
4122 4260 8382
4250 4273 8523
4221 4295 8516
4289 4291 8580
4172 4197 8369
4246 4283 8529
4284 4293 8577
4258 4294 8552
4103 4263 8366
4294 4296 8590
4117 4156 8273
4125 4160 8285
4283 4288 8571
4230 4284 8514
4272 4296 8568
4211 4254 8465
4105 4152 8257
4171 4294 8465
4177 4205 8382
4103 4189 8292
4213 4296 8509
4111 4187 8298
4287 4296 8583
4203 4293 8496
4259 4298 8557
4152 4171 8323
4285 4286 8571
4290 4291 8581
4273 4299 8572
4150 4258 8408
4136 4255 8391
4222 4262 8484
4181 4252 8433
4173 4269 8442
4250 4275 8525
4162 4179 8341
4279 4281 8560
4136 4292 8428
4149 4218 8367
4179 4295 8474
4273 4287 8560
4279 4285 8564
4195 4221 8416
4115 4161 8276
4102 4117 8219
4139 4254 8393
4157 4229 8386
4174 4184 8358
4120 4128 8248
4295 4297 8592
4274 4281 8555
4113 4287 8400
4230 4262 8492
4289 4295 8584
4122 4270 8392
4255 4291 8546
4293 4297 8590
4218 4226 8444
4178 4184 8362
4134 4263 8397
4149 4270 8419
4234 4258 8492
4186 4240 8426
4178 4185 8363
4158 4244 8402
4152 4284 8436
4213 4227 8440
4241 4284 8525
4228 4280 8508
4201 4244 8445
4184 4255 8439
4160 4229 8389
4120 4141 8261
4223 4265 8488
4270 4300 8570
4180 4260 8440
4257 4275 8532
4212 4231 8443
4114 4181 8295
4291 4296 8587
4250 4275 8525
4271 4295 8566
4149 4265 8414
4180 4271 8451
4293 4299 8592
4174 4258 8432
4154 4235 8389
4284 4298 8582
4143 4231 8374
4261 4269 8530
4232 4290 8522
4210 4259 8469
4221 4274 8495
4223 4276 8499
4120 4199 8319
4246 4251 8497
4159 4234 8393
4163 4170 8333
4199 4201 8400
4174 4224 8398
4227 4291 8518
4193 4265 8458
4228 4272 8500
4281 4282 8563
4285 4298 8583
4156 4235 8391
4213 4284 8497
4153 4154 8307
4180 4296 8476
4130 4175 8305
4294 4298 8592
4162 4277 8439
4143 4228 8371
4163 4183 8346
4139 4239 8378
4192 4198 8390
4233 4262 8495
4151 4273 8424
4184 4213 8397
4217 4222 8439
4187 4251 8438
4251 4273 8524
4190 4295 8485
4206 4264 8470
4265 4287 8552
4245 4287 8532
4296 4298 8594
4120 4269 8389
4215 4236 8451
4294 4295 8589
4126 4171 8297
4256 4289 8545
4267 4273 8540
4127 4234 8361
4145 4248 8393
4256 4292 8548
4237 4249 8486
4288 4291 8579
4168 4197 8365
4145 4188 8333
4119 4287 8406
4166 4211 8377
4202 4203 8405
4189 4226 8415
4151 4245 8396
4211 4282 8493
4283 4296 8579
4286 4299 8585
4228 4291 8519
4226 4234 8460
4299 4300 8599
4214 4263 8477
4255 4270 8525
4235 4277 8512
4229 4298 8527
4193 4274 8467
4160 4247 8407
4284 4288 8572
4197 4250 8447

4111 4185 8260
4121 4184 8285
4039 4076 8095
4159 4171 8327
4094 4098 8156
4097 4105 8166
4104 4114 8200
4129 4194 8291
4123 4146 8250
4098 4152 8246
4018 4132 8122
4140 4181 8316
4181 4183 8325
4117 4134 8214
4101 4192 8264
4155 4184 8315
4197 4198 8369
4154 4155 8273
4186 4195 8343
4186 4196 8345
4075 4106 8158
4179 4192 8361
4006 4106 8107
4091 4116 8186
4009 4049 8020
4037 4061 8088
4038 4122 8123
4121 4194 8310
4141 4158 8274
4028 4146 8168
4003 4125 8091
4171 4184 8329
4010 4065 8072
4014 4045 8036
4192 4200 8390
4131 4196 8297
4081 4150 8201
4017 4120 8110
4194 4196 8355
4102 4189 8275
4044 4141 8154
4129 4172 8262
4072 4131 8172
4037 4168 8199
4060 4129 8172
4020 4074 8061
4116 4199 8308
4021 4045 8036
4196 4199 8391
4056 4096 8135
4120 4170 8284
4043 4133 8158
4078 4090 8143
4111 4129 8229
4188 4190 8377
4100 4196 8282
4028 4120 8112
4160 4184 8313
4183 4189 8352
4091 4192 8249
4010 4145 8140
4066 4105 8166
4061 4143 8170
4091 4124 8181
4099 4162 8237
4132 4144 8261
4185 4187 8365
4031 4135 8152
4049 4115 8136
4143 4171 8287
4179 4185 8331
4023 4130 8132
4113 4172 8281
4175 4190 8341
4131 4151 8258
4046 4155 8193
4197 4198 8366
4175 4182 8339
4094 4162 8220
4177 4192 8355
4068 4145 8203
4140 4178 8302
4105 4161 8233
4105 4162 8257
4001 4179 8165
4036 4040 8052
4125 4149 8241
4164 4200 8354
4136 4185 8314
4096 4192 8285
4106 4116 8215
4048 4164 8210
4102 4148 8227
4094 4108 8192
4151 4181 8301
4169 4175 8315
4193 4197 8353
4156 4194 8311
4065 4114 8164
4101 4159 8233
4029 4151 8160
4105 4134 8233
4001 4117 8104
4085 4174 8222
4161 4190 8312
4109 4140 8214
4003 4017 7993
4014 4097 8108
4178 4200 8358
4188 4190 8342
4109 4110 8203
4007 4193 8170
4038 4099 8132
4142 4156 8275
4086 4184 8238
4005 4126 8093
4092 4108 8163
4114 4196 8294
4127 4162 8271
4141 4186 8300
4019 4081 8067
4123 4190 8284
4126 4134 8254
4017 4041 8036
4032 4068 8070
4066 4069 8120
4001 4139 8131
4006 4173 8160
4020 4121 8126
4045 4116 8134
4135 4160 8264
4132 4177 8301
4149 4162 8286
4192 4195 8375
4078 4102 8167
4007 4088 8078
4036 4054 8068
4115 4153 8233
4089 4123 8190
4077 4112 8180
4152 4200 8337
4196 4200 8368
4144 4156 8267
4168 4179 8314
4010 4011 8018
4045 4163 8183
4061 4126 8174
4125 4163 8275
4064 4084 8120
4032 4182 8192
4084 4089 8140
4022 4194 8203
4149 4177 8295
4129 4149 8265
4155 4163 8285
4109 4194 8296
4017 4078 8092
4165 4187 8330
4115 4200 8280
4009 4026 8011
4197 4199 8380
4041 4079 8117
4093 4121 8193
4100 4141 8238
4139 4152 8265
4028 4117 8129
4169 4179 8309
4085 4113 8183
4068 4168 8233
4089 4108 8184
4075 4131 8196
4051 4070 8100
4033 4062 8059
4063 4084 8142
4119 4198 8311
4147 4163 8308
4038 4114 8128
4043 4050 8067
4087 4155 8219
4172 4188 8357
4061 4092 8141
4176 4190 8356
4123 4150 8252
4103 4154 8240
4015 4107 8084
4052 4088 8112
4025 4167 8172
4052 4130 8160
4072 4194 8243
4070 4184 8217
4133 4173 8295
4186 4193 8367
4084 4105 8176
4190 4195 8384
4058 4171 8193
4070 4141 8196
4093 4157 8220
4157 4198 8330
4137 4185 8319
4016 4059 8072
4167 4191 8349
4070 4136 8172
4043 4112 8131
4081 4165 8212
4173 4189 8338
4149 4168 8279
4066 4145 8204
4105 4109 8202
4093 4095 8185
4174 4178 8313
4149 4184 8318
4167 4185 8319
4026 4088 8083
4024 4179 8202
4180 4190 8366
4081 4121 8195
4185 4188 8348
4002 4108 8083
4096 4167 8241
4062 4068 8104
4046 4132 8176
4022 4140 8125
4039 4087 8107
4114 4178 8264
4160 4191 8346
4189 4199 8381
4006 4151 8132
4193 4196 8378
4003 4100 8087
4091 4114 8192
4024 4186 8196
4199 4200 8376
4061 4186 8213
4076 4173 8248
4127 4175 8296
4022 4115 8120
4115 4151 8237
4005 4126 8129
4153 4193 8343
4072 4175 8240
4093 4159 8215
4055 4152 8186
4149 4190 8320
4024 4099 8101
4135 4159 8292
4017 4024 8030
4030 4097 8090
4059 4090 8139
4146 4164 8289
4069 4136 8169
4184 4195 8360
4044 4048 8055
4051 4120 8164
4053 4084 8111
4025 4040 8054
4176 4182 8325
4050 4157 8203
4142 4164 8286
4105 4176 8249
4005 4090 8079
4030 4194 8216
4165 4190 8317
4141 4150 8259
4170 4199 8356
4127 4176 8284
4169 4199 8348
4025 4193 8207
4091 4150 8225
4076 4129 8200
4016 4149 8164
4092 4182 8254
4114 4184 8269
4007 4153 8156
4182 4185 8344
4185 4198 8368
4038 4142 8149
4166 4181 8340
4154 4190 8321
4059 4122 8173
4174 4187 8332
4131 4167 8296
4123 4140 8239
4193 4195 8364
4053 4083 8105
4134 4167 8270
4195 4197 8370
4187 4189 8371
4156 4171 8304
4098 4143 8209
4033 4057 8089
4147 4166 8312
4131 4199 8316
4029 4136 8158
4180 4195 8352
4176 4177 8341
4169 4192 8331
4125 4133 8234
4158 4184 8337
4119 4144 8255
4182 4183 8362
4064 4199 8248
4158 4164 8318
4067 4097 8142
4103 4109 8202
4050 4129 8149
4026 4081 8083
4175 4197 8369
4025 4164 8173
4188 4200 8379
4101 4148 8221
4122 4168 8280
4000 4146 8130
4123 4175 8295
4109 4122 8196
4155 4174 8323
4065 4188 8245
4104 4178 8244
4103 4174 8238
4197 4199 8389
4142 4191 8319
4126 4171 8263
4157 4183 8335
4012 4090 8077
4146 4159 8277
4026 4112 8109
4096 4157 8228
4057 4110 8145
4173 4192 8359
4126 4172 8280
4162 4181 8307
4019 4194 8199
4153 4194 8312
4158 4182 8322
4103 4134 8235
4039 4042 8075
4173 4175 8311
4023 4086 8075
4141 4142 8272
4065 4084 8138
4090 4147 8216
4012 4141 8148
4080 4119 8192
4051 4155 8194
4115 4134 8210
4155 4180 8322
4186 4198 8351
4158 4198 8346
4177 4187 8346
4104 4161 8245
4098 4110 8171
4135 4149 8283
4191 4198 8357
4177 4193 8352
4124 4129 8241
4109 4188 8266
4146 4166 8279
4074 4088 8146
4001 4082 8064
4152 4176 8293
4093 4173 8242
4122 4195 8315
4079 4093 8136
4092 4163 8248
4140 4190 8315
4166 4176 8303
4083 4113 8179
4038 4145 8162
4070 4199 8242
4005 4098 8094
4053 4187 8221
4190 4197 8366
4088 4129 8200
4140 4189 8326
4013 4140 8121
4086 4129 8191
4167 4194 8347
4106 4136 8212
4124 4145 8238
4146 4165 8296
4068 4194 8235
4079 4140 8203
4061 4163 8186
4154 4164 8296
4030 4190 8205
4105 4184 8255
4116 4162 8267
4132 4163 8270
4116 4144 8235
4031 4068 8087
4110 4193 8284
4069 4163 8201
4146 4154 8268
4019 4037 8049
4115 4178 8259
4193 4198 8365
4101 4153 8221
4065 4100 8136
4194 4196 8372
4105 4114 8215
4074 4104 8150
4061 4119 8153
4171 4175 8317
4174 4187 8336
4195 4200 8366
4044 4199 8208
4178 4184 8340
4139 4180 8292
4138 4149 8278
4009 4014 7998
4137 4197 8320
4088 4188 8267
4043 4183 8201
4036 4099 8132
4198 4200 8388
4012 4170 8147
4124 4145 8236
4015 4034 8046
4030 4131 8154
4170 4181 8315
4191 4195 8364
4081 4167 8247
4073 4185 8244
4160 4166 8322
4115 4163 8264
4070 4180 8216
4160 4174 8304
4004 4080 8065
4150 4165 8312
4063 4124 8156
4123 4161 8250
4089 4100 8152
4063 4070 8132
4070 4160 8221
4047 4161 8197
4033 4115 8139
4107 4123 8207
4093 4123 8199
4151 4155 8291
4163 4179 8333
4118 4139 8227
4008 4091 8096
4018 4093 8098
4142 4186 8321
4188 4193 8369
4048 4095 8131
4013 4184 8194
4047 4146 8159
4103 4128 8227
4162 4165 8295
4074 4121 8187
4000 4023 8001
4027 4195 8191
4112 4180 8275
4024 4027 8013
4146 4198 8342
4024 4063 8081
4046 4135 8164
4044 4127 8137
4196 4200 8367
4183 4194 8371
4031 4097 8122
4055 4154 8191
4140 4198 8300
4159 4163 8306
4161 4171 8328
4113 4186 8268
4007 4106 8103
4073 4177 8248
4023 4154 8156
4070 4172 8222
4084 4197 8275
4194 4196 8389
4030 4092 8111
4071 4078 8140
4126 4188 8275
4145 4175 8287
4123 4188 8284
4172 4174 8324
4097 4156 8221
4010 4017 8025
4147 4175 8308
4167 4190 8350
4156 4197 8326
4065 4179 8234
4106 4165 8249
4100 4128 8222
4193 4197 8383
4097 4132 8228
4033 4039 8038
4175 4178 8318
4097 4181 8272
4086 4104 8175
4010 4077 8077
4070 4125 8174
4092 4131 8205
4081 4145 8220
4110 4177 8276
4040 4172 8188
4160 4188 8340
4196 4200 8367
4001 4041 8037
4133 4199 8312
4071 4093 8139
4127 4170 8295
4188 4190 8341
4112 4135 8213
4014 4097 8076
4009 4083 8086
4196 4199 8359
4001 4157 8122
4180 4186 8329
4178 4181 8321
4089 4111 8165
4143 4145 8273
4000 4093 8092
4168 4176 8335
4050 4190 8222
4029 4044 8061
4038 4183 8204
4095 4156 8229
4031 4050 8051
4011 4164 8159
4027 4165 8185
4197 4198 8384
4135 4179 8285
4008 4049 8044
4176 4192 8343
4190 4198 8354
4076 4100 8163
4086 4155 8235
4180 4195 8363
4165 4199 8331
4028 4194 8207
4134 4172 8296
4101 4184 8281
4180 4199 8377
4105 4127 8226
4132 4199 8299
4104 4122 8201
4029 4043 8053
4171 4183 8316
4022 4160 8147
4150 4173 8299
4121 4195 8297
4189 4191 8361
4072 4097 8137
4146 4183 8325
4184 4193 8376
4158 4194 8313
4003 4163 8136
4194 4196 8372
4017 4056 8056
4025 4060 8060
4183 4188 8334
4130 4184 8308
4172 4196 8344
4111 4154 8233
4005 4052 8042
4071 4194 8261
4077 4105 8169
4003 4089 8077
4113 4196 8273
4011 4087 8083
4187 4196 8362
4103 4193 8263
4159 4198 8327
4052 4071 8110
4185 4186 8355
4190 4191 8342
4173 4199 8346
4050 4158 8196
4036 4155 8181
4122 4162 8278
4081 4152 8213
4073 4169 8216
4150 4175 8289
4062 4079 8120
4179 4181 8326
4036 4192 8197
4049 4118 8130
4079 4195 8242
4173 4187 8331
4179 4185 8359
4095 4121 8205
4015 4061 8056
4002 4017 8001
4039 4154 8162
4057 4129 8160
4074 4084 8133
4020 4028 8021
4195 4197 8353
4174 4181 8327
4013 4187 8183
4130 4162 8278
4189 4195 8369
4022 4170 8184
4155 4191 8317
4193 4197 8351
4118 4126 8226
4078 4084 8126
4034 4163 8196
4049 4170 8214
4134 4158 8262
4086 4140 8203
4078 4085 8152
4058 4144 8171
4052 4184 8232
4113 4127 8207
4141 4184 8297
4128 4180 8294
4101 4144 8229
4084 4155 8203
4060 4129 8168
4020 4041 8023
4123 4165 8273
4170 4200 8345
4080 4160 8230
4157 4175 8315
4112 4131 8230
4014 4081 8068
4191 4196 8382
4150 4175 8303
4171 4195 8362
4049 4165 8176
4080 4171 8227
4193 4199 8365
4074 4158 8206
4054 4135 8156
4184 4198 8364
4043 4131 8140
4161 4169 8309
4132 4190 8305
4110 4159 8236
4121 4174 8260
4123 4176 8279
4020 4099 8081
4146 4151 8261
4059 4134 8179
4063 4070 8130
4099 4101 8190
4074 4124 8176
4127 4191 8303
4093 4165 8248
4128 4172 8293
4181 4182 8354
4185 4198 8378
4056 4135 8187
4113 4184 8287
4053 4054 8092
4080 4196 8244
4030 4075 8080
4194 4198 8369
4062 4177 8222
4043 4128 8156
4063 4083 8112
4039 4139 8159
4092 4098 8162
4133 4162 8273
4051 4173 8220
4084 4113 8188
4117 4122 8216
4087 4151 8228
4151 4173 8301
4090 4195 8268
4106 4164 8258
4165 4187 8349
4145 4187 8325
4196 4198 8385
4020 4169 8159
4115 4136 8235
4194 4195 8387
4026 4071 8075
4156 4189 8307
4167 4173 8302
4027 4134 8135
4045 4148 8180
4156 4192 8331
4137 4149 8253
4188 4191 8361
4068 4097 8153
4045 4088 8124
4019 4187 8205
4066 4111 8167
4102 4103 8184
4089 4126 8214
4051 4145 8189
4111 4182 8275
4183 4196 8371
4186 4199 8377
4128 4191 8280
4126 4134 8225
4199 4200 8372
4114 4163 8258
4155 4170 8293
4135 4177 8278
4129 4198 8299
4093 4174 8259
4060 4147 8184
4184 4188 8351
4097 4150 8244

0.010000 0.740000
