800
4608669
4222 4273 8495
4244 4297 8541
4124 4226 8350
4112 4166 8278
4202 4220 8422
4203 4238 8441
4201 4207 8408
4262 4292 8554
4134 4252 8386
4295 4298 8593
4288 4299 8587
4111 4258 8369
4161 4273 8434
4118 4183 8301
4217 4281 8498
4275 4276 8551
4235 4261 8496
4178 4296 8474
4237 4274 8511
4268 4269 8537
4267 4268 8535
4250 4299 8549
4230 4265 8495
4182 4295 8477
4217 4246 8463
4119 4188 8307
4168 4174 8342
4287 4297 8584
4120 4133 8253
4171 4174 8345
4135 4281 8416
4232 4287 8519
4199 4286 8485
4254 4264 8518
4274 4298 8572
4195 4223 8418
4153 4276 8429
4249 4293 8542
4247 4288 8535
4133 4229 8362
4107 4278 8385
4222 4234 8456
4112 4183 8295
4230 4264 8494
4294 4298 8592
4135 4184 8319
4214 4260 8474
4167 4258 8425
4261 4262 8523
4167 4216 8383
4149 4184 8333
4227 4249 8476
4151 4195 8346
4207 4235 8442
4168 4209 8377
4169 4256 8425
4209 4229 8438
4234 4245 8479
4253 4288 8541
4129 4238 8367
4205 4215 8420
4139 4260 8399
4123 4280 8403
4150 4219 8369
4151 4244 8395
4213 4262 8475
4170 4172 8342
4228 4282 8510
4241 4267 8508
4147 4159 8306
4258 4276 8534
4250 4296 8546
4156 4265 8421
4170 4206 8376
4208 4221 8429
4137 4223 8360
4106 4242 8348
4212 4288 8500
4207 4248 8455
4294 4297 8591
4177 4191 8368
4286 4290 8576
4299 4300 8599
4293 4295 8588
4169 4220 8389
4148 4298 8446
4258 4265 8523
4207 4297 8504
4201 4249 8450
4268 4278 8546
4142 4271 8413
4109 4265 8374
4230 4282 8512
4257 4266 8523
4245 4248 8493
4285 4288 8573
4245 4271 8516
4290 4293 8583
4131 4244 8375
4148 4300 8448
4243 4271 8514
4114 4269 8383
4235 4242 8477
4246 4275 8521
4138 4209 8347
4225 4298 8523
4184 4267 8451
4298 4299 8597
4181 4204 8385
4186 4227 8413
4138 4199 8337
4154 4280 8434
4207 4268 8475
4175 4265 8440
4126 4284 8410
4162 4272 8434
4153 4162 8315
4211 4269 8480
4166 4262 8428
4126 4182 8308
4185 4243 8428
4134 4288 8422
4283 4285 8568
4201 4208 8409
4122 4249 8371
4262 4275 8537
4127 4251 8378
4251 4269 8520
4289 4296 8585
4204 4288 8492
4287 4289 8576
4180 4209 8389
4222 4286 8508
4101 4121 8222
4103 4300 8403
4191 4207 8398
4147 4192 8339
4155 4188 8343
4128 4193 8321
4297 4298 8595
4160 4216 8376
4164 4215 8379
4215 4283 8498
4281 4295 8576
4208 4295 8503
4129 4154 8283
4120 4144 8264
4258 4289 8547
4293 4297 8590
4225 4255 8480
4218 4235 8453
4271 4288 8559
4226 4271 8497
4255 4264 8519
4203 4218 8421
4239 4299 8538
4298 4299 8597
4226 4228 8454
4223 4279 8502
4274 4296 8570
4260 4286 8546
4156 4207 8363
4148 4261 8409
4107 4156 8263
4258 4295 8553
4157 4168 8325
4257 4261 8518
4262 4274 8536
4249 4288 8537
4177 4298 8475
4207 4251 8458
4108 4112 8220
4131 4236 8367
4112 4186 8298
4240 4283 8523
4221 4250 8471
4274 4294 8568
4188 4278 8466
4143 4194 8337
4157 4192 8349
4231 4282 8513
4225 4278 8503
4167 4171 8338
4123 4167 8290
4156 4253 8409
4208 4229 8437
4176 4215 8391
4142 4226 8368
4189 4290 8479
4284 4289 8573
4182 4226 8408
4249 4254 8503
4269 4270 8539
4193 4225 8418
4267 4293 8560
4168 4203 8371
4119 4215 8334
4266 4289 8555
4248 4279 8527
4116 4269 8385
4212 4249 8461
4123 4283 8406
4199 4229 8428
4236 4259 8495
4204 4295 8499
4102 4134 8236
4275 4296 8571
4221 4224 8445
4104 4250 8354
4178 4189 8367
4172 4274 8446
4195 4225 8420
4262 4298 8560
4209 4233 8442
4133 4267 8400
4272 4277 8549
4141 4278 8419
4216 4247 8463
4248 4288 8536
4221 4232 8453
4251 4292 8543
4237 4238 8475
4116 4124 8240
4280 4292 8572
4132 4288 8420
4284 4293 8577
4276 4281 8557
4197 4249 8446
4294 4297 8591
4171 4198 8369
4187 4284 8471
4175 4273 8448
4138 4189 8327
4176 4228 8404
4158 4186 8344
4169 4195 8364
4245 4279 8524
4135 4214 8349
4282 4285 8567
4241 4284 8525
4263 4300 8563
4137 4156 8293
4295 4296 8591
4100 4300 8400
4298 4300 8598
4105 4269 8374
4156 4262 8418
4216 4278 8494
4191 4238 8429
4152 4243 8395
4116 4289 8405
4150 4214 8364
4157 4171 8328
4188 4240 8428
4128 4172 8300
4110 4249 8359
4170 4210 8380
4173 4281 8454
4119 4181 8300
4113 4235 8348
4158 4218 8376
4289 4294 8583
4219 4220 8439
4177 4282 8459
4269 4272 8541
4265 4296 8561
4117 4277 8394
4123 4165 8288
4237 4257 8494
4243 4262 8505
4275 4291 8566
4112 4139 8251
4257 4294 8551
4121 4225 8346
4143 4224 8367
4289 4290 8579
4244 4257 8501
4210 4256 8466
4211 4223 8434
4226 4255 8481
4113 4268 8381
4272 4292 8564
4252 4271 8523
4288 4292 8580
4234 4253 8487
4202 4259 8461
4188 4223 8411
4261 4280 8541
4270 4282 8552
4259 4280 8539
4115 4167 8282
4164 4235 8399
4272 4283 8555
4163 4215 8378
4112 4198 8310
4161 4266 8427
4117 4299 8416
4237 4270 8507
4123 4278 8401
4171 4253 8424
4149 4171 8320
4193 4249 8442
4239 4273 8512
4172 4291 8463
4125 4157 8282
4267 4277 8544
4262 4271 8533
4232 4247 8479
4219 4268 8487
4220 4225 8445
4132 4146 8278
4277 4285 8562
4219 4266 8485
4111 4116 8227
4207 4209 8416
4219 4295 8514
4194 4244 8438
4111 4137 8248
4190 4241 8431
4124 4137 8261
4256 4261 8517
4287 4296 8583
4233 4291 8524
4150 4249 8399
4282 4296 8578
4138 4259 8397
4298 4300 8598
4174 4251 8425
4224 4282 8506
4221 4296 8517
4266 4281 8547
4175 4181 8356
4140 4223 8363
4250 4286 8536
4181 4203 8384
4236 4238 8474
4243 4261 8504
4262 4264 8526
4106 4190 8296
4267 4276 8543
4264 4297 8561
4294 4296 8590
4245 4276 8521
4291 4293 8584
4190 4215 8405
4189 4226 8415
4111 4116 8227
4183 4283 8466
4205 4266 8471
4178 4212 8390
4255 4295 8550
4299 4300 8599
4193 4256 8449
4216 4256 8472
4218 4242 8460
4167 4226 8393
4190 4238 8428
4189 4221 8410
4168 4208 8376
4210 4274 8484
4112 4247 8359
4160 4274 8434
4280 4299 8579
4257 4297 8554
4250 4270 8520
4109 4267 8376
4207 4225 8432
4288 4290 8578
4260 4300 8560
4243 4290 8533
4108 4294 8402
4176 4247 8423
4137 4276 8413
4224 4233 8457
4143 4172 8315
4195 4205 8400
4145 4291 8436
4244 4275 8519
4202 4211 8413
4148 4222 8370
4188 4200 8388
4235 4277 8512
4103 4287 8390
4226 4245 8471
4176 4198 8374
4191 4248 8439
4124 4149 8273
4231 4268 8499
4116 4127 8243
4261 4264 8525
4211 4225 8436
4196 4281 8477
4196 4248 8444
4215 4293 8508
4110 4300 8410
4159 4224 8383
4111 4160 8271
4203 4259 8462
4179 4213 8392
4193 4298 8491
4191 4220 8411
4258 4298 8556
4148 4156 8304
4145 4293 8438
4256 4282 8538
4204 4231 8435
4209 4240 8449
4253 4272 8525
4172 4284 8456
4289 4300 8589
4201 4217 8418
4170 4242 8412
4278 4295 8573
4211 4214 8425
4214 4255 8469
4154 4167 8321
4141 4260 8401
4203 4263 8466
4183 4265 8448
4118 4293 8411
4266 4293 8559
4194 4272 8466
4244 4293 8537
4268 4277 8545
4269 4275 8544
4226 4244 8470
4116 4282 8398
4251 4297 8548
4204 4211 8415
4123 4222 8345
4194 4232 8426
4181 4291 8472
4156 4230 8386
4210 4218 8428
4113 4126 8239
4172 4265 8437
4285 4292 8577
4287 4293 8580
4157 4262 8419
4241 4269 8510
4128 4231 8359
4295 4300 8595
4204 4274 8478
4161 4173 8334
4171 4204 8375
4266 4291 8557
4227 4256 8483
4137 4171 8308
4224 4298 8522
4229 4268 8497
4245 4248 8493
4124 4180 8304
4234 4262 8496
4259 4274 8533
4209 4260 8469
4106 4209 8315
4122 4209 8331
4152 4201 8353
4266 4276 8542
4292 4296 8588
4232 4268 8500
4166 4298 8464
4204 4244 8448
4229 4251 8480
4276 4288 8564
4180 4187 8367
4173 4216 8389
4187 4250 8437
4110 4221 8331
4268 4293 8561
4161 4167 8328
4239 4294 8533
4108 4208 8316
4108 4201 8309
4186 4264 8450
4161 4221 8382
4180 4244 8424
4159 4300 8459
4280 4296 8576
4104 4255 8359
4202 4214 8416
4157 4294 8451
4164 4196 8360
4241 4251 8492
4100 4180 8280
4265 4274 8539
4242 4265 8507
4126 4208 8334
4251 4277 8528
4233 4241 8474
4208 4291 8499
4129 4147 8276
4283 4300 8583
4124 4209 8333
4161 4254 8415
4121 4194 8315
4278 4282 8560
4199 4219 8418
4174 4255 8429
4141 4185 8326
4205 4298 8503
4265 4273 8538
4191 4256 8447
4103 4253 8356
4208 4293 8501
4160 4296 8456
4133 4218 8351
4163 4234 8397
4200 4250 8450
4251 4283 8534
4267 4296 8563
4191 4281 8472
4250 4292 8542
4226 4256 8482
4141 4235 8376
4149 4283 8432
4230 4290 8520
4115 4136 8251
4281 4296 8577
4256 4287 8543
4288 4290 8578
4191 4210 8401
4133 4218 8351
4172 4205 8377
4134 4227 8361
4188 4256 8444
4208 4266 8474
4114 4187 8301
4290 4297 8587
4180 4289 8469
4205 4286 8491
4210 4254 8464
4298 4299 8597
4166 4169 8335
4277 4295 8572
4297 4300 8597
4197 4246 8443
4164 4191 8355
4275 4281 8556
4285 4289 8574
4119 4184 8303
4133 4171 8304
4149 4216 8365
4111 4237 8348
4217 4262 8479
4293 4295 8588
4192 4238 8430
4185 4237 8422
4242 4243 8485
4146 4235 8381
4284 4296 8580
4128 4146 8274
4202 4255 8457
4263 4279 8542
4210 4250 8460
4116 4169 8285
4112 4209 8321
4183 4216 8399
4219 4267 8486
4270 4292 8562
4113 4117 8230
4154 4283 8437
4138 4216 8354
4258 4285 8543
4163 4189 8352
4292 4298 8590
4243 4273 8516
4221 4290 8511
4178 4243 8421
4184 4296 8480
4157 4185 8342
4104 4134 8238
4242 4257 8499
4262 4282 8544
4278 4279 8557
4278 4291 8569
4118 4199 8317
4293 4298 8591
4173 4232 8405
4275 4300 8575
4143 4290 8433
4261 4263 8524
4277 4295 8572
4183 4241 8424
4232 4270 8502
4204 4255 8459
4191 4252 8443
4217 4263 8480
4233 4265 8498
4132 4175 8307
4160 4254 8414
4295 4300 8595
4178 4257 8435
4266 4279 8545
4149 4244 8393
4276 4282 8558
4138 4298 8436
4195 4225 8420
4179 4198 8377
4123 4250 8373
4223 4249 8472
4195 4239 8434
4131 4139 8270
4221 4227 8448
4192 4234 8426
4294 4295 8589
4269 4282 8551
4286 4296 8582
4273 4284 8557
4179 4187 8366
4220 4259 8479
4173 4289 8462
4126 4213 8339
4261 4269 8530
4242 4273 8515
4267 4277 8544
4218 4288 8506
4116 4143 8259
4132 4267 8399
4187 4200 8387
4298 4300 8598
4292 4295 8587
4128 4276 8404
4299 4300 8599
4293 4298 8591
4108 4192 8300
4133 4158 8291
4179 4288 8467
4238 4255 8493
4290 4292 8582
4100 4233 8333
4252 4273 8525
4277 4300 8577
4125 4196 8321
4165 4287 8452
4258 4259 8517
4249 4255 8504
4116 4242 8358
4100 4252 8352
4166 4288 8454
4106 4289 8395
4286 4300 8586
4148 4279 8427
4285 4298 8583
4102 4219 8321
4113 4136 8249
4292 4299 8591
4101 4234 8335
4273 4297 8570
4215 4277 8492
4273 4296 8569
4194 4228 8422
4194 4205 8399
4246 4278 8524
4179 4264 8443
4204 4291 8495
4299 4300 8599
4191 4254 8445
4292 4295 8587
4268 4292 8560
4104 4224 8328
4130 4200 8330
4245 4275 8520
4198 4239 8437
4251 4266 8517
4184 4230 8414
4299 4300 8599
4233 4294 8527
4142 4186 8328
4217 4287 8504
4273 4299 8572
4157 4196 8353
4242 4269 8511
4231 4253 8484
4215 4278 8493
4149 4253 8402
4103 4270 8373
4250 4284 8534
4266 4273 8539
4150 4222 8372
4276 4294 8570
4238 4284 8522
4229 4288 8517
4166 4173 8339
4129 4228 8357
4219 4251 8470
4296 4298 8594
4201 4297 8498
4138 4236 8374
4140 4175 8315
4208 4228 8436
4208 4255 8463
4159 4246 8405
4162 4215 8377
4223 4284 8507
4131 4143 8274
4129 4249 8378
4130 4158 8288
4124 4206 8330
4281 4286 8567
4190 4293 8483
4148 4218 8366
4189 4245 8434
4141 4209 8350
4112 4237 8349
4181 4190 8371
4259 4280 8539
4251 4282 8533
4113 4184 8297
4272 4285 8557
4270 4286 8556
4148 4196 8344
4147 4207 8354
4265 4295 8560
4162 4276 8438
4287 4299 8586
4264 4265 8529
4194 4234 8428
4297 4298 8595
4289 4297 8586
4261 4284 8545
4194 4274 8468
4106 4218 8324
4183 4196 8379
4283 4300 8583
4203 4269 8472
4298 4299 8597
4153 4198 8351
4263 4279 8542
4203 4248 8451
4105 4258 8363
4265 4298 8563
4297 4300 8597
4262 4300 8562
4208 4276 8484
4237 4265 8502
4148 4289 8437
4185 4284 8469
4161 4242 8403
4241 4300 8541
4205 4272 8477
4106 4284 8390
4230 4285 8515
4105 4260 8365
4207 4298 8505
4295 4296 8591
4110 4139 8249
4230 4246 8476
4245 4288 8533
4124 4227 8351
4188 4238 8426
4246 4285 8531
4217 4268 8485
4178 4222 8400
4226 4250 8476
4137 4243 8380
4172 4183 8355
4196 4207 8403
4165 4298 8463
4114 4175 8289
4142 4202 8344
4292 4300 8592
4154 4296 8450
4139 4289 8428
4152 4279 8431
4142 4182 8324
4217 4284 8501
4173 4229 8402
4151 4270 8421
4107 4129 8236
4248 4277 8525
4158 4297 8455
4170 4259 8429
4185 4225 8410
4107 4151 8258
4139 4148 8287
4111 4255 8366
4177 4291 8468
4290 4293 8583
4161 4232 8393
4275 4297 8572
4257 4261 8518
4170 4243 8413
4119 4224 8343
4192 4212 8404
4195 4198 8393
4247 4269 8516
4271 4298 8569
4211 4253 8464
4190 4208 8398
4114 4115 8229
4100 4168 8268
4125 4230 8355
4236 4250 8486
4127 4208 8335
4214 4246 8460
4233 4267 8500
4205 4214 8419
4170 4281 8451
4284 4293 8577

4122 4173 8256
4144 4197 8318
4024 4126 8127
4012 4066 8072
4102 4120 8204
4103 4138 8210
4101 4107 8182
4162 4192 8338
4034 4152 8185
4195 4198 8379
4188 4199 8372
4011 4158 8141
4061 4173 8229
4018 4083 8100
4117 4181 8292
4175 4176 8314
4135 4161 8257
4078 4196 8252
4137 4174 8272
4168 4169 8312
4167 4168 8330
4150 4199 8316
4130 4165 8290
4082 4195 8257
4117 4146 8227
4019 4088 8100
4068 4074 8130
4187 4197 8376
4020 4033 8025
4071 4074 8143
4035 4181 8188
4132 4187 8310
4099 4186 8265
4154 4164 8279
4174 4198 8339
4095 4123 8205
4053 4176 8224
4149 4193 8316
4147 4188 8296
4033 4129 8153
4007 4178 8183
4122 4134 8252
4012 4083 8086
4130 4164 8258
4194 4198 8353
4035 4084 8118
4114 4160 8259
4067 4158 8217
4161 4162 8313
4067 4116 8145
4049 4084 8129
4127 4149 8268
4051 4095 8111
4107 4135 8226
4068 4109 8168
4069 4156 8201
4109 4129 8230
4134 4145 8259
4153 4188 8326
4029 4138 8165
4105 4115 8185
4039 4160 8161
4023 4180 8188
4050 4119 8146
4051 4144 8191
4113 4162 8241
4070 4072 8123
4128 4182 8295
4141 4167 8283
4047 4059 8084
4158 4176 8302
4150 4196 8329
4056 4165 8192
4070 4106 8139
4108 4121 8209
4037 4123 8135
4006 4142 8147
4112 4188 8290
4107 4148 8228
4194 4197 8357
4077 4091 8144
4186 4190 8367
4199 4200 8377
4193 4195 8375
4069 4120 8159
4048 4198 8244
4158 4165 8319
4107 4197 8281
4101 4149 8222
4168 4178 8311
4042 4171 8175
4009 4165 8153
4130 4182 8287
4157 4166 8307
4145 4148 8277
4185 4188 8366
4145 4171 8290
4190 4193 8374
4031 4144 8166
4048 4200 8226
4143 4171 8278
4014 4169 8160
4135 4142 8245
4146 4175 8285
4038 4109 8120
4125 4198 8286
4084 4167 8238
4198 4199 8375
4081 4104 8171
4086 4127 8193
4038 4099 8129
4054 4180 8200
4107 4168 8236
4075 4165 8206
4026 4184 8191
4062 4172 8228
4053 4062 8113
4111 4169 8263
4066 4162 8200
4026 4082 8080
4085 4143 8227
4034 4188 8217
4183 4185 8357
4101 4108 8205
4022 4149 8160
4162 4175 8299
4027 4151 8173
4151 4169 8281
4189 4196 8377
4104 4188 8263
4187 4189 8369
4080 4109 8164
4122 4186 8287
4001 4021 8001
4003 4200 8190
4091 4107 8171
4047 4092 8128
4055 4088 8128
4028 4093 8108
4197 4198 8380
4060 4116 8172
4064 4115 8141
4115 4183 8262
4181 4195 8370
4108 4195 8287
4029 4054 8063
4020 4044 8028
4158 4189 8321
4193 4197 8379
4125 4155 8254
4118 4135 8214
4171 4188 8352
4126 4171 8260
4155 4164 8313
4103 4118 8211
4139 4199 8299
4198 4199 8391
4126 4128 8232
4123 4179 8287
4174 4196 8349
4160 4186 8342
4056 4107 8161
4048 4161 8190
4007 4056 8056
4158 4195 8338
4057 4068 8094
4157 4161 8283
4162 4174 8316
4149 4188 8321
4077 4198 8254
4107 4151 8235
4008 4012 7997
4031 4136 8158
4012 4086 8062
4140 4183 8315
4121 4150 8238
4174 4194 8352
4088 4178 8258
4043 4094 8105
4057 4092 8138
4131 4182 8283
4125 4178 8273
4067 4071 8116
4023 4067 8081
4056 4153 8206
4108 4129 8212
4076 4115 8185
4042 4126 8136
4089 4190 8251
4184 4189 8357
4082 4126 8172
4149 4154 8286
4169 4170 8317
4093 4125 8184
4167 4193 8338
4068 4103 8140
4019 4115 8100
4166 4189 8336
4148 4179 8312
4016 4169 8165
4112 4149 8231
4023 4183 8184
4099 4129 8198
4136 4159 8292
4104 4195 8262
4002 4034 8023
4175 4196 8368
4121 4124 8229
4004 4150 8118
4078 4089 8145
4072 4174 8231
4095 4125 8213
4162 4198 8329
4109 4133 8231
4033 4167 8196
4172 4177 8314
4041 4178 8198
4116 4147 8262
4148 4188 8306
4121 4132 8232
4151 4192 8334
4137 4138 8269
4016 4024 8037
4180 4192 8367
4032 4188 8194
4184 4193 8349
4176 4181 8324
4097 4149 8219
4194 4197 8368
4071 4098 8149
4087 4184 8242
4075 4173 8235
4038 4089 8092
4076 4128 8192
4058 4086 8111
4069 4095 8132
4145 4179 8321
4035 4114 8131
4182 4185 8351
4141 4184 8322
4163 4200 8343
4037 4056 8089
4195 4196 8390
4000 4200 8164
4198 4200 8374
4005 4169 8142
4056 4162 8215
4116 4178 8275
4091 4138 8211
4052 4143 8164
4016 4189 8191
4050 4114 8157
4057 4071 8115
4088 4140 8212
4028 4072 8088
4010 4149 8128
4070 4110 8168
4073 4181 8238
4019 4081 8070
4013 4135 8128
4058 4118 8138
4189 4194 8346
4119 4120 8229
4077 4182 8229
4169 4172 8334
4165 4196 8352
4017 4177 8160
4023 4065 8056
4137 4157 8286
4143 4162 8297
4175 4191 8364
4012 4039 8031
4157 4194 8332
4021 4125 8113
4043 4124 8149
4189 4190 8346
4144 4157 8295
4110 4156 8261
4111 4123 8196
4126 4155 8276
4013 4168 8175
4172 4192 8360
4152 4171 8309
4188 4192 8369
4134 4153 8280
4102 4159 8239
4088 4123 8203
4161 4180 8313
4170 4182 8334
4159 4180 8333
4015 4067 8051
4064 4135 8161
4172 4183 8349
4063 4115 8144
4012 4098 8082
4061 4166 8205
4017 4199 8203
4137 4170 8293
4023 4178 8186
4071 4153 8187
4049 4071 8116
4093 4149 8212
4139 4173 8294
4072 4191 8261
4025 4057 8047
4167 4177 8314
4162 4171 8316
4132 4147 8245
4119 4168 8279
4120 4125 8206
4032 4046 8065
4177 4185 8355
4119 4166 8264
4011 4016 7999
4107 4109 8213
4119 4195 8290
4094 4144 8236
4011 4037 8019
4090 4141 8223
4024 4037 8039
4156 4161 8296
4187 4196 8382
4133 4191 8296
4050 4149 8162
4182 4196 8366
4038 4159 8182
4198 4200 8374
4074 4151 8198
4124 4182 8283
4121 4196 8281
4166 4181 8312
4075 4081 8122
4040 4123 8159
4150 4186 8332
4081 4103 8150
4136 4138 8239
4143 4161 8283
4162 4164 8292
4006 4090 8080
4167 4176 8340
4164 4197 8351
4194 4196 8352
4145 4176 8301
4191 4193 8363
4090 4115 8180
4089 4126 8210
4011 4016 8013
4083 4183 8242
4105 4166 8264
4078 4112 8189
4155 4195 8340
4199 4200 8385
4093 4156 8245
4116 4156 8243
4118 4142 8239
4067 4126 8159
4090 4138 8197
4089 4121 8185
4068 4108 8143
4110 4174 8269
4012 4147 8147
4060 4174 8202
4180 4199 8377
4157 4197 8327
4150 4170 8302
4009 4167 8174
4107 4125 8205
4188 4190 8370
4160 4200 8349
4143 4190 8313
4008 4194 8193
4076 4147 8202
4037 4176 8175
4124 4133 8246
4043 4072 8102
4095 4105 8168
4045 4191 8221
4144 4175 8290
4102 4111 8182
4048 4122 8166
4088 4100 8173
4135 4177 8277
4003 4187 8159
4126 4145 8260
4076 4098 8147
4091 4148 8211
4024 4049 8055
4131 4168 8278
4016 4027 8025
4161 4164 8294
4111 4125 8214
4096 4181 8263
4096 4148 8229
4115 4193 8296
4010 4200 8199
4059 4124 8180
4011 4060 8043
4103 4159 8236
4079 4113 8178
4093 4198 8260
4091 4120 8183
4158 4198 8325
4048 4056 8081
4045 4193 8211
4156 4182 8313
4104 4131 8201
4109 4140 8241
4153 4172 8323
4072 4184 8233
4189 4200 8371
4101 4117 8188
4070 4142 8194
4178 4195 8358
4111 4114 8195
4114 4155 8240
4054 4067 8093
4041 4160 8195
4103 4163 8252
4083 4165 8229
4018 4193 8178
4166 4193 8339
4094 4172 8249
4144 4193 8302
4168 4177 8307
4169 4175 8340
4126 4144 8262
4016 4182 8196
4151 4197 8338
4104 4111 8202
4023 4122 8136
4094 4132 8218
4081 4191 8252
4056 4130 8165
4110 4118 8207
4013 4026 8010
4072 4165 8214
4185 4192 8351
4187 4193 8360
4057 4162 8185
4141 4169 8308
4028 4131 8150
4195 4200 8375
4104 4174 8265
4061 4073 8098
4071 4104 8147
4166 4191 8335
4127 4156 8250
4037 4071 8098
4124 4198 8312
4129 4168 8294
4145 4148 8268
4024 4080 8103
4134 4162 8289
4159 4174 8323
4109 4160 8266
4006 4109 8102
4022 4109 8108
4052 4101 8135
4166 4176 8313
4192 4196 8369
4132 4168 8275
4066 4198 8250
4104 4144 8224
4129 4151 8259
4176 4188 8335
4080 4087 8163
4073 4116 8180
4087 4150 8227
4010 4121 8106
4168 4193 8336
4061 4067 8123
4139 4194 8310
4008 4108 8091
4008 4101 8093
4086 4164 8243
4061 4121 8149
4080 4144 8187
4059 4200 8245
4180 4196 8361
4004 4155 8128
4102 4114 8214
4057 4194 8223
4064 4096 8131
4141 4151 8268
4000 4080 8067
4165 4174 8304
4142 4165 8305
4026 4108 8124
4151 4177 8310
4133 4141 8249
4108 4191 8260
4029 4047 8058
4183 4200 8359
4024 4109 8098
4061 4154 8179
4021 4094 8104
4178 4182 8334
4099 4119 8215
4074 4155 8200
4041 4085 8097
4105 4198 8277
4165 4173 8313
4091 4156 8224
4003 4153 8151
4108 4193 8284
4060 4196 8235
4033 4118 8133
4063 4134 8196
4100 4150 8217
4151 4183 8317
4167 4196 8327
4091 4181 8238
4150 4192 8323
4126 4156 8260
4041 4135 8139
4049 4183 8227
4130 4190 8318
4015 4036 8046
4181 4196 8368
4156 4187 8333
4188 4190 8356
4091 4110 8179
4033 4118 8124
4072 4105 8139
4034 4127 8157
4088 4156 8229
4108 4166 8273
4014 4087 8090
4190 4197 8359
4080 4189 8242
4105 4186 8269
4110 4154 8260
4198 4199 8392
4066 4069 8111
4177 4195 8343
4197 4200 8395
4097 4146 8233
4064 4091 8117
4175 4181 8319
4185 4189 8371
4019 4084 8075
4033 4071 8076
4049 4116 8142
4011 4137 8126
4117 4162 8255
4193 4195 8364
4092 4138 8193
4085 4137 8210
4142 4143 8277
4046 4135 8154
4184 4196 8341
4028 4046 8057
4102 4155 8229
4163 4179 8311
4110 4150 8226
4016 4069 8079
4012 4109 8096
4083 4116 8173
4119 4167 8268
4170 4192 8361
4013 4017 8006
4054 4183 8225
4038 4116 8118
4158 4185 8316
4063 4089 8145
4192 4198 8386
4143 4173 8282
4121 4190 8274
4078 4143 8216
4084 4196 8243
4057 4085 8132
4004 4034 8029
4142 4157 8268
4162 4182 8343
4178 4179 8325
4178 4191 8366
4018 4099 8092
4193 4198 8371
4073 4132 8198
4175 4200 8356
4043 4190 8226
4161 4163 8316
4177 4195 8355
4083 4141 8200
4132 4170 8265
4104 4155 8228
4091 4152 8230
4117 4163 8276
4133 4165 8297
4032 4075 8093
4060 4154 8181
4195 4200 8383
4078 4157 8200
4166 4179 8314
4049 4144 8162
4176 4182 8355
4038 4198 8226
4095 4125 8214
4079 4098 8163
4023 4150 8161
4123 4149 8246
4095 4139 8213
4031 4039 8036
4121 4127 8220
4092 4134 8197
4194 4195 8384
4169 4182 8316
4186 4196 8351
4173 4184 8332
4079 4087 8165
4120 4159 8273
4073 4189 8231
4026 4113 8136
4161 4169 8312
4142 4173 8310
4167 4177 8325
4118 4188 8285
4016 4043 8041
4032 4167 8195
4087 4100 8172
4198 4200 8397
4192 4195 8379
4028 4176 8184
4199 4200 8388
4193 4198 8365
4008 4092 8084
4033 4058 8078
4079 4188 8239
4138 4155 8278
4190 4192 8358
4000 4133 8108
4152 4173 8293
4177 4200 8373
4025 4096 8117
4065 4187 8247
4158 4159 8292
4149 4155 8296
4016 4142 8138
4000 4152 8145
4066 4188 8242
4006 4189 8174
4186 4200 8383
4048 4179 8216
4185 4198 8356
4002 4119 8110
4013 4036 8020
4192 4199 8384
4001 4134 8125
4173 4197 8349
4115 4177 8286
4173 4196 8352
4094 4128 8203
4094 4105 8171
4146 4178 8321
4079 4164 8223
4104 4191 8280
4199 4200 8398
4091 4154 8242
4192 4195 8371
4168 4192 8336
4004 4124 8100
4030 4100 8101
4145 4175 8298
4098 4139 8207
4151 4166 8308
4084 4130 8209
4199 4200 8385
4133 4194 8324
4042 4086 8106
4117 4187 8294
4173 4199 8337
4057 4096 8119
4142 4169 8288
4131 4153 8256
4115 4178 8270
4049 4153 8197
4003 4170 8163
4150 4184 8296
4166 4173 8330
4050 4122 8143
4176 4194 8365
4138 4184 8303
4129 4188 8289
4066 4073 8116
4029 4128 8154
4119 4151 8243
4196 4198 8386
4101 4197 8267
4038 4136 8151
4040 4075 8113
4108 4128 8229
4108 4155 8232
4059 4146 8193
4062 4115 8146
4123 4184 8278
4031 4043 8065
4029 4149 8162
4030 4058 8061
4024 4106 8115
4181 4186 8354
4090 4193 8267
4048 4118 8145
4089 4145 8204
4041 4109 8118
4012 4137 8113
4081 4090 8150
4159 4180 8317
4151 4182 8321
4013 4084 8095
4172 4185 8318
4170 4186 8354
4048 4096 8126
4047 4107 8140
4165 4195 8328
4062 4176 8221
4187 4199 8381
4164 4165 8290
4094 4134 8193
4197 4198 8358
4189 4197 8354
4161 4184 8340
4094 4174 8263
4006 4118 8118
4083 4096 8145
4183 4200 8358
4103 4169 8236
4198 4199 8392
4053 4098 8146
4163 4179 8323
4103 4148 8231
4005 4158 8140
4165 4198 8345
4197 4200 8389
4162 4200 8326
4108 4176 8258
4137 4165 8295
4048 4189 8223
4085 4184 8247
4061 4142 8173
4141 4200 8315
4105 4172 8262
4006 4184 8183
4130 4185 8281
4005 4160 8151
4107 4198 8270
4195 4196 8367
4010 4039 8044
4130 4146 8265
4145 4188 8321
4024 4127 8118
4088 4138 8189
4146 4185 8308
4117 4168 8251
4078 4122 8163
4126 4150 8259
4037 4143 8144
4072 4083 8129
4096 4107 8166
4065 4198 8243
4014 4075 8054
4042 4102 8134
4192 4200 8369
4054 4196 8243
4039 4189 8217
4052 4179 8199
4042 4082 8116
4117 4184 8292
4073 4129 8175
4051 4170 8200
4007 4029 7999
4148 4177 8300
4058 4197 8239
4070 4159 8215
4085 4125 8189
4007 4051 8049
4039 4048 8062
4011 4155 8133
4077 4191 8266
4190 4193 8373
4061 4132 8170
4175 4197 8347
4157 4161 8301
4070 4143 8207
4019 4124 8116
4092 4112 8199
4095 4098 8173
4147 4169 8309
4171 4198 8338
4111 4153 8234
4090 4108 8162
4014 4015 8019
4000 4068 8030
4025 4130 8120
4136 4150 8281
4027 4108 8118
4114 4146 8258
4133 4167 8290
4105 4114 8191
4070 4181 8217
4184 4193 8352

0.010000 0.700000
