800
1909449
4272 4298 8570
4143 4183 8326
4260 4296 8556
4263 4267 8530
4146 4212 8358
4166 4202 8368
4299 4300 8599
4201 4284 8485
4132 4207 8339
4217 4259 8476
4264 4274 8538
4264 4283 8547
4213 4279 8492
4159 4261 8420
4100 4252 8352
4224 4257 8481
4126 4148 8274
4167 4196 8363
4276 4298 8574
4221 4261 8482
4187 4227 8414
4166 4238 8404
4114 4162 8276
4287 4293 8580
4111 4165 8276
4121 4219 8340
4227 4235 8462
4117 4256 8373
4243 4260 8503
4156 4222 8378
4106 4124 8230
4193 4200 8393
4248 4259 8507
4129 4251 8380
4150 4290 8440
4188 4247 8435
4195 4260 8455
4252 4270 8522
4296 4299 8595
4219 4285 8504
4225 4259 8484
4110 4220 8330
4135 4179 8314
4202 4243 8445
4187 4269 8456
4295 4296 8591
4287 4293 8580
4278 4284 8562
4188 4240 8428
4265 4300 8565
4192 4299 8491
4120 4151 8271
4153 4284 8437
4250 4251 8501
4107 4263 8370
4184 4298 8482
4161 4292 8453
4121 4266 8387
4219 4286 8505
4112 4116 8228
4198 4250 8448
4268 4271 8539
4266 4284 8550
4202 4292 8494
4258 4291 8549
4273 4282 8555
4193 4200 8393
4299 4300 8599
4150 4184 8334
4291 4295 8586
4252 4281 8533
4273 4295 8568
4167 4236 8403
4270 4292 8562
4237 4292 8529
4234 4269 8503
4130 4175 8305
4126 4191 8317
4224 4238 8462
4119 4281 8400
4289 4293 8582
4268 4290 8558
4128 4130 8258
4264 4273 8537
4102 4243 8345
4178 4295 8473
4256 4295 8551
4233 4266 8499
4281 4286 8567
4264 4267 8531
4157 4279 8436
4268 4275 8543
4237 4243 8480
4223 4268 8491
4186 4200 8386
4201 4242 8443
4248 4273 8521
4173 4249 8422
4260 4277 8537
4154 4166 8320
4275 4276 8551
4226 4292 8518
4232 4281 8513
4187 4255 8442
4278 4288 8566
4162 4239 8401
4113 4119 8232
4113 4136 8249
4288 4292 8580
4210 4284 8494
4183 4287 8470
4121 4173 8294
4134 4274 8408
4104 4290 8394
4276 4279 8555
4141 4235 8376
4137 4194 8331
4262 4270 8532
4217 4274 8491
4162 4283 8445
4102 4205 8307
4223 4251 8474
4185 4216 8401
4188 4201 8389
4193 4214 8407
4292 4299 8591
4253 4266 8519
4117 4206 8323
4185 4201 8386
4223 4295 8518
4192 4216 8408
4107 4166 8273
4178 4283 8461
4137 4162 8299
4147 4280 8427
4232 4276 8508
4270 4271 8541
4265 4271 8536
4204 4212 8416
4288 4294 8582
4182 4230 8412
4142 4246 8388
4219 4263 8482
4102 4139 8241
4217 4299 8516
4126 4279 8405
4158 4291 8449
4103 4146 8249
4267 4284 8551
4118 4217 8335
4261 4265 8526
4114 4163 8277
4215 4221 8436
4220 4222 8442
4280 4287 8567
4199 4225 8424
4104 4245 8349
4291 4295 8586
4192 4224 8416
4191 4293 8484
4261 4267 8528
4231 4241 8472
4292 4298 8590
4236 4272 8508
4203 4299 8502
4209 4249 8458
4166 4211 8377
4154 4171 8325
4248 4268 8516
4283 4298 8581
4254 4271 8525
4197 4253 8450
4237 4292 8529
4151 4230 8381
4172 4184 8356
4156 4249 8405
4195 4277 8472
4133 4261 8394
4291 4297 8588
4125 4291 8416
4274 4280 8554
4267 4296 8563
4245 4253 8498
4210 4292 8502
4134 4194 8328
4169 4244 8413
4250 4297 8547
4124 4149 8273
4219 4285 8504
4101 4180 8281
4286 4289 8575
4143 4284 8427
4292 4297 8589
4291 4294 8585
4130 4241 8371
4117 4239 8356
4270 4271 8541
4160 4172 8332
4297 4299 8596
4247 4271 8518
4266 4278 8544
4137 4297 8434
4165 4246 8411
4280 4299 8579
4123 4281 8404
4271 4275 8546
4196 4210 8406
4259 4297 8556
4245 4282 8527
4117 4249 8366
4198 4216 8414
4248 4290 8538
4215 4269 8484
4260 4274 8534
4136 4153 8289
4114 4220 8334
4130 4236 8366
4270 4285 8555
4198 4220 8418
4180 4273 8453
4259 4292 8551
4105 4230 8335
4229 4289 8518
4269 4289 8558
4150 4185 8335
4189 4250 8439
4207 4273 8480
4256 4261 8517
4139 4285 8424
4217 4256 8473
4203 4263 8466
4280 4298 8578
4246 4296 8542
4202 4229 8431
4116 4235 8351
4235 4290 8525
4146 4250 8396
4205 4212 8417
4224 4235 8459
4133 4283 8416
4101 4121 8222
4151 4280 8431
4261 4296 8557
4208 4284 8492
4154 4189 8343
4257 4276 8533
4223 4274 8497
4138 4160 8298
4299 4300 8599
4137 4192 8329
4165 4290 8455
4279 4284 8563
4150 4154 8304
4127 4285 8412
4229 4247 8476
4144 4145 8289
4267 4296 8563
4124 4209 8333
4157 4290 8447
4284 4297 8581
4147 4299 8446
4169 4174 8343
4293 4295 8588
4236 4281 8517
4290 4298 8588
4238 4275 8513
4241 4269 8510
4252 4258 8510
4256 4300 8556
4161 4257 8418
4243 4299 8542
4273 4290 8563
4125 4234 8359
4265 4278 8543
4264 4270 8534
4165 4241 8406
4196 4231 8427
4187 4190 8377
4106 4256 8362
4266 4268 8534
4161 4178 8339
4244 4252 8496
4223 4254 8477
4261 4279 8540
4198 4266 8464
4223 4283 8506
4216 4293 8509
4289 4296 8585
4131 4204 8335
4153 4160 8313
4116 4122 8238
4224 4293 8517
4100 4179 8279
4282 4300 8582
4294 4300 8594
4277 4300 8577
4168 4254 8422
4294 4298 8592
4245 4289 8534
4157 4247 8404
4175 4188 8363
4180 4294 8474
4155 4197 8352
4254 4266 8520
4163 4243 8406
4142 4193 8335
4224 4285 8509
4111 4253 8364
4187 4220 8407
4281 4298 8579
4168 4258 8426
4233 4250 8483
4156 4174 8330
4214 4275 8489
4138 4170 8308
4230 4290 8520
4178 4261 8439
4290 4291 8581
4195 4206 8401
4201 4270 8471
4286 4293 8579
4251 4256 8507
4147 4283 8430
4269 4291 8560
4216 4288 8504
4187 4221 8408
4215 4299 8514
4105 4130 8235
4198 4296 8494
4105 4259 8364
4231 4242 8473
4228 4239 8467
4134 4299 8433
4141 4186 8327
4240 4290 8530
4197 4297 8494
4225 4279 8504
4115 4248 8363
4157 4230 8387
4229 4273 8502
4113 4195 8308
4171 4224 8395
4241 4281 8522
4216 4235 8451
4189 4286 8475
4192 4244 8436
4217 4295 8512
4145 4223 8368
4273 4283 8556
4191 4209 8400
4192 4237 8429
4158 4183 8341
4268 4290 8558
4178 4247 8425
4115 4287 8402
4131 4141 8272
4181 4203 8384
4189 4222 8411
4111 4138 8249
4106 4226 8332
4294 4300 8594
4255 4262 8517
4200 4262 8462
4177 4192 8369
4236 4294 8530
4228 4257 8485
4131 4204 8335
4102 4259 8361
4174 4176 8350
4106 4223 8329
4142 4233 8375
4137 4182 8319
4100 4168 8268
4298 4299 8597
4143 4284 8427
4272 4287 8559
4114 4189 8303
4241 4253 8494
4258 4284 8542
4135 4139 8274
4109 4118 8227
4159 4240 8399
4247 4259 8506
4144 4150 8294
4237 4297 8534
4182 4227 8409
4252 4281 8533
4258 4281 8539
4229 4238 8467
4223 4262 8485
4255 4263 8518
4206 4282 8488
4159 4229 8388
4288 4297 8585
4287 4292 8579
4110 4136 8246
4227 4277 8504
4194 4281 8475
4244 4262 8506
4144 4205 8349
4298 4300 8598
4290 4299 8589
4260 4269 8529
4273 4290 8563
4150 4186 8336
4133 4207 8340
4167 4241 8408
4166 4234 8400
4148 4225 8373
4113 4236 8349
4230 4235 8465
4185 4290 8475
4149 4259 8408
4233 4263 8496
4280 4287 8567
4161 4269 8430
4210 4220 8430
4200 4237 8437
4285 4289 8574
4185 4251 8436
4262 4298 8560
4201 4287 8488
4271 4291 8562
4277 4279 8556
4153 4255 8408
4229 4256 8485
4157 4165 8322
4194 4295 8489
4226 4234 8460
4158 4239 8397
4106 4217 8323
4245 4279 8524
4276 4297 8573
4227 4249 8476
4254 4288 8542
4142 4195 8337
4101 4226 8327
4220 4252 8472
4164 4204 8368
4277 4292 8569
4164 4191 8355
4208 4263 8471
4164 4284 8448
4108 4144 8252
4201 4278 8479
4285 4287 8572
4130 4212 8342
4119 4263 8382
4161 4243 8404
4151 4200 8351
4174 4274 8448
4249 4266 8515
4194 4289 8483
4299 4300 8599
4294 4296 8590
4273 4289 8562
4228 4296 8524
4125 4146 8271
4177 4226 8403
4124 4204 8328
4289 4293 8582
4248 4254 8502
4230 4290 8520
4171 4288 8459
4246 4275 8521
4166 4187 8353
4237 4243 8480
4239 4253 8492
4139 4197 8336
4208 4290 8498
4291 4293 8584
4196 4203 8399
4256 4281 8537
4119 4153 8272
4293 4294 8587
4147 4257 8404
4209 4236 8445
4259 4285 8544
4117 4254 8371
4140 4289 8429
4187 4192 8379
4275 4299 8574
4216 4282 8498
4178 4268 8446
4176 4265 8441
4102 4149 8251
4276 4290 8566
4120 4128 8248
4192 4280 8472
4177 4253 8430
4244 4294 8538
4189 4244 8433
4120 4289 8409
4257 4284 8541
4111 4243 8354
4267 4280 8547
4167 4191 8358
4106 4179 8285
4184 4186 8370
4294 4295 8589
4119 4287 8406
4144 4296 8440
4295 4300 8595
4122 4228 8350
4113 4199 8312
4221 4240 8461
4112 4175 8287
4141 4190 8331
4261 4282 8543
4268 4277 8545
4242 4262 8504
4190 4210 8400
4145 4262 8407
4101 4236 8337
4203 4295 8498
4228 4242 8470
4200 4233 8433
4225 4286 8511
4122 4297 8419
4228 4232 8460
4109 4175 8284
4136 4241 8377
4254 4262 8516
4141 4148 8289
4223 4264 8487
4151 4250 8401
4158 4203 8361
4189 4276 8465
4255 4279 8534
4135 4157 8292
4272 4298 8570
4225 4226 8451
4169 4259 8428
4116 4297 8413
4102 4216 8318
4104 4217 8321
4112 4180 8292
4211 4263 8474
4118 4261 8379
4153 4277 8430
4117 4149 8266
4295 4300 8595
4257 4262 8519
4181 4222 8403
4113 4201 8314
4140 4143 8283
4126 4261 8387
4151 4205 8356
4266 4281 8547
4124 4261 8385
4248 4289 8537
4147 4293 8440
4171 4287 8458
4274 4300 8574
4270 4284 8554
4292 4293 8585
4214 4235 8449
4165 4298 8463
4130 4259 8389
4137 4231 8368
4254 4291 8545
4126 4200 8326
4109 4117 8226
4249 4268 8517
4193 4221 8414
4213 4214 8427
4120 4156 8276
4198 4218 8416
4188 4268 8456
4104 4140 8244
4206 4279 8485
4176 4179 8355
4113 4173 8286
4260 4295 8555
4129 4191 8320
4203 4212 8415
4197 4250 8447
4128 4195 8323
4242 4267 8509
4227 4289 8516
4149 4150 8299
4224 4228 8452
4221 4234 8455
4174 4277 8451
4290 4293 8583
4287 4294 8581
4253 4295 8548
4217 4264 8481
4182 4201 8383
4168 4239 8407
4236 4282 8518
4223 4275 8498
4261 4297 8558
4238 4247 8485
4166 4238 8404
4142 4256 8398
4271 4300 8571
4161 4212 8373
4206 4291 8497
4108 4185 8293
4132 4198 8330
4236 4293 8529
4137 4298 8435
4234 4257 8491
4258 4292 8550
4252 4289 8541
4139 4284 8423
4191 4205 8396
4156 4206 8362
4218 4246 8464
4175 4199 8374
4295 4300 8595
4132 4168 8300
4284 4297 8581
4122 4193 8315
4116 4214 8330
4138 4252 8390
4184 4209 8393
4162 4221 8383
4117 4193 8310
4221 4295 8516
4202 4237 8439
4132 4203 8335
4270 4294 8564
4266 4278 8544
4119 4268 8387
4251 4277 8528
4144 4254 8398
4219 4263 8482
4122 4214 8336
4136 4264 8400
4145 4180 8325
4130 4268 8398
4263 4292 8555
4271 4280 8551
4143 4248 8391
4166 4203 8369
4262 4273 8535
4254 4268 8522
4288 4300 8588
4142 4272 8414
4281 4282 8563
4243 4261 8504
4260 4288 8548
4100 4211 8311
4136 4282 8418
4183 4188 8371
4295 4300 8595
4275 4296 8571
4132 4278 8410
4158 4207 8365
4225 4278 8503
4268 4294 8562
4178 4256 8434
4225 4281 8506
4215 4276 8491
4214 4218 8432
4202 4236 8438
4134 4173 8307
4287 4295 8582
4197 4262 8459
4264 4287 8551
4229 4243 8472
4271 4297 8568
4285 4291 8576
4226 4232 8458
4199 4231 8430
4278 4291 8569
4294 4295 8589
4154 4299 8453
4251 4292 8543
4255 4284 8539
4194 4205 8399
4277 4281 8558
4273 4289 8562
4186 4294 8480
4286 4292 8578
4181 4236 8417
4283 4296 8579
4141 4147 8288
4222 4240 8462
4115 4250 8365
4296 4299 8595
4131 4197 8328
4268 4291 8559
4209 4252 8461
4299 4300 8599
4202 4241 8443
4177 4282 8459
4206 4286 8492
4252 4262 8514
4266 4281 8547
4237 4238 8475
4186 4201 8387
4158 4263 8421
4220 4233 8453
4197 4252 8449
4188 4289 8477
4145 4220 8365
4249 4267 8516
4275 4288 8563
4193 4201 8394
4129 4185 8314
4260 4262 8522
4282 4293 8575
4287 4288 8575
4279 4299 8578
4297 4299 8596
4290 4299 8589
4154 4180 8334
4118 4130 8248
4263 4282 8545
4185 4225 8410
4206 4233 8439
4169 4223 8392
4155 4296 8451
4203 4298 8501
4245 4284 8529
4164 4242 8406
4191 4235 8426
4284 4298 8582
4235 4300 8535
4176 4288 8464
4170 4174 8344
4147 4220 8367
4160 4219 8379
4211 4224 8435
4209 4234 8443
4186 4246 8432
4229 4285 8514
4199 4284 8483
4254 4275 8529
4243 4261 8504
4114 4284 8398
4265 4267 8532
4215 4254 8469
4293 4294 8587
4174 4223 8397
4150 4256 8406
4281 4287 8568
4224 4248 8472
4263 4293 8556
4202 4268 8470
4149 4225 8374
4134 4222 8356
4196 4275 8471
4233 4266 8499
4179 4243 8422
4299 4300 8599
4240 4246 8486
4201 4214 8415
4118 4175 8293
4285 4293 8578
4218 4252 8470
4104 4260 8364
4151 4156 8307
4176 4247 8423
4162 4199 8361
4186 4245 8431
4198 4278 8476
4132 4297 8429
4286 4289 8575
4150 4283 8433
4222 4251 8473
4248 4295 8543
4221 4300 8521
4219 4282 8501
4279 4298 8577
4243 4246 8489
4226 4254 8480
4269 4284 8553
4153 4211 8364
4241 4286 8527
4285 4293 8578
4124 4133 8257
4263 4298 8561
4291 4299 8590
4197 4207 8404
4175 4206 8381
4113 4172 8285
4154 4272 8426
4218 4277 8495
4181 4256 8437
4262 4282 8544
4190 4233 8423
4130 4142 8272
4140 4246 8386
4289 4300 8589
4242 4260 8502
4105 4270 8375
4206 4294 8500
4123 4165 8288
4203 4269 8472
4278 4282 8560
4153 4202 8355
4145 4204 8349
4105 4126 8231
4122 4173 8295
4134 4288 8422
4158 4252 8410

4172 4198 8365
4043 4083 8123
4160 4196 8318
4163 4167 8320
4046 4112 8146
4066 4102 8154
4199 4200 8367
4101 4184 8260
4032 4107 8108
4117 4159 8243
4164 4174 8304
4164 4183 8323
4113 4179 8256
4059 4161 8202
4000 4152 8124
4124 4157 8254
4026 4048 8036
4067 4096 8130
4176 4198 8338
4121 4161 8269
4087 4127 8176
4066 4138 8203
4014 4062 8042
4187 4193 8356
4011 4065 8071
4021 4119 8109
4127 4135 8244
4017 4156 8172
4143 4160 8265
4056 4122 8158
4006 4024 7998
4093 4100 8169
4148 4159 8299
4029 4151 8176
4050 4190 8227
4088 4147 8200
4095 4160 8232
4152 4170 8320
4196 4199 8388
4119 4185 8303
4125 4159 8249
4010 4120 8101
4035 4079 8091
4102 4143 8218
4087 4169 8227
4195 4196 8377
4187 4193 8351
4178 4184 8328
4088 4140 8216
4165 4200 8332
4092 4199 8286
4020 4051 8044
4053 4184 8234
4150 4151 8300
4007 4163 8169
4084 4198 8245
4061 4192 8242
4021 4166 8165
4119 4186 8274
4012 4016 8001
4098 4150 8230
4168 4171 8334
4166 4184 8314
4102 4192 8285
4158 4191 8324
4173 4182 8347
4093 4100 8182
4199 4200 8363
4050 4084 8113
4191 4195 8368
4152 4181 8317
4173 4195 8357
4067 4136 8191
4170 4192 8350
4137 4192 8297
4134 4169 8286
4030 4075 8073
4026 4091 8097
4124 4138 8225
4019 4181 8195
4189 4193 8362
4168 4190 8321
4028 4030 8057
4164 4173 8331
4002 4143 8128
4078 4195 8246
4156 4195 8348
4133 4166 8297
4181 4186 8365
4164 4167 8314
4057 4179 8217
4168 4175 8321
4137 4143 8277
4123 4168 8281
4086 4100 8155
4101 4142 8220
4148 4173 8310
4073 4149 8215
4160 4177 8316
4054 4066 8110
4175 4176 8313
4126 4192 8292
4132 4181 8283
4087 4155 8233
4178 4188 8339
4062 4139 8181
4013 4019 8007
4013 4036 8020
4188 4192 8358
4110 4184 8282
4083 4187 8257
4021 4073 8058
4034 4174 8187
4004 4190 8178
4176 4179 8322
4041 4135 8170
4037 4094 8101
4162 4170 8312
4117 4174 8268
4062 4183 8216
4002 4105 8104
4123 4151 8235
4085 4116 8172
4088 4101 8172
4093 4114 8174
4192 4199 8367
4153 4166 8298
4017 4106 8086
4085 4101 8167
4123 4195 8301
4092 4116 8183
4007 4066 8060
4078 4183 8233
4037 4062 8084
4047 4180 8196
4132 4176 8285
4170 4171 8332
4165 4171 8330
4104 4112 8187
4188 4194 8360
4082 4130 8174
4042 4146 8169
4119 4163 8243
4002 4039 8039
4117 4199 8297
4026 4179 8182
4058 4191 8235
4003 4046 8025
4167 4184 8322
4018 4117 8111
4161 4165 8324
4014 4063 8045
4115 4121 8225
4120 4122 8240
4180 4187 8341
4099 4125 8215
4004 4145 8124
4191 4195 8355
4092 4124 8203
4091 4193 8273
4161 4167 8307
4131 4141 8245
4192 4198 8357
4136 4172 8300
4103 4199 8271
4109 4149 8222
4066 4111 8162
4054 4071 8123
4148 4168 8279
4183 4198 8354
4154 4171 8317
4097 4153 8223
4137 4192 8326
4051 4130 8180
4072 4084 8146
4056 4149 8184
4095 4177 8261
4033 4161 8177
4191 4197 8375
4025 4191 8178
4174 4180 8325
4167 4196 8350
4145 4153 8276
4110 4192 8272
4034 4094 8099
4069 4144 8190
4150 4197 8336
4024 4049 8040
4119 4185 8303
4001 4080 8048
4186 4189 8351
4043 4184 8222
4192 4197 8379
4191 4194 8359
4030 4141 8144
4017 4139 8125
4170 4171 8303
4060 4072 8103
4197 4199 8368
4147 4171 8295
4166 4178 8306
4037 4197 8220
4065 4146 8194
4180 4199 8348
4023 4181 8202
4171 4175 8332
4096 4110 8202
4159 4197 8343
4145 4182 8316
4017 4149 8132
4098 4116 8179
4148 4190 8304
4115 4169 8276
4160 4174 8330
4036 4053 8069
4014 4120 8118
4030 4136 8140
4170 4185 8328
4098 4120 8203
4080 4173 8224
4159 4192 8331
4005 4130 8100
4129 4189 8305
4169 4189 8357
4050 4085 8131
4089 4150 8217
4107 4173 8245
4156 4161 8311
4039 4185 8201
4117 4156 8265
4103 4163 8247
4180 4198 8340
4146 4196 8318
4102 4129 8213
4016 4135 8150
4135 4190 8301
4046 4150 8182
4105 4112 8190
4124 4135 8242
4033 4183 8196
4001 4021 7994
4051 4180 8212
4161 4196 8321
4108 4184 8258
4054 4089 8108
4157 4176 8327
4123 4174 8267
4038 4060 8081
4199 4200 8396
4037 4092 8095
4065 4190 8218
4179 4184 8346
4050 4054 8098
4027 4185 8178
4129 4147 8252
4044 4045 8052
4167 4196 8339
4024 4109 8127
4057 4190 8218
4184 4197 8376
4047 4199 8214
4069 4074 8131
4193 4195 8387
4136 4181 8290
4190 4198 8352
4138 4175 8274
4141 4169 8281
4152 4158 8289
4156 4200 8336
4061 4157 8192
4143 4199 8327
4173 4190 8340
4025 4134 8158
4165 4178 8331
4164 4170 8305
4065 4141 8197
4096 4131 8211
4087 4090 8146
4006 4156 8138
4166 4168 8315
4061 4078 8130
4144 4152 8280
4123 4154 8239
4161 4179 8316
4098 4166 8248
4123 4183 8282
4116 4193 8272
4189 4196 8375
4031 4104 8113
4053 4060 8105
4016 4022 8027
4124 4193 8283
4000 4079 8043
4182 4200 8344
4194 4200 8390
4177 4200 8369
4068 4154 8188
4194 4198 8364
4145 4189 8325
4057 4147 8175
4075 4088 8132
4080 4194 8253
4055 4097 8132
4154 4166 8304
4063 4143 8192
4042 4093 8117
4124 4185 8291
4011 4153 8149
4087 4120 8177
4181 4198 8344
4068 4158 8224
4133 4150 8258
4056 4074 8112
4114 4175 8261
4038 4070 8087
4130 4190 8316
4078 4161 8237
4190 4191 8372
4095 4106 8174
4101 4170 8234
4186 4193 8370
4151 4156 8282
4047 4183 8222
4169 4191 8343
4116 4188 8290
4087 4121 8185
4115 4199 8278
4005 4030 8003
4098 4196 8281
4005 4159 8142
4131 4142 8237
4128 4139 8246
4034 4199 8226
4041 4086 8116
4140 4190 8292
4097 4197 8277
4125 4179 8289
4015 4148 8161
4057 4130 8149
4129 4173 8279
4013 4095 8088
4071 4124 8163
4141 4181 8304
4116 4135 8213
4089 4186 8272
4092 4144 8216
4117 4195 8279
4045 4123 8131
4173 4183 8328
4091 4109 8164
4092 4137 8218
4058 4083 8120
4168 4190 8343
4078 4147 8217
4015 4187 8194
4031 4041 8071
4081 4103 8153
4089 4122 8202
4011 4038 8040
4006 4126 8099
4194 4200 8380
4155 4162 8294
4100 4162 8237
4077 4092 8162
4136 4194 8305
4128 4157 8268
4031 4104 8114
4002 4159 8129
4074 4076 8145
4006 4123 8123
4042 4133 8154
4037 4082 8082
4000 4068 8039
4198 4199 8379
4043 4184 8217
4172 4187 8323
4014 4089 8088
4141 4153 8274
4158 4184 8324
4035 4039 8060
4009 4018 8011
4059 4140 8183
4147 4159 8267
4044 4050 8077
4137 4197 8311
4082 4127 8208
4152 4181 8322
4158 4181 8307
4129 4138 8259
4123 4162 8280
4155 4163 8304
4106 4182 8264
4059 4129 8150
4188 4197 8353
4187 4192 8373
4010 4036 8042
4127 4177 8265
4094 4181 8269
4144 4162 8275
4044 4105 8148
4198 4200 8394
4190 4199 8363
4160 4169 8302
4173 4190 8352
4050 4086 8127
4033 4107 8118
4067 4141 8206
4066 4134 8199
4048 4125 8166
4013 4136 8138
4130 4135 8248
4085 4190 8254
4049 4159 8186
4133 4163 8260
4180 4187 8363
4061 4169 8216
4110 4120 8211
4100 4137 8231
4185 4189 8369
4085 4151 8207
4162 4198 8335
4101 4187 8284
4171 4191 8353
4177 4179 8328
4053 4155 8203
4129 4156 8267
4057 4065 8089
4094 4195 8283
4126 4134 8250
4058 4139 8179
4006 4117 8108
4145 4179 8290
4176 4197 8344
4127 4149 8243
4154 4188 8340
4042 4095 8099
4001 4126 8114
4120 4152 8264
4064 4104 8142
4177 4192 8362
4064 4091 8141
4108 4163 8268
4064 4184 8226
4008 4044 8037
4101 4178 8276
4185 4187 8335
4030 4112 8118
4019 4163 8164
4061 4143 8170
4051 4100 8148
4074 4174 8212
4149 4166 8313
4094 4189 8281
4199 4200 8375
4194 4196 8353
4173 4189 8357
4128 4196 8309
4025 4046 8065
4077 4126 8189
4024 4104 8112
4189 4193 8363
4148 4154 8296
4130 4190 8285
4071 4188 8234
4146 4175 8314
4066 4087 8140
4137 4143 8244
4139 4153 8261
4039 4097 8132
4108 4190 8275
4191 4193 8370
4096 4103 8181
4156 4181 8304
4019 4053 8070
4193 4194 8386
4047 4157 8192
4109 4136 8241
4159 4185 8305
4017 4154 8157
4040 4189 8220
4087 4092 8148
4175 4199 8348
4116 4182 8285
4078 4168 8224
4076 4165 8240
4002 4049 8018
4176 4190 8328
4020 4028 8044
4092 4180 8255
4077 4153 8224
4144 4194 8327
4089 4144 8232
4020 4189 8192
4157 4184 8306
4011 4143 8118
4167 4180 8346
4067 4091 8125
4006 4079 8050
4084 4086 8135
4194 4195 8355
4019 4187 8199
4044 4196 8206
4195 4200 8375
4022 4128 8126
4013 4099 8089
4121 4140 8242
4012 4075 8056
4041 4090 8129
4161 4182 8311
4168 4177 8340
4142 4162 8269
4090 4110 8175
4045 4162 8200
4001 4136 8122
4103 4195 8290
4128 4142 8251
4100 4133 8226
4125 4186 8304
4022 4197 8183
4128 4132 8258
4009 4075 8057
4036 4141 8175
4154 4162 8288
4041 4048 8066
4123 4164 8267
4051 4150 8199
4058 4103 8148
4089 4176 8263
4155 4179 8316
4035 4057 8056
4172 4198 8366
4125 4126 8230
4069 4159 8195
4016 4197 8182
4002 4116 8081
4004 4117 8086
4012 4080 8061
4111 4163 8244
4018 4161 8171
4053 4177 8224
4017 4049 8058
4195 4200 8384
4157 4162 8308
4081 4122 8171
4013 4101 8088
4040 4043 8082
4026 4161 8160
4051 4105 8137
4166 4181 8331
4024 4161 8153
4148 4189 8308
4047 4193 8203
4071 4187 8251
4174 4200 8358
4170 4184 8325
4192 4193 8371
4114 4135 8238
4065 4198 8241
4030 4159 8152
4037 4131 8138
4154 4191 8321
4026 4100 8111
4009 4017 8006
4149 4168 8281
4093 4121 8197
4113 4114 8220
4020 4056 8039
4098 4118 8191
4088 4168 8239
4004 4040 8022
4106 4179 8269
4076 4079 8146
4013 4073 8048
4160 4195 8321
4029 4091 8118
4103 4112 8198
4097 4150 8212
4028 4095 8114
4142 4167 8280
4127 4189 8282
4049 4050 8098
4124 4128 8242
4121 4134 8249
4074 4177 8245
4190 4193 8348
4187 4194 8377
4153 4195 8334
4117 4164 8274
4082 4101 8182
4068 4139 8192
4136 4182 8281
4123 4175 8277
4161 4197 8337
4138 4147 8260
4066 4138 8173
4042 4156 8160
4171 4200 8361
4061 4112 8170
4106 4191 8274
4008 4085 8063
4032 4098 8114
4136 4193 8297
4037 4198 8230
4134 4157 8264
4158 4192 8333
4152 4189 8325
4039 4184 8194
4091 4105 8183
4056 4106 8131
4118 4146 8227
4075 4099 8137
4195 4200 8383
4032 4068 8096
4184 4197 8354
4022 4093 8114
4016 4114 8129
4038 4152 8165
4084 4109 8166
4062 4121 8150
4017 4093 8107
4121 4195 8297
4102 4137 8206
4032 4103 8120
4170 4194 8339
4166 4178 8337
4019 4168 8161
4151 4177 8311
4044 4154 8181
4119 4163 8257
4022 4114 8116
4036 4164 8184
4045 4080 8121
4030 4168 8181
4163 4192 8345
4171 4180 8333
4043 4148 8162
4066 4103 8164
4162 4173 8334
4154 4168 8298
4188 4200 8349
4042 4172 8206
4181 4182 8346
4143 4161 8292
4160 4188 8324
4000 4111 8099
4036 4182 8189
4083 4088 8159
4195 4200 8363
4175 4196 8358
4032 4178 8192
4058 4107 8128
4125 4178 8272
4168 4194 8346
4078 4156 8204
4125 4181 8290
4115 4176 8266
4114 4118 8224
4102 4136 8199
4034 4073 8075
4187 4195 8376
4097 4162 8224
4164 4187 8339
4129 4143 8268
4171 4197 8365
4185 4191 8348
4126 4132 8234
4099 4131 8202
4178 4191 8343
4194 4195 8359
4054 4199 8252
4151 4192 8321
4155 4184 8334
4094 4105 8171
4177 4181 8344
4173 4189 8325
4086 4194 8276
4186 4192 8370
4081 4136 8216
4183 4196 8340
4041 4047 8068
4122 4140 8248
4015 4150 8128
4196 4199 8387
4031 4097 8095
4168 4191 8345
4109 4152 8238
4199 4200 8364
4102 4141 8214
4077 4182 8250
4106 4186 8275
4152 4162 8279
4166 4181 8312
4137 4138 8255
4086 4101 8182
4058 4163 8188
4120 4133 8233
4097 4152 8212
4088 4189 8272
4045 4120 8136
4149 4167 8301
4175 4188 8341
4093 4101 8191
4029 4085 8099
4160 4162 8297
4182 4193 8368
4187 4188 8350
4179 4199 8375
4197 4199 8388
4190 4199 8365
4054 4080 8131
4018 4030 8024
4163 4182 8340
4085 4125 8180
4106 4133 8221
4069 4123 8173
4055 4196 8222
4103 4198 8293
4145 4184 8299
4064 4142 8199
4091 4135 8203
4184 4198 8350
4135 4200 8302
4076 4188 8255
4070 4074 8120
4047 4120 8136
4060 4119 8174
4111 4124 8224
4109 4134 8224
4086 4146 8208
4129 4185 8278
4099 4184 8266
4154 4175 8326
4143 4161 8291
4014 4184 8192
4165 4167 8320
4115 4154 8248
4193 4194 8361
4074 4123 8187
4050 4156 8185
4181 4187 8334
4124 4148 8240
4163 4193 8354
4102 4168 8233
4049 4125 8142
4034 4122 8145
4096 4175 8236
4133 4166 8289
4079 4143 8188
4199 4200 8369
4140 4146 8258
4101 4114 8176
4018 4075 8071
4185 4193 8346
4118 4152 8267
4004 4160 8147
4051 4056 8086
4076 4147 8194
4062 4099 8126
4086 4145 8202
4098 4178 8240
4032 4197 8206
4186 4189 8358
4050 4183 8215
4122 4151 8270
4148 4195 8316
4121 4200 8316
4119 4182 8264
4179 4198 8350
4143 4146 8283
4126 4154 8242
4169 4184 8323
4053 4111 8149
4141 4186 8322
4185 4193 8364
4024 4033 8052
4163 4198 8353
4191 4199 8389
4097 4107 8167
4075 4106 8172
4013 4072 8048
4054 4172 8195
4118 4177 8274
4081 4156 8232
4162 4182 8310
4090 4133 8191
4030 4042 8065
4040 4146 8154
4189 4200 8387
4142 4160 8298
4005 4170 8138
4106 4194 8289
4023 4065 8079
4103 4169 8245
4178 4182 8347
4053 4102 8136
4045 4104 8143
4005 4026 8026
4022 4073 8058
4034 4188 8202
4058 4152 8191

0.010000 0.290000
