800
4939521
4203 4217 8420
4111 4205 8316
4240 4248 8488
4188 4214 8402
4147 4250 8397
4138 4212 8350
4176 4237 8413
4141 4223 8364
4295 4300 8595
4275 4290 8565
4220 4231 8451
4257 4259 8516
4266 4273 8539
4132 4222 8354
4261 4277 8538
4124 4174 8298
4296 4300 8596
4212 4247 8459
4142 4283 8425
4238 4268 8506
4219 4291 8510
4200 4223 8423
4277 4280 8557
4240 4289 8529
4105 4292 8397
4153 4217 8370
4208 4296 8504
4154 4247 8401
4180 4184 8364
4127 4133 8260
4107 4164 8271
4147 4234 8381
4298 4300 8598
4167 4290 8457
4167 4190 8357
4233 4262 8495
4118 4297 8415
4248 4290 8538
4293 4296 8589
4243 4256 8499
4143 4261 8404
4267 4268 8535
4107 4109 8216
4181 4251 8432
4248 4275 8523
4290 4293 8583
4127 4139 8266
4291 4295 8586
4128 4272 8400
4281 4292 8573
4154 4230 8384
4120 4186 8306
4155 4282 8437
4253 4293 8546
4175 4219 8394
4177 4281 8458
4136 4177 8313
4121 4154 8275
4212 4286 8498
4149 4260 8409
4134 4289 8423
4216 4230 8446
4121 4268 8389
4135 4169 8304
4233 4249 8482
4175 4280 8455
4191 4262 8453
4111 4300 8411
4105 4170 8275
4201 4241 8442
4218 4284 8502
4260 4291 8551
4229 4277 8506
4265 4286 8551
4139 4147 8286
4142 4295 8437
4116 4273 8389
4147 4178 8325
4263 4268 8531
4259 4283 8542
4292 4294 8586
4203 4270 8473
4188 4276 8464
4263 4270 8533
4111 4297 8408
4289 4291 8580
4198 4287 8485
4289 4293 8582
4179 4295 8474
4140 4205 8345
4189 4263 8452
4162 4206 8368
4225 4292 8517
4262 4278 8540
4178 4219 8397
4297 4298 8595
4225 4227 8452
4176 4232 8408
4241 4243 8484
4237 4258 8495
4251 4282 8533
4207 4274 8481
4169 4253 8422
4257 4270 8527
4105 4169 8274
4206 4233 8439
4122 4281 8403
4166 4299 8465
4284 4294 8578
4261 4292 8553
4271 4279 8550
4228 4244 8472
4189 4197 8386
4218 4269 8487
4141 4219 8360
4282 4292 8574
4118 4189 8307
4126 4208 8334
4274 4278 8552
4216 4270 8486
4152 4227 8379
4162 4257 8419
4162 4243 8405
4202 4212 8414
4278 4298 8576
4250 4253 8503
4174 4226 8400
4191 4282 8473
4257 4284 8541
4178 4189 8367
4214 4289 8503
4259 4299 8558
4213 4236 8449
4120 4280 8400
4249 4292 8541
4185 4263 8448
4261 4294 8555
4258 4281 8539
4234 4236 8470
4148 4169 8317
4155 4299 8454
4169 4277 8446
4174 4283 8457
4182 4280 8462
4283 4286 8569
4261 4290 8551
4115 4236 8351
4193 4216 8409
4160 4271 8431
4290 4296 8586
4187 4272 8459
4118 4166 8284
4207 4265 8472
4298 4299 8597
4234 4250 8484
4284 4291 8575
4268 4287 8555
4172 4233 8405
4293 4300 8593
4132 4159 8291
4210 4248 8458
4277 4281 8558
4148 4193 8341
4297 4299 8596
4167 4200 8367
4110 4146 8256
4153 4266 8419
4180 4200 8380
4278 4296 8574
4181 4249 8430
4298 4300 8598
4256 4297 8553
4175 4250 8425
4287 4288 8575
4219 4233 8452
4162 4256 8418
4237 4290 8527
4197 4233 8430
4288 4293 8581
4285 4296 8581
4103 4129 8232
4286 4300 8586
4146 4235 8381
4276 4280 8556
4297 4298 8595
4294 4297 8591
4111 4195 8306
4225 4248 8473
4284 4295 8579
4132 4191 8323
4279 4283 8562
4213 4272 8485
4163 4208 8371
4137 4169 8306
4261 4276 8537
4272 4282 8554
4200 4289 8489
4183 4250 8433
4203 4282 8485
4235 4258 8493
4143 4164 8307
4263 4271 8534
4242 4254 8496
4259 4282 8541
4177 4264 8441
4207 4243 8450
4112 4142 8254
4223 4280 8503
4284 4293 8577
4251 4280 8531
4242 4292 8534
4149 4230 8379
4192 4278 8470
4266 4267 8533
4213 4263 8476
4226 4276 8502
4206 4243 8449
4148 4173 8321
4176 4188 8364
4280 4288 8568
4197 4216 8413
4146 4244 8390
4101 4125 8226
4220 4282 8502
4197 4220 8417
4245 4263 8508
4104 4283 8387
4111 4128 8239
4152 4163 8315
4131 4201 8332
4110 4239 8349
4156 4258 8414
4270 4277 8547
4255 4265 8520
4266 4275 8541
4260 4262 8522
4272 4290 8562
4168 4183 8351
4148 4250 8398
4110 4299 8409
4215 4243 8458
4140 4148 8288
4171 4204 8375
4177 4255 8432
4126 4182 8308
4158 4286 8444
4213 4299 8512
4118 4198 8316
4213 4271 8484
4261 4286 8547
4285 4289 8574
4137 4175 8312
4296 4297 8593
4173 4196 8369
4213 4297 8510
4192 4227 8419
4256 4260 8516
4219 4271 8490
4172 4244 8416
4175 4236 8411
4176 4206 8382
4124 4196 8320
4138 4179 8317
4210 4282 8492
4243 4286 8529
4135 4180 8315
4146 4211 8357
4203 4266 8469
4124 4139 8263
4188 4298 8486
4247 4260 8507
4253 4295 8548
4159 4221 8380
4115 4204 8319
4170 4255 8425
4266 4296 8562
4215 4262 8477
4233 4242 8475
4259 4265 8524
4194 4244 8438
4103 4161 8264
4256 4278 8534
4198 4297 8495
4124 4234 8358
4116 4139 8255
4254 4283 8537
4265 4275 8540
4185 4229 8414
4283 4292 8575
4137 4248 8385
4235 4273 8508
4262 4268 8530
4176 4251 8427
4136 4264 8400
4215 4238 8453
4146 4155 8301
4175 4273 8448
4109 4265 8374
4234 4284 8518
4264 4294 8558
4143 4262 8405
4225 4262 8487
4185 4289 8474
4238 4278 8516
4211 4296 8507
4119 4293 8412
4215 4261 8476
4151 4256 8407
4219 4242 8461
4213 4251 8464
4253 4267 8520
4213 4285 8498
4155 4284 8439
4223 4256 8479
4155 4255 8410
4138 4300 8438
4146 4245 8391
4205 4213 8418
4295 4299 8594
4144 4166 8310
4255 4285 8540
4240 4244 8484
4204 4276 8480
4142 4237 8379
4135 4257 8392
4129 4202 8331
4157 4193 8350
4166 4205 8371
4114 4209 8323
4178 4204 8382
4186 4298 8484
4260 4264 8524
4255 4281 8536
4152 4225 8377
4130 4139 8269
4201 4283 8484
4260 4282 8542
4119 4190 8309
4250 4283 8533
4232 4277 8509
4115 4270 8385
4192 4258 8450
4157 4270 8427
4287 4296 8583
4114 4118 8232
4176 4193 8369
4132 4214 8346
4210 4225 8435
4250 4271 8521
4186 4194 8380
4201 4244 8445
4164 4287 8451
4179 4265 8444
4296 4298 8594
4159 4273 8432
4151 4188 8339
4190 4236 8426
4269 4273 8542
4268 4289 8557
4125 4278 8403
4171 4192 8363
4173 4179 8352
4266 4285 8551
4142 4251 8393
4236 4243 8479
4120 4168 8288
4106 4182 8288
4164 4295 8459
4234 4257 8491
4284 4291 8575
4162 4222 8384
4117 4146 8263
4230 4290 8520
4211 4268 8479
4289 4297 8586
4249 4291 8540
4227 4296 8523
4292 4295 8587
4281 4298 8579
4212 4254 8466
4179 4226 8405
4173 4222 8395
4133 4268 8401
4197 4214 8411
4264 4291 8555
4200 4202 8402
4260 4268 8528
4263 4267 8530
4156 4265 8421
4237 4265 8502
4212 4268 8480
4135 4190 8325
4290 4296 8586
4184 4202 8386
4146 4263 8409
4231 4246 8477
4279 4287 8566
4227 4291 8518
4129 4144 8273
4273 4290 8563
4188 4194 8382
4174 4236 8410
4281 4285 8566
4183 4243 8426
4270 4278 8548
4221 4270 8491
4291 4295 8586
4186 4269 8455
4103 4189 8292
4243 4267 8510
4195 4208 8403
4249 4284 8533
4134 4293 8427
4181 4215 8396
4173 4256 8429
4212 4258 8470
4181 4249 8430
4178 4283 8461
4203 4282 8485
4192 4224 8416
4298 4300 8598
4288 4298 8586
4245 4271 8516
4157 4205 8362
4249 4294 8543
4129 4158 8287
4138 4250 8388
4150 4172 8322
4287 4298 8585
4175 4180 8355
4239 4284 8523
4256 4284 8540
4242 4278 8520
4109 4240 8349
4175 4283 8458
4141 4265 8406
4192 4239 8431
4256 4294 8550
4130 4150 8280
4203 4291 8494
4286 4295 8581
4261 4285 8546
4104 4245 8349
4296 4298 8594
4194 4235 8429
4108 4212 8320
4152 4298 8450
4232 4268 8500
4203 4216 8419
4148 4274 8422
4228 4250 8478
4282 4299 8581
4231 4247 8478
4264 4285 8549
4144 4277 8421
4206 4238 8444
4190 4212 8402
4257 4273 8530
4131 4258 8389
4259 4280 8539
4253 4286 8539
4253 4282 8535
4133 4256 8389
4263 4297 8560
4222 4261 8483
4241 4282 8523
4250 4291 8541
4208 4239 8447
4134 4276 8410
4122 4270 8392
4262 4292 8554
4258 4292 8550
4151 4288 8439
4273 4276 8549
4249 4290 8539
4233 4271 8504
4256 4289 8545
4160 4297 8457
4262 4270 8532
4265 4276 8541
4233 4265 8498
4159 4229 8388
4215 4277 8492
4251 4298 8549
4220 4270 8490
4275 4299 8574
4211 4218 8429
4250 4259 8509
4153 4185 8338
4176 4222 8398
4115 4194 8309
4190 4211 8401
4281 4284 8565
4157 4186 8343
4297 4298 8595
4296 4297 8593
4245 4292 8537
4281 4297 8578
4259 4278 8537
4167 4258 8425
4152 4206 8358
4141 4254 8395
4135 4237 8372
4129 4255 8384
4139 4259 8398
4105 4164 8269
4279 4296 8575
4141 4254 8395
4168 4194 8362
4122 4165 8287
4286 4287 8573
4176 4184 8360
4176 4198 8374
4219 4240 8459
4116 4216 8332
4253 4261 8514
4241 4245 8486
4114 4119 8233
4271 4288 8559
4146 4189 8335
4147 4276 8423
4190 4234 8424
4260 4279 8539
4144 4194 8338
4122 4254 8376
4159 4227 8386
4109 4238 8347
4178 4236 8414
4298 4300 8598
4134 4150 8284
4290 4295 8585
4274 4287 8561
4182 4204 8386
4111 4209 8320
4253 4292 8545
4216 4275 8491
4289 4291 8580
4139 4163 8302
4280 4290 8570
4171 4208 8379
4289 4295 8584
4193 4225 8418
4266 4274 8540
4180 4281 8461
4232 4283 8515
4263 4295 8558
4259 4289 8548
4111 4131 8242
4157 4270 8427
4221 4263 8484
4277 4294 8571
4101 4285 8386
4211 4295 8506
4195 4292 8487
4140 4233 8373
4288 4291 8579
4249 4293 8542
4115 4215 8330
4103 4187 8290
4118 4133 8251
4131 4161 8292
4136 4260 8396
4143 4288 8431
4121 4128 8249
4142 4151 8293
4272 4286 8558
4112 4282 8394
4269 4284 8553
4274 4284 8558
4120 4152 8272
4182 4215 8397
4179 4261 8440
4131 4209 8340
4247 4290 8537
4297 4300 8597
4277 4287 8564
4104 4274 8378
4261 4292 8553
4245 4257 8502
4186 4234 8420
4145 4163 8308
4276 4291 8567
4299 4300 8599
4243 4286 8529
4282 4285 8567
4118 4227 8345
4237 4299 8536
4198 4263 8461
4245 4274 8519
4120 4175 8295
4241 4272 8513
4211 4300 8511
4296 4298 8594
4215 4295 8510
4187 4215 8402
4237 4280 8517
4203 4206 8409
4282 4293 8575
4264 4281 8545
4258 4272 8530
4197 4224 8421
4256 4274 8530
4120 4136 8256
4158 4241 8399
4287 4295 8582
4170 4240 8410
4235 4242 8477
4291 4298 8589
4257 4295 8552
4267 4297 8564
4248 4263 8511
4173 4194 8367
4164 4205 8369
4206 4273 8479
4139 4178 8317
4285 4292 8577
4264 4265 8529
4248 4296 8544
4173 4237 8410
4115 4249 8364
4143 4207 8350
4152 4171 8323
4137 4166 8303
4105 4200 8305
4242 4289 8531
4195 4254 8449
4268 4281 8549
4117 4125 8242
4147 4281 8428
4140 4216 8356
4285 4293 8578
4110 4281 8391
4195 4279 8474
4114 4278 8392
4269 4287 8556
4298 4300 8598
4197 4207 8404
4227 4288 8515
4257 4274 8531
4231 4263 8494
4290 4292 8582
4106 4158 8264
4286 4288 8574
4104 4127 8231
4287 4290 8577
4117 4252 8369
4284 4298 8582
4130 4208 8338
4228 4280 8508
4233 4280 8513
4214 4249 8463
4286 4291 8577
4295 4299 8594
4161 4279 8440
4265 4279 8544
4137 4231 8368
4185 4277 8462
4195 4245 8440
4108 4110 8218
4265 4279 8544
4239 4299 8538
4189 4272 8461
4111 4115 8226
4234 4280 8514
4139 4212 8351
4160 4205 8365
4215 4274 8489
4234 4292 8526
4220 4270 8490
4162 4262 8424
4265 4275 8540
4224 4289 8513
4268 4280 8548
4194 4280 8474
4213 4255 8468
4283 4297 8580
4241 4267 8508
4191 4216 8407
4277 4297 8574
4130 4243 8373
4175 4296 8471
4217 4276 8493
4295 4297 8592
4159 4237 8396
4132 4279 8411
4116 4170 8286
4192 4249 8441
4225 4278 8503
4204 4285 8489
4129 4167 8296
4129 4290 8419
4250 4272 8522
4294 4295 8589
4118 4156 8274
4230 4272 8502
4261 4270 8531
4294 4297 8591
4216 4230 8446
4149 4274 8423
4299 4300 8599
4229 4243 8472
4295 4298 8593
4220 4285 8505
4151 4225 8376
4255 4257 8512
4275 4292 8567
4295 4297 8592
4215 4217 8432
4163 4263 8426
4189 4246 8435
4192 4299 8491
4293 4296 8589
4104 4215 8319
4240 4254 8494
4128 4152 8280
4255 4296 8551
4166 4172 8338
4224 4245 8469
4101 4148 8249
4147 4172 8319
4180 4293 8473
4171 4178 8349
4269 4277 8546
4279 4298 8577
4144 4166 8310
4295 4298 8593
4194 4268 8462
4175 4267 8442
4196 4220 8416
4203 4209 8412
4135 4191 8326
4295 4300 8595
4279 4289 8568
4226 4299 8525
4170 4265 8435
4146 4230 8376
4146 4219 8365
4252 4258 8510
4234 4294 8528
4243 4273 8516
4109 4148 8257
4287 4300 8587
4220 4227 8447
4180 4187 8367
4184 4191 8375
4101 4185 8286
4265 4274 8539
4261 4299 8560
4263 4273 8536
4143 4253 8396
4210 4300 8510
4295 4299 8594
4224 4260 8484
4226 4281 8507
4134 4172 8306
4264 4272 8536
4135 4258 8393
4264 4266 8530
4140 4286 8426
4144 4147 8291
4276 4283 8559
4169 4235 8404
4245 4250 8495
4197 4269 8466
4107 4172 8279
4130 4202 8332
4260 4277 8537
4100 4124 8224
4101 4157 8258
4262 4265 8527
4176 4261 8437
4144 4282 8426
4182 4253 8435
4164 4251 8415
4281 4282 8563
4270 4292 8562
4279 4285 8564
4129 4166 8295
4266 4297 8563
4169 4177 8346
4100 4276 8376
4103 4141 8244
4118 4251 8369
4252 4285 8537
4281 4297 8578
4189 4237 8426
4206 4270 8476
4150 4195 8345
4161 4268 8429
4216 4226 8442
4298 4300 8598
4161 4297 8458
4167 4242 8409
4154 4207 8361
4159 4241 8400
4149 4164 8313
4201 4262 8463
4264 4282 8546
4184 4215 8399
4282 4284 8566

4103 4117 8214
4011 4105 8097
4140 4148 8265
4088 4114 8180
4047 4150 8188
4038 4112 8136
4076 4137 8201
4041 4123 8163
4195 4200 8356
4175 4190 8350
4120 4131 8233
4157 4159 8307
4166 4173 8305
4032 4122 8125
4161 4177 8336
4024 4074 8094
4196 4200 8359
4112 4147 8232
4042 4183 8196
4138 4168 8269
4119 4191 8303
4100 4123 8187
4177 4180 8348
4140 4189 8328
4005 4192 8172
4053 4117 8164
4108 4196 8288
4054 4147 8197
4080 4084 8148
4027 4033 8057
4007 4064 8047
4047 4134 8180
4198 4200 8389
4067 4190 8234
4067 4090 8145
4133 4162 8294
4018 4197 8211
4148 4190 8318
4193 4196 8367
4143 4156 8272
4043 4161 8173
4167 4168 8299
4007 4009 7987
4081 4151 8215
4148 4175 8321
4190 4193 8358
4027 4039 8065
4191 4195 8361
4028 4172 8170
4181 4192 8350
4054 4130 8183
4020 4086 8087
4055 4182 8214
4153 4193 8312
4075 4119 8186
4077 4181 8249
4036 4077 8105
4021 4054 8060
4112 4186 8289
4049 4160 8173
4034 4189 8204
4116 4130 8223
4021 4168 8170
4035 4069 8088
4133 4149 8258
4075 4180 8233
4091 4162 8225
4011 4200 8206
4005 4070 8072
4101 4141 8226
4118 4184 8283
4160 4191 8350
4129 4177 8295
4165 4186 8332
4039 4047 8057
4042 4195 8205
4016 4173 8187
4047 4078 8092
4163 4168 8317
4159 4183 8306
4192 4194 8362
4103 4170 8246
4088 4176 8229
4163 4170 8298
4011 4197 8204
4189 4191 8351
4098 4187 8258
4189 4193 8366
4079 4195 8244
4040 4105 8110
4089 4163 8237
4062 4106 8145
4125 4192 8279
4162 4178 8307
4078 4119 8177
4197 4198 8388
4125 4127 8221
4076 4132 8172
4141 4143 8277
4137 4158 8289
4151 4182 8314
4107 4174 8269
4069 4153 8219
4157 4170 8318
4005 4069 8069
4106 4133 8223
4022 4181 8168
4066 4199 8238
4184 4194 8370
4161 4192 8329
4171 4179 8312
4128 4144 8265
4089 4097 8154
4118 4169 8269
4041 4119 8130
4182 4192 8353
4018 4089 8069
4026 4108 8128
4174 4178 8330
4116 4170 8272
4052 4127 8172
4062 4157 8182
4062 4143 8195
4102 4112 8202
4178 4198 8360
4150 4153 8278
4074 4126 8174
4091 4182 8257
4157 4184 8331
4078 4089 8147
4114 4189 8283
4159 4199 8337
4113 4136 8220
4020 4180 8163
4149 4192 8324
4085 4163 8210
4161 4194 8335
4158 4181 8307
4134 4136 8256
4048 4069 8081
4055 4199 8222
4069 4177 8240
4074 4183 8250
4082 4180 8258
4183 4186 8360
4161 4190 8318
4015 4136 8140
4093 4116 8201
4060 4171 8201
4190 4196 8367
4087 4172 8256
4018 4066 8079
4107 4165 8237
4198 4199 8359
4134 4150 8254
4184 4191 8362
4168 4187 8322
4072 4133 8177
4193 4200 8366
4032 4059 8084
4110 4148 8234
4177 4181 8347
4048 4093 8105
4197 4199 8358
4067 4100 8166
4010 4046 8049
4053 4166 8187
4080 4100 8172
4178 4196 8335
4081 4149 8200
4198 4200 8391
4156 4197 8337
4075 4150 8222
4187 4188 8336
4119 4133 8227
4062 4156 8187
4137 4190 8321
4097 4133 8223
4188 4193 8347
4185 4196 8369
4003 4029 8025
4186 4200 8351
4046 4135 8151
4176 4180 8334
4197 4198 8367
4194 4197 8389
4011 4095 8094
4125 4148 8254
4184 4195 8361
4032 4091 8120
4179 4183 8348
4113 4172 8268
4063 4108 8149
4037 4069 8093
4161 4176 8322
4172 4182 8328
4100 4189 8254
4083 4150 8200
4103 4182 8282
4135 4158 8272
4043 4064 8099
4163 4171 8295
4142 4154 8270
4159 4182 8329
4077 4164 8209
4107 4143 8236
4012 4042 8050
4123 4180 8268
4184 4193 8357
4151 4180 8299
4142 4192 8309
4049 4130 8171
4092 4178 8249
4166 4167 8319
4113 4163 8238
4126 4176 8274
4106 4143 8215
4048 4073 8104
4076 4088 8141
4180 4188 8329
4097 4116 8182
4046 4144 8183
4001 4025 8024
4120 4182 8269
4097 4120 8210
4145 4163 8275
4004 4183 8162
4011 4028 8011
4052 4063 8085
4031 4101 8131
4010 4139 8113
4056 4158 8176
4170 4177 8313
4155 4165 8289
4166 4175 8304
4160 4162 8313
4172 4190 8342
4068 4083 8127
4048 4150 8176
4010 4199 8188
4115 4143 8253
4040 4048 8082
4071 4104 8154
4077 4155 8227
4026 4082 8082
4058 4186 8221
4113 4199 8286
4018 4098 8088
4113 4171 8245
4161 4186 8323
4185 4189 8339
4037 4075 8077
4196 4197 8385
4073 4096 8155
4113 4197 8272
4092 4127 8189
4156 4160 8287
4119 4171 8261
4072 4144 8180
4075 4136 8175
4076 4106 8160
4024 4096 8118
4038 4079 8107
4110 4182 8282
4143 4186 8297
4035 4080 8087
4046 4111 8126
4103 4166 8254
4024 4039 8056
4088 4198 8265
4147 4160 8305
4153 4195 8314
4059 4121 8151
4015 4104 8101
4070 4155 8221
4166 4196 8348
4115 4162 8247
4133 4142 8254
4159 4165 8285
4094 4144 8227
4003 4061 8038
4156 4178 8333
4098 4197 8286
4024 4134 8123
4016 4039 8029
4154 4183 8301
4165 4175 8320
4085 4129 8198
4183 4192 8356
4037 4148 8173
4135 4173 8287
4162 4168 8323
4076 4151 8209
4036 4164 8166
4115 4138 8242
4046 4055 8069
4075 4173 8218
4009 4165 8171
4134 4184 8284
4164 4194 8347
4043 4162 8187
4125 4162 8284
4085 4189 8242
4138 4178 8290
4111 4196 8291
4019 4193 8192
4115 4161 8266
4051 4156 8182
4119 4142 8222
4113 4151 8257
4153 4167 8318
4113 4185 8280
4055 4184 8236
4123 4156 8248
4055 4155 8177
4038 4200 8221
4046 4145 8154
4105 4113 8192
4195 4199 8359
4044 4066 8073
4155 4185 8311
4140 4144 8276
4104 4176 8261
4042 4137 8167
4035 4157 8157
4029 4102 8129
4057 4093 8119
4066 4105 8144
4014 4109 8119
4078 4104 8162
4086 4198 8252
4160 4164 8299
4155 4181 8302
4052 4125 8147
4030 4039 8037
4101 4183 8249
4160 4182 8319
4019 4090 8092
4150 4183 8310
4132 4177 8293
4015 4170 8171
4092 4158 8238
4057 4170 8226
4187 4196 8349
4014 4018 7998
4076 4093 8142
4032 4114 8121
4110 4125 8199
4150 4171 8315
4086 4094 8151
4101 4144 8210
4064 4187 8227
4079 4165 8217
4196 4198 8358
4059 4173 8228
4051 4088 8125
4090 4136 8209
4169 4173 8326
4168 4189 8343
4025 4178 8193
4071 4092 8125
4073 4079 8133
4166 4185 8316
4042 4151 8172
4136 4143 8275
4020 4068 8054
4006 4082 8064
4064 4195 8255
4134 4157 8256
4184 4191 8358
4062 4122 8149
4017 4046 8048
4130 4190 8292
4111 4168 8253
4189 4197 8382
4149 4191 8325
4127 4196 8292
4192 4195 8352
4181 4198 8363
4112 4154 8264
4079 4126 8180
4073 4122 8163
4033 4168 8193
4097 4114 8190
4164 4191 8353
4100 4102 8200
4160 4168 8302
4163 4167 8308
4056 4165 8210
4137 4165 8263
4112 4168 8259
4035 4090 8089
4190 4196 8377
4084 4102 8173
4046 4163 8188
4131 4146 8252
4179 4187 8365
4127 4191 8288
4029 4044 8067
4173 4190 8332
4088 4094 8148
4074 4136 8197
4181 4185 8337
4083 4143 8189
4170 4178 8318
4121 4170 8254
4191 4195 8382
4086 4169 8239
4003 4089 8067
4143 4167 8282
4095 4108 8202
4149 4184 8325
4034 4193 8215
4081 4115 8192
4073 4156 8210
4112 4158 8255
4081 4149 8209
4078 4183 8235
4103 4182 8251
4092 4124 8187
4198 4200 8372
4188 4198 8352
4145 4171 8278
4057 4105 8159
4149 4194 8324
4029 4058 8073
4038 4150 8173
4050 4072 8097
4187 4198 8360
4075 4080 8151
4139 4184 8310
4156 4184 8326
4142 4178 8293
4009 4140 8124
4075 4183 8223
4041 4165 8195
4092 4139 8222
4156 4194 8343
4030 4050 8074
4103 4191 8279
4186 4195 8370
4161 4185 8319
4004 4145 8114
4196 4198 8370
4094 4135 8221
4008 4112 8091
4052 4198 8229
4132 4168 8284
4103 4116 8205
4048 4174 8203
4128 4150 8262
4182 4199 8362
4131 4147 8274
4164 4185 8327
4044 4177 8212
4106 4138 8211
4090 4112 8188
4157 4173 8296
4031 4158 8186
4159 4180 8313
4153 4186 8321
4153 4182 8334
4033 4156 8180
4163 4197 8358
4122 4161 8260
4141 4182 8299
4150 4191 8304
4108 4139 8236
4034 4176 8190
4022 4170 8157
4162 4192 8333
4158 4192 8324
4051 4188 8217
4173 4176 8330
4149 4190 8337
4133 4171 8265
4156 4189 8316
4060 4197 8242
4162 4170 8324
4165 4176 8315
4133 4165 8276
4059 4129 8183
4115 4177 8273
4151 4198 8317
4120 4170 8281
4175 4199 8373
4111 4118 8222
4150 4159 8292
4053 4085 8137
4076 4122 8188
4015 4094 8075
4090 4111 8195
4181 4184 8363
4057 4086 8115
4197 4198 8383
4196 4197 8372
4145 4192 8311
4181 4197 8343
4159 4178 8308
4067 4158 8215
4052 4106 8133
4041 4154 8191
4035 4137 8136
4029 4155 8177
4039 4159 8164
4005 4064 8043
4179 4196 8346
4041 4154 8178
4068 4094 8154
4022 4065 8060
4186 4187 8349
4076 4084 8137
4076 4098 8145
4119 4140 8226
4016 4116 8127
4153 4161 8294
4141 4145 8259
4014 4019 8032
4171 4188 8322
4046 4089 8098
4047 4176 8197
4090 4134 8199
4160 4179 8319
4044 4094 8125
4022 4154 8146
4059 4127 8177
4009 4138 8126
4078 4136 8191
4198 4200 8367
4034 4050 8065
4190 4195 8365
4174 4187 8359
4082 4104 8170
4011 4109 8103
4153 4192 8330
4116 4175 8253
4189 4191 8353
4039 4063 8069
4180 4190 8350
4071 4108 8178
4189 4195 8374
4093 4125 8212
4166 4174 8314
4080 4181 8250
4132 4183 8303
4163 4195 8323
4159 4189 8329
4011 4031 8035
4057 4170 8218
4121 4163 8256
4177 4194 8362
4001 4185 8149
4111 4195 8275
4095 4192 8252
4040 4133 8142
4188 4191 8349
4149 4193 8312
4015 4115 8103
4003 4087 8069
4018 4033 8045
4031 4061 8079
4036 4160 8171
4043 4188 8221
4021 4028 8037
4042 4051 8084
4172 4186 8336
4012 4182 8172
4169 4184 8344
4174 4184 8329
4020 4052 8065
4082 4115 8177
4079 4161 8202
4031 4109 8134
4147 4190 8322
4197 4200 8393
4177 4187 8334
4004 4174 8156
4161 4192 8332
4145 4157 8295
4086 4134 8213
4045 4063 8082
4176 4191 8330
4199 4200 8374
4143 4186 8293
4182 4185 8329
4018 4127 8122
4137 4199 8328
4098 4163 8230
4145 4174 8311
4020 4075 8072
4141 4172 8307
4111 4200 8299
4196 4198 8356
4115 4195 8282
4087 4115 8170
4137 4180 8302
4103 4106 8176
4182 4193 8353
4164 4181 8336
4158 4172 8299
4097 4124 8205
4156 4174 8306
4020 4036 8044
4058 4141 8197
4187 4195 8343
4070 4140 8206
4135 4142 8250
4191 4198 8387
4157 4195 8338
4167 4197 8331
4148 4163 8284
4073 4094 8153
4064 4105 8165
4106 4173 8254
4039 4078 8113
4185 4192 8365
4164 4165 8316
4148 4196 8316
4073 4137 8208
4015 4149 8158
4043 4107 8126
4052 4071 8106
4037 4066 8075
4005 4100 8070
4142 4189 8298
4095 4154 8221
4168 4181 8329
4017 4025 8004
4047 4181 8210
4040 4116 8136
4185 4193 8350
4010 4181 8184
4095 4179 8262
4014 4178 8183
4169 4187 8343
4198 4200 8394
4097 4107 8178
4127 4188 8290
4157 4174 8293
4131 4163 8275
4190 4192 8359
4006 4058 8043
4186 4188 8368
4004 4027 8022
4187 4190 8359
4017 4152 8135
4184 4198 8344
4030 4108 8120
4128 4180 8302
4133 4180 8282
4114 4149 8228
4186 4191 8344
4195 4199 8356
4061 4179 8208
4165 4179 8309
4037 4131 8143
4085 4177 8241
4095 4145 8203
4008 4010 8016
4165 4179 8339
4139 4199 8311
4089 4172 8230
4011 4015 8021
4134 4180 8307
4039 4112 8127
4060 4105 8146
4115 4174 8262
4134 4192 8318
4120 4170 8280
4062 4162 8207
4165 4175 8339
4124 4189 8297
4168 4180 8330
4094 4180 8269
4113 4155 8256
4183 4197 8372
4141 4167 8271
4091 4116 8180
4177 4197 8364
4030 4143 8138
4075 4196 8262
4117 4176 8264
4195 4197 8356
4059 4137 8175
4032 4179 8188
4016 4070 8079
4092 4149 8224
4125 4178 8267
4104 4185 8286
4029 4067 8060
4029 4190 8184
4150 4172 8289
4194 4195 8372
4018 4056 8044
4130 4172 8263
4161 4170 8308
4194 4197 8376
4116 4130 8215
4049 4174 8207
4199 4200 8382
4129 4143 8241
4195 4198 8378
4120 4185 8273
4051 4125 8144
4155 4157 8287
4175 4192 8359
4195 4197 8387
4115 4117 8207
4063 4163 8199
4089 4146 8211
4092 4199 8256
4193 4196 8381
4004 4115 8091
4140 4154 8284
4028 4052 8044
4155 4196 8318
4066 4072 8117
4124 4145 8264
4001 4048 8026
4047 4072 8086
4080 4193 8240
4071 4078 8111
4169 4177 8333
4179 4198 8355
4044 4066 8075
4195 4198 8384
4094 4168 8259
4075 4167 8229
4096 4120 8190
4103 4109 8207
4035 4091 8100
4195 4200 8367
4179 4189 8360
4126 4199 8291
4070 4165 8225
4046 4130 8138
4046 4119 8156
4152 4158 8272
4134 4194 8300
4143 4173 8289
4009 4048 8045
4187 4200 8351
4120 4127 8227
4080 4087 8166
4084 4091 8155
4001 4085 8049
4165 4174 8315
4161 4199 8351
4163 4173 8300
4043 4153 8170
4110 4200 8288
4195 4199 8362
4124 4160 8266
4126 4181 8287
4034 4072 8094
4164 4172 8301
4035 4158 8169
4164 4166 8319
4040 4186 8201
4044 4047 8075
4176 4183 8352
4069 4135 8194
4145 4150 8291
4097 4169 8263
4007 4072 8072
4030 4102 8094
4160 4177 8318
4000 4024 8023
4001 4057 8028
4162 4165 8321
4076 4161 8203
4044 4182 8214
4082 4153 8209
4064 4151 8208
4181 4182 8338
4170 4192 8328
4179 4185 8361
4029 4066 8083
4166 4197 8337
4069 4077 8115
4000 4176 8150
4003 4041 8016
4018 4151 8141
4152 4185 8300
4181 4197 8364
4089 4137 8205
4106 4170 8254
4050 4095 8139
4061 4168 8213
4116 4126 8236
4198 4200 8384
4061 4197 8246
4067 4142 8197
4054 4107 8132
4059 4141 8188
4049 4064 8075
4101 4162 8251
4164 4182 8310
4084 4115 8169
4182 4184 8336

0.010000 0.750000
