800
4478915
4201 4247 8448
4122 4175 8297
4225 4271 8496
4216 4297 8513
4243 4264 8507
4154 4196 8350
4281 4292 8573
4134 4169 8303
4286 4293 8579
4132 4170 8302
4208 4253 8461
4197 4225 8422
4130 4203 8333
4214 4276 8490
4275 4300 8575
4139 4276 8415
4105 4294 8399
4165 4223 8388
4141 4230 8371
4226 4262 8488
4129 4245 8374
4279 4285 8564
4261 4279 8540
4213 4220 8433
4231 4281 8512
4232 4258 8490
4256 4277 8533
4285 4298 8583
4236 4251 8487
4115 4245 8360
4179 4259 8438
4280 4287 8567
4116 4121 8237
4243 4278 8521
4141 4233 8374
4195 4231 8426
4253 4287 8540
4274 4276 8550
4299 4300 8599
4198 4293 8491
4221 4284 8505
4161 4257 8418
4163 4218 8381
4176 4222 8398
4288 4290 8578
4256 4274 8530
4189 4249 8438
4228 4293 8521
4153 4262 8415
4151 4201 8352
4103 4239 8342
4244 4286 8530
4246 4284 8530
4125 4167 8292
4201 4236 8437
4164 4298 8462
4209 4281 8490
4161 4179 8340
4128 4219 8347
4185 4259 8444
4292 4295 8587
4111 4188 8299
4191 4204 8395
4227 4268 8495
4181 4296 8477
4196 4222 8418
4227 4269 8496
4288 4291 8579
4195 4272 8467
4140 4195 8335
4230 4279 8509
4155 4240 8395
4224 4248 8472
4291 4294 8585
4127 4215 8342
4212 4288 8500
4248 4285 8533
4195 4283 8478
4247 4282 8529
4216 4234 8450
4249 4269 8518
4117 4274 8391
4199 4244 8443
4163 4239 8402
4244 4259 8503
4242 4249 8491
4137 4200 8337
4133 4289 8422
4250 4262 8512
4195 4274 8469
4237 4254 8491
4235 4297 8532
4115 4147 8262
4110 4247 8357
4294 4295 8589
4182 4274 8456
4259 4294 8553
4140 4272 8412
4139 4147 8286
4137 4263 8400
4166 4295 8461
4217 4288 8505
4170 4201 8371
4174 4262 8436
4126 4154 8280
4171 4206 8377
4187 4228 8415
4129 4227 8356
4114 4140 8254
4269 4274 8543
4113 4278 8391
4280 4295 8575
4170 4230 8400
4165 4203 8368
4190 4220 8410
4138 4151 8289
4137 4187 8324
4245 4280 8525
4175 4184 8359
4112 4286 8398
4251 4287 8538
4206 4291 8497
4118 4274 8392
4121 4264 8385
4143 4274 8417
4251 4274 8525
4240 4263 8503
4225 4264 8489
4238 4253 8491
4123 4300 8423
4103 4238 8341
4108 4283 8391
4204 4275 8479
4240 4243 8483
4232 4276 8508
4134 4299 8433
4151 4271 8422
4296 4297 8593
4295 4296 8591
4246 4291 8537
4231 4255 8486
4153 4228 8381
4130 4143 8273
4108 4277 8385
4149 4273 8422
4257 4291 8548
4164 4259 8423
4184 4278 8462
4255 4297 8552
4286 4290 8576
4299 4300 8599
4268 4274 8542
4226 4229 8455
4123 4274 8397
4140 4270 8410
4164 4269 8433
4257 4291 8548
4243 4248 8491
4166 4245 8411
4252 4300 8552
4230 4257 8487
4282 4297 8579
4173 4211 8384
4130 4221 8351
4255 4269 8524
4281 4300 8581
4144 4261 8405
4197 4205 8402
4179 4217 8396
4154 4248 8402
4268 4289 8557
4181 4240 8421
4181 4218 8399
4220 4280 8500
4259 4261 8520
4132 4235 8367
4144 4265 8409
4137 4165 8302
4208 4263 8471
4244 4298 8542
4292 4300 8592
4125 4228 8353
4212 4214 8426
4251 4281 8532
4289 4296 8585
4289 4291 8580
4135 4157 8292
4108 4227 8335
4113 4154 8267
4296 4298 8594
4223 4228 8451
4231 4257 8488
4171 4181 8352
4104 4281 8385
4269 4272 8541
4258 4268 8526
4238 4262 8500
4213 4262 8475
4145 4173 8318
4129 4169 8298
4282 4284 8566
4281 4288 8569
4258 4269 8527
4276 4293 8569
4189 4205 8394
4152 4205 8357
4243 4266 8509
4127 4172 8299
4237 4261 8498
4299 4300 8599
4243 4276 8519
4287 4291 8578
4290 4297 8587
4219 4226 8445
4131 4147 8278
4219 4230 8449
4102 4116 8218
4168 4177 8345
4270 4280 8550
4160 4266 8426
4240 4298 8538
4193 4205 8398
4244 4260 8504
4113 4142 8255
4221 4254 8475
4261 4279 8540
4112 4174 8286
4214 4281 8495
4144 4237 8381
4282 4288 8570
4195 4243 8438
4115 4195 8310
4220 4237 8457
4206 4220 8426
4144 4168 8312
4236 4266 8502
4224 4231 8455
4164 4258 8422
4139 4242 8381
4151 4275 8426
4130 4155 8285
4265 4292 8557
4156 4170 8326
4281 4296 8577
4128 4281 8409
4231 4232 8463
4256 4267 8523
4109 4174 8283
4227 4233 8460
4112 4277 8389
4209 4241 8450
4258 4266 8524
4172 4212 8384
4182 4296 8478
4181 4297 8478
4291 4294 8585
4164 4170 8334
4250 4264 8514
4221 4292 8513
4277 4286 8563
4175 4199 8374
4203 4218 8421
4104 4139 8243
4211 4223 8434
4113 4140 8253
4104 4285 8389
4111 4207 8318
4125 4154 8279
4156 4217 8373
4177 4247 8424
4154 4190 8344
4234 4245 8479
4289 4295 8584
4170 4251 8421
4163 4252 8415
4186 4232 8418
4261 4291 8552
4161 4281 8442
4202 4247 8449
4137 4293 8430
4207 4208 8415
4162 4181 8343
4186 4200 8386
4296 4298 8594
4255 4300 8555
4288 4291 8579
4129 4220 8349
4174 4283 8457
4208 4297 8505
4150 4292 8442
4181 4187 8368
4286 4295 8581
4106 4264 8370
4157 4178 8335
4125 4272 8397
4257 4277 8534
4106 4270 8376
4176 4240 8416
4103 4179 8282
4207 4266 8473
4267 4288 8555
4246 4252 8498
4145 4272 8417
4257 4290 8547
4265 4292 8557
4239 4284 8523
4186 4253 8439
4258 4265 8523
4283 4289 8572
4178 4256 8434
4265 4270 8535
4295 4298 8593
4249 4296 8545
4173 4247 8420
4294 4299 8593
4299 4300 8599
4272 4277 8549
4198 4228 8426
4137 4180 8317
4239 4246 8485
4218 4268 8486
4129 4212 8341
4176 4276 8452
4146 4180 8326
4185 4288 8473
4234 4278 8512
4165 4168 8333
4269 4296 8565
4229 4248 8477
4269 4295 8564
4199 4243 8442
4169 4174 8343
4244 4283 8527
4227 4235 8462
4215 4286 8501
4140 4263 8403
4170 4192 8362
4247 4271 8518
4271 4283 8554
4112 4249 8361
4297 4298 8595
4153 4227 8380
4127 4185 8312
4254 4295 8549
4115 4280 8395
4289 4291 8580
4296 4297 8593
4123 4267 8390
4214 4217 8431
4240 4285 8525
4100 4123 8223
4121 4154 8275
4248 4297 8545
4171 4172 8343
4253 4293 8546
4289 4298 8587
4100 4261 8361
4257 4288 8545
4278 4298 8576
4238 4266 8504
4107 4289 8396
4191 4284 8475
4111 4236 8347
4196 4295 8491
4214 4246 8460
4184 4237 8421
4190 4246 8436
4218 4236 8454
4204 4224 8428
4258 4291 8549
4234 4253 8487
4230 4285 8515
4111 4146 8257
4294 4298 8592
4113 4212 8325
4199 4255 8454
4292 4293 8585
4143 4230 8373
4285 4300 8585
4112 4247 8359
4179 4187 8366
4110 4211 8321
4131 4203 8334
4291 4295 8586
4148 4154 8302
4253 4260 8513
4229 4291 8520
4170 4283 8453
4115 4265 8380
4218 4251 8469
4200 4240 8440
4205 4277 8482
4125 4179 8304
4262 4294 8556
4216 4273 8489
4233 4266 8499
4115 4285 8400
4150 4151 8301
4299 4300 8599
4173 4179 8352
4159 4220 8379
4256 4266 8522
4156 4190 8346
4114 4276 8390
4141 4180 8321
4281 4291 8572
4106 4233 8339
4259 4285 8544
4156 4265 8421
4118 4148 8266
4224 4287 8511
4145 4232 8377
4174 4245 8419
4177 4275 8452
4157 4231 8388
4132 4216 8348
4252 4292 8544
4166 4268 8434
4215 4240 8455
4247 4261 8508
4166 4242 8408
4150 4170 8320
4116 4187 8303
4186 4294 8480
4217 4299 8516
4131 4219 8350
4258 4286 8544
4286 4293 8579
4122 4298 8420
4292 4293 8585
4232 4289 8521
4291 4294 8585
4283 4288 8571
4210 4254 8464
4285 4292 8577
4101 4105 8206
4179 4259 8438
4195 4300 8495
4295 4298 8593
4168 4213 8381
4275 4284 8559
4151 4189 8340
4103 4211 8314
4192 4291 8483
4279 4295 8574
4209 4228 8437
4187 4295 8482
4277 4287 8564
4122 4207 8329
4191 4243 8434
4228 4258 8486
4134 4293 8427
4197 4198 8395
4148 4229 8377
4162 4252 8414
4277 4288 8565
4249 4262 8511
4157 4191 8348
4244 4285 8529
4123 4201 8324
4219 4240 8459
4146 4263 8409
4189 4197 8386
4277 4293 8570
4184 4202 8386
4143 4151 8294
4164 4214 8378
4254 4279 8533
4289 4297 8586
4219 4238 8457
4259 4294 8553
4214 4297 8511
4273 4286 8559
4264 4291 8555
4178 4221 8399
4251 4294 8545
4246 4249 8495
4212 4290 8502
4181 4281 8462
4230 4275 8505
4108 4130 8238
4190 4213 8403
4275 4296 8571
4240 4270 8510
4160 4182 8342
4252 4254 8506
4121 4185 8306
4150 4151 8301
4140 4219 8359
4124 4136 8260
4215 4244 8459
4242 4289 8531
4262 4294 8556
4257 4264 8521
4153 4293 8446
4243 4297 8540
4158 4273 8431
4264 4300 8564
4106 4256 8362
4231 4234 8465
4144 4209 8353
4210 4260 8470
4220 4243 8463
4191 4211 8402
4166 4276 8442
4203 4292 8495
4210 4226 8436
4283 4285 8568
4171 4175 8346
4196 4236 8432
4146 4277 8423
4279 4295 8574
4188 4199 8387
4254 4279 8533
4269 4278 8547
4205 4223 8428
4247 4292 8539
4167 4299 8466
4258 4285 8543
4156 4181 8337
4233 4236 8469
4105 4269 8374
4243 4300 8543
4233 4273 8506
4251 4252 8503
4232 4269 8501
4189 4261 8450
4181 4272 8453
4125 4252 8377
4267 4282 8549
4254 4287 8541
4182 4224 8406
4254 4296 8550
4191 4276 8467
4218 4289 8507
4273 4282 8555
4259 4276 8535
4296 4300 8596
4151 4246 8397
4144 4207 8351
4222 4256 8478
4240 4285 8525
4139 4209 8348
4287 4294 8581
4161 4289 8450
4284 4286 8570
4154 4235 8389
4229 4293 8522
4259 4263 8522
4268 4274 8542
4188 4289 8477
4193 4238 8431
4298 4299 8597
4187 4272 8459
4167 4198 8365
4281 4297 8578
4290 4292 8582
4287 4288 8575
4145 4252 8397
4226 4268 8494
4197 4285 8482
4170 4225 8395
4217 4297 8514
4188 4267 8455
4140 4198 8338
4154 4261 8415
4110 4185 8295
4245 4270 8515
4150 4219 8369
4125 4265 8390
4224 4263 8487
4249 4267 8516
4175 4190 8365
4192 4282 8474
4263 4284 8547
4264 4276 8540
4282 4290 8572
4242 4264 8506
4137 4204 8341
4104 4117 8221
4266 4283 8549
4299 4300 8599
4208 4237 8445
4131 4257 8388
4126 4203 8329
4146 4175 8321
4291 4292 8583
4170 4235 8405
4291 4294 8585
4239 4252 8491
4284 4288 8572
4195 4270 8465
4111 4130 8241
4141 4294 8435
4202 4300 8502
4161 4205 8366
4195 4210 8405
4299 4300 8599
4168 4237 8405
4203 4227 8430
4192 4293 8485
4228 4238 8466
4182 4266 8448
4112 4138 8250
4246 4300 8546
4205 4245 8450
4143 4229 8372
4296 4297 8593
4201 4217 8418
4271 4293 8564
4259 4291 8550
4221 4254 8475
4117 4176 8293
4213 4225 8438
4197 4280 8477
4259 4297 8556
4133 4233 8366
4279 4300 8579
4152 4295 8447
4172 4267 8439
4142 4212 8354
4175 4272 8447
4286 4294 8580
4113 4274 8387
4225 4271 8496
4234 4248 8482
4218 4235 8453
4133 4188 8321
4121 4243 8364
4291 4298 8589
4143 4192 8335
4155 4292 8447
4130 4172 8302
4292 4295 8587
4144 4158 8302
4235 4300 8535
4291 4294 8585
4166 4199 8365
4146 4239 8385
4248 4274 8522
4253 4281 8534
4235 4258 8493
4159 4200 8359
4229 4259 8488
4133 4222 8355
4225 4297 8522
4284 4287 8571
4272 4283 8555
4159 4206 8365
4200 4259 8459
4286 4292 8578
4159 4239 8398
4203 4238 8441
4151 4201 8352
4144 4225 8369
4282 4289 8571
4189 4243 8432
4291 4296 8587
4169 4265 8434
4272 4290 8562
4192 4214 8406
4233 4265 8498
4108 4272 8380
4189 4257 8446
4298 4299 8597
4262 4283 8545
4263 4292 8555
4123 4170 8293
4174 4185 8359
4236 4276 8512
4193 4263 8456
4128 4160 8288
4270 4295 8565
4222 4294 8516
4278 4285 8563
4144 4188 8332
4176 4294 8470
4223 4252 8475
4213 4289 8502
4180 4218 8398
4100 4240 8340
4248 4259 8507
4292 4299 8591
4194 4258 8452
4211 4221 8432
4160 4206 8366
4170 4235 8405
4286 4294 8580
4177 4269 8446
4240 4297 8537
4262 4289 8551
4169 4276 8445
4222 4290 8512
4134 4282 8416
4246 4247 8493
4232 4251 8483
4258 4297 8555
4265 4293 8558
4155 4220 8375
4104 4130 8234
4136 4138 8274
4173 4194 8367
4251 4276 8527
4128 4227 8355
4268 4275 8543
4233 4240 8473
4183 4284 8467
4270 4272 8542
4216 4238 8454
4200 4215 8415
4175 4209 8384
4101 4295 8396
4212 4299 8511
4140 4195 8335
4171 4296 8467
4207 4299 8506
4236 4259 8495
4232 4277 8509
4155 4188 8343
4119 4174 8293
4287 4288 8575
4127 4232 8359
4297 4299 8596
4113 4122 8235
4237 4245 8482
4200 4230 8430
4190 4290 8480
4230 4277 8507
4256 4259 8515
4181 4207 8388
4235 4245 8480
4202 4251 8453
4287 4295 8582
4211 4292 8503
4105 4176 8281
4143 4212 8355
4159 4183 8342
4196 4215 8411
4283 4285 8568
4143 4219 8362
4196 4223 8419
4282 4294 8576
4179 4290 8469
4268 4275 8543
4239 4291 8530
4222 4239 8461
4154 4277 8431
4284 4291 8575
4232 4248 8480
4234 4295 8529
4108 4204 8312
4251 4256 8507
4141 4211 8352
4290 4295 8585
4115 4277 8392
4120 4248 8368
4100 4293 8393
4113 4225 8338
4292 4296 8588
4101 4173 8274
4102 4220 8322
4282 4288 8570
4119 4292 8411
4168 4209 8377
4213 4223 8436
4150 4227 8377
4187 4233 8420
4118 4283 8401
4112 4264 8376
4285 4294 8579
4242 4300 8542
4258 4298 8556
4164 4227 8391
4136 4282 8418
4184 4238 8422
4257 4258 8515
4117 4299 8416
4253 4283 8536
4274 4275 8549
4274 4291 8565
4285 4300 8585
4267 4282 8549
4253 4288 8541
4299 4300 8599
4285 4296 8581
4112 4224 8336
4148 4168 8316
4166 4298 8464
4178 4270 8448
4121 4175 8296
4215 4220 8435
4278 4280 8558
4259 4283 8542
4153 4285 8438
4289 4297 8586
4283 4285 8568
4208 4228 8436
4260 4288 8548
4144 4160 8304
4245 4260 8505

4101 4147 8215
4022 4075 8095
4125 4171 8266
4116 4197 8296
4143 4164 8302
4054 4096 8135
4181 4192 8369
4034 4069 8086
4186 4193 8343
4032 4070 8071
4108 4153 8232
4097 4125 8197
4030 4103 8105
4114 4176 8254
4175 4200 8340
4039 4176 8198
4005 4194 8169
4065 4123 8185
4041 4130 8152
4126 4162 8252
4029 4145 8137
4179 4185 8336
4161 4179 8323
4113 4120 8210
4131 4181 8299
4132 4158 8287
4156 4177 8315
4185 4198 8361
4136 4151 8255
4015 4145 8133
4079 4159 8224
4180 4187 8334
4016 4021 8018
4143 4178 8312
4041 4133 8141
4095 4131 8188
4153 4187 8318
4174 4176 8328
4199 4200 8388
4098 4193 8275
4121 4184 8267
4061 4157 8189
4063 4118 8170
4076 4122 8187
4188 4190 8347
4156 4174 8309
4089 4149 8227
4128 4193 8316
4053 4162 8202
4051 4101 8134
4003 4139 8128
4144 4186 8311
4146 4184 8304
4025 4067 8077
4101 4136 8210
4064 4198 8252
4109 4181 8266
4061 4079 8120
4028 4119 8116
4085 4159 8207
4192 4195 8386
4011 4088 8096
4091 4104 8173
4127 4168 8267
4081 4196 8250
4096 4122 8208
4127 4169 8272
4188 4191 8367
4095 4172 8261
4040 4095 8112
4130 4179 8305
4055 4140 8186
4124 4148 8245
4191 4194 8349
4027 4115 8115
4112 4188 8276
4148 4185 8316
4095 4183 8259
4147 4182 8302
4116 4134 8240
4149 4169 8303
4017 4174 8156
4099 4144 8226
4063 4139 8197
4144 4159 8302
4142 4149 8260
4037 4100 8136
4033 4189 8188
4150 4162 8304
4095 4174 8249
4137 4154 8263
4135 4197 8326
4015 4047 8055
4010 4147 8129
4194 4195 8359
4082 4174 8254
4159 4194 8341
4040 4172 8181
4039 4047 8050
4037 4163 8188
4066 4195 8224
4117 4188 8288
4070 4101 8155
4074 4162 8232
4026 4054 8049
4071 4106 8140
4087 4128 8198
4029 4127 8124
4014 4040 8025
4169 4174 8332
4013 4178 8158
4180 4195 8361
4070 4130 8172
4065 4103 8166
4090 4120 8184
4038 4051 8084
4037 4087 8100
4145 4180 8315
4075 4084 8155
4012 4186 8189
4151 4187 8325
4106 4191 8291
4018 4174 8176
4021 4164 8175
4043 4174 8203
4151 4174 8307
4140 4163 8271
4125 4164 8266
4138 4153 8281
4023 4200 8213
4003 4138 8117
4008 4183 8165
4104 4175 8269
4140 4143 8248
4132 4176 8270
4034 4199 8197
4051 4171 8205
4196 4197 8392
4195 4196 8384
4146 4191 8300
4131 4155 8247
4053 4128 8144
4030 4043 8059
4008 4177 8161
4049 4173 8218
4157 4191 8317
4064 4159 8186
4084 4178 8236
4155 4197 8339
4186 4190 8371
4199 4200 8397
4168 4174 8309
4126 4129 8240
4023 4174 8189
4040 4170 8194
4064 4169 8219
4157 4191 8347
4143 4148 8278
4066 4145 8188
4152 4200 8313
4130 4157 8254
4182 4197 8355
4073 4111 8171
4030 4121 8115
4155 4169 8291
4181 4200 8370
4044 4161 8203
4097 4105 8181
4079 4117 8168
4054 4148 8165
4168 4189 8335
4081 4140 8206
4081 4118 8174
4120 4180 8263
4159 4161 8288
4032 4135 8142
4044 4165 8181
4037 4065 8073
4108 4163 8264
4144 4198 8332
4192 4200 8370
4025 4128 8127
4112 4114 8206
4151 4181 8313
4189 4196 8363
4189 4191 8365
4035 4057 8077
4008 4127 8101
4013 4054 8031
4196 4198 8366
4123 4128 8224
4131 4157 8265
4071 4081 8114
4004 4181 8148
4169 4172 8323
4158 4168 8289
4138 4162 8278
4113 4162 8254
4045 4073 8115
4029 4069 8062
4182 4184 8342
4181 4188 8339
4158 4169 8288
4176 4193 8353
4089 4105 8189
4052 4105 8124
4143 4166 8303
4027 4072 8077
4137 4161 8286
4199 4200 8390
4143 4176 8287
4187 4191 8359
4190 4197 8358
4119 4126 8238
4031 4047 8049
4119 4130 8221
4002 4016 7982
4068 4077 8132
4170 4180 8346
4060 4166 8217
4140 4198 8325
4093 4105 8174
4144 4160 8295
4013 4042 8050
4121 4154 8258
4161 4179 8324
4012 4074 8085
4114 4181 8261
4044 4137 8158
4182 4188 8362
4095 4143 8210
4015 4095 8104
4120 4137 8229
4106 4120 8219
4044 4068 8104
4136 4166 8301
4124 4131 8247
4064 4158 8184
4039 4142 8163
4051 4175 8209
4030 4055 8061
4165 4192 8348
4056 4070 8113
4181 4196 8366
4028 4181 8198
4131 4132 8233
4156 4167 8290
4009 4074 8066
4127 4133 8259
4012 4177 8170
4109 4141 8244
4158 4166 8304
4072 4112 8182
4082 4196 8271
4081 4197 8276
4191 4194 8380
4064 4070 8099
4150 4164 8283
4121 4192 8293
4177 4186 8360
4075 4099 8155
4103 4118 8193
4004 4039 8027
4111 4123 8200
4013 4040 8044
4004 4185 8159
4011 4107 8090
4025 4054 8071
4056 4117 8163
4077 4147 8195
4054 4090 8132
4134 4145 8242
4189 4195 8377
4070 4151 8204
4063 4152 8183
4086 4132 8211
4161 4191 8341
4061 4181 8223
4102 4147 8215
4037 4193 8203
4107 4108 8196
4062 4081 8105
4086 4100 8157
4196 4198 8388
4155 4200 8324
4188 4191 8356
4029 4120 8115
4074 4183 8225
4108 4197 8298
4050 4192 8233
4081 4087 8148
4186 4195 8368
4006 4164 8143
4057 4078 8104
4025 4172 8176
4157 4177 8315
4006 4170 8154
4076 4140 8210
4003 4079 8048
4107 4166 8242
4167 4188 8346
4146 4152 8265
4045 4172 8186
4157 4190 8318
4165 4192 8348
4139 4184 8320
4086 4153 8229
4158 4165 8312
4183 4189 8368
4078 4156 8198
4165 4170 8331
4195 4198 8385
4149 4196 8337
4073 4147 8209
4194 4199 8361
4199 4200 8360
4172 4177 8321
4098 4128 8219
4037 4080 8084
4139 4146 8261
4118 4168 8285
4029 4112 8135
4076 4176 8233
4046 4080 8101
4085 4188 8269
4134 4178 8297
4065 4068 8095
4169 4196 8345
4129 4148 8264
4169 4195 8361
4099 4143 8205
4069 4074 8141
4144 4183 8295
4127 4135 8253
4115 4186 8280
4040 4163 8170
4070 4092 8125
4147 4171 8306
4171 4183 8315
4012 4149 8155
4197 4198 8367
4053 4127 8165
4027 4085 8104
4154 4195 8317
4015 4180 8174
4189 4191 8344
4196 4197 8384
4023 4167 8152
4114 4117 8211
4140 4185 8314
4000 4023 8015
4021 4054 8048
4148 4197 8335
4071 4072 8107
4153 4193 8315
4189 4198 8348
4000 4161 8128
4157 4188 8309
4178 4198 8375
4138 4166 8270
4007 4189 8173
4091 4184 8245
4011 4136 8146
4096 4195 8282
4114 4146 8240
4084 4137 8195
4090 4146 8206
4118 4136 8250
4104 4124 8203
4158 4191 8326
4134 4153 8251
4130 4185 8305
4011 4046 8037
4194 4198 8372
4013 4112 8120
4099 4155 8229
4192 4193 8354
4043 4130 8143
4185 4200 8381
4012 4147 8151
4079 4087 8145
4010 4111 8086
4031 4103 8122
4191 4195 8369
4048 4054 8092
4153 4160 8305
4129 4191 8294
4070 4183 8225
4015 4165 8163
4118 4151 8254
4100 4140 8239
4105 4177 8244
4025 4079 8101
4162 4194 8323
4116 4173 8281
4133 4166 8288
4015 4185 8176
4050 4051 8084
4199 4200 8369
4073 4079 8120
4059 4120 8148
4156 4166 8305
4056 4090 8130
4014 4176 8170
4041 4080 8083
4181 4191 8350
4006 4133 8111
4159 4185 8334
4056 4165 8200
4018 4048 8042
4124 4187 8290
4045 4132 8156
4074 4145 8213
4077 4175 8230
4057 4131 8171
4032 4116 8114
4152 4192 8315
4066 4168 8218
4115 4140 8221
4147 4161 8300
4066 4142 8184
4050 4070 8100
4016 4087 8073
4086 4194 8255
4117 4199 8279
4031 4119 8130
4158 4186 8314
4186 4193 8375
4022 4198 8193
4192 4193 8356
4132 4189 8283
4191 4194 8373
4183 4188 8338
4110 4154 8251
4185 4192 8341
4001 4005 7999
4079 4159 8228
4095 4200 8257
4195 4198 8375
4068 4113 8145
4175 4184 8342
4051 4089 8108
4003 4111 8099
4092 4191 8276
4179 4195 8356
4109 4128 8212
4087 4195 8264
4177 4187 8340
4022 4107 8097
4091 4143 8203
4128 4158 8261
4034 4193 8201
4097 4098 8188
4048 4129 8146
4062 4152 8196
4177 4188 8327
4149 4162 8282
4057 4091 8131
4144 4185 8307
4023 4101 8090
4119 4140 8239
4046 4163 8194
4089 4097 8148
4177 4193 8345
4084 4102 8161
4043 4051 8089
4064 4114 8160
4154 4179 8312
4189 4197 8371
4119 4138 8256
4159 4194 8346
4114 4197 8297
4173 4186 8340
4164 4191 8323
4078 4121 8163
4151 4194 8339
4146 4149 8293
4112 4190 8298
4081 4181 8245
4130 4175 8273
4008 4030 8019
4090 4113 8193
4175 4196 8344
4140 4170 8276
4060 4082 8125
4152 4154 8297
4021 4085 8096
4050 4051 8064
4040 4119 8150
4024 4036 8036
4115 4144 8251
4142 4189 8302
4162 4194 8350
4157 4164 8302
4053 4193 8218
4143 4197 8307
4058 4173 8227
4164 4200 8358
4006 4156 8130
4131 4134 8254
4044 4109 8152
4110 4160 8257
4120 4143 8259
4091 4111 8193
4066 4176 8223
4103 4192 8272
4110 4126 8198
4183 4185 8335
4071 4075 8144
4096 4136 8220
4046 4177 8210
4179 4195 8352
4088 4099 8184
4154 4179 8324
4169 4178 8318
4105 4123 8216
4147 4192 8304
4067 4199 8258
4158 4185 8338
4056 4081 8125
4133 4136 8250
4005 4169 8151
4143 4200 8342
4133 4173 8277
4151 4152 8291
4132 4169 8285
4089 4161 8241
4081 4172 8220
4025 4152 8173
4167 4182 8324
4154 4187 8304
4082 4124 8173
4154 4196 8343
4091 4176 8240
4118 4189 8306
4173 4182 8325
4159 4176 8297
4196 4200 8365
4051 4146 8184
4044 4107 8130
4122 4156 8261
4140 4185 8316
4039 4109 8138
4187 4194 8361
4061 4189 8233
4184 4186 8332
4054 4135 8151
4129 4193 8318
4159 4163 8288
4168 4174 8324
4088 4189 8246
4093 4138 8207
4198 4199 8382
4087 4172 8237
4067 4098 8131
4181 4197 8366
4190 4192 8365
4187 4188 8356
4045 4152 8182
4126 4168 8267
4097 4185 8271
4070 4125 8161
4117 4197 8281
4088 4167 8240
4040 4098 8117
4054 4161 8181
4010 4085 8086
4145 4170 8298
4050 4119 8164
4025 4165 8171
4124 4163 8261
4149 4167 8306
4075 4090 8136
4092 4182 8247
4163 4184 8314
4164 4176 8305
4182 4190 8335
4142 4164 8271
4037 4104 8134
4004 4017 8006
4166 4183 8335
4199 4200 8388
4108 4137 8234
4031 4157 8168
4026 4103 8117
4046 4075 8091
4191 4192 8372
4070 4135 8187
4191 4194 8352
4139 4152 8275
4184 4188 8361
4095 4170 8231
4011 4030 8013
4041 4194 8207
4102 4200 8267
4061 4105 8133
4095 4110 8178
4199 4200 8381
4068 4137 8180
4103 4127 8219
4092 4193 8260
4128 4138 8244
4082 4166 8214
4012 4038 8026
4146 4200 8345
4105 4145 8228
4043 4129 8145
4196 4197 8392
4101 4117 8184
4171 4193 8349
4159 4191 8323
4121 4154 8273
4017 4076 8088
4113 4125 8220
4097 4180 8276
4159 4197 8354
4033 4133 8153
4179 4200 8366
4052 4195 8233
4072 4167 8203
4042 4112 8121
4075 4172 8243
4186 4194 8353
4013 4174 8174
4125 4171 8267
4134 4148 8270
4118 4135 8227
4033 4088 8107
4021 4143 8157
4191 4198 8358
4043 4092 8103
4055 4192 8242
4030 4072 8097
4192 4195 8371
4044 4058 8096
4135 4200 8297
4191 4194 8372
4066 4099 8153
4046 4139 8147
4148 4174 8291
4153 4181 8302
4135 4158 8265
4059 4100 8131
4129 4159 8256
4033 4122 8129
4125 4197 8303
4184 4187 8366
4172 4183 8321
4059 4106 8161
4100 4159 8234
4186 4192 8358
4059 4139 8173
4103 4138 8202
4051 4101 8147
4044 4125 8143
4182 4189 8358
4089 4143 8227
4191 4196 8355
4069 4165 8204
4172 4190 8351
4092 4114 8196
4133 4165 8274
4008 4172 8150
4089 4157 8229
4198 4199 8373
4162 4183 8326
4163 4192 8327
4023 4070 8064
4074 4085 8147
4136 4176 8290
4093 4163 8235
4028 4060 8075
4170 4195 8351
4122 4194 8285
4178 4185 8329
4044 4088 8103
4076 4194 8233
4123 4152 8266
4113 4189 8277
4080 4118 8189
4000 4140 8122
4148 4159 8306
4192 4199 8365
4094 4158 8251
4111 4121 8230
4060 4106 8139
4070 4135 8191
4186 4194 8376
4077 4169 8209
4140 4197 8334
4162 4189 8320
4069 4176 8221
4122 4190 8300
4034 4182 8211
4146 4147 8262
4132 4151 8271
4158 4197 8351
4165 4193 8344
4055 4120 8160
4004 4030 8000
4036 4038 8069
4073 4094 8143
4151 4176 8312
4028 4127 8144
4168 4175 8320
4133 4140 8239
4083 4184 8248
4170 4172 8310
4116 4138 8234
4100 4115 8186
4075 4109 8163
4001 4195 8168
4112 4199 8282
4040 4095 8098
4071 4196 8231
4107 4199 8304
4136 4159 8259
4132 4177 8271
4055 4088 8127
4019 4074 8057
4187 4188 8361
4027 4132 8131
4197 4199 8393
4013 4022 8030
4137 4145 8267
4100 4130 8213
4090 4190 8272
4130 4177 8299
4156 4159 8312
4081 4107 8178
4135 4145 8275
4102 4151 8230
4187 4195 8362
4111 4192 8265
4005 4076 8071
4043 4112 8130
4059 4083 8110
4096 4115 8204
4183 4185 8333
4043 4119 8143
4096 4123 8198
4182 4194 8350
4079 4190 8234
4168 4175 8335
4139 4191 8323
4122 4139 8248
4054 4177 8194
4184 4191 8356
4132 4148 8259
4134 4195 8318
4008 4104 8111
4151 4156 8293
4041 4111 8121
4190 4195 8356
4015 4177 8191
4020 4148 8149
4000 4193 8176
4013 4125 8100
4192 4196 8356
4001 4073 8060
4002 4120 8101
4182 4188 8339
4019 4192 8206
4068 4109 8154
4113 4123 8231
4050 4127 8142
4087 4133 8183
4018 4183 8163
4012 4164 8142
4185 4194 8368
4142 4200 8331
4158 4198 8336
4064 4127 8187
4036 4182 8193
4084 4138 8191
4157 4158 8285
4017 4199 8194
4153 4183 8330
4174 4175 8346
4174 4191 8336
4185 4200 8383
4167 4182 8333
4153 4188 8325
4199 4200 8369
4185 4196 8379
4012 4124 8100
4048 4068 8079
4066 4198 8248
4078 4170 8239
4021 4075 8065
4115 4120 8199
4178 4180 8349
4159 4183 8341
4053 4185 8228
4189 4197 8355
4183 4185 8333
4108 4128 8229
4160 4188 8345
4044 4060 8068
4145 4160 8304

0.010000 0.680000
