800
3554432
4252 4275 8527
4228 4278 8506
4220 4223 8443
4280 4291 8571
4226 4283 8509
4143 4216 8359
4152 4206 8358
4104 4209 8313
4104 4136 8240
4289 4299 8588
4128 4232 8360
4289 4297 8586
4164 4269 8433
4293 4300 8593
4102 4133 8235
4296 4300 8596
4196 4288 8484
4178 4285 8463
4115 4208 8323
4237 4275 8512
4147 4161 8308
4131 4178 8309
4274 4280 8554
4295 4297 8592
4164 4271 8435
4232 4250 8482
4176 4198 8374
4195 4223 8418
4299 4300 8599
4229 4266 8495
4220 4269 8489
4102 4225 8327
4273 4279 8552
4266 4289 8555
4211 4217 8428
4159 4299 8458
4248 4260 8508
4107 4258 8365
4255 4276 8531
4185 4276 8461
4120 4241 8361
4264 4269 8533
4113 4228 8341
4199 4236 8435
4208 4259 8467
4176 4259 8435
4154 4177 8331
4160 4184 8344
4184 4242 8426
4170 4181 8351
4146 4265 8411
4262 4300 8562
4149 4230 8379
4268 4281 8549
4130 4198 8328
4234 4297 8531
4117 4162 8279
4296 4297 8593
4228 4238 8466
4283 4284 8567
4190 4273 8463
4244 4298 8542
4293 4298 8591
4199 4280 8479
4121 4225 8346
4185 4220 8405
4192 4250 8442
4176 4298 8474
4252 4270 8522
4247 4262 8509
4255 4271 8526
4267 4278 8545
4200 4205 8405
4207 4224 8431
4205 4254 8459
4142 4242 8384
4175 4278 8453
4265 4292 8557
4174 4248 8422
4201 4230 8431
4258 4267 8525
4135 4145 8280
4178 4189 8367
4150 4203 8353
4105 4107 8212
4218 4298 8516
4127 4204 8331
4299 4300 8599
4275 4292 8567
4284 4290 8574
4279 4282 8561
4295 4297 8592
4120 4124 8244
4133 4181 8314
4105 4257 8362
4148 4250 8398
4100 4296 8396
4202 4216 8418
4171 4285 8456
4285 4295 8580
4118 4207 8325
4268 4286 8554
4111 4258 8369
4208 4282 8490
4153 4211 8364
4165 4269 8434
4116 4184 8300
4150 4235 8385
4178 4264 8442
4273 4300 8573
4153 4223 8376
4289 4295 8584
4106 4205 8311
4234 4286 8520
4173 4289 8462
4181 4249 8430
4222 4294 8516
4268 4273 8541
4257 4284 8541
4282 4298 8580
4213 4228 8441
4203 4220 8423
4113 4293 8406
4241 4259 8500
4241 4268 8509
4241 4294 8535
4128 4280 8408
4141 4173 8314
4112 4151 8263
4181 4208 8389
4131 4166 8297
4197 4216 8413
4284 4289 8573
4177 4225 8402
4153 4283 8436
4207 4281 8488
4154 4195 8349
4139 4234 8373
4240 4291 8531
4175 4199 8374
4175 4245 8420
4175 4275 8450
4210 4253 8463
4201 4263 8464
4185 4208 8393
4171 4178 8349
4137 4268 8405
4195 4235 8430
4132 4266 8398
4243 4300 8543
4144 4267 8411
4119 4242 8361
4211 4252 8463
4141 4177 8318
4132 4174 8306
4288 4295 8583
4225 4288 8513
4112 4257 8369
4162 4185 8347
4211 4276 8487
4271 4291 8562
4105 4167 8272
4170 4244 8414
4111 4127 8238
4272 4279 8551
4279 4292 8571
4195 4232 8427
4201 4255 8456
4251 4277 8528
4209 4229 8438
4112 4218 8330
4129 4155 8284
4152 4157 8309
4180 4253 8433
4258 4294 8552
4193 4291 8484
4190 4262 8452
4137 4183 8320
4255 4267 8522
4256 4269 8525
4116 4253 8369
4230 4237 8467
4236 4277 8513
4186 4221 8407
4285 4293 8578
4140 4281 8421
4142 4164 8306
4291 4299 8590
4233 4291 8524
4153 4188 8341
4166 4293 8459
4164 4204 8368
4121 4190 8311
4271 4285 8556
4126 4142 8268
4221 4227 8448
4194 4206 8400
4246 4253 8499
4286 4296 8582
4236 4246 8482
4229 4238 8467
4238 4241 8479
4147 4245 8392
4149 4235 8384
4109 4146 8255
4231 4298 8529
4273 4291 8564
4226 4247 8473
4186 4283 8469
4236 4296 8532
4159 4288 8447
4285 4290 8575
4245 4299 8544
4150 4183 8333
4244 4290 8534
4100 4101 8201
4220 4272 8492
4117 4225 8342
4297 4299 8596
4132 4296 8428
4176 4261 8437
4205 4213 8418
4166 4274 8440
4282 4295 8577
4108 4260 8368
4223 4251 8474
4152 4215 8367
4110 4276 8386
4208 4210 8418
4213 4275 8488
4170 4182 8352
4265 4296 8561
4175 4204 8379
4106 4132 8238
4202 4207 8409
4193 4284 8477
4268 4296 8564
4233 4285 8518
4191 4296 8487
4298 4299 8597
4235 4272 8507
4222 4248 8470
4289 4295 8584
4224 4225 8449
4207 4212 8419
4154 4189 8343
4209 4256 8465
4251 4288 8539
4271 4291 8562
4147 4281 8428
4195 4223 8418
4114 4264 8378
4150 4242 8392
4275 4285 8560
4176 4203 8379
4283 4293 8576
4154 4244 8398
4224 4249 8473
4111 4122 8233
4250 4291 8541
4100 4144 8244
4148 4178 8326
4182 4199 8381
4216 4232 8448
4177 4182 8359
4174 4233 8407
4117 4241 8358
4279 4297 8576
4103 4276 8379
4162 4208 8370
4212 4295 8507
4219 4226 8445
4180 4237 8417
4164 4207 8371
4197 4291 8488
4211 4267 8478
4210 4238 8448
4195 4286 8481
4299 4300 8599
4168 4178 8346
4263 4283 8546
4180 4255 8435
4244 4275 8519
4269 4300 8569
4276 4284 8560
4268 4287 8555
4277 4280 8557
4233 4288 8521
4178 4289 8467
4218 4219 8437
4181 4295 8476
4137 4165 8302
4205 4297 8502
4220 4257 8477
4188 4216 8404
4257 4263 8520
4195 4285 8480
4218 4220 8438
4140 4219 8359
4245 4267 8512
4110 4157 8267
4185 4256 8441
4159 4284 8443
4203 4243 8446
4122 4273 8395
4281 4289 8570
4146 4255 8401
4236 4296 8532
4151 4184 8335
4288 4297 8585
4242 4244 8486
4123 4241 8364
4290 4300 8590
4216 4289 8505
4270 4285 8555
4245 4286 8531
4257 4270 8527
4287 4296 8583
4141 4267 8408
4298 4300 8598
4173 4202 8375
4230 4268 8498
4112 4134 8246
4195 4282 8477
4244 4300 8544
4229 4257 8486
4114 4255 8369
4197 4255 8452
4262 4299 8561
4133 4222 8355
4230 4243 8473
4125 4271 8396
4135 4270 8405
4142 4219 8361
4289 4298 8587
4108 4248 8356
4207 4276 8483
4139 4141 8280
4250 4265 8515
4285 4290 8575
4245 4254 8499
4218 4281 8499
4230 4232 8462
4165 4182 8347
4218 4248 8466
4240 4268 8508
4167 4206 8373
4122 4206 8328
4117 4224 8341
4205 4265 8470
4271 4272 8543
4256 4290 8546
4298 4300 8598
4236 4247 8483
4137 4168 8305
4200 4209 8409
4192 4262 8454
4175 4236 8411
4281 4289 8570
4250 4290 8540
4273 4294 8567
4224 4249 8473
4261 4264 8525
4205 4284 8489
4180 4215 8395
4235 4279 8514
4250 4277 8527
4197 4285 8482
4146 4165 8311
4122 4143 8265
4123 4126 8249
4196 4222 8418
4261 4286 8547
4201 4254 8455
4278 4300 8578
4276 4300 8576
4247 4283 8530
4252 4261 8513
4249 4298 8547
4101 4260 8361
4200 4211 8411
4190 4286 8476
4165 4189 8354
4258 4288 8546
4153 4165 8318
4227 4282 8509
4232 4269 8501
4256 4300 8556
4177 4208 8385
4152 4216 8368
4273 4286 8559
4274 4277 8551
4101 4271 8372
4250 4255 8505
4215 4266 8481
4167 4191 8358
4132 4287 8419
4133 4263 8396
4154 4225 8379
4174 4282 8456
4155 4283 8438
4127 4257 8384
4134 4296 8430
4267 4299 8566
4286 4290 8576
4180 4220 8400
4172 4188 8360
4218 4253 8471
4279 4283 8562
4267 4290 8557
4138 4236 8374
4204 4279 8483
4203 4210 8413
4241 4278 8519
4245 4284 8529
4160 4194 8354
4170 4251 8421
4108 4126 8234
4285 4300 8585
4156 4222 8378
4215 4223 8438
4195 4240 8435
4234 4285 8519
4131 4298 8429
4217 4290 8507
4116 4283 8399
4285 4290 8575
4114 4202 8316
4232 4274 8506
4103 4244 8347
4105 4148 8253
4182 4187 8369
4155 4199 8354
4138 4219 8357
4226 4235 8461
4121 4180 8301
4160 4225 8385
4140 4149 8289
4182 4277 8459
4189 4231 8420
4292 4298 8590
4214 4228 8442
4299 4300 8599
4280 4285 8565
4245 4296 8541
4126 4255 8381
4264 4299 8563
4161 4250 8411
4254 4291 8545
4102 4130 8232
4128 4265 8393
4114 4118 8232
4139 4273 8412
4230 4238 8468
4267 4293 8560
4127 4143 8270
4261 4289 8550
4246 4278 8524
4247 4286 8533
4270 4276 8546
4239 4284 8523
4110 4206 8316
4270 4276 8546
4175 4232 8407
4264 4267 8531
4114 4150 8264
4153 4258 8411
4102 4225 8327
4211 4234 8445
4288 4291 8579
4181 4204 8385
4135 4255 8390
4262 4280 8542
4140 4203 8343
4179 4246 8425
4201 4255 8456
4127 4178 8305
4246 4268 8514
4206 4245 8451
4199 4298 8497
4212 4264 8476
4146 4250 8396
4104 4174 8278
4107 4158 8265
4204 4211 8415
4217 4231 8448
4277 4289 8566
4173 4279 8452
4113 4221 8334
4207 4209 8416
4116 4203 8319
4155 4170 8325
4233 4262 8495
4189 4295 8484
4178 4250 8428
4144 4261 8405
4245 4248 8493
4103 4255 8358
4281 4282 8563
4114 4146 8260
4256 4299 8555
4105 4285 8390
4264 4294 8558
4135 4186 8321
4299 4300 8599
4174 4239 8413
4268 4282 8550
4200 4261 8461
4208 4235 8443
4265 4292 8557
4111 4244 8355
4289 4290 8579
4253 4264 8517
4128 4153 8281
4102 4293 8395
4168 4212 8380
4250 4265 8515
4222 4238 8460
4257 4279 8536
4221 4244 8465
4222 4297 8519
4288 4300 8588
4222 4226 8448
4177 4286 8463
4182 4284 8466
4170 4227 8397
4254 4293 8547
4225 4277 8502
4223 4291 8514
4267 4277 8544
4123 4191 8314
4117 4129 8246
4126 4193 8319
4198 4252 8450
4193 4257 8450
4277 4289 8566
4157 4287 8444
4259 4268 8527
4132 4287 8419
4227 4257 8484
4128 4280 8408
4278 4293 8571
4282 4300 8582
4151 4262 8413
4191 4225 8416
4247 4281 8528
4290 4300 8590
4215 4242 8457
4238 4282 8520
4298 4300 8598
4228 4242 8470
4230 4271 8501
4139 4229 8368
4224 4274 8498
4139 4179 8318
4168 4195 8363
4271 4285 8556
4214 4298 8512
4111 4128 8239
4122 4189 8311
4232 4264 8496
4180 4197 8377
4199 4298 8497
4127 4225 8352
4109 4151 8260
4112 4113 8225
4254 4275 8529
4161 4194 8355
4219 4277 8496
4188 4241 8429
4220 4260 8480
4228 4280 8508
4151 4243 8394
4150 4251 8401
4152 4196 8348
4178 4190 8368
4276 4292 8568
4224 4277 8501
4212 4226 8438
4130 4257 8387
4215 4241 8456
4207 4225 8432
4113 4233 8346
4202 4249 8451
4152 4269 8421
4232 4239 8471
4252 4276 8528
4152 4234 8386
4107 4144 8251
4152 4159 8311
4200 4244 8444
4284 4285 8569
4271 4285 8556
4234 4275 8509
4245 4296 8541
4120 4213 8333
4278 4300 8578
4255 4284 8539
4296 4298 8594
4186 4234 8420
4278 4284 8562
4105 4274 8379
4188 4234 8422
4170 4220 8390
4294 4300 8594
4209 4231 8440
4250 4260 8510
4104 4219 8323
4228 4288 8516
4258 4268 8526
4124 4280 8404
4216 4291 8507
4181 4289 8470
4205 4207 8412
4223 4268 8491
4176 4262 8438
4118 4155 8273
4111 4114 8225
4225 4291 8516
4273 4291 8564
4115 4247 8362
4176 4296 8472
4192 4211 8403
4133 4241 8374
4245 4276 8521
4206 4263 8469
4204 4270 8474
4128 4276 8404
4160 4165 8325
4130 4135 8265
4263 4289 8552
4234 4279 8513
4125 4127 8252
4265 4287 8552
4140 4144 8284
4212 4262 8474
4292 4300 8592
4214 4292 8506
4261 4264 8525
4106 4142 8248
4133 4261 8394
4229 4245 8474
4161 4289 8450
4200 4233 8433
4289 4296 8585
4116 4222 8338
4197 4247 8444
4200 4258 8458
4100 4217 8317
4110 4125 8235
4297 4298 8595
4139 4263 8402
4205 4295 8500
4184 4198 8382
4158 4201 8359
4198 4289 8487
4129 4154 8283
4151 4300 8451
4270 4287 8557
4207 4278 8485
4235 4299 8534
4146 4272 8418
4195 4248 8443
4257 4264 8521
4288 4295 8583
4277 4286 8563
4188 4223 8411
4172 4290 8462
4201 4247 8448
4293 4300 8593
4236 4265 8501
4232 4248 8480
4153 4238 8391
4107 4254 8361
4269 4291 8560
4100 4129 8229
4178 4218 8396
4227 4238 8465
4140 4248 8388
4298 4299 8597
4226 4277 8503
4228 4247 8475
4158 4225 8383
4142 4237 8379
4147 4209 8356
4197 4235 8432
4227 4295 8522
4215 4216 8431
4267 4292 8559
4111 4184 8295
4241 4263 8504
4238 4244 8482
4168 4201 8369
4206 4257 8463
4156 4261 8417
4277 4295 8572
4199 4247 8446
4228 4296 8524
4291 4295 8586
4289 4298 8587
4262 4289 8551
4103 4137 8240
4254 4278 8532
4107 4116 8223
4184 4276 8460
4234 4262 8496
4238 4265 8503
4259 4274 8533
4208 4241 8449
4226 4230 8456
4116 4294 8410
4230 4246 8476
4297 4299 8596
4210 4259 8469
4270 4285 8555
4203 4291 8494
4125 4179 8304
4210 4258 8468
4191 4228 8419
4161 4182 8343
4203 4275 8478
4203 4209 8412
4198 4291 8489
4123 4218 8341
4214 4216 8430
4247 4264 8511
4241 4260 8501
4295 4298 8593
4163 4220 8383
4223 4244 8467
4154 4196 8350
4227 4298 8525
4170 4286 8456
4204 4239 8443
4218 4239 8457
4193 4218 8411
4256 4288 8544
4274 4299 8573
4237 4252 8489
4109 4256 8365
4260 4263 8523
4266 4293 8559
4149 4284 8433
4269 4276 8545
4152 4202 8354
4288 4300 8588
4242 4286 8528
4296 4299 8595
4241 4249 8490
4277 4298 8575
4138 4232 8370
4154 4269 8423
4258 4270 8528
4101 4116 8217
4133 4171 8304
4223 4276 8499
4109 4172 8281
4172 4287 8459
4275 4292 8567
4119 4285 8404
4283 4293 8576
4149 4233 8382
4257 4286 8543
4274 4288 8562
4141 4287 8428
4283 4287 8570
4265 4276 8541
4164 4165 8329
4171 4283 8454
4140 4208 8348
4281 4288 8569
4138 4276 8414
4197 4274 8471
4267 4276 8543
4295 4299 8594
4221 4222 8443
4295 4298 8593
4237 4243 8480
4130 4182 8312
4255 4297 8552
4289 4293 8582
4222 4238 8460
4115 4281 8396
4252 4298 8550
4183 4201 8384
4189 4201 8390
4181 4260 8441
4259 4272 8531
4214 4284 8498
4150 4195 8345
4243 4293 8536
4229 4244 8473
4199 4298 8497
4175 4178 8353
4160 4191 8351
4174 4285 8459
4176 4187 8363
4165 4171 8336
4123 4248 8371
4162 4203 8365

4152 4175 8304
4128 4178 8274
4120 4123 8204
4180 4191 8346
4126 4183 8292
4043 4116 8154
4052 4106 8129
4004 4109 8089
4004 4036 8010
4189 4199 8381
4028 4132 8158
4189 4197 8366
4064 4169 8199
4193 4200 8374
4002 4033 8017
4196 4200 8370
4096 4188 8250
4078 4185 8262
4015 4108 8099
4137 4175 8285
4047 4061 8084
4031 4078 8078
4174 4180 8348
4195 4197 8354
4064 4171 8225
4132 4150 8271
4076 4098 8141
4095 4123 8181
4199 4200 8389
4129 4166 8294
4120 4169 8260
4002 4125 8111
4173 4179 8322
4166 4189 8324
4111 4117 8226
4059 4199 8246
4148 4160 8304
4007 4158 8131
4155 4176 8298
4085 4176 8242
4020 4141 8158
4164 4169 8306
4013 4128 8104
4099 4136 8213
4108 4159 8246
4076 4159 8223
4054 4077 8102
4060 4084 8130
4084 4142 8190
4070 4081 8146
4046 4165 8182
4162 4200 8342
4049 4130 8159
4168 4181 8325
4030 4098 8127
4134 4197 8324
4017 4062 8064
4196 4197 8385
4128 4138 8243
4183 4184 8346
4090 4173 8258
4144 4198 8319
4193 4198 8382
4099 4180 8270
4021 4125 8109
4085 4120 8171
4092 4150 8211
4076 4198 8265
4152 4170 8296
4147 4162 8273
4155 4171 8293
4167 4178 8340
4100 4105 8176
4107 4124 8198
4105 4154 8232
4042 4142 8161
4075 4178 8249
4165 4192 8337
4074 4148 8205
4101 4130 8205
4158 4167 8316
4035 4045 8070
4078 4089 8132
4050 4103 8138
4005 4007 8002
4118 4198 8284
4027 4104 8100
4199 4200 8364
4175 4192 8345
4184 4190 8345
4179 4182 8342
4195 4197 8371
4020 4024 8014
4033 4081 8110
4005 4157 8159
4048 4150 8162
4000 4196 8178
4102 4116 8212
4071 4185 8250
4185 4195 8374
4018 4107 8110
4168 4186 8332
4011 4158 8146
4108 4182 8265
4053 4111 8160
4065 4169 8226
4016 4084 8076
4050 4135 8174
4078 4164 8216
4173 4200 8362
4053 4123 8143
4189 4195 8361
4006 4105 8083
4134 4186 8290
4073 4189 8235
4081 4149 8225
4122 4194 8308
4168 4173 8331
4157 4184 8331
4182 4198 8365
4113 4128 8235
4103 4120 8196
4013 4193 8201
4141 4159 8292
4141 4168 8279
4141 4194 8322
4028 4180 8194
4041 4073 8093
4012 4051 8031
4081 4108 8152
4031 4066 8070
4097 4116 8181
4184 4189 8364
4077 4125 8173
4053 4183 8225
4107 4181 8257
4054 4095 8119
4039 4134 8149
4140 4191 8323
4075 4099 8169
4075 4145 8201
4075 4175 8219
4110 4153 8253
4101 4163 8242
4085 4108 8165
4071 4078 8133
4037 4168 8179
4095 4135 8198
4032 4166 8185
4143 4200 8306
4044 4167 8207
4019 4142 8148
4111 4152 8252
4041 4077 8084
4032 4074 8100
4188 4195 8378
4125 4188 8283
4012 4157 8159
4062 4085 8120
4111 4176 8264
4171 4191 8346
4005 4067 8049
4070 4144 8201
4011 4027 8000
4172 4179 8343
4179 4192 8348
4095 4132 8214
4101 4155 8238
4151 4177 8295
4109 4129 8213
4012 4118 8093
4029 4055 8054
4052 4057 8108
4080 4153 8198
4158 4194 8338
4093 4191 8277
4090 4162 8249
4037 4083 8119
4155 4167 8307
4156 4169 8317
4016 4153 8154
4130 4137 8248
4136 4177 8300
4086 4121 8175
4185 4193 8371
4040 4181 8188
4042 4064 8068
4191 4199 8364
4133 4191 8307
4053 4088 8128
4066 4193 8234
4064 4104 8151
4021 4090 8094
4171 4185 8343
4026 4042 8030
4121 4127 8239
4094 4106 8170
4146 4153 8293
4186 4196 8347
4136 4146 8253
4129 4138 8238
4138 4141 8253
4047 4145 8161
4049 4135 8147
4009 4046 8018
4131 4198 8295
4173 4191 8349
4126 4147 8263
4086 4183 8238
4136 4196 8329
4059 4188 8209
4185 4190 8341
4145 4199 8312
4050 4083 8105
4144 4190 8300
4000 4001 7987
4120 4172 8266
4017 4125 8140
4197 4199 8362
4032 4196 8199
4076 4161 8208
4105 4113 8184
4066 4174 8217
4182 4195 8359
4008 4160 8134
4123 4151 8273
4052 4115 8154
4010 4176 8166
4108 4110 8190
4113 4175 8257
4070 4082 8125
4165 4196 8357
4075 4104 8144
4006 4032 8002
4102 4107 8196
4093 4184 8241
4168 4196 8345
4133 4185 8305
4091 4196 8258
4198 4199 8377
4135 4172 8278
4122 4148 8259
4189 4195 8355
4124 4125 8212
4107 4112 8208
4054 4089 8133
4109 4156 8264
4151 4188 8311
4171 4191 8340
4047 4181 8203
4095 4123 8216
4014 4164 8169
4050 4142 8158
4175 4185 8336
4076 4103 8156
4183 4193 8344
4054 4144 8192
4124 4149 8245
4011 4022 8012
4150 4191 8330
4000 4044 8025
4048 4078 8093
4082 4099 8161
4116 4132 8239
4077 4082 8131
4074 4133 8181
4017 4141 8148
4179 4197 8359
4003 4176 8156
4062 4108 8163
4112 4195 8282
4119 4126 8221
4080 4137 8189
4064 4107 8142
4097 4191 8283
4111 4167 8269
4110 4138 8221
4095 4186 8276
4199 4200 8396
4068 4078 8123
4163 4183 8308
4080 4155 8197
4144 4175 8310
4169 4200 8337
4176 4184 8325
4168 4187 8316
4177 4180 8344
4133 4188 8287
4078 4189 8250
4118 4119 8210
4081 4195 8246
4037 4065 8077
4105 4197 8298
4120 4157 8265
4088 4116 8178
4157 4163 8314
4095 4185 8252
4118 4120 8237
4040 4119 8150
4145 4167 8293
4010 4057 8047
4085 4156 8213
4059 4184 8230
4103 4143 8221
4022 4173 8183
4181 4189 8345
4046 4155 8164
4136 4196 8312
4051 4084 8120
4188 4197 8360
4142 4144 8254
4023 4141 8148
4190 4200 8371
4116 4189 8287
4170 4185 8332
4145 4186 8316
4157 4170 8293
4187 4196 8374
4041 4167 8207
4198 4200 8381
4073 4102 8146
4130 4168 8281
4012 4034 8031
4095 4182 8255
4144 4200 8332
4129 4157 8276
4014 4155 8136
4097 4155 8232
4162 4199 8360
4033 4122 8150
4130 4143 8270
4025 4171 8159
4035 4170 8192
4042 4119 8133
4189 4198 8384
4008 4148 8138
4107 4176 8280
4039 4041 8069
4150 4165 8306
4185 4190 8350
4145 4154 8264
4118 4181 8272
4130 4132 8238
4065 4082 8141
4118 4148 8229
4140 4168 8276
4067 4106 8143
4022 4106 8124
4017 4124 8124
4105 4165 8231
4171 4172 8305
4156 4190 8315
4198 4200 8365
4136 4147 8280
4037 4068 8076
4100 4109 8176
4092 4162 8251
4075 4136 8193
4181 4189 8349
4150 4190 8311
4173 4194 8361
4124 4149 8234
4161 4164 8296
4105 4184 8266
4080 4115 8187
4135 4179 8290
4150 4177 8299
4097 4185 8266
4046 4065 8076
4022 4043 8054
4023 4026 8040
4096 4122 8193
4161 4186 8334
4101 4154 8230
4178 4200 8358
4176 4200 8360
4147 4183 8295
4152 4161 8301
4149 4198 8328
4001 4160 8126
4100 4111 8174
4090 4186 8260
4065 4089 8153
4158 4188 8328
4053 4065 8097
4127 4182 8287
4132 4169 8266
4156 4200 8322
4077 4108 8173
4052 4116 8144
4173 4186 8340
4174 4177 8314
4001 4171 8149
4150 4155 8270
4115 4166 8279
4067 4091 8121
4032 4187 8184
4033 4163 8160
4054 4125 8149
4074 4182 8250
4055 4183 8210
4027 4157 8179
4034 4196 8206
4167 4199 8328
4186 4190 8362
4080 4120 8174
4072 4088 8146
4118 4153 8235
4179 4183 8335
4167 4190 8347
4038 4136 8139
4104 4179 8248
4103 4110 8195
4141 4178 8293
4145 4184 8304
4060 4094 8145
4070 4151 8184
4008 4026 8027
4185 4200 8383
4056 4122 8149
4115 4123 8217
4095 4140 8210
4134 4185 8297
4031 4198 8193
4117 4190 8288
4016 4183 8193
4185 4190 8373
4014 4102 8109
4132 4174 8298
4003 4144 8142
4005 4048 8050
4082 4087 8155
4055 4099 8124
4038 4119 8135
4126 4135 8223
4021 4080 8095
4060 4125 8182
4040 4049 8070
4082 4177 8241
4089 4131 8192
4192 4198 8360
4114 4128 8213
4199 4200 8360
4180 4185 8337
4145 4196 8336
4026 4155 8160
4164 4199 8348
4061 4150 8183
4154 4191 8322
4002 4030 8003
4028 4165 8192
4014 4018 7995
4039 4173 8186
4130 4138 8266
4167 4193 8333
4027 4043 8040
4161 4189 8345
4146 4178 8293
4147 4186 8322
4170 4176 8322
4139 4184 8318
4010 4106 8109
4170 4176 8320
4075 4132 8193
4164 4167 8295
4014 4050 8038
4053 4158 8186
4002 4125 8106
4111 4134 8231
4188 4191 8376
4081 4104 8156
4035 4155 8175
4162 4180 8306
4040 4103 8108
4079 4146 8222
4101 4155 8239
4027 4078 8097
4146 4168 8292
4106 4145 8228
4099 4198 8276
4112 4164 8246
4046 4150 8172
4004 4074 8062
4007 4058 8031
4104 4111 8187
4117 4131 8219
4177 4189 8344
4073 4179 8237
4013 4121 8105
4107 4109 8195
4016 4103 8117
4055 4070 8090
4133 4162 8285
4089 4195 8250
4078 4150 8201
4044 4161 8184
4145 4148 8264
4003 4155 8120
4181 4182 8325
4014 4046 8049
4156 4199 8329
4005 4185 8169
4164 4194 8335
4035 4086 8090
4199 4200 8365
4074 4139 8195
4168 4182 8330
4100 4161 8242
4108 4135 8232
4165 4192 8348
4011 4144 8121
4189 4190 8359
4153 4164 8278
4028 4053 8069
4002 4193 8168
4068 4112 8143
4150 4165 8289
4122 4138 8223
4157 4179 8314
4121 4144 8264
4122 4197 8294
4188 4200 8378
4122 4126 8241
4077 4186 8243
4082 4184 8249
4070 4127 8167
4154 4193 8310
4125 4177 8267
4123 4191 8291
4167 4177 8305
4023 4091 8083
4017 4029 8031
4026 4093 8097
4098 4152 8214
4093 4157 8234
4177 4189 8330
4057 4187 8233
4159 4168 8290
4032 4187 8192
4127 4157 8259
4028 4180 8200
4178 4193 8335
4182 4200 8380
4051 4162 8205
4091 4125 8182
4147 4181 8319
4190 4200 8389
4115 4142 8255
4138 4182 8288
4198 4200 8394
4128 4142 8231
4130 4171 8278
4039 4129 8167
4124 4174 8266
4039 4079 8080
4068 4095 8161
4171 4185 8351
4114 4198 8311
4011 4028 8035
4022 4089 8080
4132 4164 8267
4080 4097 8170
4099 4198 8295
4027 4125 8150
4009 4051 8049
4012 4013 8012
4154 4175 8326
4061 4094 8143
4119 4177 8274
4088 4141 8201
4120 4160 8261
4128 4180 8272
4051 4143 8170
4050 4151 8165
4052 4096 8122
4078 4090 8160
4176 4192 8339
4124 4177 8297
4112 4126 8215
4030 4157 8167
4115 4141 8239
4107 4125 8225
4013 4133 8109
4102 4149 8221
4052 4169 8201
4132 4139 8248
4152 4176 8300
4052 4134 8178
4007 4044 8036
4052 4059 8079
4100 4144 8214
4184 4185 8362
4171 4185 8328
4134 4175 8300
4145 4196 8335
4020 4113 8126
4178 4200 8373
4155 4184 8332
4196 4198 8369
4086 4134 8183
4178 4184 8345
4005 4174 8151
4088 4134 8218
4070 4120 8189
4194 4200 8390
4109 4131 8222
4150 4160 8285
4004 4119 8111
4128 4188 8292
4158 4168 8314
4024 4180 8179
4116 4191 8296
4081 4189 8252
4105 4107 8178
4123 4168 8271
4076 4162 8234
4018 4055 8059
4011 4014 8009
4125 4191 8303
4173 4191 8336
4015 4147 8152
4076 4196 8271
4092 4111 8167
4033 4141 8156
4145 4176 8310
4106 4163 8264
4104 4170 8271
4028 4176 8193
4060 4065 8092
4030 4035 8047
4163 4189 8320
4134 4179 8298
4025 4027 8045
4165 4187 8316
4040 4044 8081
4112 4162 8253
4192 4200 8360
4114 4192 8283
4161 4164 8287
4006 4042 8024
4033 4161 8170
4129 4145 8243
4061 4189 8248
4100 4133 8212
4189 4196 8356
4016 4122 8131
4097 4147 8243
4100 4158 8238
4000 4117 8094
4010 4025 8004
4197 4198 8368
4039 4163 8164
4105 4195 8293
4084 4098 8168
4058 4101 8125
4098 4189 8256
4029 4054 8055
4051 4200 8240
4170 4187 8335
4107 4178 8274
4135 4199 8315
4046 4172 8190
4095 4148 8227
4157 4164 8312
4188 4195 8354
4177 4186 8347
4088 4123 8185
4072 4190 8255
4101 4147 8223
4193 4200 8368
4136 4165 8271
4132 4148 8275
4053 4138 8167
4007 4154 8134
4169 4191 8329
4000 4029 7993
4078 4118 8175
4127 4138 8233
4040 4148 8151
4198 4199 8371
4126 4177 8287
4128 4147 8260
4058 4125 8163
4042 4137 8176
4047 4109 8147
4097 4135 8219
4127 4195 8287
4115 4116 8215
4167 4192 8348
4011 4084 8067
4141 4163 8275
4138 4144 8254
4068 4101 8135
4106 4157 8254
4056 4161 8190
4177 4195 8364
4099 4147 8231
4128 4196 8285
4191 4195 8382
4189 4198 8380
4162 4189 8329
4003 4037 8013
4154 4178 8304
4007 4016 8009
4084 4176 8228
4134 4162 8288
4138 4165 8278
4159 4174 8313
4108 4141 8214
4126 4130 8241
4016 4194 8196
4130 4146 8252
4197 4199 8385
4110 4159 8263
4170 4185 8353
4103 4191 8291
4025 4079 8072
4110 4158 8258
4091 4128 8193
4061 4082 8106
4103 4175 8261
4103 4109 8200
4098 4191 8260
4023 4118 8121
4114 4116 8216
4147 4164 8280
4141 4160 8294
4195 4198 8378
4063 4120 8163
4123 4144 8239
4054 4096 8136
4127 4198 8306
4070 4186 8252
4104 4139 8204
4118 4139 8246
4093 4118 8200
4156 4188 8335
4174 4199 8372
4137 4152 8258
4009 4156 8155
4160 4163 8311
4166 4193 8354
4049 4184 8207
4169 4176 8337
4052 4102 8116
4188 4200 8381
4142 4186 8312
4196 4199 8369
4141 4149 8279
4177 4198 8350
4038 4132 8156
4054 4169 8201
4158 4170 8302
4001 4016 8005
4033 4071 8087
4123 4176 8287
4009 4072 8067
4072 4187 8237
4175 4192 8341
4019 4185 8193
4183 4193 8348
4049 4133 8144
4157 4186 8328
4174 4188 8324
4041 4187 8199
4183 4187 8342
4165 4176 8306
4064 4065 8107
4071 4183 8232
4040 4108 8140
4181 4188 8336
4038 4176 8180
4097 4174 8261
4167 4176 8326
4195 4199 8361
4121 4122 8222
4195 4198 8360
4137 4143 8256
4030 4082 8096
4155 4197 8315
4189 4193 8366
4122 4138 8238
4015 4181 8161
4152 4198 8336
4083 4101 8171
4089 4101 8167
4081 4160 8217
4159 4172 8297
4114 4184 8281
4050 4095 8109
4143 4193 8315
4129 4144 8266
4099 4198 8269
4075 4078 8119
4060 4091 8139
4074 4185 8256
4076 4087 8151
4065 4071 8108
4023 4148 8154
4062 4103 8132

0.010000 0.540000
