800
4875270
4244 4285 8529
4188 4279 8467
4143 4147 8290
4227 4243 8470
4153 4281 8434
4253 4289 8542
4223 4295 8518
4299 4300 8599
4269 4278 8547
4240 4289 8529
4162 4181 8343
4203 4240 8443
4274 4280 8554
4209 4289 8498
4207 4238 8445
4124 4220 8344
4161 4269 8430
4256 4265 8521
4195 4237 8432
4224 4266 8490
4230 4257 8487
4206 4223 8429
4234 4300 8534
4214 4272 8486
4298 4299 8597
4267 4293 8560
4136 4227 8363
4192 4281 8473
4106 4216 8322
4147 4168 8315
4195 4231 8426
4234 4293 8527
4174 4206 8380
4162 4274 8436
4219 4252 8471
4260 4278 8538
4101 4219 8320
4268 4277 8545
4189 4205 8394
4147 4295 8442
4120 4163 8283
4106 4210 8316
4253 4272 8525
4221 4277 8498
4100 4266 8366
4225 4260 8485
4299 4300 8599
4123 4285 8408
4243 4253 8496
4276 4283 8559
4223 4248 8471
4259 4280 8539
4294 4295 8589
4100 4256 8356
4152 4223 8375
4294 4295 8589
4244 4290 8534
4238 4271 8509
4122 4254 8376
4174 4185 8359
4246 4265 8511
4150 4173 8323
4182 4215 8397
4115 4253 8368
4215 4224 8439
4298 4300 8598
4134 4185 8319
4287 4300 8587
4174 4298 8472
4136 4258 8394
4217 4221 8438
4144 4271 8415
4150 4233 8383
4204 4228 8432
4269 4292 8561
4221 4297 8518
4232 4269 8501
4132 4295 8427
4235 4288 8523
4132 4254 8386
4200 4280 8480
4230 4251 8481
4231 4252 8483
4107 4275 8382
4125 4247 8372
4276 4287 8563
4208 4299 8507
4229 4250 8479
4269 4276 8545
4237 4250 8487
4245 4273 8518
4143 4285 8428
4177 4184 8361
4271 4299 8570
4249 4274 8523
4259 4280 8539
4173 4205 8378
4275 4292 8567
4121 4193 8314
4267 4296 8563
4243 4268 8511
4201 4277 8478
4251 4254 8505
4249 4274 8523
4216 4228 8444
4101 4102 8203
4265 4290 8555
4277 4295 8572
4167 4290 8457
4250 4256 8506
4223 4266 8489
4176 4296 8472
4245 4266 8511
4117 4126 8243
4242 4276 8518
4121 4208 8329
4182 4242 8424
4172 4187 8359
4250 4263 8513
4117 4293 8410
4158 4226 8384
4104 4268 8372
4209 4283 8492
4180 4293 8473
4194 4232 8426
4280 4293 8573
4260 4298 8558
4272 4280 8552
4104 4109 8213
4183 4285 8468
4202 4230 8432
4248 4258 8506
4149 4177 8326
4103 4156 8259
4179 4275 8454
4190 4278 8468
4158 4246 8404
4215 4286 8501
4227 4259 8486
4109 4166 8275
4297 4299 8596
4163 4249 8412
4280 4294 8574
4246 4270 8516
4213 4280 8493
4186 4272 8458
4144 4234 8378
4108 4124 8232
4151 4200 8351
4125 4210 8335
4134 4200 8334
4286 4294 8580
4207 4239 8446
4126 4260 8386
4142 4239 8381
4116 4207 8323
4290 4300 8590
4239 4251 8490
4184 4240 8424
4268 4293 8561
4249 4264 8513
4124 4235 8359
4122 4263 8385
4295 4296 8591
4195 4264 8459
4106 4277 8383
4257 4259 8516
4167 4261 8428
4231 4259 8490
4168 4170 8338
4194 4248 8442
4260 4288 8548
4245 4287 8532
4214 4246 8460
4196 4285 8481
4270 4282 8552
4214 4247 8461
4126 4152 8278
4208 4223 8431
4260 4293 8553
4288 4299 8587
4167 4234 8401
4188 4285 8473
4270 4277 8547
4263 4297 8560
4169 4274 8443
4165 4194 8359
4135 4175 8310
4288 4298 8586
4141 4261 8402
4131 4139 8270
4127 4163 8290
4128 4241 8369
4243 4277 8520
4121 4251 8372
4295 4298 8593
4118 4165 8283
4273 4285 8558
4254 4287 8541
4149 4179 8328
4108 4207 8315
4266 4272 8538
4230 4288 8518
4289 4292 8581
4172 4289 8461
4277 4297 8574
4268 4271 8539
4281 4299 8580
4144 4185 8329
4238 4269 8507
4204 4239 8443
4290 4298 8588
4146 4227 8373
4122 4261 8383
4116 4248 8364
4207 4213 8420
4254 4290 8544
4239 4251 8490
4284 4291 8575
4278 4300 8578
4245 4275 8520
4105 4111 8216
4119 4240 8359
4232 4247 8479
4212 4232 8444
4100 4182 8282
4160 4258 8418
4152 4243 8395
4221 4266 8487
4262 4297 8559
4208 4299 8507
4175 4189 8364
4140 4230 8370
4155 4224 8379
4223 4256 8479
4215 4267 8482
4165 4283 8448
4286 4289 8575
4201 4255 8456
4214 4215 8429
4284 4297 8581
4237 4288 8525
4155 4276 8431
4197 4292 8489
4277 4286 8563
4278 4280 8558
4231 4298 8529
4136 4226 8362
4293 4300 8593
4193 4270 8463
4268 4293 8561
4168 4199 8367
4153 4279 8432
4181 4252 8433
4106 4277 8383
4167 4188 8355
4254 4274 8528
4230 4246 8476
4189 4296 8485
4195 4217 8412
4273 4298 8571
4119 4276 8395
4200 4202 8402
4118 4187 8305
4264 4266 8530
4196 4205 8401
4285 4287 8572
4203 4231 8434
4281 4296 8577
4170 4216 8386
4105 4190 8295
4141 4284 8425
4194 4251 8445
4250 4290 8540
4205 4210 8415
4165 4246 8411
4264 4294 8558
4114 4212 8326
4147 4280 8427
4202 4205 8407
4172 4278 8450
4294 4299 8593
4174 4254 8428
4149 4254 8403
4163 4243 8406
4143 4176 8319
4190 4296 8486
4292 4300 8592
4221 4234 8455
4115 4200 8315
4186 4293 8479
4198 4279 8477
4273 4289 8562
4260 4297 8557
4286 4296 8582
4256 4264 8520
4200 4215 8415
4292 4297 8589
4152 4269 8421
4175 4181 8356
4239 4257 8496
4185 4271 8456
4102 4206 8308
4135 4275 8410
4281 4292 8573
4276 4294 8570
4194 4198 8392
4234 4296 8530
4292 4298 8590
4144 4294 8438
4257 4295 8552
4116 4195 8311
4234 4273 8507
4288 4296 8584
4249 4250 8499
4254 4297 8551
4132 4203 8335
4297 4298 8595
4145 4226 8371
4264 4295 8559
4266 4284 8550
4145 4230 8375
4181 4294 8475
4196 4253 8449
4254 4256 8510
4127 4294 8421
4195 4260 8455
4271 4299 8570
4211 4292 8503
4229 4239 8468
4184 4208 8392
4107 4182 8289
4128 4270 8398
4250 4284 8534
4151 4219 8370
4274 4283 8557
4137 4189 8326
4100 4203 8303
4218 4245 8463
4197 4269 8466
4208 4253 8461
4270 4273 8543
4162 4183 8345
4294 4300 8594
4272 4277 8549
4229 4253 8482
4132 4296 8428
4265 4281 8546
4211 4260 8471
4241 4284 8525
4285 4299 8584
4282 4290 8572
4253 4296 8549
4225 4271 8496
4168 4239 8407
4106 4195 8301
4216 4281 8497
4119 4268 8387
4293 4300 8593
4283 4297 8580
4281 4282 8563
4197 4237 8434
4165 4295 8460
4157 4215 8372
4299 4300 8599
4279 4289 8568
4283 4300 8583
4209 4295 8504
4140 4280 8420
4114 4119 8233
4294 4299 8593
4229 4293 8522
4229 4290 8519
4125 4214 8339
4132 4217 8349
4256 4292 8548
4157 4299 8456
4182 4238 8420
4153 4214 8367
4289 4292 8581
4153 4184 8337
4104 4105 8209
4129 4168 8297
4242 4247 8489
4165 4222 8387
4171 4173 8344
4226 4230 8456
4234 4261 8495
4222 4262 8484
4267 4296 8563
4262 4280 8542
4274 4291 8565
4211 4232 8443
4237 4277 8514
4103 4272 8375
4239 4257 8496
4137 4242 8379
4246 4274 8520
4276 4284 8560
4185 4236 8421
4207 4245 8452
4254 4255 8509
4132 4253 8385
4131 4191 8322
4266 4285 8551
4204 4284 8488
4217 4288 8505
4291 4297 8588
4114 4225 8339
4195 4244 8439
4231 4281 8512
4179 4219 8398
4173 4278 8451
4173 4254 8427
4205 4247 8452
4281 4286 8567
4130 4269 8399
4175 4261 8436
4259 4281 8540
4203 4227 8430
4201 4297 8498
4196 4296 8492
4149 4241 8390
4206 4241 8447
4145 4239 8384
4133 4257 8390
4263 4287 8550
4256 4294 8550
4194 4198 8392
4120 4251 8371
4177 4186 8363
4260 4288 8548
4149 4224 8373
4272 4286 8558
4133 4211 8344
4285 4286 8571
4200 4271 8471
4229 4266 8495
4136 4171 8307
4158 4205 8363
4215 4241 8456
4188 4261 8449
4142 4187 8329
4249 4265 8514
4224 4232 8456
4234 4235 8469
4217 4269 8486
4238 4249 8487
4133 4213 8346
4108 4251 8359
4299 4300 8599
4125 4150 8275
4248 4287 8535
4194 4298 8492
4113 4220 8333
4238 4255 8493
4146 4230 8376
4213 4251 8464
4267 4286 8553
4225 4234 8459
4149 4258 8407
4133 4283 8416
4274 4276 8550
4257 4277 8534
4284 4286 8570
4191 4287 8478
4154 4209 8363
4198 4222 8420
4175 4214 8389
4150 4230 8380
4184 4288 8472
4218 4276 8494
4211 4239 8450
4297 4298 8595
4189 4225 8414
4226 4260 8486
4185 4213 8398
4261 4282 8543
4205 4295 8500
4153 4185 8338
4198 4278 8476
4155 4198 8353
4161 4249 8410
4297 4300 8597
4292 4299 8591
4141 4287 8428
4252 4267 8519
4299 4300 8599
4295 4298 8593
4284 4298 8582
4260 4288 8548
4121 4180 8301
4219 4250 8469
4277 4281 8558
4231 4252 8483
4168 4185 8353
4148 4188 8336
4220 4255 8475
4177 4185 8362
4291 4296 8587
4134 4180 8314
4280 4281 8561
4131 4143 8274
4269 4292 8561
4175 4282 8457
4265 4291 8556
4230 4279 8509
4295 4300 8595
4273 4277 8550
4199 4234 8433
4121 4282 8403
4106 4172 8278
4172 4219 8391
4277 4291 8568
4159 4169 8328
4270 4271 8541
4292 4297 8589
4244 4272 8516
4173 4202 8375
4156 4264 8420
4184 4255 8439
4163 4279 8442
4283 4289 8572
4104 4160 8264
4283 4293 8576
4271 4272 8543
4184 4286 8470
4290 4294 8584
4294 4299 8593
4207 4210 8417
4108 4252 8360
4110 4199 8309
4254 4271 8525
4291 4297 8588
4152 4276 8428
4281 4292 8573
4290 4295 8585
4286 4296 8582
4112 4200 8312
4158 4277 8435
4232 4271 8503
4112 4187 8299
4221 4232 8453
4146 4212 8358
4248 4283 8531
4143 4171 8314
4260 4283 8543
4148 4253 8401
4273 4288 8561
4145 4293 8438
4156 4187 8343
4113 4264 8377
4124 4138 8262
4115 4175 8290
4126 4214 8340
4118 4231 8349
4222 4246 8468
4100 4208 8308
4245 4272 8517
4158 4199 8357
4258 4286 8544
4248 4290 8538
4273 4288 8561
4150 4216 8366
4142 4184 8326
4287 4289 8576
4231 4242 8473
4158 4274 8432
4157 4166 8323
4126 4201 8327
4212 4267 8479
4106 4153 8259
4109 4115 8224
4232 4257 8489
4169 4195 8364
4257 4273 8530
4234 4276 8510
4108 4121 8229
4121 4223 8344
4220 4224 8444
4195 4222 8417
4274 4295 8569
4153 4277 8430
4243 4270 8513
4171 4203 8374
4178 4188 8366
4143 4163 8306
4164 4187 8351
4180 4283 8463
4173 4284 8457
4231 4251 8482
4205 4236 8441
4287 4295 8582
4183 4209 8392
4298 4299 8597
4195 4257 8452
4175 4213 8388
4228 4296 8524
4192 4200 8392
4139 4217 8356
4127 4259 8386
4265 4291 8556
4256 4278 8534
4112 4283 8395
4249 4270 8519
4214 4215 8429
4205 4253 8458
4157 4246 8403
4289 4299 8588
4299 4300 8599
4124 4189 8313
4229 4286 8515
4145 4148 8293
4224 4258 8482
4260 4282 8542
4152 4167 8319
4102 4262 8364
4272 4299 8571
4277 4294 8571
4161 4269 8430
4268 4274 8542
4159 4252 8411
4268 4286 8554
4205 4266 8471
4182 4249 8431
4195 4286 8481
4221 4229 8450
4150 4237 8387
4288 4300 8588
4241 4290 8531
4267 4285 8552
4104 4214 8318
4265 4300 8565
4297 4298 8595
4133 4152 8285
4274 4280 8554
4227 4231 8458
4180 4297 8477
4273 4291 8564
4240 4262 8502
4117 4141 8258
4155 4157 8312
4142 4265 8407
4239 4243 8482
4180 4210 8390
4250 4295 8545
4277 4290 8567
4123 4210 8333
4173 4185 8358
4231 4253 8484
4191 4234 8425
4181 4183 8364
4262 4272 8534
4229 4243 8472
4221 4288 8509
4168 4246 8414
4190 4272 8462
4182 4236 8418
4180 4240 8420
4102 4231 8333
4290 4294 8584
4143 4188 8331
4128 4162 8290
4133 4268 8401
4218 4299 8517
4189 4231 8420
4155 4256 8411
4239 4286 8525
4220 4269 8489
4208 4286 8494
4262 4266 8528
4233 4243 8476
4111 4239 8350
4261 4299 8560
4239 4294 8533
4267 4278 8545
4155 4161 8316
4138 4294 8432
4148 4273 8421
4137 4224 8361
4255 4294 8549
4125 4234 8359
4143 4168 8311
4249 4294 8543
4203 4273 8476
4142 4256 8398
4298 4299 8597
4205 4261 8466
4176 4230 8406
4182 4294 8476
4134 4202 8336
4195 4231 8426
4117 4286 8403
4182 4232 8414
4119 4294 8413
4242 4265 8507
4283 4294 8577
4156 4178 8334
4291 4294 8585
4143 4237 8380
4203 4260 8463
4107 4208 8315
4162 4202 8364
4232 4235 8467
4207 4225 8432
4217 4300 8517
4168 4211 8379
4248 4270 8518
4223 4291 8514
4231 4232 8463
4121 4283 8404
4212 4217 8429
4205 4289 8494
4211 4290 8501
4116 4137 8253
4276 4297 8573
4235 4282 8517
4185 4209 8394
4180 4280 8460
4197 4246 8443
4219 4228 8447
4284 4295 8579
4131 4262 8393
4157 4171 8328
4104 4124 8228
4102 4164 8266
4296 4300 8596
4152 4176 8328
4140 4168 8308
4159 4165 8324
4299 4300 8599
4275 4279 8554
4281 4298 8579
4148 4167 8315
4111 4118 8229
4238 4295 8533
4292 4296 8588
4127 4183 8310
4207 4300 8507
4238 4245 8483
4271 4279 8550
4168 4300 8468
4156 4182 8338
4203 4295 8498
4190 4233 8423
4122 4260 8382
4246 4266 8512
4262 4291 8553
4261 4280 8541
4279 4294 8573
4153 4185 8338
4199 4208 8407
4112 4239 8351
4247 4259 8506
4211 4252 8463
4173 4255 8428
4155 4209 8364
4239 4298 8537
4251 4296 8547
4255 4264 8519
4116 4159 8275
4166 4237 8403
4196 4285 8481
4210 4212 8422
4262 4278 8540
4229 4232 8461
4147 4296 8443
4186 4226 8412
4271 4293 8564
4279 4282 8561
4158 4279 8437
4278 4288 8566
4148 4191 8339
4118 4299 8417
4213 4273 8486
4270 4295 8565
4131 4269 8400
4295 4299 8594
4261 4274 8535
4224 4264 8488
4154 4259 8413
4200 4235 8435
4147 4173 8320
4195 4198 8393
4135 4228 8363
4217 4261 8478
4270 4275 8545
4210 4236 8446
4104 4248 8352
4256 4291 8547
4153 4265 8418
4173 4259 8432
4188 4255 8443
4129 4269 8398
4191 4240 8431
4140 4188 8328
4217 4255 8472
4108 4154 8262
4256 4293 8549
4253 4271 8524

4144 4185 8323
4088 4179 8241
4043 4047 8071
4127 4143 8255
4053 4181 8228
4153 4189 8322
4123 4195 8304
4199 4200 8367
4169 4178 8336
4140 4189 8308
4062 4081 8137
4103 4140 8227
4174 4180 8333
4109 4189 8269
4107 4138 8207
4024 4120 8110
4061 4169 8221
4156 4165 8308
4095 4137 8211
4124 4166 8270
4130 4157 8268
4106 4123 8195
4134 4200 8312
4114 4172 8254
4198 4199 8393
4167 4193 8351
4036 4127 8161
4092 4181 8238
4006 4116 8121
4047 4068 8096
4095 4131 8213
4134 4193 8298
4074 4106 8151
4062 4174 8207
4119 4152 8256
4160 4178 8325
4001 4119 8101
4168 4177 8315
4089 4105 8171
4047 4195 8219
4020 4063 8065
4006 4110 8081
4153 4172 8310
4121 4177 8270
4000 4166 8140
4125 4160 8264
4199 4200 8363
4023 4185 8203
4143 4153 8270
4176 4183 8357
4123 4148 8264
4159 4180 8335
4194 4195 8365
4000 4156 8123
4052 4123 8154
4194 4195 8354
4144 4190 8319
4138 4171 8307
4022 4154 8160
4074 4085 8124
4146 4165 8277
4050 4073 8106
4082 4115 8177
4015 4153 8139
4115 4124 8205
4198 4200 8388
4034 4085 8104
4187 4200 8348
4074 4198 8243
4036 4158 8182
4117 4121 8231
4044 4171 8202
4050 4133 8173
4104 4128 8211
4169 4192 8352
4121 4197 8313
4132 4169 8270
4032 4195 8195
4135 4188 8309
4032 4154 8176
4100 4180 8277
4130 4151 8259
4131 4152 8262
4007 4175 8179
4025 4147 8144
4176 4187 8337
4108 4199 8287
4129 4150 8275
4169 4176 8337
4137 4150 8282
4145 4173 8308
4043 4185 8208
4077 4084 8156
4171 4199 8347
4149 4174 8284
4159 4180 8324
4073 4105 8144
4175 4192 8355
4021 4093 8088
4167 4196 8344
4143 4168 8299
4101 4177 8263
4151 4154 8289
4149 4174 8308
4116 4128 8213
4001 4002 8002
4165 4190 8351
4177 4195 8361
4067 4190 8236
4150 4156 8300
4123 4166 8266
4076 4196 8268
4145 4166 8298
4017 4026 8009
4142 4176 8295
4021 4108 8098
4082 4142 8200
4072 4087 8153
4150 4163 8287
4017 4193 8177
4058 4126 8180
4004 4168 8151
4109 4183 8290
4080 4193 8263
4094 4132 8219
4180 4193 8370
4160 4198 8324
4172 4180 8337
4004 4009 7984
4083 4185 8252
4102 4130 8205
4148 4158 8278
4049 4077 8120
4003 4056 8022
4079 4175 8237
4090 4178 8256
4058 4146 8172
4115 4186 8288
4127 4159 8251
4009 4066 8070
4197 4199 8364
4063 4149 8174
4180 4194 8372
4146 4170 8313
4113 4180 8292
4086 4172 8255
4044 4134 8149
4008 4024 8022
4051 4100 8138
4025 4110 8111
4034 4100 8114
4186 4194 8346
4107 4139 8238
4026 4160 8158
4042 4139 8174
4016 4107 8094
4190 4200 8365
4139 4151 8251
4084 4140 8188
4168 4193 8337
4149 4164 8294
4024 4135 8131
4022 4163 8176
4195 4196 8384
4095 4164 8224
4006 4177 8178
4157 4159 8284
4067 4161 8216
4131 4159 8271
4068 4070 8117
4094 4148 8240
4160 4188 8322
4145 4187 8314
4114 4146 8236
4096 4185 8250
4170 4182 8327
4114 4147 8223
4026 4052 8075
4108 4123 8204
4160 4193 8317
4188 4199 8374
4067 4134 8190
4088 4185 8239
4170 4177 8317
4163 4197 8330
4069 4174 8205
4065 4094 8156
4035 4075 8076
4188 4198 8361
4041 4161 8188
4031 4039 8041
4027 4063 8074
4028 4141 8150
4143 4177 8300
4021 4151 8147
4195 4198 8388
4018 4065 8074
4173 4185 8331
4154 4187 8312
4049 4079 8113
4008 4107 8113
4166 4172 8325
4130 4188 8315
4189 4192 8373
4072 4189 8236
4177 4197 8356
4168 4171 8317
4181 4199 8366
4044 4085 8124
4138 4169 8273
4104 4139 8208
4190 4198 8351
4046 4127 8160
4022 4161 8175
4016 4148 8141
4107 4113 8197
4154 4190 8339
4139 4151 8283
4184 4191 8362
4178 4200 8374
4145 4175 8298
4005 4011 7990
4019 4140 8123
4132 4147 8249
4112 4132 8228
4000 4082 8076
4060 4158 8213
4052 4143 8194
4121 4166 8257
4162 4197 8343
4108 4199 8273
4075 4089 8137
4040 4130 8166
4055 4124 8151
4123 4156 8272
4115 4167 8275
4065 4183 8245
4186 4189 8340
4101 4155 8252
4114 4115 8206
4184 4197 8376
4137 4188 8324
4055 4176 8218
4097 4192 8279
4177 4186 8325
4178 4180 8335
4131 4198 8327
4036 4126 8157
4193 4200 8365
4093 4170 8259
4168 4193 8348
4068 4099 8158
4053 4179 8229
4081 4152 8232
4006 4177 8160
4067 4088 8129
4154 4174 8297
4130 4146 8251
4089 4196 8257
4095 4117 8179
4173 4198 8351
4019 4176 8180
4100 4102 8192
4018 4087 8069
4164 4166 8321
4096 4105 8199
4185 4187 8347
4103 4131 8232
4181 4196 8349
4070 4116 8148
4005 4090 8071
4041 4184 8191
4094 4151 8234
4150 4190 8311
4105 4110 8190
4065 4146 8195
4164 4194 8349
4014 4112 8111
4047 4180 8198
4102 4105 8184
4072 4178 8212
4194 4199 8354
4074 4154 8192
4049 4154 8179
4063 4143 8183
4043 4076 8103
4090 4196 8258
4192 4200 8379
4121 4134 8224
4015 4100 8085
4086 4193 8263
4098 4179 8255
4173 4189 8349
4160 4197 8323
4186 4196 8375
4156 4164 8308
4100 4115 8193
4192 4197 8367
4052 4169 8184
4075 4081 8145
4139 4157 8269
4085 4171 8255
4002 4106 8094
4035 4175 8182
4181 4192 8345
4176 4194 8365
4094 4098 8155
4134 4196 8325
4192 4198 8382
4044 4194 8231
4157 4195 8344
4016 4095 8079
4134 4173 8304
4188 4196 8369
4149 4150 8283
4154 4197 8338
4032 4103 8131
4197 4198 8364
4045 4126 8133
4164 4195 8337
4166 4184 8349
4045 4130 8172
4081 4194 8254
4096 4153 8215
4154 4156 8301
4027 4194 8188
4095 4160 8247
4171 4199 8355
4111 4192 8278
4129 4139 8229
4084 4108 8163
4007 4082 8064
4028 4170 8168
4150 4184 8329
4051 4119 8168
4174 4183 8340
4037 4089 8125
4000 4103 8098
4118 4145 8256
4097 4169 8259
4108 4153 8249
4170 4173 8341
4062 4083 8129
4194 4200 8366
4172 4177 8333
4129 4153 8265
4032 4196 8200
4165 4181 8307
4111 4160 8266
4141 4184 8324
4185 4199 8359
4182 4190 8345
4153 4196 8328
4125 4171 8291
4068 4139 8183
4006 4095 8078
4116 4181 8292
4019 4168 8155
4193 4200 8384
4183 4197 8345
4181 4182 8337
4097 4137 8197
4065 4195 8226
4057 4115 8139
4199 4200 8376
4179 4189 8353
4183 4200 8344
4109 4195 8291
4040 4180 8209
4014 4019 8024
4194 4199 8354
4129 4193 8299
4129 4190 8281
4025 4114 8117
4032 4117 8117
4156 4192 8328
4057 4199 8238
4082 4138 8211
4053 4114 8157
4189 4192 8359
4053 4084 8103
4004 4005 7989
4029 4068 8086
4142 4147 8266
4065 4122 8178
4071 4073 8111
4126 4130 8235
4134 4161 8287
4122 4162 8247
4167 4196 8355
4162 4180 8340
4174 4191 8334
4111 4132 8231
4137 4177 8282
4003 4172 8159
4139 4157 8280
4037 4142 8171
4146 4174 8285
4176 4184 8340
4085 4136 8187
4107 4145 8221
4154 4155 8273
4032 4153 8173
4031 4091 8088
4166 4185 8321
4104 4184 8273
4117 4188 8280
4191 4197 8354
4014 4125 8123
4095 4144 8214
4131 4181 8306
4079 4119 8190
4073 4178 8231
4073 4154 8204
4105 4147 8237
4181 4186 8340
4030 4169 8171
4075 4161 8227
4159 4181 8301
4103 4127 8198
4101 4197 8294
4096 4196 8288
4049 4141 8160
4106 4141 8239
4045 4139 8168
4033 4157 8171
4163 4187 8348
4156 4194 8348
4094 4098 8166
4020 4151 8146
4077 4086 8158
4160 4188 8345
4049 4124 8156
4172 4186 8322
4033 4111 8139
4185 4186 8369
4100 4171 8256
4129 4166 8293
4036 4071 8078
4058 4105 8148
4115 4141 8253
4088 4161 8214
4042 4087 8126
4149 4165 8288
4124 4132 8244
4134 4135 8252
4117 4169 8269
4138 4149 8278
4033 4113 8126
4008 4151 8123
4199 4200 8386
4025 4050 8053
4148 4187 8322
4094 4198 8271
4013 4120 8130
4138 4155 8264
4046 4130 8143
4113 4151 8231
4167 4186 8326
4125 4134 8243
4049 4158 8189
4033 4183 8196
4174 4176 8345
4157 4177 8319
4184 4186 8358
4091 4187 8273
4054 4109 8159
4098 4122 8199
4075 4114 8183
4050 4130 8164
4084 4188 8258
4118 4176 8258
4111 4139 8243
4197 4198 8382
4089 4125 8195
4126 4160 8275
4085 4113 8190
4161 4182 8306
4105 4195 8282
4053 4085 8127
4098 4178 8249
4055 4098 8145
4061 4149 8184
4197 4200 8390
4192 4199 8376
4041 4187 8192
4152 4167 8298
4199 4200 8387
4195 4198 8363
4184 4198 8376
4160 4188 8338
4021 4080 8090
4119 4150 8245
4177 4181 8325
4131 4152 8267
4068 4085 8137
4048 4088 8134
4120 4155 8263
4077 4085 8140
4191 4196 8383
4034 4080 8109
4180 4181 8327
4031 4043 8066
4169 4192 8356
4075 4182 8238
4165 4191 8341
4130 4179 8281
4195 4200 8394
4173 4177 8348
4099 4134 8212
4021 4182 8182
4006 4072 8074
4072 4119 8157
4177 4191 8366
4059 4069 8125
4170 4171 8317
4192 4197 8368
4144 4172 8295
4073 4102 8162
4056 4164 8217
4084 4155 8201
4063 4179 8221
4183 4189 8365
4004 4060 8056
4183 4193 8339
4171 4172 8308
4084 4186 8245
4190 4194 8379
4194 4199 8375
4107 4110 8191
4008 4152 8149
4010 4099 8073
4154 4171 8296
4191 4197 8352
4052 4176 8219
4181 4192 8365
4190 4195 8353
4186 4196 8363
4012 4100 8106
4058 4177 8214
4132 4171 8265
4012 4087 8073
4121 4132 8227
4046 4112 8138
4148 4183 8306
4043 4071 8099
4160 4183 8329
4048 4153 8174
4173 4188 8332
4045 4193 8235
4056 4087 8133
4013 4164 8170
4024 4038 8057
4015 4075 8085
4026 4114 8115
4018 4131 8134
4122 4146 8244
4000 4108 8078
4145 4172 8306
4058 4099 8137
4158 4186 8329
4148 4190 8327
4173 4188 8357
4050 4116 8139
4042 4084 8111
4187 4189 8375
4131 4142 8240
4058 4174 8223
4057 4066 8089
4026 4101 8108
4112 4167 8258
4006 4053 8035
4009 4015 8010
4132 4157 8282
4069 4095 8134
4157 4173 8294
4134 4176 8283
4008 4021 8024
4021 4123 8115
4120 4124 8220
4095 4122 8211
4174 4195 8338
4053 4177 8193
4143 4170 8276
4071 4103 8170
4078 4088 8138
4043 4063 8084
4064 4087 8149
4080 4183 8233
4073 4184 8221
4131 4151 8257
4105 4136 8212
4187 4195 8362
4083 4109 8169
4198 4199 8369
4095 4157 8224
4075 4113 8185
4128 4196 8314
4092 4100 8191
4039 4117 8128
4027 4159 8156
4165 4191 8341
4156 4178 8320
4012 4183 8171
4149 4170 8287
4114 4115 8228
4105 4153 8232
4057 4146 8173
4189 4199 8370
4199 4200 8394
4024 4089 8109
4129 4186 8304
4045 4048 8081
4124 4158 8266
4160 4182 8306
4052 4067 8094
4002 4162 8157
4172 4199 8355
4177 4194 8350
4061 4169 8226
4168 4174 8321
4059 4152 8197
4168 4186 8341
4105 4166 8269
4082 4149 8213
4095 4186 8260
4121 4129 8240
4050 4137 8178
4188 4200 8361
4141 4190 8294
4167 4185 8349
4004 4114 8108
4165 4200 8353
4197 4198 8378
4033 4052 8072
4174 4180 8319
4127 4131 8222
4080 4197 8264
4173 4191 8342
4140 4162 8266
4017 4041 8035
4055 4057 8103
4042 4165 8188
4139 4143 8281
4080 4110 8160
4150 4195 8329
4177 4190 8364
4023 4110 8102
4073 4085 8124
4131 4153 8248
4091 4134 8194
4081 4083 8161
4162 4172 8314
4129 4143 8241
4121 4188 8297
4068 4146 8211
4090 4172 8246
4082 4136 8200
4080 4140 8207
4002 4131 8104
4190 4194 8371
4043 4088 8121
4028 4062 8068
4033 4168 8177
4118 4199 8292
4089 4131 8213
4055 4156 8190
4139 4186 8318
4120 4169 8275
4108 4186 8290
4162 4166 8300
4133 4143 8264
4011 4139 8131
4161 4199 8339
4139 4194 8316
4167 4178 8324
4055 4061 8090
4038 4194 8205
4048 4173 8197
4037 4124 8151
4155 4194 8324
4025 4134 8158
4043 4068 8098
4149 4194 8323
4103 4173 8256
4042 4156 8160
4198 4199 8368
4105 4161 8231
4076 4130 8186
4082 4194 8242
4034 4102 8135
4095 4131 8195
4017 4186 8165
4082 4132 8180
4019 4194 8205
4142 4165 8273
4183 4194 8354
4056 4078 8124
4191 4194 8377
4043 4137 8157
4103 4160 8230
4007 4108 8080
4062 4102 8133
4132 4135 8258
4107 4125 8227
4117 4200 8315
4068 4111 8165
4148 4170 8315
4123 4191 8290
4131 4132 8262
4021 4183 8174
4112 4117 8193
4105 4189 8260
4111 4190 8280
4016 4037 8031
4176 4197 8367
4135 4182 8283
4085 4109 8166
4080 4180 8230
4097 4146 8226
4119 4128 8220
4184 4195 8346
4031 4162 8179
4057 4071 8092
4004 4024 7993
4002 4064 8063
4196 4200 8373
4052 4076 8122
4040 4068 8102
4059 4065 8095
4199 4200 8391
4175 4179 8320
4181 4198 8366
4048 4067 8085
4011 4018 7995
4138 4195 8309
4192 4196 8350
4027 4083 8105
4107 4200 8298
4138 4145 8256
4171 4179 8342
4068 4200 8266
4056 4082 8134
4103 4195 8264
4090 4133 8186
4022 4160 8177
4146 4166 8275
4162 4191 8325
4161 4180 8323
4179 4194 8365
4053 4085 8127
4099 4108 8204
4012 4139 8127
4147 4159 8279
4111 4152 8255
4073 4155 8223
4055 4109 8144
4139 4198 8324
4151 4196 8346
4155 4164 8281
4016 4059 8051
4066 4137 8192
4096 4185 8278
4110 4112 8221
4162 4178 8316
4129 4132 8231
4047 4196 8211
4086 4126 8182
4171 4193 8350
4179 4182 8326
4058 4179 8224
4178 4188 8361
4048 4091 8128
4018 4199 8213
4113 4173 8268
4170 4195 8333
4031 4169 8168
4195 4199 8358
4161 4174 8314
4124 4164 8261
4054 4159 8184
4100 4135 8219
4047 4073 8082
4095 4098 8173
4035 4128 8125
4117 4161 8277
4170 4175 8324
4110 4136 8238
4004 4148 8117
4156 4191 8339
4053 4165 8207
4073 4159 8215
4088 4155 8226
4029 4169 8164
4091 4140 8214
4040 4088 8090
4117 4155 8236
4008 4054 8042
4156 4193 8329
4153 4171 8319

0.010000 0.740000
