800
1646554
4275 4276 8551
4137 4257 8394
4190 4254 8444
4103 4117 8220
4120 4273 8393
4144 4164 8308
4212 4268 8480
4163 4265 8428
4234 4288 8522
4108 4176 8284
4295 4296 8591
4266 4284 8550
4144 4157 8301
4235 4290 8525
4248 4275 8523
4158 4190 8348
4139 4298 8437
4202 4296 8498
4184 4264 8448
4241 4249 8490
4112 4219 8331
4121 4290 8411
4177 4182 8359
4297 4299 8596
4164 4231 8395
4209 4299 8508
4232 4293 8525
4106 4238 8344
4287 4292 8579
4224 4254 8478
4125 4198 8323
4107 4210 8317
4237 4278 8515
4233 4287 8520
4214 4281 8495
4205 4224 8429
4176 4207 8383
4117 4179 8296
4268 4277 8545
4128 4232 8360
4258 4292 8550
4149 4272 8421
4220 4284 8504
4257 4294 8551
4203 4217 8420
4259 4283 8542
4225 4280 8505
4112 4296 8408
4126 4298 8424
4254 4289 8543
4296 4299 8595
4229 4279 8508
4233 4287 8520
4143 4271 8414
4292 4297 8589
4182 4285 8467
4244 4297 8541
4114 4198 8312
4131 4254 8385
4241 4254 8495
4114 4121 8235
4286 4293 8579
4193 4206 8399
4288 4299 8587
4206 4246 8452
4127 4140 8267
4252 4294 8546
4221 4294 8515
4128 4203 8331
4234 4278 8512
4176 4232 8408
4171 4286 8457
4129 4187 8316
4202 4272 8474
4164 4195 8359
4111 4166 8277
4283 4292 8575
4219 4268 8487
4253 4275 8528
4133 4221 8354
4125 4160 8285
4157 4253 8410
4282 4295 8577
4111 4297 8408
4189 4273 8462
4242 4283 8525
4216 4294 8510
4227 4234 8461
4199 4294 8493
4138 4177 8315
4182 4285 8467
4108 4144 8252
4245 4267 8512
4166 4211 8377
4276 4298 8574
4156 4298 8454
4112 4122 8234
4155 4212 8367
4200 4215 8415
4279 4284 8563
4247 4277 8524
4153 4213 8366
4201 4273 8474
4282 4295 8577
4229 4278 8507
4260 4282 8542
4112 4284 8396
4245 4262 8507
4184 4209 8393
4114 4122 8236
4284 4293 8577
4157 4296 8453
4152 4214 8366
4230 4292 8522
4277 4300 8577
4103 4127 8230
4148 4287 8435
4139 4279 8418
4196 4249 8445
4290 4296 8586
4284 4299 8583
4244 4281 8525
4289 4296 8585
4131 4299 8430
4194 4202 8396
4178 4227 8405
4188 4254 8442
4158 4172 8330
4122 4280 8402
4158 4225 8383
4105 4140 8245
4250 4289 8539
4261 4290 8551
4218 4278 8496
4270 4285 8555
4214 4264 8478
4184 4275 8459
4283 4287 8570
4223 4289 8512
4154 4246 8400
4195 4213 8408
4297 4300 8597
4197 4290 8487
4248 4288 8536
4295 4297 8592
4129 4217 8346
4138 4267 8405
4196 4202 8398
4103 4255 8358
4137 4138 8275
4176 4179 8355
4185 4202 8387
4258 4266 8524
4189 4244 8433
4139 4239 8378
4109 4153 8262
4160 4214 8374
4249 4263 8512
4212 4232 8444
4143 4257 8400
4244 4258 8502
4144 4147 8291
4296 4298 8594
4184 4298 8482
4122 4223 8345
4228 4237 8465
4144 4191 8335
4183 4277 8460
4161 4246 8407
4165 4258 8423
4210 4268 8478
4280 4291 8571
4194 4274 8468
4175 4288 8463
4209 4227 8436
4134 4196 8330
4250 4259 8509
4150 4188 8338
4200 4227 8427
4199 4215 8414
4164 4215 8379
4292 4299 8591
4165 4185 8350
4193 4223 8416
4259 4283 8542
4207 4258 8465
4268 4289 8557
4292 4297 8589
4135 4179 8314
4164 4240 8404
4130 4207 8337
4247 4296 8543
4230 4237 8467
4223 4289 8512
4116 4245 8361
4175 4296 8471
4110 4128 8238
4231 4264 8495
4150 4217 8367
4164 4272 8436
4296 4299 8595
4276 4279 8555
4169 4229 8398
4205 4247 8452
4255 4298 8553
4108 4232 8340
4199 4258 8457
4199 4222 8421
4121 4163 8284
4222 4232 8454
4217 4290 8507
4160 4272 8432
4141 4210 8351
4117 4240 8357
4243 4254 8497
4154 4295 8449
4262 4264 8526
4233 4281 8514
4230 4289 8519
4166 4208 8374
4167 4257 8424
4257 4270 8527
4286 4299 8585
4174 4286 8460
4104 4124 8228
4277 4278 8555
4126 4255 8381
4128 4245 8373
4289 4292 8581
4299 4300 8599
4281 4299 8580
4294 4299 8593
4237 4298 8535
4183 4243 8426
4107 4163 8270
4226 4289 8515
4200 4231 8431
4208 4277 8485
4216 4227 8443
4226 4280 8506
4252 4263 8515
4144 4146 8290
4186 4235 8421
4175 4278 8453
4128 4221 8349
4107 4199 8306
4113 4151 8264
4236 4273 8509
4251 4253 8504
4203 4240 8443
4190 4238 8428
4100 4187 8287
4264 4281 8545
4187 4225 8412
4130 4151 8281
4220 4284 8504
4162 4197 8359
4257 4276 8533
4101 4212 8313
4194 4270 8464
4187 4271 8458
4121 4129 8250
4193 4232 8425
4174 4183 8357
4135 4266 8401
4127 4278 8405
4184 4213 8397
4151 4286 8437
4119 4224 8343
4108 4227 8335
4267 4296 8563
4160 4271 8431
4195 4236 8431
4252 4286 8538
4229 4293 8522
4284 4288 8572
4279 4283 8562
4246 4291 8537
4120 4257 8377
4134 4141 8275
4218 4228 8446
4294 4300 8594
4135 4198 8333
4278 4283 8561
4154 4272 8426
4127 4222 8349
4267 4300 8567
4241 4287 8528
4245 4275 8520
4284 4292 8576
4266 4299 8565
4271 4283 8554
4116 4292 8408
4208 4267 8475
4277 4292 8569
4162 4244 8406
4256 4271 8527
4283 4298 8581
4241 4299 8540
4100 4232 8332
4218 4245 8463
4127 4246 8373
4201 4219 8420
4137 4159 8296
4142 4199 8341
4219 4300 8519
4242 4260 8502
4102 4284 8386
4105 4281 8386
4103 4275 8378
4135 4257 8392
4274 4294 8568
4291 4300 8591
4217 4261 8478
4159 4221 8380
4220 4296 8516
4294 4295 8589
4175 4234 8409
4180 4270 8450
4156 4208 8364
4295 4298 8593
4117 4245 8362
4261 4279 8540
4229 4279 8508
4284 4295 8579
4256 4291 8547
4222 4281 8503
4114 4292 8406
4200 4270 8470
4163 4236 8399
4134 4137 8271
4169 4190 8359
4299 4300 8599
4105 4260 8365
4258 4271 8529
4293 4297 8590
4158 4220 8378
4188 4266 8454
4272 4281 8553
4295 4299 8594
4205 4259 8464
4269 4298 8567
4263 4287 8550
4174 4269 8443
4278 4292 8570
4116 4194 8310
4278 4284 8562
4165 4198 8363
4194 4242 8436
4178 4197 8375
4106 4193 8299
4214 4271 8485
4201 4274 8475
4148 4271 8419
4109 4235 8344
4222 4263 8485
4155 4285 8440
4282 4290 8572
4283 4284 8567
4248 4256 8504
4141 4233 8374
4151 4200 8351
4102 4199 8301
4101 4243 8344
4217 4254 8471
4299 4300 8599
4213 4290 8503
4219 4274 8493
4217 4242 8459
4103 4272 8375
4152 4157 8309
4101 4147 8248
4173 4242 8415
4152 4188 8340
4176 4281 8457
4283 4291 8574
4259 4271 8530
4112 4169 8281
4157 4209 8366
4195 4273 8468
4255 4279 8534
4272 4296 8568
4224 4280 8504
4255 4257 8512
4124 4283 8407
4241 4268 8509
4114 4164 8278
4112 4269 8381
4282 4299 8581
4252 4277 8529
4245 4287 8532
4106 4158 8264
4296 4300 8596
4264 4276 8540
4234 4280 8514
4281 4294 8575
4252 4282 8534
4188 4225 8413
4274 4298 8572
4173 4181 8354
4200 4251 8451
4181 4215 8396
4162 4268 8430
4241 4248 8489
4192 4292 8484
4249 4263 8512
4241 4269 8510
4241 4288 8529
4218 4246 8464
4156 4191 8347
4140 4224 8364
4132 4217 8349
4206 4296 8502
4146 4258 8404
4204 4244 8448
4183 4232 8415
4262 4278 8540
4197 4242 8439
4229 4271 8500
4139 4148 8287
4175 4220 8395
4161 4275 8436
4163 4206 8369
4130 4250 8380
4289 4293 8582
4125 4139 8264
4265 4269 8534
4109 4167 8276
4244 4261 8505
4204 4233 8437
4283 4293 8576
4105 4131 8236
4228 4244 8472
4173 4210 8383
4293 4296 8589
4210 4248 8458
4134 4159 8293
4143 4206 8349
4162 4176 8338
4288 4295 8583
4283 4285 8568
4104 4231 8335
4122 4147 8269
4217 4294 8511
4293 4297 8590
4207 4269 8476
4222 4232 8454
4229 4253 8482
4193 4204 8397
4119 4163 8282
4126 4145 8271
4193 4202 8395
4172 4190 8362
4246 4250 8496
4286 4293 8579
4254 4280 8534
4184 4249 8433
4159 4259 8418
4148 4238 8386
4161 4278 8439
4153 4262 8415
4164 4196 8360
4141 4192 8333
4296 4297 8593
4195 4276 8471
4199 4246 8445
4257 4266 8523
4218 4247 8465
4231 4260 8491
4234 4254 8488
4109 4244 8353
4119 4140 8259
4191 4227 8418
4252 4279 8531
4279 4292 8571
4297 4299 8596
4294 4299 8593
4215 4289 8504
4247 4287 8534
4187 4269 8456
4163 4233 8396
4279 4288 8567
4189 4229 8418
4200 4207 8407
4263 4276 8539
4237 4250 8487
4101 4194 8295
4207 4257 8464
4286 4291 8577
4292 4300 8592
4219 4296 8515
4125 4282 8407
4299 4300 8599
4107 4128 8235
4291 4293 8584
4250 4287 8537
4207 4273 8480
4219 4229 8448
4247 4279 8526
4119 4210 8329
4235 4261 8496
4210 4274 8484
4143 4184 8327
4295 4297 8592
4180 4243 8423
4161 4216 8377
4173 4235 8408
4134 4270 8404
4103 4200 8303
4154 4228 8382
4151 4284 8435
4111 4259 8370
4230 4263 8493
4222 4284 8506
4216 4266 8482
4274 4296 8570
4298 4299 8597
4117 4165 8282
4121 4233 8354
4244 4247 8491
4273 4297 8570
4158 4292 8450
4293 4294 8587
4232 4291 8523
4226 4271 8497
4257 4292 8549
4131 4166 8297
4270 4294 8564
4103 4210 8313
4194 4246 8440
4239 4268 8507
4242 4279 8521
4226 4265 8491
4184 4272 8456
4235 4293 8528
4272 4277 8549
4268 4288 8556
4198 4256 8454
4209 4219 8428
4230 4265 8495
4146 4197 8343
4257 4280 8537
4269 4279 8548
4250 4252 8502
4225 4284 8509
4227 4250 8477
4226 4293 8519
4165 4290 8455
4252 4273 8525
4255 4296 8551
4130 4211 8341
4287 4296 8583
4267 4290 8557
4157 4200 8357
4170 4206 8376
4195 4279 8474
4134 4276 8410
4191 4225 8416
4133 4149 8282
4286 4300 8586
4235 4268 8503
4187 4250 8437
4256 4278 8534
4131 4176 8307
4173 4267 8440
4179 4214 8393
4279 4299 8578
4266 4289 8555
4245 4246 8491
4164 4277 8441
4246 4261 8507
4138 4192 8330
4166 4236 8402
4244 4258 8502
4170 4253 8423
4148 4156 8304
4115 4217 8332
4174 4204 8378
4217 4262 8479
4138 4246 8384
4188 4226 8414
4169 4192 8361
4207 4211 8418
4214 4217 8431
4290 4292 8582
4191 4223 8414
4299 4300 8599
4102 4272 8374
4247 4257 8504
4139 4297 8436
4298 4300 8598
4256 4270 8526
4226 4288 8514
4167 4289 8456
4139 4151 8290
4106 4148 8254
4202 4246 8448
4180 4232 8412
4107 4117 8224
4253 4296 8549
4273 4295 8568
4234 4293 8527
4290 4294 8584
4218 4247 8465
4266 4295 8561
4289 4298 8587
4221 4272 8493
4277 4298 8575
4214 4254 8468
4184 4247 8431
4270 4273 8543
4272 4289 8561
4228 4239 8467
4270 4280 8550
4233 4258 8491
4202 4228 8430
4248 4272 8520
4270 4278 8548
4144 4279 8423
4121 4295 8416
4182 4279 8461
4152 4280 8432
4226 4230 8456
4133 4295 8428
4278 4284 8562
4237 4260 8497
4175 4176 8351
4135 4184 8319
4130 4292 8422
4186 4206 8392
4280 4292 8572
4272 4278 8550
4158 4228 8386
4248 4296 8544
4261 4296 8557
4110 4137 8247
4208 4291 8499
4186 4300 8486
4223 4296 8519
4204 4278 8482
4241 4270 8511
4112 4168 8280
4280 4286 8566
4121 4287 8408
4219 4225 8444
4251 4297 8548
4119 4229 8348
4219 4262 8481
4211 4270 8481
4169 4262 8431
4216 4262 8478
4196 4285 8481
4209 4299 8508
4267 4273 8540
4116 4187 8303
4165 4247 8412
4126 4246 8372
4269 4275 8544
4269 4272 8541
4193 4204 8397
4197 4275 8472
4285 4298 8583
4262 4293 8555
4293 4298 8591
4110 4287 8397
4150 4213 8363
4232 4270 8502
4230 4288 8518
4143 4256 8399
4214 4269 8483
4208 4292 8500
4290 4295 8585
4188 4281 8469
4150 4235 8385
4159 4254 8413
4251 4297 8548
4161 4246 8407
4226 4230 8456
4242 4285 8527
4297 4298 8595
4197 4296 8493
4169 4258 8427
4212 4234 8446
4151 4238 8389
4225 4266 8491
4206 4228 8434
4233 4253 8486
4127 4275 8402
4186 4289 8475
4175 4285 8460
4173 4185 8358
4137 4193 8330
4236 4272 8508
4117 4164 8281
4212 4272 8484
4242 4260 8502
4184 4205 8389
4125 4158 8283
4187 4297 8484
4241 4281 8522
4111 4213 8324
4174 4282 8456
4271 4285 8556
4159 4208 8367
4255 4296 8551
4227 4275 8502
4205 4268 8473
4239 4273 8512
4150 4288 8438
4162 4176 8338
4113 4249 8362
4195 4259 8454
4261 4276 8537
4221 4271 8492
4244 4283 8527
4153 4231 8384
4119 4121 8240
4280 4295 8575
4240 4262 8502
4157 4173 8330
4242 4258 8500
4236 4284 8520
4158 4160 8318
4200 4279 8479
4269 4290 8559
4211 4287 8498
4154 4171 8325
4176 4180 8356
4236 4245 8481
4156 4292 8448
4197 4255 8452
4185 4234 8419
4112 4298 8410
4184 4187 8371
4276 4286 8562
4163 4247 8410
4282 4288 8570
4206 4218 8424
4223 4232 8455
4109 4199 8308
4202 4299 8501
4147 4243 8390
4141 4288 8429
4235 4270 8505
4267 4282 8549
4109 4174 8283
4167 4268 8435
4115 4249 8364
4266 4281 8547
4185 4225 8410
4234 4246 8480
4253 4294 8547
4158 4284 8442
4299 4300 8599
4241 4283 8524
4291 4294 8585
4274 4284 8558
4246 4276 8522
4218 4275 8493
4247 4281 8528
4202 4239 8441
4163 4264 8427
4111 4273 8384
4180 4277 8457
4170 4273 8443
4118 4296 8414
4288 4293 8581
4214 4284 8498
4149 4172 8321
4255 4278 8533
4208 4251 8459
4261 4283 8544
4293 4295 8588
4222 4287 8509
4134 4154 8288
4263 4268 8531
4151 4165 8316
4258 4278 8536
4293 4300 8593
4229 4284 8513
4169 4291 8460
4170 4182 8352
4142 4174 8316
4208 4262 8470
4199 4257 8456
4284 4294 8578
4221 4224 8445
4237 4298 8535
4290 4295 8585
4254 4290 8544
4121 4174 8295
4166 4196 8362
4154 4288 8442
4107 4184 8291
4128 4276 8404
4186 4198 8384
4197 4221 8418
4168 4268 8436
4299 4300 8599
4120 4279 8399

4175 4176 8328
4037 4157 8157
4090 4154 8231
4003 4017 7999
4020 4173 8164
4044 4064 8088
4112 4168 8241
4063 4165 8194
4134 4188 8285
4008 4076 8081
4195 4196 8352
4166 4184 8313
4044 4057 8077
4135 4190 8296
4148 4175 8316
4058 4090 8113
4039 4198 8225
4102 4196 8259
4084 4164 8210
4141 4149 8275
4012 4119 8123
4021 4190 8194
4077 4082 8135
4197 4199 8373
4064 4131 8193
4109 4199 8299
4132 4193 8296
4006 4138 8107
4187 4192 8362
4124 4154 8264
4025 4098 8086
4007 4110 8080
4137 4178 8280
4133 4187 8283
4114 4181 8274
4105 4124 8202
4076 4107 8145
4017 4079 8082
4168 4177 8339
4028 4132 8137
4158 4192 8341
4049 4172 8185
4120 4184 8274
4157 4194 8325
4103 4117 8194
4159 4183 8325
4125 4180 8275
4012 4196 8192
4026 4198 8189
4154 4189 8321
4196 4199 8394
4129 4179 8273
4133 4187 8311
4043 4171 8205
4192 4197 8379
4082 4185 8231
4144 4197 8315
4014 4098 8077
4031 4154 8178
4141 4154 8261
4014 4021 8033
4186 4193 8364
4093 4106 8179
4188 4199 8352
4106 4146 8248
4027 4040 8045
4152 4194 8316
4121 4194 8285
4028 4103 8111
4134 4178 8274
4076 4132 8198
4071 4186 8249
4029 4087 8094
4102 4172 8239
4064 4095 8142
4011 4066 8059
4183 4192 8369
4119 4168 8270
4153 4175 8294
4033 4121 8146
4025 4060 8079
4057 4153 8175
4182 4195 8356
4011 4197 8189
4089 4173 8261
4142 4183 8319
4116 4194 8273
4127 4134 8245
4099 4194 8271
4038 4077 8086
4082 4185 8237
4008 4044 8025
4145 4167 8285
4066 4111 8154
4176 4198 8342
4056 4198 8247
4012 4022 8008
4055 4112 8129
4100 4115 8192
4179 4184 8324
4147 4177 8308
4053 4113 8160
4101 4173 8268
4182 4195 8365
4129 4178 8300
4160 4182 8320
4012 4184 8168
4145 4162 8306
4084 4109 8167
4014 4022 8013
4184 4193 8370
4057 4196 8238
4052 4114 8131
4130 4192 8287
4177 4200 8371
4003 4027 8000
4048 4187 8197
4039 4179 8207
4096 4149 8227
4190 4196 8367
4184 4199 8376
4144 4181 8301
4189 4196 8363
4031 4199 8229
4094 4102 8168
4078 4127 8202
4088 4154 8205
4058 4072 8092
4022 4180 8174
4058 4125 8171
4005 4040 8017
4150 4189 8304
4161 4190 8318
4118 4178 8274
4170 4185 8324
4114 4164 8255
4084 4175 8243
4183 4187 8355
4123 4189 8292
4054 4146 8176
4095 4113 8176
4197 4200 8358
4097 4190 8257
4148 4188 8321
4195 4197 8364
4029 4117 8138
4038 4167 8185
4096 4102 8166
4003 4155 8147
4037 4038 8044
4076 4079 8119
4085 4102 8174
4158 4166 8286
4089 4144 8223
4039 4139 8141
4009 4053 8035
4060 4114 8160
4149 4163 8278
4112 4132 8207
4043 4157 8173
4144 4158 8282
4044 4047 8089
4196 4198 8388
4084 4198 8262
4022 4123 8113
4128 4137 8254
4044 4091 8104
4083 4177 8257
4061 4146 8190
4065 4158 8197
4110 4168 8253
4180 4191 8337
4094 4174 8232
4075 4188 8230
4109 4127 8198
4034 4096 8124
4150 4159 8302
4050 4088 8116
4100 4127 8222
4099 4115 8186
4064 4115 8146
4192 4199 8382
4065 4085 8141
4093 4123 8191
4159 4183 8308
4107 4158 8239
4168 4189 8328
4192 4197 8366
4035 4079 8089
4064 4140 8175
4030 4107 8121
4147 4196 8307
4130 4137 8241
4123 4189 8291
4016 4145 8145
4075 4196 8260
4010 4028 8000
4131 4164 8289
4050 4117 8129
4064 4172 8208
4196 4199 8369
4176 4179 8341
4069 4129 8164
4105 4147 8234
4155 4198 8318
4008 4132 8136
4099 4158 8239
4099 4122 8201
4021 4063 8083
4122 4132 8230
4117 4190 8289
4060 4172 8222
4041 4110 8119
4017 4140 8156
4143 4154 8272
4054 4195 8221
4162 4164 8321
4133 4181 8289
4130 4189 8294
4066 4108 8159
4067 4157 8213
4157 4170 8320
4186 4199 8360
4074 4186 8246
4004 4024 8010
4177 4178 8351
4026 4155 8149
4028 4145 8139
4189 4192 8371
4199 4200 8368
4181 4199 8341
4194 4199 8391
4137 4198 8331
4083 4143 8197
4007 4063 8053
4126 4189 8281
4100 4131 8227
4108 4177 8262
4116 4127 8207
4126 4180 8277
4152 4163 8304
4044 4046 8052
4086 4135 8203
4075 4178 8230
4028 4121 8146
4007 4099 8069
4013 4051 8060
4136 4173 8293
4151 4153 8284
4103 4140 8241
4090 4138 8195
4000 4087 8086
4164 4181 8314
4087 4125 8211
4030 4051 8068
4120 4184 8298
4062 4097 8130
4157 4176 8321
4001 4112 8105
4094 4170 8262
4087 4171 8243
4021 4029 8036
4093 4132 8223
4074 4083 8133
4035 4166 8192
4027 4178 8193
4084 4113 8165
4051 4186 8218
4019 4124 8140
4008 4127 8119
4167 4196 8343
4060 4171 8220
4095 4136 8203
4152 4186 8328
4129 4193 8297
4184 4188 8333
4179 4183 8359
4146 4191 8309
4020 4157 8150
4034 4041 8052
4118 4128 8221
4194 4200 8365
4035 4098 8105
4178 4183 8343
4054 4172 8220
4027 4122 8140
4167 4200 8352
4141 4187 8293
4145 4175 8305
4184 4192 8359
4166 4199 8332
4171 4183 8325
4016 4192 8192
4108 4167 8254
4177 4192 8362
4062 4144 8193
4156 4171 8297
4183 4198 8355
4141 4199 8333
4000 4132 8119
4118 4145 8227
4027 4146 8135
4101 4119 8206
4037 4059 8082
4042 4099 8131
4119 4200 8303
4142 4160 8273
4002 4184 8175
4005 4181 8148
4003 4175 8168
4035 4157 8170
4174 4194 8330
4191 4200 8386
4117 4161 8274
4059 4121 8146
4120 4196 8292
4194 4195 8362
4075 4134 8197
4080 4170 8213
4056 4108 8147
4195 4198 8380
4017 4145 8136
4161 4179 8301
4129 4179 8286
4184 4195 8342
4156 4191 8329
4122 4181 8293
4014 4192 8193
4100 4170 8240
4063 4136 8189
4034 4037 8052
4069 4090 8124
4199 4200 8364
4005 4160 8156
4158 4171 8319
4193 4197 8369
4058 4120 8171
4088 4166 8239
4172 4181 8326
4195 4199 8393
4105 4159 8229
4169 4198 8352
4163 4187 8349
4074 4169 8209
4178 4192 8333
4016 4094 8074
4178 4184 8342
4065 4098 8142
4094 4142 8209
4078 4097 8159
4006 4093 8092
4114 4171 8280
4101 4174 8244
4048 4171 8214
4009 4135 8113
4122 4163 8282
4055 4185 8224
4182 4190 8335
4183 4184 8357
4148 4156 8271
4041 4133 8153
4051 4100 8146
4002 4099 8089
4001 4143 8136
4117 4154 8266
4199 4200 8375
4113 4190 8271
4119 4174 8286
4117 4142 8241
4003 4172 8174
4052 4057 8098
4001 4047 8042
4073 4142 8209
4052 4088 8107
4076 4181 8255
4183 4191 8353
4159 4171 8318
4012 4069 8058
4057 4109 8151
4095 4173 8252
4155 4179 8307
4172 4196 8331
4124 4180 8289
4155 4157 8278
4024 4183 8179
4141 4168 8301
4014 4064 8058
4012 4169 8154
4182 4199 8358
4152 4177 8315
4145 4187 8328
4006 4058 8039
4196 4200 8360
4164 4176 8315
4134 4180 8295
4181 4194 8362
4152 4182 8303
4088 4125 8206
4174 4198 8365
4073 4081 8144
4100 4151 8229
4081 4115 8178
4062 4168 8221
4141 4148 8281
4092 4192 8247
4149 4163 8288
4141 4169 8276
4141 4188 8327
4118 4146 8242
4056 4091 8129
4040 4124 8127
4032 4117 8130
4106 4196 8270
4046 4158 8170
4104 4144 8215
4083 4132 8191
4162 4178 8312
4097 4142 8238
4129 4171 8290
4039 4048 8059
4075 4120 8175
4061 4175 8227
4063 4106 8161
4030 4150 8147
4189 4193 8367
4025 4039 8057
4165 4169 8314
4009 4067 8062
4144 4161 8280
4104 4133 8224
4183 4193 8345
4005 4031 7999
4128 4144 8258
4073 4110 8156
4193 4196 8385
4110 4148 8224
4034 4059 8068
4043 4106 8142
4062 4076 8124
4188 4195 8353
4183 4185 8349
4004 4131 8114
4022 4047 8046
4117 4194 8309
4193 4197 8365
4107 4169 8259
4122 4132 8219
4129 4153 8247
4093 4104 8164
4019 4063 8051
4026 4045 8057
4093 4102 8171
4072 4090 8145
4146 4150 8286
4186 4193 8358
4154 4180 8300
4084 4149 8212
4059 4159 8185
4048 4138 8154
4061 4178 8210
4053 4162 8200
4064 4096 8158
4041 4092 8107
4196 4197 8357
4095 4176 8233
4099 4146 8233
4157 4166 8288
4118 4147 8246
4131 4160 8264
4134 4154 8250
4009 4144 8142
4019 4040 8035
4091 4127 8199
4152 4179 8300
4179 4192 8336
4197 4199 8365
4194 4199 8363
4115 4189 8295
4147 4187 8315
4087 4169 8240
4063 4133 8171
4179 4188 8347
4089 4129 8188
4100 4107 8195
4163 4176 8321
4137 4150 8283
4001 4094 8073
4107 4157 8248
4186 4191 8375
4192 4200 8370
4119 4196 8294
4025 4182 8170
4199 4200 8373
4007 4028 8033
4191 4193 8356
4150 4187 8309
4107 4173 8276
4119 4129 8210
4147 4179 8296
4019 4110 8102
4135 4161 8260
4110 4174 8249
4043 4084 8120
4195 4197 8375
4080 4143 8205
4061 4116 8146
4073 4135 8177
4034 4170 8190
4003 4100 8085
4054 4128 8166
4051 4184 8215
4011 4159 8167
4130 4163 8261
4122 4184 8287
4116 4166 8249
4174 4196 8363
4198 4199 8375
4017 4065 8057
4021 4133 8129
4144 4147 8278
4173 4197 8365
4058 4192 8234
4193 4194 8385
4132 4191 8294
4126 4171 8283
4157 4192 8338
4031 4066 8082
4170 4194 8359
4003 4110 8097
4094 4146 8218
4139 4168 8274
4142 4179 8302
4126 4165 8264
4084 4172 8246
4135 4193 8324
4172 4177 8317
4168 4188 8355
4098 4156 8251
4109 4119 8223
4130 4165 8269
4046 4097 8142
4157 4180 8331
4169 4179 8330
4150 4152 8272
4125 4184 8292
4127 4150 8267
4126 4193 8287
4065 4190 8227
4152 4173 8304
4155 4196 8346
4030 4111 8138
4187 4196 8348
4167 4190 8345
4057 4100 8137
4070 4106 8154
4095 4179 8272
4034 4176 8191
4091 4125 8210
4033 4049 8049
4186 4200 8373
4135 4168 8291
4087 4150 8218
4156 4178 8330
4031 4076 8069
4073 4167 8225
4079 4114 8164
4179 4199 8342
4166 4189 8325
4145 4146 8288
4064 4177 8214
4146 4161 8274
4038 4092 8123
4066 4136 8193
4144 4158 8301
4070 4153 8193
4048 4056 8075
4015 4117 8100
4074 4104 8151
4117 4162 8272
4038 4146 8181
4088 4126 8212
4069 4092 8142
4107 4111 8209
4114 4117 8195
4190 4192 8376
4091 4123 8197
4199 4200 8364
4002 4172 8152
4147 4157 8301
4039 4197 8229
4198 4200 8397
4156 4170 8302
4126 4188 8303
4067 4189 8220
4039 4051 8071
4006 4048 8028
4102 4146 8239
4080 4132 8190
4007 4017 8018
4153 4196 8337
4173 4195 8345
4134 4193 8289
4190 4194 8369
4118 4147 8229
4166 4195 8332
4189 4198 8386
4121 4172 8256
4177 4198 8354
4114 4154 8255
4084 4147 8208
4170 4173 8314
4172 4189 8343
4128 4139 8264
4170 4180 8318
4133 4158 8272
4102 4128 8228
4148 4172 8312
4170 4178 8314
4044 4179 8194
4021 4195 8198
4082 4179 8240
4052 4180 8211
4126 4130 8218
4033 4195 8223
4178 4184 8356
4137 4160 8261
4075 4076 8134
4035 4084 8096
4030 4192 8213
4086 4106 8167
4180 4192 8350
4172 4178 8328
4058 4128 8156
4148 4196 8307
4161 4196 8320
4010 4037 8046
4108 4191 8289
4086 4200 8252
4123 4196 8317
4104 4178 8264
4141 4170 8302
4012 4068 8076
4180 4186 8335
4021 4187 8186
4119 4125 8207
4151 4197 8316
4019 4129 8123
4119 4162 8262
4111 4170 8274
4069 4162 8212
4116 4162 8262
4096 4185 8266
4109 4199 8286
4167 4173 8308
4016 4087 8068
4065 4147 8202
4026 4146 8164
4169 4175 8335
4169 4172 8327
4093 4104 8163
4097 4175 8257
4185 4198 8382
4162 4193 8350
4193 4198 8390
4010 4187 8161
4050 4113 8152
4132 4170 8291
4130 4188 8283
4043 4156 8171
4114 4169 8258
4108 4192 8281
4190 4195 8359
4088 4181 8247
4050 4135 8164
4059 4154 8201
4151 4197 8344
4061 4146 8197
4126 4130 8226
4142 4185 8289
4197 4198 8379
4097 4196 8291
4069 4158 8215
4112 4134 8210
4051 4138 8154
4125 4166 8277
4106 4128 8204
4133 4153 8272
4027 4175 8174
4086 4189 8268
4075 4185 8251
4073 4085 8140
4037 4093 8101
4136 4172 8303
4017 4064 8073
4112 4172 8253
4142 4160 8291
4084 4105 8164
4025 4058 8064
4087 4197 8279
4141 4181 8309
4011 4113 8101
4074 4182 8236
4171 4185 8355
4059 4108 8141
4155 4196 8323
4127 4175 8273
4105 4168 8246
4139 4173 8306
4050 4188 8222
4062 4076 8114
4013 4149 8149
4095 4159 8247
4161 4176 8314
4121 4171 8270
4144 4183 8295
4053 4131 8153
4019 4021 8005
4180 4195 8362
4140 4162 8277
4057 4073 8118
4142 4158 8282
4136 4184 8284
4058 4060 8115
4100 4179 8258
4169 4190 8326
4111 4187 8260
4054 4071 8096
4076 4080 8120
4136 4145 8260
4056 4192 8225
4097 4155 8245
4085 4134 8215
4012 4198 8209
4084 4087 8145
4176 4186 8344
4063 4147 8190
4182 4188 8343
4106 4118 8216
4123 4132 8242
4009 4099 8077
4102 4199 8267
4047 4143 8161
4041 4188 8191
4135 4170 8286
4167 4182 8331
4009 4074 8050
4067 4168 8213
4015 4149 8155
4166 4181 8346
4085 4125 8176
4134 4146 8255
4153 4194 8335
4058 4184 8239
4199 4200 8386
4141 4183 8309
4191 4194 8357
4174 4184 8350
4146 4176 8295
4118 4175 8275
4147 4181 8310
4102 4139 8225
4063 4164 8218
4011 4173 8174
4080 4177 8248
4070 4173 8228
4018 4196 8184
4188 4193 8363
4114 4184 8284
4049 4072 8109
4155 4178 8310
4108 4151 8241
4161 4183 8334
4193 4195 8355
4122 4187 8278
4034 4054 8065
4163 4168 8304
4051 4065 8109
4158 4178 8324
4193 4200 8365
4129 4184 8297
4069 4191 8233
4070 4082 8130
4042 4074 8098
4108 4162 8262
4099 4157 8238
4184 4194 8357
4121 4124 8218
4137 4198 8312
4190 4195 8379
4154 4190 8319
4021 4074 8085
4066 4096 8153
4054 4188 8213
4007 4084 8078
4028 4176 8189
4086 4098 8158
4097 4121 8196
4068 4168 8234
4199 4200 8366
4020 4179 8188

0.010000 0.250000
