800
4016266
4210 4217 8427
4128 4149 8277
4127 4282 8409
4136 4288 8424
4166 4253 8419
4179 4244 8423
4129 4239 8368
4203 4227 8430
4164 4207 8371
4235 4254 8489
4142 4285 8427
4259 4285 8544
4185 4245 8430
4249 4255 8504
4134 4136 8270
4249 4270 8519
4242 4252 8494
4145 4286 8431
4298 4300 8598
4178 4237 8415
4186 4193 8379
4117 4232 8349
4239 4271 8510
4115 4240 8355
4140 4283 8423
4290 4295 8585
4125 4242 8367
4159 4287 8446
4227 4245 8472
4136 4268 8404
4150 4244 8394
4134 4169 8303
4191 4227 8418
4222 4262 8484
4292 4295 8587
4232 4257 8489
4291 4292 8583
4182 4282 8464
4283 4285 8568
4187 4286 8473
4140 4153 8293
4172 4289 8461
4177 4297 8474
4154 4283 8437
4115 4279 8394
4285 4298 8583
4187 4285 8472
4135 4293 8428
4198 4247 8445
4118 4236 8354
4273 4284 8557
4138 4208 8346
4163 4254 8417
4123 4271 8394
4235 4248 8483
4114 4243 8357
4206 4225 8431
4161 4169 8330
4180 4219 8399
4244 4263 8507
4220 4290 8510
4166 4238 8404
4152 4196 8348
4122 4244 8366
4144 4188 8332
4288 4293 8581
4138 4236 8374
4102 4149 8251
4286 4292 8578
4267 4291 8558
4120 4290 8410
4207 4299 8506
4262 4285 8547
4144 4223 8367
4274 4298 8572
4164 4178 8342
4162 4188 8350
4274 4292 8566
4136 4246 8382
4247 4258 8505
4138 4288 8426
4115 4298 8413
4235 4295 8530
4276 4293 8569
4135 4250 8385
4127 4273 8400
4206 4251 8457
4193 4299 8492
4238 4267 8505
4158 4167 8325
4150 4155 8305
4160 4170 8330
4191 4287 8478
4240 4243 8483
4262 4271 8533
4212 4239 8451
4270 4273 8543
4149 4235 8384
4255 4275 8530
4153 4181 8334
4161 4204 8365
4227 4254 8481
4120 4140 8260
4120 4154 8274
4290 4300 8590
4228 4272 8500
4225 4285 8510
4297 4300 8597
4118 4214 8332
4168 4237 8405
4246 4249 8495
4113 4184 8297
4263 4280 8543
4215 4246 8461
4281 4298 8579
4278 4292 8570
4118 4139 8257
4289 4294 8583
4176 4242 8418
4129 4225 8354
4252 4271 8523
4137 4236 8373
4113 4298 8411
4116 4151 8267
4259 4264 8523
4231 4268 8499
4178 4213 8391
4204 4226 8430
4168 4222 8390
4110 4281 8391
4181 4277 8458
4281 4298 8579
4211 4233 8444
4254 4279 8533
4122 4237 8359
4156 4264 8420
4225 4298 8523
4291 4293 8584
4198 4237 8435
4152 4259 8411
4296 4299 8595
4286 4292 8578
4277 4285 8562
4237 4297 8534
4244 4294 8538
4146 4211 8357
4156 4177 8333
4153 4177 8330
4185 4214 8399
4298 4300 8598
4233 4253 8486
4272 4273 8545
4297 4299 8596
4233 4279 8512
4229 4298 8527
4134 4200 8334
4128 4259 8387
4138 4290 8428
4218 4236 8454
4171 4299 8470
4246 4293 8539
4122 4176 8298
4298 4300 8598
4110 4123 8233
4116 4226 8342
4267 4283 8550
4159 4259 8418
4221 4254 8475
4201 4247 8448
4275 4294 8569
4273 4291 8564
4187 4290 8477
4295 4299 8594
4148 4178 8326
4180 4265 8445
4163 4182 8345
4185 4298 8483
4221 4283 8504
4177 4279 8456
4134 4293 8427
4127 4175 8302
4177 4235 8412
4256 4292 8548
4216 4222 8438
4228 4242 8470
4167 4187 8354
4100 4282 8382
4104 4267 8371
4127 4148 8275
4266 4273 8539
4271 4281 8552
4159 4211 8370
4144 4211 8355
4122 4278 8400
4230 4261 8491
4248 4269 8517
4245 4293 8538
4291 4299 8590
4295 4298 8593
4257 4270 8527
4157 4233 8390
4140 4214 8354
4274 4278 8552
4281 4284 8565
4235 4278 8513
4140 4204 8344
4141 4144 8285
4244 4281 8525
4198 4215 8413
4200 4214 8414
4179 4244 8423
4179 4285 8464
4120 4296 8416
4183 4284 8467
4191 4261 8452
4191 4216 8407
4134 4244 8378
4106 4287 8393
4173 4210 8383
4264 4284 8548
4198 4253 8451
4215 4225 8440
4113 4280 8393
4225 4236 8461
4207 4260 8467
4230 4277 8507
4251 4272 8523
4135 4199 8334
4284 4291 8575
4213 4268 8481
4186 4255 8441
4186 4247 8433
4298 4299 8597
4264 4265 8529
4240 4267 8507
4107 4115 8222
4252 4298 8550
4275 4285 8560
4166 4213 8379
4134 4275 8409
4196 4225 8421
4258 4287 8545
4105 4289 8394
4170 4204 8374
4133 4190 8323
4100 4241 8341
4140 4216 8356
4103 4288 8391
4205 4242 8447
4235 4283 8518
4207 4228 8435
4184 4257 8441
4208 4261 8469
4216 4294 8510
4119 4201 8320
4130 4266 8396
4250 4281 8531
4277 4280 8557
4143 4262 8405
4195 4255 8450
4212 4287 8499
4154 4268 8422
4184 4196 8380
4166 4229 8395
4106 4117 8223
4236 4246 8482
4284 4292 8576
4159 4281 8440
4139 4154 8293
4172 4235 8407
4128 4130 8258
4203 4287 8490
4162 4294 8456
4188 4285 8473
4242 4259 8501
4177 4181 8358
4213 4267 8480
4183 4248 8431
4104 4170 8274
4135 4190 8325
4107 4166 8273
4186 4268 8454
4107 4115 8222
4286 4287 8573
4274 4287 8561
4133 4220 8353
4227 4297 8524
4144 4156 8300
4257 4297 8554
4247 4291 8538
4132 4133 8265
4180 4298 8478
4218 4271 8489
4266 4279 8545
4168 4288 8456
4167 4284 8451
4292 4300 8592
4235 4298 8533
4166 4193 8359
4254 4268 8522
4175 4267 8442
4276 4287 8563
4259 4272 8531
4121 4135 8256
4281 4300 8581
4229 4264 8493
4191 4272 8463
4298 4300 8598
4264 4277 8541
4217 4258 8475
4275 4298 8573
4271 4273 8544
4240 4254 8494
4142 4219 8361
4153 4203 8356
4252 4283 8535
4102 4137 8239
4168 4278 8446
4163 4239 8402
4277 4286 8563
4149 4191 8340
4237 4299 8536
4192 4210 8402
4130 4229 8359
4152 4205 8357
4164 4285 8449
4147 4237 8384
4260 4261 8521
4209 4288 8497
4178 4255 8433
4190 4218 8408
4272 4285 8557
4225 4249 8474
4270 4275 8545
4255 4275 8530
4138 4177 8315
4208 4255 8463
4238 4285 8523
4296 4300 8596
4284 4296 8580
4278 4295 8573
4217 4271 8488
4245 4261 8506
4238 4273 8511
4202 4292 8494
4231 4263 8494
4240 4293 8533
4153 4174 8327
4283 4289 8572
4246 4299 8545
4120 4251 8371
4279 4281 8560
4149 4234 8383
4263 4273 8536
4140 4216 8356
4278 4296 8574
4213 4284 8497
4169 4272 8441
4257 4260 8517
4229 4266 8495
4175 4212 8387
4108 4182 8290
4171 4288 8459
4277 4300 8577
4272 4275 8547
4264 4296 8560
4235 4275 8510
4172 4200 8372
4135 4258 8393
4119 4160 8279
4149 4184 8333
4247 4267 8514
4264 4271 8535
4168 4243 8411
4293 4300 8593
4110 4157 8267
4235 4270 8505
4270 4290 8560
4106 4112 8218
4117 4221 8338
4193 4203 8396
4266 4279 8545
4186 4191 8377
4176 4271 8447
4185 4235 8420
4220 4290 8510
4135 4297 8432
4278 4291 8569
4122 4189 8311
4128 4240 8368
4162 4228 8390
4194 4213 8407
4217 4228 8445
4111 4286 8397
4239 4256 8495
4262 4299 8561
4220 4276 8496
4170 4256 8426
4121 4123 8244
4153 4166 8319
4126 4226 8352
4127 4255 8382
4214 4290 8504
4187 4258 8445
4253 4276 8529
4254 4298 8552
4100 4219 8319
4158 4225 8383
4147 4222 8369
4219 4296 8515
4165 4226 8391
4232 4259 8491
4233 4293 8526
4217 4255 8472
4273 4300 8573
4199 4200 8399
4186 4211 8397
4285 4291 8576
4155 4295 8450
4212 4290 8502
4286 4295 8581
4289 4292 8581
4222 4225 8447
4187 4300 8487
4292 4298 8590
4123 4182 8305
4296 4299 8595
4241 4266 8507
4293 4300 8593
4166 4244 8410
4287 4289 8576
4184 4245 8429
4278 4281 8559
4231 4249 8480
4138 4287 8425
4296 4299 8595
4262 4263 8525
4218 4265 8483
4274 4290 8564
4134 4192 8326
4216 4223 8439
4189 4270 8459
4114 4207 8321
4274 4278 8552
4250 4262 8512
4198 4199 8397
4293 4298 8591
4187 4241 8428
4287 4295 8582
4122 4153 8275
4214 4295 8509
4182 4228 8410
4129 4287 8416
4166 4223 8389
4156 4171 8327
4176 4295 8471
4298 4299 8597
4297 4298 8595
4295 4298 8593
4120 4256 8376
4236 4239 8475
4161 4207 8368
4142 4235 8377
4273 4289 8562
4158 4258 8416
4150 4181 8331
4146 4219 8365
4190 4229 8419
4226 4283 8509
4276 4285 8561
4247 4287 8534
4262 4299 8561
4156 4201 8357
4173 4260 8433
4225 4272 8497
4243 4245 8488
4149 4235 8384
4199 4215 8414
4149 4188 8337
4286 4299 8585
4256 4274 8530
4138 4211 8349
4209 4238 8447
4150 4287 8437
4299 4300 8599
4173 4207 8380
4182 4294 8476
4273 4284 8557
4234 4246 8480
4201 4216 8417
4228 4283 8511
4225 4285 8510
4144 4168 8312
4262 4265 8527
4253 4272 8525
4236 4249 8485
4206 4285 8491
4116 4256 8372
4238 4255 8493
4141 4143 8284
4201 4289 8490
4173 4243 8416
4283 4285 8568
4207 4228 8435
4286 4288 8574
4115 4297 8412
4282 4283 8565
4299 4300 8599
4120 4171 8291
4276 4289 8565
4138 4257 8395
4119 4243 8362
4165 4260 8425
4125 4173 8298
4116 4250 8366
4298 4300 8598
4229 4230 8459
4286 4299 8585
4274 4291 8565
4262 4299 8561
4236 4239 8475
4250 4269 8519
4271 4273 8544
4182 4240 8422
4169 4172 8341
4210 4262 8472
4118 4255 8373
4232 4285 8517
4263 4266 8529
4283 4299 8582
4262 4293 8555
4213 4261 8474
4195 4248 8443
4253 4280 8533
4206 4277 8483
4271 4295 8566
4127 4234 8361
4238 4280 8518
4245 4294 8539
4122 4168 8290
4173 4225 8398
4254 4262 8516
4124 4145 8269
4110 4284 8394
4127 4248 8375
4260 4264 8524
4287 4295 8582
4172 4199 8371
4270 4288 8558
4218 4263 8481
4105 4159 8264
4103 4153 8256
4145 4225 8370
4245 4285 8530
4239 4294 8533
4198 4254 8452
4248 4299 8547
4280 4294 8574
4127 4262 8389
4160 4256 8416
4104 4237 8341
4281 4298 8579
4210 4211 8421
4294 4300 8594
4273 4292 8565
4227 4229 8456
4167 4251 8418
4103 4162 8265
4269 4300 8569
4182 4206 8388
4257 4287 8544
4152 4199 8351
4171 4300 8471
4189 4276 8465
4227 4247 8474
4163 4292 8455
4117 4178 8295
4263 4287 8550
4218 4225 8443
4171 4288 8459
4294 4300 8594
4177 4180 8357
4275 4300 8575
4229 4238 8467
4168 4187 8355
4233 4255 8488
4229 4258 8487
4240 4280 8520
4236 4293 8529
4142 4267 8409
4234 4255 8489
4257 4299 8556
4113 4205 8318
4222 4287 8509
4217 4247 8464
4296 4299 8595
4250 4289 8539
4272 4283 8555
4215 4298 8513
4287 4289 8576
4107 4285 8392
4236 4289 8525
4135 4161 8296
4253 4265 8518
4131 4193 8324
4200 4207 8407
4262 4265 8527
4254 4298 8552
4120 4244 8364
4141 4170 8311
4252 4283 8535
4182 4248 8430
4262 4297 8559
4106 4259 8365
4143 4171 8314
4110 4158 8268
4217 4235 8452
4279 4300 8579
4250 4254 8504
4102 4282 8384
4141 4231 8372
4132 4139 8271
4285 4290 8575
4268 4294 8562
4171 4245 8416
4107 4272 8379
4165 4249 8414
4220 4264 8484
4158 4211 8369
4260 4285 8545
4158 4192 8350
4120 4195 8315
4270 4276 8546
4240 4274 8514
4175 4272 8447
4146 4283 8429
4188 4254 8442
4144 4227 8371
4111 4245 8356
4232 4292 8524
4286 4299 8585
4183 4231 8414
4142 4174 8316
4255 4264 8519
4117 4181 8298
4277 4295 8572
4135 4228 8363
4132 4217 8349
4109 4166 8275
4126 4258 8384
4251 4296 8547
4167 4214 8381
4227 4270 8497
4123 4240 8363
4288 4299 8587
4281 4289 8570
4133 4293 8426
4112 4284 8396
4244 4280 8524
4192 4194 8386
4190 4256 8446
4198 4252 8450
4100 4288 8388
4232 4285 8517
4192 4290 8482
4113 4139 8252
4153 4177 8330
4173 4191 8364
4198 4281 8479
4204 4270 8474
4244 4247 8491
4287 4295 8582
4274 4300 8574
4156 4206 8362
4120 4197 8317
4261 4267 8528
4291 4296 8587
4132 4232 8364
4265 4279 8544
4277 4281 8558
4227 4266 8493
4239 4267 8506
4299 4300 8599
4107 4217 8324
4111 4267 8378
4115 4277 8392
4181 4298 8479
4224 4236 8460
4255 4291 8546
4100 4223 8323
4295 4298 8593
4262 4265 8527
4217 4286 8503
4294 4296 8590
4104 4276 8380
4233 4271 8504
4144 4292 8436
4224 4241 8465
4221 4281 8502
4240 4294 8534
4170 4288 8458
4101 4156 8257
4262 4292 8554
4116 4218 8334
4137 4159 8296
4149 4239 8388
4162 4263 8425
4128 4235 8363
4169 4257 8426
4108 4205 8313
4214 4221 8435
4211 4256 8467
4227 4284 8511
4226 4232 8458
4201 4263 8464
4218 4233 8451
4161 4250 8411
4275 4276 8551
4130 4134 8264
4298 4299 8597
4298 4299 8597
4112 4275 8387
4166 4266 8432
4204 4265 8469
4135 4136 8271
4117 4127 8244
4164 4275 8439
4274 4286 8560
4198 4228 8426
4124 4255 8379
4242 4288 8530
4201 4283 8484
4167 4177 8344
4283 4298 8581
4229 4281 8510
4191 4250 8441
4205 4286 8491
4162 4208 8370
4124 4250 8374
4144 4191 8335
4254 4295 8549
4112 4235 8347
4222 4269 8491
4268 4298 8566
4101 4222 8323
4182 4246 8428
4276 4287 8563
4124 4218 8342
4263 4298 8561
4172 4203 8375
4161 4273 8434
4277 4286 8563
4157 4179 8336
4243 4244 8487
4248 4268 8516
4284 4286 8570
4193 4284 8477
4107 4123 8230
4102 4262 8364
4106 4242 8348
4163 4184 8347
4150 4243 8393
4193 4239 8432
4210 4233 8443
4101 4167 8268
4133 4205 8338
4201 4233 8434
4225 4239 8464
4277 4282 8559
4178 4202 8380
4269 4296 8565
4149 4260 8409
4106 4120 8226
4246 4271 8517
4256 4291 8547
4226 4244 8470
4210 4293 8503
4212 4216 8428
4189 4206 8395
4201 4233 8434
4195 4225 8420
4269 4277 8546
4160 4271 8431
4210 4288 8498
4232 4252 8484
4102 4164 8266
4182 4206 8388
4188 4296 8484
4189 4193 8382
4199 4217 8416
4231 4275 8506
4131 4172 8303
4254 4268 8522
4182 4206 8388
4194 4230 8424
4138 4165 8303
4244 4261 8505
4267 4269 8536
4297 4298 8595
4136 4192 8328

4110 4117 8195
4028 4049 8041
4027 4182 8206
4036 4188 8197
4066 4153 8183
4079 4144 8194
4029 4139 8158
4103 4127 8228
4064 4107 8163
4135 4154 8259
4042 4185 8205
4159 4185 8312
4085 4145 8200
4149 4155 8279
4034 4036 8051
4149 4170 8288
4142 4152 8261
4045 4186 8230
4198 4200 8390
4078 4137 8207
4086 4093 8163
4017 4132 8116
4139 4171 8289
4015 4140 8123
4040 4183 8189
4190 4195 8373
4025 4142 8150
4059 4187 8244
4127 4145 8242
4036 4168 8203
4050 4144 8173
4034 4069 8079
4091 4127 8204
4122 4162 8253
4192 4195 8375
4132 4157 8284
4191 4192 8375
4082 4182 8229
4183 4185 8357
4087 4186 8257
4040 4053 8091
4072 4189 8257
4077 4197 8243
4054 4183 8211
4015 4179 8188
4185 4198 8348
4087 4185 8242
4035 4193 8191
4098 4147 8208
4018 4136 8128
4173 4184 8344
4038 4108 8131
4063 4154 8212
4023 4171 8187
4135 4148 8273
4014 4143 8155
4106 4125 8229
4061 4069 8114
4080 4119 8178
4144 4163 8271
4120 4190 8279
4066 4138 8167
4052 4096 8132
4022 4144 8158
4044 4088 8116
4188 4193 8351
4038 4136 8173
4002 4049 8030
4186 4192 8343
4167 4191 8340
4020 4190 8194
4107 4199 8279
4162 4185 8326
4044 4123 8161
4174 4198 8352
4064 4078 8133
4062 4088 8123
4174 4192 8355
4036 4146 8153
4147 4158 8299
4038 4188 8194
4015 4198 8196
4135 4195 8323
4176 4193 8364
4035 4150 8166
4027 4173 8163
4106 4151 8254
4093 4199 8287
4138 4167 8289
4058 4067 8104
4050 4055 8090
4060 4070 8107
4091 4187 8245
4140 4143 8264
4162 4171 8314
4112 4139 8235
4170 4173 8309
4049 4135 8154
4155 4175 8300
4053 4081 8097
4061 4104 8127
4127 4154 8260
4020 4040 8035
4020 4054 8051
4190 4200 8388
4128 4172 8277
4125 4185 8283
4197 4200 8394
4018 4114 8102
4068 4137 8168
4146 4149 8282
4013 4084 8076
4163 4180 8318
4115 4146 8257
4181 4198 8342
4178 4192 8363
4018 4039 8051
4189 4194 8353
4076 4142 8194
4029 4125 8147
4152 4171 8294
4037 4136 8156
4013 4198 8176
4016 4051 8044
4159 4164 8284
4131 4168 8265
4078 4113 8161
4104 4126 8218
4068 4122 8175
4010 4181 8153
4081 4177 8253
4181 4198 8361
4111 4133 8207
4154 4179 8331
4022 4137 8123
4056 4164 8182
4125 4198 8319
4191 4193 8347
4098 4137 8224
4052 4159 8207
4196 4199 8387
4186 4192 8375
4177 4185 8342
4137 4197 8317
4144 4194 8309
4046 4111 8152
4056 4077 8125
4053 4077 8127
4085 4114 8186
4198 4200 8390
4133 4153 8258
4172 4173 8323
4197 4199 8388
4133 4179 8283
4129 4198 8304
4034 4100 8119
4028 4159 8157
4038 4190 8227
4118 4136 8229
4071 4199 8264
4146 4193 8323
4022 4076 8088
4198 4200 8382
4010 4023 8003
4016 4126 8108
4167 4183 8320
4059 4159 8187
4121 4154 8260
4101 4147 8234
4175 4194 8368
4173 4191 8346
4087 4190 8262
4195 4199 8388
4048 4078 8101
4080 4165 8232
4063 4082 8140
4085 4198 8253
4121 4183 8289
4077 4179 8224
4034 4193 8197
4027 4075 8075
4077 4135 8182
4156 4192 8312
4116 4122 8218
4128 4142 8246
4067 4087 8147
4000 4182 8176
4004 4167 8157
4027 4048 8072
4166 4173 8329
4171 4181 8332
4059 4111 8157
4044 4111 8142
4022 4178 8196
4130 4161 8269
4148 4169 8294
4145 4193 8307
4191 4199 8359
4195 4198 8356
4157 4170 8296
4057 4133 8186
4040 4114 8134
4174 4178 8347
4181 4184 8329
4135 4178 8304
4040 4104 8143
4041 4044 8071
4144 4181 8323
4098 4115 8192
4100 4114 8195
4079 4144 8198
4079 4185 8259
4020 4196 8210
4083 4184 8232
4091 4161 8232
4091 4116 8200
4034 4144 8146
4006 4187 8155
4073 4110 8160
4164 4184 8314
4098 4153 8226
4115 4125 8239
4013 4180 8192
4125 4136 8259
4107 4160 8233
4130 4177 8272
4151 4172 8296
4035 4099 8120
4184 4191 8357
4113 4168 8256
4086 4155 8206
4086 4147 8219
4198 4199 8378
4164 4165 8308
4140 4167 8273
4007 4015 7995
4152 4198 8342
4175 4185 8336
4066 4113 8169
4034 4175 8187
4096 4125 8184
4158 4187 8310
4005 4189 8158
4070 4104 8151
4033 4090 8097
4000 4141 8117
4040 4116 8128
4003 4188 8156
4105 4142 8226
4135 4183 8295
4107 4128 8203
4084 4157 8238
4108 4161 8267
4116 4194 8305
4019 4101 8112
4030 4166 8178
4150 4181 8298
4177 4180 8354
4043 4162 8187
4095 4155 8224
4112 4187 8268
4054 4168 8198
4084 4096 8172
4066 4129 8158
4006 4017 7991
4136 4146 8243
4184 4192 8369
4059 4181 8233
4039 4054 8065
4072 4135 8195
4028 4030 8026
4103 4187 8279
4062 4194 8229
4088 4185 8255
4142 4159 8270
4077 4081 8141
4113 4167 8272
4083 4148 8205
4004 4070 8043
4035 4090 8111
4007 4066 8062
4086 4168 8243
4007 4015 7995
4186 4187 8348
4174 4187 8338
4033 4120 8135
4127 4197 8288
4044 4056 8072
4157 4197 8346
4147 4191 8321
4032 4033 8040
4080 4198 8257
4118 4171 8265
4166 4179 8318
4068 4188 8229
4067 4184 8222
4192 4200 8373
4135 4198 8309
4066 4093 8153
4154 4168 8307
4075 4167 8222
4176 4187 8331
4159 4172 8293
4021 4035 8041
4181 4200 8355
4129 4164 8256
4091 4172 8240
4198 4200 8382
4164 4177 8334
4117 4158 8243
4175 4198 8338
4171 4173 8342
4140 4154 8271
4042 4119 8159
4053 4103 8143
4152 4183 8304
4002 4037 8028
4068 4178 8212
4063 4139 8166
4177 4186 8325
4049 4091 8135
4137 4199 8320
4092 4110 8199
4030 4129 8132
4052 4105 8140
4064 4185 8211
4047 4137 8147
4160 4161 8286
4109 4188 8285
4078 4155 8222
4090 4118 8183
4172 4185 8342
4125 4149 8245
4170 4175 8318
4155 4175 8312
4038 4077 8084
4108 4155 8258
4138 4185 8316
4196 4200 8376
4184 4196 8357
4178 4195 8342
4117 4171 8271
4145 4161 8268
4138 4173 8296
4102 4192 8272
4131 4163 8288
4140 4193 8298
4053 4074 8124
4183 4189 8354
4146 4199 8326
4020 4151 8152
4179 4181 8352
4049 4134 8151
4163 4173 8298
4040 4116 8129
4178 4196 8371
4113 4184 8286
4069 4172 8221
4157 4160 8302
4129 4166 8258
4075 4112 8165
4008 4082 8054
4071 4188 8257
4177 4200 8358
4172 4175 8323
4164 4196 8327
4135 4175 8287
4072 4100 8152
4035 4158 8171
4019 4060 8050
4049 4084 8130
4147 4167 8295
4164 4171 8328
4068 4143 8181
4193 4200 8379
4010 4057 8030
4135 4170 8281
4170 4190 8352
4006 4012 7982
4017 4121 8104
4093 4103 8175
4166 4179 8331
4086 4091 8141
4076 4171 8242
4085 4135 8199
4120 4190 8300
4035 4197 8209
4178 4191 8353
4022 4089 8101
4028 4140 8132
4062 4128 8180
4094 4113 8195
4117 4128 8219
4011 4186 8178
4139 4156 8279
4162 4199 8355
4120 4176 8266
4070 4156 8207
4021 4023 8008
4053 4066 8108
4026 4126 8140
4027 4155 8145
4114 4190 8267
4087 4158 8221
4153 4176 8318
4154 4198 8340
4000 4119 8094
4058 4125 8178
4047 4122 8141
4119 4196 8289
4065 4126 8160
4132 4159 8253
4133 4193 8302
4117 4155 8238
4173 4200 8370
4099 4100 8188
4086 4111 8166
4185 4191 8356
4055 4195 8216
4112 4190 8281
4186 4195 8367
4189 4192 8363
4122 4125 8243
4087 4200 8249
4192 4198 8376
4023 4082 8068
4196 4199 8388
4141 4166 8277
4193 4200 8378
4066 4144 8208
4187 4189 8367
4084 4145 8214
4178 4181 8354
4131 4149 8267
4038 4187 8197
4196 4199 8360
4162 4163 8286
4118 4165 8251
4174 4190 8339
4034 4092 8117
4116 4123 8203
4089 4170 8240
4014 4107 8119
4174 4178 8341
4150 4162 8291
4098 4099 8185
4193 4198 8386
4087 4141 8223
4187 4195 8347
4022 4053 8047
4114 4195 8278
4082 4128 8187
4029 4187 8178
4066 4123 8151
4056 4071 8094
4076 4195 8241
4198 4199 8384
4197 4198 8369
4195 4198 8377
4020 4156 8143
4136 4139 8242
4061 4107 8165
4042 4135 8162
4173 4189 8346
4058 4158 8186
4050 4081 8105
4046 4119 8158
4090 4129 8200
4126 4183 8300
4176 4185 8346
4147 4187 8317
4162 4199 8335
4056 4101 8140
4073 4160 8222
4125 4172 8260
4143 4145 8251
4049 4135 8164
4099 4115 8180
4049 4088 8107
4186 4199 8358
4156 4174 8293
4038 4111 8116
4109 4138 8226
4050 4187 8233
4199 4200 8387
4073 4107 8151
4082 4194 8242
4173 4184 8339
4134 4146 8270
4101 4116 8216
4128 4183 8292
4125 4185 8298
4044 4068 8074
4162 4165 8294
4153 4172 8299
4136 4149 8269
4106 4185 8285
4016 4156 8140
4138 4155 8289
4041 4043 8078
4101 4189 8268
4073 4143 8178
4183 4185 8340
4107 4128 8214
4186 4188 8336
4015 4197 8200
4182 4183 8356
4199 4200 8390
4020 4071 8079
4176 4189 8342
4038 4157 8177
4019 4143 8159
4065 4160 8190
4025 4073 8084
4016 4150 8128
4198 4200 8383
4129 4130 8251
4186 4199 8368
4174 4191 8336
4162 4199 8349
4136 4139 8236
4150 4169 8283
4171 4173 8318
4082 4140 8195
4069 4072 8136
4110 4162 8244
4018 4155 8171
4132 4185 8314
4163 4166 8291
4183 4199 8357
4162 4193 8337
4113 4161 8235
4095 4148 8229
4153 4180 8319
4106 4177 8268
4171 4195 8352
4027 4134 8136
4138 4180 8307
4145 4194 8313
4022 4068 8070
4073 4125 8168
4154 4162 8315
4024 4045 8044
4010 4184 8169
4027 4148 8139
4160 4164 8300
4187 4195 8346
4072 4099 8168
4170 4188 8356
4118 4163 8266
4005 4059 8052
4003 4053 8037
4045 4125 8149
4145 4185 8294
4139 4194 8317
4098 4154 8215
4148 4199 8336
4180 4194 8356
4027 4162 8157
4060 4156 8178
4004 4137 8116
4181 4198 8353
4110 4111 8193
4194 4200 8367
4173 4192 8354
4127 4129 8233
4067 4151 8212
4003 4062 8041
4169 4200 8367
4082 4106 8178
4157 4187 8316
4052 4099 8114
4071 4200 8264
4089 4176 8251
4127 4147 8260
4063 4192 8233
4017 4078 8090
4163 4187 8312
4118 4125 8233
4071 4188 8251
4194 4200 8391
4077 4080 8150
4175 4200 8336
4129 4138 8266
4068 4087 8138
4133 4155 8267
4129 4158 8281
4140 4180 8287
4136 4193 8293
4042 4167 8191
4134 4155 8273
4157 4199 8347
4013 4105 8084
4122 4187 8289
4117 4147 8263
4196 4199 8363
4150 4189 8316
4172 4183 8337
4115 4198 8294
4187 4189 8354
4007 4185 8174
4136 4189 8290
4035 4061 8065
4153 4165 8280
4031 4093 8099
4100 4107 8180
4162 4165 8302
4154 4198 8351
4020 4144 8132
4041 4070 8078
4152 4183 8304
4082 4148 8228
4162 4197 8328
4006 4159 8147
4043 4071 8099
4010 4058 8054
4117 4135 8224
4179 4200 8353
4150 4154 8272
4002 4182 8147
4041 4131 8162
4032 4039 8055
4185 4190 8343
4168 4194 8327
4071 4145 8201
4007 4172 8151
4065 4149 8202
4120 4164 8254
4058 4111 8152
4160 4185 8338
4058 4092 8142
4020 4095 8101
4170 4176 8307
4140 4174 8278
4075 4172 8241
4046 4183 8199
4088 4154 8224
4044 4127 8158
4011 4145 8125
4132 4192 8285
4186 4199 8380
4083 4131 8210
4042 4074 8097
4155 4164 8314
4017 4081 8083
4177 4195 8334
4035 4128 8145
4032 4117 8130
4009 4066 8068
4026 4158 8156
4151 4196 8319
4067 4114 8165
4127 4170 8271
4023 4140 8151
4188 4199 8384
4181 4189 8355
4033 4193 8206
4012 4184 8186
4144 4180 8291
4092 4094 8148
4090 4156 8221
4098 4152 8239
4000 4188 8167
4132 4185 8278
4092 4190 8277
4013 4039 8043
4053 4077 8107
4073 4091 8152
4098 4181 8248
4104 4170 8261
4144 4147 8253
4187 4195 8380
4174 4200 8365
4056 4106 8151
4020 4097 8090
4161 4167 8297
4191 4196 8351
4032 4132 8138
4165 4179 8340
4177 4181 8332
4127 4166 8288
4139 4167 8299
4199 4200 8369
4007 4117 8112
4011 4167 8170
4015 4177 8170
4081 4198 8274
4124 4136 8241
4155 4191 8307
4000 4123 8103
4195 4198 8355
4162 4165 8311
4117 4186 8284
4194 4196 8373
4004 4176 8147
4133 4171 8266
4044 4192 8211
4124 4141 8244
4121 4181 8276
4140 4194 8333
4070 4188 8222
4001 4056 8033
4162 4192 8350
4016 4118 8103
4037 4059 8086
4049 4139 8184
4062 4163 8193
4028 4135 8158
4069 4157 8224
4008 4105 8105
4114 4121 8222
4111 4156 8243
4127 4184 8310
4126 4132 8243
4101 4163 8229
4118 4133 8247
4061 4150 8195
4175 4176 8349
4030 4034 8051
4198 4199 8360
4198 4199 8388
4012 4175 8149
4066 4166 8222
4104 4165 8256
4035 4036 8063
4017 4027 8009
4064 4175 8236
4174 4186 8342
4098 4128 8197
4024 4155 8166
4142 4188 8301
4101 4183 8280
4067 4077 8114
4183 4198 8356
4129 4181 8291
4091 4150 8217
4105 4186 8280
4062 4108 8151
4024 4150 8150
4044 4091 8109
4154 4195 8325
4012 4135 8112
4122 4169 8284
4168 4198 8342
4001 4122 8115
4082 4146 8192
4176 4187 8328
4024 4118 8124
4163 4198 8324
4072 4103 8169
4061 4173 8226
4177 4186 8358
4057 4079 8105
4143 4144 8253
4148 4168 8302
4184 4186 8369
4093 4184 8260
4007 4023 7997
4002 4162 8137
4006 4142 8131
4063 4084 8139
4050 4143 8166
4093 4139 8203
4110 4133 8216
4001 4067 8047
4033 4105 8107
4101 4133 8202
4125 4139 8240
4177 4182 8348
4078 4102 8157
4169 4196 8358
4049 4160 8191
4006 4020 8010
4146 4171 8297
4156 4191 8321
4126 4144 8269
4110 4193 8277
4112 4116 8215
4089 4106 8158
4101 4133 8229
4095 4125 8195
4169 4177 8335
4060 4171 8218
4110 4188 8290
4132 4152 8269
4002 4064 8057
4082 4106 8160
4088 4196 8266
4089 4093 8154
4099 4117 8194
4131 4175 8269
4031 4072 8087
4154 4168 8291
4082 4106 8179
4094 4130 8188
4038 4065 8078
4144 4161 8283
4167 4169 8305
4197 4198 8358
4036 4092 8099

0.010000 0.610000
