900
5260181
4286 4288 8574
4111 4157 8268
4251 4258 8509
4253 4279 8532
4236 4283 8519
4271 4288 8559
4242 4262 8504
4136 4167 8303
4171 4260 8431
4252 4253 8505
4241 4285 8526
4252 4275 8527
4281 4298 8579
4278 4282 8560
4233 4276 8509
4166 4170 8336
4216 4289 8505
4221 4246 8467
4296 4300 8596
4299 4300 8599
4161 4180 8341
4235 4272 8507
4212 4297 8509
4232 4274 8506
4254 4260 8514
4260 4296 8556
4246 4287 8533
4254 4289 8543
4294 4296 8590
4252 4271 8523
4186 4222 8408
4131 4204 8335
4246 4259 8505
4121 4181 8302
4108 4283 8391
4103 4205 8308
4102 4125 8227
4242 4256 8498
4116 4130 8246
4227 4258 8485
4107 4145 8252
4215 4280 8495
4270 4293 8563
4232 4233 8465
4116 4130 8246
4146 4291 8437
4243 4269 8512
4142 4144 8286
4207 4280 8487
4246 4251 8497
4132 4271 8403
4107 4154 8261
4116 4298 8414
4174 4189 8363
4113 4214 8327
4150 4191 8341
4171 4300 8471
4224 4237 8461
4285 4300 8585
4172 4194 8366
4298 4300 8598
4124 4287 8411
4229 4291 8520
4273 4278 8551
4185 4197 8382
4158 4300 8458
4137 4152 8289
4115 4122 8237
4274 4279 8553
4211 4292 8503
4242 4245 8487
4243 4297 8540
4219 4286 8505
4187 4278 8465
4220 4238 8458
4228 4253 8481
4159 4271 8430
4179 4283 8462
4182 4299 8481
4201 4277 8478
4220 4285 8505
4270 4296 8566
4281 4294 8575
4137 4170 8307
4238 4286 8524
4187 4205 8392
4189 4190 8379
4230 4283 8513
4100 4249 8349
4210 4297 8507
4234 4259 8493
4245 4260 8505
4265 4284 8549
4250 4259 8509
4294 4300 8594
4183 4260 8443
4215 4251 8466
4230 4268 8498
4154 4207 8361
4257 4269 8526
4167 4168 8335
4114 4257 8371
4202 4291 8493
4264 4288 8552
4244 4245 8489
4232 4272 8504
4149 4170 8319
4113 4201 8314
4193 4194 8387
4118 4132 8250
4114 4142 8256
4287 4295 8582
4168 4273 8441
4116 4193 8309
4213 4236 8449
4109 4198 8307
4117 4185 8302
4234 4262 8496
4120 4294 8414
4183 4231 8414
4130 4251 8381
4176 4210 8386
4157 4278 8435
4219 4289 8508
4173 4240 8413
4217 4297 8514
4187 4190 8377
4244 4251 8495
4247 4267 8514
4177 4194 8371
4119 4211 8330
4138 4258 8396
4214 4259 8473
4238 4269 8507
4246 4275 8521
4195 4282 8477
4157 4271 8428
4205 4298 8503
4256 4277 8533
4134 4293 8427
4251 4257 8508
4126 4213 8339
4192 4230 8422
4297 4298 8595
4226 4250 8476
4137 4180 8317
4209 4280 8489
4248 4292 8540
4225 4237 8462
4290 4296 8586
4115 4146 8261
4137 4288 8425
4117 4249 8366
4210 4257 8467
4222 4255 8477
4237 4245 8482
4107 4154 8261
4224 4230 8454
4110 4232 8342
4129 4144 8273
4289 4295 8584
4199 4204 8403
4265 4283 8548
4165 4244 8409
4262 4269 8531
4113 4231 8344
4237 4257 8494
4259 4273 8532
4263 4277 8540
4163 4220 8383
4246 4261 8507
4235 4274 8509
4212 4239 8451
4106 4160 8266
4262 4282 8544
4278 4292 8570
4203 4275 8478
4214 4218 8432
4253 4292 8545
4113 4275 8388
4219 4223 8442
4140 4145 8285
4100 4115 8215
4276 4283 8559
4116 4192 8308
4266 4300 8566
4269 4294 8563
4116 4241 8357
4141 4242 8383
4142 4217 8359
4118 4270 8388
4196 4222 8418
4118 4193 8311
4224 4268 8492
4230 4268 8498
4250 4262 8512
4144 4225 8369
4145 4200 8345
4103 4224 8327
4264 4277 8541
4266 4280 8546
4250 4258 8508
4229 4262 8491
4169 4228 8397
4141 4166 8307
4169 4287 8456
4125 4238 8363
4166 4282 8448
4242 4289 8531
4289 4290 8579
4242 4295 8537
4137 4245 8382
4139 4182 8321
4248 4290 8538
4164 4237 8401
4137 4276 8413
4280 4296 8576
4286 4296 8582
4251 4258 8509
4206 4270 8476
4299 4300 8599
4196 4296 8492
4291 4296 8587
4191 4199 8390
4142 4295 8437
4139 4235 8374
4264 4297 8561
4241 4279 8520
4204 4258 8462
4119 4177 8296
4292 4297 8589
4107 4126 8233
4269 4288 8557
4210 4293 8503
4262 4283 8545
4287 4291 8578
4150 4231 8381
4276 4288 8564
4142 4236 8378
4282 4289 8571
4216 4226 8442
4130 4153 8283
4174 4231 8405
4151 4155 8306
4136 4208 8344
4286 4294 8580
4252 4291 8543
4240 4261 8501
4128 4179 8307
4176 4236 8412
4222 4299 8521
4165 4168 8333
4181 4247 8428
4114 4169 8283
4269 4274 8543
4146 4297 8443
4232 4286 8518
4129 4175 8304
4253 4277 8530
4259 4280 8539
4137 4175 8312
4266 4275 8541
4244 4293 8537
4171 4181 8352
4241 4250 8491
4179 4194 8373
4169 4230 8399
4181 4226 8407
4166 4172 8338
4131 4133 8264
4295 4299 8594
4169 4221 8390
4165 4219 8384
4171 4287 8458
4291 4294 8585
4227 4282 8509
4147 4205 8352
4142 4247 8389
4266 4271 8537
4295 4297 8592
4245 4259 8504
4238 4271 8509
4215 4273 8488
4217 4237 8454
4273 4300 8573
4208 4239 8447
4180 4209 8389
4243 4268 8511
4229 4282 8511
4274 4275 8549
4159 4189 8348
4192 4273 8465
4287 4295 8582
4228 4298 8526
4191 4229 8420
4256 4298 8554
4181 4287 8468
4156 4255 8411
4287 4290 8577
4212 4234 8446
4134 4277 8411
4150 4264 8414
4258 4281 8539
4219 4275 8494
4192 4270 8462
4170 4296 8466
4143 4278 8421
4269 4281 8550
4123 4235 8358
4247 4281 8528
4264 4266 8530
4232 4247 8479
4183 4300 8483
4201 4277 8478
4166 4180 8346
4288 4292 8580
4178 4206 8384
4198 4202 8400
4176 4204 8380
4156 4180 8336
4236 4269 8505
4182 4279 8461
4252 4266 8518
4262 4273 8535
4279 4296 8575
4291 4294 8585
4285 4290 8575
4186 4264 8450
4257 4298 8555
4166 4244 8410
4190 4300 8490
4138 4173 8311
4245 4260 8505
4292 4296 8588
4229 4286 8515
4249 4260 8509
4202 4213 8415
4217 4281 8498
4252 4264 8516
4222 4257 8479
4233 4259 8492
4274 4292 8566
4196 4283 8479
4130 4298 8428
4189 4276 8465
4288 4291 8579
4156 4194 8350
4244 4285 8529
4246 4281 8527
4251 4274 8525
4201 4283 8484
4108 4141 8249
4222 4234 8456
4285 4297 8582
4174 4256 8430
4199 4283 8482
4225 4265 8490
4120 4203 8323
4238 4269 8507
4202 4220 8422
4103 4290 8393
4233 4266 8499
4127 4222 8349
4298 4299 8597
4108 4229 8337
4231 4273 8504
4298 4299 8597
4258 4284 8542
4298 4300 8598
4158 4277 8435
4249 4298 8547
4197 4257 8454
4125 4281 8406
4248 4252 8500
4104 4144 8248
4126 4185 8311
4279 4290 8569
4253 4273 8526
4135 4281 8416
4221 4236 8457
4142 4238 8380
4177 4230 8407
4255 4264 8519
4244 4280 8524
4259 4272 8531
4214 4232 8446
4244 4250 8494
4298 4300 8598
4244 4262 8506
4259 4269 8528
4154 4186 8340
4231 4233 8464
4149 4166 8315
4205 4227 8432
4155 4181 8336
4289 4297 8586
4114 4276 8390
4181 4262 8443
4176 4270 8446
4134 4238 8372
4281 4291 8572
4137 4160 8297
4270 4300 8570
4178 4263 8441
4198 4261 8459
4230 4291 8521
4251 4285 8536
4274 4282 8556
4134 4202 8336
4174 4235 8409
4233 4274 8507
4153 4190 8343
4249 4265 8514
4198 4255 8453
4162 4269 8431
4227 4290 8517
4146 4171 8317
4162 4205 8367
4118 4294 8412
4264 4287 8551
4113 4270 8383
4228 4279 8507
4193 4255 8448
4290 4296 8586
4123 4144 8267
4226 4287 8513
4136 4209 8345
4121 4143 8264
4168 4183 8351
4271 4286 8557
4198 4239 8437
4118 4151 8269
4118 4279 8397
4164 4168 8332
4226 4275 8501
4118 4248 8366
4132 4181 8313
4199 4202 8401
4125 4297 8422
4216 4219 8435
4234 4246 8480
4228 4240 8468
4249 4286 8535
4282 4286 8568
4295 4298 8593
4115 4253 8368
4107 4280 8387
4241 4281 8522
4116 4293 8409
4113 4219 8332
4227 4240 8467
4263 4292 8555
4119 4195 8314
4259 4298 8557
4204 4258 8462
4146 4179 8325
4290 4297 8587
4135 4162 8297
4144 4153 8297
4233 4261 8494
4126 4156 8282
4141 4273 8414
4294 4299 8593
4200 4230 8430
4178 4266 8444
4102 4254 8356
4271 4294 8565
4136 4193 8329
4193 4236 8429
4242 4295 8537
4237 4278 8515
4280 4294 8574
4122 4223 8345
4183 4297 8480
4190 4295 8485
4288 4298 8586
4162 4238 8400
4239 4258 8497
4224 4245 8469
4255 4270 8525
4104 4220 8324
4251 4258 8509
4245 4297 8542
4137 4285 8422
4167 4293 8460
4295 4297 8592
4193 4246 8439
4151 4185 8336
4210 4232 8442
4134 4147 8281
4122 4274 8396
4105 4239 8344
4123 4265 8388
4174 4215 8389
4247 4294 8541
4167 4201 8368
4156 4271 8427
4246 4276 8522
4164 4273 8437
4192 4274 8466
4122 4178 8300
4126 4249 8375
4293 4297 8590
4145 4175 8320
4279 4285 8564
4271 4279 8550
4274 4295 8569
4145 4234 8379
4144 4276 8420
4196 4259 8455
4146 4161 8307
4259 4282 8541
4238 4250 8488
4248 4266 8514
4251 4288 8539
4198 4223 8421
4209 4252 8461
4193 4251 8444
4161 4239 8400
4281 4290 8571
4178 4299 8477
4149 4273 8422
4222 4286 8508
4218 4236 8454
4215 4296 8511
4100 4154 8254
4233 4267 8500
4112 4251 8363
4253 4289 8542
4253 4300 8553
4169 4228 8397
4214 4232 8446
4250 4298 8548
4228 4294 8522
4252 4264 8516
4211 4280 8491
4113 4230 8343
4283 4284 8567
4188 4287 8475
4175 4260 8435
4185 4298 8483
4216 4247 8463
4226 4228 8454
4231 4263 8494
4152 4223 8375
4144 4269 8413
4165 4279 8444
4157 4202 8359
4148 4253 8401
4185 4204 8389
4229 4231 8460
4297 4298 8595
4218 4277 8495
4205 4257 8462
4171 4251 8422
4291 4299 8590
4236 4267 8503
4293 4294 8587
4116 4230 8346
4157 4213 8370
4197 4221 8418
4243 4245 8488
4231 4272 8503
4235 4241 8476
4118 4201 8319
4204 4268 8472
4130 4136 8266
4134 4176 8310
4199 4222 8421
4277 4300 8577
4228 4251 8479
4161 4195 8356
4246 4256 8502
4116 4244 8360
4175 4182 8357
4267 4291 8558
4172 4291 8463
4170 4214 8384
4148 4248 8396
4230 4289 8519
4200 4298 8498
4151 4157 8308
4244 4272 8516
4278 4282 8560
4292 4295 8587
4254 4270 8524
4235 4264 8499
4245 4268 8513
4103 4201 8304
4170 4213 8383
4120 4145 8265
4109 4122 8231
4283 4284 8567
4160 4270 8430
4292 4293 8585
4223 4273 8496
4121 4172 8293
4222 4294 8516
4103 4266 8369
4187 4208 8395
4145 4191 8336
4299 4300 8599
4266 4273 8539
4128 4199 8327
4135 4215 8350
4152 4198 8350
4160 4211 8371
4182 4281 8463
4162 4186 8348
4151 4230 8381
4134 4153 8287
4137 4230 8367
4135 4291 8426
4147 4285 8432
4173 4279 8452
4256 4293 8549
4286 4293 8579
4175 4273 8448
4189 4239 8428
4270 4277 8547
4283 4293 8576
4163 4297 8460
4125 4285 8410
4192 4274 8466
4240 4254 8494
4211 4232 8443
4145 4299 8444
4280 4292 8572
4265 4277 8542
4193 4257 8450
4172 4205 8377
4129 4271 8400
4192 4221 8413
4294 4298 8592
4246 4284 8530
4267 4269 8536
4275 4286 8561
4292 4296 8588
4175 4209 8384
4112 4113 8225
4283 4290 8573
4279 4299 8578
4100 4246 8346
4135 4147 8282
4166 4202 8368
4140 4245 8385
4114 4158 8272
4288 4291 8579
4192 4209 8401
4242 4263 8505
4113 4274 8387
4296 4300 8596
4126 4142 8268
4111 4186 8297
4236 4282 8518
4255 4297 8552
4195 4196 8391
4165 4181 8346
4150 4157 8307
4248 4286 8534
4206 4281 8487
4175 4190 8365
4255 4270 8525
4208 4235 8443
4244 4289 8533
4166 4280 8446
4152 4186 8338
4242 4294 8536
4274 4295 8569
4120 4295 8415
4203 4235 8438
4177 4253 8430
4159 4192 8351
4234 4277 8511
4126 4176 8302
4215 4242 8457
4160 4295 8455
4276 4300 8576
4250 4276 8526
4277 4298 8575
4299 4300 8599
4125 4213 8338
4231 4280 8511
4251 4279 8530
4160 4292 8452
4104 4229 8333
4179 4186 8365
4193 4288 8481
4173 4179 8352
4223 4228 8451
4212 4296 8508
4270 4279 8549
4185 4197 8382
4102 4220 8322
4233 4267 8500
4121 4167 8288
4108 4144 8252
4282 4293 8575
4144 4233 8377
4117 4197 8314
4254 4289 8543
4291 4294 8585
4115 4158 8273
4290 4292 8582
4117 4207 8324
4295 4298 8593
4173 4202 8375
4273 4299 8572
4194 4294 8488
4113 4179 8292
4188 4235 8423
4151 4187 8338
4126 4215 8341
4121 4205 8326
4272 4295 8567
4269 4280 8549
4234 4275 8509
4236 4290 8526
4275 4295 8570
4158 4241 8399
4197 4280 8477
4271 4300 8571
4105 4275 8380
4194 4291 8485
4290 4293 8583
4287 4289 8576
4146 4243 8389
4122 4256 8378
4185 4186 8371
4204 4235 8439
4222 4248 8470
4261 4287 8548
4252 4286 8538
4110 4278 8388
4177 4200 8377
4210 4227 8437
4213 4233 8446
4136 4298 8434
4167 4199 8366
4173 4298 8471
4135 4163 8298
4252 4295 8547
4130 4151 8281
4254 4255 8509
4194 4226 8420
4190 4205 8395
4170 4204 8374
4256 4281 8537
4276 4280 8556
4252 4271 8523
4133 4283 8416
4191 4277 8468
4228 4275 8503
4133 4298 8431
4150 4267 8417
4237 4239 8476
4224 4268 8492
4290 4300 8590
4187 4223 8410
4118 4274 8392
4146 4293 8439
4122 4201 8323
4258 4292 8550
4281 4286 8567
4223 4230 8453
4193 4284 8477
4244 4252 8496
4217 4279 8496
4273 4285 8558
4155 4171 8326
4182 4255 8437
4220 4253 8473
4157 4239 8396
4140 4267 8407
4131 4188 8319
4187 4226 8413
4255 4299 8554
4283 4292 8575
4238 4295 8533
4115 4185 8300
4165 4273 8438
4272 4296 8568
4151 4215 8366
4115 4171 8286
4186 4210 8396
4123 4169 8292
4236 4290 8526
4286 4293 8579
4140 4144 8284
4278 4297 8575
4274 4280 8554
4266 4272 8538
4192 4242 8434
4285 4289 8574
4268 4273 8541
4282 4299 8581
4101 4117 8218
4164 4235 8399
4260 4264 8524
4184 4240 8424
4182 4200 8382
4249 4250 8499
4296 4298 8594
4150 4225 8375
4156 4215 8371
4171 4179 8350
4271 4274 8545
4102 4189 8291
4292 4298 8590
4218 4238 8456
4260 4295 8555
4127 4228 8355
4293 4299 8592
4128 4179 8307
4155 4255 8410
4242 4265 8507
4126 4283 8409
4183 4187 8370
4130 4178 8308
4230 4260 8490
4205 4247 8452
4133 4213 8346
4217 4231 8448
4112 4142 8254
4291 4299 8590
4141 4300 8441
4141 4226 8367
4278 4280 8558
4238 4257 8495
4263 4290 8553
4129 4190 8319
4294 4298 8592
4231 4254 8485
4242 4263 8505
4295 4300 8595
4137 4270 8407
4174 4199 8373
4279 4294 8573
4222 4271 8493
4269 4300 8569
4290 4298 8588
4169 4218 8387
4261 4278 8539
4267 4279 8546
4238 4258 8496
4164 4186 8350
4159 4209 8368
4269 4296 8565
4168 4297 8465
4187 4204 8391
4271 4278 8549
4227 4229 8456
4172 4191 8363
4213 4263 8476
4183 4268 8451
4255 4267 8522
4106 4297 8403
4129 4201 8330
4235 4281 8516
4215 4217 8432
4235 4248 8483
4105 4271 8376
4275 4292 8567
4123 4259 8382
4138 4173 8311
4285 4297 8582
4170 4273 8443
4159 4208 8367
4136 4234 8370
4281 4291 8572
4112 4125 8237
4282 4283 8565
4264 4276 8540
4209 4218 8427
4207 4215 8422
4287 4289 8576
4189 4212 8401
4235 4262 8497
4269 4297 8566
4115 4257 8372
4234 4235 8469
4197 4221 8418
4205 4291 8496
4143 4173 8316
4105 4221 8326
4223 4281 8504
4259 4266 8525
4280 4294 8574
4205 4235 8440
4219 4300 8519
4224 4262 8486
4213 4246 8459
4108 4269 8377
4251 4288 8539
4219 4253 8472
4231 4237 8468
4255 4272 8527
4292 4298 8590
4224 4273 8497
4199 4296 8495

4186 4188 8345
4011 4057 8061
4151 4158 8283
4153 4179 8307
4136 4183 8307
4171 4188 8338
4142 4162 8272
4036 4067 8092
4071 4160 8225
4152 4153 8286
4141 4185 8324
4152 4175 8307
4181 4198 8340
4178 4182 8327
4133 4176 8285
4066 4070 8115
4116 4189 8288
4121 4146 8259
4196 4200 8363
4199 4200 8374
4061 4080 8103
4135 4172 8291
4112 4197 8298
4132 4174 8269
4154 4160 8279
4160 4196 8333
4146 4187 8315
4154 4189 8331
4194 4196 8359
4152 4171 8291
4086 4122 8200
4031 4104 8100
4146 4159 8291
4021 4081 8093
4008 4183 8177
4003 4105 8093
4002 4025 7994
4142 4156 8260
4016 4030 8009
4127 4158 8246
4007 4045 8048
4115 4180 8270
4170 4193 8335
4132 4133 8233
4016 4030 8018
4046 4191 8235
4143 4169 8301
4042 4044 8076
4107 4180 8281
4146 4151 8258
4032 4171 8187
4007 4054 8041
4016 4198 8196
4074 4089 8157
4013 4114 8100
4050 4091 8123
4071 4200 8257
4124 4137 8244
4185 4200 8383
4072 4094 8141
4198 4200 8397
4024 4187 8196
4129 4191 8315
4173 4178 8318
4085 4097 8149
4058 4200 8236
4037 4052 8086
4015 4022 8011
4174 4179 8320
4111 4192 8274
4142 4145 8281
4143 4197 8307
4119 4186 8304
4087 4178 8260
4120 4138 8221
4128 4153 8270
4059 4171 8226
4079 4183 8224
4082 4199 8250
4101 4177 8242
4120 4185 8279
4170 4196 8340
4181 4194 8346
4037 4070 8098
4138 4186 8287
4087 4105 8155
4089 4090 8148
4130 4183 8283
4000 4149 8119
4110 4197 8270
4134 4159 8281
4145 4160 8267
4165 4184 8314
4150 4159 8305
4194 4200 8357
4083 4160 8230
4115 4151 8258
4130 4168 8293
4054 4107 8142
4157 4169 8322
4067 4068 8117
4014 4157 8135
4102 4191 8266
4164 4188 8325
4144 4145 8281
4132 4172 8286
4049 4070 8108
4013 4101 8086
4093 4094 8157
4018 4032 8045
4014 4042 8036
4187 4195 8378
4068 4173 8236
4016 4093 8073
4113 4136 8233
4009 4098 8097
4017 4085 8075
4134 4162 8285
4020 4194 8181
4083 4131 8178
4030 4151 8179
4076 4110 8149
4057 4178 8221
4119 4189 8298
4073 4140 8176
4117 4197 8279
4087 4090 8141
4144 4151 8287
4147 4167 8280
4077 4094 8148
4019 4111 8117
4038 4158 8187
4114 4159 8258
4138 4169 8271
4146 4175 8296
4095 4182 8244
4057 4171 8191
4105 4198 8298
4156 4177 8328
4034 4193 8201
4151 4157 8272
4026 4113 8104
4092 4130 8210
4197 4198 8359
4126 4150 8243
4037 4080 8094
4109 4180 8284
4148 4192 8306
4125 4137 8224
4190 4196 8375
4015 4046 8049
4037 4188 8192
4017 4149 8153
4110 4157 8241
4122 4155 8255
4137 4145 8264
4007 4054 8029
4124 4130 8236
4010 4132 8108
4029 4044 8057
4189 4195 8382
4099 4104 8197
4165 4183 8311
4065 4144 8186
4162 4169 8322
4013 4131 8141
4137 4157 8268
4159 4173 8315
4163 4177 8337
4063 4120 8158
4146 4161 8281
4135 4174 8301
4112 4139 8235
4006 4060 8064
4162 4182 8322
4178 4192 8338
4103 4175 8269
4114 4118 8202
4153 4192 8324
4013 4175 8180
4119 4123 8227
4040 4045 8066
4000 4015 7989
4176 4183 8357
4016 4092 8089
4166 4200 8357
4169 4194 8334
4016 4141 8155
4041 4142 8172
4042 4117 8142
4018 4170 8187
4096 4122 8190
4018 4093 8074
4124 4168 8254
4130 4168 8284
4150 4162 8299
4044 4125 8163
4045 4100 8116
4003 4124 8120
4164 4177 8325
4166 4180 8310
4150 4158 8303
4129 4162 8253
4069 4128 8175
4041 4066 8079
4069 4187 8231
4025 4138 8147
4066 4182 8232
4142 4189 8301
4189 4190 8377
4142 4195 8302
4037 4145 8164
4039 4082 8105
4148 4190 8309
4064 4137 8177
4037 4176 8201
4180 4196 8357
4186 4196 8374
4151 4158 8296
4106 4170 8247
4199 4200 8375
4096 4196 8278
4191 4196 8380
4091 4099 8186
4042 4195 8216
4039 4135 8155
4164 4197 8330
4141 4179 8290
4104 4158 8227
4019 4077 8063
4192 4197 8369
4007 4026 8001
4169 4188 8333
4110 4193 8265
4162 4183 8337
4187 4191 8372
4050 4131 8177
4176 4188 8347
4042 4136 8177
4182 4189 8343
4116 4126 8229
4030 4053 8053
4074 4131 8176
4051 4055 8093
4036 4108 8122
4186 4194 8348
4152 4191 8306
4140 4161 8286
4028 4079 8081
4076 4136 8198
4122 4199 8308
4065 4068 8124
4081 4147 8221
4014 4069 8058
4169 4174 8304
4046 4197 8210
4132 4186 8314
4029 4075 8076
4153 4177 8322
4159 4180 8338
4037 4075 8093
4166 4175 8314
4144 4193 8304
4071 4081 8144
4141 4150 8254
4079 4094 8140
4069 4130 8182
4081 4126 8184
4066 4072 8116
4031 4033 8039
4195 4199 8375
4069 4121 8159
4065 4119 8147
4071 4187 8220
4191 4194 8357
4127 4182 8288
4047 4105 8150
4042 4147 8154
4166 4171 8315
4195 4197 8357
4145 4159 8291
4138 4171 8298
4115 4173 8269
4117 4137 8227
4173 4200 8341
4108 4139 8226
4080 4109 8169
4143 4168 8288
4129 4182 8308
4174 4175 8318
4059 4089 8141
4092 4173 8251
4187 4195 8374
4128 4198 8320
4091 4129 8207
4156 4198 8338
4081 4187 8246
4056 4155 8180
4187 4190 8355
4112 4134 8211
4034 4177 8173
4050 4164 8187
4158 4181 8313
4119 4175 8280
4092 4170 8227
4070 4196 8242
4043 4178 8211
4169 4181 8338
4023 4135 8142
4147 4181 8300
4164 4166 8320
4132 4147 8267
4083 4200 8255
4101 4177 8258
4066 4080 8109
4188 4192 8342
4078 4106 8179
4098 4102 8199
4076 4104 8152
4056 4080 8104
4136 4169 8268
4082 4179 8258
4152 4166 8279
4162 4173 8319
4179 4196 8342
4191 4194 8355
4185 4190 8341
4086 4164 8222
4157 4198 8329
4066 4144 8181
4090 4200 8278
4038 4073 8089
4145 4160 8295
4192 4196 8366
4129 4186 8310
4149 4160 8296
4102 4113 8183
4117 4181 8272
4152 4164 8288
4122 4157 8269
4133 4159 8256
4174 4192 8339
4096 4183 8262
4030 4198 8201
4089 4176 8264
4188 4191 8373
4056 4094 8137
4144 4185 8304
4146 4181 8296
4151 4174 8287
4101 4183 8274
4008 4041 8011
4122 4134 8217
4185 4197 8344
4074 4156 8213
4099 4183 8274
4125 4165 8278
4020 4103 8118
4138 4169 8281
4102 4120 8207
4003 4190 8187
4133 4166 8277
4027 4122 8115
4198 4199 8387
4008 4129 8100
4131 4173 8270
4198 4199 8363
4158 4184 8311
4198 4200 8369
4058 4177 8230
4149 4198 8317
4097 4157 8252
4025 4181 8170
4148 4152 8296
4004 4044 8017
4026 4085 8084
4179 4190 8361
4153 4173 8308
4035 4181 8211
4121 4136 8252
4042 4138 8166
4077 4130 8182
4155 4164 8293
4144 4180 8322
4159 4172 8310
4114 4132 8223
4144 4150 8264
4198 4200 8364
4144 4162 8285
4159 4169 8313
4054 4086 8104
4131 4133 8225
4049 4066 8111
4105 4127 8195
4055 4081 8116
4189 4197 8376
4014 4176 8167
4081 4162 8236
4076 4170 8239
4034 4138 8146
4181 4191 8364
4037 4060 8080
4170 4200 8347
4078 4163 8206
4098 4161 8234
4130 4191 8290
4151 4185 8323
4174 4182 8319
4034 4102 8101
4074 4135 8197
4133 4174 8285
4053 4090 8140
4149 4165 8310
4098 4155 8247
4062 4169 8203
4127 4190 8313
4046 4071 8088
4062 4105 8132
4018 4194 8199
4164 4187 8349
4013 4170 8179
4128 4179 8298
4093 4155 8237
4190 4196 8383
4023 4044 8044
4126 4187 8282
4036 4109 8141
4021 4043 8027
4068 4083 8141
4171 4186 8348
4098 4139 8220
4018 4051 8032
4018 4179 8184
4064 4068 8128
4126 4175 8262
4018 4148 8128
4032 4081 8108
4099 4102 8195
4025 4197 8186
4116 4119 8224
4134 4146 8254
4128 4140 8260
4149 4186 8309
4182 4186 8348
4195 4198 8379
4015 4153 8155
4007 4180 8186
4141 4181 8301
4016 4193 8184
4013 4119 8127
4127 4140 8256
4163 4192 8354
4019 4095 8108
4159 4198 8338
4104 4158 8232
4046 4079 8089
4190 4197 8368
4035 4062 8072
4044 4053 8060
4133 4161 8285
4026 4056 8073
4041 4173 8190
4194 4199 8391
4100 4130 8205
4078 4166 8217
4002 4154 8118
4171 4194 8348
4036 4093 8114
4093 4136 8202
4142 4195 8331
4137 4178 8308
4180 4194 8358
4022 4123 8112
4083 4197 8275
4090 4195 8263
4188 4198 8372
4062 4138 8199
4139 4158 8275
4124 4145 8261
4155 4170 8303
4004 4120 8087
4151 4158 8293
4145 4197 8315
4037 4185 8195
4067 4193 8237
4195 4197 8385
4093 4146 8211
4051 4085 8111
4110 4132 8234
4034 4047 8080
4022 4174 8188
4005 4139 8126
4023 4165 8163
4074 4115 8180
4147 4194 8317
4067 4101 8154
4056 4171 8191
4146 4176 8319
4064 4173 8229
4092 4174 8260
4022 4078 8092
4026 4149 8150
4193 4197 8384
4045 4075 8099
4179 4185 8348
4171 4179 8336
4174 4195 8338
4045 4134 8171
4044 4176 8202
4096 4159 8237
4046 4061 8071
4159 4182 8320
4138 4150 8277
4148 4166 8295
4151 4188 8329
4098 4123 8216
4109 4152 8224
4093 4151 8213
4061 4139 8165
4181 4190 8352
4078 4199 8259
4049 4173 8213
4122 4186 8271
4118 4136 8222
4115 4196 8286
4000 4054 8031
4133 4167 8275
4012 4151 8131
4153 4189 8329
4153 4200 8333
4069 4128 8165
4114 4132 8244
4150 4198 8333
4128 4194 8299
4152 4164 8283
4111 4180 8257
4013 4130 8106
4183 4184 8364
4088 4187 8245
4075 4160 8229
4085 4198 8265
4116 4147 8237
4126 4128 8253
4131 4163 8270
4052 4123 8143
4044 4169 8178
4065 4179 8228
4057 4102 8158
4048 4153 8174
4085 4104 8157
4129 4131 8259
4197 4198 8374
4118 4177 8275
4105 4157 8246
4071 4151 8194
4191 4199 8357
4136 4167 8291
4193 4194 8348
4016 4130 8139
4057 4113 8154
4097 4121 8213
4143 4145 8250
4131 4172 8281
4135 4141 8248
4018 4101 8099
4104 4168 8262
4030 4036 8058
4034 4076 8107
4099 4122 8193
4177 4200 8353
4128 4151 8244
4061 4095 8149
4146 4156 8266
4016 4144 8153
4075 4082 8137
4167 4191 8338
4072 4191 8240
4070 4114 8179
4048 4148 8168
4130 4189 8295
4100 4198 8286
4051 4057 8090
4144 4172 8309
4178 4182 8337
4192 4195 8382
4154 4170 8290
4135 4164 8270
4145 4168 8291
4003 4101 8079
4070 4113 8159
4020 4045 8056
4009 4022 7993
4183 4184 8363
4060 4170 8202
4192 4193 8346
4123 4173 8276
4021 4072 8074
4122 4194 8282
4003 4166 8168
4087 4108 8163
4045 4091 8131
4199 4200 8363
4166 4173 8321
4028 4099 8115
4035 4115 8134
4052 4098 8137
4060 4111 8155
4082 4181 8227
4062 4086 8120
4051 4130 8159
4034 4053 8076
4037 4130 8157
4035 4191 8203
4047 4185 8198
4073 4179 8232
4156 4193 8315
4186 4193 8357
4075 4173 8228
4089 4139 8191
4170 4177 8319
4183 4193 8375
4063 4197 8254
4025 4185 8184
4092 4174 8261
4140 4154 8269
4111 4132 8228
4045 4199 8228
4180 4192 8364
4165 4177 8308
4093 4157 8232
4072 4105 8144
4029 4171 8181
4092 4121 8175
4194 4198 8370
4146 4184 8312
4167 4169 8298
4175 4186 8329
4192 4196 8387
4075 4109 8177
4012 4013 8007
4183 4190 8348
4179 4199 8348
4000 4146 8136
4035 4047 8068
4066 4102 8153
4040 4145 8147
4014 4058 8059
4188 4191 8365
4092 4109 8167
4142 4163 8285
4013 4174 8171
4196 4200 8357
4026 4042 8035
4011 4086 8092
4136 4182 8305
4155 4197 8351
4095 4096 8168
4065 4081 8110
4050 4057 8092
4148 4186 8299
4106 4181 8274
4075 4090 8162
4155 4170 8315
4108 4135 8242
4144 4189 8305
4066 4180 8240
4052 4086 8130
4142 4194 8329
4174 4195 8360
4020 4195 8178
4103 4135 8230
4077 4153 8223
4059 4092 8134
4134 4177 8294
4026 4076 8072
4115 4142 8227
4060 4195 8235
4176 4200 8342
4150 4176 8322
4177 4198 8344
4199 4200 8390
4025 4113 8102
4131 4180 8291
4151 4179 8319
4060 4192 8222
4004 4129 8104
4079 4086 8132
4093 4188 8269
4073 4079 8117
4123 4128 8238
4112 4196 8296
4170 4179 8316
4085 4097 8145
4002 4120 8085
4133 4167 8283
4021 4067 8074
4008 4044 8045
4182 4193 8357
4044 4133 8175
4017 4097 8106
4154 4189 8321
4191 4194 8370
4015 4058 8065
4190 4192 8351
4017 4107 8101
4195 4198 8372
4073 4102 8149
4173 4199 8366
4094 4194 8281
4013 4079 8075
4088 4135 8187
4051 4087 8120
4026 4115 8120
4021 4105 8088
4172 4195 8351
4169 4180 8340
4134 4175 8307
4136 4190 8306
4175 4195 8350
4058 4141 8178
4097 4180 8268
4171 4200 8368
4005 4175 8172
4094 4191 8276
4190 4193 8371
4187 4189 8366
4046 4143 8173
4022 4156 8166
4085 4086 8136
4104 4135 8233
4122 4148 8250
4161 4187 8323
4152 4186 8336
4010 4178 8167
4077 4100 8151
4110 4127 8229
4113 4133 8240
4036 4198 8203
4067 4099 8165
4073 4198 8236
4035 4063 8070
4152 4195 8335
4030 4051 8065
4154 4155 8308
4094 4126 8205
4090 4105 8159
4070 4104 8159
4156 4181 8298
4176 4180 8352
4152 4171 8292
4033 4183 8179
4091 4177 8230
4128 4175 8290
4033 4198 8204
4050 4167 8183
4137 4139 8250
4124 4168 8270
4190 4200 8363
4087 4123 8185
4018 4174 8178
4046 4193 8227
4022 4101 8118
4158 4192 8323
4181 4186 8355
4123 4130 8247
4093 4184 8260
4144 4152 8263
4117 4179 8287
4173 4185 8338
4055 4071 8097
4082 4155 8218
4120 4153 8244
4057 4139 8193
4040 4167 8169
4031 4088 8105
4087 4126 8187
4155 4199 8344
4183 4192 8369
4138 4195 8297
4015 4085 8094
4065 4173 8200
4172 4196 8362
4051 4115 8140
4015 4071 8063
4086 4110 8189
4023 4069 8076
4136 4190 8315
4186 4193 8344
4040 4044 8078
4178 4197 8368
4174 4180 8350
4166 4172 8315
4092 4142 8226
4185 4189 8363
4168 4173 8314
4182 4199 8371
4001 4017 8014
4064 4135 8165
4160 4164 8314
4084 4140 8197
4082 4100 8161
4149 4150 8297
4196 4198 8376
4050 4125 8151
4056 4115 8157
4071 4079 8140
4171 4174 8340
4002 4089 8060
4192 4198 8370
4118 4138 8251
4160 4195 8352
4027 4128 8132
4193 4199 8353
4028 4079 8073
4055 4155 8181
4142 4165 8289
4026 4183 8206
4083 4087 8137
4030 4078 8080
4130 4160 8287
4105 4147 8220
4033 4113 8133
4117 4131 8238
4012 4042 8016
4191 4199 8386
4041 4200 8209
4041 4126 8147
4178 4180 8348
4138 4157 8293
4163 4190 8346
4029 4090 8104
4194 4198 8370
4131 4154 8273
4142 4163 8270
4195 4200 8358
4037 4170 8178
4074 4099 8162
4179 4194 8369
4122 4171 8287
4169 4200 8361
4190 4198 8372
4069 4118 8150
4161 4178 8301
4167 4179 8326
4138 4158 8258
4064 4086 8121
4059 4109 8153
4169 4196 8364
4068 4197 8257
4087 4104 8163
4171 4178 8319
4127 4129 8244
4072 4091 8141
4113 4163 8258
4083 4168 8224
4155 4167 8320
4006 4197 8173
4029 4101 8119
4135 4181 8290
4115 4117 8218
4135 4148 8251
4005 4171 8153
4175 4192 8344
4023 4159 8177
4038 4073 8082
4185 4197 8364
4070 4173 8226
4059 4108 8147
4036 4134 8154
4181 4191 8337
4012 4025 8031
4182 4183 8352
4164 4176 8307
4109 4118 8196
4107 4115 8195
4187 4189 8339
4089 4112 8191
4135 4162 8260
4169 4197 8332
4015 4157 8145
4134 4135 8238
4097 4121 8196
4105 4191 8262
4043 4073 8078
4005 4121 8089
4123 4181 8281
4159 4166 8311
4180 4194 8354
4105 4135 8219
4119 4200 8294
4124 4162 8257
4113 4146 8239
4008 4169 8142
4151 4188 8331
4119 4153 8256
4131 4137 8248
4155 4172 8319
4192 4198 8389
4124 4173 8272
4099 4196 8266

0.010000 0.710000
