900
2963306
4279 4284 8563
4223 4299 8522
4290 4291 8581
4172 4235 8407
4182 4262 8444
4271 4286 8557
4132 4296 8428
4297 4298 8595
4225 4295 8520
4292 4294 8586
4163 4175 8338
4276 4294 8570
4242 4244 8486
4194 4296 8490
4108 4178 8286
4235 4261 8496
4296 4297 8593
4123 4206 8329
4245 4256 8501
4190 4194 8384
4105 4129 8234
4208 4286 8494
4228 4283 8511
4125 4187 8312
4193 4279 8472
4178 4234 8412
4298 4299 8597
4289 4292 8581
4179 4211 8390
4119 4265 8384
4147 4194 8341
4173 4215 8388
4126 4264 8390
4135 4227 8362
4184 4215 8399
4270 4283 8553
4106 4247 8353
4257 4276 8533
4215 4283 8498
4207 4251 8458
4283 4300 8583
4217 4264 8481
4216 4251 8467
4265 4276 8541
4245 4285 8530
4101 4194 8295
4252 4257 8509
4275 4279 8554
4168 4292 8460
4231 4282 8513
4146 4168 8314
4181 4231 8412
4294 4296 8590
4173 4278 8451
4274 4280 8554
4107 4228 8335
4268 4287 8555
4254 4257 8511
4126 4226 8352
4103 4174 8277
4198 4219 8417
4111 4168 8279
4221 4256 8477
4271 4297 8568
4278 4298 8576
4230 4284 8514
4162 4269 8431
4153 4255 8408
4197 4256 8453
4125 4196 8321
4101 4287 8388
4299 4300 8599
4155 4175 8330
4251 4266 8517
4241 4247 8488
4254 4255 8509
4189 4232 8421
4135 4265 8400
4182 4297 8479
4293 4296 8589
4277 4280 8557
4214 4265 8479
4160 4185 8345
4186 4253 8439
4102 4285 8387
4110 4218 8328
4200 4284 8484
4186 4200 8386
4248 4289 8537
4187 4246 8433
4225 4273 8498
4137 4252 8389
4121 4191 8312
4137 4193 8330
4230 4283 8513
4232 4253 8485
4285 4296 8581
4291 4300 8591
4298 4299 8597
4181 4292 8473
4184 4198 8382
4147 4269 8416
4161 4254 8415
4259 4290 8549
4217 4299 8516
4265 4288 8553
4157 4216 8373
4227 4281 8508
4130 4274 8404
4208 4261 8469
4292 4296 8588
4122 4230 8352
4293 4296 8589
4239 4248 8487
4136 4276 8412
4253 4266 8519
4153 4273 8426
4221 4253 8474
4159 4180 8339
4113 4297 8410
4142 4234 8376
4248 4294 8542
4172 4293 8465
4279 4290 8569
4213 4227 8440
4255 4284 8539
4166 4254 8420
4135 4178 8313
4205 4206 8411
4270 4290 8560
4176 4260 8436
4124 4210 8334
4217 4276 8493
4281 4283 8564
4129 4213 8342
4272 4277 8549
4181 4199 8380
4268 4277 8545
4133 4243 8376
4176 4247 8423
4212 4234 8446
4257 4274 8531
4131 4136 8267
4226 4293 8519
4130 4146 8276
4210 4234 8444
4266 4269 8535
4174 4285 8459
4127 4274 8401
4121 4135 8256
4134 4199 8333
4106 4238 8344
4270 4273 8543
4150 4281 8431
4295 4299 8594
4193 4238 8431
4267 4294 8561
4145 4221 8366
4148 4275 8423
4126 4152 8278
4268 4292 8560
4159 4269 8428
4132 4209 8341
4228 4230 8458
4274 4293 8567
4105 4263 8368
4205 4253 8458
4186 4245 8431
4136 4278 8414
4202 4280 8482
4121 4272 8393
4173 4189 8362
4171 4299 8470
4201 4283 8484
4126 4155 8281
4261 4274 8535
4138 4141 8279
4104 4234 8338
4125 4279 8404
4284 4287 8571
4296 4298 8594
4251 4260 8511
4109 4138 8247
4107 4122 8229
4225 4269 8494
4236 4259 8495
4137 4207 8344
4191 4241 8432
4162 4191 8353
4269 4277 8546
4264 4285 8549
4275 4288 8563
4252 4257 8509
4183 4208 8391
4148 4278 8426
4287 4294 8581
4217 4274 8491
4186 4278 8464
4190 4297 8487
4240 4243 8483
4144 4252 8396
4117 4140 8257
4120 4162 8282
4265 4286 8551
4135 4268 8403
4216 4274 8490
4227 4290 8517
4179 4250 8429
4247 4255 8502
4264 4284 8548
4105 4219 8324
4264 4268 8532
4220 4261 8481
4170 4282 8452
4134 4284 8418
4221 4234 8455
4269 4275 8544
4258 4300 8558
4155 4170 8325
4192 4241 8433
4137 4218 8355
4213 4223 8436
4236 4243 8479
4247 4273 8520
4132 4269 8401
4237 4260 8497
4227 4252 8479
4203 4212 8415
4208 4248 8456
4109 4292 8401
4148 4270 8418
4236 4270 8506
4175 4194 8369
4165 4291 8456
4146 4297 8443
4150 4295 8445
4152 4211 8363
4295 4296 8591
4186 4267 8453
4227 4274 8501
4120 4166 8286
4170 4181 8351
4216 4295 8511
4210 4230 8440
4220 4251 8471
4286 4291 8577
4255 4273 8528
4280 4284 8564
4244 4275 8519
4200 4224 8424
4189 4297 8486
4165 4234 8399
4290 4293 8583
4112 4240 8352
4277 4285 8562
4202 4288 8490
4131 4177 8308
4289 4298 8587
4215 4228 8443
4193 4248 8441
4126 4220 8346
4176 4218 8394
4142 4205 8347
4172 4194 8366
4203 4286 8489
4264 4269 8533
4201 4273 8474
4130 4267 8397
4166 4236 8402
4253 4275 8528
4188 4196 8384
4278 4295 8573
4101 4294 8395
4206 4246 8452
4112 4139 8251
4290 4300 8590
4238 4296 8534
4167 4244 8411
4120 4264 8384
4212 4223 8435
4196 4269 8465
4119 4205 8324
4230 4267 8497
4254 4290 8544
4172 4289 8461
4159 4189 8348
4110 4157 8267
4131 4209 8340
4211 4245 8456
4140 4259 8399
4208 4272 8480
4248 4265 8513
4243 4254 8497
4181 4190 8371
4237 4239 8476
4137 4189 8326
4150 4164 8314
4240 4262 8502
4226 4275 8501
4190 4298 8488
4241 4274 8515
4122 4222 8344
4185 4235 8420
4236 4242 8478
4270 4282 8552
4229 4295 8524
4297 4299 8596
4119 4233 8352
4107 4287 8394
4230 4261 8491
4274 4298 8572
4240 4243 8483
4215 4216 8431
4206 4255 8461
4214 4243 8457
4115 4225 8340
4126 4226 8352
4297 4300 8597
4148 4294 8442
4284 4286 8570
4139 4193 8332
4229 4267 8496
4224 4230 8454
4242 4272 8514
4286 4291 8577
4268 4282 8550
4160 4228 8388
4187 4195 8382
4103 4201 8304
4252 4291 8543
4256 4276 8532
4225 4259 8484
4266 4278 8544
4190 4196 8386
4192 4232 8424
4133 4232 8365
4283 4297 8580
4126 4179 8305
4228 4238 8466
4195 4198 8393
4220 4293 8513
4146 4214 8360
4197 4300 8497
4213 4225 8438
4260 4294 8554
4190 4288 8478
4198 4231 8429
4116 4285 8401
4122 4292 8414
4254 4260 8514
4274 4293 8567
4171 4238 8409
4259 4293 8552
4196 4254 8450
4252 4292 8544
4189 4290 8479
4209 4248 8457
4100 4157 8257
4240 4280 8520
4170 4219 8389
4229 4237 8466
4197 4238 8435
4200 4233 8433
4109 4299 8408
4287 4293 8580
4130 4152 8282
4122 4140 8262
4193 4237 8430
4236 4289 8525
4257 4286 8543
4240 4296 8536
4220 4288 8508
4223 4249 8472
4171 4243 8414
4296 4300 8596
4212 4239 8451
4266 4273 8539
4269 4279 8548
4182 4231 8413
4168 4169 8337
4183 4265 8448
4214 4290 8504
4102 4129 8231
4265 4287 8552
4187 4268 8455
4290 4295 8585
4143 4209 8352
4186 4187 8373
4291 4296 8587
4261 4290 8551
4268 4298 8566
4125 4212 8337
4234 4238 8472
4210 4294 8504
4253 4282 8535
4192 4291 8483
4274 4275 8549
4101 4154 8255
4158 4283 8441
4271 4274 8545
4201 4239 8440
4255 4270 8525
4286 4297 8583
4211 4285 8496
4221 4283 8504
4250 4289 8539
4283 4288 8571
4243 4260 8503
4179 4197 8376
4214 4262 8476
4253 4285 8538
4296 4298 8594
4293 4297 8590
4114 4216 8330
4113 4270 8383
4270 4292 8562
4179 4278 8457
4221 4280 8501
4118 4272 8390
4169 4291 8460
4196 4252 8448
4255 4264 8519
4205 4222 8427
4294 4295 8589
4165 4267 8432
4259 4280 8539
4125 4212 8337
4171 4265 8436
4289 4298 8587
4184 4202 8386
4277 4287 8564
4249 4295 8544
4186 4283 8469
4183 4188 8371
4134 4196 8330
4232 4299 8531
4247 4298 8545
4214 4219 8433
4200 4279 8479
4138 4284 8422
4246 4267 8513
4158 4188 8346
4212 4218 8430
4236 4283 8519
4124 4144 8268
4209 4226 8435
4218 4259 8477
4146 4178 8324
4235 4265 8500
4112 4191 8303
4156 4292 8448
4258 4259 8517
4252 4295 8547
4107 4136 8243
4275 4287 8562
4107 4190 8297
4174 4213 8387
4217 4220 8437
4272 4292 8564
4222 4242 8464
4150 4253 8403
4209 4270 8479
4126 4199 8325
4237 4286 8523
4143 4211 8354
4146 4182 8328
4167 4180 8347
4219 4233 8452
4284 4291 8575
4111 4255 8366
4285 4297 8582
4163 4208 8371
4227 4228 8455
4247 4290 8537
4242 4253 8495
4132 4257 8389
4141 4221 8362
4243 4268 8511
4193 4277 8470
4252 4264 8516
4292 4297 8589
4280 4295 8575
4215 4244 8459
4181 4250 8431
4140 4285 8425
4224 4287 8511
4133 4272 8405
4157 4249 8406
4157 4226 8383
4227 4232 8459
4271 4284 8555
4161 4296 8457
4200 4228 8428
4298 4299 8597
4114 4130 8244
4172 4181 8353
4200 4209 8409
4182 4278 8460
4250 4285 8535
4259 4296 8555
4211 4224 8435
4278 4300 8578
4178 4203 8381
4108 4187 8295
4186 4288 8474
4288 4294 8582
4240 4281 8521
4112 4243 8355
4262 4297 8559
4145 4176 8321
4120 4230 8350
4174 4178 8352
4196 4292 8488
4151 4252 8403
4199 4222 8421
4177 4202 8379
4130 4208 8338
4270 4289 8559
4203 4269 8472
4100 4295 8395
4282 4300 8582
4233 4296 8529
4146 4162 8308
4188 4255 8443
4102 4193 8295
4155 4259 8414
4185 4257 8442
4222 4229 8451
4253 4278 8531
4133 4183 8316
4198 4205 8403
4113 4146 8259
4262 4285 8547
4106 4176 8282
4120 4173 8293
4126 4230 8356
4227 4282 8509
4129 4284 8413
4189 4278 8467
4143 4164 8307
4200 4208 8408
4194 4197 8391
4236 4299 8535
4190 4287 8477
4132 4222 8354
4284 4295 8579
4165 4286 8451
4231 4258 8489
4255 4273 8528
4230 4280 8510
4207 4249 8456
4119 4186 8305
4157 4296 8453
4219 4239 8458
4200 4286 8486
4110 4199 8309
4250 4289 8539
4138 4255 8393
4114 4282 8396
4114 4209 8323
4279 4280 8559
4246 4254 8500
4108 4217 8325
4157 4162 8319
4164 4277 8441
4203 4211 8414
4246 4299 8545
4265 4268 8533
4230 4258 8488
4154 4253 8407
4218 4268 8486
4243 4298 8541
4291 4294 8585
4263 4292 8555
4152 4156 8308
4245 4284 8529
4197 4210 8407
4111 4126 8237
4153 4173 8326
4175 4204 8379
4268 4272 8540
4270 4283 8553
4230 4245 8475
4128 4142 8270
4166 4240 8406
4138 4205 8343
4290 4295 8585
4280 4296 8576
4155 4160 8315
4161 4215 8376
4142 4275 8417
4137 4164 8301
4188 4199 8387
4202 4285 8487
4259 4292 8551
4175 4231 8406
4165 4170 8335
4266 4291 8557
4293 4298 8591
4133 4208 8341
4116 4146 8262
4252 4276 8528
4175 4202 8377
4266 4300 8566
4128 4159 8287
4270 4287 8557
4274 4294 8568
4107 4147 8254
4189 4238 8427
4265 4283 8548
4282 4286 8568
4249 4277 8526
4247 4252 8499
4249 4287 8536
4259 4281 8540
4229 4279 8508
4134 4176 8310
4277 4285 8562
4184 4220 8404
4298 4299 8597
4257 4294 8551
4120 4223 8343
4108 4216 8324
4244 4260 8504
4238 4264 8502
4120 4199 8319
4180 4271 8451
4199 4205 8404
4137 4223 8360
4110 4289 8399
4165 4195 8360
4234 4256 8490
4211 4251 8462
4111 4216 8327
4251 4288 8539
4253 4272 8525
4125 4170 8295
4225 4270 8495
4242 4282 8524
4207 4235 8442
4150 4289 8439
4249 4287 8536
4121 4177 8298
4205 4278 8483
4225 4269 8494
4172 4216 8388
4212 4296 8508
4159 4230 8389
4155 4184 8339
4260 4291 8551
4168 4269 8437
4140 4235 8375
4284 4296 8580
4133 4151 8284
4285 4290 8575
4145 4174 8319
4187 4230 8417
4120 4243 8363
4215 4263 8478
4269 4281 8550
4112 4212 8324
4271 4283 8554
4293 4296 8589
4199 4209 8408
4116 4127 8243
4257 4282 8539
4191 4285 8476
4219 4260 8479
4260 4290 8550
4255 4279 8534
4193 4252 8445
4275 4287 8562
4262 4292 8554
4104 4298 8402
4221 4276 8497
4274 4292 8566
4299 4300 8599
4105 4233 8338
4105 4146 8251
4214 4248 8462
4102 4209 8311
4184 4277 8461
4245 4257 8502
4126 4262 8388
4156 4220 8376
4106 4228 8334
4176 4278 8454
4280 4284 8564
4141 4281 8422
4195 4217 8412
4155 4299 8454
4272 4291 8563
4210 4211 8421
4269 4282 8551
4246 4252 8498
4222 4288 8510
4208 4281 8489
4188 4194 8382
4122 4167 8289
4190 4260 8450
4227 4282 8509
4241 4247 8488
4199 4251 8450
4261 4276 8537
4183 4225 8408
4204 4269 8473
4119 4221 8340
4233 4263 8496
4116 4190 8306
4295 4296 8591
4123 4240 8363
4250 4291 8541
4256 4282 8538
4112 4262 8374
4229 4231 8460
4223 4273 8496
4281 4287 8568
4231 4252 8483
4286 4300 8586
4219 4280 8499
4243 4289 8532
4272 4288 8560
4177 4270 8447
4273 4281 8554
4111 4235 8346
4281 4297 8578
4255 4300 8555
4157 4182 8339
4101 4122 8223
4103 4177 8280
4285 4292 8577
4172 4292 8464
4284 4289 8573
4118 4183 8301
4195 4264 8459
4182 4192 8374
4208 4229 8437
4263 4265 8528
4295 4297 8592
4234 4244 8478
4115 4151 8266
4111 4146 8257
4146 4274 8420
4186 4259 8445
4167 4251 8418
4244 4287 8531
4257 4294 8551
4209 4226 8435
4195 4290 8485
4114 4258 8372
4150 4250 8400
4225 4228 8453
4140 4272 8412
4215 4285 8500
4104 4242 8346
4280 4297 8577
4215 4265 8480
4202 4229 8431
4185 4270 8455
4221 4270 8491
4285 4288 8573
4171 4257 8428
4135 4300 8435
4215 4281 8496
4142 4295 8437
4206 4272 8478
4150 4215 8365
4118 4292 8410
4208 4258 8466
4297 4299 8596
4148 4279 8427
4277 4298 8575
4130 4221 8351
4271 4298 8569
4221 4296 8517
4103 4191 8294
4229 4249 8478
4253 4269 8522
4240 4289 8529
4138 4269 8407
4155 4209 8364
4189 4199 8388
4201 4272 8473
4121 4225 8346
4226 4278 8504
4192 4233 8425
4177 4221 8398
4117 4204 8321
4218 4248 8466
4113 4155 8268
4100 4274 8374
4157 4175 8332
4190 4267 8457
4262 4285 8547
4281 4285 8566
4213 4231 8444
4105 4141 8246
4114 4219 8333
4263 4298 8561
4236 4255 8491
4161 4177 8338
4224 4258 8482
4158 4163 8321
4138 4146 8284
4248 4283 8531
4154 4226 8380
4197 4208 8405
4241 4299 8540
4176 4199 8375
4146 4197 8343
4242 4260 8502
4178 4186 8364
4175 4218 8393
4207 4282 8489
4143 4154 8297
4196 4260 8456
4132 4264 8396
4140 4272 8412
4115 4258 8373
4247 4289 8536
4169 4262 8431
4181 4292 8473
4127 4260 8387
4239 4267 8506
4154 4264 8418
4155 4163 8318
4211 4226 8437
4238 4267 8505
4132 4274 8406
4264 4282 8546
4103 4270 8373
4242 4263 8505
4186 4216 8402
4134 4240 8374
4191 4192 8383
4272 4290 8562
4181 4299 8480
4285 4291 8576
4249 4272 8521
4272 4284 8556
4250 4289 8539
4131 4199 8330
4113 4240 8353
4275 4281 8556
4128 4232 8360
4169 4251 8420
4271 4282 8553
4162 4220 8382
4298 4300 8598
4266 4281 8547
4191 4228 8419
4216 4286 8502
4274 4285 8559
4126 4254 8380
4130 4263 8393
4265 4293 8558
4224 4234 8458
4159 4270 8429
4260 4284 8544
4108 4252 8360
4209 4251 8460
4275 4276 8551
4102 4240 8342
4294 4295 8589
4243 4279 8522
4250 4292 8542
4156 4300 8456
4145 4165 8310
4265 4297 8562
4146 4218 8364
4290 4300 8590
4292 4299 8591
4266 4292 8558
4257 4267 8524
4211 4260 8471
4284 4291 8575
4279 4294 8573
4233 4292 8525
4186 4253 8439
4194 4245 8439
4268 4271 8539
4146 4291 8437
4293 4295 8588
4110 4235 8345
4199 4240 8439
4124 4236 8360
4134 4300 8434
4100 4109 8209
4247 4283 8530
4292 4300 8592
4116 4249 8365
4253 4257 8510
4143 4262 8405
4176 4262 8438
4155 4196 8351
4249 4263 8512
4196 4285 8481
4237 4294 8531
4215 4252 8467
4235 4298 8533

4179 4184 8330
4123 4199 8317
4190 4191 8367
4072 4135 8179
4082 4162 8237
4171 4186 8327
4032 4196 8196
4197 4198 8371
4125 4195 8302
4192 4194 8380
4063 4075 8110
4176 4194 8363
4142 4144 8249
4094 4196 8253
4008 4078 8048
4135 4161 8290
4196 4197 8372
4023 4106 8125
4145 4156 8284
4090 4094 8179
4005 4029 8022
4108 4186 8273
4128 4183 8297
4025 4087 8082
4093 4179 8269
4078 4134 8175
4198 4199 8374
4189 4192 8364
4079 4111 8173
4019 4165 8151
4047 4094 8124
4073 4115 8154
4026 4164 8175
4035 4127 8158
4084 4115 8168
4170 4183 8320
4006 4147 8148
4157 4176 8317
4115 4183 8263
4107 4151 8234
4183 4200 8354
4117 4164 8261
4116 4151 8234
4165 4176 8340
4145 4185 8295
4001 4094 8089
4152 4157 8281
4175 4179 8349
4068 4192 8243
4131 4182 8283
4046 4068 8104
4081 4131 8185
4194 4196 8361
4073 4178 8229
4174 4180 8340
4007 4128 8124
4168 4187 8326
4154 4157 8307
4026 4126 8151
4003 4074 8060
4098 4119 8212
4011 4068 8075
4121 4156 8267
4171 4197 8341
4178 4198 8338
4130 4184 8306
4062 4169 8215
4053 4155 8188
4097 4156 8227
4025 4096 8120
4001 4187 8159
4199 4200 8384
4055 4075 8127
4151 4166 8295
4141 4147 8271
4154 4155 8272
4089 4132 8199
4035 4165 8189
4082 4197 8272
4193 4196 8363
4177 4180 8354
4114 4165 8253
4060 4085 8110
4086 4153 8232
4002 4185 8152
4010 4118 8111
4100 4184 8262
4086 4100 8175
4148 4189 8302
4087 4146 8206
4125 4173 8268
4037 4152 8178
4021 4091 8096
4037 4093 8117
4130 4183 8285
4132 4153 8250
4185 4196 8358
4191 4200 8362
4198 4199 8394
4081 4192 8251
4084 4098 8151
4047 4169 8191
4061 4154 8196
4159 4190 8333
4117 4199 8304
4165 4188 8352
4057 4116 8142
4127 4181 8279
4030 4174 8175
4108 4161 8254
4192 4196 8381
4022 4130 8132
4193 4196 8354
4139 4148 8278
4036 4176 8198
4153 4166 8304
4053 4173 8220
4121 4153 8271
4059 4080 8108
4013 4197 8205
4042 4134 8167
4148 4194 8334
4072 4193 8252
4179 4190 8345
4113 4127 8202
4155 4184 8326
4066 4154 8201
4035 4078 8083
4105 4106 8184
4170 4190 8349
4076 4160 8216
4024 4110 8111
4117 4176 8275
4181 4183 8330
4029 4113 8125
4172 4177 8330
4081 4099 8168
4168 4177 8341
4033 4143 8157
4076 4147 8206
4112 4134 8234
4157 4174 8297
4031 4036 8051
4126 4193 8303
4030 4046 8047
4110 4134 8236
4166 4169 8308
4074 4185 8227
4027 4174 8194
4021 4035 8035
4034 4099 8120
4006 4138 8126
4170 4173 8330
4050 4181 8199
4195 4199 8365
4093 4138 8223
4167 4194 8338
4045 4121 8158
4048 4175 8212
4026 4052 8062
4168 4192 8344
4059 4169 8195
4032 4109 8130
4128 4130 8241
4174 4193 8359
4005 4163 8153
4105 4153 8253
4086 4145 8195
4036 4178 8190
4102 4180 8263
4021 4172 8182
4073 4089 8160
4071 4199 8257
4101 4183 8262
4026 4055 8059
4161 4174 8321
4038 4041 8045
4004 4134 8110
4025 4179 8192
4184 4187 8364
4196 4198 8382
4151 4160 8297
4009 4038 8012
4007 4022 8021
4125 4169 8274
4136 4159 8290
4037 4107 8142
4091 4141 8227
4062 4091 8136
4169 4177 8314
4164 4185 8340
4175 4188 8352
4152 4157 8281
4083 4108 8182
4048 4178 8198
4187 4194 8380
4117 4174 8270
4086 4178 8238
4090 4197 8281
4140 4143 8263
4044 4152 8177
4017 4040 8032
4020 4062 8065
4165 4186 8350
4035 4168 8188
4116 4174 8271
4127 4190 8297
4079 4150 8216
4147 4155 8265
4164 4184 8318
4005 4119 8095
4164 4168 8314
4120 4161 8253
4070 4182 8250
4034 4184 8193
4121 4134 8225
4169 4175 8332
4158 4200 8324
4055 4070 8118
4092 4141 8197
4037 4118 8137
4113 4123 8202
4136 4143 8273
4147 4173 8313
4032 4169 8165
4137 4160 8279
4127 4152 8240
4103 4112 8202
4108 4148 8238
4009 4192 8193
4048 4170 8200
4136 4170 8272
4075 4094 8157
4065 4191 8234
4046 4197 8223
4050 4195 8219
4052 4111 8157
4195 4196 8389
4086 4167 8217
4127 4174 8275
4020 4066 8051
4070 4081 8141
4116 4195 8305
4110 4130 8223
4120 4151 8239
4186 4191 8359
4155 4173 8309
4180 4184 8341
4144 4175 8306
4100 4124 8189
4089 4197 8273
4065 4134 8181
4190 4193 8375
4012 4140 8126
4177 4185 8340
4102 4188 8285
4031 4077 8083
4189 4198 8381
4115 4128 8235
4093 4148 8208
4026 4120 8112
4076 4118 8187
4042 4105 8113
4072 4094 8155
4103 4186 8285
4164 4169 8305
4101 4173 8251
4030 4167 8173
4066 4136 8200
4153 4175 8290
4088 4096 8165
4178 4195 8362
4001 4194 8158
4106 4146 8223
4012 4039 8042
4190 4200 8352
4138 4196 8298
4067 4144 8207
4020 4164 8156
4112 4123 8222
4096 4169 8246
4019 4105 8122
4130 4167 8280
4154 4190 8325
4072 4189 8228
4059 4089 8110
4010 4057 8043
4031 4109 8102
4111 4145 8221
4040 4159 8196
4108 4172 8253
4148 4165 8296
4143 4154 8277
4081 4090 8133
4137 4139 8267
4037 4089 8124
4050 4064 8087
4140 4162 8268
4126 4175 8264
4090 4198 8256
4141 4174 8294
4022 4122 8124
4085 4135 8210
4136 4142 8254
4170 4182 8339
4129 4195 8309
4197 4199 8385
4019 4133 8116
4007 4187 8160
4130 4161 8287
4174 4198 8346
4140 4143 8282
4115 4116 8204
4106 4155 8238
4114 4143 8224
4015 4125 8124
4026 4126 8145
4197 4200 8359
4048 4194 8213
4184 4186 8350
4039 4093 8129
4129 4167 8270
4124 4130 8219
4142 4172 8295
4186 4191 8370
4168 4182 8329
4060 4128 8166
4087 4095 8172
4003 4101 8098
4152 4191 8327
4156 4176 8326
4125 4159 8275
4166 4178 8338
4090 4096 8182
4092 4132 8218
4033 4132 8145
4183 4197 8349
4026 4079 8071
4128 4138 8233
4095 4098 8187
4120 4193 8290
4046 4114 8134
4097 4200 8270
4113 4125 8228
4160 4194 8327
4090 4188 8261
4098 4131 8194
4016 4185 8192
4022 4192 8196
4154 4160 8292
4174 4193 8347
4071 4138 8199
4159 4193 8351
4096 4154 8233
4152 4192 8312
4089 4190 8243
4109 4148 8244
4000 4057 8054
4140 4180 8308
4070 4119 8155
4129 4137 8242
4097 4138 8227
4100 4133 8211
4009 4199 8173
4187 4193 8341
4030 4052 8045
4022 4040 8052
4093 4137 8194
4136 4189 8309
4157 4186 8315
4140 4196 8313
4120 4188 8294
4123 4149 8264
4071 4143 8211
4196 4200 8388
4112 4139 8231
4166 4173 8329
4169 4179 8317
4082 4131 8184
4068 4069 8125
4083 4165 8245
4114 4190 8299
4002 4029 8008
4165 4187 8324
4087 4168 8222
4190 4195 8382
4043 4109 8132
4086 4087 8153
4191 4196 8385
4161 4190 8347
4168 4198 8332
4025 4112 8128
4134 4138 8256
4110 4194 8293
4153 4182 8301
4092 4191 8251
4174 4175 8321
4001 4054 8031
4058 4183 8207
4171 4174 8330
4101 4139 8233
4155 4170 8322
4186 4197 8345
4111 4185 8295
4121 4183 8279
4150 4189 8311
4183 4188 8350
4143 4160 8265
4079 4097 8171
4114 4162 8249
4153 4185 8321
4196 4198 8382
4193 4197 8362
4014 4116 8093
4013 4170 8152
4170 4192 8325
4079 4178 8220
4121 4180 8298
4018 4172 8169
4069 4191 8239
4096 4152 8216
4155 4164 8313
4105 4122 8221
4194 4195 8359
4065 4167 8198
4159 4180 8323
4025 4112 8101
4071 4165 8208
4189 4198 8378
4084 4102 8163
4177 4187 8336
4149 4195 8333
4086 4183 8252
4083 4088 8138
4034 4096 8110
4132 4199 8302
4147 4198 8306
4114 4119 8201
4100 4179 8250
4038 4184 8203
4146 4167 8307
4058 4088 8117
4112 4118 8225
4136 4183 8290
4024 4044 8045
4109 4126 8233
4118 4159 8251
4046 4078 8113
4135 4165 8282
4012 4091 8079
4056 4192 8217
4158 4159 8300
4152 4195 8319
4007 4036 8019
4175 4187 8358
4007 4090 8071
4074 4113 8165
4117 4120 8203
4172 4192 8332
4122 4142 8239
4050 4153 8193
4109 4170 8240
4026 4099 8099
4137 4186 8317
4043 4111 8143
4046 4082 8109
4067 4080 8125
4119 4133 8213
4184 4191 8344
4011 4155 8145
4185 4197 8363
4063 4108 8154
4127 4128 8242
4147 4190 8327
4142 4153 8284
4032 4157 8175
4041 4121 8158
4143 4168 8292
4093 4177 8254
4152 4164 8305
4192 4197 8378
4180 4195 8370
4115 4144 8245
4081 4150 8206
4040 4185 8209
4124 4187 8301
4033 4172 8169
4057 4149 8171
4057 4126 8160
4127 4132 8235
4171 4184 8323
4061 4196 8242
4100 4128 8216
4198 4199 8380
4014 4030 8037
4072 4081 8137
4100 4109 8197
4082 4178 8244
4150 4185 8312
4159 4196 8317
4111 4124 8201
4178 4200 8372
4078 4103 8178
4008 4087 8079
4086 4188 8266
4188 4194 8361
4140 4181 8315
4012 4143 8147
4162 4197 8358
4045 4076 8084
4020 4130 8116
4074 4078 8116
4096 4192 8256
4051 4152 8189
4099 4122 8187
4077 4102 8144
4030 4108 8103
4170 4189 8345
4103 4169 8260
4000 4195 8176
4182 4200 8354
4133 4196 8303
4046 4062 8076
4088 4155 8234
4002 4093 8061
4055 4159 8198
4085 4157 8217
4122 4129 8222
4153 4178 8315
4033 4083 8086
4098 4105 8176
4013 4046 8043
4162 4185 8334
4006 4076 8070
4020 4073 8085
4026 4130 8137
4127 4182 8299
4029 4184 8188
4089 4178 8249
4043 4064 8069
4100 4108 8186
4094 4097 8172
4136 4199 8301
4090 4187 8263
4032 4122 8134
4184 4195 8373
4065 4186 8219
4131 4158 8284
4155 4173 8325
4130 4180 8271
4107 4149 8234
4019 4086 8082
4057 4196 8228
4119 4139 8237
4100 4186 8249
4010 4099 8097
4150 4189 8328
4038 4155 8168
4014 4182 8180
4014 4109 8102
4179 4180 8331
4146 4154 8286
4008 4117 8106
4057 4062 8099
4064 4177 8219
4103 4111 8210
4146 4199 8332
4165 4168 8318
4130 4158 8272
4054 4153 8187
4118 4168 8255
4143 4198 8313
4191 4194 8380
4163 4192 8350
4052 4056 8094
4145 4184 8300
4097 4110 8196
4011 4026 8020
4053 4073 8096
4075 4104 8148
4168 4172 8322
4170 4183 8337
4130 4145 8271
4028 4042 8054
4066 4140 8192
4038 4105 8120
4190 4195 8351
4180 4196 8357
4055 4060 8105
4061 4115 8158
4042 4175 8197
4037 4064 8071
4088 4099 8183
4102 4185 8249
4159 4192 8318
4075 4131 8188
4065 4070 8098
4166 4191 8328
4193 4198 8353
4033 4108 8128
4016 4046 8030
4152 4176 8291
4075 4102 8172
4166 4200 8355
4028 4059 8086
4170 4187 8356
4174 4194 8365
4007 4047 8041
4089 4138 8213
4165 4183 8314
4182 4186 8332
4149 4177 8302
4147 4152 8262
4149 4187 8303
4159 4181 8309
4129 4179 8294
4034 4076 8099
4177 4185 8333
4084 4120 8192
4198 4199 8389
4157 4194 8332
4020 4123 8141
4008 4116 8097
4144 4160 8273
4138 4164 8270
4020 4099 8081
4080 4171 8230
4099 4105 8203
4037 4123 8149
4010 4189 8177
4065 4095 8153
4134 4156 8286
4111 4151 8257
4011 4116 8115
4151 4188 8315
4153 4172 8292
4025 4070 8090
4125 4170 8264
4142 4182 8317
4107 4135 8205
4050 4189 8203
4149 4187 8313
4021 4077 8080
4105 4178 8256
4125 4169 8263
4072 4116 8182
4112 4196 8307
4059 4130 8172
4055 4084 8110
4160 4191 8335
4068 4169 8218
4040 4135 8139
4184 4196 8343
4033 4051 8082
4185 4190 8370
4045 4074 8082
4087 4130 8200
4020 4143 8132
4115 4163 8252
4169 4181 8325
4012 4112 8086
4171 4183 8319
4193 4196 8371
4099 4109 8196
4016 4027 8009
4157 4182 8305
4091 4185 8241
4119 4160 8268
4160 4190 8338
4155 4179 8308
4093 4152 8214
4175 4187 8354
4162 4192 8326
4004 4198 8194
4121 4176 8291
4174 4192 8360
4199 4200 8376
4005 4133 8126
4005 4046 8043
4114 4148 8241
4002 4109 8076
4084 4177 8246
4145 4157 8264
4026 4162 8187
4056 4120 8142
4006 4128 8117
4076 4178 8219
4180 4184 8339
4041 4181 8197
4095 4117 8207
4055 4199 8233
4172 4191 8350
4110 4111 8193
4169 4182 8334
4146 4152 8275
4122 4188 8276
4108 4181 8286
4088 4094 8148
4022 4067 8066
4090 4160 8229
4127 4182 8279
4141 4147 8279
4099 4151 8230
4161 4176 8330
4083 4125 8181
4104 4169 8259
4019 4121 8138
4133 4163 8281
4016 4090 8104
4195 4196 8386
4023 4140 8134
4150 4191 8319
4156 4182 8306
4012 4162 8136
4129 4131 8235
4123 4173 8263
4181 4187 8343
4131 4152 8250
4186 4200 8354
4119 4180 8297
4143 4189 8296
4172 4188 8344
4077 4170 8246
4173 4181 8335
4011 4135 8116
4181 4197 8358
4155 4200 8341
4057 4082 8119
4001 4022 7990
4003 4077 8072
4185 4192 8354
4072 4192 8237
4184 4189 8338
4018 4083 8063
4095 4164 8250
4082 4092 8152
4108 4129 8212
4163 4165 8325
4195 4197 8379
4134 4144 8246
4015 4051 8064
4011 4046 8028
4046 4174 8197
4086 4159 8232
4067 4151 8201
4144 4187 8322
4157 4194 8337
4109 4126 8213
4095 4190 8274
4014 4158 8163
4050 4150 8180
4125 4128 8231
4040 4172 8178
4115 4185 8286
4004 4142 8125
4180 4197 8343
4115 4165 8257
4102 4129 8212
4085 4170 8232
4121 4170 8284
4185 4188 8355
4071 4157 8194
4035 4200 8217
4115 4181 8291
4042 4195 8206
4106 4172 8252
4050 4115 8142
4018 4192 8174
4108 4158 8236
4197 4199 8392
4048 4179 8197
4177 4198 8374
4030 4121 8122
4171 4198 8362
4121 4196 8314
4003 4091 8062
4129 4149 8273
4153 4169 8284
4140 4189 8310
4038 4169 8200
4055 4109 8158
4089 4099 8178
4101 4172 8269
4021 4125 8108
4126 4178 8274
4092 4133 8196
4077 4121 8186
4017 4104 8089
4118 4148 8239
4013 4055 8065
4000 4174 8157
4057 4075 8121
4090 4167 8236
4162 4185 8337
4181 4185 8340
4113 4131 8207
4005 4041 8017
4014 4119 8095
4163 4198 8358
4136 4155 8286
4061 4077 8131
4124 4158 8275
4058 4063 8097
4038 4046 8069
4148 4183 8323
4054 4126 8153
4097 4108 8190
4141 4199 8334
4076 4099 8152
4046 4097 8122
4142 4160 8301
4078 4086 8138
4075 4118 8164
4107 4182 8287
4043 4054 8069
4096 4160 8219
4032 4164 8187
4040 4172 8188
4015 4158 8157
4147 4189 8324
4069 4162 8230
4081 4192 8249
4027 4160 8154
4139 4167 8282
4054 4164 8209
4055 4063 8099
4111 4126 8208
4138 4167 8304
4032 4174 8197
4164 4182 8307
4003 4170 8139
4142 4163 8285
4086 4116 8194
4034 4140 8164
4091 4092 8168
4172 4190 8349
4081 4199 8247
4185 4191 8344
4149 4172 8314
4172 4184 8342
4150 4189 8321
4031 4099 8129
4013 4140 8121
4175 4181 8324
4028 4132 8149
4069 4151 8209
4171 4182 8325
4062 4120 8148
4198 4200 8362
4166 4181 8332
4091 4128 8201
4116 4186 8299
4174 4185 8334
4026 4154 8167
4030 4163 8191
4165 4193 8349
4124 4134 8228
4059 4170 8207
4160 4184 8342
4008 4152 8152
4109 4151 8254
4175 4176 8327
4002 4140 8139
4194 4195 8374
4143 4179 8308
4150 4192 8306
4056 4200 8231
4045 4065 8075
4165 4197 8347
4046 4118 8158
4190 4200 8362
4192 4199 8373
4166 4192 8348
4157 4167 8318
4111 4160 8241
4184 4191 8345
4179 4194 8343
4133 4192 8308
4086 4153 8227
4094 4145 8221
4168 4171 8312
4046 4191 8208
4193 4195 8376
4010 4135 8119
4099 4140 8201
4024 4136 8127
4034 4200 8201
4000 4009 7978
4147 4183 8324
4192 4200 8364
4016 4149 8146
4153 4157 8291
4043 4162 8176
4076 4162 8217
4055 4096 8136
4149 4163 8284
4096 4185 8273
4137 4194 8312
4115 4152 8259
4135 4198 8317

0.010000 0.400000
