900
3259060
4287 4293 8580
4170 4296 8466
4234 4255 8489
4210 4222 8432
4128 4279 8407
4196 4286 8482
4105 4228 8333
4147 4257 8404
4222 4265 8487
4115 4128 8243
4222 4279 8501
4163 4240 8403
4254 4282 8536
4221 4233 8454
4229 4297 8526
4152 4291 8443
4123 4294 8417
4240 4253 8493
4287 4290 8577
4206 4230 8436
4138 4283 8421
4293 4295 8588
4280 4295 8575
4112 4162 8274
4146 4191 8337
4217 4252 8469
4247 4293 8540
4175 4187 8362
4159 4165 8324
4181 4267 8448
4113 4237 8350
4194 4204 8398
4112 4189 8301
4273 4274 8547
4142 4295 8437
4231 4276 8507
4167 4201 8368
4117 4253 8370
4184 4258 8442
4153 4210 8363
4200 4299 8499
4264 4270 8534
4136 4295 8431
4259 4280 8539
4133 4182 8315
4196 4220 8416
4235 4241 8476
4195 4221 8416
4129 4211 8340
4290 4292 8582
4261 4292 8553
4299 4300 8599
4282 4291 8573
4163 4284 8447
4244 4278 8522
4236 4299 8535
4108 4228 8336
4287 4300 8587
4214 4290 8504
4197 4267 8464
4107 4168 8275
4297 4300 8597
4231 4264 8495
4155 4287 8442
4272 4290 8562
4107 4167 8274
4269 4289 8558
4225 4281 8506
4152 4236 8388
4222 4284 8506
4101 4269 8370
4146 4219 8365
4128 4149 8277
4165 4251 8416
4196 4228 8424
4132 4182 8314
4156 4187 8343
4259 4285 8544
4142 4202 8344
4296 4297 8593
4145 4199 8344
4274 4289 8563
4154 4206 8360
4288 4300 8588
4297 4299 8596
4150 4168 8318
4257 4258 8515
4128 4164 8292
4231 4252 8483
4226 4250 8476
4115 4171 8286
4184 4272 8456
4187 4214 8401
4209 4239 8448
4228 4237 8465
4137 4297 8434
4280 4285 8565
4175 4300 8475
4278 4291 8569
4175 4297 8472
4115 4247 8362
4138 4290 8428
4232 4252 8484
4126 4138 8264
4133 4238 8371
4283 4284 8567
4247 4294 8541
4240 4251 8491
4260 4270 8530
4298 4299 8597
4132 4171 8303
4198 4228 8426
4158 4161 8319
4265 4282 8547
4174 4300 8474
4245 4258 8503
4231 4276 8507
4119 4237 8356
4152 4154 8306
4251 4284 8535
4204 4231 8435
4113 4261 8374
4260 4274 8534
4266 4283 8549
4104 4173 8277
4132 4268 8400
4225 4248 8473
4132 4205 8337
4231 4256 8487
4278 4295 8573
4227 4282 8509
4104 4268 8372
4288 4293 8581
4270 4299 8569
4265 4278 8543
4221 4276 8497
4263 4284 8547
4250 4286 8536
4236 4277 8513
4109 4129 8238
4116 4224 8340
4120 4269 8389
4134 4171 8305
4172 4247 8419
4141 4147 8288
4262 4265 8527
4128 4272 8400
4113 4119 8232
4234 4240 8474
4118 4180 8298
4104 4165 8269
4228 4269 8497
4266 4284 8550
4196 4275 8471
4226 4287 8513
4273 4277 8550
4233 4235 8468
4131 4200 8331
4190 4284 8474
4157 4268 8425
4277 4288 8565
4216 4224 8440
4234 4249 8483
4214 4227 8441
4144 4295 8439
4141 4149 8290
4200 4217 8417
4248 4286 8534
4287 4300 8587
4193 4260 8453
4170 4178 8348
4181 4259 8440
4100 4241 8341
4245 4267 8512
4188 4215 8403
4244 4267 8511
4256 4275 8531
4130 4241 8371
4250 4251 8501
4278 4293 8571
4132 4203 8335
4242 4275 8517
4171 4253 8424
4237 4248 8485
4114 4299 8413
4221 4230 8451
4149 4248 8397
4151 4297 8448
4182 4192 8374
4117 4269 8386
4235 4281 8516
4114 4235 8349
4154 4268 8422
4188 4195 8383
4116 4194 8310
4240 4247 8487
4154 4261 8415
4253 4297 8550
4212 4297 8509
4213 4291 8504
4292 4298 8590
4240 4267 8507
4280 4292 8572
4167 4200 8367
4124 4257 8381
4114 4220 8334
4109 4252 8361
4101 4200 8301
4182 4190 8372
4237 4280 8517
4266 4290 8556
4267 4298 8565
4149 4227 8376
4204 4238 8442
4215 4232 8447
4149 4293 8442
4258 4270 8528
4130 4154 8284
4261 4271 8532
4179 4203 8382
4200 4218 8418
4187 4226 8413
4215 4282 8497
4268 4295 8563
4151 4285 8436
4259 4288 8547
4112 4166 8278
4198 4201 8399
4231 4260 8491
4262 4284 8546
4190 4194 8384
4149 4165 8314
4119 4300 8419
4152 4190 8342
4263 4279 8542
4283 4287 8570
4269 4279 8548
4143 4212 8355
4163 4215 8378
4215 4285 8500
4120 4184 8304
4278 4294 8572
4201 4208 8409
4280 4288 8568
4211 4298 8509
4299 4300 8599
4117 4147 8264
4188 4249 8437
4204 4252 8456
4267 4287 8554
4186 4188 8374
4181 4224 8405
4134 4220 8354
4116 4281 8397
4299 4300 8599
4108 4228 8336
4147 4209 8356
4260 4282 8542
4296 4297 8593
4240 4254 8494
4285 4287 8572
4201 4278 8479
4103 4207 8310
4145 4290 8435
4126 4259 8385
4289 4299 8588
4175 4285 8460
4224 4243 8467
4222 4255 8477
4203 4206 8409
4188 4215 8403
4154 4210 8364
4252 4271 8523
4117 4148 8265
4239 4276 8515
4189 4264 8453
4152 4269 8421
4136 4176 8312
4165 4239 8404
4274 4276 8550
4136 4275 8411
4241 4245 8486
4147 4215 8362
4285 4300 8585
4240 4281 8521
4265 4279 8544
4168 4275 8443
4240 4270 8510
4103 4211 8314
4152 4282 8434
4298 4299 8597
4127 4142 8269
4102 4299 8401
4190 4242 8432
4292 4298 8590
4279 4295 8574
4131 4201 8332
4242 4257 8499
4136 4269 8405
4256 4263 8519
4135 4220 8355
4143 4230 8373
4137 4257 8394
4206 4211 8417
4157 4198 8355
4251 4253 8504
4260 4269 8529
4243 4283 8526
4139 4177 8316
4274 4281 8555
4159 4216 8375
4215 4270 8485
4292 4295 8587
4260 4291 8551
4257 4294 8551
4162 4178 8340
4207 4294 8501
4178 4299 8477
4211 4231 8442
4138 4191 8329
4233 4298 8531
4198 4284 8482
4279 4290 8569
4193 4243 8436
4234 4274 8508
4260 4299 8559
4184 4264 8448
4257 4295 8552
4198 4210 8408
4268 4269 8537
4289 4300 8589
4122 4248 8370
4233 4249 8482
4130 4225 8355
4106 4176 8282
4251 4268 8519
4256 4287 8543
4240 4245 8485
4103 4182 8285
4296 4300 8596
4277 4299 8576
4154 4160 8314
4147 4214 8361
4108 4117 8225
4170 4174 8344
4163 4248 8411
4196 4217 8413
4158 4175 8333
4225 4271 8496
4142 4210 8352
4231 4265 8496
4257 4278 8535
4243 4274 8517
4159 4226 8385
4127 4280 8407
4247 4292 8539
4135 4228 8363
4196 4291 8487
4177 4191 8368
4270 4290 8560
4245 4290 8535
4190 4240 8430
4212 4220 8432
4134 4226 8360
4211 4257 8468
4181 4201 8382
4271 4296 8567
4161 4281 8442
4263 4298 8561
4243 4269 8512
4274 4280 8554
4245 4278 8523
4205 4244 8449
4168 4191 8359
4216 4217 8433
4143 4250 8393
4114 4298 8412
4222 4228 8450
4268 4287 8555
4256 4263 8519
4193 4248 8441
4134 4281 8415
4243 4251 8494
4213 4279 8492
4253 4272 8525
4227 4248 8475
4258 4265 8523
4273 4295 8568
4199 4225 8424
4261 4275 8536
4121 4137 8258
4238 4256 8494
4282 4295 8577
4129 4158 8287
4239 4279 8518
4148 4177 8325
4133 4178 8311
4191 4198 8389
4183 4271 8454
4265 4281 8546
4177 4218 8395
4221 4274 8495
4267 4284 8551
4226 4285 8511
4235 4299 8534
4219 4242 8461
4135 4234 8369
4201 4275 8476
4290 4292 8582
4278 4281 8559
4272 4275 8547
4217 4298 8515
4108 4127 8235
4241 4242 8483
4270 4279 8549
4181 4263 8444
4205 4289 8494
4193 4252 8445
4183 4250 8433
4160 4282 8442
4122 4223 8345
4136 4298 8434
4102 4257 8359
4200 4267 8467
4133 4174 8307
4141 4270 8411
4267 4269 8536
4260 4292 8552
4232 4244 8476
4209 4296 8505
4275 4296 8571
4145 4192 8337
4182 4229 8411
4198 4293 8491
4275 4286 8561
4216 4287 8503
4247 4299 8546
4163 4272 8435
4152 4223 8375
4218 4233 8451
4284 4293 8577
4299 4300 8599
4170 4234 8404
4239 4257 8496
4140 4265 8405
4200 4280 8480
4217 4262 8479
4291 4293 8584
4229 4238 8467
4218 4256 8474
4176 4290 8466
4138 4172 8310
4134 4234 8368
4148 4152 8300
4225 4239 8464
4126 4187 8313
4244 4270 8514
4145 4296 8441
4256 4285 8541
4175 4237 8412
4179 4255 8434
4163 4299 8462
4187 4225 8412
4147 4247 8394
4151 4223 8374
4165 4221 8386
4217 4267 8484
4165 4290 8455
4258 4296 8554
4138 4166 8304
4291 4296 8587
4123 4140 8263
4135 4187 8322
4221 4234 8455
4152 4219 8371
4195 4208 8403
4192 4259 8451
4266 4280 8546
4100 4149 8249
4166 4226 8392
4173 4254 8427
4221 4234 8455
4203 4287 8490
4113 4248 8361
4205 4287 8492
4146 4165 8311
4170 4251 8421
4103 4251 8354
4249 4281 8530
4157 4295 8452
4125 4238 8363
4267 4268 8535
4246 4287 8533
4164 4262 8426
4143 4228 8371
4237 4245 8482
4275 4277 8552
4242 4277 8519
4175 4187 8362
4267 4290 8557
4155 4168 8323
4229 4239 8468
4120 4264 8384
4266 4288 8554
4204 4233 8437
4179 4256 8435
4203 4297 8500
4101 4269 8370
4208 4239 8447
4240 4282 8522
4143 4192 8335
4182 4286 8468
4203 4293 8496
4259 4282 8541
4161 4296 8457
4195 4258 8453
4206 4269 8475
4154 4216 8370
4160 4237 8397
4147 4191 8338
4131 4259 8390
4267 4276 8543
4292 4296 8588
4257 4296 8553
4178 4298 8476
4173 4294 8467
4175 4233 8408
4137 4217 8354
4298 4300 8598
4286 4300 8586
4227 4286 8513
4184 4243 8427
4226 4298 8524
4271 4299 8570
4222 4276 8498
4225 4242 8467
4266 4293 8559
4173 4273 8446
4267 4274 8541
4246 4297 8543
4165 4198 8363
4241 4280 8521
4186 4205 8391
4211 4280 8491
4241 4297 8538
4187 4208 8395
4106 4154 8260
4106 4211 8317
4178 4242 8420
4283 4289 8572
4268 4277 8545
4226 4236 8462
4131 4255 8386
4152 4177 8329
4163 4243 8406
4202 4253 8455
4285 4294 8579
4165 4293 8458
4123 4195 8318
4197 4268 8465
4284 4292 8576
4217 4229 8446
4175 4290 8465
4158 4184 8342
4200 4210 8410
4182 4224 8406
4254 4265 8519
4198 4283 8481
4289 4292 8581
4236 4294 8530
4120 4281 8401
4188 4201 8389
4110 4133 8243
4271 4282 8553
4244 4286 8530
4277 4287 8564
4263 4273 8536
4158 4183 8341
4221 4267 8488
4236 4253 8489
4200 4224 8424
4190 4238 8428
4175 4198 8373
4172 4245 8417
4272 4290 8562
4199 4246 8445
4211 4226 8437
4100 4143 8243
4154 4265 8419
4133 4178 8311
4178 4221 8399
4123 4221 8344
4186 4228 8414
4122 4209 8331
4153 4157 8310
4236 4252 8488
4172 4240 8412
4226 4236 8462
4120 4230 8350
4243 4249 8492
4289 4296 8585
4168 4254 8422
4129 4137 8266
4201 4219 8420
4195 4204 8399
4143 4270 8413
4279 4282 8561
4132 4273 8405
4227 4262 8489
4124 4134 8258
4124 4161 8285
4155 4284 8439
4152 4185 8337
4250 4291 8541
4271 4274 8545
4202 4205 8407
4298 4299 8597
4254 4268 8522
4236 4263 8499
4193 4255 8448
4134 4213 8347
4116 4243 8359
4173 4220 8393
4273 4289 8562
4140 4202 8342
4218 4268 8486
4122 4191 8313
4170 4188 8358
4206 4296 8502
4188 4190 8378
4204 4208 8412
4207 4217 8424
4107 4297 8404
4264 4289 8553
4191 4247 8438
4291 4297 8588
4141 4177 8318
4123 4286 8409
4161 4276 8437
4217 4227 8444
4215 4233 8448
4204 4294 8498
4253 4261 8514
4102 4133 8235
4250 4277 8527
4152 4195 8347
4196 4278 8474
4258 4269 8527
4177 4216 8393
4197 4220 8417
4198 4254 8452
4159 4290 8449
4115 4132 8247
4203 4298 8501
4220 4288 8508
4273 4282 8555
4168 4230 8398
4224 4296 8520
4201 4299 8500
4255 4289 8544
4239 4296 8535
4164 4287 8451
4298 4300 8598
4130 4274 8404
4166 4191 8357
4220 4235 8455
4299 4300 8599
4180 4228 8408
4171 4220 8391
4259 4275 8534
4107 4167 8274
4130 4132 8262
4194 4280 8474
4278 4281 8559
4145 4191 8336
4125 4182 8307
4183 4272 8455
4135 4177 8312
4232 4253 8485
4109 4267 8376
4158 4254 8412
4173 4232 8405
4120 4222 8342
4256 4262 8518
4224 4284 8508
4234 4272 8506
4239 4277 8516
4162 4223 8385
4184 4296 8480
4221 4254 8475
4144 4163 8307
4261 4291 8552
4110 4293 8403
4233 4246 8479
4105 4132 8237
4172 4300 8472
4243 4261 8504
4134 4242 8376
4170 4186 8356
4154 4236 8390
4245 4252 8497
4246 4278 8524
4148 4220 8368
4160 4180 8340
4285 4292 8577
4267 4285 8552
4264 4281 8545
4248 4268 8516
4142 4144 8286
4120 4145 8265
4105 4191 8296
4212 4285 8497
4112 4139 8251
4262 4273 8535
4220 4265 8485
4275 4277 8552
4253 4260 8513
4296 4299 8595
4134 4187 8321
4244 4247 8491
4115 4268 8383
4160 4266 8426
4261 4298 8559
4131 4181 8312
4227 4274 8501
4292 4294 8586
4179 4207 8386
4220 4228 8448
4136 4286 8422
4132 4252 8384
4255 4266 8521
4215 4242 8457
4228 4231 8459
4197 4218 8415
4222 4251 8473
4156 4281 8437
4158 4209 8367
4115 4142 8257
4170 4235 8405
4199 4287 8486
4152 4212 8364
4210 4235 8445
4257 4267 8524
4181 4297 8478
4263 4283 8546
4207 4260 8467
4208 4214 8422
4119 4252 8371
4203 4262 8465
4189 4246 8435
4216 4245 8461
4175 4178 8353
4178 4262 8440
4186 4253 8439
4225 4230 8455
4145 4164 8309
4135 4271 8406
4284 4285 8569
4142 4277 8419
4284 4288 8572
4296 4298 8594
4174 4243 8417
4297 4298 8595
4202 4228 8430
4119 4175 8294
4272 4299 8571
4215 4280 8495
4284 4291 8575
4176 4233 8409
4205 4216 8421
4182 4231 8413
4282 4291 8573
4243 4258 8501
4159 4229 8388
4134 4234 8368
4290 4294 8584
4188 4270 8458
4216 4257 8473
4125 4205 8330
4198 4217 8415
4209 4232 8441
4203 4231 8434
4142 4186 8328
4139 4156 8295
4243 4276 8519
4115 4285 8400
4172 4191 8363
4231 4298 8529
4249 4269 8518
4202 4247 8449
4171 4254 8425
4299 4300 8599
4160 4291 8451
4285 4291 8576
4263 4273 8536
4227 4239 8466
4254 4300 8554
4214 4219 8433
4256 4272 8528
4274 4278 8552
4184 4253 8437
4282 4299 8581
4117 4163 8280
4241 4285 8526
4281 4295 8576
4132 4251 8383
4232 4289 8521
4265 4269 8534
4118 4129 8247
4267 4270 8537
4139 4186 8325
4231 4299 8530
4240 4263 8503
4135 4137 8272
4280 4299 8579
4208 4209 8417
4232 4272 8504
4258 4291 8549
4230 4255 8485
4118 4227 8345
4153 4214 8367
4157 4295 8452
4282 4289 8571
4290 4300 8590
4250 4287 8537
4257 4286 8543
4154 4263 8417
4178 4232 8410
4273 4276 8549
4247 4294 8541
4185 4281 8466
4277 4296 8573
4248 4299 8547
4290 4298 8588
4152 4236 8388
4228 4233 8461
4138 4162 8300
4179 4238 8417
4193 4293 8486
4196 4203 8399
4269 4292 8561
4229 4258 8487
4113 4272 8385
4106 4289 8395
4238 4295 8533
4172 4266 8438
4278 4287 8565
4278 4294 8572
4257 4278 8535
4192 4258 8450
4222 4227 8449
4244 4248 8492
4135 4158 8293
4238 4253 8491
4202 4289 8491
4271 4299 8570
4245 4294 8539
4145 4190 8335
4266 4272 8538
4183 4189 8372
4185 4285 8470
4148 4160 8308
4290 4298 8588
4236 4262 8498
4119 4185 8304
4108 4170 8278
4157 4226 8383
4236 4295 8531
4284 4287 8571
4236 4290 8526
4232 4279 8511
4193 4250 8443
4178 4248 8426
4113 4299 8412
4273 4274 8547
4287 4296 8583
4149 4164 8313
4208 4238 8446
4128 4171 8299
4205 4237 8442
4109 4249 8358
4260 4284 8544
4270 4277 8547
4154 4297 8451
4220 4221 8441
4253 4264 8517
4140 4155 8295
4147 4300 8447
4105 4160 8265
4205 4297 8502
4151 4164 8315
4242 4275 8517
4269 4292 8561
4173 4202 8375
4299 4300 8599
4249 4294 8543
4237 4284 8521
4144 4300 8444
4132 4225 8357
4295 4300 8595

4187 4193 8379
4070 4196 8246
4134 4155 8253
4110 4122 8205
4028 4179 8203
4096 4186 8272
4005 4128 8130
4047 4157 8196
4122 4165 8262
4015 4028 8029
4122 4179 8268
4063 4140 8182
4154 4182 8301
4121 4133 8216
4129 4197 8290
4052 4191 8217
4023 4194 8195
4140 4153 8265
4187 4190 8368
4106 4130 8228
4038 4183 8208
4193 4195 8352
4180 4195 8369
4012 4062 8062
4046 4091 8103
4117 4152 8233
4147 4193 8314
4075 4087 8140
4059 4065 8099
4081 4167 8220
4013 4137 8143
4094 4104 8183
4012 4089 8097
4173 4174 8321
4042 4195 8236
4131 4176 8268
4067 4101 8150
4017 4153 8162
4084 4158 8208
4053 4110 8129
4100 4199 8272
4164 4170 8320
4036 4195 8203
4159 4180 8336
4033 4082 8105
4096 4120 8192
4135 4141 8274
4095 4121 8189
4029 4111 8139
4190 4192 8357
4161 4192 8326
4199 4200 8363
4182 4191 8363
4063 4184 8220
4144 4178 8304
4136 4199 8325
4008 4128 8108
4187 4200 8385
4114 4190 8266
4097 4167 8237
4007 4068 8039
4197 4200 8386
4131 4164 8268
4055 4187 8214
4172 4190 8345
4007 4067 8066
4169 4189 8330
4125 4181 8305
4052 4136 8186
4122 4184 8276
4001 4169 8159
4046 4119 8130
4028 4049 8043
4065 4151 8208
4096 4128 8207
4032 4082 8086
4056 4087 8131
4159 4185 8327
4042 4102 8106
4196 4197 8384
4045 4099 8106
4174 4189 8346
4054 4106 8127
4188 4200 8383
4197 4199 8382
4050 4068 8105
4157 4158 8294
4028 4064 8090
4131 4152 8252
4126 4150 8259
4015 4071 8059
4084 4172 8254
4087 4114 8177
4109 4139 8219
4128 4137 8254
4037 4197 8197
4180 4185 8357
4075 4200 8248
4178 4191 8338
4075 4197 8252
4015 4147 8144
4038 4190 8215
4132 4152 8255
4026 4038 8044
4033 4138 8163
4183 4184 8341
4147 4194 8336
4140 4151 8253
4160 4170 8310
4198 4199 8362
4032 4071 8093
4098 4128 8225
4058 4061 8094
4165 4182 8311
4074 4200 8258
4145 4158 8288
4131 4176 8277
4019 4137 8149
4052 4054 8099
4151 4184 8323
4104 4131 8226
4013 4161 8151
4160 4174 8324
4166 4183 8316
4004 4073 8054
4032 4168 8173
4125 4148 8246
4032 4105 8108
4131 4156 8282
4178 4195 8346
4127 4182 8276
4004 4168 8153
4188 4193 8360
4170 4199 8330
4165 4178 8337
4121 4176 8269
4163 4184 8346
4150 4186 8305
4136 4177 8289
4009 4029 8018
4016 4124 8131
4020 4169 8184
4034 4071 8070
4072 4147 8208
4041 4047 8056
4162 4165 8293
4028 4172 8193
4013 4019 8019
4134 4140 8249
4018 4080 8084
4004 4065 8041
4128 4169 8265
4166 4184 8328
4096 4175 8258
4126 4187 8278
4173 4177 8325
4133 4135 8239
4031 4100 8105
4090 4184 8240
4057 4168 8204
4177 4188 8329
4116 4124 8220
4134 4149 8247
4114 4127 8220
4044 4195 8234
4041 4049 8073
4100 4117 8216
4148 4186 8327
4187 4200 8374
4093 4160 8230
4070 4078 8141
4081 4159 8236
4000 4141 8120
4145 4167 8306
4088 4115 8197
4144 4167 8274
4156 4175 8324
4030 4141 8136
4150 4151 8271
4178 4193 8344
4032 4103 8110
4142 4175 8306
4071 4153 8208
4137 4148 8281
4014 4199 8175
4121 4130 8218
4049 4148 8174
4051 4197 8230
4082 4092 8153
4017 4169 8182
4135 4181 8287
4014 4135 8113
4054 4168 8186
4088 4095 8152
4016 4094 8097
4140 4147 8281
4054 4161 8190
4153 4197 8325
4112 4197 8275
4113 4191 8268
4192 4198 8358
4140 4167 8290
4180 4192 8362
4067 4100 8155
4024 4157 8149
4014 4120 8130
4009 4152 8127
4001 4100 8078
4082 4090 8155
4137 4180 8288
4166 4190 8341
4167 4198 8361
4049 4127 8166
4104 4138 8232
4115 4132 8212
4049 4193 8212
4158 4170 8298
4030 4054 8073
4161 4171 8316
4079 4103 8165
4100 4118 8213
4087 4126 8202
4115 4182 8296
4168 4195 8359
4051 4185 8220
4159 4188 8312
4012 4066 8064
4098 4101 8174
4131 4160 8254
4162 4184 8340
4090 4094 8171
4049 4065 8094
4019 4200 8204
4052 4090 8114
4163 4179 8315
4183 4187 8361
4169 4179 8317
4043 4112 8124
4063 4115 8172
4115 4185 8282
4020 4084 8069
4178 4194 8344
4101 4108 8205
4180 4188 8343
4111 4198 8302
4199 4200 8377
4017 4047 8054
4088 4149 8221
4104 4152 8234
4167 4187 8345
4086 4088 8155
4081 4124 8193
4034 4120 8134
4016 4181 8186
4199 4200 8363
4008 4128 8106
4047 4109 8144
4160 4182 8325
4196 4197 8365
4140 4154 8274
4185 4187 8358
4101 4178 8276
4003 4107 8091
4045 4190 8228
4026 4159 8164
4189 4199 8358
4075 4185 8235
4124 4143 8263
4122 4155 8276
4103 4106 8201
4088 4115 8187
4054 4110 8162
4152 4171 8302
4017 4048 8042
4139 4176 8314
4089 4164 8224
4052 4169 8218
4036 4076 8093
4065 4139 8203
4174 4176 8311
4036 4175 8207
4141 4145 8269
4047 4115 8140
4185 4200 8378
4140 4181 8290
4165 4179 8316
4068 4175 8218
4140 4170 8288
4003 4111 8102
4052 4182 8207
4198 4199 8387
4027 4042 8031
4002 4199 8172
4090 4142 8199
4192 4198 8388
4179 4195 8337
4031 4101 8117
4142 4157 8274
4036 4169 8194
4156 4163 8304
4035 4120 8132
4043 4130 8151
4037 4157 8186
4106 4111 8209
4057 4098 8134
4151 4153 8294
4160 4169 8314
4143 4183 8319
4039 4077 8109
4174 4181 8324
4059 4116 8156
4115 4170 8261
4192 4195 8358
4160 4191 8342
4157 4194 8322
4062 4078 8134
4107 4194 8300
4078 4199 8272
4111 4131 8216
4038 4091 8128
4133 4198 8316
4098 4184 8280
4179 4190 8350
4093 4143 8235
4134 4174 8281
4160 4199 8350
4084 4164 8244
4157 4195 8327
4098 4110 8187
4168 4169 8334
4189 4200 8366
4022 4148 8163
4133 4149 8270
4030 4125 8140
4006 4076 8063
4151 4168 8314
4156 4187 8334
4140 4145 8265
4003 4082 8055
4196 4200 8366
4177 4199 8373
4054 4060 8087
4047 4114 8123
4008 4017 8008
4070 4074 8132
4063 4148 8199
4096 4117 8200
4058 4075 8096
4125 4171 8263
4042 4110 8115
4131 4165 8267
4157 4178 8309
4143 4174 8316
4059 4126 8161
4027 4180 8171
4147 4192 8336
4035 4128 8143
4096 4191 8269
4077 4091 8159
4170 4190 8351
4145 4190 8331
4090 4140 8227
4112 4120 8204
4034 4126 8127
4111 4157 8245
4081 4101 8162
4171 4196 8331
4061 4181 8206
4163 4198 8340
4143 4169 8310
4174 4180 8328
4145 4178 8307
4105 4144 8247
4068 4091 8152
4116 4117 8196
4043 4150 8182
4014 4198 8185
4122 4128 8235
4168 4187 8337
4156 4163 8312
4093 4148 8223
4034 4181 8202
4143 4151 8283
4113 4179 8264
4153 4172 8309
4127 4148 8254
4158 4165 8317
4173 4195 8330
4099 4125 8189
4161 4175 8313
4021 4037 8051
4138 4156 8278
4182 4195 8339
4029 4058 8082
4139 4179 8310
4048 4077 8095
4033 4078 8075
4091 4098 8174
4083 4171 8246
4165 4181 8314
4077 4118 8166
4121 4174 8274
4167 4184 8326
4126 4185 8286
4135 4199 8308
4119 4142 8243
4035 4134 8155
4101 4175 8260
4190 4192 8349
4178 4181 8321
4172 4175 8334
4117 4198 8283
4008 4027 8025
4141 4142 8265
4170 4179 8325
4081 4163 8243
4105 4189 8264
4093 4152 8236
4083 4150 8196
4060 4182 8215
4022 4123 8114
4036 4198 8200
4002 4157 8121
4100 4167 8258
4033 4074 8076
4041 4170 8204
4167 4169 8306
4160 4192 8325
4132 4144 8253
4109 4196 8271
4175 4196 8367
4045 4092 8114
4082 4129 8201
4098 4193 8286
4175 4186 8354
4116 4187 8302
4147 4199 8340
4063 4172 8206
4052 4123 8169
4118 4133 8225
4184 4193 8375
4199 4200 8385
4070 4134 8188
4139 4157 8270
4040 4165 8204
4100 4180 8256
4117 4162 8273
4191 4193 8370
4129 4138 8236
4118 4156 8237
4076 4190 8255
4038 4072 8086
4034 4134 8147
4048 4052 8087
4125 4139 8228
4026 4087 8076
4144 4170 8284
4045 4196 8212
4156 4185 8325
4075 4137 8205
4079 4155 8214
4063 4199 8241
4087 4125 8201
4047 4147 8173
4051 4123 8143
4065 4121 8165
4117 4167 8282
4065 4190 8245
4158 4196 8340
4038 4066 8080
4191 4196 8351
4023 4040 8043
4035 4087 8085
4121 4134 8251
4052 4119 8160
4095 4108 8195
4092 4159 8228
4166 4180 8329
4000 4049 8019
4066 4126 8172
4073 4154 8214
4121 4134 8242
4103 4187 8255
4013 4148 8150
4105 4187 8274
4046 4065 8103
4070 4151 8216
4003 4151 8149
4149 4181 8298
4057 4195 8232
4025 4138 8132
4167 4168 8317
4146 4187 8328
4064 4162 8221
4043 4128 8163
4137 4145 8264
4175 4177 8315
4142 4177 8287
4075 4087 8142
4167 4190 8322
4055 4068 8097
4129 4139 8237
4020 4164 8147
4166 4188 8348
4104 4133 8223
4079 4156 8199
4103 4197 8277
4001 4169 8140
4108 4139 8214
4140 4182 8305
4043 4092 8125
4082 4186 8233
4103 4193 8264
4159 4182 8322
4061 4196 8255
4095 4158 8228
4106 4169 8268
4054 4116 8159
4060 4137 8166
4047 4091 8120
4031 4159 8164
4167 4176 8314
4192 4196 8386
4157 4196 8341
4078 4198 8255
4073 4194 8263
4075 4133 8190
4037 4117 8139
4198 4200 8366
4186 4200 8376
4127 4186 8308
4084 4143 8212
4126 4198 8294
4171 4199 8357
4122 4176 8270
4125 4142 8260
4166 4193 8327
4073 4173 8223
4167 4174 8303
4146 4197 8309
4065 4098 8156
4141 4180 8291
4086 4105 8180
4111 4180 8278
4141 4197 8323
4087 4108 8181
4006 4054 8034
4006 4111 8115
4078 4142 8203
4183 4189 8357
4168 4177 8341
4126 4136 8257
4031 4155 8165
4052 4077 8097
4063 4143 8187
4102 4153 8254
4185 4194 8362
4065 4193 8221
4023 4095 8081
4097 4168 8236
4184 4192 8360
4117 4129 8207
4075 4190 8263
4058 4084 8104
4100 4110 8176
4082 4124 8185
4154 4165 8318
4098 4183 8255
4189 4192 8343
4136 4194 8320
4020 4181 8179
4088 4101 8168
4010 4033 8040
4171 4182 8345
4144 4186 8295
4177 4187 8341
4163 4173 8324
4058 4083 8120
4121 4167 8266
4136 4153 8285
4100 4124 8193
4090 4138 8211
4075 4098 8168
4072 4145 8214
4172 4190 8355
4099 4146 8223
4111 4126 8212
4000 4043 8021
4054 4165 8196
4033 4078 8106
4078 4121 8170
4023 4121 8107
4086 4128 8209
4022 4109 8125
4053 4057 8083
4136 4152 8252
4072 4140 8187
4126 4136 8233
4020 4130 8129
4143 4149 8253
4189 4196 8381
4068 4154 8213
4029 4037 8029
4101 4119 8204
4095 4104 8175
4043 4170 8193
4179 4182 8348
4032 4173 8179
4127 4162 8256
4024 4034 8049
4024 4061 8076
4055 4184 8206
4052 4085 8116
4150 4191 8333
4171 4174 8332
4102 4105 8200
4198 4199 8393
4154 4168 8321
4136 4163 8269
4093 4155 8214
4034 4113 8134
4016 4143 8123
4073 4120 8179
4173 4189 8342
4040 4102 8106
4118 4168 8265
4022 4091 8095
4070 4088 8148
4106 4196 8276
4088 4090 8161
4104 4108 8185
4107 4117 8186
4007 4197 8177
4164 4189 8345
4091 4147 8210
4191 4197 8365
4041 4077 8098
4023 4186 8182
4061 4176 8228
4117 4127 8235
4115 4133 8213
4104 4194 8261
4153 4161 8284
4002 4033 8030
4150 4177 8313
4052 4095 8124
4096 4178 8271
4158 4169 8314
4077 4116 8170
4097 4120 8210
4098 4154 8214
4059 4190 8231
4015 4032 8032
4103 4198 8276
4120 4188 8278
4173 4182 8340
4068 4130 8188
4124 4196 8293
4101 4199 8267
4155 4189 8316
4139 4196 8319
4064 4187 8240
4198 4200 8372
4030 4174 8198
4066 4091 8131
4120 4135 8224
4199 4200 8384
4080 4128 8181
4071 4120 8177
4159 4175 8305
4007 4067 8043
4030 4032 8058
4094 4180 8258
4178 4181 8321
4045 4091 8126
4025 4082 8091
4083 4172 8239
4035 4077 8092
4132 4153 8265
4009 4167 8159
4058 4154 8193
4073 4132 8171
4020 4122 8113
4156 4162 8294
4124 4184 8281
4134 4172 8280
4139 4177 8300
4062 4123 8183
4084 4196 8276
4121 4154 8246
4044 4063 8092
4161 4191 8345
4010 4193 8190
4133 4146 8274
4005 4032 8010
4072 4200 8239
4143 4161 8276
4034 4142 8155
4070 4086 8152
4054 4136 8164
4145 4152 8274
4146 4178 8319
4048 4120 8158
4060 4080 8104
4185 4192 8346
4167 4185 8349
4164 4181 8335
4148 4168 8299
4042 4044 8055
4020 4045 8063
4005 4091 8090
4112 4185 8278
4012 4039 8050
4162 4173 8306
4120 4165 8253
4175 4177 8333
4153 4160 8287
4196 4199 8366
4034 4087 8104
4144 4147 8261
4015 4168 8176
4060 4166 8208
4161 4198 8340
4031 4081 8111
4127 4174 8282
4192 4194 8374
4079 4107 8184
4120 4128 8234
4036 4186 8209
4032 4152 8153
4155 4166 8299
4115 4142 8233
4128 4131 8251
4097 4118 8207
4122 4151 8251
4056 4181 8225
4058 4109 8141
4015 4042 8052
4070 4135 8188
4099 4187 8254
4052 4112 8163
4110 4135 8212
4157 4167 8300
4081 4197 8252
4163 4183 8335
4107 4160 8229
4108 4114 8212
4019 4152 8139
4103 4162 8245
4089 4146 8201
4116 4145 8238
4075 4078 8140
4078 4162 8234
4086 4153 8204
4125 4130 8242
4045 4064 8105
4035 4171 8190
4184 4185 8348
4042 4177 8202
4184 4188 8356
4196 4198 8355
4074 4143 8207
4197 4198 8383
4102 4128 8216
4019 4075 8073
4172 4199 8345
4115 4180 8271
4184 4191 8356
4076 4133 8183
4105 4116 8202
4082 4131 8212
4182 4191 8339
4143 4158 8289
4059 4129 8165
4034 4134 8157
4190 4194 8353
4088 4170 8244
4116 4157 8237
4025 4105 8124
4098 4117 8212
4109 4132 8215
4103 4131 8200
4042 4086 8105
4039 4056 8060
4143 4176 8289
4015 4185 8179
4072 4091 8132
4131 4198 8321
4149 4169 8310
4102 4147 8242
4071 4154 8204
4199 4200 8380
4060 4191 8225
4185 4191 8364
4163 4173 8325
4127 4139 8259
4154 4200 8329
4114 4119 8211
4156 4172 8295
4174 4178 8320
4084 4153 8213
4182 4199 8379
4017 4063 8044
4141 4185 8323
4181 4195 8340
4032 4151 8159
4132 4189 8307
4165 4169 8303
4018 4029 8016
4167 4170 8334
4039 4086 8088
4131 4199 8300
4140 4163 8270
4035 4037 8048
4180 4199 8346
4108 4109 8200
4132 4172 8302
4158 4191 8343
4130 4155 8277
4018 4127 8121
4053 4114 8141
4057 4195 8238
4182 4189 8336
4190 4200 8377
4150 4187 8322
4157 4186 8304
4054 4163 8187
4078 4132 8198
4173 4176 8318
4147 4194 8336
4085 4181 8254
4177 4196 8360
4148 4199 8328
4190 4198 8368
4052 4136 8154
4128 4133 8228
4038 4062 8067
4079 4138 8207
4093 4193 8274
4096 4103 8174
4169 4192 8338
4129 4158 8286
4013 4172 8150
4006 4189 8181
4138 4195 8315
4072 4166 8234
4178 4187 8359
4178 4194 8353
4157 4178 8315
4092 4158 8216
4122 4127 8232
4144 4148 8261
4035 4058 8079
4138 4153 8256
4102 4189 8274
4171 4199 8365
4145 4194 8321
4045 4090 8133
4166 4172 8334
4083 4089 8170
4085 4185 8241
4048 4060 8072
4190 4198 8380
4136 4162 8260
4019 4085 8066
4008 4070 8066
4057 4126 8150
4136 4195 8293
4184 4187 8366
4136 4190 8321
4132 4179 8290
4093 4150 8210
4078 4148 8218
4013 4199 8196
4173 4174 8329
4187 4196 8362
4049 4064 8082
4108 4138 8244
4028 4071 8061
4105 4137 8219
4009 4149 8157
4160 4184 8321
4170 4177 8319
4054 4197 8222
4120 4121 8238
4153 4164 8285
4040 4055 8086
4047 4200 8235
4005 4060 8056
4105 4197 8298
4051 4064 8086
4142 4175 8284
4169 4192 8322
4073 4102 8140
4199 4200 8378
4149 4194 8314
4137 4184 8292
4044 4200 8228
4032 4125 8129
4195 4200 8387

0.010000 0.440000
