900
5187444
4275 4277 8552
4208 4248 8456
4211 4278 8489
4279 4282 8561
4178 4289 8467
4214 4246 8460
4281 4284 8565
4206 4279 8485
4181 4248 8429
4162 4163 8325
4124 4136 8260
4237 4299 8536
4211 4251 8462
4294 4299 8593
4228 4293 8521
4279 4282 8561
4188 4297 8485
4254 4282 8536
4183 4293 8476
4292 4300 8592
4167 4221 8388
4179 4219 8398
4247 4282 8529
4167 4230 8397
4223 4272 8495
4173 4272 8445
4159 4224 8383
4193 4243 8436
4192 4221 8413
4152 4195 8347
4254 4268 8522
4214 4221 8435
4187 4191 8378
4258 4282 8540
4287 4290 8577
4231 4282 8513
4225 4300 8525
4196 4201 8397
4207 4268 8475
4175 4203 8378
4279 4288 8567
4112 4179 8291
4288 4289 8577
4290 4291 8581
4197 4273 8470
4170 4206 8376
4108 4269 8377
4186 4254 8440
4181 4214 8395
4203 4264 8467
4285 4286 8571
4237 4241 8478
4154 4207 8361
4218 4223 8441
4252 4281 8533
4196 4300 8496
4150 4293 8443
4132 4275 8407
4127 4205 8332
4134 4203 8337
4120 4203 8323
4157 4185 8342
4192 4269 8461
4292 4296 8588
4284 4287 8571
4239 4284 8523
4260 4262 8522
4142 4172 8314
4268 4290 8558
4259 4269 8528
4184 4248 8432
4199 4251 8450
4208 4216 8424
4222 4283 8505
4162 4186 8348
4204 4206 8410
4289 4292 8581
4254 4267 8521
4270 4286 8556
4155 4268 8423
4235 4296 8531
4165 4236 8401
4230 4272 8502
4169 4170 8339
4180 4186 8366
4206 4262 8468
4280 4291 8571
4132 4227 8359
4111 4162 8273
4222 4300 8522
4258 4274 8532
4228 4263 8491
4165 4269 8434
4277 4299 8576
4248 4249 8497
4188 4265 8453
4126 4164 8290
4230 4251 8481
4280 4293 8573
4237 4273 8510
4187 4274 8461
4187 4277 8464
4269 4296 8565
4293 4296 8589
4223 4296 8519
4188 4219 8407
4218 4293 8511
4244 4271 8515
4215 4246 8461
4249 4252 8501
4137 4275 8412
4111 4219 8330
4143 4280 8423
4262 4295 8557
4108 4298 8406
4201 4227 8428
4262 4274 8536
4175 4195 8370
4131 4218 8349
4127 4168 8295
4275 4297 8572
4293 4294 8587
4207 4254 8461
4147 4263 8410
4145 4228 8373
4177 4229 8406
4204 4264 8468
4212 4272 8484
4200 4206 8406
4286 4289 8575
4278 4295 8573
4220 4293 8513
4270 4276 8546
4259 4293 8552
4173 4270 8443
4274 4282 8556
4142 4293 8435
4242 4263 8505
4161 4251 8412
4289 4291 8580
4246 4276 8522
4283 4288 8571
4189 4221 8410
4153 4178 8331
4255 4267 8522
4117 4196 8313
4247 4252 8499
4228 4267 8495
4127 4138 8265
4182 4294 8476
4157 4227 8384
4196 4219 8415
4106 4151 8257
4232 4248 8480
4294 4296 8590
4180 4221 8401
4154 4273 8427
4247 4282 8529
4167 4290 8457
4276 4278 8554
4260 4289 8549
4169 4258 8427
4179 4288 8467
4210 4226 8436
4253 4255 8508
4109 4283 8392
4224 4246 8470
4157 4267 8424
4275 4290 8565
4264 4279 8543
4167 4297 8464
4299 4300 8599
4200 4290 8490
4276 4287 8563
4123 4238 8361
4206 4284 8490
4187 4276 8463
4193 4195 8388
4141 4161 8302
4131 4227 8358
4185 4260 8445
4105 4110 8215
4135 4166 8301
4188 4195 8383
4132 4159 8291
4271 4285 8556
4183 4223 8406
4262 4289 8551
4298 4299 8597
4272 4278 8550
4158 4276 8434
4158 4230 8388
4216 4266 8482
4214 4264 8478
4217 4266 8483
4279 4287 8566
4279 4288 8567
4296 4298 8594
4206 4216 8422
4223 4240 8463
4263 4290 8553
4134 4286 8420
4178 4183 8361
4124 4285 8409
4203 4263 8466
4172 4202 8374
4290 4293 8583
4265 4292 8557
4149 4292 8441
4164 4269 8433
4160 4279 8439
4269 4294 8563
4250 4293 8543
4250 4267 8517
4288 4295 8583
4214 4228 8442
4272 4299 8571
4210 4292 8502
4235 4256 8491
4114 4119 8233
4159 4212 8371
4221 4289 8510
4123 4226 8349
4231 4273 8504
4141 4261 8402
4196 4267 8463
4191 4225 8416
4244 4297 8541
4173 4184 8357
4236 4269 8505
4256 4292 8548
4120 4159 8279
4106 4131 8237
4244 4273 8517
4244 4272 8516
4185 4207 8392
4160 4292 8452
4139 4196 8335
4258 4297 8555
4256 4283 8539
4211 4259 8470
4245 4277 8522
4239 4250 8489
4219 4227 8446
4155 4243 8398
4175 4207 8382
4297 4298 8595
4155 4159 8314
4176 4255 8431
4297 4298 8595
4185 4197 8382
4136 4159 8295
4266 4274 8540
4124 4173 8297
4157 4172 8329
4273 4285 8558
4171 4215 8386
4101 4127 8228
4173 4284 8457
4209 4291 8500
4103 4147 8250
4233 4243 8476
4229 4263 8492
4191 4224 8415
4236 4237 8473
4258 4296 8554
4116 4209 8325
4261 4267 8528
4223 4284 8507
4233 4260 8493
4220 4256 8476
4267 4278 8545
4238 4297 8535
4220 4245 8465
4251 4255 8506
4173 4206 8379
4172 4282 8454
4234 4262 8496
4160 4177 8337
4290 4300 8590
4218 4224 8442
4181 4190 8371
4233 4299 8532
4111 4292 8403
4290 4292 8582
4103 4105 8208
4212 4289 8501
4292 4300 8592
4201 4219 8420
4152 4298 8450
4140 4168 8308
4254 4276 8530
4285 4293 8578
4120 4250 8370
4101 4242 8343
4149 4229 8378
4140 4177 8317
4248 4271 8519
4283 4300 8583
4142 4195 8337
4287 4300 8587
4238 4278 8516
4151 4238 8389
4123 4150 8273
4126 4282 8408
4153 4191 8344
4139 4142 8281
4106 4165 8271
4189 4253 8442
4233 4248 8481
4263 4290 8553
4196 4248 8444
4239 4276 8515
4220 4262 8482
4188 4297 8485
4272 4287 8559
4185 4220 8405
4101 4294 8395
4225 4248 8473
4192 4214 8406
4257 4295 8552
4181 4266 8447
4299 4300 8599
4177 4296 8473
4175 4285 8460
4183 4281 8464
4169 4262 8431
4137 4157 8294
4108 4184 8292
4294 4298 8592
4200 4278 8478
4100 4297 8397
4226 4228 8454
4226 4230 8456
4147 4225 8372
4248 4280 8528
4195 4298 8493
4276 4292 8568
4247 4273 8520
4139 4145 8284
4134 4169 8303
4142 4159 8301
4214 4276 8490
4249 4261 8510
4270 4291 8561
4183 4299 8482
4289 4292 8581
4266 4287 8553
4245 4269 8514
4286 4294 8580
4283 4299 8582
4212 4230 8442
4257 4270 8527
4124 4193 8317
4266 4282 8548
4261 4289 8550
4108 4219 8327
4199 4255 8454
4248 4274 8522
4196 4253 8449
4218 4251 8469
4181 4224 8405
4195 4275 8470
4160 4284 8444
4158 4293 8451
4294 4298 8592
4193 4293 8486
4129 4281 8410
4229 4245 8474
4133 4283 8416
4159 4180 8339
4247 4250 8497
4150 4231 8381
4216 4249 8465
4235 4278 8513
4224 4276 8500
4241 4254 8495
4207 4262 8469
4184 4291 8475
4158 4229 8387
4111 4135 8246
4281 4290 8571
4130 4238 8368
4288 4300 8588
4250 4289 8539
4198 4221 8419
4226 4243 8469
4136 4296 8432
4102 4105 8207
4272 4286 8558
4138 4244 8382
4269 4289 8558
4111 4121 8232
4203 4289 8492
4132 4184 8316
4226 4299 8525
4212 4288 8500
4128 4147 8275
4256 4278 8534
4151 4282 8433
4171 4201 8372
4108 4186 8294
4292 4296 8588
4215 4251 8466
4158 4246 8404
4135 4142 8277
4272 4291 8563
4130 4212 8342
4206 4262 8468
4274 4300 8574
4154 4166 8320
4259 4264 8523
4103 4225 8328
4104 4139 8243
4262 4280 8542
4125 4260 8385
4276 4285 8561
4153 4191 8344
4130 4287 8417
4114 4132 8246
4147 4296 8443
4195 4272 8467
4296 4297 8593
4197 4207 8404
4259 4274 8533
4194 4275 8469
4180 4194 8374
4185 4278 8463
4164 4270 8434
4241 4290 8531
4192 4231 8423
4169 4223 8392
4262 4300 8562
4290 4298 8588
4237 4263 8500
4282 4290 8572
4222 4291 8513
4171 4256 8427
4293 4300 8593
4270 4291 8561
4150 4237 8387
4105 4168 8273
4118 4262 8380
4266 4279 8545
4285 4287 8572
4130 4275 8405
4128 4131 8259
4259 4273 8532
4206 4269 8475
4150 4244 8394
4202 4245 8447
4157 4204 8361
4148 4174 8322
4182 4238 8420
4129 4145 8274
4284 4300 8584
4125 4246 8371
4296 4297 8593
4138 4157 8295
4206 4300 8506
4165 4171 8336
4234 4242 8476
4178 4228 8406
4200 4278 8478
4238 4267 8505
4109 4261 8370
4251 4273 8524
4233 4265 8498
4286 4287 8573
4252 4265 8517
4144 4194 8338
4253 4283 8536
4185 4282 8467
4197 4300 8497
4196 4264 8460
4187 4191 8378
4296 4297 8593
4119 4297 8416
4263 4279 8542
4257 4269 8526
4106 4294 8400
4157 4175 8332
4202 4239 8441
4206 4217 8423
4153 4209 8362
4243 4280 8523
4165 4218 8383
4169 4287 8456
4271 4280 8551
4191 4250 8441
4182 4256 8438
4240 4290 8530
4249 4254 8503
4265 4288 8553
4109 4213 8322
4228 4247 8475
4259 4270 8529
4238 4275 8513
4260 4284 8544
4203 4261 8464
4270 4276 8546
4298 4300 8598
4299 4300 8599
4214 4257 8471
4119 4160 8279
4149 4230 8379
4180 4184 8364
4117 4200 8317
4226 4292 8518
4295 4296 8591
4124 4259 8383
4184 4271 8455
4102 4293 8395
4151 4161 8312
4227 4290 8517
4223 4291 8514
4289 4293 8582
4208 4228 8436
4285 4288 8573
4156 4201 8357
4183 4274 8457
4101 4183 8284
4121 4265 8386
4256 4278 8534
4254 4266 8520
4152 4296 8448
4265 4271 8536
4236 4286 8522
4117 4119 8236
4222 4284 8506
4298 4300 8598
4241 4273 8514
4173 4204 8377
4253 4265 8518
4149 4232 8381
4258 4267 8525
4152 4239 8391
4240 4289 8529
4167 4192 8359
4129 4176 8305
4137 4145 8282
4234 4299 8533
4150 4173 8323
4207 4265 8472
4115 4146 8261
4178 4182 8360
4276 4282 8558
4248 4268 8516
4261 4286 8547
4167 4295 8462
4224 4295 8519
4215 4286 8501
4110 4288 8398
4124 4235 8359
4234 4256 8490
4270 4297 8567
4237 4278 8515
4102 4191 8293
4182 4257 8439
4104 4276 8380
4163 4299 8462
4179 4185 8364
4133 4178 8311
4283 4288 8571
4109 4275 8384
4149 4289 8438
4239 4285 8524
4121 4297 8418
4115 4277 8392
4152 4209 8361
4284 4299 8583
4182 4278 8460
4206 4267 8473
4241 4270 8511
4205 4216 8421
4223 4257 8480
4129 4144 8273
4296 4299 8595
4286 4295 8581
4273 4299 8572
4254 4284 8538
4263 4276 8539
4102 4170 8272
4279 4289 8568
4164 4284 8448
4131 4249 8380
4137 4145 8282
4145 4208 8353
4262 4287 8549
4210 4238 8448
4117 4278 8395
4250 4280 8530
4111 4226 8337
4239 4272 8511
4131 4258 8389
4240 4275 8515
4164 4299 8463
4178 4225 8403
4264 4282 8546
4170 4184 8354
4234 4249 8483
4212 4213 8425
4268 4270 8538
4181 4207 8388
4120 4222 8342
4274 4285 8559
4201 4251 8452
4263 4278 8541
4120 4126 8246
4135 4290 8425
4160 4235 8395
4169 4215 8384
4226 4252 8478
4135 4218 8353
4160 4279 8439
4151 4242 8393
4216 4292 8508
4266 4273 8539
4183 4277 8460
4129 4133 8262
4273 4282 8555
4102 4298 8400
4141 4281 8422
4215 4271 8486
4103 4196 8299
4232 4247 8479
4238 4267 8505
4177 4212 8389
4171 4248 8419
4189 4228 8417
4208 4279 8487
4237 4294 8531
4227 4255 8482
4116 4281 8397
4254 4290 8544
4149 4217 8366
4113 4244 8357
4150 4200 8350
4275 4284 8559
4256 4267 8523
4295 4299 8594
4201 4208 8409
4242 4280 8522
4224 4255 8479
4153 4267 8420
4209 4262 8471
4156 4202 8358
4197 4261 8458
4100 4255 8355
4113 4221 8334
4227 4255 8482
4256 4275 8531
4157 4236 8393
4121 4247 8368
4150 4203 8353
4282 4297 8579
4108 4214 8322
4136 4267 8403
4229 4230 8459
4141 4262 8403
4177 4258 8435
4220 4293 8513
4176 4262 8438
4291 4295 8586
4207 4287 8494
4136 4229 8365
4250 4292 8542
4191 4230 8421
4295 4300 8595
4110 4293 8403
4146 4282 8428
4298 4300 8598
4119 4185 8304
4237 4246 8483
4108 4257 8365
4143 4215 8358
4117 4137 8254
4204 4254 8458
4141 4184 8325
4281 4282 8563
4110 4214 8324
4200 4283 8483
4293 4294 8587
4131 4182 8313
4147 4202 8349
4171 4206 8377
4193 4293 8486
4160 4266 8426
4157 4191 8348
4198 4271 8469
4217 4273 8490
4261 4262 8523
4272 4279 8551
4137 4219 8356
4222 4271 8493
4228 4235 8463
4285 4299 8584
4120 4256 8376
4232 4242 8474
4291 4300 8591
4188 4281 8469
4120 4299 8419
4191 4218 8409
4180 4183 8363
4257 4260 8517
4194 4197 8391
4111 4281 8392
4214 4253 8467
4148 4184 8332
4160 4206 8366
4176 4242 8418
4268 4279 8547
4271 4292 8563
4159 4250 8409
4110 4164 8274
4189 4242 8431
4123 4272 8395
4276 4290 8566
4133 4280 8413
4292 4299 8591
4212 4233 8445
4242 4299 8541
4185 4193 8378
4113 4179 8292
4190 4277 8467
4122 4292 8414
4293 4299 8592
4279 4298 8577
4231 4272 8503
4220 4300 8520
4249 4287 8536
4120 4293 8413
4190 4282 8472
4134 4204 8338
4232 4273 8505
4263 4271 8534
4131 4182 8313
4202 4255 8457
4298 4300 8598
4268 4298 8566
4288 4291 8579
4109 4287 8396
4151 4286 8437
4222 4288 8510
4167 4170 8337
4230 4297 8527
4277 4286 8563
4267 4270 8537
4205 4208 8413
4124 4205 8329
4195 4273 8468
4188 4203 8391
4223 4282 8505
4227 4266 8493
4221 4288 8509
4223 4284 8507
4276 4284 8560
4257 4299 8556
4114 4193 8307
4141 4283 8424
4243 4254 8497
4132 4151 8283
4180 4214 8394
4294 4296 8590
4150 4232 8382
4230 4300 8530
4287 4292 8579
4138 4226 8364
4125 4269 8394
4292 4295 8587
4293 4294 8587
4194 4222 8416
4119 4205 8324
4243 4281 8524
4105 4151 8256
4238 4293 8531
4110 4185 8295
4229 4243 8472
4226 4241 8467
4128 4164 8292
4161 4286 8447
4187 4198 8385
4249 4289 8538
4288 4293 8581
4144 4157 8301
4195 4241 8436
4246 4272 8518
4202 4221 8423
4258 4292 8550
4140 4210 8350
4103 4212 8315
4174 4220 8394
4250 4267 8517
4288 4298 8586
4281 4286 8567
4183 4192 8375
4219 4255 8474
4282 4285 8567
4188 4194 8382
4262 4274 8536
4153 4260 8413
4104 4171 8275
4153 4297 8450
4287 4292 8579
4274 4299 8573
4274 4286 8560
4262 4296 8558
4276 4300 8576
4107 4230 8337
4244 4295 8539
4197 4240 8437
4178 4200 8378
4103 4158 8261
4265 4270 8535
4257 4268 8525
4265 4268 8533
4212 4240 8452
4121 4227 8348
4186 4275 8461
4272 4276 8548
4168 4208 8376
4133 4190 8323
4163 4234 8397
4273 4280 8553
4204 4260 8464
4200 4248 8448
4273 4276 8549
4232 4242 8474
4271 4290 8561
4248 4272 8520
4221 4223 8444
4258 4288 8546
4189 4284 8473
4222 4300 8522
4205 4218 8423
4100 4240 8340
4224 4254 8478
4139 4276 8415
4103 4137 8240
4298 4300 8598
4296 4297 8593
4204 4293 8497
4231 4295 8526
4241 4261 8502
4254 4256 8510
4246 4294 8540
4299 4300 8599
4159 4295 8454
4206 4272 8478
4125 4237 8362
4140 4183 8323
4274 4293 8567
4222 4231 8453
4251 4263 8514
4182 4207 8389
4262 4300 8562
4257 4292 8549
4181 4237 8418
4115 4166 8281
4276 4283 8559
4280 4295 8575
4114 4170 8284
4292 4299 8591
4183 4296 8479
4202 4250 8452
4198 4285 8483
4113 4157 8270
4128 4214 8342
4227 4300 8527
4100 4292 8392
4259 4284 8543
4261 4272 8533
4139 4148 8287
4211 4215 8426
4271 4291 8562
4222 4287 8509
4183 4207 8390
4147 4170 8317
4205 4300 8505
4241 4261 8502
4221 4283 8504
4232 4241 8473
4169 4282 8451
4231 4274 8505
4211 4215 8426
4133 4134 8267
4169 4239 8408
4270 4285 8555
4152 4242 8394
4157 4280 8437
4103 4184 8287
4224 4292 8516
4239 4268 8507
4287 4296 8583
4128 4156 8284
4189 4229 8418
4225 4236 8461
4232 4256 8488
4246 4274 8520
4252 4286 8538

4175 4177 8338
4108 4148 8224
4111 4178 8288
4179 4182 8345
4078 4189 8258
4114 4146 8242
4181 4184 8354
4106 4179 8267
4081 4148 8210
4062 4063 8118
4024 4036 8034
4137 4199 8325
4111 4151 8260
4194 4199 8356
4128 4193 8289
4179 4182 8359
4088 4197 8258
4154 4182 8311
4083 4193 8245
4192 4200 8365
4067 4121 8174
4079 4119 8166
4147 4182 8306
4067 4130 8183
4123 4172 8283
4073 4172 8243
4059 4124 8146
4093 4143 8221
4092 4121 8180
4052 4095 8142
4154 4168 8307
4114 4121 8229
4087 4091 8141
4158 4182 8304
4187 4190 8339
4131 4182 8294
4125 4200 8320
4096 4101 8169
4107 4168 8250
4075 4103 8165
4179 4188 8334
4012 4079 8085
4188 4189 8373
4190 4191 8363
4097 4173 8260
4070 4106 8147
4008 4169 8166
4086 4154 8236
4081 4114 8176
4103 4164 8246
4185 4186 8345
4137 4141 8273
4054 4107 8136
4118 4123 8211
4152 4181 8312
4096 4200 8272
4050 4193 8214
4032 4175 8189
4027 4105 8121
4034 4103 8113
4020 4103 8107
4057 4085 8111
4092 4169 8231
4192 4196 8349
4184 4187 8355
4139 4184 8302
4160 4162 8303
4042 4072 8112
4168 4190 8335
4159 4169 8297
4084 4148 8220
4099 4151 8232
4108 4116 8218
4122 4183 8290
4062 4086 8144
4104 4106 8199
4189 4192 8362
4154 4167 8304
4170 4186 8348
4055 4168 8194
4135 4196 8316
4065 4136 8170
4130 4172 8277
4069 4070 8122
4080 4086 8131
4106 4162 8248
4180 4191 8357
4032 4127 8155
4011 4062 8036
4122 4200 8317
4158 4174 8317
4128 4163 8261
4065 4169 8221
4177 4199 8355
4148 4149 8283
4088 4165 8233
4026 4064 8058
4130 4151 8252
4180 4193 8356
4137 4173 8277
4087 4174 8233
4087 4177 8259
4169 4196 8346
4193 4196 8380
4123 4196 8293
4088 4119 8175
4118 4193 8301
4144 4171 8302
4115 4146 8241
4149 4152 8288
4037 4175 8191
4011 4119 8094
4043 4180 8217
4162 4195 8321
4008 4198 8204
4101 4127 8214
4162 4174 8316
4075 4095 8139
4031 4118 8148
4027 4068 8091
4175 4197 8356
4193 4194 8376
4107 4154 8251
4047 4163 8205
4045 4128 8141
4077 4129 8205
4104 4164 8261
4112 4172 8271
4100 4106 8186
4186 4189 8338
4178 4195 8358
4120 4193 8306
4170 4176 8310
4159 4193 8315
4073 4170 8238
4174 4182 8324
4042 4193 8233
4142 4163 8296
4061 4151 8199
4189 4191 8342
4146 4176 8299
4183 4188 8338
4089 4121 8192
4053 4078 8114
4155 4167 8310
4017 4096 8098
4147 4152 8265
4128 4167 8285
4027 4038 8038
4082 4194 8244
4057 4127 8148
4096 4119 8195
4006 4051 8041
4132 4148 8279
4194 4196 8383
4080 4121 8171
4054 4173 8221
4147 4182 8314
4067 4190 8227
4176 4178 8324
4160 4189 8340
4069 4158 8212
4079 4188 8257
4110 4126 8230
4153 4155 8290
4009 4183 8156
4124 4146 8268
4057 4167 8209
4175 4190 8354
4164 4179 8318
4067 4197 8231
4199 4200 8383
4100 4190 8270
4176 4187 8339
4023 4138 8139
4106 4184 8268
4087 4176 8255
4093 4095 8166
4041 4061 8068
4031 4127 8143
4085 4160 8217
4005 4010 8011
4035 4066 8099
4088 4095 8168
4032 4059 8067
4171 4185 8327
4083 4123 8195
4162 4189 8318
4198 4199 8384
4172 4178 8328
4058 4176 8201
4058 4130 8178
4116 4166 8253
4114 4164 8274
4117 4166 8255
4179 4187 8345
4179 4188 8361
4196 4198 8355
4106 4116 8193
4123 4140 8239
4163 4190 8350
4034 4186 8219
4078 4083 8129
4024 4185 8184
4103 4163 8248
4072 4102 8169
4190 4193 8346
4165 4192 8351
4049 4192 8218
4064 4169 8204
4060 4179 8220
4169 4194 8347
4150 4193 8319
4150 4167 8309
4188 4195 8360
4114 4128 8227
4172 4199 8353
4110 4192 8270
4135 4156 8259
4014 4019 8028
4059 4112 8149
4121 4189 8302
4023 4126 8138
4131 4173 8284
4041 4161 8177
4096 4167 8253
4091 4125 8204
4144 4197 8320
4073 4084 8131
4136 4169 8276
4156 4192 8328
4020 4059 8071
4006 4031 8012
4144 4173 8308
4144 4172 8315
4085 4107 8157
4060 4192 8244
4039 4096 8113
4158 4197 8326
4156 4183 8332
4111 4159 8260
4145 4177 8288
4139 4150 8284
4119 4127 8243
4055 4143 8162
4075 4107 8162
4197 4198 8384
4055 4059 8097
4076 4155 8219
4197 4198 8361
4085 4097 8149
4036 4059 8064
4166 4174 8337
4024 4073 8095
4057 4072 8107
4173 4185 8319
4071 4115 8174
4001 4027 8025
4073 4184 8255
4109 4191 8264
4003 4047 8020
4133 4143 8269
4129 4163 8255
4091 4124 8212
4136 4137 8262
4158 4196 8345
4016 4109 8097
4161 4167 8327
4123 4184 8304
4133 4160 8255
4120 4156 8248
4167 4178 8314
4138 4197 8328
4120 4145 8233
4151 4155 8284
4073 4106 8162
4072 4182 8234
4134 4162 8285
4060 4077 8113
4190 4200 8366
4118 4124 8240
4081 4090 8147
4133 4199 8325
4011 4192 8193
4190 4192 8380
4003 4005 7991
4112 4189 8291
4192 4200 8390
4101 4119 8181
4052 4198 8226
4040 4068 8099
4154 4176 8315
4185 4193 8342
4020 4150 8144
4001 4142 8131
4049 4129 8140
4040 4077 8086
4148 4171 8317
4183 4200 8363
4042 4095 8111
4187 4200 8348
4138 4178 8283
4051 4138 8188
4023 4050 8046
4026 4182 8195
4053 4091 8117
4039 4042 8070
4006 4065 8037
4089 4153 8226
4133 4148 8256
4163 4190 8315
4096 4148 8232
4139 4176 8293
4120 4162 8260
4088 4197 8279
4172 4187 8332
4085 4120 8190
4001 4194 8164
4125 4148 8255
4092 4114 8181
4157 4195 8317
4081 4166 8244
4199 4200 8396
4077 4196 8237
4075 4185 8234
4083 4181 8260
4069 4162 8197
4037 4057 8071
4008 4084 8090
4194 4198 8378
4100 4178 8263
4000 4197 8162
4126 4128 8228
4126 4130 8233
4047 4125 8168
4148 4180 8300
4095 4198 8268
4176 4192 8354
4147 4173 8309
4039 4045 8083
4034 4069 8093
4042 4059 8080
4114 4176 8287
4149 4161 8271
4170 4191 8356
4083 4199 8255
4189 4192 8369
4166 4187 8336
4145 4169 8288
4186 4194 8356
4183 4199 8373
4112 4130 8221
4157 4170 8297
4024 4093 8104
4166 4182 8343
4161 4189 8317
4008 4119 8113
4099 4155 8219
4148 4174 8297
4096 4153 8231
4118 4151 8235
4081 4124 8191
4095 4175 8269
4060 4184 8239
4058 4193 8236
4194 4198 8385
4093 4193 8284
4029 4181 8178
4129 4145 8256
4033 4183 8190
4059 4080 8117
4147 4150 8271
4050 4131 8166
4116 4149 8261
4135 4178 8299
4124 4176 8281
4141 4154 8274
4107 4162 8246
4084 4191 8249
4058 4129 8160
4011 4035 8026
4181 4190 8353
4030 4138 8166
4188 4200 8374
4150 4189 8337
4098 4121 8212
4126 4143 8238
4036 4196 8214
4002 4005 7984
4172 4186 8334
4038 4144 8148
4169 4189 8340
4011 4021 8012
4103 4189 8254
4032 4084 8093
4126 4199 8306
4112 4188 8274
4028 4047 8056
4156 4178 8297
4051 4182 8212
4071 4101 8160
4008 4086 8056
4192 4196 8386
4115 4151 8231
4058 4146 8180
4035 4042 8040
4172 4191 8339
4030 4112 8110
4106 4162 8231
4174 4200 8373
4054 4066 8091
4159 4164 8311
4003 4125 8119
4004 4039 8024
4162 4180 8305
4025 4160 8147
4176 4185 8360
4053 4091 8140
4030 4187 8198
4014 4032 8014
4047 4196 8233
4095 4172 8246
4196 4197 8373
4097 4107 8184
4159 4174 8321
4094 4175 8235
4080 4094 8160
4085 4178 8260
4064 4170 8228
4141 4190 8312
4092 4131 8201
4069 4123 8169
4162 4200 8349
4190 4198 8362
4137 4163 8268
4182 4190 8364
4122 4191 8278
4071 4156 8196
4193 4200 8357
4170 4191 8326
4050 4137 8167
4005 4068 8042
4018 4162 8153
4166 4179 8331
4185 4187 8347
4030 4175 8169
4028 4031 8043
4159 4173 8322
4106 4169 8260
4050 4144 8163
4102 4145 8220
4057 4104 8123
4048 4074 8099
4082 4138 8195
4029 4045 8038
4184 4200 8377
4025 4146 8169
4196 4197 8359
4038 4057 8091
4106 4200 8271
4065 4071 8120
4134 4142 8252
4078 4128 8183
4100 4178 8265
4138 4167 8277
4009 4161 8155
4151 4173 8295
4133 4165 8268
4186 4187 8350
4152 4165 8279
4044 4094 8108
4153 4183 8299
4085 4182 8261
4097 4200 8273
4096 4164 8222
4087 4091 8143
4196 4197 8383
4019 4197 8182
4163 4179 8326
4157 4169 8312
4006 4194 8180
4057 4075 8104
4102 4139 8216
4106 4117 8194
4053 4109 8137
4143 4180 8294
4065 4118 8166
4069 4187 8236
4171 4180 8312
4091 4150 8209
4082 4156 8222
4140 4190 8309
4149 4154 8266
4165 4188 8337
4009 4113 8091
4128 4147 8250
4159 4170 8318
4138 4175 8292
4160 4184 8322
4103 4161 8260
4170 4176 8318
4198 4200 8396
4199 4200 8371
4114 4157 8235
4019 4060 8051
4049 4130 8153
4080 4084 8150
4017 4100 8098
4126 4192 8303
4195 4196 8365
4024 4159 8153
4084 4171 8223
4002 4193 8171
4051 4061 8089
4127 4190 8285
4123 4191 8277
4189 4193 8371
4108 4128 8225
4185 4188 8341
4056 4101 8131
4083 4174 8235
4001 4083 8059
4021 4165 8183
4156 4178 8318
4154 4166 8308
4052 4196 8237
4165 4171 8309
4136 4186 8303
4017 4019 7998
4122 4184 8277
4198 4200 8376
4141 4173 8280
4073 4104 8155
4153 4165 8292
4049 4132 8150
4158 4167 8312
4052 4139 8173
4140 4189 8326
4067 4092 8134
4029 4076 8070
4037 4045 8081
4134 4199 8326
4050 4073 8118
4107 4165 8240
4015 4046 8030
4078 4082 8148
4176 4182 8326
4148 4168 8310
4161 4186 8322
4067 4195 8229
4124 4195 8286
4115 4186 8281
4010 4188 8189
4024 4135 8151
4134 4156 8287
4170 4197 8357
4137 4178 8283
4002 4091 8086
4082 4157 8211
4004 4176 8154
4063 4199 8233
4079 4085 8132
4033 4078 8097
4183 4188 8356
4009 4175 8149
4049 4189 8200
4139 4185 8290
4021 4197 8181
4015 4177 8178
4052 4109 8134
4184 4199 8345
4082 4178 8242
4106 4167 8237
4141 4170 8308
4105 4116 8220
4123 4157 8261
4029 4044 8048
4196 4199 8361
4186 4195 8373
4173 4199 8349
4154 4184 8326
4163 4176 8330
4002 4070 8063
4179 4189 8329
4064 4184 8230
4031 4149 8172
4037 4045 8062
4045 4108 8142
4162 4187 8324
4110 4138 8228
4017 4178 8181
4150 4180 8304
4011 4126 8099
4139 4172 8285
4031 4158 8174
4140 4175 8304
4064 4199 8244
4078 4125 8192
4164 4182 8335
4070 4084 8133
4134 4149 8271
4112 4113 8193
4168 4170 8329
4081 4107 8174
4020 4122 8120
4174 4185 8337
4101 4151 8244
4163 4178 8335
4020 4026 8020
4035 4190 8198
4060 4135 8181
4069 4115 8152
4126 4152 8270
4035 4118 8132
4060 4179 8220
4051 4142 8180
4116 4192 8272
4166 4173 8305
4083 4177 8244
4029 4033 8038
4173 4182 8339
4002 4198 8174
4041 4181 8212
4115 4171 8265
4003 4096 8083
4132 4147 8246
4138 4167 8283
4077 4112 8156
4071 4148 8217
4089 4128 8213
4108 4179 8255
4137 4194 8294
4127 4155 8258
4016 4181 8175
4154 4190 8311
4049 4117 8128
4013 4144 8146
4050 4100 8144
4175 4184 8343
4156 4167 8305
4195 4199 8388
4101 4108 8175
4142 4180 8286
4124 4155 8258
4053 4167 8202
4109 4162 8263
4056 4102 8140
4097 4161 8251
4000 4155 8144
4013 4121 8128
4127 4155 8265
4156 4175 8329
4057 4136 8185
4021 4147 8155
4050 4103 8139
4182 4197 8350
4008 4114 8101
4036 4167 8190
4129 4130 8258
4041 4162 8195
4077 4158 8205
4120 4193 8278
4076 4162 8236
4191 4195 8361
4107 4187 8281
4036 4129 8131
4150 4192 8314
4091 4130 8197
4195 4200 8359
4010 4193 8178
4046 4182 8191
4198 4200 8377
4019 4085 8094
4137 4146 8245
4008 4157 8142
4043 4115 8146
4017 4037 8023
4104 4154 8231
4041 4084 8109
4181 4182 8327
4010 4114 8089
4100 4183 8255
4193 4194 8355
4031 4082 8083
4047 4102 8147
4071 4106 8170
4093 4193 8260
4060 4166 8208
4057 4091 8140
4098 4171 8258
4117 4173 8270
4161 4162 8285
4172 4179 8321
4037 4119 8143
4122 4171 8275
4128 4135 8238
4185 4199 8357
4020 4156 8147
4132 4142 8239
4191 4200 8378
4088 4181 8262
4020 4199 8207
4091 4118 8200
4080 4083 8152
4157 4160 8278
4094 4097 8164
4011 4181 8155
4114 4153 8245
4048 4084 8117
4060 4106 8143
4076 4142 8212
4168 4179 8310
4171 4192 8339
4059 4150 8187
4010 4064 8072
4089 4142 8210
4023 4172 8185
4176 4190 8327
4033 4180 8192
4192 4199 8380
4112 4133 8210
4142 4199 8312
4085 4093 8148
4013 4079 8072
4090 4177 8245
4022 4192 8213
4193 4199 8388
4179 4198 8347
4131 4172 8279
4120 4200 8284
4149 4187 8311
4020 4193 8196
4090 4182 8238
4034 4104 8135
4132 4173 8269
4163 4171 8330
4031 4082 8095
4102 4155 8246
4198 4200 8392
4168 4198 8344
4188 4191 8373
4009 4187 8191
4051 4186 8215
4122 4188 8290
4067 4070 8127
4130 4197 8294
4177 4186 8329
4167 4170 8306
4105 4108 8197
4024 4105 8115
4095 4173 8232
4088 4103 8186
4123 4182 8296
4127 4166 8288
4121 4188 8282
4123 4184 8285
4176 4184 8347
4157 4199 8318
4014 4093 8081
4041 4183 8193
4143 4154 8296
4032 4051 8048
4080 4114 8164
4194 4196 8385
4050 4132 8147
4130 4200 8291
4187 4192 8344
4038 4126 8138
4025 4169 8164
4192 4195 8376
4193 4194 8372
4094 4122 8182
4019 4105 8104
4143 4181 8300
4005 4051 8036
4138 4193 8296
4010 4085 8086
4129 4143 8242
4126 4141 8262
4028 4064 8086
4061 4186 8214
4087 4098 8166
4149 4189 8304
4188 4193 8353
4044 4057 8074
4095 4141 8227
4146 4172 8290
4102 4121 8188
4158 4192 8313
4040 4110 8147
4003 4112 8111
4074 4120 8162
4150 4167 8315
4188 4198 8377
4181 4186 8364
4083 4092 8169
4119 4155 8237
4182 4185 8351
4088 4094 8160
4162 4174 8316
4053 4160 8182
4004 4071 8074
4053 4197 8248
4187 4192 8364
4174 4199 8367
4174 4186 8347
4162 4196 8351
4176 4200 8347
4007 4130 8103
4144 4195 8334
4097 4140 8214
4078 4100 8141
4003 4058 8052
4165 4170 8305
4157 4168 8293
4165 4168 8300
4112 4140 8230
4021 4127 8141
4086 4175 8226
4172 4176 8321
4068 4108 8159
4033 4090 8103
4063 4134 8184
4173 4180 8325
4104 4160 8256
4100 4148 8215
4173 4176 8322
4132 4142 8236
4171 4190 8324
4148 4172 8318
4121 4123 8234
4158 4188 8329
4089 4184 8265
4122 4200 8302
4105 4118 8184
4000 4140 8128
4124 4154 8269
4039 4176 8190
4003 4037 8039
4198 4200 8383
4196 4197 8363
4104 4193 8293
4131 4195 8288
4141 4161 8274
4154 4156 8299
4146 4194 8316
4199 4200 8378
4059 4195 8235
4106 4172 8252
4025 4137 8133
4040 4083 8111
4174 4193 8340
4122 4131 8238
4151 4163 8295
4082 4107 8172
4162 4200 8331
4157 4192 8328
4081 4137 8187
4015 4066 8059
4176 4183 8358
4180 4195 8346
4014 4070 8083
4192 4199 8385
4083 4196 8272
4102 4150 8229
4098 4185 8251
4013 4057 8061
4028 4114 8141
4127 4200 8318
4000 4192 8187
4159 4184 8338
4161 4172 8294
4039 4048 8076
4111 4115 8194
4171 4191 8331
4122 4187 8308
4083 4107 8184
4047 4070 8092
4105 4200 8297
4141 4161 8270
4121 4183 8281
4132 4141 8257
4069 4182 8223
4131 4174 8271
4111 4115 8212
4033 4034 8046
4069 4139 8188
4170 4185 8317
4052 4142 8162
4057 4180 8206
4003 4084 8056
4124 4192 8299
4139 4168 8273
4187 4196 8378
4028 4056 8074
4089 4129 8200
4125 4136 8256
4132 4156 8251
4146 4174 8286
4152 4186 8321

0.010000 0.700000
