900
4443913
4122 4257 8379
4155 4175 8330
4150 4159 8309
4161 4256 8417
4261 4291 8552
4297 4298 8595
4274 4286 8560
4169 4267 8436
4246 4258 8504
4249 4271 8520
4232 4270 8502
4248 4272 8520
4166 4272 8438
4234 4267 8501
4109 4222 8331
4236 4283 8519
4184 4251 8435
4281 4282 8563
4296 4300 8596
4102 4261 8363
4196 4285 8481
4281 4297 8578
4150 4212 8362
4142 4250 8392
4160 4299 8459
4128 4233 8361
4200 4211 8411
4162 4230 8392
4136 4222 8358
4111 4125 8236
4195 4292 8487
4154 4262 8416
4248 4259 8507
4266 4298 8564
4112 4270 8382
4118 4160 8278
4119 4230 8349
4192 4194 8386
4214 4242 8456
4251 4300 8551
4182 4202 8384
4180 4270 8450
4277 4284 8561
4107 4180 8287
4154 4256 8410
4196 4274 8470
4100 4300 8400
4228 4264 8492
4255 4296 8551
4169 4199 8368
4102 4291 8393
4171 4184 8355
4262 4279 8541
4280 4299 8579
4176 4257 8433
4298 4300 8598
4112 4167 8279
4184 4252 8436
4191 4255 8446
4119 4267 8386
4203 4257 8460
4188 4280 8468
4136 4156 8292
4158 4211 8369
4149 4175 8324
4178 4211 8389
4192 4227 8419
4113 4265 8378
4199 4299 8498
4164 4288 8452
4141 4290 8431
4181 4186 8367
4156 4165 8321
4286 4295 8581
4180 4265 8445
4249 4272 8521
4250 4261 8511
4169 4205 8374
4157 4243 8400
4138 4141 8279
4112 4162 8274
4159 4240 8399
4173 4179 8352
4241 4263 8504
4153 4291 8444
4159 4283 8442
4243 4256 8499
4185 4245 8430
4225 4243 8468
4162 4217 8379
4197 4276 8473
4259 4286 8545
4142 4239 8381
4159 4248 8407
4171 4205 8376
4276 4277 8553
4241 4260 8501
4147 4262 8409
4132 4275 8407
4296 4298 8594
4133 4212 8345
4228 4264 8492
4216 4238 8454
4104 4294 8398
4278 4299 8577
4264 4294 8558
4174 4207 8381
4105 4182 8287
4150 4256 8406
4136 4205 8341
4200 4300 8500
4278 4283 8561
4205 4284 8489
4298 4300 8598
4164 4198 8362
4264 4268 8532
4135 4183 8318
4238 4251 8489
4100 4168 8268
4156 4188 8344
4123 4280 8403
4272 4300 8572
4209 4246 8455
4262 4282 8544
4201 4294 8495
4224 4291 8515
4259 4295 8554
4140 4203 8343
4100 4273 8373
4278 4296 8574
4204 4209 8413
4284 4291 8575
4289 4296 8585
4145 4159 8304
4246 4274 8520
4210 4274 8484
4286 4297 8583
4128 4201 8329
4187 4266 8453
4204 4287 8491
4254 4291 8545
4281 4296 8577
4292 4299 8591
4136 4261 8397
4236 4289 8525
4250 4290 8540
4236 4278 8514
4120 4195 8315
4183 4184 8367
4278 4293 8571
4182 4232 8414
4171 4221 8392
4118 4240 8358
4274 4275 8549
4291 4299 8590
4167 4187 8354
4100 4158 8258
4255 4298 8553
4241 4273 8514
4165 4201 8366
4190 4258 8448
4298 4300 8598
4185 4253 8438
4189 4262 8451
4179 4263 8442
4138 4207 8345
4289 4290 8579
4235 4252 8487
4235 4283 8518
4248 4251 8499
4210 4282 8492
4266 4283 8549
4139 4272 8411
4197 4218 8415
4218 4275 8493
4247 4278 8525
4231 4258 8489
4272 4279 8551
4108 4212 8320
4248 4251 8499
4177 4185 8362
4238 4251 8489
4270 4293 8563
4142 4180 8322
4282 4291 8573
4143 4243 8386
4269 4276 8545
4279 4299 8578
4104 4156 8260
4125 4254 8379
4109 4122 8231
4272 4299 8571
4135 4277 8412
4287 4293 8580
4179 4201 8380
4115 4211 8326
4123 4158 8281
4103 4281 8384
4286 4287 8573
4261 4274 8535
4276 4289 8565
4248 4290 8538
4139 4285 8424
4275 4298 8573
4251 4257 8508
4107 4246 8353
4209 4237 8446
4156 4170 8326
4277 4284 8561
4235 4269 8504
4205 4210 8415
4153 4176 8329
4173 4223 8396
4214 4229 8443
4295 4296 8591
4252 4268 8520
4176 4245 8421
4247 4295 8542
4236 4291 8527
4127 4176 8303
4147 4232 8379
4113 4202 8315
4198 4278 8476
4198 4263 8461
4247 4298 8545
4278 4297 8575
4257 4259 8516
4262 4267 8529
4177 4181 8358
4272 4299 8571
4223 4240 8463
4246 4260 8506
4283 4296 8579
4134 4284 8418
4231 4295 8526
4174 4203 8377
4183 4209 8392
4107 4149 8256
4210 4246 8456
4223 4236 8459
4182 4265 8447
4299 4300 8599
4247 4261 8508
4131 4180 8311
4268 4279 8547
4175 4182 8357
4271 4298 8569
4102 4107 8209
4118 4291 8409
4138 4264 8402
4283 4298 8581
4237 4251 8488
4175 4260 8435
4132 4193 8325
4100 4136 8236
4221 4242 8463
4199 4280 8479
4190 4297 8487
4124 4272 8396
4125 4170 8295
4277 4299 8576
4214 4249 8463
4276 4286 8562
4160 4206 8366
4119 4207 8326
4236 4287 8523
4278 4279 8557
4205 4233 8438
4232 4241 8473
4230 4279 8509
4252 4272 8524
4216 4289 8505
4210 4279 8489
4209 4260 8469
4153 4227 8380
4174 4280 8454
4164 4210 8374
4224 4250 8474
4126 4179 8305
4165 4291 8456
4117 4226 8343
4153 4268 8421
4200 4208 8408
4193 4194 8387
4202 4272 8474
4165 4299 8464
4185 4197 8382
4134 4266 8400
4149 4155 8304
4263 4265 8528
4147 4205 8352
4193 4236 8429
4127 4276 8403
4136 4218 8354
4261 4291 8552
4185 4262 8447
4240 4289 8529
4202 4275 8477
4135 4179 8314
4166 4271 8437
4268 4275 8543
4243 4276 8519
4280 4299 8579
4215 4233 8448
4153 4216 8369
4131 4145 8276
4275 4276 8551
4170 4244 8414
4238 4262 8500
4201 4264 8465
4206 4261 8467
4230 4248 8478
4110 4213 8323
4251 4297 8548
4275 4286 8561
4181 4283 8464
4190 4283 8473
4132 4300 8432
4202 4247 8449
4272 4294 8566
4219 4273 8492
4121 4265 8386
4295 4299 8594
4250 4265 8515
4143 4229 8372
4110 4228 8338
4249 4275 8524
4113 4228 8341
4190 4254 8444
4166 4240 8406
4291 4293 8584
4154 4203 8357
4205 4218 8423
4218 4270 8488
4222 4248 8470
4244 4298 8542
4123 4285 8408
4252 4283 8535
4230 4235 8465
4166 4185 8351
4242 4279 8521
4115 4283 8398
4236 4293 8529
4196 4242 8438
4183 4259 8442
4176 4184 8360
4165 4186 8351
4207 4265 8472
4169 4208 8377
4257 4271 8528
4258 4268 8526
4149 4167 8316
4215 4244 8459
4277 4288 8565
4136 4243 8379
4144 4241 8385
4182 4268 8450
4249 4297 8546
4256 4274 8530
4282 4283 8565
4105 4210 8315
4282 4296 8578
4201 4266 8467
4225 4244 8469
4193 4194 8387
4196 4251 8447
4285 4291 8576
4206 4253 8459
4192 4219 8411
4241 4250 8491
4138 4167 8305
4140 4190 8330
4201 4265 8466
4181 4283 8464
4195 4264 8459
4238 4285 8523
4154 4255 8409
4192 4244 8436
4158 4196 8354
4177 4298 8475
4213 4255 8468
4165 4224 8389
4167 4186 8353
4291 4299 8590
4171 4217 8388
4162 4237 8399
4269 4282 8551
4115 4225 8340
4234 4284 8518
4200 4230 8430
4251 4288 8539
4242 4275 8517
4113 4232 8345
4293 4299 8592
4186 4243 8429
4266 4280 8546
4226 4296 8522
4255 4262 8517
4262 4280 8542
4118 4264 8382
4256 4287 8543
4292 4293 8585
4111 4177 8288
4162 4248 8410
4113 4214 8327
4279 4280 8559
4104 4264 8368
4147 4263 8410
4126 4208 8334
4284 4294 8578
4237 4261 8498
4289 4292 8581
4200 4250 8450
4119 4240 8359
4161 4209 8370
4235 4296 8531
4278 4291 8569
4129 4182 8311
4158 4200 8358
4162 4226 8388
4173 4264 8437
4115 4192 8307
4250 4264 8514
4155 4176 8331
4230 4236 8466
4192 4200 8392
4230 4270 8500
4255 4284 8539
4271 4300 8571
4278 4292 8570
4160 4191 8351
4172 4249 8421
4299 4300 8599
4148 4174 8322
4131 4154 8285
4232 4278 8510
4220 4267 8487
4297 4300 8597
4206 4263 8469
4220 4250 8470
4162 4223 8385
4124 4138 8262
4123 4150 8273
4271 4278 8549
4252 4255 8507
4151 4154 8305
4225 4298 8523
4197 4267 8464
4183 4290 8473
4249 4259 8508
4237 4260 8497
4119 4288 8407
4173 4183 8356
4115 4155 8270
4116 4229 8345
4259 4273 8532
4265 4287 8552
4226 4300 8526
4252 4253 8505
4134 4210 8344
4104 4178 8282
4278 4286 8564
4236 4263 8499
4104 4167 8271
4265 4297 8562
4210 4237 8447
4113 4200 8313
4112 4245 8357
4200 4285 8485
4156 4294 8450
4123 4225 8348
4137 4298 8435
4184 4196 8380
4166 4298 8464
4199 4267 8466
4213 4259 8472
4232 4286 8518
4166 4270 8436
4287 4290 8577
4168 4201 8369
4192 4267 8459
4146 4253 8399
4231 4293 8524
4208 4269 8477
4220 4292 8512
4255 4280 8535
4266 4295 8561
4203 4262 8465
4248 4278 8526
4227 4253 8480
4100 4123 8223
4240 4256 8496
4237 4276 8513
4113 4146 8259
4161 4181 8342
4265 4276 8541
4155 4286 8441
4292 4296 8588
4167 4203 8370
4257 4265 8522
4175 4215 8390
4215 4269 8484
4159 4282 8441
4122 4188 8310
4199 4288 8487
4156 4260 8416
4114 4177 8291
4298 4300 8598
4140 4158 8298
4299 4300 8599
4162 4228 8390
4190 4296 8486
4200 4251 8451
4196 4201 8397
4271 4282 8553
4118 4232 8350
4137 4204 8341
4231 4295 8526
4259 4270 8529
4282 4299 8581
4268 4284 8552
4252 4278 8530
4160 4209 8369
4237 4284 8521
4294 4300 8594
4270 4273 8543
4256 4289 8545
4249 4290 8539
4159 4167 8326
4268 4289 8557
4173 4231 8404
4250 4292 8542
4208 4282 8490
4171 4226 8397
4203 4264 8467
4239 4257 8496
4143 4202 8345
4189 4216 8405
4252 4256 8508
4269 4284 8553
4152 4206 8358
4294 4300 8594
4211 4257 8468
4109 4163 8272
4159 4227 8386
4200 4276 8476
4218 4282 8500
4129 4144 8273
4123 4296 8419
4172 4182 8354
4144 4148 8292
4138 4260 8398
4174 4205 8379
4171 4240 8411
4109 4177 8286
4148 4157 8305
4139 4159 8298
4245 4297 8542
4193 4256 8449
4126 4207 8333
4190 4252 8442
4194 4233 8427
4141 4285 8426
4236 4261 8497
4298 4299 8597
4286 4294 8580
4223 4292 8515
4103 4236 8339
4208 4235 8443
4250 4294 8544
4292 4296 8588
4167 4185 8352
4252 4285 8537
4295 4297 8592
4145 4256 8401
4254 4271 8525
4213 4228 8441
4173 4297 8470
4299 4300 8599
4216 4256 8472
4252 4254 8506
4277 4297 8574
4112 4130 8242
4121 4275 8396
4100 4251 8351
4146 4184 8330
4166 4262 8428
4199 4257 8456
4140 4228 8368
4167 4215 8382
4155 4246 8401
4113 4176 8289
4257 4267 8524
4212 4300 8512
4212 4286 8498
4191 4233 8424
4223 4273 8496
4130 4167 8297
4106 4259 8365
4203 4241 8444
4210 4242 8452
4273 4288 8561
4114 4209 8323
4128 4191 8319
4296 4300 8596
4151 4188 8339
4125 4280 8405
4265 4295 8560
4130 4239 8369
4219 4260 8479
4104 4203 8307
4284 4285 8569
4235 4299 8534
4218 4269 8487
4140 4161 8301
4128 4200 8328
4176 4192 8368
4289 4296 8585
4273 4284 8557
4100 4273 8373
4241 4242 8483
4235 4296 8531
4110 4171 8281
4274 4291 8565
4287 4294 8581
4156 4166 8322
4164 4237 8401
4147 4168 8315
4134 4135 8269
4175 4224 8399
4253 4263 8516
4275 4298 8573
4253 4272 8525
4148 4160 8308
4231 4282 8513
4280 4298 8578
4116 4163 8279
4213 4277 8490
4158 4179 8337
4158 4271 8429
4134 4292 8426
4195 4235 8430
4225 4235 8460
4134 4277 8411
4128 4245 8373
4100 4268 8368
4156 4194 8350
4167 4172 8339
4184 4270 8454
4231 4232 8463
4110 4148 8258
4164 4254 8418
4162 4294 8456
4185 4215 8400
4275 4282 8557
4113 4224 8337
4167 4254 8421
4274 4299 8573
4269 4299 8568
4135 4275 8410
4287 4299 8586
4227 4279 8506
4111 4222 8333
4199 4211 8410
4137 4145 8282
4219 4241 8460
4155 4182 8337
4214 4230 8444
4185 4287 8472
4202 4266 8468
4237 4238 8475
4197 4229 8426
4209 4262 8471
4212 4258 8470
4287 4290 8577
4124 4218 8342
4123 4135 8258
4297 4299 8596
4231 4261 8492
4190 4198 8388
4270 4294 8564
4260 4261 8521
4286 4295 8581
4263 4281 8544
4127 4228 8355
4290 4292 8582
4218 4290 8508
4149 4268 8417
4243 4298 8541
4268 4273 8541
4167 4287 8454
4213 4222 8435
4114 4136 8250
4264 4292 8556
4281 4289 8570
4167 4212 8379
4246 4247 8493
4180 4259 8439
4261 4283 8544
4115 4205 8320
4213 4260 8473
4141 4291 8432
4202 4237 8439
4285 4298 8583
4291 4295 8586
4230 4266 8496
4178 4197 8375
4142 4144 8286
4156 4268 8424
4291 4299 8590
4189 4234 8423
4293 4298 8591
4297 4300 8597
4280 4297 8577
4280 4287 8567
4261 4268 8529
4104 4244 8348
4293 4297 8590
4250 4291 8541
4143 4151 8294
4114 4210 8324
4196 4282 8478
4129 4136 8265
4299 4300 8599
4287 4300 8587
4134 4197 8331
4211 4300 8511
4114 4239 8353
4229 4273 8502
4282 4285 8567
4158 4260 8418
4200 4250 8450
4153 4196 8349
4126 4299 8425
4108 4259 8367
4111 4149 8260
4213 4284 8497
4202 4263 8465
4185 4233 8418
4206 4268 8474
4203 4231 8434
4130 4145 8275
4104 4149 8253
4219 4229 8448
4257 4285 8542
4284 4295 8579
4166 4253 8419
4222 4226 8448
4198 4213 8411
4106 4239 8345
4236 4265 8501
4240 4290 8530
4139 4262 8401
4202 4296 8498
4259 4286 8545
4242 4267 8509
4286 4292 8578
4187 4281 8468
4164 4169 8333
4290 4295 8585
4284 4288 8572
4290 4298 8588
4190 4281 8471
4107 4192 8299
4134 4284 8418
4117 4127 8244
4259 4298 8557
4203 4299 8502
4293 4298 8591
4295 4299 8594
4197 4258 8455
4194 4210 8404
4280 4291 8571
4133 4300 8433
4261 4291 8552
4289 4300 8589
4230 4233 8463
4183 4205 8388
4149 4299 8448
4233 4280 8513
4255 4262 8517
4210 4223 8433
4224 4234 8458
4285 4294 8579
4200 4283 8483
4212 4222 8434
4294 4299 8593
4250 4271 8521
4296 4298 8594
4209 4261 8470
4284 4294 8578
4285 4293 8578
4172 4242 8414
4294 4296 8590
4228 4261 8489
4140 4175 8315
4122 4234 8356
4219 4291 8510
4145 4288 8433
4169 4241 8410
4244 4273 8517
4133 4228 8361
4197 4220 8417
4180 4264 8444
4211 4299 8510
4188 4259 8447
4199 4213 8412
4167 4251 8418
4287 4293 8580
4209 4246 8455
4239 4260 8499
4279 4285 8564
4133 4163 8296
4124 4167 8291
4173 4287 8460
4249 4274 8523
4240 4283 8523
4276 4296 8572
4138 4190 8328
4227 4295 8522
4179 4200 8379
4191 4282 8473
4100 4286 8386
4204 4294 8498
4278 4295 8573
4268 4273 8541
4144 4195 8339
4133 4249 8382
4127 4179 8306
4199 4270 8469
4299 4300 8599
4129 4258 8387
4235 4237 8472
4157 4162 8319
4138 4298 8436
4162 4202 8364
4261 4293 8554
4119 4246 8365
4204 4239 8443
4229 4249 8478
4190 4265 8455
4147 4290 8437
4140 4230 8370
4272 4295 8567
4190 4220 8410
4136 4156 8292
4227 4267 8494
4203 4240 8443
4219 4228 8447
4265 4279 8544
4222 4263 8485
4236 4287 8523
4168 4191 8359
4126 4128 8254
4124 4190 8314
4263 4284 8547
4240 4285 8525
4143 4269 8412
4211 4226 8437
4276 4298 8574
4195 4226 8421
4297 4298 8595
4108 4225 8333
4146 4203 8349
4224 4231 8455
4229 4259 8488
4172 4295 8467
4205 4218 8423
4132 4253 8385
4255 4294 8549
4108 4125 8233
4131 4215 8346
4226 4242 8468
4268 4294 8562
4124 4255 8379
4252 4269 8521
4132 4299 8431
4239 4279 8518
4179 4293 8472
4234 4298 8532
4161 4261 8422
4132 4292 8424
4147 4185 8332
4174 4212 8386
4240 4249 8489
4245 4280 8525
4179 4237 8416
4221 4261 8482
4292 4294 8586
4196 4205 8401
4101 4177 8278
4258 4281 8539
4152 4237 8389
4258 4282 8540
4138 4171 8309
4229 4289 8518
4261 4292 8553
4232 4261 8493
4146 4192 8338
4164 4215 8379

4022 4157 8158
4055 4075 8113
4050 4059 8080
4061 4156 8216
4161 4191 8345
4197 4198 8374
4174 4186 8339
4069 4167 8208
4146 4158 8275
4149 4171 8316
4132 4170 8267
4148 4172 8306
4066 4172 8212
4134 4167 8264
4009 4122 8113
4136 4183 8297
4084 4151 8213
4181 4182 8343
4196 4200 8369
4002 4161 8137
4096 4185 8256
4181 4197 8344
4050 4112 8132
4042 4150 8158
4060 4199 8256
4028 4133 8132
4100 4111 8196
4062 4130 8169
4036 4122 8136
4011 4025 8002
4095 4192 8285
4054 4162 8211
4148 4159 8273
4166 4198 8347
4012 4170 8164
4018 4060 8077
4019 4130 8111
4092 4094 8164
4114 4142 8245
4151 4200 8347
4082 4102 8160
4080 4170 8232
4177 4184 8337
4007 4080 8079
4054 4156 8197
4096 4174 8255
4000 4200 8176
4128 4164 8253
4155 4196 8340
4069 4099 8139
4002 4191 8173
4071 4084 8124
4162 4179 8334
4180 4199 8348
4076 4157 8219
4198 4200 8384
4012 4067 8061
4084 4152 8215
4091 4155 8223
4019 4167 8168
4103 4157 8239
4088 4180 8232
4036 4056 8054
4058 4111 8138
4049 4075 8093
4078 4111 8173
4092 4127 8209
4013 4165 8151
4099 4199 8293
4064 4188 8216
4041 4190 8213
4081 4086 8135
4056 4065 8086
4186 4195 8348
4080 4165 8223
4149 4172 8309
4150 4161 8291
4069 4105 8156
4057 4143 8171
4038 4041 8074
4012 4062 8036
4059 4140 8198
4073 4079 8127
4141 4163 8285
4053 4191 8227
4059 4183 8223
4143 4156 8268
4085 4145 8228
4125 4143 8242
4062 4117 8152
4097 4176 8242
4159 4186 8343
4042 4139 8150
4059 4148 8196
4071 4105 8169
4176 4177 8351
4141 4160 8276
4047 4162 8196
4032 4175 8183
4196 4198 8391
4033 4112 8128
4128 4164 8263
4116 4138 8222
4004 4194 8178
4178 4199 8367
4164 4194 8334
4074 4107 8175
4005 4082 8083
4050 4156 8195
4036 4105 8116
4100 4200 8273
4178 4183 8336
4105 4184 8261
4198 4200 8392
4064 4098 8160
4164 4168 8315
4035 4083 8087
4138 4151 8286
4000 4068 8064
4056 4088 8106
4023 4180 8173
4172 4200 8342
4109 4146 8234
4162 4182 8311
4101 4194 8262
4124 4191 8294
4159 4195 8337
4040 4103 8118
4000 4173 8163
4178 4196 8336
4104 4109 8187
4184 4191 8336
4189 4196 8374
4045 4059 8084
4146 4174 8301
4110 4174 8247
4186 4197 8345
4028 4101 8107
4087 4166 8246
4104 4187 8258
4154 4191 8331
4181 4196 8352
4192 4199 8389
4036 4161 8194
4136 4189 8315
4150 4190 8321
4136 4178 8286
4020 4095 8110
4083 4084 8161
4178 4193 8343
4082 4132 8211
4071 4121 8169
4018 4140 8148
4174 4175 8314
4191 4199 8367
4067 4087 8131
4000 4058 8050
4155 4198 8348
4141 4173 8310
4065 4101 8134
4090 4158 8222
4198 4200 8393
4085 4153 8231
4089 4162 8230
4079 4163 8228
4038 4107 8114
4189 4190 8373
4135 4152 8276
4135 4183 8281
4148 4151 8269
4110 4182 8280
4166 4183 8325
4039 4172 8174
4097 4118 8193
4118 4175 8259
4147 4178 8320
4131 4158 8277
4172 4179 8336
4008 4112 8115
4148 4151 8271
4077 4085 8141
4138 4151 8254
4170 4193 8346
4042 4080 8096
4182 4191 8334
4043 4143 8162
4169 4176 8316
4179 4199 8374
4004 4056 8025
4025 4154 8142
4009 4022 7993
4172 4199 8366
4035 4177 8190
4187 4193 8374
4079 4101 8171
4015 4111 8118
4023 4058 8067
4003 4181 8174
4186 4187 8335
4161 4174 8309
4176 4189 8345
4148 4190 8320
4039 4185 8215
4175 4198 8367
4151 4157 8286
4007 4146 8149
4109 4137 8220
4056 4070 8099
4177 4184 8344
4135 4169 8270
4105 4110 8211
4053 4076 8098
4073 4123 8171
4114 4129 8224
4195 4196 8365
4152 4168 8297
4076 4145 8200
4147 4195 8313
4136 4191 8289
4027 4076 8097
4047 4132 8159
4013 4102 8078
4098 4178 8253
4098 4163 8236
4147 4198 8318
4178 4197 8370
4157 4159 8293
4162 4167 8315
4077 4081 8154
4172 4199 8350
4123 4140 8258
4146 4160 8280
4183 4196 8375
4034 4184 8216
4131 4195 8299
4074 4103 8145
4083 4109 8189
4007 4049 8044
4110 4146 8245
4123 4136 8253
4082 4165 8219
4199 4200 8368
4147 4161 8306
4031 4080 8095
4168 4179 8311
4075 4082 8152
4171 4198 8356
4002 4007 7976
4018 4191 8194
4038 4164 8176
4183 4198 8369
4137 4151 8278
4075 4160 8205
4032 4093 8123
4000 4036 8008
4121 4142 8240
4099 4180 8248
4090 4197 8280
4024 4172 8158
4025 4070 8067
4177 4199 8358
4114 4149 8235
4176 4186 8345
4060 4106 8158
4019 4107 8108
4136 4187 8293
4178 4179 8348
4105 4133 8227
4132 4141 8240
4130 4179 8300
4152 4172 8302
4116 4189 8268
4110 4179 8286
4109 4160 8266
4053 4127 8173
4074 4180 8227
4064 4110 8136
4124 4150 8264
4026 4079 8088
4065 4191 8221
4017 4126 8140
4053 4168 8210
4100 4108 8195
4093 4094 8184
4102 4172 8270
4065 4199 8228
4085 4097 8167
4034 4166 8163
4049 4055 8080
4163 4165 8316
4047 4105 8131
4093 4136 8198
4027 4176 8167
4036 4118 8145
4161 4191 8331
4085 4162 8245
4140 4189 8295
4102 4175 8267
4035 4079 8084
4066 4171 8227
4168 4175 8337
4143 4176 8317
4180 4199 8347
4115 4133 8237
4053 4116 8147
4031 4045 8040
4175 4176 8317
4070 4144 8186
4138 4162 8284
4101 4164 8233
4106 4161 8259
4130 4148 8250
4010 4113 8091
4151 4197 8344
4175 4186 8329
4081 4183 8254
4090 4183 8240
4032 4200 8194
4102 4147 8220
4172 4194 8353
4119 4173 8285
4021 4165 8152
4195 4199 8378
4150 4165 8300
4043 4129 8137
4010 4128 8115
4149 4175 8301
4013 4128 8120
4090 4154 8240
4066 4140 8200
4191 4193 8358
4054 4103 8134
4105 4118 8192
4118 4170 8284
4122 4148 8239
4144 4198 8341
4023 4185 8201
4152 4183 8328
4130 4135 8235
4066 4085 8146
4142 4179 8296
4015 4183 8178
4136 4193 8297
4096 4142 8208
4083 4159 8217
4076 4084 8144
4065 4086 8131
4107 4165 8237
4069 4108 8173
4157 4171 8320
4158 4168 8323
4049 4067 8101
4115 4144 8256
4177 4188 8349
4036 4143 8147
4044 4141 8166
4082 4168 8214
4149 4197 8342
4156 4174 8294
4182 4183 8329
4005 4110 8084
4182 4196 8373
4101 4166 8237
4125 4144 8235
4093 4094 8186
4096 4151 8225
4185 4191 8373
4106 4153 8234
4092 4119 8204
4141 4150 8284
4038 4067 8075
4040 4090 8126
4101 4165 8258
4081 4183 8261
4095 4164 8252
4138 4185 8306
4054 4155 8196
4092 4144 8216
4058 4096 8151
4077 4198 8248
4113 4155 8252
4065 4124 8177
4067 4086 8137
4191 4199 8354
4071 4117 8151
4062 4137 8189
4169 4182 8316
4015 4125 8118
4134 4184 8294
4100 4130 8224
4151 4188 8326
4142 4175 8309
4013 4132 8140
4193 4199 8377
4086 4143 8226
4166 4180 8342
4126 4196 8292
4155 4162 8284
4162 4180 8315
4018 4164 8169
4156 4187 8320
4192 4193 8352
4011 4077 8080
4062 4148 8204
4013 4114 8110
4179 4180 8334
4004 4164 8150
4047 4163 8174
4026 4108 8115
4184 4194 8346
4137 4161 8270
4189 4192 8364
4100 4150 8214
4019 4140 8132
4061 4109 8161
4135 4196 8306
4178 4191 8338
4029 4082 8098
4058 4100 8142
4062 4126 8169
4073 4164 8211
4015 4092 8077
4150 4164 8297
4055 4076 8099
4130 4136 8258
4092 4100 8155
4130 4170 8271
4155 4184 8338
4171 4200 8365
4178 4192 8348
4060 4091 8117
4072 4149 8183
4199 4200 8393
4048 4074 8113
4031 4054 8080
4132 4178 8288
4120 4167 8286
4197 4200 8377
4106 4163 8247
4120 4150 8267
4062 4123 8151
4024 4038 8050
4023 4050 8059
4171 4178 8318
4152 4155 8269
4051 4054 8078
4125 4198 8312
4097 4167 8252
4083 4190 8250
4149 4159 8281
4137 4160 8286
4019 4188 8185
4073 4083 8132
4015 4055 8050
4016 4129 8136
4159 4173 8303
4165 4187 8324
4126 4200 8320
4152 4153 8294
4034 4110 8124
4004 4078 8070
4178 4186 8352
4136 4163 8272
4004 4067 8038
4165 4197 8334
4110 4137 8227
4013 4100 8095
4012 4145 8138
4100 4185 8257
4056 4194 8226
4023 4125 8133
4037 4198 8227
4084 4096 8179
4066 4198 8226
4099 4167 8248
4113 4159 8251
4132 4186 8284
4066 4170 8229
4187 4190 8367
4068 4101 8149
4092 4167 8224
4046 4153 8182
4131 4193 8286
4108 4169 8261
4120 4192 8301
4155 4180 8297
4166 4195 8338
4103 4162 8257
4148 4178 8312
4127 4153 8265
4000 4023 8002
4140 4156 8282
4137 4176 8288
4013 4046 8039
4061 4081 8121
4165 4176 8306
4055 4186 8205
4192 4196 8353
4067 4103 8165
4157 4165 8309
4075 4115 8159
4115 4169 8270
4059 4182 8204
4022 4088 8102
4099 4188 8251
4056 4160 8203
4014 4077 8074
4198 4200 8386
4040 4058 8082
4199 4200 8369
4062 4128 8189
4090 4196 8254
4100 4151 8235
4096 4101 8181
4171 4182 8339
4018 4132 8131
4037 4104 8116
4131 4195 8297
4159 4170 8308
4182 4199 8351
4168 4184 8320
4152 4178 8297
4060 4109 8168
4137 4184 8287
4194 4200 8380
4170 4173 8322
4156 4189 8310
4149 4190 8320
4059 4067 8108
4168 4189 8346
4073 4131 8186
4150 4192 8337
4108 4182 8253
4071 4126 8173
4103 4164 8235
4139 4157 8286
4043 4102 8127
4089 4116 8168
4152 4156 8306
4169 4184 8340
4052 4106 8152
4194 4200 8386
4111 4157 8241
4009 4063 8057
4059 4127 8152
4100 4176 8251
4118 4182 8265
4029 4044 8070
4023 4196 8214
4072 4082 8150
4044 4048 8091
4038 4160 8175
4074 4105 8152
4071 4140 8210
4009 4077 8048
4048 4057 8100
4039 4059 8086
4145 4197 8304
4093 4156 8224
4026 4107 8121
4090 4152 8212
4094 4133 8201
4041 4185 8217
4136 4161 8279
4198 4199 8377
4186 4194 8372
4123 4192 8310
4003 4136 8110
4108 4135 8236
4150 4194 8341
4192 4196 8379
4067 4085 8122
4152 4185 8299
4195 4197 8381
4045 4156 8177
4154 4171 8305
4113 4128 8230
4073 4197 8249
4199 4200 8396
4116 4156 8244
4152 4154 8273
4177 4197 8340
4012 4030 8012
4021 4175 8194
4000 4151 8113
4046 4084 8098
4066 4162 8221
4099 4157 8252
4040 4128 8165
4067 4115 8149
4055 4146 8196
4013 4076 8060
4157 4167 8319
4112 4200 8297
4112 4186 8260
4091 4133 8221
4123 4173 8285
4030 4067 8073
4006 4159 8161
4103 4141 8211
4110 4142 8248
4173 4188 8360
4014 4109 8089
4028 4091 8082
4196 4200 8395
4051 4088 8117
4025 4180 8174
4165 4195 8352
4030 4139 8160
4119 4160 8240
4004 4103 8091
4184 4185 8337
4135 4199 8328
4118 4169 8248
4040 4061 8070
4028 4100 8111
4076 4092 8137
4189 4196 8354
4173 4184 8334
4000 4173 8158
4141 4142 8247
4135 4196 8302
4010 4071 8055
4174 4191 8345
4187 4194 8355
4056 4066 8101
4064 4137 8167
4047 4068 8101
4034 4035 8049
4075 4124 8166
4153 4163 8284
4175 4198 8345
4153 4172 8312
4048 4060 8102
4131 4182 8275
4180 4198 8370
4016 4063 8069
4113 4177 8283
4058 4079 8112
4058 4171 8193
4034 4192 8211
4095 4135 8223
4125 4135 8231
4034 4177 8189
4028 4145 8164
4000 4168 8141
4056 4094 8131
4067 4072 8106
4084 4170 8250
4131 4132 8232
4010 4048 8036
4064 4154 8203
4062 4194 8238
4085 4115 8186
4175 4182 8348
4013 4124 8103
4067 4154 8209
4174 4199 8336
4169 4199 8345
4035 4175 8182
4187 4199 8362
4127 4179 8275
4011 4122 8112
4099 4111 8202
4037 4045 8044
4119 4141 8245
4055 4082 8115
4114 4130 8221
4085 4187 8245
4102 4166 8254
4137 4138 8268
4097 4129 8200
4109 4162 8262
4112 4158 8238
4187 4190 8352
4024 4118 8107
4023 4035 8027
4197 4199 8390
4131 4161 8272
4090 4098 8155
4170 4194 8342
4160 4161 8299
4186 4195 8366
4163 4181 8338
4027 4128 8123
4190 4192 8356
4118 4190 8303
4049 4168 8181
4143 4198 8333
4168 4173 8334
4067 4187 8220
4113 4122 8229
4014 4036 8048
4164 4192 8332
4181 4189 8338
4067 4112 8167
4146 4147 8273
4080 4159 8202
4161 4183 8306
4015 4105 8086
4113 4160 8265
4041 4191 8199
4102 4137 8231
4185 4198 8350
4191 4195 8351
4130 4166 8274
4078 4097 8151
4042 4044 8069
4056 4168 8202
4191 4199 8383
4089 4134 8218
4193 4198 8366
4197 4200 8396
4180 4197 8364
4180 4187 8357
4161 4168 8328
4004 4144 8145
4193 4197 8366
4150 4191 8313
4043 4051 8081
4014 4110 8096
4096 4182 8277
4029 4036 8033
4199 4200 8362
4187 4200 8357
4034 4097 8101
4111 4200 8284
4014 4139 8115
4129 4173 8282
4182 4185 8364
4058 4160 8190
4100 4150 8241
4053 4096 8120
4026 4199 8191
4008 4159 8129
4011 4049 8023
4113 4184 8292
4102 4163 8242
4085 4133 8188
4106 4168 8270
4103 4131 8233
4030 4045 8063
4004 4049 8041
4119 4129 8239
4157 4185 8312
4184 4195 8347
4066 4153 8209
4122 4126 8230
4098 4113 8205
4006 4139 8128
4136 4165 8283
4140 4190 8322
4039 4162 8170
4102 4196 8267
4159 4186 8332
4142 4167 8281
4186 4192 8357
4087 4181 8242
4064 4069 8132
4190 4195 8348
4184 4188 8337
4190 4198 8358
4090 4181 8250
4007 4092 8079
4034 4184 8181
4017 4027 8030
4159 4198 8329
4103 4199 8284
4193 4198 8386
4195 4199 8357
4097 4158 8238
4094 4110 8181
4180 4191 8343
4033 4200 8225
4161 4191 8326
4189 4200 8380
4130 4133 8232
4083 4105 8185
4049 4199 8220
4133 4180 8304
4155 4162 8295
4110 4123 8194
4124 4134 8237
4185 4194 8374
4100 4183 8266
4112 4122 8202
4194 4199 8358
4150 4171 8306
4196 4198 8376
4109 4161 8240
4184 4194 8355
4185 4193 8370
4072 4142 8213
4194 4196 8352
4128 4161 8259
4040 4075 8084
4022 4134 8125
4119 4191 8309
4045 4188 8195
4069 4141 8195
4144 4173 8296
4033 4128 8149
4097 4120 8196
4080 4164 8239
4111 4199 8309
4088 4159 8216
4099 4113 8197
4067 4151 8202
4187 4193 8348
4109 4146 8226
4139 4160 8281
4179 4185 8354
4033 4063 8093
4024 4067 8072
4073 4187 8251
4149 4174 8308
4140 4183 8313
4176 4196 8334
4038 4090 8092
4127 4195 8316
4079 4100 8171
4091 4182 8242
4000 4186 8150
4104 4194 8291
4178 4195 8359
4168 4173 8336
4044 4095 8130
4033 4149 8170
4027 4079 8072
4099 4170 8261
4199 4200 8364
4029 4158 8150
4135 4137 8259
4057 4062 8090
4038 4198 8232
4062 4102 8152
4161 4193 8326
4019 4146 8139
4104 4139 8223
4129 4149 8260
4090 4165 8251
4047 4190 8207
4040 4130 8145
4172 4195 8340
4090 4120 8208
4036 4056 8060
4127 4167 8257
4103 4140 8222
4119 4128 8211
4165 4179 8327
4122 4163 8256
4136 4187 8299
4068 4091 8130
4026 4028 8051
4024 4090 8078
4163 4184 8329
4140 4185 8292
4043 4169 8182
4111 4126 8203
4176 4198 8352
4095 4126 8184
4197 4198 8360
4008 4125 8103
4046 4103 8114
4124 4131 8243
4129 4159 8286
4072 4195 8235
4105 4118 8185
4032 4153 8181
4155 4194 8327
4008 4025 8002
4031 4115 8117
4126 4142 8248
4168 4194 8326
4024 4155 8175
4152 4169 8303
4032 4199 8193
4139 4179 8306
4079 4193 8235
4134 4198 8318
4061 4161 8190
4032 4192 8187
4047 4085 8112
4074 4112 8160
4140 4149 8253
4145 4180 8316
4079 4137 8198
4121 4161 8269
4192 4194 8365
4096 4105 8200
4001 4077 8054
4158 4181 8303
4052 4137 8179
4158 4182 8307
4038 4071 8095
4129 4189 8287
4161 4192 8349
4132 4161 8257
4046 4092 8132
4064 4115 8168

0.010000 0.600000
