200
1096751
4034 4056 8090
4182 4193 8375
4009 4096 8105
4162 4169 8331
4061 4140 8201
4034 4046 8080
4094 4187 8281
4094 4194 8288
4032 4123 8155
4187 4192 8379
4183 4191 8374
4090 4108 8198
4099 4127 8226
4169 4175 8344
4029 4093 8122
4112 4188 8300
4015 4181 8196
4001 4155 8156
4194 4195 8389
4076 4138 8214
4015 4119 8134
4089 4094 8183
4088 4195 8283
4153 4179 8332
4154 4180 8334
4149 4159 8308
4027 4093 8120
4021 4124 8145
4184 4194 8378
4033 4176 8209
4076 4100 8176
4103 4153 8256
4156 4174 8330
4048 4131 8179
4120 4130 8250
4048 4070 8118
4130 4151 8281
4132 4157 8289
4064 4167 8231
4023 4170 8193
4057 4154 8211
4133 4142 8275
4042 4164 8206
4184 4191 8375
4090 4142 8232
4087 4152 8239
4153 4199 8352
4174 4180 8354
4170 4171 8341
4102 4158 8260
4176 4199 8375
4031 4072 8103
4084 4187 8271
4100 4183 8283
4173 4180 8353
4121 4132 8253
4139 4184 8323
4199 4200 8399
4060 4097 8157
4004 4025 8029
4183 4197 8380
4020 4148 8168
4106 4127 8233
4151 4180 8331
4142 4171 8313
4007 4103 8110
4060 4109 8169
4023 4066 8089
4158 4188 8346
4191 4194 8385
4198 4199 8397
4196 4200 8396
4008 4147 8155
4108 4123 8231
4137 4162 8299
4077 4128 8205
4007 4134 8141
4092 4196 8288
4023 4105 8128
4183 4194 8377
4073 4127 8200
4022 4130 8152
4113 4132 8245
4176 4192 8368
4069 4170 8239
4013 4174 8187
4179 4199 8378
4042 4097 8139
4158 4190 8348
4121 4149 8270
4126 4199 8325
4046 4138 8184
4007 4152 8159
4185 4194 8379
4174 4193 8367
4054 4188 8242
4048 4068 8116
4109 4185 8294
4190 4195 8385
4128 4193 8321
4113 4193 8306
4147 4160 8307
4057 4171 8228
4086 4135 8221
4165 4199 8364
4111 4125 8236
4179 4182 8361
4066 4125 8191
4144 4147 8291
4064 4101 8165
4184 4191 8375
4186 4192 8378
4004 4031 8035
4024 4106 8130
4170 4171 8341
4143 4163 8306
4064 4177 8241
4059 4175 8234
4145 4154 8299
4116 4133 8249
4163 4198 8361
4123 4189 8312
4022 4154 8176
4116 4139 8255
4128 4133 8261
4155 4166 8321
4162 4191 8353
4076 4104 8180
4138 4185 8323
4169 4186 8355
4085 4088 8173
4146 4186 8332
4051 4060 8111
4193 4199 8392
4065 4160 8225
4126 4177 8303
4047 4057 8104
4087 4194 8281
4192 4197 8389
4127 4184 8311
4055 4117 8172
4004 4059 8063
4115 4185 8300
4096 4139 8235
4147 4156 8303
4180 4190 8370
4165 4197 8362
4036 4052 8088
4023 4162 8185
4086 4179 8265
4048 4169 8217
4174 4199 8373
4146 4150 8296
4078 4108 8186
4103 4107 8210
4062 4171 8233
4010 4066 8076
4167 4200 8367
4179 4180 8359
4041 4169 8210
4021 4091 8112
4012 4168 8180
4138 4195 8333
4007 4116 8123
4188 4196 8384
4168 4175 8343
4077 4170 8247
4074 4166 8240
4184 4195 8379
4107 4173 8280
4153 4157 8310
4044 4100 8144
4178 4189 8367
4095 4190 8285
4193 4194 8387
4017 4181 8198
4126 4185 8311
4195 4196 8391
4098 4142 8240
4006 4098 8104
4089 4100 8189
4167 4179 8346
4191 4198 8389
4074 4114 8188
4003 4099 8102
4097 4151 8248
4031 4179 8210
4140 4180 8320
4142 4195 8337
4087 4174 8261
4036 4058 8094
4132 4160 8292
4071 4150 8221
4125 4183 8308
4053 4110 8163
4117 4118 8235
4132 4155 8287
4072 4191 8263
4118 4129 8247
4186 4188 8374

4134 4156 8264
4282 4293 8573
4109 4196 8293
4262 4269 8520
4161 4240 8396
4134 4146 8250
4194 4287 8458
4194 4294 8462
4132 4223 8335
4287 4292 8557
4283 4291 8539
4190 4208 8394
4199 4227 8396
4269 4275 8506
4129 4193 8304
4212 4288 8470
4115 4281 8372
4101 4255 8339
4294 4295 8567
4176 4238 8413
4115 4219 8295
4189 4194 8375
4188 4295 8450
4253 4279 8513
4254 4280 8530
4249 4259 8470
4127 4193 8310
4121 4224 8316
4284 4294 8568
4133 4276 8376
4176 4200 8354
4203 4253 8417
4256 4274 8513
4148 4231 8345
4220 4230 8423
4148 4170 8294
4230 4251 8467
4232 4257 8450
4164 4267 8407
4123 4270 8366
4157 4254 8379
4233 4242 8451
4142 4264 8405
4284 4291 8540
4190 4242 8417
4187 4252 8427
4253 4299 8528
4274 4280 8542
4270 4271 8507
4202 4258 8434
4276 4299 8542
4131 4172 8294
4184 4287 8457
4200 4283 8471
4273 4280 8540
4221 4232 8434
4239 4284 8505
4299 4300 8576
4160 4197 8354
4104 4125 8196
4283 4297 8555
4120 4248 8362
4206 4227 8423
4251 4280 8500
4242 4271 8493
4107 4203 8301
4160 4209 8331
4123 4166 8265
4258 4288 8506
4291 4294 8580
4298 4299 8581
4296 4300 8586
4108 4247 8354
4208 4223 8404
4237 4262 8497
4177 4228 8397
4107 4234 8310
4192 4296 8457
4123 4205 8289
4283 4294 8537
4173 4227 8392
4122 4230 8335
4213 4232 8423
4276 4292 8554
4169 4270 8415
4113 4274 8351
4279 4299 8539
4142 4197 8313
4258 4290 8534
4221 4249 8432
4226 4299 8490
4146 4238 8348
4107 4252 8356
4285 4294 8573
4274 4293 8537
4154 4288 8412
4148 4168 8296
4209 4285 8477
4290 4295 8579
4228 4293 8499
4213 4293 8489
4247 4260 8477
4157 4271 8411
4186 4235 8404
4265 4299 8544
4211 4225 8405
4279 4282 8524
4166 4225 8387
4244 4247 8459
4164 4201 8342
4284 4291 8574
4286 4292 8559
4104 4131 8208
4124 4206 8310
4270 4271 8505
4243 4263 8473
4164 4277 8422
4159 4275 8397
4245 4254 8495
4216 4233 8412
4263 4298 8538
4223 4289 8494
4122 4254 8362
4216 4239 8426
4228 4233 8460
4255 4266 8516
4262 4291 8546
4176 4204 8348
4238 4285 8484
4269 4286 8551
4185 4188 8365
4246 4286 8510
4151 4160 8295
4293 4299 8572
4165 4260 8424
4226 4277 8473
4147 4157 8297
4187 4294 8455
4292 4297 8549
4227 4284 8500
4155 4217 8333
4104 4159 8231
4215 4285 8485
4196 4239 8412
4247 4256 8483
4280 4290 8540
4265 4297 8534
4136 4152 8255
4123 4262 8369
4186 4279 8441
4148 4269 8386
4274 4299 8566
4246 4250 8483
4178 4208 8377
4203 4207 8398
4162 4271 8411
4110 4166 8269
4267 4300 8552
4279 4280 8523
4141 4269 8406
4121 4191 8304
4112 4268 8372
4238 4295 8500
4107 4216 8306
4288 4296 8562
4268 4275 8512
4177 4270 8435
4174 4266 8403
4284 4295 8568
4207 4273 8469
4253 4257 8506
4144 4200 8338
4278 4289 8562
4195 4290 8473
4293 4294 8556
4117 4281 8384
4226 4285 8499
4295 4296 8556
4198 4242 8437
4106 4198 8292
4189 4200 8368
4267 4279 8538
4291 4298 8583
4174 4214 8361
4103 4199 8283
4197 4251 8438
4131 4279 8380
4240 4280 8485
4242 4295 8527
4187 4274 8443
4136 4158 8281
4232 4260 8457
4171 4250 8385
4225 4283 8484
4153 4210 8350
4217 4218 8406
4232 4255 8470
4172 4291 8427
4218 4229 8412
4286 4288 8553

0.010000 0.650000
