400
1382278
4042 4134 8176
4116 4172 8288
4185 4189 8374
4157 4191 8348
4010 4145 8155
4080 4095 8175
4084 4178 8262
4184 4192 8376
4169 4184 8353
4060 4083 8143
4069 4095 8164
4165 4198 8363
4133 4177 8310
4004 4073 8077
4142 4200 8342
4067 4113 8180
4099 4108 8207
4116 4127 8243
4038 4175 8213
4082 4159 8241
4173 4183 8356
4116 4156 8272
4096 4197 8293
4067 4142 8209
4154 4188 8342
4014 4117 8131
4031 4108 8139
4125 4189 8314
4069 4090 8159
4071 4152 8223
4182 4198 8380
4161 4165 8326
4019 4089 8108
4131 4134 8265
4023 4164 8187
4136 4164 8300
4086 4127 8213
4196 4199 8395
4193 4199 8392
4044 4050 8094
4039 4173 8212
4076 4167 8243
4015 4111 8126
4036 4187 8223
4107 4127 8234
4088 4146 8234
4190 4192 8382
4197 4198 8395
4051 4135 8186
4088 4113 8201
4038 4133 8171
4005 4111 8116
4138 4140 8278
4101 4130 8231
4157 4185 8342
4050 4102 8152
4130 4173 8303
4179 4193 8372
4095 4175 8270
4163 4164 8327
4103 4104 8207
4023 4096 8119
4137 4190 8327
4109 4132 8241
4151 4164 8315
4179 4192 8371
4192 4194 8386
4041 4115 8156
4138 4147 8285
4120 4175 8295
4085 4161 8246
4148 4156 8304
4062 4129 8191
4115 4144 8259
4035 4042 8077
4152 4199 8351
4101 4108 8209
4147 4165 8312
4091 4095 8186
4153 4179 8332
4099 4150 8249
4049 4087 8136
4054 4127 8181
4059 4106 8165
4041 4109 8150
4010 4073 8083
4188 4190 8378
4042 4150 8192
4087 4114 8201
4042 4067 8109
4165 4194 8359
4002 4052 8054
4185 4193 8378
4170 4176 8346
4173 4182 8355
4105 4189 8294
4184 4197 8381
4084 4168 8252
4108 4126 8234
4185 4193 8378
4004 4126 8130
4004 4118 8122
4070 4099 8169
4043 4080 8123
4031 4045 8076
4153 4161 8314
4112 4194 8306
4105 4191 8296
4029 4079 8108
4084 4151 8235
4012 4141 8153
4066 4163 8229
4162 4178 8340
4136 4200 8336
4045 4101 8146
4155 4189 8344
4068 4073 8141
4179 4180 8359
4054 4143 8197
4100 4199 8299
4010 4179 8189
4045 4176 8221
4047 4134 8181
4082 4091 8173
4156 4168 8324
4191 4199 8390
4025 4075 8100
4068 4198 8266
4140 4150 8290
4198 4199 8397
4076 4176 8252
4184 4186 8370
4053 4159 8212
4168 4181 8349
4198 4199 8397
4118 4126 8244
4186 4188 8374
4158 4180 8338
4182 4186 8368
4053 4099 8152
4057 4139 8196
4115 4136 8251
4153 4199 8352
4110 4120 8230
4169 4173 8342
4076 4153 8229
4092 4154 8246
4174 4189 8363
4169 4177 8346
4120 4169 8289
4154 4180 8334
4088 4112 8200
4059 4160 8219
4114 4154 8268
4175 4178 8353
4178 4181 8359
4016 4110 8126
4134 4170 8304
4165 4171 8336
4031 4054 8085
4156 4187 8343
4057 4078 8135
4183 4198 8381
4181 4197 8378
4180 4187 8367
4180 4184 8364
4052 4062 8114
4120 4152 8272
4079 4171 8250
4122 4197 8319
4070 4183 8253
4023 4085 8108
4154 4195 8349
4024 4098 8122
4090 4198 8288
4077 4132 8209
4128 4158 8286
4052 4155 8207
4193 4195 8388
4060 4082 8142
4185 4196 8381
4186 4193 8379
4024 4115 8139
4157 4199 8356
4041 4152 8193
4107 4177 8284
4133 4185 8318
4067 4099 8166
4028 4054 8082
4191 4192 8383
4034 4157 8191
4177 4181 8358
4112 4117 8229
4061 4168 8229
4174 4180 8354
4089 4153 8242
4011 4093 8104
4144 4171 8315
4121 4179 8300
4071 4111 8182
4069 4197 8266
4125 4186 8311
4119 4188 8307
4037 4045 8082
4112 4180 8292
4075 4141 8216
4032 4176 8208
4008 4155 8163
4159 4161 8320
4010 4153 8163
4134 4190 8324
4156 4162 8318
4124 4168 8292
4199 4200 8399
4137 4162 8299
4140 4147 8287
4174 4182 8356
4063 4122 8185
4087 4098 8185
4084 4128 8212
4018 4021 8039
4058 4145 8203
4175 4179 8354
4139 4141 8280
4032 4156 8188
4162 4174 8336
4007 4053 8060
4083 4086 8169
4096 4139 8235
4005 4018 8023
4027 4182 8209
4179 4183 8362
4166 4193 8359
4175 4176 8351
4057 4175 8232
4184 4197 8381
4019 4146 8165
4068 4117 8185
4058 4113 8171
4095 4169 8264
4126 4141 8267
4181 4182 8363
4123 4183 8306
4006 4020 8026
4050 4092 8142
4128 4188 8316
4068 4195 8263
4084 4117 8201
4120 4143 8263
4053 4157 8210
4095 4137 8232
4038 4125 8163
4104 4110 8214
4143 4182 8325
4036 4053 8089
4164 4171 8335
4019 4102 8121
4072 4183 8255
4068 4185 8253
4140 4148 8288
4084 4124 8208
4017 4053 8070
4101 4170 8271
4165 4176 8341
4120 4166 8286
4000 4174 8174
4037 4096 8133
4151 4186 8337
4027 4093 8120
4011 4134 8145
4049 4107 8156
4073 4077 8150
4068 4096 8164
4188 4200 8388
4015 4184 8199
4019 4184 8203
4058 4060 8118
4078 4164 8242
4129 4155 8284
4086 4117 8203
4120 4172 8292
4135 4138 8273
4068 4156 8224
4097 4139 8236
4167 4187 8354
4190 4199 8389
4002 4104 8106
4117 4183 8300
4155 4171 8326
4128 4148 8276
4093 4172 8265
4067 4165 8232
4183 4197 8380
4005 4173 8178
4036 4180 8216
4101 4170 8271
4028 4107 8135
4057 4133 8190
4058 4179 8237
4027 4052 8079
4079 4147 8226
4056 4191 8247
4123 4161 8284
4167 4185 8352
4042 4052 8094
4145 4194 8339
4122 4180 8302
4035 4080 8115
4006 4172 8178
4063 4176 8239
4137 4190 8327
4193 4199 8392
4126 4174 8300
4092 4200 8292
4135 4148 8283
4100 4136 8236
4183 4193 8376
4119 4187 8306
4024 4121 8145
4142 4179 8321
4198 4199 8397
4120 4167 8287
4032 4188 8220
4105 4140 8245
4097 4183 8280
4074 4170 8244
4034 4162 8196
4042 4098 8140
4130 4169 8299
4088 4125 8213
4112 4156 8268
4195 4198 8393
4016 4130 8146
4059 4105 8164
4139 4158 8297
4144 4145 8289
4112 4154 8266
4091 4191 8282
4044 4162 8206
4061 4082 8143
4076 4163 8239
4005 4119 8124
4075 4167 8242
4166 4171 8337
4170 4180 8350
4196 4199 8395
4143 4177 8320
4079 4132 8211
4055 4121 8176
4027 4102 8129
4126 4192 8318
4134 4150 8284
4053 4158 8211
4034 4108 8142
4031 4082 8113
4094 4173 8267
4058 4156 8214
4094 4110 8204
4198 4200 8398
4157 4193 8350
4113 4170 8283
4063 4146 8209
4039 4075 8114
4176 4195 8371
4070 4151 8221
4085 4112 8197
4118 4188 8306
4093 4162 8255
4086 4136 8222
4122 4156 8278
4165 4200 8365
4170 4174 8344
4013 4090 8103
4030 4195 8225
4031 4107 8138
4149 4184 8333
4091 4181 8272
4111 4130 8241
4028 4113 8141
4172 4199 8371
4049 4093 8142
4144 4148 8292
4037 4051 8088
4070 4161 8231
4167 4168 8335
4108 4162 8270
4049 4147 8196
4105 4121 8226
4089 4103 8192
4051 4110 8161
4168 4192 8360
4029 4142 8171
4043 4200 8243
4172 4180 8352
4136 4150 8286
4185 4194 8379
4073 4118 8191
4036 4154 8190
4190 4196 8386
4046 4172 8218

4142 4234 8347
4216 4272 8457
4285 4289 8543
4257 4291 8534
4110 4245 8340
4180 4195 8361
4184 4278 8454
4284 4292 8543
4269 4284 8550
4160 4183 8304
4169 4195 8340
4265 4298 8541
4233 4277 8476
4104 4173 8257
4242 4300 8509
4167 4213 8354
4199 4208 8400
4216 4227 8407
4138 4275 8400
4182 4259 8433
4273 4283 8519
4216 4256 8457
4196 4297 8454
4167 4242 8382
4254 4288 8515
4114 4217 8295
4131 4208 8315
4225 4289 8489
4169 4190 8356
4171 4252 8385
4282 4298 8567
4261 4265 8496
4119 4189 8291
4231 4234 8434
4123 4264 8386
4236 4264 8475
4186 4227 8405
4296 4299 8588
4293 4299 8584
4144 4150 8266
4139 4273 8378
4176 4267 8406
4115 4211 8306
4136 4287 8388
4207 4227 8404
4188 4246 8399
4290 4292 8574
4297 4298 8591
4151 4235 8370
4188 4213 8395
4138 4233 8363
4105 4211 8296
4238 4240 8451
4201 4230 8403
4257 4285 8535
4150 4202 8344
4230 4273 8478
4279 4293 8538
4195 4275 8457
4263 4264 8500
4203 4204 8391
4123 4196 8280
4237 4290 8504
4209 4232 8427
4251 4264 8478
4279 4292 8567
4292 4294 8575
4141 4215 8329
4238 4247 8450
4220 4275 8463
4185 4261 8417
4248 4256 8480
4162 4229 8375
4215 4244 8437
4135 4142 8261
4252 4299 8547
4201 4208 8371
4247 4265 8489
4191 4195 8378
4253 4279 8503
4199 4250 8426
4149 4187 8314
4154 4227 8342
4159 4206 8362
4141 4209 8344
4110 4173 8260
4288 4290 8557
4142 4250 8364
4187 4214 8369
4142 4167 8286
4265 4294 8556
4102 4152 8239
4285 4293 8540
4270 4276 8544
4273 4282 8541
4205 4289 8468
4284 4297 8563
4184 4268 8432
4208 4226 8407
4285 4293 8540
4104 4226 8309
4104 4218 8288
4170 4199 8357
4143 4180 8308
4131 4145 8270
4253 4261 8485
4212 4294 8487
4205 4291 8466
4129 4179 8293
4184 4251 8432
4112 4241 8316
4166 4263 8391
4262 4278 8525
4236 4300 8508
4145 4201 8327
4255 4289 8517
4168 4173 8311
4279 4280 8536
4154 4243 8361
4200 4299 8480
4110 4279 8358
4145 4276 8403
4147 4234 8353
4182 4191 8344
4256 4268 8520
4291 4299 8563
4125 4175 8263
4168 4298 8451
4240 4250 8477
4298 4299 8561
4176 4276 8423
4284 4286 8538
4153 4259 8397
4268 4281 8548
4298 4299 8564
4218 4226 8437
4286 4288 8543
4258 4280 8517
4282 4286 8534
4153 4199 8325
4157 4239 8374
4215 4236 8415
4253 4299 8549
4210 4220 8390
4269 4273 8526
4176 4253 8411
4192 4254 8410
4274 4289 8549
4269 4277 8512
4220 4269 8467
4254 4280 8507
4188 4212 8381
4159 4260 8390
4214 4254 8463
4275 4278 8517
4278 4281 8533
4116 4210 8320
4234 4270 8494
4265 4271 8515
4131 4154 8279
4256 4287 8538
4157 4178 8328
4283 4298 8569
4281 4297 8539
4280 4287 8553
4280 4284 8556
4152 4162 8277
4220 4252 8441
4179 4271 8417
4222 4297 8482
4170 4283 8438
4123 4185 8278
4254 4295 8537
4124 4198 8312
4190 4298 8461
4177 4232 8386
4228 4258 8460
4152 4255 8395
4293 4295 8584
4160 4182 8306
4285 4296 8579
4286 4293 8563
4124 4215 8336
4257 4299 8542
4141 4252 8365
4207 4277 8463
4233 4285 8512
4167 4199 8363
4128 4154 8264
4291 4292 8561
4134 4257 8377
4277 4281 8527
4212 4217 8402
4161 4268 8419
4274 4280 8543
4189 4253 8425
4111 4193 8279
4244 4271 8476
4221 4279 8481
4171 4211 8380
4169 4297 8455
4225 4286 8490
4219 4288 8484
4137 4145 8245
4212 4280 8469
4175 4241 8404
4132 4276 8403
4108 4255 8338
4259 4261 8498
4110 4253 8327
4234 4290 8493
4256 4262 8502
4224 4268 8483
4299 4300 8561
4237 4262 8477
4240 4247 8472
4274 4282 8516
4163 4222 8368
4187 4198 8346
4184 4228 8397
4118 4121 8216
4158 4245 8399
4275 4279 8546
4239 4241 8461
4132 4256 8362
4262 4274 8510
4107 4153 8236
4183 4186 8368
4196 4239 8409
4105 4118 8196
4127 4282 8399
4279 4283 8544
4266 4293 8534
4275 4276 8545
4157 4275 8416
4284 4297 8573
4119 4246 8350
4168 4217 8351
4158 4213 8333
4195 4269 8450
4226 4241 8439
4281 4282 8549
4223 4283 8497
4106 4120 8187
4150 4192 8338
4228 4288 8477
4168 4295 8430
4184 4217 8387
4220 4243 8443
4153 4257 8385
4195 4237 8405
4138 4225 8353
4204 4210 8385
4243 4282 8518
4136 4153 8252
4264 4271 8532
4119 4202 8309
4172 4283 8437
4168 4285 8417
4240 4248 8479
4184 4224 8378
4117 4153 8267
4201 4270 8445
4265 4276 8513
4220 4266 8448
4100 4274 8358
4137 4196 8317
4251 4286 8517
4127 4193 8312
4111 4234 8317
4149 4207 8354
4173 4177 8349
4168 4196 8331
4288 4300 8567
4115 4284 8362
4119 4284 8370
4158 4160 8279
4178 4264 8432
4229 4255 8454
4186 4217 8370
4220 4272 8480
4235 4238 8444
4168 4256 8404
4197 4239 8416
4267 4287 8515
4290 4299 8577
4102 4204 8295
4217 4283 8477
4255 4271 8510
4228 4248 8466
4193 4272 8443
4167 4265 8407
4283 4297 8565
4105 4273 8352
4136 4280 8385
4201 4270 8467
4128 4207 8299
4157 4233 8386
4158 4279 8436
4127 4152 8248
4179 4247 8389
4156 4291 8446
4223 4261 8445
4267 4285 8531
4142 4152 8273
4245 4294 8525
4222 4280 8471
4135 4180 8298
4106 4272 8340
4163 4276 8437
4237 4290 8508
4293 4299 8581
4226 4274 8484
4192 4300 8460
4235 4248 8463
4200 4236 8416
4283 4293 8543
4219 4287 8476
4124 4221 8310
4242 4279 8482
4298 4299 8560
4220 4267 8452
4132 4288 8402
4205 4240 8418
4197 4283 8476
4174 4270 8423
4134 4262 8359
4142 4198 8318
4230 4269 8467
4188 4225 8375
4212 4256 8443
4295 4298 8568
4116 4230 8331
4159 4205 8356
4239 4258 8457
4244 4245 8467
4212 4254 8451
4191 4291 8474
4144 4262 8383
4161 4182 8310
4176 4263 8428
4105 4219 8321
4175 4267 8428
4266 4271 8526
4270 4280 8511
4296 4299 8583
4243 4277 8498
4179 4232 8401
4155 4221 8338
4127 4202 8321
4226 4292 8506
4234 4250 8481
4153 4258 8373
4134 4208 8332
4131 4182 8298
4194 4273 8457
4158 4256 8386
4194 4210 8376
4298 4300 8581
4257 4293 8511
4213 4270 8463
4163 4246 8397
4139 4175 8291
4276 4295 8569
4170 4251 8389
4185 4212 8374
4218 4288 8471
4193 4262 8451
4186 4236 8412
4222 4256 8454
4265 4300 8536
4270 4274 8521
4113 4190 8297
4130 4295 8413
4131 4207 8315
4249 4284 8520
4191 4281 8446
4211 4230 8435
4128 4213 8312
4272 4299 8547
4149 4193 8313
4244 4248 8481
4137 4151 8250
4170 4261 8424
4267 4268 8511
4208 4262 8469
4149 4247 8372
4205 4221 8418
4189 4203 8372
4151 4210 8328
4268 4292 8539
4129 4242 8367
4143 4300 8414
4272 4280 8550
4236 4250 8470
4285 4294 8569
4173 4218 8374
4136 4254 8352
4290 4296 8571
4146 4272 8410

0.010000 0.410000
