100
354569
4118 4170 8288
4017 4140 8157
4052 4145 8197
4056 4070 8126
4189 4190 8379
4035 4155 8190
4064 4123 8187
4146 4172 8318
4114 4173 8287
4082 4159 8241
4158 4163 8321
4193 4197 8390
4079 4127 8206
4181 4184 8365
4187 4197 8384
4066 4180 8246
4126 4143 8269
4069 4189 8258
4018 4069 8087
4191 4200 8391
4176 4195 8371
4133 4146 8279
4146 4151 8297
4097 4133 8230
4189 4196 8385
4060 4123 8183
4003 4097 8100
4102 4162 8264
4188 4191 8379
4077 4165 8242
4093 4191 8284
4085 4197 8282
4045 4138 8183
4169 4194 8363
4041 4115 8156
4024 4186 8210
4028 4083 8111
4187 4199 8386
4179 4184 8363
4137 4169 8306
4128 4137 8265
4053 4110 8163
4071 4159 8230
4145 4174 8319
4052 4171 8223
4090 4096 8186
4019 4131 8150
4173 4192 8365
4117 4196 8313
4187 4198 8385
4045 4166 8211
4090 4123 8213
4173 4198 8371
4110 4145 8255
4165 4183 8348
4099 4132 8231
4110 4146 8256
4140 4189 8329
4101 4179 8280
4024 4089 8113
4018 4025 8043
4066 4106 8172
4128 4152 8280
4073 4119 8192
4178 4181 8359
4163 4173 8336
4064 4132 8196
4060 4135 8195
4109 4184 8293
4012 4197 8209
4132 4133 8265
4148 4179 8327
4187 4196 8383
4193 4199 8392
4041 4156 8197
4082 4110 8192
4114 4150 8264
4046 4114 8160
4135 4145 8280
4057 4107 8164
4015 4193 8208
4104 4173 8277
4071 4072 8143
4117 4126 8243
4136 4157 8293
4149 4190 8339
4074 4140 8214
4147 4197 8344
4001 4017 8018
4169 4183 8352
4093 4172 8265
4175 4181 8356
4141 4144 8285
4124 4166 8290
4147 4180 8327
4066 4193 8259
4183 4184 8367
4000 4191 8191
4082 4161 8243
4187 4188 8375

4218 4270 8458
4117 4240 8321
4152 4245 8358
4156 4170 8312
4289 4290 8549
4135 4255 8363
4164 4223 8385
4246 4272 8497
4214 4273 8476
4182 4259 8408
4258 4263 8518
4293 4297 8562
4179 4227 8394
4281 4284 8550
4287 4297 8572
4166 4280 8412
4226 4243 8440
4169 4289 8433
4118 4169 8276
4291 4300 8562
4276 4295 8544
4233 4246 8475
4246 4251 8482
4197 4233 8403
4289 4296 8562
4160 4223 8380
4103 4197 8294
4202 4262 8438
4288 4291 8556
4177 4265 8429
4193 4291 8461
4185 4297 8455
4145 4238 8363
4269 4294 8543
4141 4215 8347
4124 4286 8406
4128 4183 8279
4287 4299 8562
4279 4284 8539
4237 4269 8504
4228 4237 8433
4153 4210 8327
4171 4259 8408
4245 4274 8513
4152 4271 8394
4190 4196 8370
4119 4231 8316
4273 4292 8530
4217 4296 8489
4287 4298 8581
4145 4266 8402
4190 4223 8387
4273 4298 8548
4210 4245 8435
4265 4283 8544
4199 4232 8399
4210 4246 8422
4240 4289 8517
4201 4279 8454
4124 4189 8283
4118 4125 8214
4166 4206 8363
4228 4252 8467
4173 4219 8368
4278 4281 8553
4263 4273 8518
4164 4232 8364
4160 4235 8357
4209 4284 8469
4112 4297 8404
4232 4233 8425
4248 4279 8508
4287 4296 8579
4293 4299 8582
4141 4256 8391
4182 4210 8376
4214 4250 8446
4146 4214 8344
4235 4245 8466
4157 4207 8352
4115 4293 8385
4204 4273 8439
4171 4172 8314
4217 4226 8429
4236 4257 8491
4249 4290 8529
4174 4240 8383
4247 4297 8528
4101 4117 8202
4269 4283 8518
4193 4272 8456
4275 4281 8554
4241 4244 8477
4224 4266 8471
4247 4280 8517
4166 4293 8430
4283 4284 8556
4100 4291 8383
4182 4261 8413
4287 4288 8573

0.010000 0.420000
