1000
5478544
4002 4125 8127
4101 4106 8207
4179 4184 8363
4118 4177 8295
4178 4189 8367
4055 4158 8213
4076 4137 8213
4030 4158 8188
4186 4189 8375
4065 4153 8218
4021 4054 8075
4077 4108 8185
4043 4049 8092
4075 4108 8183
4160 4178 8338
4169 4190 8359
4185 4196 8381
4185 4187 8372
4080 4179 8259
4111 4150 8261
4035 4160 8195
4030 4200 8230
4035 4140 8175
4124 4159 8283
4031 4032 8063
4106 4133 8239
4010 4026 8036
4028 4168 8196
4078 4097 8175
4017 4105 8122
4070 4109 8179
4056 4092 8148
4140 4151 8291
4077 4175 8252
4029 4146 8175
4028 4185 8213
4059 4061 8120
4135 4187 8322
4047 4107 8154
4185 4199 8384
4121 4149 8270
4153 4183 8336
4186 4196 8382
4191 4196 8387
4063 4137 8200
4031 4096 8127
4133 4166 8299
4063 4075 8138
4195 4199 8394
4142 4154 8296
4059 4178 8237
4007 4153 8160
4032 4164 8196
4053 4143 8196
4150 4172 8322
4063 4154 8217
4037 4174 8211
4027 4174 8201
4054 4166 8220
4179 4186 8365
4124 4173 8297
4056 4088 8144
4026 4171 8197
4008 4044 8052
4116 4142 8258
4015 4028 8043
4063 4165 8228
4084 4135 8219
4097 4168 8265
4099 4140 8239
4063 4137 8200
4184 4188 8372
4059 4168 8227
4177 4198 8375
4020 4133 8153
4169 4175 8344
4029 4033 8062
4022 4095 8117
4078 4168 8246
4095 4160 8255
4151 4159 8310
4090 4112 8202
4113 4149 8262
4069 4096 8165
4126 4173 8299
4197 4198 8395
4122 4161 8283
4169 4200 8369
4026 4167 8193
4104 4125 8229
4068 4140 8208
4029 4106 8135
4128 4132 8260
4197 4200 8397
4062 4141 8203
4167 4198 8365
4194 4195 8389
4107 4157 8264
4120 4155 8275
4077 4095 8172
4188 4200 8388
4108 4135 8243
4046 4080 8126
4052 4062 8114
4048 4142 8190
4185 4195 8380
4156 4178 8334
4074 4105 8179
4157 4187 8344
4016 4095 8111
4042 4065 8107
4122 4195 8317
4092 4118 8210
4076 4105 8181
4042 4061 8103
4112 4142 8254
4060 4177 8237
4149 4174 8323
4009 4163 8172
4037 4039 8076
4070 4077 8147
4056 4129 8185
4195 4198 8393
4019 4193 8212
4075 4142 8217
4058 4131 8189
4010 4083 8093
4140 4160 8300
4085 4174 8259
4192 4198 8390
4128 4151 8279
4120 4127 8247
4059 4132 8191
4114 4157 8271
4050 4184 8234
4149 4152 8301
4018 4120 8138
4073 4141 8214
4048 4097 8145
4163 4168 8331
4032 4198 8230
4077 4167 8244
4083 4200 8283
4167 4169 8336
4139 4149 8288
4027 4175 8202
4039 4050 8089
4176 4183 8359
4082 4149 8231
4126 4165 8291
4138 4168 8306
4160 4189 8349
4058 4190 8248
4021 4136 8157
4003 4053 8056
4180 4196 8376
4013 4189 8202
4117 4129 8246
4182 4196 8378
4135 4150 8285
4085 4157 8242
4152 4198 8350
4039 4129 8168
4107 4162 8269
4007 4049 8056
4197 4199 8396
4109 4196 8305
4137 4185 8322
4047 4117 8164
4080 4149 8229
4010 4172 8182
4075 4123 8198
4134 4184 8318
4133 4197 8330
4064 4090 8154
4055 4114 8169
4027 4087 8114
4185 4196 8381
4182 4197 8379
4149 4196 8345
4001 4180 8181
4009 4071 8080
4044 4083 8127
4004 4100 8104
4158 4173 8331
4142 4148 8290
4084 4191 8275
4129 4152 8281
4021 4054 8075
4047 4184 8231
4194 4200 8394
4097 4129 8226
4108 4141 8249
4049 4176 8225
4197 4199 8396
4192 4200 8392
4024 4032 8056
4068 4107 8175
4030 4098 8128
4186 4191 8377
4127 4130 8257
4192 4197 8389
4144 4192 8336
4034 4142 8176
4143 4197 8340
4135 4174 8309
4185 4196 8381
4016 4127 8143
4045 4068 8113
4196 4199 8395
4145 4182 8327
4144 4154 8298
4193 4199 8392
4067 4092 8159
4137 4196 8333
4104 4185 8289
4121 4161 8282
4042 4103 8145
4086 4155 8241
4001 4096 8097
4147 4195 8342
4016 4050 8066
4102 4191 8293
4041 4133 8174
4144 4169 8313
4188 4193 8381
4170 4184 8354
4111 4122 8233
4101 4167 8268
4065 4119 8184
4157 4171 8328
4095 4097 8192
4139 4161 8300
4039 4054 8093
4148 4149 8297
4088 4156 8244
4137 4156 8293
4101 4181 8282
4095 4143 8238
4052 4092 8144
4025 4099 8124
4188 4193 8381
4190 4197 8387
4056 4060 8116
4033 4169 8202
4007 4155 8162
4168 4187 8355
4164 4174 8338
4084 4158 8242
4026 4159 8185
4017 4020 8037
4052 4122 8174
4104 4169 8273
4120 4185 8305
4106 4146 8252
4183 4187 8370
4169 4200 8369
4152 4188 8340
4182 4193 8375
4086 4181 8267
4062 4163 8225
4018 4124 8142
4178 4186 8364
4073 4161 8234
4170 4184 8354
4094 4107 8201
4036 4142 8178
4070 4138 8208
4199 4200 8399
4005 4200 8205
4008 4015 8023
4131 4140 8271
4150 4152 8302
4139 4150 8289
4039 4180 8219
4069 4134 8203
4130 4185 8315
4188 4195 8383
4193 4198 8391
4193 4200 8393
4094 4191 8285
4038 4168 8206
4005 4113 8118
4026 4187 8213
4036 4113 8149
4182 4194 8376
4174 4189 8363
4147 4198 8345
4008 4191 8199
4039 4102 8141
4049 4199 8248
4095 4115 8210
4132 4196 8328
4056 4125 8181
4021 4196 8217
4095 4118 8213
4166 4176 8342
4109 4155 8264
4186 4187 8373
4099 4119 8218
4135 4180 8315
4088 4169 8257
4085 4124 8209
4091 4113 8204
4053 4162 8215
4096 4195 8291
4067 4133 8200
4088 4167 8255
4019 4177 8196
4169 4176 8345
4044 4154 8198
4134 4158 8292
4184 4196 8380
4037 4161 8198
4106 4198 8304
4084 4117 8201
4118 4156 8274
4124 4152 8276
4123 4185 8308
4022 4123 8145
4068 4141 8209
4087 4168 8255
4011 4148 8159
4034 4154 8188
4167 4168 8335
4067 4092 8159
4054 4139 8193
4073 4169 8242
4012 4023 8035
4083 4180 8263
4197 4198 8395
4079 4158 8237
4089 4164 8253
4181 4184 8365
4190 4200 8390
4110 4139 8249
4149 4156 8305
4122 4126 8248
4009 4143 8152
4000 4192 8192
4077 4196 8273
4103 4182 8285
4193 4197 8390
4067 4148 8215
4169 4174 8343
4193 4196 8389
4064 4198 8262
4041 4188 8229
4095 4112 8207
4024 4057 8081
4103 4141 8244
4135 4178 8313
4039 4133 8172
4050 4091 8141
4197 4198 8395
4085 4112 8197
4054 4166 8220
4066 4169 8235
4053 4110 8163
4055 4181 8236
4182 4196 8378
4090 4095 8185
4093 4152 8245
4003 4021 8024
4038 4103 8141
4046 4175 8221
4100 4125 8225
4132 4176 8308
4135 4196 8331
4058 4123 8181
4091 4132 8223
4181 4198 8379
4072 4112 8184
4070 4094 8164
4152 4153 8305
4145 4171 8316
4146 4182 8328
4088 4142 8230
4016 4124 8140
4033 4126 8159
4174 4190 8364
4091 4194 8285
4075 4168 8243
4151 4199 8350
4158 4159 8317
4022 4070 8092
4061 4134 8195
4186 4197 8383
4146 4158 8304
4135 4185 8320
4034 4185 8219
4130 4182 8312
4100 4106 8206
4184 4190 8374
4153 4197 8350
4150 4152 8302
4054 4127 8181
4105 4166 8271
4157 4177 8334
4139 4197 8336
4091 4167 8258
4024 4171 8195
4096 4123 8219
4096 4124 8220
4107 4183 8290
4046 4174 8220
4009 4047 8056
4119 4169 8288
4027 4130 8157
4179 4187 8366
4184 4198 8382
4149 4165 8314
4028 4114 8142
4029 4041 8070
4040 4154 8194
4068 4136 8204
4179 4190 8369
4011 4064 8075
4180 4193 8373
4024 4058 8082
4130 4200 8330
4176 4179 8355
4021 4144 8165
4049 4140 8189
4166 4174 8340
4030 4051 8081
4083 4168 8251
4184 4196 8380
4112 4130 8242
4144 4152 8296
4187 4200 8387
4117 4152 8269
4176 4198 8374
4116 4157 8273
4096 4111 8207
4159 4174 8333
4151 4195 8346
4167 4198 8365
4125 4192 8317
4013 4132 8145
4139 4157 8296
4138 4174 8312
4090 4093 8183
4196 4199 8395
4097 4133 8230
4069 4147 8216
4172 4196 8368
4192 4198 8390
4070 4072 8142
4139 4168 8307
4059 4089 8148
4144 4173 8317
4191 4195 8386
4158 4199 8357
4079 4131 8210
4173 4189 8362
4067 4079 8146
4172 4173 8345
4178 4181 8359
4090 4161 8251
4149 4156 8305
4041 4104 8145
4116 4134 8250
4153 4168 8321
4102 4150 8252
4109 4127 8236
4155 4185 8340
4173 4195 8368
4139 4188 8327
4000 4138 8138
4098 4154 8252
4019 4142 8161
4027 4066 8093
4181 4197 8378
4036 4065 8101
4102 4190 8292
4052 4186 8238
4037 4109 8146
4089 4177 8266
4195 4199 8394
4118 4164 8282
4069 4176 8245
4152 4180 8332
4105 4133 8238
4113 4154 8267
4145 4196 8341
4078 4150 8228
4060 4164 8224
4003 4081 8084
4161 4180 8341
4158 4187 8345
4139 4173 8312
4005 4046 8051
4100 4180 8280
4082 4171 8253
4072 4174 8246
4094 4123 8217
4124 4169 8293
4129 4133 8262
4191 4197 8388
4104 4175 8279
4003 4066 8069
4105 4149 8254
4170 4197 8367
4082 4143 8225
4067 4083 8150
4024 4106 8130
4148 4174 8322
4198 4199 8397
4155 4194 8349
4078 4199 8277
4052 4124 8176
4124 4178 8302
4008 4114 8122
4181 4195 8376
4123 4150 8273
4111 4161 8272
4193 4196 8389
4163 4196 8359
4112 4186 8298
4159 4172 8331
4135 4136 8271
4199 4200 8399
4123 4169 8292
4014 4104 8118
4027 4035 8062
4092 4123 8215
4169 4198 8367
4064 4099 8163
4058 4143 8201
4194 4199 8393
4191 4198 8389
4077 4170 8247
4198 4199 8397
4131 4175 8306
4129 4130 8259
4113 4188 8301
4102 4106 8208
4140 4184 8324
4069 4140 8209
4102 4174 8276
4072 4178 8250
4002 4177 8179
4011 4074 8085
4136 4187 8323
4045 4150 8195
4049 4192 8241
4134 4140 8274
4065 4092 8157
4021 4056 8077
4023 4183 8206
4129 4150 8279
4135 4185 8320
4100 4156 8256
4102 4158 8260
4051 4072 8123
4147 4195 8342
4084 4131 8215
4097 4121 8218
4108 4117 8225
4099 4160 8259
4021 4054 8075
4055 4126 8181
4132 4138 8270
4091 4176 8267
4002 4039 8041
4094 4113 8207
4001 4098 8099
4143 4194 8337
4068 4091 8159
4066 4128 8194
4185 4196 8381
4069 4154 8223
4164 4172 8336
4135 4170 8305
4120 4150 8270
4185 4186 8371
4044 4177 8221
4155 4177 8332
4091 4108 8199
4160 4191 8351
4142 4200 8342
4080 4171 8251
4045 4126 8171
4178 4187 8365
4081 4114 8195
4089 4144 8233
4154 4188 8342
4170 4189 8359
4129 4179 8308
4123 4169 8292
4089 4182 8271
4040 4162 8202
4165 4180 8345
4102 4188 8290
4031 4150 8181
4041 4110 8151
4190 4191 8381
4028 4062 8090
4089 4143 8232
4013 4168 8181
4062 4122 8184
4169 4196 8365
4168 4189 8357
4130 4146 8276
4070 4162 8232
4052 4143 8195
4163 4189 8352
4087 4196 8283
4116 4137 8253
4021 4154 8175
4137 4155 8292
4172 4200 8372
4164 4179 8343
4072 4119 8191
4038 4064 8102
4153 4157 8310
4110 4161 8271
4145 4171 8316
4016 4167 8183
4052 4089 8141
4080 4200 8280
4033 4052 8085
4017 4139 8156
4142 4160 8302
4060 4145 8205
4120 4164 8284
4054 4188 8242
4192 4195 8387
4004 4127 8131
4004 4010 8014
4137 4144 8281
4043 4198 8241
4188 4199 8387
4177 4195 8372
4115 4185 8300
4054 4088 8142
4160 4187 8347
4073 4074 8147
4133 4164 8297
4172 4198 8370
4183 4188 8371
4126 4164 8290
4033 4159 8192
4148 4194 8342
4159 4182 8341
4174 4190 8364
4083 4115 8198
4171 4198 8369
4035 4166 8201
4175 4199 8374
4173 4181 8354
4056 4200 8256
4186 4196 8382
4035 4168 8203
4131 4171 8302
4142 4182 8324
4080 4165 8245
4118 4131 8249
4123 4143 8266
4104 4108 8212
4010 4128 8138
4197 4198 8395
4089 4155 8244
4072 4127 8199
4029 4192 8221
4042 4186 8228
4105 4191 8296
4104 4178 8282
4192 4199 8391
4022 4166 8188
4086 4121 8207
4117 4128 8245
4043 4095 8138
4038 4084 8122
4057 4082 8139
4033 4112 8145
4023 4122 8145
4097 4142 8239
4061 4107 8168
4129 4149 8278
4175 4200 8375
4041 4189 8230
4050 4113 8163
4182 4196 8378
4022 4121 8143
4073 4119 8192
4176 4183 8359
4096 4129 8225
4115 4175 8290
4158 4190 8348
4078 4189 8267
4136 4187 8323
4137 4138 8275
4097 4186 8283
4194 4195 8389
4084 4109 8193
4051 4068 8119
4004 4103 8107
4003 4009 8012
4113 4138 8251
4023 4107 8130
4035 4097 8132
4148 4182 8330
4085 4156 8241
4041 4077 8118
4053 4172 8225
4147 4165 8312
4035 4181 8216
4116 4182 8298
4067 4112 8179
4187 4190 8377
4170 4198 8368
4036 4125 8161
4097 4186 8283
4022 4120 8142
4096 4143 8239
4094 4134 8228
4035 4076 8111
4030 4145 8175
4035 4107 8142
4131 4186 8317
4065 4152 8217
4046 4183 8229
4049 4146 8195
4073 4188 8261
4127 4189 8316
4003 4133 8136
4017 4130 8147
4092 4110 8202
4063 4099 8162
4096 4133 8229
4177 4197 8374
4173 4189 8362
4184 4197 8381
4121 4137 8258
4049 4083 8132
4033 4065 8098
4019 4151 8170
4087 4157 8244
4097 4109 8206
4125 4169 8294
4179 4183 8362
4149 4189 8338
4087 4107 8194
4128 4186 8314
4021 4048 8069
4186 4192 8378
4124 4191 8315
4064 4173 8237
4081 4158 8239
4111 4167 8278
4047 4063 8110
4072 4117 8189
4016 4082 8098
4107 4200 8307
4034 4060 8094
4106 4135 8241
4055 4060 8115
4004 4129 8133
4052 4064 8116
4105 4114 8219
4075 4200 8275
4056 4135 8191
4023 4157 8180
4154 4183 8337
4085 4165 8250
4004 4093 8097
4172 4200 8372
4187 4198 8385
4112 4124 8236
4052 4113 8165
4059 4166 8225
4099 4114 8213
4105 4142 8247
4036 4168 8204
4024 4134 8158
4108 4120 8228
4015 4025 8040
4156 4189 8345
4194 4195 8389
4029 4043 8072
4147 4173 8320
4171 4181 8352
4198 4200 8398
4164 4172 8336
4050 4157 8207
4029 4032 8061
4116 4131 8247
4148 4176 8324
4121 4182 8303
4022 4091 8113
4192 4198 8390
4186 4189 8375
4120 4185 8305
4043 4114 8157
4148 4150 8298
4005 4165 8170
4090 4196 8286
4102 4124 8226
4028 4111 8139
4015 4183 8198
4132 4187 8319
4065 4172 8237
4162 4174 8336
4182 4187 8369
4189 4190 8379
4174 4175 8349
4068 4113 8181
4047 4195 8242
4069 4154 8223
4103 4198 8301
4035 4156 8191
4141 4189 8330
4042 4065 8107
4032 4139 8171
4069 4130 8199
4006 4027 8033
4126 4200 8326
4196 4197 8393
4182 4189 8371
4038 4152 8190
4173 4186 8359
4152 4181 8333
4051 4135 8186
4143 4183 8326
4070 4158 8228
4170 4179 8349
4111 4163 8274
4064 4140 8204
4032 4144 8176
4190 4198 8388
4137 4146 8283
4172 4196 8368
4167 4177 8344
4145 4199 8344
4046 4075 8121
4046 4063 8109
4047 4108 8155
4158 4161 8319
4195 4198 8393
4059 4062 8121
4001 4080 8081
4048 4146 8194
4007 4031 8038
4152 4190 8342
4012 4049 8061
4120 4157 8277
4127 4149 8276
4077 4108 8185
4062 4087 8149
4017 4032 8049
4089 4177 8266
4081 4110 8191
4067 4164 8231
4122 4163 8285
4125 4129 8254
4063 4085 8148
4085 4124 8209
4068 4087 8155
4137 4180 8317
4193 4200 8393
4045 4096 8141
4076 4087 8163
4076 4181 8257
4027 4039 8066
4130 4186 8316
4121 4147 8268
4014 4062 8076
4123 4136 8259
4007 4114 8121
4121 4198 8319
4095 4157 8252
4134 4198 8332
4186 4192 8378
4001 4072 8073
4101 4112 8213
4038 4089 8127
4050 4080 8130
4099 4143 8242
4050 4061 8111
4002 4177 8179
4001 4073 8074
4052 4146 8198
4092 4095 8187
4173 4178 8351
4067 4170 8237
4101 4174 8275
4031 4042 8073
4043 4128 8171
4118 4154 8272
4121 4195 8316
4185 4195 8380
4185 4197 8382
4106 4153 8259
4176 4188 8364
4197 4198 8395
4028 4059 8087
4059 4125 8184
4147 4156 8303
4171 4197 8368
4076 4182 8258
4069 4125 8194
4065 4123 8188
4069 4175 8244
4178 4188 8366
4184 4198 8382
4089 4181 8270
4141 4198 8339
4006 4185 8191
4021 4167 8188
4031 4156 8187
4134 4189 8323
4149 4197 8346
4175 4199 8374
4043 4119 8162
4008 4182 8190
4074 4082 8156
4173 4187 8360
4192 4194 8386
4129 4192 8321
4028 4185 8213
4111 4115 8226
4170 4178 8348
4112 4159 8271
4160 4189 8349
4000 4114 8114
4139 4194 8333
4171 4192 8363
4199 4200 8399
4147 4177 8324
4095 4184 8279
4084 4130 8214
4194 4195 8389
4106 4178 8284
4061 4077 8138
4008 4051 8059
4005 4160 8165
4187 4190 8377
4160 4166 8326
4017 4054 8071
4089 4187 8276
4059 4063 8122
4086 4186 8272
4092 4101 8193
4166 4181 8347
4040 4120 8160
4192 4196 8388
4093 4143 8236
4104 4175 8279
4066 4166 8232
4035 4185 8220
4130 4145 8275
4168 4170 8338
4098 4162 8260
4038 4121 8159
4142 4158 8300
4165 4181 8346
4085 4127 8212
4020 4039 8059
4151 4153 8304
4076 4195 8271
4083 4151 8234
4123 4135 8258
4090 4128 8218
4029 4089 8118
4164 4178 8342
4085 4114 8199
4078 4139 8217
4007 4102 8109
4171 4188 8359
4150 4160 8310
4150 4187 8337
4183 4184 8367
4046 4132 8178
4103 4174 8277
4083 4171 8254
4044 4197 8241
4044 4172 8216
4050 4073 8123
4194 4199 8393
4110 4119 8229
4160 4164 8324
4175 4192 8367
4194 4198 8392
4031 4045 8076
4069 4116 8185
4037 4176 8213
4026 4087 8113
4146 4148 8294
4027 4199 8226
4107 4134 8241
4072 4171 8243
4138 4172 8310
4105 4113 8218
4177 4180 8357
4189 4197 8386
4125 4149 8274
4132 4153 8285
4082 4109 8191

4102 4225 8303
4201 4206 8371
4279 4284 8543
4218 4277 8473
4278 4289 8546
4155 4258 8381
4176 4237 8377
4130 4258 8363
4286 4289 8567
4165 4253 8408
4121 4154 8264
4177 4208 8347
4143 4149 8279
4175 4208 8359
4260 4278 8531
4269 4290 8521
4285 4296 8550
4285 4287 8549
4180 4279 8433
4211 4250 8441
4135 4260 8381
4130 4300 8408
4135 4240 8365
4224 4259 8473
4131 4132 8248
4206 4233 8433
4110 4126 8229
4128 4268 8359
4178 4197 8340
4117 4205 8305
4170 4209 8368
4156 4192 8324
4240 4251 8452
4177 4275 8427
4129 4246 8337
4128 4285 8381
4159 4161 8287
4235 4287 8510
4147 4207 8335
4285 4299 8556
4221 4249 8469
4253 4283 8534
4286 4296 8576
4291 4296 8572
4163 4237 8386
4131 4196 8319
4233 4266 8466
4163 4175 8323
4295 4299 8586
4242 4254 8478
4159 4278 8423
4107 4253 8359
4132 4264 8359
4153 4243 8387
4250 4272 8491
4163 4254 8387
4137 4274 8389
4127 4274 8369
4154 4266 8417
4279 4286 8529
4224 4273 8477
4156 4188 8312
4126 4271 8365
4108 4144 8238
4216 4242 8454
4115 4128 8226
4163 4265 8417
4184 4235 8400
4197 4268 8434
4199 4240 8403
4163 4237 8368
4284 4288 8532
4159 4268 8392
4277 4298 8564
4120 4233 8333
4269 4275 8505
4129 4133 8257
4122 4195 8278
4178 4268 8438
4195 4260 8442
4251 4259 8475
4190 4212 8383
4213 4249 8448
4169 4196 8354
4226 4273 8481
4297 4298 8577
4222 4261 8449
4269 4300 8549
4126 4267 8378
4204 4225 8420
4168 4240 8383
4129 4206 8326
4228 4232 8426
4297 4300 8591
4162 4241 8402
4267 4298 8561
4294 4295 8559
4207 4257 8443
4220 4255 8447
4177 4195 8336
4288 4300 8558
4208 4235 8430
4146 4180 8304
4152 4162 8286
4148 4242 8365
4285 4295 8575
4256 4278 8516
4174 4205 8360
4257 4287 8541
4116 4195 8305
4142 4165 8273
4222 4295 8513
4192 4218 8400
4176 4205 8347
4142 4161 8293
4212 4242 8418
4160 4277 8407
4249 4274 8493
4109 4263 8343
4137 4139 8239
4170 4177 8342
4156 4229 8382
4295 4298 8572
4119 4293 8410
4175 4242 8397
4158 4231 8376
4110 4183 8263
4240 4260 8475
4185 4274 8441
4292 4298 8586
4228 4251 8453
4220 4227 8437
4159 4232 8373
4214 4257 8470
4150 4284 8429
4249 4252 8497
4118 4220 8306
4173 4241 8383
4148 4197 8319
4263 4268 8521
4132 4298 8426
4177 4267 8420
4183 4300 8459
4267 4269 8513
4239 4249 8450
4127 4275 8368
4139 4150 8255
4276 4283 8530
4182 4249 8401
4226 4265 8480
4238 4268 8504
4260 4289 8538
4158 4290 8436
4121 4236 8342
4103 4153 8241
4280 4296 8559
4113 4289 8398
4217 4229 8435
4282 4296 8561
4235 4250 8464
4185 4257 8419
4252 4298 8547
4139 4229 8364
4207 4262 8460
4107 4149 8230
4297 4299 8594
4209 4296 8485
4237 4285 8494
4147 4217 8325
4180 4249 8410
4110 4272 8377
4175 4223 8391
4234 4284 8497
4233 4297 8500
4164 4190 8315
4155 4214 8337
4127 4187 8281
4285 4296 8561
4282 4297 8572
4249 4296 8532
4101 4280 8378
4109 4171 8250
4144 4183 8306
4104 4200 8290
4258 4273 8527
4242 4248 8459
4184 4291 8440
4229 4252 8471
4121 4154 8274
4147 4284 8427
4294 4300 8577
4197 4229 8422
4208 4241 8423
4149 4276 8422
4297 4299 8580
4292 4300 8555
4124 4132 8254
4168 4207 8356
4130 4198 8296
4286 4291 8564
4227 4230 8417
4292 4297 8553
4244 4292 8533
4134 4242 8338
4243 4297 8525
4235 4274 8485
4285 4296 8549
4116 4227 8318
4145 4168 8277
4296 4299 8561
4245 4282 8506
4244 4254 8460
4293 4299 8553
4167 4192 8328
4237 4296 8493
4204 4285 8474
4221 4261 8462
4142 4203 8325
4186 4255 8430
4101 4196 8281
4247 4295 8514
4116 4150 8250
4202 4291 8475
4141 4233 8337
4244 4269 8500
4288 4293 8580
4270 4284 8538
4211 4222 8396
4201 4267 8462
4165 4219 8366
4257 4271 8527
4195 4197 8368
4239 4261 8474
4139 4154 8270
4248 4249 8481
4188 4256 8442
4237 4256 8467
4201 4281 8480
4195 4243 8410
4152 4192 8306
4125 4199 8288
4288 4293 8554
4290 4297 8571
4156 4160 8298
4133 4269 8394
4107 4255 8358
4268 4287 8540
4264 4274 8529
4184 4258 8424
4126 4259 8350
4117 4120 8213
4152 4222 8353
4204 4269 8454
4220 4285 8484
4206 4246 8427
4283 4287 8567
4269 4300 8540
4252 4288 8509
4282 4293 8567
4186 4281 8465
4162 4263 8418
4118 4224 8307
4278 4286 8562
4173 4261 8416
4270 4284 8551
4194 4207 8370
4136 4242 8341
4170 4238 8387
4299 4300 8585
4105 4300 8397
4108 4115 8207
4231 4240 8435
4250 4252 8474
4239 4250 8465
4139 4280 8417
4169 4234 8367
4230 4285 8499
4288 4295 8561
4293 4298 8556
4293 4300 8561
4194 4291 8451
4138 4268 8387
4105 4213 8283
4126 4287 8377
4136 4213 8312
4282 4294 8573
4274 4289 8539
4247 4298 8518
4108 4291 8388
4139 4202 8338
4149 4299 8425
4195 4215 8379
4232 4296 8501
4156 4225 8371
4121 4296 8416
4195 4218 8391
4266 4276 8538
4209 4255 8444
4286 4287 8564
4199 4219 8409
4235 4280 8488
4188 4269 8430
4185 4224 8389
4191 4213 8368
4153 4262 8409
4196 4295 8479
4167 4233 8383
4188 4267 8418
4119 4277 8362
4269 4276 8530
4144 4254 8363
4234 4258 8472
4284 4296 8543
4137 4261 8381
4206 4298 8471
4184 4217 8397
4218 4256 8435
4224 4252 8464
4223 4285 8493
4122 4223 8314
4168 4241 8393
4187 4268 8419
4111 4248 8339
4134 4254 8374
4267 4268 8527
4167 4192 8329
4154 4239 8366
4173 4269 8428
4112 4123 8224
4183 4280 8442
4297 4298 8566
4179 4258 8413
4189 4264 8437
4281 4284 8536
4290 4300 8582
4210 4239 8428
4249 4256 8490
4222 4226 8419
4109 4243 8319
4100 4292 8382
4177 4296 8469
4203 4282 8445
4293 4297 8554
4167 4248 8381
4269 4274 8514
4293 4296 8551
4164 4298 8428
4141 4288 8411
4195 4212 8392
4124 4157 8258
4203 4241 8416
4235 4278 8495
4139 4233 8355
4150 4191 8339
4297 4298 8576
4185 4212 8369
4154 4266 8417
4166 4269 8421
4153 4210 8362
4155 4281 8399
4282 4296 8540
4190 4195 8376
4193 4252 8414
4103 4121 8185
4138 4203 8320
4146 4275 8398
4200 4225 8396
4232 4276 8485
4235 4296 8512
4158 4223 8342
4191 4232 8384
4281 4298 8543
4172 4212 8369
4170 4194 8342
4252 4253 8504
4245 4271 8504
4246 4282 8511
4188 4242 8422
4116 4224 8333
4133 4226 8341
4274 4290 8525
4191 4294 8477
4175 4268 8420
4251 4299 8518
4258 4259 8507
4122 4170 8280
4161 4234 8384
4286 4297 8564
4246 4258 8497
4235 4285 8512
4134 4285 8395
4230 4282 8508
4200 4206 8375
4284 4290 8572
4253 4297 8529
4250 4252 8489
4154 4227 8354
4205 4266 8451
4257 4277 8497
4239 4297 8533
4191 4267 8425
4124 4271 8378
4196 4223 8408
4196 4224 8412
4207 4283 8454
4146 4274 8392
4109 4147 8217
4219 4269 8473
4127 4230 8356
4279 4287 8539
4284 4298 8548
4249 4265 8501
4128 4214 8336
4129 4141 8260
4140 4254 8385
4168 4236 8385
4279 4290 8561
4111 4164 8251
4280 4293 8566
4124 4158 8257
4230 4300 8513
4276 4279 8533
4121 4244 8363
4149 4240 8384
4266 4274 8533
4130 4151 8266
4183 4268 8423
4284 4296 8571
4212 4230 8433
4244 4252 8483
4287 4300 8555
4217 4252 8466
4276 4298 8573
4216 4257 8440
4196 4211 8399
4259 4274 8501
4251 4295 8522
4267 4298 8525
4225 4292 8482
4113 4232 8332
4239 4257 8476
4238 4274 8491
4190 4193 8370
4296 4299 8588
4197 4233 8392
4169 4247 8385
4272 4296 8549
4292 4298 8564
4170 4172 8306
4239 4268 8494
4159 4189 8337
4244 4273 8508
4291 4295 8584
4258 4299 8533
4179 4231 8391
4273 4289 8531
4167 4179 8328
4272 4273 8520
4278 4281 8520
4190 4261 8446
4249 4256 8470
4141 4204 8327
4216 4234 8435
4253 4268 8499
4202 4250 8449
4209 4227 8416
4255 4285 8508
4273 4295 8533
4239 4288 8511
4100 4238 8306
4198 4254 8416
4119 4242 8351
4127 4166 8266
4281 4297 8548
4136 4165 8286
4202 4290 8480
4152 4286 8420
4137 4209 8340
4189 4277 8457
4295 4299 8589
4218 4264 8460
4169 4276 8413
4252 4280 8504
4205 4233 8436
4213 4254 8457
4245 4296 8526
4178 4250 8408
4160 4264 8398
4103 4181 8263
4261 4280 8510
4258 4287 8522
4239 4273 8492
4105 4146 8243
4200 4280 8444
4182 4271 8415
4172 4274 8410
4194 4223 8401
4224 4269 8466
4229 4233 8439
4291 4297 8575
4204 4275 8445
4103 4166 8246
4205 4249 8420
4270 4297 8533
4182 4243 8408
4167 4183 8340
4124 4206 8328
4248 4274 8512
4298 4299 8587
4255 4294 8523
4178 4299 8450
4152 4224 8345
4224 4278 8488
4108 4214 8320
4281 4295 8560
4223 4250 8441
4211 4261 8471
4293 4296 8554
4263 4296 8548
4212 4286 8490
4259 4272 8521
4235 4236 8448
4299 4300 8565
4223 4269 8481
4114 4204 8291
4127 4135 8252
4192 4223 8399
4269 4298 8537
4164 4199 8350
4158 4243 8374
4294 4299 8568
4291 4298 8549
4177 4270 8417
4298 4299 8583
4231 4275 8504
4229 4230 8425
4213 4288 8478
4202 4206 8393
4240 4284 8508
4169 4240 8391
4202 4274 8471
4172 4278 8441
4102 4277 8349
4111 4174 8256
4236 4287 8487
4145 4250 8371
4149 4292 8411
4234 4240 8465
4165 4192 8335
4121 4156 8257
4123 4283 8387
4229 4250 8465
4235 4285 8494
4200 4256 8423
4202 4258 8436
4151 4172 8322
4247 4295 8504
4184 4231 8406
4197 4221 8379
4208 4217 8391
4199 4260 8422
4121 4154 8253
4155 4226 8366
4232 4238 8444
4191 4276 8428
4102 4139 8217
4194 4213 8406
4101 4198 8262
4243 4294 8534
4168 4191 8347
4166 4228 8385
4285 4296 8559
4169 4254 8392
4264 4272 8523
4235 4270 8491
4220 4250 8459
4285 4286 8555
4144 4277 8417
4255 4277 8492
4191 4208 8371
4260 4291 8548
4242 4300 8509
4180 4271 8430
4145 4226 8355
4278 4287 8546
4181 4214 8357
4189 4244 8399
4254 4288 8507
4270 4289 8547
4229 4279 8484
4223 4269 8471
4189 4282 8435
4140 4262 8368
4265 4280 8539
4202 4288 8470
4131 4250 8358
4141 4210 8348
4290 4291 8579
4128 4162 8280
4189 4243 8409
4113 4268 8367
4162 4222 8374
4269 4296 8547
4268 4289 8521
4230 4246 8449
4170 4262 8411
4152 4243 8372
4263 4289 8540
4187 4296 8474
4216 4237 8439
4121 4254 8338
4237 4255 8491
4272 4300 8534
4264 4279 8523
4172 4219 8362
4138 4164 8294
4253 4257 8507
4210 4261 8446
4245 4271 8490
4116 4267 8370
4152 4189 8327
4180 4300 8467
4133 4152 8255
4117 4239 8336
4242 4260 8492
4160 4245 8383
4220 4264 8472
4154 4288 8404
4292 4295 8547
4104 4227 8326
4104 4110 8209
4237 4244 8478
4143 4298 8417
4288 4299 8566
4277 4295 8532
4215 4285 8465
4154 4188 8314
4260 4287 8514
4173 4174 8332
4233 4264 8470
4272 4298 8537
4283 4288 8554
4226 4264 8471
4133 4259 8390
4248 4294 8517
4259 4282 8531
4274 4290 8554
4183 4215 8387
4271 4298 8549
4135 4266 8392
4275 4299 8536
4273 4281 8526
4156 4300 8418
4286 4296 8564
4135 4268 8373
4231 4271 8475
4242 4282 8508
4180 4265 8444
4218 4231 8432
4223 4243 8438
4204 4208 8387
4110 4228 8309
4297 4298 8579
4189 4255 8423
4172 4227 8364
4129 4292 8397
4142 4286 8391
4205 4291 8483
4204 4278 8454
4292 4299 8567
4122 4266 8356
4186 4221 8372
4217 4228 8406
4143 4195 8307
4138 4184 8303
4157 4182 8319
4133 4212 8321
4123 4222 8318
4197 4242 8424
4161 4207 8362
4229 4249 8442
4275 4300 8567
4141 4289 8403
4150 4213 8354
4282 4296 8568
4122 4221 8340
4173 4219 8378
4276 4283 8547
4196 4229 8398
4215 4275 8465
4258 4290 8514
4178 4289 8462
4236 4287 8486
4237 4238 8440
4197 4286 8445
4294 4295 8571
4184 4209 8374
4151 4168 8291
4104 4203 8305
4103 4109 8184
4213 4238 8444
4123 4207 8320
4135 4197 8296
4248 4282 8506
4185 4256 8405
4141 4177 8289
4153 4272 8401
4247 4265 8495
4135 4281 8408
4216 4282 8468
4167 4212 8353
4287 4290 8571
4270 4298 8564
4136 4225 8339
4197 4286 8476
4122 4220 8341
4196 4243 8420
4194 4234 8410
4135 4176 8302
4130 4245 8363
4135 4207 8306
4231 4286 8507
4165 4252 8386
4146 4283 8418
4149 4246 8393
4173 4288 8444
4227 4289 8504
4103 4233 8324
4117 4230 8346
4192 4210 8394
4163 4199 8339
4196 4233 8411
4277 4297 8558
4273 4289 8557
4284 4297 8550
4221 4237 8429
4149 4183 8314
4133 4165 8261
4119 4251 8369
4187 4257 8422
4197 4209 8401
4225 4269 8475
4279 4283 8538
4249 4289 8511
4187 4207 8376
4228 4286 8508
4121 4148 8266
4286 4292 8546
4224 4291 8501
4164 4273 8406
4181 4258 8427
4211 4267 8469
4147 4163 8287
4172 4217 8371
4116 4182 8267
4207 4300 8468
4134 4160 8284
4206 4235 8419
4155 4160 8279
4104 4229 8295
4152 4164 8306
4205 4214 8418
4175 4300 8474
4156 4235 8352
4123 4257 8360
4254 4283 8517
4185 4265 8441
4104 4193 8261
4272 4300 8569
4287 4298 8561
4212 4224 8424
4152 4213 8352
4159 4266 8415
4199 4214 8382
4205 4242 8439
4136 4268 8384
4124 4234 8337
4208 4220 8409
4115 4125 8227
4256 4289 8521
4294 4295 8580
4129 4143 8262
4247 4273 8487
4271 4281 8541
4298 4300 8572
4264 4272 8513
4150 4257 8377
4129 4132 8248
4216 4231 8413
4248 4276 8515
4221 4282 8466
4122 4191 8293
4292 4298 8572
4286 4289 8573
4220 4285 8480
4143 4214 8322
4248 4250 8465
4105 4265 8339
4190 4296 8455
4202 4224 8413
4128 4211 8330
4115 4283 8361
4232 4287 8507
4165 4272 8412
4262 4274 8507
4282 4287 8567
4289 4290 8562
4274 4275 8516
4168 4213 8377
4147 4295 8406
4169 4254 8392
4203 4298 8470
4135 4256 8388
4241 4289 8491
4142 4165 8279
4132 4239 8339
4169 4230 8379
4106 4127 8200
4226 4300 8516
4296 4297 8570
4282 4289 8569
4138 4252 8371
4273 4286 8553
4252 4281 8501
4151 4235 8374
4243 4283 8509
4170 4258 8425
4270 4279 8519
4211 4263 8466
4164 4240 8402
4132 4244 8340
4290 4298 8549
4237 4246 8447
4272 4296 8567
4267 4277 8540
4245 4299 8523
4146 4175 8312
4146 4163 8282
4147 4208 8347
4258 4261 8501
4295 4298 8556
4159 4162 8310
4101 4180 8243
4148 4246 8358
4107 4131 8203
4252 4290 8503
4112 4149 8230
4220 4257 8450
4227 4249 8442
4177 4208 8347
4162 4187 8344
4117 4132 8216
4189 4277 8463
4181 4210 8354
4167 4264 8425
4222 4263 8457
4225 4229 8450
4163 4185 8345
4185 4224 8381
4168 4187 8339
4237 4280 8480
4293 4300 8578
4145 4196 8333
4176 4187 8329
4176 4281 8421
4127 4139 8242
4230 4286 8512
4221 4247 8451
4114 4162 8249
4223 4236 8438
4107 4214 8306
4221 4298 8484
4195 4257 8423
4234 4298 8527
4286 4292 8575
4101 4172 8250
4201 4212 8373
4138 4189 8325
4150 4180 8316
4199 4243 8426
4150 4161 8278
4102 4277 8342
4101 4173 8272
4152 4246 8373
4192 4195 8370
4273 4278 8513
4167 4270 8405
4201 4274 8470
4131 4142 8253
4143 4228 8357
4218 4254 8453
4221 4295 8510
4285 4295 8566
4285 4297 8573
4206 4253 8425
4276 4288 8530
4297 4298 8559
4128 4159 8276
4159 4225 8373
4247 4256 8487
4271 4297 8562
4176 4282 8450
4169 4225 8383
4165 4223 8354
4169 4275 8412
4278 4288 8533
4284 4298 8547
4189 4281 8445
4241 4298 8516
4106 4285 8357
4121 4267 8363
4131 4256 8377
4234 4289 8488
4249 4297 8518
4275 4299 8569
4143 4219 8334
4108 4282 8378
4174 4182 8353
4273 4287 8527
4292 4294 8574
4229 4292 8491
4128 4285 8403
4211 4215 8398
4270 4278 8547
4212 4259 8434
4260 4289 8536
4100 4214 8290
4239 4294 8507
4271 4292 8561
4299 4300 8582
4247 4277 8486
4195 4284 8456
4184 4230 8396
4294 4295 8563
4206 4278 8480
4161 4177 8318
4108 4151 8221
4105 4260 8362
4287 4290 8555
4260 4266 8511
4117 4154 8252
4189 4287 8448
4159 4163 8311
4186 4286 8456
4192 4201 8368
4266 4281 8525
4140 4220 8349
4292 4296 8562
4193 4243 8406
4204 4275 8462
4166 4266 8408
4135 4285 8394
4230 4245 8458
4268 4270 8533
4198 4262 8456
4138 4221 8331
4242 4258 8476
4265 4281 8511
4185 4227 8387
4120 4139 8224
4251 4253 8467
4176 4295 8464
4183 4251 8406
4223 4235 8445
4190 4228 8416
4129 4189 8293
4264 4278 8514
4185 4214 8398
4178 4239 8379
4107 4202 8270
4271 4288 8532
4250 4260 8506
4250 4287 8513
4283 4284 8564
4146 4232 8364
4203 4274 8461
4183 4271 8419
4144 4297 8440
4144 4272 8388
4150 4173 8291
4294 4299 8589
4210 4219 8413
4260 4264 8512
4275 4292 8534
4294 4298 8576
4131 4145 8246
4169 4216 8380
4137 4276 8404
4126 4187 8304
4246 4248 8457
4127 4299 8394
4207 4234 8425
4172 4271 8439
4238 4272 8503
4205 4213 8408
4277 4280 8532
4289 4297 8580
4225 4249 8440
4232 4253 8471
4182 4209 8373

0.010000 0.650000
