1000
4891552
4096 4146 8242
4157 4161 8318
4145 4184 8329
4110 4150 8260
4133 4177 8310
4144 4164 8308
4191 4194 8385
4165 4196 8361
4002 4016 8018
4109 4190 8299
4137 4193 8330
4195 4200 8395
4189 4200 8389
4081 4099 8180
4009 4196 8205
4023 4183 8206
4037 4157 8194
4116 4141 8257
4023 4092 8115
4114 4166 8280
4144 4166 8310
4057 4185 8242
4111 4183 8294
4136 4177 8313
4004 4056 8060
4154 4156 8310
4117 4190 8307
4104 4130 8234
4116 4167 8283
4009 4043 8052
4086 4107 8193
4033 4049 8082
4197 4199 8396
4034 4126 8160
4002 4198 8200
4023 4024 8047
4088 4099 8187
4191 4193 8384
4008 4022 8030
4109 4198 8307
4082 4147 8229
4108 4169 8277
4098 4111 8209
4050 4193 8243
4185 4188 8373
4165 4194 8359
4122 4147 8269
4161 4175 8336
4113 4145 8258
4133 4181 8314
4156 4167 8323
4196 4198 8394
4136 4178 8314
4144 4177 8321
4110 4188 8298
4065 4081 8146
4157 4176 8333
4164 4198 8362
4196 4198 8394
4096 4111 8207
4032 4162 8194
4140 4186 8326
4032 4134 8166
4163 4180 8343
4077 4194 8271
4012 4128 8140
4058 4098 8156
4104 4164 8268
4122 4181 8303
4060 4178 8238
4051 4106 8157
4059 4085 8144
4178 4180 8358
4103 4113 8216
4023 4142 8165
4184 4188 8372
4194 4200 8394
4116 4124 8240
4131 4137 8268
4072 4146 8218
4116 4194 8310
4048 4105 8153
4101 4118 8219
4194 4200 8394
4129 4180 8309
4121 4168 8289
4123 4130 8253
4084 4089 8173
4004 4020 8024
4102 4122 8224
4101 4188 8289
4170 4193 8363
4107 4145 8252
4142 4197 8339
4086 4195 8281
4190 4198 8388
4145 4197 8342
4062 4127 8189
4184 4188 8372
4065 4193 8258
4049 4175 8224
4063 4173 8236
4032 4058 8090
4073 4084 8157
4196 4199 8395
4007 4148 8155
4057 4123 8180
4196 4197 8393
4087 4126 8213
4199 4200 8399
4004 4074 8078
4004 4021 8025
4094 4127 8221
4029 4123 8152
4040 4160 8200
4172 4198 8370
4029 4112 8141
4108 4195 8303
4149 4183 8332
4010 4122 8132
4176 4191 8367
4065 4151 8216
4071 4169 8240
4029 4199 8228
4151 4164 8315
4071 4171 8242
4120 4177 8297
4010 4144 8154
4159 4160 8319
4014 4113 8127
4182 4185 8367
4025 4142 8167
4095 4115 8210
4199 4200 8399
4070 4104 8174
4030 4054 8084
4000 4142 8142
4099 4198 8297
4000 4161 8161
4061 4142 8203
4176 4200 8376
4157 4200 8357
4085 4134 8219
4030 4120 8150
4088 4186 8274
4142 4185 8327
4158 4166 8324
4001 4038 8039
4043 4134 8177
4176 4194 8370
4198 4199 8397
4020 4065 8085
4161 4186 8347
4013 4193 8206
4137 4178 8315
4187 4193 8380
4012 4086 8098
4032 4143 8175
4118 4154 8272
4007 4163 8170
4001 4025 8026
4068 4087 8155
4010 4102 8112
4010 4110 8120
4051 4151 8202
4077 4125 8202
4167 4197 8364
4098 4128 8226
4101 4193 8294
4124 4131 8255
4052 4083 8135
4197 4199 8396
4174 4187 8361
4055 4124 8179
4030 4154 8184
4180 4196 8376
4184 4185 8369
4184 4198 8382
4094 4168 8262
4131 4135 8266
4011 4147 8158
4045 4116 8161
4092 4096 8188
4144 4171 8315
4135 4137 8272
4073 4195 8268
4196 4197 8393
4027 4056 8083
4001 4082 8083
4009 4193 8202
4175 4180 8355
4021 4190 8211
4103 4152 8255
4121 4128 8249
4029 4193 8222
4019 4099 8118
4078 4087 8165
4128 4129 8257
4065 4117 8182
4005 4009 8014
4035 4122 8157
4057 4105 8162
4173 4178 8351
4123 4187 8310
4032 4149 8181
4068 4185 8253
4142 4162 8304
4040 4097 8137
4128 4178 8306
4054 4132 8186
4122 4163 8285
4146 4180 8326
4118 4138 8256
4084 4156 8240
4032 4177 8209
4136 4192 8328
4123 4174 8297
4037 4108 8145
4104 4119 8223
4045 4144 8189
4070 4153 8223
4105 4148 8253
4101 4110 8211
4052 4059 8111
4152 4181 8333
4037 4056 8093
4087 4151 8238
4061 4168 8229
4007 4181 8188
4193 4199 8392
4189 4190 8379
4135 4199 8334
4154 4166 8320
4107 4174 8281
4082 4084 8166
4071 4102 8173
4134 4154 8288
4157 4193 8350
4198 4199 8397
4088 4171 8259
4048 4189 8237
4077 4141 8218
4104 4125 8229
4108 4156 8264
4043 4193 8236
4013 4053 8066
4162 4185 8347
4178 4192 8370
4172 4176 8348
4099 4167 8266
4181 4199 8380
4104 4106 8210
4075 4080 8155
4105 4136 8241
4078 4103 8181
4124 4198 8322
4020 4070 8090
4143 4182 8325
4032 4057 8089
4182 4187 8369
4174 4178 8352
4031 4047 8078
4170 4184 8354
4128 4180 8308
4099 4177 8276
4018 4188 8206
4028 4123 8151
4009 4039 8048
4104 4118 8222
4098 4125 8223
4126 4189 8315
4126 4192 8318
4127 4174 8301
4088 4102 8190
4169 4174 8343
4050 4107 8157
4074 4188 8262
4095 4143 8238
4106 4182 8288
4104 4135 8239
4050 4197 8247
4048 4144 8192
4106 4195 8301
4014 4108 8122
4041 4105 8146
4040 4165 8205
4170 4182 8352
4149 4154 8303
4067 4122 8189
4136 4179 8315
4103 4115 8218
4071 4084 8155
4147 4165 8312
4083 4179 8262
4090 4169 8259
4184 4191 8375
4197 4200 8397
4093 4166 8259
4155 4158 8313
4185 4187 8372
4135 4183 8318
4114 4171 8285
4126 4157 8283
4112 4121 8233
4101 4122 8223
4109 4128 8237
4037 4060 8097
4148 4153 8301
4068 4076 8144
4147 4149 8296
4063 4095 8158
4144 4168 8312
4110 4199 8309
4007 4103 8110
4153 4158 8311
4190 4199 8389
4159 4200 8359
4095 4117 8212
4019 4106 8125
4199 4200 8399
4070 4185 8255
4007 4028 8035
4006 4138 8144
4024 4199 8223
4071 4186 8257
4109 4172 8281
4003 4152 8155
4159 4161 8320
4192 4199 8391
4173 4198 8371
4103 4155 8258
4047 4198 8245
4122 4197 8319
4046 4199 8245
4045 4058 8103
4096 4174 8270
4090 4173 8263
4068 4151 8219
4060 4122 8182
4154 4194 8348
4080 4086 8166
4168 4190 8358
4114 4128 8242
4148 4152 8300
4191 4198 8389
4198 4199 8397
4024 4053 8077
4152 4197 8349
4197 4198 8395
4165 4200 8365
4080 4138 8218
4034 4111 8145
4164 4182 8346
4117 4134 8251
4099 4112 8211
4178 4182 8360
4121 4178 8299
4044 4163 8207
4047 4101 8148
4134 4138 8272
4021 4143 8164
4161 4197 8358
4135 4196 8331
4091 4191 8282
4066 4126 8192
4149 4151 8300
4109 4141 8250
4053 4073 8126
4039 4095 8134
4190 4197 8387
4013 4085 8098
4189 4191 8380
4110 4134 8244
4039 4104 8143
4083 4125 8208
4091 4102 8193
4053 4065 8118
4109 4165 8274
4016 4155 8171
4133 4184 8317
4052 4069 8121
4131 4179 8310
4080 4174 8254
4175 4197 8372
4197 4200 8397
4089 4145 8234
4079 4110 8189
4107 4170 8277
4010 4175 8185
4112 4188 8300
4132 4193 8325
4011 4082 8093
4066 4159 8225
4130 4137 8267
4085 4149 8234
4013 4116 8129
4166 4200 8366
4160 4164 8324
4156 4173 8329
4111 4121 8232
4075 4164 8239
4067 4167 8234
4106 4200 8306
4083 4119 8202
4087 4117 8204
4119 4179 8298
4106 4149 8255
4173 4182 8355
4040 4105 8145
4125 4152 8277
4057 4061 8118
4099 4161 8260
4163 4176 8339
4057 4191 8248
4132 4192 8324
4028 4154 8182
4178 4181 8359
4148 4199 8347
4130 4137 8267
4132 4156 8288
4057 4140 8197
4083 4132 8215
4050 4162 8212
4151 4170 8321
4170 4186 8356
4079 4142 8221
4103 4175 8278
4189 4190 8379
4030 4179 8209
4166 4185 8351
4099 4117 8216
4126 4187 8313
4046 4108 8154
4154 4198 8352
4001 4167 8168
4142 4166 8308
4114 4153 8267
4057 4096 8153
4095 4098 8193
4050 4162 8212
4121 4139 8260
4198 4199 8397
4099 4145 8244
4195 4200 8395
4170 4184 8354
4118 4156 8274
4188 4197 8385
4131 4166 8297
4130 4159 8289
4149 4196 8345
4035 4101 8136
4110 4141 8251
4014 4196 8210
4074 4079 8153
4139 4187 8326
4075 4134 8209
4154 4176 8330
4113 4167 8280
4078 4162 8240
4099 4194 8293
4162 4166 8328
4104 4186 8290
4098 4178 8276
4010 4183 8193
4121 4157 8278
4140 4158 8298
4131 4151 8282
4044 4150 8194
4095 4101 8196
4077 4184 8261
4010 4198 8208
4002 4111 8113
4111 4199 8310
4047 4180 8227
4157 4177 8334
4005 4140 8145
4081 4179 8260
4011 4028 8039
4080 4184 8264
4170 4181 8351
4197 4199 8396
4182 4190 8372
4036 4104 8140
4072 4186 8258
4169 4179 8348
4024 4189 8213
4046 4057 8103
4190 4200 8390
4068 4146 8214
4063 4125 8188
4186 4194 8380
4032 4138 8170
4179 4185 8364
4125 4177 8302
4192 4196 8388
4099 4100 8199
4187 4195 8382
4081 4186 8267
4152 4162 8314
4175 4187 8362
4039 4163 8202
4058 4086 8144
4154 4159 8313
4069 4072 8141
4019 4037 8056
4089 4177 8266
4040 4064 8104
4090 4174 8264
4177 4180 8357
4175 4194 8369
4119 4149 8268
4163 4198 8361
4012 4138 8150
4132 4141 8273
4171 4198 8369
4193 4195 8388
4051 4143 8194
4147 4158 8305
4162 4200 8362
4095 4097 8192
4007 4195 8202
4130 4134 8264
4003 4011 8014
4082 4132 8214
4024 4195 8219
4062 4098 8160
4063 4121 8184
4185 4193 8378
4084 4191 8275
4127 4157 8284
4015 4156 8171
4062 4083 8145
4056 4174 8230
4089 4117 8206
4040 4056 8096
4043 4145 8188
4068 4105 8173
4171 4179 8350
4188 4189 8377
4080 4122 8202
4041 4099 8140
4003 4062 8065
4195 4196 8391
4012 4140 8152
4190 4200 8390
4153 4186 8339
4105 4126 8231
4051 4125 8176
4155 4187 8342
4011 4127 8138
4024 4119 8143
4016 4068 8084
4124 4170 8294
4146 4195 8341
4096 4153 8249
4187 4188 8375
4017 4093 8110
4131 4158 8289
4005 4193 8198
4020 4166 8186
4108 4139 8247
4033 4059 8092
4034 4141 8175
4136 4196 8332
4061 4083 8144
4145 4159 8304
4196 4197 8393
4012 4185 8197
4002 4200 8202
4142 4147 8289
4033 4168 8201
4049 4107 8156
4058 4111 8169
4102 4106 8208
4170 4188 8358
4183 4186 8369
4035 4040 8075
4197 4200 8397
4134 4170 8304
4101 4102 8203
4081 4170 8251
4097 4150 8247
4048 4077 8125
4000 4025 8025
4090 4106 8196
4006 4054 8060
4130 4183 8313
4121 4182 8303
4079 4130 8209
4131 4151 8282
4091 4176 8267
4012 4181 8193
4172 4189 8361
4117 4136 8253
4183 4186 8369
4175 4182 8357
4171 4186 8357
4083 4140 8223
4126 4188 8314
4185 4198 8383
4021 4135 8156
4081 4136 8217
4135 4170 8305
4043 4105 8148
4051 4140 8191
4129 4170 8299
4093 4101 8194
4027 4127 8154
4139 4169 8308
4079 4125 8204
4177 4198 8375
4039 4064 8103
4030 4114 8144
4069 4134 8203
4193 4194 8387
4150 4170 8320
4097 4182 8279
4143 4162 8305
4130 4147 8277
4038 4128 8166
4065 4171 8236
4175 4190 8365
4105 4129 8234
4026 4085 8111
4075 4108 8183
4060 4177 8237
4167 4200 8367
4026 4106 8132
4108 4164 8272
4174 4181 8355
4045 4154 8199
4128 4141 8269
4174 4177 8351
4069 4153 8222
4117 4157 8274
4152 4197 8349
4012 4113 8125
4188 4196 8384
4052 4087 8139
4056 4064 8120
4047 4155 8202
4152 4171 8323
4188 4191 8379
4097 4161 8258
4073 4156 8229
4174 4192 8366
4133 4150 8283
4164 4182 8346
4121 4147 8268
4116 4183 8299
4181 4197 8378
4193 4198 8391
4071 4109 8180
4126 4192 8318
4007 4164 8171
4116 4153 8269
4074 4127 8201
4181 4196 8377
4114 4167 8281
4177 4189 8366
4159 4174 8333
4139 4164 8303
4115 4195 8310
4098 4165 8263
4068 4102 8170
4050 4139 8189
4165 4200 8365
4135 4172 8307
4069 4174 8243
4166 4170 8336
4046 4169 8215
4102 4184 8286
4118 4184 8302
4064 4108 8172
4109 4158 8267
4187 4196 8383
4154 4172 8326
4140 4195 8335
4114 4200 8314
4161 4175 8336
4195 4199 8394
4022 4091 8113
4198 4199 8397
4153 4187 8340
4193 4200 8393
4097 4180 8277
4004 4013 8017
4163 4180 8343
4072 4115 8187
4192 4197 8389
4184 4187 8371
4124 4191 8315
4020 4185 8205
4049 4185 8234
4006 4049 8055
4080 4084 8164
4024 4089 8113
4135 4174 8309
4053 4130 8183
4095 4110 8205
4087 4101 8188
4167 4173 8340
4125 4147 8272
4125 4128 8253
4073 4077 8150
4094 4165 8259
4181 4197 8378
4125 4174 8299
4017 4133 8150
4113 4141 8254
4033 4192 8225
4117 4145 8262
4102 4176 8278
4084 4185 8269
4092 4129 8221
4056 4154 8210
4064 4130 8194
4047 4191 8238
4082 4145 8227
4072 4192 8264
4197 4198 8395
4175 4176 8351
4032 4111 8143
4139 4180 8319
4188 4196 8384
4089 4162 8251
4103 4182 8285
4176 4198 8374
4120 4145 8265
4165 4175 8340
4126 4136 8262
4042 4119 8161
4001 4028 8029
4009 4045 8054
4175 4193 8368
4173 4192 8365
4111 4120 8231
4122 4171 8293
4140 4175 8315
4135 4200 8335
4111 4146 8257
4051 4077 8128
4162 4183 8345
4168 4184 8352
4178 4190 8368
4031 4197 8228
4166 4170 8336
4149 4198 8347
4188 4190 8378
4153 4181 8334
4103 4155 8258
4002 4107 8109
4193 4195 8388
4176 4199 8375
4140 4151 8291
4198 4200 8398
4094 4101 8195
4059 4079 8138
4166 4181 8347
4084 4187 8271
4022 4092 8114
4115 4116 8231
4048 4054 8102
4127 4161 8288
4083 4112 8195
4025 4097 8122
4133 4191 8324
4054 4058 8112
4024 4158 8182
4030 4063 8093
4146 4177 8323
4113 4145 8258
4187 4188 8375
4098 4175 8273
4085 4176 8261
4170 4180 8350
4080 4100 8180
4119 4191 8310
4117 4186 8303
4120 4121 8241
4003 4166 8169
4175 4190 8365
4076 4095 8171
4072 4087 8159
4197 4198 8395
4107 4175 8282
4082 4142 8224
4053 4104 8157
4042 4078 8120
4110 4174 8284
4003 4139 8142
4090 4137 8227
4010 4060 8070
4026 4170 8196
4018 4064 8082
4006 4074 8080
4006 4021 8027
4034 4120 8154
4047 4145 8192
4096 4169 8265
4052 4175 8227
4159 4192 8351
4158 4171 8329
4099 4160 8259
4198 4200 8398
4143 4199 8342
4098 4140 8238
4171 4173 8344
4119 4198 8317
4171 4193 8364
4009 4194 8203
4129 4168 8297
4119 4178 8297
4152 4180 8332
4185 4196 8381
4124 4143 8267
4024 4120 8144
4177 4188 8365
4067 4173 8240
4097 4103 8200
4137 4182 8319
4075 4085 8160
4165 4191 8356
4172 4177 8349
4122 4181 8303
4105 4119 8224
4126 4191 8317
4143 4199 8342
4049 4172 8221
4033 4088 8121
4172 4174 8346
4187 4190 8377
4060 4093 8153
4088 4138 8226
4130 4186 8316
4005 4048 8053
4103 4147 8250
4161 4184 8345
4072 4136 8208
4148 4156 8304
4191 4194 8385
4076 4146 8222
4162 4184 8346
4112 4128 8240
4015 4149 8164
4109 4159 8268
4093 4163 8256
4157 4182 8339
4114 4158 8272
4130 4156 8286
4158 4179 8337
4128 4173 8301
4090 4192 8282
4001 4126 8127
4013 4026 8039
4097 4102 8199
4048 4199 8247
4057 4129 8186
4058 4162 8220
4178 4187 8365
4092 4166 8258
4137 4170 8307
4182 4193 8375
4007 4120 8127
4095 4118 8213
4190 4195 8385
4172 4190 8362
4152 4172 8324
4062 4095 8157
4042 4113 8155
4128 4189 8317
4059 4096 8155
4113 4163 8276
4057 4171 8228
4192 4193 8385
4109 4178 8287
4140 4149 8289
4149 4178 8327
4146 4152 8298
4194 4200 8394
4092 4102 8194
4109 4149 8258
4085 4114 8199
4019 4048 8067
4077 4200 8277
4185 4187 8372
4155 4170 8325
4057 4165 8222
4163 4192 8355
4186 4195 8381
4095 4128 8223
4191 4197 8388
4152 4168 8320
4176 4195 8371
4187 4196 8383
4157 4199 8356
4093 4140 8233
4044 4049 8093
4029 4086 8115
4098 4118 8216
4171 4178 8349
4055 4181 8236
4194 4195 8389
4161 4162 8323
4052 4055 8107
4099 4122 8221
4178 4197 8375
4072 4190 8262
4012 4168 8180
4129 4184 8313
4126 4193 8319
4085 4140 8225
4005 4052 8057
4018 4168 8186
4102 4136 8238
4019 4047 8066
4115 4176 8291
4107 4169 8276
4079 4117 8196
4036 4125 8161
4164 4186 8350
4195 4198 8393
4013 4105 8118
4135 4168 8303
4116 4130 8246
4063 4130 8193
4116 4138 8254
4195 4198 8393
4143 4194 8337
4120 4168 8288
4068 4166 8234
4013 4109 8122
4031 4143 8174
4122 4157 8279
4046 4101 8147
4199 4200 8399
4032 4100 8132
4089 4137 8226
4025 4136 8161
4057 4128 8185
4121 4154 8275
4184 4186 8370
4002 4151 8153
4165 4176 8341
4149 4200 8349
4035 4169 8204
4162 4165 8327
4014 4177 8191
4155 4156 8311
4094 4158 8252
4145 4186 8331
4138 4165 8303
4066 4100 8166
4084 4126 8210
4115 4188 8303
4168 4169 8337
4040 4091 8131
4157 4158 8315
4105 4182 8287
4107 4111 8218
4084 4087 8171
4090 4110 8200
4091 4149 8240
4103 4104 8207
4113 4166 8279
4147 4163 8310
4036 4179 8215
4139 4192 8331
4029 4098 8127
4044 4087 8131
4037 4199 8236
4097 4159 8256
4091 4097 8188
4035 4107 8142
4182 4189 8371
4098 4104 8202
4077 4179 8256
4093 4181 8274
4177 4197 8374
4102 4151 8253
4053 4172 8225
4090 4194 8284
4065 4148 8213
4195 4196 8391
4037 4158 8195
4191 4192 8383
4099 4102 8201
4027 4138 8165
4085 4102 8187
4170 4175 8345
4170 4190 8360
4131 4138 8269
4180 4192 8372
4163 4192 8355
4088 4141 8229
4018 4116 8134
4090 4180 8270
4146 4195 8341
4027 4074 8101
4175 4179 8354

4196 4246 8408
4257 4261 8498
4245 4284 8508
4210 4250 8431
4233 4277 8509
4244 4264 8499
4291 4294 8574
4265 4296 8529
4102 4116 8194
4209 4290 8463
4237 4293 8519
4295 4300 8580
4289 4300 8551
4181 4199 8379
4109 4296 8382
4123 4283 8370
4137 4257 8389
4216 4241 8435
4123 4192 8278
4214 4266 8444
4244 4266 8501
4157 4285 8436
4211 4283 8481
4236 4277 8478
4104 4156 8247
4254 4256 8506
4217 4290 8491
4204 4230 8418
4216 4267 8449
4109 4143 8219
4186 4207 8356
4133 4149 8259
4297 4299 8562
4134 4226 8341
4102 4298 8387
4123 4124 8236
4188 4199 8386
4291 4293 8557
4108 4122 8209
4209 4298 8491
4182 4247 8413
4208 4269 8472
4198 4211 8371
4150 4293 8432
4285 4288 8541
4265 4294 8549
4222 4247 8430
4261 4275 8500
4213 4245 8425
4233 4281 8500
4256 4267 8517
4296 4298 8584
4236 4278 8505
4244 4277 8500
4210 4288 8491
4165 4181 8312
4257 4276 8493
4264 4298 8546
4296 4298 8592
4196 4211 8369
4132 4262 8367
4240 4286 8514
4132 4234 8337
4263 4280 8503
4177 4294 8469
4112 4228 8322
4158 4198 8342
4204 4264 8435
4222 4281 8483
4160 4278 8401
4151 4206 8331
4159 4185 8309
4278 4280 8527
4203 4213 8394
4123 4242 8354
4284 4288 8552
4294 4300 8583
4216 4224 8426
4231 4237 8438
4172 4246 8388
4216 4294 8502
4148 4205 8346
4201 4218 8414
4294 4300 8584
4229 4280 8488
4221 4268 8454
4223 4230 8448
4184 4189 8351
4104 4120 8191
4202 4222 8409
4201 4288 8485
4270 4293 8539
4207 4245 8417
4242 4297 8515
4186 4295 8454
4290 4298 8584
4245 4297 8524
4162 4227 8384
4284 4288 8536
4165 4293 8427
4149 4275 8423
4163 4273 8409
4132 4158 8281
4173 4184 8343
4296 4299 8590
4107 4248 8317
4157 4223 8357
4296 4297 8569
4187 4226 8396
4299 4300 8596
4104 4174 8274
4104 4121 8201
4194 4227 8402
4129 4223 8317
4140 4260 8390
4272 4298 8556
4129 4212 8320
4208 4295 8484
4249 4283 8517
4110 4222 8313
4276 4291 8561
4165 4251 8403
4171 4269 8426
4129 4299 8408
4251 4264 8500
4171 4271 8419
4220 4277 8492
4110 4244 8349
4259 4260 8513
4114 4213 8326
4282 4285 8547
4125 4242 8365
4195 4215 8384
4299 4300 8579
4170 4204 8372
4130 4154 8256
4100 4242 8328
4199 4298 8469
4100 4261 8349
4161 4242 8397
4276 4300 8547
4257 4300 8542
4185 4234 8409
4130 4220 8344
4188 4286 8446
4242 4285 8497
4258 4266 8501
4101 4138 8205
4143 4234 8368
4276 4294 8566
4298 4299 8577
4120 4165 8276
4261 4286 8534
4113 4293 8384
4237 4278 8511
4287 4293 8550
4112 4186 8276
4132 4243 8370
4218 4254 8461
4107 4263 8343
4101 4125 8208
4168 4187 8339
4110 4202 8310
4110 4210 8285
4151 4251 8368
4177 4225 8387
4267 4297 8536
4198 4228 8398
4201 4293 8488
4224 4231 8446
4152 4183 8321
4297 4299 8558
4274 4287 8533
4155 4224 8340
4130 4254 8350
4280 4296 8566
4284 4285 8542
4284 4298 8564
4194 4268 8454
4231 4235 8449
4111 4247 8330
4145 4216 8339
4192 4196 8358
4244 4271 8483
4235 4237 8467
4173 4295 8429
4296 4297 8569
4127 4156 8277
4101 4182 8247
4109 4293 8367
4275 4280 8547
4121 4290 8389
4203 4252 8444
4221 4228 8432
4129 4293 8400
4119 4199 8304
4178 4187 8347
4228 4229 8420
4165 4217 8372
4105 4109 8178
4135 4222 8343
4157 4205 8347
4273 4278 8521
4223 4287 8488
4132 4249 8378
4168 4285 8421
4242 4262 8492
4140 4197 8323
4228 4278 8479
4154 4232 8359
4222 4263 8458
4246 4280 8495
4218 4238 8436
4184 4256 8420
4132 4277 8394
4236 4292 8527
4223 4274 8484
4137 4208 8311
4204 4219 8385
4145 4244 8356
4170 4253 8400
4205 4248 8448
4201 4210 8402
4152 4159 8289
4252 4281 8496
4137 4156 8287
4187 4251 8427
4161 4268 8390
4107 4281 8386
4293 4299 8558
4289 4290 8539
4235 4299 8533
4254 4266 8505
4207 4274 8472
4182 4184 8347
4171 4202 8348
4234 4254 8451
4257 4293 8522
4298 4299 8593
4188 4271 8427
4148 4289 8432
4177 4241 8406
4204 4225 8402
4208 4256 8463
4143 4293 8420
4113 4153 8234
4262 4285 8513
4278 4292 8547
4272 4276 8511
4199 4267 8460
4281 4299 8544
4204 4206 8390
4175 4180 8335
4205 4236 8405
4178 4203 8378
4224 4298 8513
4120 4170 8275
4243 4282 8493
4132 4157 8273
4282 4287 8536
4274 4278 8534
4131 4147 8266
4270 4284 8549
4228 4280 8496
4199 4277 8452
4118 4288 8387
4128 4223 8325
4109 4139 8212
4204 4218 8399
4198 4225 8388
4226 4289 8510
4226 4292 8516
4227 4274 8488
4188 4202 8375
4269 4274 8525
4150 4207 8343
4174 4288 8425
4195 4243 8410
4206 4282 8458
4204 4235 8430
4150 4297 8431
4148 4244 8379
4206 4295 8490
4114 4208 8320
4141 4205 8323
4140 4265 8397
4270 4282 8522
4249 4254 8499
4167 4222 8374
4236 4279 8492
4203 4215 8414
4171 4184 8340
4247 4265 8478
4183 4279 8437
4190 4269 8456
4284 4291 8552
4297 4300 8580
4193 4266 8431
4255 4258 8499
4285 4287 8563
4235 4283 8499
4214 4271 8473
4226 4257 8475
4212 4221 8402
4201 4222 8416
4209 4228 8400
4137 4160 8258
4248 4253 8470
4168 4176 8336
4247 4249 8462
4163 4195 8323
4244 4268 8488
4210 4299 8472
4107 4203 8297
4253 4258 8501
4290 4299 8549
4259 4300 8555
4195 4217 8402
4119 4206 8308
4299 4300 8578
4170 4285 8448
4107 4128 8213
4106 4238 8317
4124 4299 8405
4171 4286 8422
4209 4272 8467
4103 4252 8337
4259 4261 8485
4292 4299 8578
4273 4298 8567
4203 4255 8437
4147 4298 8415
4222 4297 8487
4146 4299 8408
4145 4158 8273
4196 4274 8447
4190 4273 8425
4168 4251 8393
4160 4222 8347
4254 4294 8521
4180 4186 8355
4268 4290 8551
4214 4228 8441
4248 4252 8465
4291 4298 8552
4298 4299 8588
4124 4153 8267
4252 4297 8523
4297 4298 8591
4265 4300 8539
4180 4238 8385
4134 4211 8317
4264 4282 8543
4217 4234 8448
4199 4212 8409
4278 4282 8547
4221 4278 8461
4144 4263 8379
4147 4201 8339
4234 4238 8448
4121 4243 8336
4261 4297 8555
4235 4296 8499
4191 4291 8463
4166 4226 8365
4249 4251 8480
4209 4241 8414
4153 4173 8292
4139 4195 8300
4290 4297 8563
4113 4185 8290
4289 4291 8577
4210 4234 8414
4139 4204 8311
4183 4225 8376
4191 4202 8390
4153 4165 8293
4209 4265 8471
4116 4255 8346
4233 4284 8507
4152 4169 8310
4231 4279 8493
4180 4274 8441
4275 4297 8570
4297 4300 8565
4189 4245 8409
4179 4210 8360
4207 4270 8439
4110 4275 8373
4212 4288 8477
4232 4293 8494
4111 4182 8286
4166 4259 8412
4230 4237 8442
4185 4249 8413
4113 4216 8299
4266 4300 8553
4260 4264 8516
4256 4273 8517
4211 4221 8428
4175 4264 8411
4167 4267 8431
4206 4300 8489
4183 4219 8389
4187 4217 8397
4219 4279 8491
4206 4249 8428
4273 4282 8532
4140 4205 8310
4225 4252 8438
4157 4161 8285
4199 4261 8452
4263 4276 8535
4157 4291 8424
4232 4292 8504
4128 4254 8373
4278 4281 8528
4248 4299 8544
4230 4237 8456
4232 4256 8475
4157 4240 8387
4183 4232 8403
4150 4262 8405
4251 4270 8495
4270 4286 8540
4179 4242 8419
4203 4275 8448
4289 4290 8575
4130 4279 8375
4266 4285 8523
4199 4217 8382
4226 4287 8486
4146 4208 8351
4254 4298 8521
4101 4267 8367
4242 4266 8480
4214 4253 8434
4157 4196 8344
4195 4198 8366
4150 4262 8382
4221 4239 8428
4298 4299 8582
4199 4245 8430
4295 4300 8585
4270 4284 8542
4218 4256 8440
4288 4297 8579
4231 4266 8496
4230 4259 8464
4249 4296 8543
4135 4201 8323
4210 4241 8447
4114 4296 8395
4174 4179 8346
4239 4287 8512
4175 4234 8372
4254 4276 8494
4213 4267 8454
4178 4262 8414
4199 4294 8461
4262 4266 8490
4204 4286 8466
4198 4278 8443
4110 4283 8372
4221 4257 8453
4240 4258 8462
4231 4251 8458
4144 4250 8362
4195 4201 8371
4177 4284 8445
4110 4298 8387
4102 4211 8288
4211 4299 8485
4147 4280 8389
4257 4277 8532
4105 4240 8311
4181 4279 8458
4111 4128 8223
4180 4284 8441
4270 4281 8524
4297 4299 8560
4282 4290 8534
4136 4204 8324
4172 4286 8439
4269 4279 8542
4124 4289 8380
4146 4157 8264
4290 4300 8560
4168 4246 8384
4163 4225 8359
4286 4294 8575
4132 4238 8352
4279 4285 8555
4225 4277 8475
4292 4296 8566
4199 4200 8398
4287 4295 8566
4181 4286 8434
4252 4262 8492
4275 4287 8558
4139 4263 8367
4158 4186 8305
4254 4259 8496
4169 4172 8323
4119 4137 8250
4189 4277 8456
4140 4164 8276
4190 4274 8432
4277 4280 8530
4275 4294 8533
4219 4249 8450
4263 4298 8527
4112 4238 8340
4232 4241 8449
4271 4298 8557
4293 4295 8571
4151 4243 8366
4247 4258 8490
4262 4300 8551
4195 4197 8381
4107 4295 8369
4230 4234 8441
4103 4111 8182
4182 4232 8384
4124 4295 8391
4162 4198 8350
4163 4221 8351
4285 4293 8549
4184 4291 8451
4227 4257 8459
4115 4256 8338
4162 4183 8309
4156 4274 8401
4189 4217 8373
4140 4156 8293
4143 4245 8382
4168 4205 8357
4271 4279 8511
4288 4289 8567
4180 4222 8391
4141 4199 8317
4103 4162 8251
4295 4296 8554
4112 4240 8317
4290 4300 8572
4253 4286 8525
4205 4226 8417
4151 4225 8369
4255 4287 8502
4111 4227 8321
4124 4219 8321
4116 4168 8250
4224 4270 8476
4246 4295 8526
4196 4253 8445
4287 4288 8553
4117 4193 8272
4231 4258 8462
4105 4293 8367
4120 4266 8354
4208 4239 8429
4133 4159 8290
4134 4241 8364
4236 4296 8499
4161 4183 8341
4245 4259 8494
4296 4297 8553
4112 4285 8379
4102 4300 8377
4242 4247 8471
4133 4268 8387
4149 4207 8353
4158 4211 8362
4202 4206 8387
4270 4288 8545
4283 4286 8532
4135 4140 8246
4297 4300 8572
4234 4270 8492
4201 4202 8367
4181 4270 8432
4197 4250 8419
4148 4177 8294
4100 4125 8208
4190 4206 8385
4106 4154 8235
4230 4283 8509
4221 4282 8479
4179 4230 8387
4231 4251 8460
4191 4276 8446
4112 4281 8370
4272 4289 8525
4217 4236 8420
4283 4286 8554
4275 4282 8525
4271 4286 8546
4183 4240 8422
4226 4288 8505
4285 4298 8579
4121 4235 8326
4181 4236 8415
4235 4270 8484
4143 4205 8314
4151 4240 8376
4229 4270 8484
4193 4201 8357
4127 4227 8334
4239 4269 8492
4179 4225 8370
4277 4298 8555
4139 4164 8267
4130 4214 8340
4169 4234 8377
4293 4294 8578
4250 4270 8502
4197 4282 8442
4243 4262 8484
4230 4247 8448
4138 4228 8363
4165 4271 8404
4275 4290 8547
4205 4229 8414
4126 4185 8291
4175 4208 8370
4160 4277 8422
4267 4300 8536
4126 4206 8330
4208 4264 8435
4274 4281 8534
4145 4254 8396
4228 4241 8446
4274 4277 8517
4169 4253 8383
4217 4257 8447
4252 4297 8530
4112 4213 8295
4288 4296 8546
4152 4187 8308
4156 4164 8304
4147 4255 8370
4252 4271 8501
4288 4291 8540
4197 4261 8431
4173 4256 8412
4274 4292 8552
4233 4250 8464
4264 4282 8519
4221 4247 8455
4216 4283 8496
4281 4297 8575
4293 4298 8582
4171 4209 8358
4226 4292 8489
4107 4264 8359
4216 4253 8448
4174 4227 8384
4281 4296 8548
4214 4267 8450
4277 4289 8540
4259 4274 8499
4239 4264 8481
4215 4295 8480
4198 4265 8446
4168 4202 8342
4150 4239 8369
4265 4300 8563
4235 4272 8479
4169 4274 8416
4266 4270 8512
4146 4269 8384
4202 4284 8461
4218 4284 8479
4164 4208 8351
4209 4258 8463
4287 4296 8560
4254 4272 8490
4240 4295 8496
4214 4300 8486
4261 4275 8501
4295 4299 8556
4122 4191 8292
4298 4299 8575
4253 4287 8517
4293 4300 8559
4197 4280 8473
4104 4113 8200
4263 4280 8520
4172 4215 8383
4292 4297 8549
4284 4287 8551
4224 4291 8479
4120 4285 8371
4149 4285 8428
4106 4149 8236
4180 4184 8342
4124 4189 8283
4235 4274 8481
4153 4230 8371
4195 4210 8370
4187 4201 8376
4267 4273 8533
4225 4247 8456
4225 4228 8445
4173 4177 8316
4194 4265 8434
4281 4297 8550
4225 4274 8489
4117 4233 8320
4213 4241 8433
4133 4292 8408
4217 4245 8425
4202 4276 8458
4184 4285 8436
4192 4229 8415
4156 4254 8385
4164 4230 8356
4147 4291 8435
4182 4245 8407
4172 4292 8440
4297 4298 8584
4275 4276 8515
4132 4211 8316
4239 4280 8494
4288 4296 8554
4189 4262 8428
4203 4282 8483
4276 4298 8571
4220 4245 8463
4265 4275 8503
4226 4236 8427
4142 4219 8332
4101 4128 8227
4109 4145 8248
4275 4293 8532
4273 4292 8545
4211 4220 8416
4222 4271 8467
4240 4275 8492
4235 4300 8515
4211 4246 8420
4151 4177 8326
4262 4283 8540
4268 4284 8530
4278 4290 8538
4131 4297 8420
4266 4270 8528
4249 4298 8539
4288 4290 8561
4253 4281 8503
4203 4255 8422
4102 4207 8302
4293 4295 8584
4276 4299 8557
4240 4251 8471
4298 4300 8596
4194 4201 8376
4159 4179 8301
4266 4281 8526
4184 4287 8449
4122 4192 8281
4215 4216 8405
4148 4154 8300
4227 4261 8481
4183 4212 8362
4125 4197 8317
4233 4291 8493
4154 4158 8273
4124 4258 8381
4130 4163 8279
4246 4277 8494
4213 4245 8445
4287 4288 8558
4198 4275 8460
4185 4276 8430
4270 4280 8534
4180 4200 8371
4219 4291 8496
4217 4286 8502
4220 4221 8406
4103 4266 8364
4275 4290 8547
4176 4195 8359
4172 4187 8353
4297 4298 8560
4207 4275 8458
4182 4242 8403
4153 4204 8343
4142 4178 8318
4210 4274 8448
4103 4239 8339
4190 4237 8395
4110 4160 8250
4126 4270 8360
4118 4164 8264
4106 4174 8260
4106 4121 8200
4134 4220 8316
4147 4245 8385
4196 4269 8462
4152 4275 8416
4259 4292 8534
4258 4271 8500
4199 4260 8441
4298 4300 8571
4243 4299 8530
4198 4240 8402
4271 4273 8525
4219 4298 8495
4271 4293 8550
4109 4294 8393
4229 4268 8490
4219 4278 8484
4252 4280 8503
4285 4296 8574
4224 4243 8427
4124 4220 8342
4277 4288 8550
4167 4273 8424
4197 4203 8392
4237 4282 8492
4175 4185 8341
4265 4291 8541
4272 4277 8526
4222 4281 8468
4205 4219 8420
4226 4291 8485
4243 4299 8525
4149 4272 8382
4133 4188 8313
4272 4274 8517
4287 4290 8552
4160 4193 8326
4188 4238 8421
4230 4286 8492
4105 4148 8232
4203 4247 8437
4261 4284 8510
4172 4236 8371
4248 4256 8498
4291 4294 8557
4176 4246 8416
4262 4284 8506
4212 4228 8436
4115 4249 8327
4209 4259 8444
4193 4263 8447
4257 4282 8533
4214 4258 8435
4230 4256 8471
4258 4279 8523
4228 4273 8484
4190 4292 8480
4101 4226 8311
4113 4126 8227
4197 4202 8363
4148 4299 8427
4157 4229 8354
4158 4262 8417
4278 4287 8531
4192 4266 8445
4237 4270 8490
4282 4293 8558
4107 4220 8320
4195 4218 8401
4290 4295 8574
4272 4290 8556
4252 4272 8485
4162 4195 8333
4142 4213 8331
4228 4289 8497
4159 4196 8346
4213 4263 8461
4157 4271 8399
4292 4293 8578
4209 4278 8452
4240 4249 8483
4249 4278 8516
4246 4252 8490
4294 4300 8587
4192 4202 8372
4209 4249 8426
4185 4214 8390
4119 4148 8265
4177 4300 8460
4285 4287 8555
4255 4270 8518
4157 4265 8403
4263 4292 8553
4286 4295 8570
4195 4228 8410
4291 4297 8571
4252 4268 8501
4276 4295 8540
4287 4296 8573
4257 4299 8535
4193 4240 8403
4144 4149 8291
4129 4186 8295
4198 4218 8402
4271 4278 8511
4155 4281 8428
4294 4295 8570
4261 4262 8510
4152 4155 8292
4199 4222 8414
4278 4297 8557
4172 4290 8459
4112 4268 8367
4229 4284 8491
4226 4293 8500
4185 4240 8389
4105 4152 8242
4118 4268 8373
4202 4236 8414
4119 4147 8236
4215 4276 8461
4207 4269 8467
4179 4217 8364
4136 4225 8342
4264 4286 8544
4295 4298 8571
4113 4205 8294
4235 4268 8498
4216 4230 8429
4163 4230 8379
4216 4238 8453
4295 4298 8577
4243 4294 8534
4220 4268 8479
4168 4266 8409
4113 4209 8297
4131 4243 8345
4222 4257 8470
4146 4201 8338
4299 4300 8574
4132 4200 8303
4189 4237 8405
4125 4236 8355
4157 4228 8347
4221 4254 8456
4284 4286 8561
4102 4251 8325
4265 4276 8501
4249 4300 8528
4135 4269 8373
4262 4265 8507
4114 4277 8370
4255 4256 8471
4194 4258 8432
4245 4286 8516
4238 4265 8493
4166 4200 8329
4184 4226 8405
4215 4288 8478
4268 4269 8522
4140 4191 8323
4257 4258 8508
4205 4282 8465
4207 4211 8416
4184 4187 8353
4190 4210 8369
4191 4249 8415
4203 4204 8404
4213 4266 8476
4247 4263 8495
4136 4279 8411
4239 4292 8501
4129 4198 8321
4144 4187 8299
4137 4299 8401
4197 4259 8454
4191 4197 8382
4135 4207 8305
4282 4289 8565
4198 4204 8386
4177 4279 8420
4193 4281 8460
4277 4297 8544
4202 4251 8437
4153 4272 8407
4190 4294 8465
4165 4248 8399
4295 4296 8553
4137 4258 8361
4291 4292 8545
4199 4202 8383
4127 4238 8338
4185 4202 8350
4270 4275 8521
4270 4290 8528
4231 4238 8467
4280 4292 8550
4263 4292 8544
4188 4241 8416
4118 4216 8320
4190 4280 8443
4246 4295 8506
4127 4174 8290
4275 4279 8535

0.010000 0.580000
