500
1432949
4024 4157 8181
4091 4129 8220
4093 4099 8192
4182 4190 8372
4116 4125 8241
4017 4081 8098
4126 4197 8323
4168 4183 8351
4126 4189 8315
4008 4098 8106
4046 4140 8186
4096 4156 8252
4065 4122 8187
4085 4174 8259
4136 4190 8326
4131 4138 8269
4047 4079 8126
4074 4105 8179
4163 4199 8362
4110 4158 8268
4130 4192 8322
4046 4071 8117
4189 4194 8383
4180 4194 8374
4198 4200 8398
4095 4182 8277
4187 4193 8380
4145 4198 8343
4101 4109 8210
4109 4111 8220
4184 4198 8382
4078 4178 8256
4099 4142 8241
4138 4154 8292
4189 4196 8385
4116 4135 8251
4076 4136 8212
4113 4119 8232
4033 4086 8119
4158 4184 8342
4179 4187 8366
4092 4099 8191
4040 4128 8168
4161 4188 8349
4045 4112 8157
4050 4177 8227
4121 4138 8259
4095 4111 8206
4037 4163 8200
4064 4192 8256
4075 4175 8250
4172 4177 8349
4161 4190 8351
4014 4090 8104
4007 4066 8073
4175 4200 8375
4133 4143 8276
4101 4106 8207
4149 4190 8339
4149 4185 8334
4151 4168 8319
4055 4128 8183
4120 4188 8308
4017 4057 8074
4107 4116 8223
4086 4122 8208
4035 4057 8092
4120 4155 8275
4016 4116 8132
4009 4146 8155
4000 4141 8141
4011 4047 8058
4099 4149 8248
4075 4079 8154
4103 4162 8265
4093 4110 8203
4122 4193 8315
4190 4193 8383
4164 4168 8332
4192 4200 8392
4188 4192 8380
4023 4030 8053
4069 4070 8139
4130 4198 8328
4104 4117 8221
4107 4151 8258
4107 4142 8249
4037 4090 8127
4067 4197 8264
4146 4157 8303
4174 4199 8373
4023 4196 8219
4174 4198 8372
4074 4086 8160
4014 4125 8139
4102 4107 8209
4087 4105 8192
4031 4068 8099
4191 4195 8386
4191 4199 8390
4087 4146 8233
4128 4143 8271
4101 4164 8265
4136 4139 8275
4045 4170 8215
4037 4194 8231
4057 4118 8175
4188 4193 8381
4177 4190 8367
4159 4198 8357
4043 4161 8204
4150 4193 8343
4019 4172 8191
4151 4200 8351
4009 4096 8105
4121 4169 8290
4038 4179 8217
4019 4116 8135
4007 4054 8061
4055 4181 8236
4127 4161 8288
4054 4150 8204
4071 4127 8198
4183 4200 8383
4059 4151 8210
4183 4193 8376
4075 4187 8262
4116 4167 8283
4008 4116 8124
4004 4141 8145
4089 4149 8238
4099 4114 8213
4130 4189 8319
4175 4191 8366
4167 4197 8364
4060 4180 8240
4073 4188 8261
4113 4171 8284
4167 4179 8346
4108 4116 8224
4105 4188 8293
4094 4193 8287
4157 4185 8342
4146 4178 8324
4188 4193 8381
4072 4080 8152
4031 4161 8192
4112 4154 8266
4059 4100 8159
4095 4137 8232
4116 4130 8246
4195 4196 8391
4170 4173 8343
4081 4112 8193
4193 4196 8389
4014 4074 8088
4141 4144 8285
4070 4150 8220
4096 4175 8271
4067 4197 8264
4141 4176 8317
4126 4194 8320
4169 4176 8345
4115 4135 8250
4032 4066 8098
4198 4200 8398
4086 4093 8179
4031 4161 8192
4009 4149 8158
4008 4150 8158
4138 4170 8308
4191 4193 8384
4187 4188 8375
4074 4191 8265
4162 4177 8339
4147 4171 8318
4108 4138 8246
4074 4089 8163
4079 4100 8179
4111 4188 8299
4080 4105 8185
4087 4109 8196
4171 4189 8360
4187 4196 8383
4052 4144 8196
4074 4162 8236
4130 4188 8318
4099 4168 8267
4109 4176 8285
4006 4045 8051
4027 4067 8094
4011 4043 8054
4119 4160 8279
4117 4188 8305
4080 4111 8191
4047 4099 8146
4026 4136 8162
4157 4190 8347
4170 4196 8366
4186 4198 8384
4106 4171 8277
4082 4133 8215
4081 4122 8203
4108 4119 8227
4047 4108 8155
4093 4142 8235
4138 4167 8305
4137 4147 8284
4133 4186 8319
4004 4011 8015
4138 4141 8279
4095 4107 8202
4093 4123 8216
4195 4197 8392
4090 4175 8265
4174 4181 8355
4060 4095 8155
4075 4171 8246
4148 4165 8313
4030 4092 8122
4194 4196 8390
4073 4154 8227
4014 4155 8169
4197 4200 8397
4078 4099 8177
4153 4165 8318
4108 4109 8217
4008 4185 8193
4168 4171 8339
4124 4174 8298
4187 4199 8386
4044 4157 8201
4119 4167 8286
4159 4192 8351
4115 4174 8289
4100 4178 8278
4028 4139 8167
4053 4098 8151
4189 4196 8385
4156 4182 8338
4047 4057 8104
4039 4163 8202
4166 4173 8339
4142 4195 8337
4041 4164 8205
4162 4195 8357
4027 4064 8091
4053 4166 8219
4114 4152 8266
4122 4150 8272
4054 4120 8174
4000 4162 8162
4085 4136 8221
4029 4158 8187
4119 4148 8267
4088 4094 8182
4049 4073 8122
4178 4200 8378
4151 4160 8311
4077 4195 8272
4153 4193 8346
4146 4158 8304
4065 4184 8249
4013 4061 8074
4102 4104 8206
4159 4172 8331
4066 4112 8178
4078 4180 8258
4091 4115 8206
4035 4052 8087
4179 4197 8376
4029 4098 8127
4097 4127 8224
4052 4080 8132
4029 4108 8137
4071 4178 8249
4117 4176 8293
4078 4084 8162
4149 4167 8316
4143 4194 8337
4136 4198 8334
4016 4178 8194
4191 4200 8391
4104 4140 8244
4077 4159 8236
4043 4156 8199
4104 4164 8268
4069 4074 8143
4096 4120 8216
4191 4198 8389
4175 4197 8372
4174 4197 8371
4133 4193 8326
4184 4199 8383
4020 4082 8102
4022 4033 8055
4039 4077 8116
4025 4116 8141
4037 4173 8210
4090 4127 8217
4107 4186 8293
4167 4180 8347
4093 4117 8210
4035 4055 8090
4132 4164 8296
4072 4075 8147
4133 4192 8325
4063 4157 8220
4024 4159 8183
4173 4190 8363
4087 4177 8264
4012 4200 8212
4075 4161 8236
4149 4185 8334
4185 4199 8384
4142 4172 8314
4187 4193 8380
4131 4166 8297
4080 4136 8216
4179 4183 8362
4052 4135 8187
4026 4190 8216
4094 4118 8212
4084 4138 8222
4173 4197 8370
4047 4067 8114
4029 4142 8171
4181 4182 8363
4083 4161 8244
4102 4129 8231
4099 4147 8246
4152 4169 8321
4101 4146 8247
4017 4140 8157
4105 4151 8256
4103 4187 8290
4032 4141 8173
4030 4127 8157
4160 4171 8331
4112 4115 8227
4123 4149 8272
4128 4180 8308
4163 4176 8339
4053 4156 8209
4150 4157 8307
4177 4179 8356
4027 4054 8081
4083 4196 8279
4047 4196 8243
4021 4077 8098
4119 4126 8245
4042 4059 8101
4013 4035 8048
4137 4189 8326
4122 4185 8307
4166 4181 8347
4153 4159 8312
4148 4190 8338
4154 4196 8350
4029 4043 8072
4050 4110 8160
4158 4192 8350
4102 4170 8272
4153 4192 8345
4144 4145 8289
4137 4151 8288
4184 4188 8372
4119 4188 8307
4076 4093 8169
4181 4186 8367
4028 4101 8129
4073 4181 8254
4150 4174 8324
4031 4150 8181
4184 4191 8375
4008 4046 8054
4111 4142 8253
4083 4182 8265
4053 4173 8226
4198 4199 8397
4168 4169 8337
4016 4055 8071
4116 4193 8309
4034 4055 8089
4106 4118 8224
4013 4054 8067
4053 4180 8233
4180 4192 8372
4104 4110 8214
4018 4106 8124
4052 4068 8120
4147 4194 8341
4123 4139 8262
4025 4127 8152
4069 4177 8246
4116 4200 8316
4157 4164 8321
4118 4128 8246
4186 4199 8385
4053 4088 8141
4040 4091 8131
4108 4184 8292
4067 4193 8260
4010 4034 8044
4024 4159 8183
4017 4176 8193
4086 4171 8257
4008 4162 8170
4006 4107 8113
4180 4183 8363
4007 4011 8018
4095 4106 8201
4015 4135 8150
4133 4186 8319
4193 4194 8387
4156 4175 8331
4060 4198 8258
4133 4152 8285
4150 4156 8306
4055 4160 8215
4035 4134 8169
4096 4159 8255
4004 4013 8017
4113 4132 8245
4183 4186 8369
4127 4174 8301
4128 4163 8291
4034 4200 8234
4012 4057 8069
4001 4003 8004
4096 4172 8268
4097 4160 8257
4005 4200 8205
4124 4185 8309
4180 4197 8377
4188 4194 8382
4018 4172 8190
4064 4109 8173
4061 4167 8228
4002 4184 8186
4148 4171 8319
4140 4168 8308
4105 4160 8265
4055 4086 8141
4195 4200 8395
4101 4155 8256
4125 4134 8259
4055 4168 8223
4003 4065 8068
4043 4049 8092
4052 4065 8117
4126 4165 8291
4010 4117 8127
4133 4143 8276
4112 4199 8311
4118 4145 8263
4109 4185 8294
4119 4129 8248
4151 4156 8307
4169 4173 8342
4124 4181 8305
4002 4166 8168
4016 4054 8070
4194 4195 8389
4011 4027 8038
4101 4181 8282
4143 4200 8343
4174 4200 8374
4115 4149 8264
4130 4190 8320
4189 4191 8380
4160 4180 8340
4153 4167 8320
4099 4191 8290
4035 4119 8154
4125 4175 8300
4037 4189 8226
4190 4193 8383
4080 4176 8256
4171 4173 8344
4190 4197 8387
4045 4161 8206
4009 4042 8051
4161 4183 8344
4036 4066 8102
4026 4169 8195
4170 4196 8366
4107 4154 8261
4150 4196 8346
4083 4187 8270
4146 4175 8321
4123 4156 8279
4029 4194 8223
4049 4131 8180
4076 4122 8198
4040 4140 8180
4033 4118 8151
4175 4195 8370
4003 4198 8201
4041 4052 8093

4124 4257 8372
4191 4229 8414
4193 4199 8391
4282 4290 8540
4216 4225 8405
4117 4181 8283
4226 4297 8499
4268 4283 8533
4226 4289 8510
4108 4198 8303
4146 4240 8380
4196 4256 8422
4165 4222 8373
4185 4274 8455
4236 4290 8503
4231 4238 8460
4147 4179 8287
4174 4205 8342
4263 4299 8549
4210 4258 8467
4230 4292 8519
4146 4171 8305
4289 4294 8558
4280 4294 8561
4298 4300 8584
4195 4282 8461
4287 4293 8551
4245 4298 8517
4201 4209 8391
4209 4211 8391
4284 4298 8561
4178 4278 8430
4199 4242 8420
4238 4254 8479
4289 4296 8550
4216 4235 8439
4176 4236 8407
4213 4219 8397
4133 4186 8312
4258 4284 8506
4279 4287 8553
4192 4199 8365
4140 4228 8341
4261 4288 8540
4145 4212 8335
4150 4277 8405
4221 4238 8453
4195 4211 8396
4137 4263 8386
4164 4292 8425
4175 4275 8417
4272 4277 8521
4261 4290 8533
4114 4190 8292
4107 4166 8243
4275 4300 8570
4233 4243 8466
4201 4206 8405
4249 4290 8525
4249 4285 8525
4251 4268 8485
4155 4228 8366
4220 4288 8499
4117 4157 8263
4207 4216 8395
4186 4222 8375
4135 4157 8256
4220 4255 8459
4116 4216 8330
4109 4246 8346
4100 4241 8306
4111 4147 8228
4199 4249 8415
4175 4179 8345
4203 4262 8460
4193 4210 8371
4222 4293 8480
4290 4293 8579
4264 4268 8523
4292 4300 8566
4288 4292 8563
4123 4130 8230
4169 4170 8333
4230 4298 8491
4204 4217 8416
4207 4251 8422
4207 4242 8447
4137 4190 8323
4167 4297 8452
4246 4257 8482
4274 4299 8534
4123 4296 8392
4274 4298 8557
4174 4186 8325
4114 4225 8302
4202 4207 8400
4187 4205 8357
4131 4168 8270
4291 4295 8552
4291 4299 8560
4187 4246 8396
4228 4243 8449
4201 4264 8427
4236 4239 8447
4145 4270 8413
4137 4294 8405
4157 4218 8359
4288 4293 8566
4277 4290 8565
4259 4298 8554
4143 4261 8398
4250 4293 8508
4119 4272 8363
4251 4300 8517
4109 4196 8281
4221 4269 8464
4138 4279 8411
4119 4216 8324
4107 4154 8260
4155 4281 8409
4227 4261 8448
4154 4250 8377
4171 4227 8396
4283 4300 8579
4159 4251 8387
4283 4293 8575
4175 4287 8457
4216 4267 8454
4108 4216 8314
4104 4241 8319
4189 4249 8435
4199 4214 8402
4230 4289 8507
4275 4291 8536
4267 4297 8546
4160 4280 8421
4173 4288 8439
4213 4271 8453
4267 4279 8506
4208 4216 8389
4205 4288 8466
4194 4293 8485
4257 4285 8522
4246 4278 8496
4288 4293 8542
4172 4180 8330
4131 4261 8381
4212 4254 8437
4159 4200 8321
4195 4237 8408
4216 4230 8442
4295 4296 8571
4270 4273 8525
4181 4212 8355
4293 4296 8566
4114 4174 8281
4241 4244 8457
4170 4250 8399
4196 4275 8465
4167 4297 8457
4241 4276 8487
4226 4294 8484
4269 4276 8531
4215 4235 8428
4132 4166 8260
4298 4300 8582
4186 4193 8360
4131 4261 8355
4109 4249 8352
4108 4250 8352
4238 4270 8486
4291 4293 8550
4287 4288 8553
4174 4291 8443
4262 4277 8526
4247 4271 8513
4208 4238 8415
4174 4189 8329
4179 4200 8369
4211 4288 8470
4180 4205 8350
4187 4209 8392
4271 4289 8553
4287 4296 8577
4152 4244 8381
4174 4262 8427
4230 4288 8504
4199 4268 8460
4209 4276 8466
4106 4145 8214
4127 4167 8281
4111 4143 8231
4219 4260 8477
4217 4288 8467
4180 4211 8385
4147 4199 8323
4126 4236 8360
4257 4290 8535
4270 4296 8549
4286 4298 8579
4206 4271 8449
4182 4233 8388
4181 4222 8378
4208 4219 8415
4147 4208 8345
4193 4242 8405
4238 4267 8495
4237 4247 8470
4233 4286 8518
4104 4111 8198
4238 4241 8467
4195 4207 8382
4193 4223 8410
4295 4297 8584
4190 4275 8435
4274 4281 8546
4160 4195 8354
4175 4271 8419
4248 4265 8492
4130 4192 8314
4294 4296 8582
4173 4254 8423
4114 4255 8355
4297 4300 8588
4178 4199 8343
4253 4265 8482
4208 4209 8409
4108 4285 8381
4268 4271 8516
4224 4274 8465
4287 4299 8581
4144 4257 8390
4219 4267 8468
4259 4292 8523
4215 4274 8460
4200 4278 8453
4128 4239 8349
4153 4198 8346
4289 4296 8558
4256 4282 8515
4147 4157 8284
4139 4263 8385
4266 4273 8522
4242 4295 8509
4141 4264 8374
4262 4295 8536
4127 4164 8279
4153 4266 8414
4214 4252 8427
4222 4250 8470
4154 4220 8351
4100 4262 8353
4185 4236 8390
4129 4258 8353
4219 4248 8441
4188 4194 8347
4149 4173 8314
4278 4300 8555
4251 4260 8480
4177 4295 8467
4253 4293 8535
4246 4258 8464
4165 4284 8419
4113 4161 8257
4202 4204 8390
4259 4272 8514
4166 4212 8367
4178 4280 8444
4191 4215 8379
4135 4152 8259
4279 4297 8543
4129 4198 8302
4197 4227 8415
4152 4180 8303
4129 4208 8309
4171 4278 8434
4217 4276 8491
4178 4184 8324
4249 4267 8510
4243 4294 8514
4236 4298 8520
4116 4278 8373
4291 4300 8567
4204 4240 8427
4177 4259 8405
4143 4256 8394
4204 4264 8451
4169 4174 8304
4196 4220 8410
4291 4298 8574
4275 4297 8564
4274 4297 8560
4233 4293 8496
4284 4299 8567
4120 4182 8285
4122 4133 8226
4139 4177 8282
4125 4216 8331
4137 4273 8385
4190 4227 8413
4207 4286 8455
4267 4280 8520
4193 4217 8372
4135 4155 8269
4232 4264 8487
4172 4175 8332
4233 4292 8521
4163 4257 8414
4124 4259 8349
4273 4290 8523
4187 4277 8430
4112 4300 8396
4175 4261 8407
4249 4285 8508
4285 4299 8563
4242 4272 8513
4287 4293 8562
4231 4266 8471
4180 4236 8396
4279 4283 8551
4152 4235 8372
4126 4290 8387
4194 4218 8377
4184 4238 8417
4273 4297 8568
4147 4167 8298
4129 4242 8352
4281 4282 8546
4183 4261 8407
4202 4229 8393
4199 4247 8428
4252 4269 8501
4201 4246 8429
4117 4240 8318
4205 4251 8438
4203 4287 8477
4132 4241 8358
4130 4227 8322
4260 4271 8521
4212 4215 8417
4223 4249 8445
4228 4280 8502
4263 4276 8517
4153 4256 8400
4250 4257 8474
4277 4279 8521
4127 4154 8245
4183 4296 8469
4147 4296 8408
4121 4177 8281
4219 4226 8421
4142 4159 8278
4113 4135 8229
4237 4289 8498
4222 4285 8494
4266 4281 8531
4253 4259 8475
4248 4290 8523
4254 4296 8515
4129 4143 8235
4150 4210 8346
4258 4292 8536
4202 4270 8451
4253 4292 8507
4244 4245 8464
4237 4251 8463
4284 4288 8551
4219 4288 8476
4176 4193 8344
4281 4286 8549
4128 4201 8328
4173 4281 8418
4250 4274 8522
4131 4250 8379
4284 4291 8552
4108 4146 8232
4211 4242 8439
4183 4282 8434
4153 4273 8412
4298 4299 8558
4268 4269 8511
4116 4155 8233
4216 4293 8493
4134 4155 8253
4206 4218 8405
4113 4154 8253
4153 4280 8405
4280 4292 8539
4204 4210 8413
4118 4206 8319
4152 4168 8286
4247 4294 8517
4223 4239 8425
4125 4227 8333
4169 4277 8442
4216 4300 8497
4257 4264 8511
4218 4228 8413
4286 4299 8565
4153 4188 8308
4140 4191 8307
4208 4284 8491
4167 4293 8423
4110 4134 8211
4124 4259 8357
4117 4276 8389
4186 4271 8455
4108 4262 8369
4106 4207 8290
4280 4283 8544
4107 4111 8212
4195 4206 8389
4115 4235 8324
4233 4286 8504
4293 4294 8586
4256 4275 8512
4160 4298 8424
4233 4252 8457
4250 4256 8473
4155 4260 8390
4135 4234 8346
4196 4259 8418
4104 4113 8216
4213 4232 8424
4283 4286 8561
4227 4274 8482
4228 4263 8485
4134 4300 8423
4112 4157 8248
4101 4103 8176
4196 4272 8444
4197 4260 8430
4105 4300 8376
4224 4285 8484
4280 4297 8565
4288 4294 8575
4118 4272 8360
4164 4209 8347
4161 4267 8389
4102 4284 8361
4248 4271 8513
4240 4268 8489
4205 4260 8454
4155 4186 8316
4295 4300 8578
4201 4255 8416
4225 4234 8449
4155 4268 8422
4103 4165 8264
4143 4149 8261
4152 4165 8294
4226 4265 8461
4110 4217 8306
4233 4243 8439
4212 4299 8486
4218 4245 8423
4209 4285 8474
4219 4229 8416
4251 4256 8496
4269 4273 8535
4224 4281 8504
4102 4266 8334
4116 4154 8232
4294 4295 8582
4111 4127 8225
4201 4281 8465
4243 4300 8528
4274 4300 8553
4215 4249 8435
4230 4290 8505
4289 4291 8546
4260 4280 8528
4253 4267 8502
4199 4291 8480
4135 4219 8336
4225 4275 8470
4137 4289 8414
4290 4293 8551
4180 4276 8455
4271 4273 8533
4290 4297 8550
4145 4261 8403
4109 4142 8231
4261 4283 8534
4136 4166 8270
4126 4269 8386
4270 4296 8558
4207 4254 8460
4250 4296 8529
4183 4287 8464
4246 4275 8509
4223 4256 8458
4129 4294 8408
4149 4231 8349
4176 4222 8391
4140 4240 8375
4133 4218 8333
4275 4295 8568
4103 4298 8399
4141 4152 8283

0.010000 0.340000
