400
1921626
4036 4094 8130
4072 4088 8160
4050 4142 8192
4053 4119 8172
4059 4095 8154
4096 4169 8265
4023 4184 8207
4163 4183 8346
4100 4108 8208
4151 4172 8323
4056 4081 8137
4172 4190 8362
4124 4147 8271
4034 4108 8142
4160 4189 8349
4169 4174 8343
4175 4194 8369
4091 4170 8261
4110 4139 8249
4196 4198 8394
4140 4196 8336
4117 4162 8279
4189 4195 8384
4148 4170 8318
4137 4187 8324
4036 4148 8184
4139 4175 8314
4182 4196 8378
4057 4120 8177
4103 4172 8275
4014 4064 8078
4088 4122 8210
4067 4114 8181
4105 4118 8223
4005 4094 8099
4168 4182 8350
4012 4176 8188
4188 4197 8385
4124 4154 8278
4181 4198 8379
4070 4145 8215
4119 4151 8270
4145 4155 8300
4028 4107 8135
4154 4196 8350
4049 4089 8138
4086 4102 8188
4190 4191 8381
4012 4185 8197
4007 4077 8084
4015 4094 8109
4168 4188 8356
4149 4184 8333
4059 4109 8168
4119 4187 8306
4092 4184 8276
4062 4072 8134
4014 4142 8156
4157 4183 8340
4134 4190 8324
4034 4147 8181
4184 4193 8377
4139 4150 8289
4042 4112 8154
4052 4115 8167
4133 4149 8282
4097 4163 8260
4068 4077 8145
4042 4059 8101
4019 4044 8063
4135 4137 8272
4032 4136 8168
4082 4150 8232
4009 4079 8088
4042 4047 8089
4043 4172 8215
4124 4154 8278
4082 4155 8237
4192 4198 8390
4154 4173 8327
4199 4200 8399
4058 4062 8120
4134 4160 8294
4042 4163 8205
4055 4077 8132
4113 4162 8275
4129 4167 8296
4112 4155 8267
4063 4114 8177
4134 4195 8329
4107 4186 8293
4090 4126 8216
4019 4194 8213
4022 4188 8210
4160 4199 8359
4045 4109 8154
4184 4188 8372
4038 4076 8114
4065 4080 8145
4081 4099 8180
4143 4182 8325
4037 4130 8167
4039 4129 8168
4003 4188 8191
4182 4200 8382
4037 4088 8125
4155 4180 8335
4010 4171 8181
4065 4085 8150
4155 4175 8330
4022 4177 8199
4116 4139 8255
4114 4128 8242
4110 4179 8289
4092 4162 8254
4121 4133 8254
4140 4165 8305
4053 4058 8111
4069 4080 8149
4008 4074 8082
4188 4189 8377
4085 4107 8192
4070 4170 8240
4033 4100 8133
4051 4170 8221
4017 4036 8053
4164 4177 8341
4020 4099 8119
4023 4100 8123
4170 4195 8365
4082 4193 8275
4184 4186 8370
4049 4140 8189
4146 4170 8316
4077 4131 8208
4007 4088 8095
4116 4174 8290
4164 4188 8352
4101 4125 8226
4104 4137 8241
4091 4133 8224
4086 4088 8174
4174 4191 8365
4164 4176 8340
4195 4198 8393
4170 4195 8365
4079 4187 8266
4054 4085 8139
4162 4195 8357
4113 4179 8292
4034 4144 8178
4181 4189 8370
4111 4118 8229
4193 4199 8392
4093 4142 8235
4100 4148 8248
4180 4184 8364
4097 4121 8218
4191 4195 8386
4021 4089 8110
4184 4190 8374
4091 4169 8260
4062 4193 8255
4137 4153 8290
4009 4121 8130
4010 4193 8203
4008 4114 8122
4163 4173 8336
4186 4187 8373
4020 4126 8146
4127 4134 8261
4118 4125 8243
4120 4129 8249
4010 4086 8096
4098 4125 8223
4020 4038 8058
4107 4149 8256
4149 4187 8336
4193 4196 8389
4009 4170 8179
4090 4157 8247
4083 4106 8189
4113 4162 8275
4063 4134 8197
4135 4167 8302
4164 4166 8330
4024 4100 8124
4003 4113 8116
4132 4168 8300
4046 4098 8144
4138 4153 8291
4064 4080 8144
4085 4098 8183
4000 4006 8006
4116 4180 8296
4011 4179 8190
4183 4191 8374
4013 4088 8101
4040 4131 8171
4184 4189 8373
4193 4198 8391
4047 4079 8126
4186 4189 8375
4091 4167 8258
4186 4197 8383
4158 4194 8352
4033 4144 8177
4097 4166 8263
4010 4140 8150
4137 4142 8279
4034 4042 8076
4065 4147 8212
4108 4169 8277
4077 4155 8232
4072 4194 8266
4149 4166 8315
4155 4179 8334
4172 4184 8356
4088 4190 8278
4109 4110 8219
4180 4190 8370
4105 4121 8226
4116 4119 8235
4102 4194 8296
4196 4198 8394
4105 4168 8273
4165 4185 8350
4031 4175 8206
4075 4165 8240
4131 4135 8266
4173 4176 8349
4149 4182 8331
4064 4184 8248
4155 4187 8342
4133 4180 8313
4048 4167 8215
4135 4179 8314
4116 4196 8312
4036 4195 8231
4182 4183 8365
4095 4172 8267
4093 4193 8286
4000 4158 8158
4054 4157 8211
4176 4187 8363
4134 4175 8309
4073 4142 8215
4104 4169 8273
4164 4196 8360
4035 4150 8185
4140 4188 8328
4099 4158 8257
4108 4120 8228
4072 4182 8254
4125 4168 8293
4087 4145 8232
4022 4027 8049
4054 4196 8250
4159 4196 8355
4101 4187 8288
4101 4154 8255
4165 4188 8353
4192 4197 8389
4139 4190 8329
4089 4159 8248
4170 4174 8344
4128 4172 8300
4093 4179 8272
4087 4181 8268
4163 4167 8330
4114 4133 8247
4193 4195 8388
4044 4051 8095
4121 4128 8249
4101 4146 8247
4057 4099 8156
4029 4100 8129
4150 4199 8349
4092 4126 8218
4055 4072 8127
4082 4188 8270
4080 4189 8269
4140 4153 8293
4068 4162 8230
4044 4094 8138
4036 4052 8088
4053 4062 8115
4066 4087 8153
4195 4198 8393
4134 4165 8299
4125 4197 8322
4075 4193 8268
4052 4138 8190
4105 4168 8273
4000 4030 8030
4066 4164 8230
4018 4102 8120
4083 4182 8265
4131 4165 8296
4145 4197 8342
4180 4188 8368
4163 4169 8332
4067 4182 8249
4074 4097 8171
4135 4185 8320
4029 4136 8165
4144 4200 8344
4170 4173 8343
4020 4171 8191
4109 4193 8302
4128 4145 8273
4131 4162 8293
4189 4191 8380
4002 4178 8180
4153 4166 8319
4161 4192 8353
4027 4113 8140
4078 4190 8268
4141 4151 8292
4120 4136 8256
4139 4183 8322
4179 4181 8360
4020 4139 8159
4092 4105 8197
4137 4178 8315
4000 4122 8122
4189 4192 8381
4137 4159 8296
4028 4125 8153
4197 4199 8396
4175 4193 8368
4108 4109 8217
4124 4132 8256
4044 4191 8235
4111 4155 8266
4178 4194 8372
4009 4060 8069
4001 4018 8019
4106 4155 8261
4168 4175 8343
4110 4172 8282
4123 4138 8261
4029 4084 8113
4091 4169 8260
4028 4180 8208
4075 4121 8196
4009 4076 8085
4074 4123 8197
4042 4110 8152
4132 4152 8284
4180 4187 8367
4064 4190 8254
4141 4162 8303
4125 4157 8282
4142 4173 8315
4102 4146 8248
4172 4196 8368
4123 4186 8309
4168 4169 8337
4065 4151 8216
4095 4126 8221
4122 4143 8265
4027 4076 8103
4136 4175 8311
4009 4190 8199
4054 4190 8244
4047 4088 8135
4081 4159 8240
4034 4199 8233
4061 4163 8224
4170 4175 8345
4180 4199 8379
4137 4165 8302
4160 4193 8353
4067 4158 8225
4128 4166 8294
4105 4152 8257
4146 4164 8310
4015 4195 8210
4014 4111 8125
4122 4142 8264
4096 4125 8221
4019 4157 8176
4011 4051 8062
4018 4056 8074
4146 4184 8330
4058 4168 8226
4074 4125 8199
4117 4149 8266
4136 4169 8305
4168 4195 8363
4089 4197 8286
4019 4068 8087
4009 4031 8040
4127 4190 8317
4026 4144 8170
4105 4144 8249
4065 4139 8204
4066 4155 8221
4030 4074 8104

4136 4194 8305
4172 4188 8339
4150 4242 8359
4153 4219 8349
4159 4195 8323
4196 4269 8444
4123 4284 8391
4263 4283 8507
4200 4208 8372
4251 4272 8514
4156 4181 8299
4272 4290 8531
4224 4247 8465
4134 4208 8306
4260 4289 8522
4269 4274 8537
4275 4294 8557
4191 4270 8429
4210 4239 8447
4296 4298 8587
4240 4296 8524
4217 4262 8441
4289 4295 8570
4248 4270 8510
4237 4287 8508
4136 4248 8358
4239 4275 8507
4282 4296 8568
4157 4220 8375
4203 4272 8449
4114 4164 8267
4188 4222 8380
4167 4214 8378
4205 4218 8386
4105 4194 8264
4268 4282 8540
4112 4276 8363
4288 4297 8550
4224 4254 8450
4281 4298 8546
4170 4245 8393
4219 4251 8458
4245 4255 8495
4128 4207 8318
4254 4296 8510
4149 4189 8323
4186 4202 8355
4290 4291 8551
4112 4285 8369
4107 4177 8272
4115 4194 8296
4268 4288 8550
4249 4284 8519
4159 4209 8358
4219 4287 8494
4192 4284 8475
4162 4172 8295
4114 4242 8323
4257 4283 8535
4234 4290 8521
4134 4247 8346
4284 4293 8570
4239 4250 8450
4142 4212 8322
4152 4215 8365
4233 4249 8456
4197 4263 8456
4168 4177 8330
4142 4159 8289
4119 4144 8244
4235 4237 8453
4132 4236 8359
4182 4250 8406
4109 4179 8268
4142 4147 8267
4143 4272 8384
4224 4254 8470
4182 4255 8411
4292 4298 8574
4254 4273 8524
4299 4300 8581
4158 4162 8291
4234 4260 8465
4142 4263 8389
4155 4177 8293
4213 4262 8463
4229 4267 8466
4212 4255 8446
4163 4214 8376
4234 4295 8491
4207 4286 8465
4190 4226 8410
4119 4294 8397
4122 4288 8378
4260 4299 8544
4145 4209 8325
4284 4288 8537
4138 4176 8311
4165 4180 8318
4181 4199 8346
4243 4282 8513
4137 4230 8356
4139 4229 8335
4103 4288 8372
4282 4300 8545
4137 4188 8300
4255 4280 8497
4110 4271 8357
4165 4185 8341
4255 4275 8514
4122 4277 8373
4216 4239 8417
4214 4228 8404
4210 4279 8488
4192 4262 8433
4221 4233 8448
4240 4265 8473
4153 4158 8306
4169 4180 8313
4108 4174 8267
4288 4289 8562
4185 4207 8386
4170 4270 8425
4133 4200 8305
4151 4270 8395
4117 4136 8251
4264 4277 8529
4120 4199 8309
4123 4200 8307
4270 4295 8552
4182 4293 8451
4284 4286 8535
4149 4240 8351
4246 4270 8481
4177 4231 8406
4107 4188 8258
4216 4274 8452
4264 4288 8514
4201 4225 8388
4204 4237 8415
4191 4233 8399
4186 4188 8354
4274 4291 8552
4264 4276 8511
4295 4298 8573
4270 4295 8560
4179 4287 8460
4154 4185 8300
4262 4295 8532
4213 4279 8455
4134 4244 8354
4281 4289 8549
4211 4218 8413
4293 4299 8585
4193 4242 8432
4200 4248 8431
4280 4284 8554
4197 4221 8388
4291 4295 8546
4121 4189 8297
4284 4290 8541
4191 4269 8442
4162 4293 8442
4237 4253 8488
4109 4221 8294
4110 4293 8370
4108 4214 8316
4263 4273 8520
4286 4287 8556
4120 4226 8310
4227 4234 8441
4218 4225 8416
4220 4229 8448
4110 4186 8278
4198 4225 8392
4120 4138 8252
4207 4249 8436
4249 4287 8535
4293 4296 8552
4109 4270 8343
4190 4257 8414
4183 4206 8350
4213 4262 8469
4163 4234 8364
4235 4267 8488
4264 4266 8500
4124 4200 8306
4103 4213 8306
4232 4268 8483
4146 4198 8327
4238 4253 8489
4164 4180 8331
4185 4198 8355
4100 4106 8194
4216 4280 8464
4111 4279 8379
4283 4291 8555
4113 4188 8282
4140 4231 8356
4284 4289 8547
4293 4298 8563
4147 4179 8289
4286 4289 8561
4191 4267 8454
4286 4297 8576
4258 4294 8540
4133 4244 8368
4197 4266 8426
4110 4240 8331
4237 4242 8467
4134 4142 8273
4165 4247 8379
4208 4269 8467
4177 4255 8421
4172 4294 8448
4249 4266 8505
4255 4279 8494
4272 4284 8534
4188 4290 8460
4209 4210 8391
4280 4290 8545
4205 4221 8407
4216 4219 8417
4202 4294 8475
4296 4298 8560
4205 4268 8461
4265 4285 8522
4131 4275 8391
4175 4265 8412
4231 4235 8438
4273 4276 8548
4249 4282 8501
4164 4284 8427
4255 4287 8525
4233 4280 8491
4148 4267 8387
4235 4279 8494
4216 4296 8499
4136 4295 8425
4282 4283 8549
4195 4272 8441
4193 4293 8454
4100 4258 8331
4154 4257 8392
4276 4287 8530
4234 4275 8504
4173 4242 8411
4204 4269 8443
4264 4296 8529
4135 4250 8378
4240 4288 8500
4199 4258 8439
4208 4220 8401
4172 4282 8421
4225 4268 8453
4187 4245 8409
4122 4127 8212
4154 4296 8425
4259 4296 8527
4201 4287 8486
4201 4254 8450
4265 4288 8532
4292 4297 8556
4239 4290 8516
4189 4259 8440
4270 4274 8534
4228 4272 8481
4193 4279 8434
4187 4281 8439
4263 4267 8525
4214 4233 8438
4293 4295 8569
4144 4151 8284
4221 4228 8441
4201 4246 8442
4157 4199 8353
4129 4200 8297
4250 4299 8545
4192 4226 8381
4155 4172 8298
4182 4288 8436
4180 4289 8465
4240 4253 8475
4168 4262 8394
4144 4194 8324
4136 4152 8255
4153 4162 8295
4166 4187 8327
4295 4298 8587
4234 4265 8498
4225 4297 8507
4175 4293 8459
4152 4238 8370
4205 4268 8438
4100 4130 8197
4166 4264 8422
4118 4202 8315
4183 4282 8458
4231 4265 8491
4245 4297 8521
4280 4288 8547
4263 4269 8497
4167 4282 8448
4174 4197 8355
4235 4285 8502
4129 4236 8346
4244 4300 8519
4270 4273 8522
4120 4271 8368
4209 4293 8476
4228 4245 8470
4231 4262 8465
4289 4291 8577
4102 4278 8365
4253 4266 8509
4261 4292 8521
4127 4213 8329
4178 4290 8460
4241 4251 8476
4220 4236 8418
4239 4283 8512
4279 4281 8551
4120 4239 8350
4192 4205 8379
4237 4278 8486
4100 4222 8307
4289 4292 8547
4237 4259 8477
4128 4225 8314
4297 4299 8591
4275 4293 8563
4208 4209 8384
4224 4232 8430
4144 4291 8404
4211 4255 8441
4278 4294 8564
4109 4160 8254
4101 4118 8209
4206 4255 8441
4268 4275 8542
4210 4272 8467
4223 4238 8435
4129 4184 8288
4191 4269 8453
4128 4280 8405
4175 4221 8388
4109 4176 8261
4174 4223 8383
4142 4210 8348
4232 4252 8454
4280 4287 8566
4164 4290 8430
4241 4262 8483
4225 4257 8477
4242 4273 8492
4202 4246 8412
4272 4296 8533
4223 4286 8482
4268 4269 8518
4165 4251 8415
4195 4226 8382
4222 4243 8459
4127 4176 8265
4236 4275 8494
4109 4290 8392
4154 4290 8405
4147 4188 8305
4181 4259 8431
4134 4299 8402
4161 4263 8418
4270 4275 8523
4280 4299 8567
4237 4265 8473
4260 4293 8520
4167 4258 8419
4228 4266 8480
4205 4252 8447
4246 4264 8482
4115 4295 8406
4114 4211 8289
4222 4242 8428
4196 4225 8385
4119 4257 8367
4111 4151 8233
4118 4156 8272
4246 4284 8511
4158 4268 8414
4174 4225 8362
4217 4249 8438
4236 4269 8467
4268 4295 8535
4189 4297 8475
4119 4168 8284
4109 4131 8205
4227 4290 8514
4126 4244 8355
4205 4244 8428
4165 4239 8385
4166 4255 8410
4130 4174 8282

0.010000 0.570000
