500
1896071
4161 4179 8340
4055 4142 8197
4173 4190 8363
4058 4096 8154
4139 4182 8321
4146 4160 8306
4111 4171 8282
4151 4158 8309
4070 4098 8168
4054 4200 8254
4107 4154 8261
4086 4176 8262
4198 4200 8398
4140 4164 8304
4081 4086 8167
4017 4045 8062
4180 4192 8372
4002 4073 8075
4181 4182 8363
4119 4187 8306
4073 4144 8217
4057 4103 8160
4146 4164 8310
4013 4094 8107
4116 4170 8286
4159 4198 8357
4077 4180 8257
4103 4119 8222
4028 4033 8061
4111 4116 8227
4108 4177 8285
4175 4196 8371
4001 4183 8184
4072 4101 8173
4127 4187 8314
4015 4185 8200
4095 4132 8227
4132 4133 8265
4199 4200 8399
4050 4142 8192
4156 4174 8330
4042 4117 8159
4038 4074 8112
4103 4130 8233
4052 4092 8144
4006 4086 8092
4199 4200 8399
4177 4194 8371
4145 4191 8336
4127 4193 8320
4087 4174 8261
4161 4184 8345
4096 4200 8296
4074 4143 8217
4042 4179 8221
4013 4117 8130
4194 4199 8393
4102 4159 8261
4106 4167 8273
4061 4099 8160
4191 4195 8386
4096 4176 8272
4149 4170 8319
4180 4187 8367
4129 4141 8270
4024 4060 8084
4014 4151 8165
4148 4193 8341
4159 4168 8327
4036 4041 8077
4014 4098 8112
4037 4173 8210
4032 4035 8067
4051 4095 8146
4043 4124 8167
4168 4200 8368
4178 4191 8369
4188 4195 8383
4193 4195 8388
4063 4161 8224
4187 4196 8383
4025 4062 8087
4040 4135 8175
4047 4065 8112
4111 4195 8306
4086 4093 8179
4054 4100 8154
4113 4177 8290
4034 4138 8172
4055 4173 8228
4181 4197 8378
4158 4181 8339
4128 4130 8258
4058 4111 8169
4119 4198 8317
4162 4166 8328
4050 4057 8107
4192 4195 8387
4160 4166 8326
4178 4191 8369
4115 4119 8234
4018 4032 8050
4180 4194 8374
4057 4114 8171
4010 4105 8115
4170 4197 8367
4170 4187 8357
4119 4172 8291
4066 4125 8191
4023 4034 8057
4193 4194 8387
4075 4188 8263
4009 4095 8104
4101 4118 8219
4113 4168 8281
4179 4193 8372
4149 4167 8316
4117 4135 8252
4052 4056 8108
4178 4189 8367
4036 4163 8199
4113 4138 8251
4038 4136 8174
4194 4195 8389
4117 4190 8307
4148 4184 8332
4178 4199 8377
4194 4197 8391
4131 4185 8316
4072 4100 8172
4110 4123 8233
4082 4146 8228
4169 4171 8340
4135 4160 8295
4017 4160 8177
4124 4126 8250
4043 4163 8206
4102 4147 8249
4075 4165 8240
4085 4184 8269
4187 4190 8377
4078 4168 8246
4021 4087 8108
4085 4138 8223
4115 4195 8310
4142 4173 8315
4186 4200 8386
4044 4160 8204
4090 4169 8259
4190 4200 8390
4037 4128 8165
4078 4176 8254
4169 4172 8341
4021 4154 8175
4157 4187 8344
4193 4199 8392
4024 4100 8124
4118 4128 8246
4077 4095 8172
4020 4024 8044
4012 4015 8027
4039 4069 8108
4152 4153 8305
4058 4122 8180
4011 4115 8126
4042 4177 8219
4173 4198 8371
4000 4150 8150
4050 4141 8191
4000 4006 8006
4030 4109 8139
4083 4168 8251
4134 4149 8283
4058 4167 8225
4062 4172 8234
4078 4129 8207
4113 4114 8227
4082 4119 8201
4019 4031 8050
4018 4156 8174
4103 4133 8236
4194 4196 8390
4105 4107 8212
4127 4184 8311
4105 4167 8272
4107 4185 8292
4097 4136 8233
4099 4114 8213
4136 4189 8325
4122 4136 8258
4002 4038 8040
4089 4119 8208
4037 4169 8206
4021 4038 8059
4150 4163 8313
4164 4199 8363
4088 4167 8255
4029 4054 8083
4191 4200 8391
4115 4134 8249
4088 4178 8266
4031 4181 8212
4178 4183 8361
4023 4121 8144
4018 4115 8133
4195 4199 8394
4028 4050 8078
4004 4106 8110
4084 4122 8206
4041 4068 8109
4116 4150 8266
4173 4191 8364
4107 4173 8280
4017 4123 8140
4080 4097 8177
4108 4200 8308
4082 4103 8185
4146 4157 8303
4060 4140 8200
4120 4175 8295
4190 4200 8390
4005 4106 8111
4127 4186 8313
4095 4144 8239
4119 4149 8268
4164 4178 8342
4047 4115 8162
4014 4015 8029
4129 4199 8328
4181 4195 8376
4008 4036 8044
4175 4181 8356
4147 4182 8329
4148 4168 8316
4048 4200 8248
4139 4149 8288
4071 4125 8196
4088 4130 8218
4127 4133 8260
4128 4196 8324
4139 4158 8297
4052 4121 8173
4060 4186 8246
4101 4194 8295
4078 4116 8194
4009 4193 8202
4114 4156 8270
4116 4165 8281
4046 4063 8109
4163 4176 8339
4028 4169 8197
4016 4058 8074
4145 4156 8301
4154 4200 8354
4189 4198 8387
4135 4182 8317
4041 4053 8094
4122 4198 8320
4069 4116 8185
4114 4200 8314
4053 4143 8196
4052 4148 8200
4192 4193 8385
4195 4199 8394
4093 4163 8256
4182 4186 8368
4177 4199 8376
4086 4153 8239
4046 4075 8121
4001 4017 8018
4126 4177 8303
4019 4180 8199
4030 4034 8064
4099 4189 8288
4012 4027 8039
4154 4189 8343
4177 4178 8355
4061 4112 8173
4086 4130 8216
4017 4096 8113
4180 4196 8376
4133 4141 8274
4194 4200 8394
4107 4175 8282
4145 4193 8338
4015 4134 8149
4156 4196 8352
4018 4127 8145
4156 4177 8333
4103 4142 8245
4110 4145 8255
4126 4161 8287
4028 4100 8128
4194 4200 8394
4135 4176 8311
4094 4112 8206
4158 4164 8322
4150 4155 8305
4146 4199 8345
4111 4167 8278
4077 4133 8210
4136 4186 8322
4090 4168 8258
4019 4071 8090
4046 4072 8118
4077 4093 8170
4044 4152 8196
4005 4021 8026
4051 4165 8216
4155 4194 8349
4038 4193 8231
4186 4194 8380
4165 4166 8331
4145 4150 8295
4062 4187 8249
4001 4123 8124
4022 4159 8181
4068 4173 8241
4156 4178 8334
4022 4149 8171
4119 4135 8254
4164 4172 8336
4019 4087 8106
4004 4191 8195
4047 4133 8180
4158 4199 8357
4061 4063 8124
4034 4186 8220
4076 4118 8194
4148 4170 8318
4182 4190 8372
4056 4098 8154
4094 4121 8215
4050 4051 8101
4011 4093 8104
4114 4190 8304
4042 4058 8100
4003 4146 8149
4108 4142 8250
4052 4114 8166
4100 4172 8272
4140 4153 8293
4072 4137 8209
4071 4107 8178
4023 4176 8199
4038 4199 8237
4047 4071 8118
4035 4068 8103
4161 4177 8338
4058 4138 8196
4076 4122 8198
4069 4148 8217
4154 4159 8313
4008 4094 8102
4084 4167 8251
4091 4103 8194
4053 4178 8231
4025 4036 8061
4017 4193 8210
4118 4132 8250
4153 4168 8321
4055 4171 8226
4156 4181 8337
4080 4174 8254
4105 4107 8212
4042 4071 8113
4041 4181 8222
4127 4154 8281
4146 4155 8301
4004 4099 8103
4164 4193 8357
4184 4200 8384
4076 4132 8208
4167 4182 8349
4052 4104 8156
4128 4153 8281
4044 4195 8239
4133 4190 8323
4079 4108 8187
4095 4108 8203
4033 4085 8118
4065 4142 8207
4134 4163 8297
4054 4164 8218
4157 4181 8338
4092 4169 8261
4104 4182 8286
4155 4191 8346
4142 4200 8342
4147 4178 8325
4052 4142 8194
4186 4187 8373
4164 4192 8356
4136 4138 8274
4051 4161 8212
4071 4166 8237
4141 4144 8285
4005 4091 8096
4196 4199 8395
4057 4086 8143
4055 4122 8177
4161 4198 8359
4052 4068 8120
4050 4161 8211
4020 4122 8142
4116 4158 8274
4172 4178 8350
4053 4161 8214
4156 4183 8339
4166 4194 8360
4060 4112 8172
4167 4191 8358
4126 4175 8301
4032 4132 8164
4176 4194 8370
4113 4163 8276
4161 4172 8333
4184 4198 8382
4161 4162 8323
4188 4199 8387
4130 4158 8288
4035 4058 8093
4103 4195 8298
4158 4181 8339
4190 4193 8383
4198 4200 8398
4028 4150 8178
4005 4043 8048
4186 4198 8384
4134 4191 8325
4084 4086 8170
4010 4065 8075
4135 4141 8276
4033 4077 8110
4123 4184 8307
4152 4159 8311
4027 4132 8159
4069 4073 8142
4119 4152 8271
4182 4194 8376
4054 4199 8253
4056 4073 8129
4175 4176 8351
4153 4194 8347
4121 4166 8287
4199 4200 8399
4075 4137 8212
4053 4180 8233
4133 4158 8291
4003 4128 8131
4045 4123 8168
4070 4088 8158
4122 4154 8276
4169 4198 8367
4071 4148 8219
4154 4160 8314
4142 4147 8289
4138 4198 8336
4095 4152 8247
4050 4101 8151
4176 4195 8371
4051 4097 8148
4008 4162 8170
4033 4081 8114
4157 4167 8324
4029 4175 8204
4074 4103 8177
4116 4164 8280
4074 4092 8166
4072 4199 8271
4108 4150 8258
4027 4051 8078
4138 4144 8282
4003 4048 8051
4152 4160 8312
4151 4188 8339
4145 4168 8313
4112 4115 8227
4199 4200 8399
4028 4119 8147
4177 4185 8362
4150 4157 8307
4189 4193 8382
4177 4200 8377
4005 4054 8059
4199 4200 8399
4055 4079 8134
4142 4147 8289
4172 4182 8354
4163 4175 8338
4132 4142 8274
4062 4094 8156
4136 4141 8277
4116 4188 8304
4169 4195 8364
4046 4095 8141
4158 4198 8356
4077 4157 8234
4113 4198 8311
4197 4200 8397

4261 4279 8500
4155 4242 8388
4273 4290 8560
4158 4196 8342
4239 4282 8491
4246 4260 8478
4211 4271 8481
4251 4258 8487
4170 4198 8333
4154 4300 8429
4207 4254 8425
4186 4276 8440
4298 4300 8573
4240 4264 8495
4181 4186 8329
4117 4145 8245
4280 4292 8567
4102 4173 8266
4281 4282 8523
4219 4287 8476
4173 4244 8395
4157 4203 8349
4246 4264 8494
4113 4194 8287
4216 4270 8481
4259 4298 8546
4177 4280 8452
4203 4219 8396
4128 4133 8255
4211 4216 8420
4208 4277 8469
4275 4296 8533
4101 4283 8351
4172 4201 8335
4227 4287 8494
4115 4285 8387
4195 4232 8388
4232 4233 8460
4299 4300 8568
4150 4242 8376
4256 4274 8499
4142 4217 8333
4138 4174 8282
4203 4230 8412
4152 4192 8311
4106 4186 8284
4299 4300 8577
4277 4294 8566
4245 4291 8520
4227 4293 8503
4187 4274 8438
4261 4284 8510
4196 4300 8476
4174 4243 8396
4142 4279 8388
4113 4217 8300
4294 4299 8561
4202 4259 8454
4206 4267 8469
4161 4199 8326
4291 4295 8556
4196 4276 8433
4249 4270 8489
4280 4287 8537
4229 4241 8430
4124 4160 8247
4114 4251 8339
4248 4293 8509
4259 4268 8513
4136 4141 8239
4114 4198 8306
4137 4273 8391
4132 4135 8230
4151 4195 8323
4143 4224 8351
4268 4300 8545
4278 4291 8553
4288 4295 8563
4293 4295 8565
4163 4261 8418
4287 4296 8571
4125 4162 8268
4140 4235 8360
4147 4165 8291
4211 4295 8486
4186 4193 8345
4154 4200 8341
4213 4277 8489
4134 4238 8348
4155 4273 8399
4281 4297 8553
4258 4281 8506
4228 4230 8421
4158 4211 8332
4219 4298 8496
4262 4266 8492
4150 4157 8276
4292 4295 8549
4260 4266 8520
4278 4291 8557
4215 4219 8417
4118 4132 8236
4280 4294 8571
4157 4214 8354
4110 4205 8293
4270 4297 8555
4270 4287 8546
4219 4272 8481
4166 4225 8371
4123 4134 8228
4293 4294 8550
4175 4288 8447
4109 4195 8278
4201 4218 8415
4213 4268 8452
4279 4293 8567
4249 4267 8493
4217 4235 8419
4152 4156 8298
4278 4289 8533
4136 4263 8389
4213 4238 8440
4138 4236 8362
4294 4295 8554
4217 4290 8503
4248 4284 8503
4278 4299 8540
4294 4297 8568
4231 4285 8480
4172 4200 8356
4210 4223 8401
4182 4246 8427
4269 4271 8526
4235 4260 8479
4117 4260 8356
4224 4226 8449
4143 4263 8376
4202 4247 8438
4175 4265 8436
4185 4284 8446
4287 4290 8545
4178 4268 8431
4121 4187 8275
4185 4238 8395
4215 4295 8479
4242 4273 8501
4286 4300 8581
4144 4260 8396
4190 4269 8458
4290 4300 8587
4137 4228 8327
4178 4276 8427
4269 4272 8512
4121 4254 8361
4257 4287 8506
4293 4299 8591
4124 4200 8306
4218 4228 8428
4177 4195 8352
4120 4124 8230
4112 4115 8222
4139 4169 8299
4252 4253 8473
4158 4222 8370
4111 4215 8294
4142 4277 8399
4273 4298 8546
4100 4250 8334
4150 4241 8387
4100 4106 8197
4130 4209 8322
4183 4268 8435
4234 4249 8465
4158 4267 8421
4162 4272 8419
4178 4229 8393
4213 4214 8412
4182 4219 8396
4119 4131 8237
4118 4256 8365
4203 4233 8396
4294 4296 8552
4205 4207 8406
4227 4284 8472
4205 4267 8435
4207 4285 8469
4197 4236 8423
4199 4214 8379
4236 4289 8515
4222 4236 8423
4102 4138 8213
4189 4219 8383
4137 4269 8375
4121 4138 8239
4250 4263 8508
4264 4299 8541
4188 4267 8422
4129 4154 8256
4291 4300 8562
4215 4234 8430
4188 4278 8459
4131 4281 8374
4278 4283 8538
4123 4221 8317
4118 4215 8294
4295 4299 8588
4128 4150 8253
4104 4206 8289
4184 4222 8404
4141 4168 8274
4216 4250 8456
4273 4291 8538
4207 4273 8442
4117 4223 8334
4180 4197 8346
4208 4300 8490
4182 4203 8370
4246 4257 8467
4160 4240 8364
4220 4275 8491
4290 4300 8556
4105 4206 8307
4227 4286 8489
4195 4244 8414
4219 4249 8447
4264 4278 8541
4147 4215 8355
4114 4115 8223
4229 4299 8526
4281 4295 8569
4108 4136 8235
4275 4281 8541
4247 4282 8519
4248 4268 8488
4148 4300 8433
4239 4249 8455
4171 4225 8362
4188 4230 8414
4227 4233 8455
4228 4296 8493
4239 4258 8472
4152 4221 8365
4160 4286 8438
4201 4294 8457
4178 4216 8391
4109 4293 8373
4214 4256 8458
4216 4265 8456
4146 4163 8280
4263 4276 8528
4128 4269 8381
4116 4158 8266
4245 4256 8476
4254 4300 8526
4289 4298 8577
4235 4282 8491
4141 4153 8274
4222 4298 8510
4169 4216 8381
4214 4300 8506
4153 4243 8374
4152 4248 8373
4292 4293 8582
4295 4299 8560
4193 4263 8450
4282 4286 8565
4277 4299 8560
4186 4253 8419
4146 4175 8311
4101 4117 8181
4226 4277 8468
4119 4280 8364
4130 4134 8252
4199 4289 8467
4112 4127 8236
4254 4289 8523
4277 4278 8552
4161 4212 8367
4186 4230 8401
4117 4196 8304
4280 4296 8560
4233 4241 8462
4294 4300 8565
4207 4275 8442
4245 4293 8521
4115 4234 8344
4256 4296 8515
4118 4227 8342
4256 4277 8504
4203 4242 8407
4210 4245 8431
4226 4261 8460
4128 4200 8298
4294 4300 8566
4235 4276 8480
4194 4212 8395
4258 4264 8490
4250 4255 8474
4246 4299 8505
4211 4267 8450
4177 4233 8405
4236 4286 8505
4190 4268 8444
4119 4171 8261
4146 4172 8302
4177 4193 8348
4144 4252 8363
4105 4121 8200
4151 4265 8405
4255 4294 8522
4138 4293 8429
4286 4294 8563
4265 4266 8494
4245 4250 8480
4162 4287 8443
4101 4223 8323
4122 4259 8373
4168 4273 8409
4256 4278 8517
4122 4249 8340
4219 4235 8441
4264 4272 8497
4119 4187 8289
4104 4291 8386
4147 4233 8349
4258 4299 8523
4161 4163 8294
4134 4286 8414
4176 4218 8362
4248 4270 8492
4282 4290 8565
4156 4198 8317
4194 4221 8382
4150 4151 8266
4111 4193 8270
4214 4290 8497
4142 4158 8298
4103 4246 8311
4208 4242 8419
4152 4214 8343
4200 4272 8454
4240 4253 8459
4172 4237 8404
4171 4207 8358
4123 4276 8397
4138 4299 8406
4147 4171 8291
4135 4168 8290
4261 4277 8537
4158 4238 8373
4176 4222 8385
4169 4248 8393
4254 4259 8495
4108 4194 8286
4184 4267 8434
4191 4203 8373
4153 4278 8427
4125 4136 8240
4117 4293 8375
4218 4232 8417
4253 4268 8495
4155 4271 8387
4256 4281 8530
4180 4274 8448
4205 4207 8373
4142 4171 8304
4141 4281 8411
4227 4254 8455
4246 4255 8464
4104 4199 8273
4264 4293 8554
4284 4300 8578
4176 4232 8386
4267 4282 8538
4152 4204 8333
4228 4253 8467
4144 4295 8437
4233 4290 8513
4179 4208 8382
4195 4208 8399
4133 4185 8317
4165 4242 8404
4234 4263 8487
4154 4264 8395
4257 4281 8534
4192 4269 8425
4204 4282 8473
4255 4291 8529
4242 4300 8512
4247 4278 8512
4152 4242 8368
4286 4287 8546
4264 4292 8519
4236 4238 8457
4151 4261 8383
4171 4266 8410
4241 4244 8455
4105 4191 8288
4296 4299 8571
4157 4186 8310
4155 4222 8375
4261 4298 8540
4152 4168 8315
4150 4261 8388
4120 4222 8303
4216 4258 8446
4272 4278 8521
4153 4261 8394
4256 4283 8509
4266 4294 8549
4160 4212 8362
4267 4291 8537
4226 4275 8467
4132 4232 8330
4276 4294 8554
4213 4263 8460
4261 4272 8498
4284 4298 8574
4261 4262 8521
4288 4299 8574
4230 4258 8473
4135 4158 8274
4203 4295 8474
4258 4281 8512
4290 4293 8559
4298 4300 8568
4128 4250 8340
4105 4143 8239
4286 4298 8566
4234 4291 8504
4184 4186 8356
4110 4165 8238
4235 4241 8463
4133 4177 8308
4223 4284 8500
4252 4259 8495
4127 4232 8329
4169 4173 8325
4219 4252 8432
4282 4294 8558
4154 4299 8429
4156 4173 8326
4275 4276 8538
4253 4294 8544
4221 4266 8484
4299 4300 8584
4175 4237 8395
4153 4280 8408
4233 4258 8475
4103 4228 8329
4145 4223 8365
4170 4188 8330
4222 4254 8450
4269 4298 8547
4171 4248 8416
4254 4260 8511
4242 4247 8487
4238 4298 8535
4195 4252 8412
4150 4201 8312
4276 4295 8553
4151 4197 8310
4108 4262 8344
4133 4181 8302
4257 4267 8516
4129 4275 8378
4174 4203 8360
4216 4264 8443
4174 4192 8331
4172 4299 8448
4208 4250 8418
4127 4151 8253
4238 4244 8461
4103 4148 8225
4252 4260 8482
4251 4288 8501
4245 4268 8509
4212 4215 8409
4299 4300 8594
4128 4219 8318
4277 4285 8560
4250 4257 8479
4289 4293 8561
4277 4300 8576
4105 4154 8232
4299 4300 8589
4155 4179 8308
4242 4247 8478
4272 4282 8550
4263 4275 8505
4232 4242 8440
4162 4194 8338
4236 4241 8447
4216 4288 8499
4269 4295 8550
4146 4195 8304
4258 4298 8521
4177 4257 8403
4213 4298 8493
4297 4300 8592

0.010000 0.450000
