400
2495948
4009 4108 8117
4126 4184 8310
4154 4159 8313
4058 4093 8151
4121 4143 8264
4072 4082 8154
4052 4171 8223
4156 4189 8345
4104 4181 8285
4172 4189 8361
4062 4157 8219
4196 4199 8395
4103 4113 8216
4149 4190 8339
4052 4108 8160
4089 4121 8210
4091 4193 8284
4007 4108 8115
4176 4184 8360
4145 4195 8340
4016 4035 8051
4022 4185 8207
4119 4173 8292
4133 4143 8276
4099 4138 8237
4155 4190 8345
4081 4156 8237
4109 4179 8288
4051 4144 8195
4168 4177 8345
4037 4168 8205
4029 4117 8146
4145 4181 8326
4181 4191 8372
4012 4033 8045
4151 4186 8337
4104 4178 8282
4163 4177 8340
4157 4178 8335
4018 4021 8039
4126 4128 8254
4136 4157 8293
4185 4192 8377
4131 4158 8289
4076 4132 8208
4076 4094 8170
4168 4188 8356
4018 4084 8102
4058 4059 8117
4123 4150 8273
4149 4192 8341
4192 4195 8387
4199 4200 8399
4131 4144 8275
4045 4078 8123
4007 4183 8190
4031 4108 8139
4151 4179 8330
4078 4135 8213
4050 4144 8194
4030 4055 8085
4116 4138 8254
4069 4167 8236
4197 4199 8396
4093 4173 8266
4076 4110 8186
4049 4063 8112
4039 4090 8129
4131 4159 8290
4144 4175 8319
4175 4178 8353
4182 4192 8374
4039 4061 8100
4074 4176 8250
4125 4126 8251
4163 4167 8330
4187 4198 8385
4155 4177 8332
4060 4141 8201
4160 4161 8321
4018 4199 8217
4042 4068 8110
4023 4089 8112
4166 4174 8340
4045 4054 8099
4094 4180 8274
4185 4189 8374
4075 4114 8189
4115 4194 8309
4189 4192 8381
4127 4149 8276
4107 4184 8291
4031 4198 8229
4076 4130 8206
4090 4143 8233
4038 4049 8087
4079 4089 8168
4001 4100 8101
4104 4125 8229
4049 4153 8202
4043 4062 8105
4095 4190 8285
4003 4116 8119
4152 4171 8323
4003 4118 8121
4162 4172 8334
4186 4188 8374
4004 4010 8014
4148 4186 8334
4035 4153 8188
4055 4116 8171
4161 4170 8331
4140 4181 8321
4132 4166 8298
4177 4200 8377
4075 4114 8189
4115 4120 8235
4175 4187 8362
4179 4198 8377
4001 4153 8154
4069 4141 8210
4004 4118 8122
4181 4194 8375
4058 4091 8149
4039 4187 8226
4169 4178 8347
4185 4186 8371
4038 4115 8153
4182 4189 8371
4134 4139 8273
4153 4169 8322
4039 4102 8141
4086 4154 8240
4097 4199 8296
4088 4092 8180
4016 4161 8177
4033 4187 8220
4158 4168 8326
4071 4199 8270
4030 4184 8214
4079 4141 8220
4035 4061 8096
4065 4135 8200
4182 4199 8381
4182 4185 8367
4082 4175 8257
4113 4122 8235
4191 4199 8390
4010 4176 8186
4175 4199 8374
4178 4195 8373
4025 4166 8191
4175 4194 8369
4052 4135 8187
4127 4161 8288
4141 4197 8338
4076 4135 8211
4082 4136 8218
4093 4128 8221
4062 4099 8161
4042 4117 8159
4043 4046 8089
4102 4184 8286
4159 4172 8331
4182 4193 8375
4069 4108 8177
4159 4182 8341
4070 4167 8237
4003 4081 8084
4016 4196 8212
4148 4169 8317
4113 4198 8311
4108 4120 8228
4147 4160 8307
4187 4191 8378
4159 4189 8348
4129 4175 8304
4067 4194 8261
4071 4084 8155
4042 4099 8141
4136 4164 8300
4197 4199 8396
4087 4188 8275
4067 4110 8177
4031 4182 8213
4110 4178 8288
4118 4121 8239
4093 4118 8211
4071 4139 8210
4039 4068 8107
4164 4187 8351
4054 4183 8237
4051 4156 8207
4142 4197 8339
4021 4130 8151
4122 4158 8280
4025 4112 8137
4131 4192 8323
4192 4197 8389
4122 4192 8314
4176 4186 8362
4135 4154 8289
4187 4188 8375
4180 4191 8371
4004 4137 8141
4163 4170 8333
4165 4188 8353
4076 4147 8223
4054 4142 8196
4047 4174 8221
4092 4105 8197
4123 4135 8258
4079 4091 8170
4145 4197 8342
4089 4147 8236
4190 4198 8388
4199 4200 8399
4136 4149 8285
4001 4046 8047
4042 4147 8189
4064 4072 8136
4169 4182 8351
4134 4183 8317
4133 4190 8323
4097 4193 8290
4073 4174 8247
4118 4152 8270
4000 4082 8082
4153 4172 8325
4075 4193 8268
4146 4194 8340
4059 4086 8145
4040 4093 8133
4140 4164 8304
4017 4086 8103
4096 4152 8248
4005 4056 8061
4012 4085 8097
4022 4089 8111
4125 4180 8305
4156 4195 8351
4039 4127 8166
4080 4126 8206
4187 4192 8379
4126 4185 8311
4100 4138 8238
4153 4198 8351
4171 4188 8359
4061 4191 8252
4117 4133 8250
4130 4165 8295
4011 4084 8095
4136 4173 8309
4103 4150 8253
4020 4133 8153
4133 4189 8322
4156 4174 8330
4123 4145 8268
4026 4184 8210
4128 4190 8318
4173 4175 8348
4030 4138 8168
4030 4086 8116
4146 4152 8298
4108 4123 8231
4102 4118 8220
4009 4198 8207
4013 4082 8095
4064 4074 8138
4029 4099 8128
4135 4150 8285
4177 4183 8360
4154 4160 8314
4042 4106 8148
4034 4057 8091
4186 4193 8379
4172 4199 8371
4037 4111 8148
4094 4151 8245
4130 4152 8282
4091 4172 8263
4050 4085 8135
4014 4185 8199
4154 4166 8320
4069 4188 8257
4010 4126 8136
4022 4153 8175
4132 4188 8320
4196 4197 8393
4005 4108 8113
4016 4024 8040
4172 4189 8361
4004 4005 8009
4027 4191 8218
4035 4055 8090
4159 4188 8347
4114 4134 8248
4085 4091 8176
4057 4065 8122
4115 4166 8281
4102 4187 8289
4015 4065 8080
4159 4169 8328
4017 4169 8186
4098 4115 8213
4176 4189 8365
4059 4151 8210
4128 4135 8263
4091 4111 8202
4140 4164 8304
4177 4187 8364
4067 4185 8252
4152 4153 8305
4193 4198 8391
4039 4135 8174
4149 4170 8319
4025 4112 8137
4024 4085 8109
4187 4195 8382
4019 4158 8177
4042 4183 8225
4150 4192 8342
4057 4127 8184
4154 4198 8352
4136 4185 8321
4131 4188 8319
4066 4131 8197
4018 4115 8133
4051 4126 8177
4137 4166 8303
4193 4196 8389
4146 4175 8321
4150 4177 8327
4009 4177 8186
4103 4148 8251
4173 4200 8373
4155 4175 8330
4082 4117 8199
4154 4165 8319
4021 4064 8085
4194 4197 8391
4162 4185 8347
4186 4193 8379
4190 4194 8384
4067 4148 8215
4185 4194 8379
4149 4167 8316
4005 4012 8017
4139 4140 8279
4155 4178 8333
4012 4081 8093
4026 4087 8113
4140 4174 8314
4006 4089 8095
4181 4189 8370
4195 4200 8395
4136 4141 8277
4149 4196 8345
4146 4156 8302
4091 4153 8244
4103 4198 8301
4091 4109 8200
4178 4186 8364
4146 4184 8330
4079 4144 8223
4019 4078 8097
4087 4167 8254
4117 4179 8296
4053 4143 8196
4086 4158 8244
4120 4155 8275
4128 4130 8258
4097 4189 8286
4190 4199 8389
4112 4161 8273
4186 4194 8380
4014 4052 8066
4154 4185 8339
4023 4164 8187
4194 4195 8389
4050 4190 8240
4178 4183 8361
4112 4127 8239
4033 4167 8200
4131 4146 8277
4078 4142 8220
4019 4046 8065
4175 4179 8354
4108 4152 8260
4185 4200 8385
4180 4185 8365
4185 4190 8375
4079 4183 8262
4170 4182 8352
4108 4181 8289
4178 4185 8363
4067 4185 8252
4125 4166 8291
4182 4187 8369
4032 4102 8134

4109 4208 8316
4226 4284 8478
4254 4259 8489
4158 4193 8349
4221 4243 8456
4172 4182 8316
4152 4271 8407
4256 4289 8510
4204 4281 8481
4272 4289 8549
4162 4257 8406
4296 4299 8555
4203 4213 8406
4249 4290 8534
4152 4208 8329
4189 4221 8406
4191 4293 8477
4107 4208 8285
4276 4284 8529
4245 4295 8509
4116 4135 8226
4122 4285 8381
4219 4273 8476
4233 4243 8449
4199 4238 8409
4255 4290 8537
4181 4256 8419
4209 4279 8449
4151 4244 8392
4268 4277 8523
4137 4268 8394
4129 4217 8328
4245 4281 8522
4281 4291 8538
4112 4133 8231
4251 4286 8507
4204 4278 8478
4263 4277 8528
4257 4278 8511
4118 4121 8221
4226 4228 8440
4236 4257 8490
4285 4292 8549
4231 4258 8458
4176 4232 8379
4176 4194 8353
4268 4288 8520
4118 4184 8288
4158 4159 8315
4223 4250 8463
4249 4292 8503
4292 4295 8565
4299 4300 8596
4231 4244 8456
4145 4178 8297
4107 4283 8381
4131 4208 8305
4251 4279 8528
4178 4235 8380
4150 4244 8357
4130 4155 8251
4216 4238 8444
4169 4267 8416
4297 4299 8589
4193 4273 8436
4176 4210 8375
4149 4163 8273
4139 4190 8319
4231 4259 8463
4244 4275 8503
4275 4278 8513
4282 4292 8537
4139 4161 8292
4174 4276 8445
4225 4226 8430
4263 4267 8524
4287 4298 8578
4255 4277 8502
4160 4241 8383
4260 4261 8482
4118 4299 8379
4142 4168 8293
4123 4189 8290
4266 4274 8533
4145 4154 8294
4194 4280 8447
4285 4289 8571
4175 4214 8388
4215 4294 8482
4289 4292 8548
4227 4249 8447
4207 4284 8484
4131 4298 8409
4176 4230 8373
4190 4243 8407
4138 4149 8268
4179 4189 8349
4101 4200 8300
4204 4225 8393
4149 4253 8384
4143 4162 8303
4195 4290 8458
4103 4216 8292
4252 4271 8504
4103 4218 8306
4262 4272 8532
4286 4288 8564
4104 4110 8201
4248 4286 8508
4135 4253 8366
4155 4216 8355
4261 4270 8511
4240 4281 8482
4232 4266 8458
4277 4300 8543
4175 4214 8386
4215 4220 8417
4275 4287 8558
4279 4298 8560
4101 4253 8315
4169 4241 8377
4104 4218 8290
4281 4294 8569
4158 4191 8312
4139 4287 8419
4269 4278 8534
4285 4286 8570
4138 4215 8322
4282 4289 8568
4234 4239 8461
4253 4269 8488
4139 4202 8332
4186 4254 8425
4197 4299 8471
4188 4192 8357
4116 4261 8352
4133 4287 8390
4258 4268 8516
4171 4299 8461
4130 4284 8413
4179 4241 8398
4135 4161 8274
4165 4235 8389
4282 4299 8550
4282 4285 8544
4182 4275 8430
4213 4222 8428
4291 4299 8555
4110 4276 8362
4275 4299 8551
4278 4295 8552
4125 4266 8365
4275 4294 8534
4152 4235 8381
4227 4261 8467
4241 4297 8512
4176 4235 8403
4182 4236 8413
4193 4228 8396
4162 4199 8323
4142 4217 8346
4143 4146 8281
4202 4284 8485
4259 4272 8495
4282 4293 8538
4169 4208 8366
4259 4282 8528
4170 4267 8401
4103 4181 8266
4116 4296 8394
4248 4269 8505
4213 4298 8479
4208 4220 8397
4247 4260 8496
4287 4291 8567
4259 4289 8516
4229 4275 8468
4167 4294 8440
4171 4184 8337
4142 4199 8324
4236 4264 8477
4297 4299 8570
4187 4288 8457
4167 4210 8345
4131 4282 8376
4210 4278 8450
4218 4221 8403
4193 4218 8386
4171 4239 8409
4139 4168 8280
4264 4287 8529
4154 4283 8424
4151 4256 8401
4242 4297 8525
4121 4230 8326
4222 4258 8470
4125 4212 8330
4231 4292 8514
4292 4297 8568
4222 4292 8495
4276 4286 8537
4235 4254 8455
4287 4288 8550
4280 4291 8569
4104 4237 8328
4263 4270 8510
4265 4288 8528
4176 4247 8397
4154 4242 8368
4147 4274 8394
4192 4205 8390
4223 4235 8433
4179 4191 8335
4245 4297 8515
4189 4247 8420
4290 4298 8568
4299 4300 8579
4236 4249 8472
4101 4146 8215
4142 4247 8365
4164 4172 8323
4269 4282 8528
4234 4283 8496
4233 4290 8496
4197 4293 8474
4173 4274 8423
4218 4252 8468
4100 4182 8264
4253 4272 8514
4175 4293 8458
4246 4294 8501
4159 4186 8328
4140 4193 8327
4240 4264 8469
4117 4186 8292
4196 4252 8443
4105 4156 8255
4112 4185 8287
4122 4189 8300
4225 4280 8479
4256 4295 8532
4139 4227 8360
4180 4226 8379
4287 4292 8571
4226 4285 8477
4200 4238 8418
4253 4298 8514
4271 4288 8530
4161 4291 8414
4217 4233 8449
4230 4265 8472
4111 4184 8276
4236 4273 8482
4203 4250 8420
4120 4233 8329
4233 4289 8489
4256 4274 8490
4223 4245 8458
4126 4284 8373
4228 4290 8484
4273 4275 8518
4130 4238 8365
4130 4186 8277
4246 4252 8497
4208 4223 8401
4202 4218 8409
4109 4298 8403
4113 4182 8284
4164 4174 8305
4129 4199 8298
4235 4250 8445
4277 4283 8524
4254 4260 8478
4142 4206 8313
4134 4157 8288
4286 4293 8546
4272 4299 8569
4137 4211 8342
4194 4251 8440
4230 4252 8467
4191 4272 8443
4150 4185 8315
4114 4285 8392
4254 4266 8495
4169 4288 8434
4110 4226 8310
4122 4253 8369
4232 4288 8480
4296 4297 8558
4105 4208 8297
4116 4124 8204
4272 4289 8541
4104 4105 8177
4127 4291 8400
4135 4155 8251
4259 4288 8526
4214 4234 8420
4185 4191 8344
4157 4165 8317
4215 4266 8477
4202 4287 8453
4115 4165 8244
4259 4269 8526
4117 4269 8350
4198 4215 8377
4276 4289 8527
4159 4251 8396
4228 4235 8441
4191 4211 8372
4240 4264 8501
4277 4287 8554
4167 4285 8427
4252 4253 8479
4293 4298 8555
4139 4235 8344
4249 4270 8507
4125 4212 8329
4124 4185 8292
4287 4295 8565
4119 4258 8375
4142 4283 8392
4250 4292 8520
4157 4227 8359
4254 4298 8515
4236 4285 8513
4231 4288 8498
4166 4231 8368
4118 4215 8330
4151 4226 8374
4237 4266 8490
4293 4296 8554
4246 4275 8489
4250 4277 8522
4109 4277 8351
4203 4248 8419
4273 4300 8533
4255 4275 8520
4182 4217 8390
4254 4265 8496
4121 4164 8272
4294 4297 8558
4262 4285 8513
4286 4293 8553
4290 4294 8567
4167 4248 8393
4285 4294 8551
4249 4267 8493
4105 4112 8203
4239 4240 8461
4255 4278 8532
4112 4181 8256
4126 4187 8310
4240 4274 8497
4106 4189 8256
4281 4289 8548
4295 4300 8567
4236 4241 8455
4249 4296 8539
4246 4256 8484
4191 4253 8429
4203 4298 8498
4191 4209 8395
4278 4286 8525
4246 4284 8516
4179 4244 8390
4119 4178 8260
4187 4267 8435
4217 4279 8477
4153 4243 8362
4186 4258 8428
4220 4255 8436
4228 4230 8435
4197 4289 8463
4290 4299 8566
4212 4261 8433
4286 4294 8579
4114 4152 8249
4254 4285 8538
4123 4264 8381
4294 4295 8572
4150 4290 8419
4278 4283 8552
4212 4227 8433
4133 4267 8363
4231 4246 8441
4178 4242 8399
4119 4146 8262
4275 4279 8520
4208 4252 8436
4285 4300 8551
4280 4285 8544
4285 4290 8551
4179 4283 8432
4270 4282 8544
4208 4281 8483
4278 4285 8551
4167 4285 8425
4225 4266 8455
4282 4287 8563
4132 4202 8309

0.010000 0.740000
