100
454919
4063 4102 8165
4129 4167 8296
4183 4187 8370
4071 4118 8189
4188 4200 8388
4020 4107 8127
4116 4167 8283
4139 4182 8321
4089 4144 8233
4088 4131 8219
4136 4153 8289
4000 4149 8149
4010 4188 8198
4155 4160 8315
4078 4080 8158
4162 4190 8352
4044 4089 8133
4078 4097 8175
4091 4170 8261
4139 4165 8304
4007 4140 8147
4195 4199 8394
4072 4131 8203
4087 4164 8251
4035 4067 8102
4126 4141 8267
4042 4088 8130
4041 4123 8164
4039 4125 8164
4104 4129 8233
4016 4126 8142
4028 4083 8111
4009 4190 8199
4072 4079 8151
4107 4128 8235
4133 4190 8323
4098 4186 8284
4018 4164 8182
4076 4168 8244
4159 4169 8328
4065 4143 8208
4133 4174 8307
4130 4144 8274
4087 4185 8272
4090 4175 8265
4040 4167 8207
4058 4200 8258
4026 4174 8200
4183 4184 8367
4141 4168 8309
4052 4109 8161
4171 4179 8350
4048 4152 8200
4033 4153 8186
4163 4189 8352
4049 4123 8172
4094 4183 8277
4130 4165 8295
4107 4191 8298
4009 4193 8202
4190 4196 8386
4010 4011 8021
4009 4083 8092
4161 4179 8340
4099 4200 8299
4124 4134 8258
4151 4163 8314
4021 4023 8044
4131 4197 8328
4125 4189 8314
4047 4115 8162
4101 4146 8247
4031 4167 8198
4085 4112 8197
4137 4195 8332
4174 4189 8363
4140 4193 8333
4078 4109 8187
4135 4158 8293
4072 4182 8254
4070 4143 8213
4196 4198 8394
4184 4197 8381
4025 4045 8070
4063 4169 8232
4135 4177 8312
4115 4182 8297
4137 4165 8302
4060 4130 8190
4037 4084 8121
4111 4187 8298
4118 4187 8305
4081 4149 8230
4059 4159 8218
4015 4096 8111
4128 4191 8319
4117 4181 8298
4149 4163 8312
4114 4132 8246
4183 4188 8371

4163 4202 8355
4229 4267 8487
4283 4287 8551
4171 4218 8359
4288 4300 8584
4120 4207 8321
4216 4267 8450
4239 4282 8519
4189 4244 8415
4188 4231 8412
4236 4253 8480
4100 4249 8323
4110 4288 8377
4255 4260 8493
4178 4180 8343
4262 4290 8532
4144 4189 8319
4178 4197 8362
4191 4270 8452
4239 4265 8499
4107 4240 8322
4295 4299 8572
4172 4231 8375
4187 4264 8418
4135 4167 8287
4226 4241 8435
4142 4188 8323
4141 4223 8330
4139 4225 8354
4204 4229 8393
4116 4226 8305
4128 4183 8296
4109 4290 8372
4172 4179 8346
4207 4228 8416
4233 4290 8501
4198 4286 8482
4118 4264 8379
4176 4268 8411
4259 4269 8495
4165 4243 8372
4233 4274 8475
4230 4244 8452
4187 4285 8461
4190 4275 8447
4140 4267 8379
4158 4300 8455
4126 4274 8374
4283 4284 8533
4241 4268 8490
4152 4209 8343
4271 4279 8522
4148 4252 8392
4133 4253 8350
4263 4289 8517
4149 4223 8352
4194 4283 8454
4230 4265 8484
4207 4291 8477
4109 4293 8369
4290 4296 8579
4110 4111 8212
4109 4183 8258
4261 4279 8534
4199 4300 8461
4224 4234 8430
4251 4263 8504
4121 4123 8212
4231 4297 8495
4225 4289 8489
4147 4215 8346
4201 4246 8429
4131 4267 8371
4185 4212 8380
4237 4295 8496
4274 4289 8535
4240 4293 8527
4178 4209 8359
4235 4258 8468
4172 4282 8439
4170 4243 8387
4296 4298 8584
4284 4297 8553
4125 4145 8231
4163 4269 8412
4235 4277 8473
4215 4282 8474
4237 4265 8490
4160 4230 8382
4137 4184 8286
4211 4287 8472
4218 4287 8489
4181 4249 8402
4159 4259 8383
4115 4196 8288
4228 4291 8513
4217 4281 8496
4249 4263 8507
4214 4232 8416
4283 4288 8539

0.010000 0.540000
