100
564743
4176 4180 8356
4015 4077 8092
4072 4135 8207
4059 4139 8198
4185 4186 8371
4178 4189 8367
4074 4139 8213
4096 4104 8200
4082 4141 8223
4127 4152 8279
4078 4111 8189
4177 4183 8360
4069 4087 8156
4182 4200 8382
4006 4007 8013
4136 4184 8320
4103 4181 8284
4195 4199 8394
4097 4199 8296
4014 4192 8206
4147 4177 8324
4145 4169 8314
4020 4090 8110
4098 4108 8206
4159 4194 8353
4149 4200 8349
4051 4064 8115
4067 4194 8261
4060 4101 8161
4053 4183 8236
4097 4112 8209
4137 4186 8323
4185 4192 8377
4170 4182 8352
4053 4123 8176
4032 4160 8192
4154 4195 8349
4050 4074 8124
4117 4195 8312
4070 4122 8192
4006 4118 8124
4075 4165 8240
4127 4155 8282
4087 4116 8203
4111 4147 8258
4196 4198 8394
4030 4064 8094
4125 4190 8315
4101 4156 8257
4125 4153 8278
4107 4108 8215
4125 4139 8264
4157 4176 8333
4178 4179 8357
4132 4152 8284
4128 4167 8295
4070 4122 8192
4170 4176 8346
4137 4153 8290
4142 4189 8331
4045 4101 8146
4158 4164 8322
4117 4192 8309
4169 4186 8355
4058 4199 8257
4072 4200 8272
4066 4154 8220
4056 4073 8129
4090 4143 8233
4018 4058 8076
4152 4154 8306
4026 4127 8153
4047 4179 8226
4048 4063 8111
4016 4167 8183
4013 4132 8145
4149 4164 8313
4055 4117 8172
4020 4140 8160
4183 4196 8379
4134 4135 8269
4022 4188 8210
4018 4121 8139
4172 4199 8371
4041 4056 8097
4157 4175 8332
4017 4162 8179
4112 4192 8304
4087 4169 8256
4022 4170 8192
4050 4102 8152
4199 4200 8399
4118 4159 8277
4160 4194 8354
4123 4191 8314
4018 4087 8105
4010 4176 8186
4187 4195 8382
4064 4170 8234
4148 4185 8333

4276 4280 8544
4115 4177 8256
4172 4235 8371
4159 4239 8366
4285 4286 8547
4278 4289 8557
4174 4239 8395
4196 4204 8399
4182 4241 8412
4227 4252 8459
4178 4211 8383
4277 4283 8545
4169 4187 8321
4282 4300 8574
4106 4107 8208
4236 4284 8518
4203 4281 8481
4295 4299 8588
4197 4299 8463
4114 4292 8404
4247 4277 8507
4245 4269 8501
4120 4190 8274
4198 4208 8398
4259 4294 8515
4249 4300 8518
4151 4164 8293
4167 4294 8425
4160 4201 8328
4153 4283 8409
4197 4212 8386
4237 4286 8521
4285 4292 8560
4270 4282 8514
4153 4223 8338
4132 4260 8380
4254 4295 8516
4150 4174 8285
4217 4295 8479
4170 4222 8366
4106 4218 8300
4175 4265 8415
4227 4255 8455
4187 4216 8394
4211 4247 8449
4296 4298 8565
4130 4164 8275
4225 4290 8502
4201 4256 8452
4225 4253 8453
4207 4208 8408
4225 4239 8429
4257 4276 8501
4278 4279 8526
4232 4252 8473
4228 4267 8476
4170 4222 8375
4270 4276 8506
4237 4253 8484
4242 4289 8507
4145 4201 8319
4258 4264 8497
4217 4292 8489
4269 4286 8523
4158 4299 8422
4172 4300 8437
4166 4254 8408
4156 4173 8303
4190 4243 8403
4118 4158 8259
4252 4254 8474
4126 4227 8322
4147 4279 8401
4148 4163 8282
4116 4267 8377
4113 4232 8325
4249 4264 8483
4155 4217 8367
4120 4240 8359
4283 4296 8554
4234 4235 8446
4122 4288 8379
4118 4221 8324
4272 4299 8547
4141 4156 8271
4257 4275 8492
4117 4262 8344
4212 4292 8471
4187 4269 8452
4122 4270 8361
4150 4202 8319
4299 4300 8592
4218 4259 8461
4260 4294 8538
4223 4291 8489
4118 4187 8276
4110 4276 8385
4287 4295 8566
4164 4270 8426
4248 4285 8509

0.010000 0.670000
