900
4247196
4184 4186 8370
4026 4086 8112
4033 4194 8227
4045 4077 8122
4167 4181 8348
4111 4200 8311
4163 4179 8342
4146 4175 8321
4101 4123 8224
4139 4183 8322
4116 4142 8258
4156 4166 8322
4074 4159 8233
4104 4181 8285
4107 4147 8254
4053 4156 8209
4042 4128 8170
4062 4132 8194
4039 4081 8120
4196 4200 8396
4192 4198 8390
4073 4150 8223
4003 4166 8169
4185 4199 8384
4046 4109 8155
4091 4146 8237
4075 4198 8273
4168 4186 8354
4079 4167 8246
4021 4179 8200
4032 4105 8137
4025 4090 8115
4105 4152 8257
4049 4066 8115
4185 4198 8383
4079 4200 8279
4182 4188 8370
4131 4147 8278
4027 4162 8189
4119 4188 8307
4114 4198 8312
4144 4166 8310
4186 4199 8385
4171 4177 8348
4162 4175 8337
4110 4159 8269
4088 4134 8222
4087 4169 8256
4051 4168 8219
4110 4161 8271
4150 4200 8350
4090 4181 8271
4088 4164 8252
4127 4158 8285
4026 4077 8103
4024 4101 8125
4169 4195 8364
4036 4148 8184
4024 4039 8063
4151 4157 8308
4025 4067 8092
4120 4175 8295
4003 4021 8024
4048 4061 8109
4182 4187 8369
4096 4102 8198
4086 4148 8234
4160 4198 8358
4175 4186 8361
4193 4197 8390
4102 4104 8206
4087 4181 8268
4049 4180 8229
4131 4148 8279
4099 4122 8221
4039 4049 8088
4098 4189 8287
4045 4085 8130
4024 4146 8170
4080 4169 8249
4171 4183 8354
4010 4027 8037
4151 4154 8305
4043 4183 8226
4016 4053 8069
4100 4134 8234
4008 4038 8046
4134 4171 8305
4177 4198 8375
4071 4135 8206
4036 4160 8196
4103 4171 8274
4014 4079 8093
4016 4052 8068
4109 4173 8282
4139 4141 8280
4015 4185 8200
4199 4200 8399
4184 4197 8381
4072 4119 8191
4010 4075 8085
4082 4174 8256
4054 4144 8198
4184 4194 8378
4193 4200 8393
4099 4178 8277
4104 4197 8301
4129 4158 8287
4011 4191 8202
4116 4165 8281
4050 4151 8201
4011 4063 8074
4058 4129 8187
4034 4055 8089
4105 4121 8226
4080 4159 8239
4142 4169 8311
4023 4200 8223
4071 4169 8240
4170 4185 8355
4032 4098 8130
4115 4172 8287
4191 4192 8383
4184 4189 8373
4097 4200 8297
4045 4070 8115
4157 4158 8315
4074 4152 8226
4115 4120 8235
4070 4074 8144
4152 4162 8314
4151 4165 8316
4088 4102 8190
4046 4068 8114
4122 4169 8291
4021 4097 8118
4051 4102 8153
4026 4107 8133
4175 4198 8373
4128 4159 8287
4029 4196 8225
4093 4108 8201
4045 4143 8188
4021 4166 8187
4017 4087 8104
4165 4188 8353
4060 4120 8180
4048 4200 8248
4130 4167 8297
4193 4196 8389
4038 4173 8211
4156 4162 8318
4011 4178 8189
4002 4112 8114
4192 4200 8392
4075 4164 8239
4079 4176 8255
4039 4170 8209
4194 4196 8390
4102 4177 8279
4011 4015 8026
4100 4154 8254
4052 4068 8120
4022 4193 8215
4041 4134 8175
4093 4110 8203
4186 4199 8385
4171 4174 8345
4143 4150 8293
4166 4190 8356
4178 4193 8371
4044 4079 8123
4111 4163 8274
4134 4172 8306
4195 4197 8392
4160 4168 8328
4000 4079 8079
4133 4182 8315
4192 4199 8391
4180 4191 8371
4045 4179 8224
4034 4100 8134
4109 4136 8245
4189 4193 8382
4013 4111 8124
4010 4041 8051
4033 4068 8101
4079 4166 8245
4075 4080 8155
4189 4190 8379
4046 4180 8226
4006 4126 8132
4047 4173 8220
4122 4188 8310
4006 4121 8127
4060 4174 8234
4133 4194 8327
4062 4172 8234
4198 4200 8398
4116 4161 8277
4036 4121 8157
4120 4161 8281
4167 4171 8338
4070 4131 8201
4186 4199 8385
4064 4112 8176
4027 4032 8059
4147 4180 8327
4142 4189 8331
4144 4146 8290
4101 4196 8297
4163 4173 8336
4183 4190 8373
4162 4182 8344
4060 4092 8152
4131 4180 8311
4075 4088 8163
4028 4161 8189
4098 4148 8246
4012 4101 8113
4091 4110 8201
4185 4189 8374
4040 4046 8086
4138 4153 8291
4182 4199 8381
4017 4073 8090
4156 4167 8323
4130 4132 8262
4090 4103 8193
4050 4053 8103
4054 4147 8201
4039 4058 8097
4082 4114 8196
4000 4183 8183
4056 4067 8123
4021 4045 8066
4109 4150 8259
4035 4177 8212
4173 4183 8356
4102 4197 8299
4028 4166 8194
4119 4131 8250
4075 4108 8183
4069 4129 8198
4007 4080 8087
4057 4155 8212
4004 4078 8082
4153 4155 8308
4096 4136 8232
4024 4191 8215
4193 4198 8391
4051 4194 8245
4167 4174 8341
4041 4080 8121
4080 4177 8257
4186 4197 8383
4024 4197 8221
4143 4198 8341
4040 4128 8168
4110 4111 8221
4011 4121 8132
4185 4194 8379
4155 4180 8335
4092 4099 8191
4083 4178 8261
4062 4133 8195
4147 4191 8338
4161 4195 8356
4073 4155 8228
4126 4132 8258
4009 4122 8131
4050 4176 8226
4057 4187 8244
4018 4032 8050
4162 4181 8343
4090 4139 8229
4045 4121 8166
4095 4111 8206
4027 4039 8066
4124 4187 8311
4178 4181 8359
4141 4165 8306
4119 4132 8251
4155 4189 8344
4080 4148 8228
4134 4188 8322
4078 4149 8227
4047 4088 8135
4166 4194 8360
4100 4151 8251
4080 4105 8185
4107 4144 8251
4022 4050 8072
4155 4165 8320
4075 4105 8180
4164 4189 8353
4052 4173 8225
4073 4199 8272
4002 4111 8113
4179 4186 8365
4133 4163 8296
4179 4199 8378
4047 4177 8224
4086 4165 8251
4046 4050 8096
4153 4200 8353
4066 4148 8214
4107 4181 8288
4091 4172 8263
4075 4184 8259
4162 4189 8351
4086 4179 8265
4081 4145 8226
4004 4115 8119
4164 4179 8343
4004 4014 8018
4166 4182 8348
4136 4180 8316
4186 4190 8376
4080 4136 8216
4048 4109 8157
4138 4164 8302
4094 4157 8251
4006 4200 8206
4147 4196 8343
4144 4150 8294
4031 4148 8179
4182 4189 8371
4088 4175 8263
4146 4158 8304
4140 4158 8298
4114 4192 8306
4178 4182 8360
4128 4198 8326
4111 4124 8235
4138 4176 8314
4091 4190 8281
4139 4189 8328
4116 4173 8289
4015 4165 8180
4135 4143 8278
4062 4173 8235
4177 4183 8360
4182 4187 8369
4110 4183 8293
4150 4183 8333
4176 4198 8374
4063 4096 8159
4064 4091 8155
4046 4097 8143
4028 4095 8123
4118 4165 8283
4157 4192 8349
4047 4179 8226
4089 4094 8183
4153 4159 8312
4147 4152 8299
4128 4156 8284
4080 4186 8266
4074 4174 8248
4172 4192 8364
4105 4164 8269
4001 4095 8096
4158 4174 8332
4128 4153 8281
4006 4027 8033
4097 4196 8293
4111 4151 8262
4039 4097 8136
4177 4190 8367
4094 4166 8260
4070 4073 8143
4137 4183 8320
4184 4198 8382
4049 4128 8177
4092 4187 8279
4121 4143 8264
4089 4168 8257
4124 4139 8263
4019 4071 8090
4111 4143 8254
4162 4165 8327
4172 4194 8366
4064 4070 8134
4166 4197 8363
4165 4182 8347
4129 4172 8301
4107 4181 8288
4046 4099 8145
4146 4157 8303
4052 4136 8188
4105 4182 8287
4099 4153 8252
4086 4121 8207
4016 4099 8115
4024 4107 8131
4070 4100 8170
4037 4082 8119
4173 4179 8352
4004 4058 8062
4018 4071 8089
4044 4089 8133
4113 4199 8312
4041 4090 8131
4186 4198 8384
4057 4152 8209
4128 4193 8321
4033 4056 8089
4049 4052 8101
4013 4178 8191
4038 4126 8164
4176 4187 8363
4010 4046 8056
4170 4178 8348
4091 4146 8237
4054 4177 8231
4026 4068 8094
4074 4150 8224
4134 4173 8307
4116 4118 8234
4067 4179 8246
4167 4185 8352
4053 4156 8209
4177 4192 8369
4147 4194 8341
4137 4156 8293
4179 4193 8372
4079 4092 8171
4156 4174 8330
4108 4109 8217
4019 4131 8150
4025 4127 8152
4109 4168 8277
4057 4105 8162
4006 4147 8153
4055 4061 8116
4073 4108 8181
4064 4096 8160
4008 4054 8062
4060 4122 8182
4047 4129 8176
4060 4158 8218
4168 4195 8363
4063 4089 8152
4194 4199 8393
4023 4159 8182
4199 4200 8399
4032 4103 8135
4042 4144 8186
4198 4199 8397
4184 4189 8373
4117 4193 8310
4131 4133 8264
4087 4167 8254
4025 4074 8099
4029 4085 8114
4044 4194 8238
4114 4122 8236
4001 4135 8136
4139 4172 8311
4172 4196 8368
4069 4138 8207
4052 4093 8145
4118 4147 8265
4136 4194 8330
4051 4191 8242
4163 4186 8349
4120 4160 8280
4151 4190 8341
4183 4197 8380
4151 4164 8315
4062 4094 8156
4018 4041 8059
4109 4193 8302
4056 4076 8132
4054 4185 8239
4199 4200 8399
4033 4127 8160
4017 4116 8133
4175 4192 8367
4198 4199 8397
4179 4200 8379
4015 4166 8181
4028 4127 8155
4093 4134 8227
4162 4165 8327
4090 4123 8213
4034 4093 8127
4000 4053 8053
4088 4139 8227
4155 4174 8329
4044 4170 8214
4163 4179 8342
4094 4171 8265
4094 4169 8263
4196 4197 8393
4010 4017 8027
4169 4186 8355
4098 4100 8198
4037 4141 8178
4076 4105 8181
4116 4140 8256
4167 4189 8356
4197 4199 8396
4179 4199 8378
4119 4190 8309
4104 4169 8273
4120 4153 8273
4024 4162 8186
4007 4156 8163
4042 4190 8232
4098 4137 8235
4061 4141 8202
4095 4132 8227
4019 4092 8111
4060 4159 8219
4074 4078 8152
4144 4160 8304
4006 4117 8123
4138 4163 8301
4172 4178 8350
4108 4160 8268
4167 4182 8349
4187 4197 8384
4084 4179 8263
4056 4094 8150
4083 4124 8207
4074 4186 8260
4188 4193 8381
4066 4071 8137
4049 4070 8119
4021 4099 8120
4199 4200 8399
4064 4074 8138
4167 4199 8366
4195 4197 8392
4162 4194 8356
4027 4073 8100
4166 4191 8357
4074 4177 8251
4165 4180 8345
4147 4179 8326
4176 4192 8368
4017 4156 8173
4079 4191 8270
4044 4133 8177
4148 4170 8318
4138 4161 8299
4026 4081 8107
4144 4172 8316
4143 4168 8311
4020 4104 8124
4035 4090 8125
4198 4199 8397
4190 4198 8388
4111 4157 8268
4044 4103 8147
4155 4159 8314
4121 4173 8294
4105 4111 8216
4077 4113 8190
4007 4098 8105
4114 4134 8248
4144 4189 8333
4105 4127 8232
4019 4133 8152
4039 4196 8235
4024 4078 8102
4182 4185 8367
4049 4151 8200
4060 4171 8231
4190 4195 8385
4056 4194 8250
4083 4098 8181
4061 4200 8261
4189 4198 8387
4117 4126 8243
4096 4142 8238
4010 4059 8069
4176 4189 8365
4132 4169 8301
4107 4131 8238
4172 4177 8349
4001 4200 8201
4010 4103 8113
4198 4200 8398
4136 4185 8321
4049 4128 8177
4062 4165 8227
4151 4184 8335
4090 4091 8181
4112 4147 8259
4134 4197 8331
4072 4140 8212
4044 4056 8100
4062 4097 8159
4113 4151 8264
4005 4033 8038
4110 4161 8271
4082 4098 8180
4071 4101 8172
4144 4169 8313
4121 4152 8273
4059 4068 8127
4158 4165 8323
4008 4083 8091
4183 4190 8373
4069 4136 8205
4159 4193 8352
4036 4096 8132
4102 4136 8238
4109 4158 8267
4177 4182 8359
4001 4044 8045
4109 4124 8233
4063 4173 8236
4172 4182 8354
4155 4197 8352
4069 4142 8211
4016 4023 8039
4112 4180 8292
4099 4183 8282
4076 4120 8196
4087 4155 8242
4031 4137 8168
4149 4181 8330
4151 4199 8350
4120 4191 8311
4104 4139 8243
4005 4090 8095
4150 4191 8341
4179 4188 8367
4174 4198 8372
4186 4194 8380
4181 4200 8381
4057 4138 8195
4034 4143 8177
4074 4085 8159
4032 4043 8075
4017 4071 8088
4196 4198 8394
4191 4193 8384
4046 4143 8189
4090 4095 8185
4008 4128 8136
4058 4192 8250
4178 4185 8363
4001 4155 8156
4039 4197 8236
4199 4200 8399
4014 4041 8055
4052 4092 8144
4042 4132 8174
4185 4195 8380
4177 4197 8374
4190 4196 8386
4087 4100 8187
4174 4178 8352
4035 4073 8108
4181 4194 8375
4062 4074 8136
4196 4199 8395
4102 4145 8247
4155 4181 8336
4155 4199 8354
4021 4040 8061
4056 4187 8243
4017 4163 8180
4009 4139 8148
4129 4156 8285
4175 4183 8358
4098 4113 8211
4045 4182 8227
4035 4073 8108
4092 4178 8270
4158 4181 8339
4009 4022 8031
4102 4117 8219
4139 4185 8324
4172 4186 8358
4083 4197 8280
4032 4099 8131
4121 4200 8321
4013 4050 8063
4062 4130 8192
4151 4163 8314
4160 4189 8349
4054 4099 8153
4039 4125 8164
4090 4129 8219
4056 4175 8231
4094 4103 8197
4034 4095 8129
4186 4198 8384
4014 4134 8148
4152 4195 8347
4157 4169 8326
4178 4185 8363
4026 4112 8138
4122 4172 8294
4014 4139 8153
4117 4182 8299
4147 4176 8323
4079 4120 8199
4130 4167 8297
4086 4165 8251
4038 4198 8236
4073 4143 8216
4094 4119 8213
4020 4099 8119
4064 4111 8175
4074 4165 8239
4089 4106 8195
4039 4092 8131
4160 4200 8360
4044 4091 8135
4113 4147 8260
4174 4197 8371
4001 4148 8149
4182 4186 8368
4006 4143 8149
4090 4163 8253
4094 4175 8269
4162 4185 8347
4132 4197 8329
4143 4191 8334
4110 4165 8275
4156 4177 8333
4173 4197 8370
4065 4143 8208
4123 4148 8271
4077 4111 8188
4071 4121 8192
4005 4025 8030
4134 4145 8279
4160 4174 8334
4194 4195 8389
4041 4186 8227
4150 4181 8331
4147 4179 8326
4141 4198 8339
4062 4200 8262
4097 4142 8239
4074 4136 8210
4025 4043 8068
4148 4155 8303
4161 4182 8343
4008 4068 8076
4038 4121 8159
4085 4138 8223
4084 4157 8241
4142 4151 8293
4188 4200 8388
4174 4189 8363
4189 4197 8386
4009 4099 8108
4069 4183 8252
4163 4172 8335
4191 4194 8385
4182 4188 8370
4147 4173 8320
4130 4133 8263
4139 4173 8312
4136 4171 8307
4004 4097 8101
4130 4175 8305
4151 4194 8345
4117 4148 8265
4197 4199 8396
4140 4142 8282
4010 4194 8204
4181 4182 8363
4094 4153 8247
4138 4143 8281
4190 4199 8389
4172 4179 8351
4106 4157 8263
4199 4200 8399
4078 4124 8202
4121 4171 8292
4010 4088 8098
4118 4159 8277
4000 4037 8037
4079 4197 8276
4003 4068 8071
4158 4161 8319
4173 4176 8349
4075 4117 8192
4189 4200 8389
4070 4083 8153
4159 4184 8343
4087 4157 8244
4134 4146 8280
4037 4174 8211
4090 4104 8194
4077 4088 8165
4006 4164 8170
4116 4169 8285
4062 4092 8154
4191 4200 8391
4012 4156 8168
4103 4104 8207
4028 4151 8179
4094 4106 8200
4066 4109 8175
4153 4190 8343
4199 4200 8399
4177 4188 8365
4133 4134 8267
4143 4189 8332
4054 4170 8224
4088 4103 8191
4136 4138 8274
4127 4170 8297
4080 4188 8268
4000 4165 8165
4049 4177 8226
4130 4181 8311
4198 4200 8398
4025 4139 8164
4171 4182 8353
4183 4186 8369
4159 4162 8321
4157 4163 8320
4110 4194 8304
4057 4141 8198
4048 4171 8219
4163 4171 8334
4197 4199 8396
4019 4090 8109
4035 4196 8231
4061 4136 8197
4031 4100 8131
4026 4087 8113
4171 4178 8349
4190 4192 8382
4065 4128 8193
4107 4146 8253
4061 4098 8159
4096 4159 8255
4153 4158 8311
4141 4153 8294
4024 4164 8188
4196 4197 8393
4054 4105 8159
4002 4005 8007
4129 4197 8326
4121 4195 8316
4006 4111 8117
4129 4157 8286
4176 4191 8367
4138 4155 8293
4088 4167 8255
4047 4169 8216
4079 4140 8219
4059 4144 8203
4196 4197 8393
4143 4177 8320
4077 4180 8257
4011 4171 8182
4000 4155 8155
4022 4155 8177
4078 4194 8272
4144 4196 8340
4157 4199 8356
4052 4055 8107
4126 4186 8312
4062 4091 8153
4034 4053 8087
4159 4194 8353
4046 4066 8112
4041 4178 8219
4063 4161 8224
4138 4166 8304
4014 4068 8082
4157 4192 8349
4068 4095 8163
4053 4091 8144
4060 4114 8174
4059 4147 8206
4139 4187 8326
4069 4149 8218
4012 4172 8184
4086 4151 8237
4116 4161 8277
4174 4194 8368
4048 4151 8199
4118 4158 8276
4032 4078 8110
4159 4160 8319
4130 4179 8309
4156 4174 8330
4000 4035 8035
4071 4101 8172
4176 4184 8360
4190 4197 8387
4047 4069 8116
4134 4190 8324
4111 4121 8232
4021 4155 8176

4284 4286 8565
4126 4186 8275
4133 4294 8409
4145 4177 8287
4267 4281 8545
4211 4300 8507
4263 4279 8513
4246 4275 8503
4201 4223 8408
4239 4283 8521
4216 4242 8431
4256 4266 8491
4174 4259 8400
4204 4281 8455
4207 4247 8427
4153 4256 8372
4142 4228 8351
4162 4232 8367
4139 4181 8315
4296 4300 8568
4292 4298 8576
4173 4250 8400
4103 4266 8342
4285 4299 8559
4146 4209 8354
4191 4246 8431
4175 4298 8453
4268 4286 8527
4179 4267 8436
4121 4279 8386
4132 4205 8315
4125 4190 8286
4205 4252 8453
4149 4166 8311
4285 4298 8579
4179 4300 8468
4282 4288 8556
4231 4247 8456
4127 4262 8365
4219 4288 8486
4214 4298 8498
4244 4266 8497
4286 4299 8545
4271 4277 8541
4262 4275 8531
4210 4259 8435
4188 4234 8417
4187 4269 8420
4151 4268 8396
4210 4261 8432
4250 4300 8521
4190 4281 8438
4188 4264 8440
4227 4258 8453
4126 4177 8292
4124 4201 8321
4269 4295 8532
4136 4248 8345
4124 4139 8228
4251 4257 8485
4125 4167 8284
4220 4275 8485
4103 4121 8196
4148 4161 8289
4282 4287 8567
4196 4202 8391
4186 4248 8420
4260 4298 8529
4275 4286 8560
4293 4297 8551
4202 4204 8375
4187 4281 8457
4149 4280 8403
4231 4248 8474
4199 4222 8420
4139 4149 8257
4198 4289 8460
4145 4185 8301
4124 4246 8345
4180 4269 8446
4271 4283 8545
4110 4127 8227
4251 4254 8470
4143 4283 8400
4116 4153 8251
4200 4234 8419
4108 4138 8220
4234 4271 8466
4277 4298 8543
4171 4235 8399
4136 4260 8383
4203 4271 8467
4114 4179 8273
4116 4152 8244
4209 4273 8454
4239 4241 8462
4115 4285 8376
4299 4300 8598
4284 4297 8571
4172 4219 8373
4110 4175 8268
4182 4274 8444
4154 4244 8396
4284 4294 8543
4293 4300 8578
4199 4278 8460
4204 4297 8461
4229 4258 8461
4111 4291 8394
4216 4265 8477
4150 4251 8377
4111 4163 8268
4158 4229 8356
4134 4155 8284
4205 4221 8395
4180 4259 8437
4242 4269 8504
4123 4300 8415
4171 4269 8429
4270 4285 8543
4132 4198 8313
4215 4272 8454
4291 4292 8554
4284 4289 8537
4197 4300 8493
4145 4170 8294
4257 4258 8511
4174 4252 8408
4215 4220 8412
4170 4174 8328
4252 4262 8478
4251 4265 8506
4188 4202 8370
4146 4168 8303
4222 4269 8469
4121 4197 8309
4151 4202 8347
4126 4207 8294
4275 4298 8547
4228 4259 8484
4129 4296 8410
4193 4208 8397
4145 4243 8381
4121 4266 8348
4117 4187 8271
4265 4288 8545
4160 4220 8341
4148 4300 8423
4230 4267 8485
4293 4296 8584
4138 4273 8399
4256 4262 8485
4111 4278 8373
4102 4212 8286
4292 4300 8567
4175 4264 8434
4179 4276 8434
4139 4270 8389
4294 4296 8584
4202 4277 8476
4111 4115 8215
4200 4254 8450
4152 4168 8315
4122 4293 8389
4141 4234 8366
4193 4210 8381
4286 4299 8558
4271 4274 8538
4243 4250 8492
4266 4290 8529
4278 4293 8570
4144 4179 8294
4211 4263 8454
4234 4272 8473
4295 4297 8566
4260 4268 8514
4100 4179 8270
4233 4282 8509
4292 4299 8556
4280 4291 8556
4145 4279 8389
4134 4200 8307
4209 4236 8442
4289 4293 8545
4113 4211 8309
4110 4141 8249
4133 4168 8298
4179 4266 8436
4175 4180 8347
4289 4290 8556
4146 4280 8417
4106 4226 8298
4147 4273 8400
4222 4288 8498
4106 4221 8289
4160 4274 8395
4233 4294 8502
4162 4272 8430
4298 4300 8562
4216 4261 8452
4136 4221 8333
4220 4261 8464
4267 4271 8501
4170 4231 8365
4286 4299 8560
4164 4212 8341
4127 4132 8242
4247 4280 8507
4242 4289 8517
4244 4246 8464
4201 4296 8478
4263 4273 8509
4283 4290 8544
4262 4282 8538
4160 4192 8336
4231 4280 8479
4175 4188 8334
4128 4261 8380
4198 4248 8432
4112 4201 8298
4191 4210 8392
4285 4289 8565
4140 4146 8269
4238 4253 8483
4282 4299 8571
4117 4173 8278
4256 4267 8520
4230 4232 8438
4190 4203 8365
4150 4153 8274
4154 4247 8382
4139 4158 8265
4182 4214 8373
4100 4283 8359
4156 4167 8298
4121 4145 8237
4209 4250 8450
4135 4277 8379
4273 4283 8519
4202 4297 8485
4128 4266 8370
4219 4231 8447
4175 4208 8361
4169 4229 8361
4107 4180 8256
4157 4255 8390
4104 4178 8265
4253 4255 8506
4196 4236 8416
4124 4291 8401
4293 4298 8568
4151 4294 8413
4267 4274 8539
4141 4180 8284
4180 4277 8445
4286 4297 8555
4124 4297 8390
4243 4298 8532
4140 4228 8348
4210 4211 8391
4111 4221 8320
4285 4294 8539
4255 4280 8504
4192 4199 8361
4183 4278 8454
4162 4233 8377
4247 4291 8513
4261 4295 8538
4173 4255 8424
4226 4232 8425
4109 4222 8305
4150 4276 8406
4157 4287 8441
4118 4132 8227
4262 4281 8505
4190 4239 8402
4145 4221 8348
4195 4211 8379
4127 4139 8241
4224 4287 8491
4278 4281 8532
4241 4265 8491
4219 4232 8439
4255 4289 8528
4180 4248 8406
4234 4288 8493
4178 4249 8396
4147 4188 8301
4266 4294 8538
4200 4251 8429
4180 4205 8369
4207 4244 8441
4122 4150 8255
4255 4265 8505
4175 4205 8367
4264 4289 8533
4152 4273 8388
4173 4299 8439
4102 4211 8304
4279 4286 8529
4233 4263 8479
4279 4299 8568
4147 4277 8394
4186 4265 8432
4146 4150 8270
4253 4300 8530
4166 4248 8382
4207 4281 8483
4191 4272 8461
4175 4284 8438
4262 4289 8547
4186 4279 8446
4181 4245 8396
4104 4215 8300
4264 4279 8509
4104 4114 8217
4266 4282 8533
4236 4280 8494
4286 4290 8550
4180 4236 8393
4148 4209 8327
4238 4264 8473
4194 4257 8447
4106 4300 8400
4247 4296 8535
4244 4250 8488
4131 4248 8378
4282 4289 8568
4188 4275 8452
4246 4258 8503
4240 4258 8467
4214 4292 8467
4278 4282 8535
4228 4298 8513
4211 4224 8410
4238 4276 8484
4191 4290 8472
4239 4289 8526
4216 4273 8471
4115 4265 8366
4235 4243 8445
4162 4273 8416
4277 4283 8537
4282 4287 8557
4210 4283 8458
4250 4283 8530
4276 4298 8549
4163 4196 8350
4164 4191 8337
4146 4197 8319
4128 4195 8314
4218 4265 8443
4257 4292 8539
4147 4279 8389
4189 4194 8358
4253 4259 8482
4247 4252 8487
4228 4256 8457
4180 4286 8441
4174 4274 8427
4272 4292 8561
4205 4264 8443
4101 4195 8295
4258 4274 8530
4228 4253 8460
4106 4127 8232
4197 4296 8470
4211 4251 8441
4139 4197 8333
4277 4290 8549
4194 4266 8441
4170 4173 8322
4237 4283 8511
4284 4298 8558
4149 4228 8355
4192 4287 8464
4221 4243 8447
4189 4268 8432
4224 4239 8456
4119 4171 8269
4211 4243 8422
4262 4265 8497
4272 4294 8551
4164 4170 8305
4266 4297 8531
4265 4282 8508
4229 4272 8492
4207 4281 8459
4146 4199 8314
4246 4257 8481
4152 4236 8370
4205 4282 8468
4199 4253 8451
4186 4221 8374
4116 4199 8290
4124 4207 8301
4170 4200 8331
4137 4182 8302
4273 4279 8550
4104 4158 8261
4118 4171 8260
4144 4189 8323
4213 4299 8511
4141 4190 8327
4286 4298 8563
4157 4252 8394
4228 4293 8518
4133 4156 8256
4149 4152 8296
4113 4278 8363
4138 4226 8332
4276 4287 8533
4110 4146 8251
4270 4278 8527
4191 4246 8435
4154 4277 8408
4126 4168 8267
4174 4250 8387
4234 4273 8473
4216 4218 8400
4167 4279 8443
4267 4285 8543
4153 4256 8388
4277 4292 8541
4247 4294 8506
4237 4256 8470
4279 4293 8555
4179 4192 8337
4256 4274 8493
4208 4209 8394
4119 4231 8348
4125 4227 8325
4209 4268 8444
4157 4205 8323
4106 4247 8317
4155 4161 8278
4173 4208 8356
4164 4196 8332
4108 4154 8247
4160 4222 8372
4147 4229 8363
4160 4258 8407
4268 4295 8549
4163 4189 8319
4294 4299 8572
4123 4259 8377
4299 4300 8596
4132 4203 8327
4142 4244 8383
4298 4299 8557
4284 4289 8568
4217 4293 8472
4231 4233 8459
4187 4267 8440
4125 4174 8280
4129 4185 8280
4144 4294 8412
4214 4222 8401
4101 4235 8307
4239 4272 8500
4272 4296 8559
4169 4238 8369
4152 4193 8315
4218 4247 8430
4236 4294 8524
4151 4291 8411
4263 4286 8524
4220 4260 8470
4251 4290 8520
4283 4297 8566
4251 4264 8494
4162 4194 8348
4118 4141 8241
4209 4293 8501
4156 4176 8313
4154 4285 8423
4299 4300 8589
4133 4227 8348
4117 4216 8316
4275 4292 8539
4298 4299 8563
4279 4300 8555
4115 4266 8360
4128 4227 8348
4193 4234 8416
4262 4265 8502
4190 4223 8384
4134 4193 8304
4100 4153 8239
4188 4239 8390
4255 4274 8510
4144 4270 8405
4263 4279 8534
4194 4271 8452
4194 4269 8452
4296 4297 8562
4110 4117 8214
4269 4286 8519
4198 4200 8387
4137 4241 8358
4176 4205 8371
4216 4240 8416
4267 4289 8551
4297 4299 8564
4279 4299 8561
4219 4290 8487
4204 4269 8442
4220 4253 8468
4124 4262 8377
4107 4256 8357
4142 4290 8405
4198 4237 8414
4161 4241 8372
4195 4232 8410
4119 4192 8280
4160 4259 8389
4174 4178 8317
4244 4260 8480
4106 4217 8301
4238 4263 8491
4272 4278 8536
4208 4260 8461
4267 4282 8546
4287 4297 8582
4184 4279 8460
4156 4194 8321
4183 4224 8404
4174 4286 8421
4288 4293 8545
4166 4171 8329
4149 4170 8288
4121 4199 8314
4299 4300 8575
4164 4174 8328
4267 4299 8562
4295 4297 8581
4262 4294 8545
4127 4173 8273
4266 4291 8541
4174 4277 8424
4265 4280 8521
4247 4279 8495
4276 4292 8546
4117 4256 8342
4179 4291 8441
4144 4233 8354
4248 4270 8489
4238 4261 8470
4126 4181 8281
4244 4272 8495
4243 4268 8476
4120 4204 8293
4135 4190 8299
4298 4299 8591
4290 4298 8573
4211 4257 8430
4144 4203 8321
4255 4259 8491
4221 4273 8487
4205 4211 8393
4177 4213 8366
4107 4198 8268
4214 4234 8415
4244 4289 8525
4205 4227 8403
4119 4233 8344
4139 4296 8416
4124 4178 8269
4282 4285 8531
4149 4251 8368
4160 4271 8412
4290 4295 8562
4156 4294 8433
4183 4198 8349
4161 4300 8450
4289 4298 8586
4217 4226 8433
4196 4242 8435
4110 4159 8233
4276 4289 8564
4232 4269 8475
4207 4231 8437
4272 4277 8520
4101 4300 8377
4110 4203 8288
4298 4300 8565
4236 4285 8513
4149 4228 8376
4162 4265 8411
4251 4284 8520
4190 4191 8356
4212 4247 8440
4234 4297 8522
4172 4240 8401
4144 4156 8291
4162 4197 8357
4213 4251 8425
4105 4133 8222
4210 4261 8454
4182 4198 8379
4171 4201 8371
4244 4269 8495
4221 4252 8438
4159 4168 8301
4258 4265 8497
4108 4183 8256
4283 4290 8533
4169 4236 8390
4259 4293 8512
4136 4196 8299
4202 4236 8405
4209 4258 8439
4277 4282 8529
4101 4144 8236
4209 4224 8399
4163 4273 8412
4272 4282 8520
4255 4297 8536
4169 4242 8397
4116 4123 8237
4212 4280 8473
4199 4283 8470
4176 4220 8385
4187 4255 8432
4131 4237 8355
4249 4281 8513
4251 4299 8532
4220 4291 8480
4204 4239 8413
4105 4190 8259
4250 4291 8526
4279 4288 8560
4274 4298 8532
4286 4294 8542
4281 4300 8551
4157 4238 8356
4134 4243 8341
4174 4185 8345
4132 4143 8248
4117 4171 8268
4296 4298 8581
4291 4293 8571
4146 4243 8366
4190 4195 8357
4108 4228 8308
4158 4292 8429
4278 4285 8561
4101 4255 8341
4139 4297 8406
4299 4300 8565
4114 4141 8227
4152 4192 8338
4142 4232 8344
4285 4295 8564
4277 4297 8551
4290 4296 8584
4187 4200 8350
4274 4278 8523
4135 4173 8292
4281 4294 8574
4162 4174 8320
4296 4299 8576
4202 4245 8418
4255 4281 8498
4255 4299 8520
4121 4140 8252
4156 4287 8422
4117 4263 8375
4109 4239 8344
4229 4256 8456
4275 4283 8535
4198 4213 8396
4145 4282 8408
4135 4173 8280
4192 4278 8450
4258 4281 8504
4109 4122 8196
4202 4217 8415
4239 4285 8494
4272 4286 8529
4183 4297 8475
4132 4199 8295
4221 4300 8509
4113 4150 8227
4162 4230 8360
4251 4263 8504
4260 4289 8510
4154 4199 8332
4139 4225 8346
4190 4229 8417
4156 4275 8419
4194 4203 8373
4134 4195 8310
4286 4298 8555
4114 4234 8321
4252 4295 8534
4257 4269 8491
4278 4285 8543
4126 4212 8325
4222 4272 8458
4114 4239 8328
4217 4282 8493
4247 4276 8498
4179 4220 8391
4230 4267 8465
4186 4265 8438
4138 4298 8433
4173 4243 8415
4194 4219 8385
4120 4199 8300
4164 4211 8336
4174 4265 8429
4189 4206 8360
4139 4192 8322
4260 4300 8529
4144 4191 8314
4213 4247 8439
4274 4297 8558
4101 4248 8347
4282 4286 8554
4106 4243 8333
4190 4263 8430
4194 4275 8448
4262 4285 8510
4232 4297 8520
4243 4291 8500
4210 4265 8446
4256 4277 8530
4273 4297 8553
4165 4243 8390
4223 4248 8448
4177 4211 8359
4171 4221 8373
4105 4125 8195
4234 4245 8451
4260 4274 8522
4294 4295 8584
4141 4286 8417
4250 4281 8517
4247 4279 8507
4241 4298 8510
4162 4300 8457
4197 4242 8407
4174 4236 8395
4125 4143 8238
4248 4255 8488
4261 4282 8529
4108 4168 8239
4138 4221 8340
4185 4238 8388
4184 4257 8414
4242 4251 8457
4288 4300 8554
4274 4289 8530
4289 4297 8546
4109 4199 8289
4169 4283 8421
4263 4272 8502
4291 4294 8584
4282 4288 8561
4247 4273 8506
4230 4233 8431
4239 4273 8509
4236 4271 8491
4104 4197 8277
4230 4275 8483
4251 4294 8544
4217 4248 8438
4297 4299 8570
4240 4242 8446
4110 4294 8399
4281 4282 8543
4194 4253 8425
4238 4243 8461
4290 4299 8582
4272 4279 8519
4206 4257 8460
4299 4300 8583
4178 4224 8390
4221 4271 8479
4110 4188 8297
4218 4259 8465
4100 4137 8198
4179 4297 8457
4103 4168 8239
4258 4261 8516
4273 4276 8521
4175 4217 8374
4289 4300 8562
4170 4183 8338
4259 4284 8523
4187 4257 8422
4234 4246 8456
4137 4274 8398
4190 4204 8368
4177 4188 8352
4106 4264 8342
4216 4269 8472
4162 4192 8351
4291 4300 8563
4112 4256 8366
4203 4204 8379
4128 4251 8363
4194 4206 8396
4166 4209 8372
4253 4290 8513
4299 4300 8598
4277 4288 8526
4233 4234 8460
4243 4289 8495
4154 4270 8417
4188 4203 8374
4236 4238 8440
4227 4270 8489
4180 4288 8445
4100 4265 8359
4149 4277 8408
4230 4281 8500
4298 4300 8576
4125 4239 8352
4271 4282 8513
4283 4286 8553
4259 4262 8483
4257 4263 8495
4210 4294 8480
4157 4241 8380
4148 4271 8382
4263 4271 8521
4297 4299 8556
4119 4190 8289
4135 4296 8407
4161 4236 8391
4131 4200 8330
4126 4187 8301
4271 4278 8533
4290 4292 8556
4165 4228 8387
4207 4246 8430
4161 4198 8343
4196 4259 8448
4253 4258 8498
4241 4253 8481
4124 4264 8382
4296 4297 8561
4154 4205 8325
4102 4105 8202
4229 4297 8525
4221 4295 8512
4106 4211 8289
4229 4257 8485
4276 4291 8553
4238 4255 8462
4188 4267 8449
4147 4269 8379
4179 4240 8393
4159 4244 8367
4296 4297 8570
4243 4277 8483
4177 4280 8446
4111 4271 8375
4100 4255 8327
4122 4255 8345
4178 4294 8437
4244 4296 8516
4257 4299 8547
4152 4155 8306
4226 4286 8502
4162 4191 8347
4134 4153 8279
4259 4294 8538
4146 4166 8307
4141 4278 8409
4163 4261 8421
4238 4266 8471
4114 4168 8245
4257 4292 8527
4168 4195 8342
4153 4191 8322
4160 4214 8345
4159 4247 8383
4239 4287 8516
4169 4249 8414
4112 4272 8348
4186 4251 8414
4216 4261 8453
4274 4294 8542
4148 4251 8378
4218 4258 8470
4132 4178 8293
4259 4260 8497
4230 4279 8485
4256 4274 8496
4100 4135 8207
4171 4201 8370
4276 4284 8550
4290 4297 8567
4147 4169 8278
4234 4290 8485
4211 4221 8401
4121 4255 8350

0.010000 0.560000
