200
859156
4008 4184 8192
4030 4121 8151
4042 4088 8130
4123 4152 8275
4092 4122 8214
4038 4164 8202
4153 4191 8344
4083 4142 8225
4111 4183 8294
4026 4030 8056
4073 4190 8263
4021 4058 8079
4090 4163 8253
4134 4166 8300
4195 4198 8393
4072 4143 8215
4148 4152 8300
4067 4120 8187
4188 4190 8378
4034 4088 8122
4149 4173 8322
4063 4164 8227
4173 4190 8363
4148 4194 8342
4025 4046 8071
4188 4190 8378
4005 4083 8088
4176 4196 8372
4088 4183 8271
4181 4185 8366
4034 4064 8098
4077 4113 8190
4181 4195 8376
4118 4124 8242
4021 4023 8044
4089 4182 8271
4045 4152 8197
4060 4085 8145
4109 4193 8302
4158 4173 8331
4017 4046 8063
4187 4193 8380
4143 4156 8299
4096 4132 8228
4167 4194 8361
4063 4069 8132
4123 4156 8279
4190 4199 8389
4037 4102 8139
4174 4200 8374
4145 4151 8296
4174 4187 8361
4104 4122 8226
4148 4150 8298
4109 4181 8290
4063 4129 8192
4107 4138 8245
4198 4199 8397
4192 4194 8386
4137 4189 8326
4122 4149 8271
4004 4177 8181
4089 4156 8245
4008 4126 8134
4081 4087 8168
4001 4062 8063
4051 4153 8204
4090 4192 8282
4064 4198 8262
4085 4174 8259
4111 4147 8258
4189 4198 8387
4193 4200 8393
4157 4198 8355
4141 4169 8310
4077 4148 8225
4045 4177 8222
4129 4169 8298
4014 4039 8053
4172 4188 8360
4002 4135 8137
4015 4144 8159
4069 4127 8196
4155 4163 8318
4105 4135 8240
4150 4170 8320
4135 4196 8331
4008 4031 8039
4143 4196 8339
4102 4109 8211
4144 4161 8305
4072 4178 8250
4137 4140 8277
4126 4170 8296
4087 4142 8229
4032 4066 8098
4101 4174 8275
4118 4160 8278
4196 4197 8393
4103 4144 8247
4061 4080 8141
4007 4113 8120
4199 4200 8399
4135 4188 8323
4047 4110 8157
4039 4196 8235
4148 4163 8311
4076 4122 8198
4074 4121 8195
4194 4200 8394
4054 4065 8119
4155 4199 8354
4011 4020 8031
4166 4192 8358
4136 4149 8285
4135 4190 8325
4016 4148 8164
4110 4116 8226
4011 4096 8107
4040 4073 8113
4004 4071 8075
4185 4191 8376
4172 4193 8365
4198 4200 8398
4084 4106 8190
4036 4044 8080
4013 4055 8068
4197 4199 8396
4152 4157 8309
4046 4181 8227
4175 4183 8358
4009 4041 8050
4085 4124 8209
4106 4185 8291
4157 4188 8345
4012 4113 8125
4041 4049 8090
4002 4198 8200
4004 4073 8077
4181 4191 8372
4008 4041 8049
4170 4171 8341
4065 4072 8137
4100 4132 8232
4150 4178 8328
4068 4191 8259
4082 4141 8223
4083 4088 8171
4038 4050 8088
4179 4188 8367
4049 4086 8135
4136 4158 8294
4010 4064 8074
4170 4184 8354
4181 4183 8364
4105 4188 8293
4019 4084 8103
4069 4121 8190
4099 4160 8259
4039 4064 8103
4130 4162 8292
4088 4195 8283
4109 4135 8244
4126 4127 8253
4055 4137 8192
4111 4151 8262
4017 4021 8038
4060 4097 8157
4193 4200 8393
4118 4194 8312
4148 4153 8301
4152 4160 8312
4038 4076 8114
4155 4156 8311
4152 4186 8338
4053 4054 8107
4029 4098 8127
4160 4181 8341
4139 4173 8312
4008 4030 8038
4074 4093 8167
4062 4179 8241
4065 4160 8225
4198 4200 8398
4105 4151 8256
4039 4140 8179
4108 4126 8234
4122 4138 8260
4198 4199 8397
4146 4192 8338
4089 4126 8215
4054 4149 8203
4156 4185 8341
4053 4179 8232
4142 4170 8312
4152 4180 8332
4091 4173 8264
4166 4193 8359
4019 4115 8134
4175 4193 8368

4108 4284 8374
4130 4221 8350
4142 4188 8326
4223 4252 8441
4192 4222 8386
4138 4264 8393
4253 4291 8537
4183 4242 8388
4211 4283 8492
4126 4130 8236
4173 4290 8445
4121 4158 8253
4190 4263 8431
4234 4266 8495
4295 4298 8554
4172 4243 8398
4248 4252 8472
4167 4220 8367
4288 4290 8568
4134 4188 8298
4249 4273 8500
4163 4264 8399
4273 4290 8536
4248 4294 8541
4125 4146 8252
4288 4290 8546
4105 4183 8254
4276 4296 8544
4188 4283 8440
4281 4285 8526
4134 4164 8267
4177 4213 8373
4281 4295 8544
4218 4224 8426
4121 4123 8212
4189 4282 8447
4145 4252 8365
4160 4185 8320
4209 4293 8462
4258 4273 8503
4117 4146 8261
4287 4293 8575
4243 4256 8470
4196 4232 8425
4267 4294 8531
4163 4169 8301
4223 4256 8444
4290 4299 8587
4137 4202 8337
4274 4300 8563
4245 4251 8477
4274 4287 8538
4204 4222 8412
4248 4250 8462
4209 4281 8489
4163 4229 8357
4207 4238 8421
4298 4299 8592
4292 4294 8562
4237 4289 8494
4222 4249 8440
4104 4277 8373
4189 4256 8410
4108 4226 8299
4181 4187 8336
4101 4162 8248
4151 4253 8370
4190 4292 8448
4164 4298 8439
4185 4274 8456
4211 4247 8454
4289 4298 8551
4293 4300 8556
4257 4298 8547
4241 4269 8479
4177 4248 8412
4145 4277 8416
4229 4269 8497
4114 4139 8223
4272 4288 8546
4102 4235 8311
4115 4244 8335
4169 4227 8380
4255 4263 8505
4205 4235 8412
4250 4270 8513
4235 4296 8501
4108 4131 8201
4243 4296 8522
4202 4209 8378
4244 4261 8484
4172 4278 8447
4237 4240 8471
4226 4270 8470
4187 4242 8401
4132 4166 8288
4201 4274 8465
4218 4260 8441
4296 4297 8569
4203 4244 8442
4161 4180 8312
4107 4213 8318
4299 4300 8587
4235 4288 8483
4147 4210 8327
4139 4296 8405
4248 4263 8487
4176 4222 8396
4174 4221 8365
4294 4300 8589
4154 4165 8305
4255 4299 8553
4111 4120 8200
4266 4292 8531
4236 4249 8456
4235 4290 8507
4116 4248 8346
4210 4216 8403
4111 4196 8275
4140 4173 8300
4104 4171 8242
4285 4291 8572
4272 4293 8551
4298 4300 8595
4184 4206 8378
4136 4144 8270
4113 4155 8254
4297 4299 8558
4252 4257 8477
4146 4281 8424
4275 4283 8532
4109 4141 8234
4185 4224 8406
4206 4285 8485
4257 4288 8529
4112 4213 8316
4141 4149 8266
4102 4298 8382
4104 4173 8270
4281 4291 8568
4108 4141 8247
4270 4271 8512
4165 4172 8311
4200 4232 8413
4250 4278 8489
4168 4291 8457
4182 4241 8397
4183 4188 8351
4138 4150 8282
4279 4288 8546
4149 4186 8314
4236 4258 8455
4110 4164 8236
4270 4284 8532
4281 4283 8544
4205 4288 8474
4119 4184 8266
4169 4221 8388
4199 4260 8423
4139 4164 8273
4230 4262 8456
4188 4295 8478
4209 4235 8416
4226 4227 8452
4155 4237 8367
4211 4251 8424
4117 4121 8234
4160 4197 8346
4293 4300 8558
4218 4294 8483
4248 4253 8463
4252 4260 8485
4138 4176 8304
4255 4256 8486
4252 4286 8526
4153 4154 8285
4129 4198 8313
4260 4281 8510
4239 4273 8495
4108 4130 8207
4174 4193 8328
4162 4279 8425
4165 4260 8390
4298 4300 8572
4205 4251 8445
4139 4240 8354
4208 4226 8395
4222 4238 8431
4298 4299 8587
4246 4292 8517
4189 4226 8387
4154 4249 8364
4256 4285 8511
4153 4279 8426
4242 4270 8508
4252 4280 8508
4191 4273 8433
4266 4293 8519
4119 4215 8330
4275 4293 8543

0.010000 0.510000
