900
2200382
4056 4134 8190
4010 4068 8078
4091 4116 8207
4115 4200 8315
4015 4144 8159
4165 4185 8350
4091 4161 8252
4183 4186 8369
4186 4190 8376
4138 4164 8302
4109 4152 8261
4159 4200 8359
4185 4192 8377
4104 4153 8257
4047 4199 8246
4042 4043 8085
4192 4196 8388
4152 4199 8351
4088 4166 8254
4128 4192 8320
4063 4111 8174
4060 4144 8204
4106 4159 8265
4189 4199 8388
4049 4119 8168
4198 4199 8397
4176 4190 8366
4184 4198 8382
4159 4171 8330
4116 4136 8252
4169 4180 8349
4076 4136 8212
4086 4093 8179
4018 4128 8146
4139 4174 8313
4070 4132 8202
4182 4188 8370
4159 4179 8338
4147 4178 8325
4071 4126 8197
4189 4199 8388
4116 4130 8246
4012 4036 8048
4172 4174 8346
4076 4174 8250
4034 4130 8164
4142 4186 8328
4028 4117 8145
4007 4123 8130
4083 4200 8283
4162 4181 8343
4113 4160 8273
4147 4148 8295
4090 4093 8183
4180 4199 8379
4049 4113 8162
4140 4171 8311
4159 4174 8333
4128 4178 8306
4174 4175 8349
4173 4194 8367
4197 4198 8395
4040 4092 8132
4013 4152 8165
4012 4189 8201
4038 4156 8194
4076 4136 8212
4011 4115 8126
4109 4170 8279
4048 4082 8130
4051 4107 8158
4102 4171 8273
4077 4140 8217
4065 4152 8217
4002 4140 8142
4002 4193 8195
4186 4190 8376
4168 4169 8337
4179 4183 8362
4050 4092 8142
4154 4180 8334
4165 4193 8358
4073 4076 8149
4121 4122 8243
4058 4123 8181
4148 4189 8337
4185 4197 8382
4128 4149 8277
4056 4142 8198
4197 4200 8397
4155 4175 8330
4114 4155 8269
4043 4164 8207
4031 4057 8088
4129 4141 8270
4022 4112 8134
4081 4131 8212
4173 4188 8361
4183 4199 8382
4124 4185 8309
4001 4021 8022
4081 4085 8166
4124 4176 8300
4067 4119 8186
4075 4104 8179
4135 4150 8285
4112 4168 8280
4034 4135 8169
4005 4149 8154
4028 4192 8220
4071 4178 8249
4156 4162 8318
4008 4107 8115
4040 4104 8144
4013 4098 8111
4113 4184 8297
4067 4146 8213
4129 4188 8317
4162 4174 8336
4010 4073 8083
4126 4171 8297
4089 4119 8208
4048 4103 8151
4011 4154 8165
4073 4127 8200
4098 4174 8272
4180 4198 8378
4120 4145 8265
4190 4191 8381
4072 4085 8157
4058 4100 8158
4177 4194 8371
4037 4077 8114
4064 4111 8175
4156 4170 8326
4031 4195 8226
4087 4134 8221
4191 4193 8384
4092 4142 8234
4003 4087 8090
4053 4061 8114
4188 4192 8380
4128 4160 8288
4067 4170 8237
4090 4135 8225
4026 4097 8123
4029 4086 8115
4064 4141 8205
4118 4184 8302
4088 4185 8273
4192 4197 8389
4037 4120 8157
4197 4199 8396
4051 4077 8128
4025 4124 8149
4162 4184 8346
4000 4102 8102
4110 4162 8272
4081 4168 8249
4130 4165 8295
4051 4054 8105
4127 4162 8289
4030 4048 8078
4024 4108 8132
4087 4200 8287
4101 4130 8231
4084 4112 8196
4192 4197 8389
4064 4188 8252
4041 4174 8215
4023 4157 8180
4197 4198 8395
4018 4136 8154
4090 4112 8202
4111 4193 8304
4102 4170 8272
4135 4159 8294
4124 4142 8266
4059 4158 8217
4174 4182 8356
4085 4087 8172
4010 4166 8176
4161 4198 8359
4099 4152 8251
4030 4115 8145
4083 4102 8185
4093 4192 8285
4150 4170 8320
4128 4159 8287
4067 4159 8226
4160 4183 8343
4004 4187 8191
4159 4197 8356
4042 4182 8224
4148 4155 8303
4107 4117 8224
4159 4161 8320
4058 4161 8219
4085 4100 8185
4056 4134 8190
4079 4093 8172
4036 4045 8081
4074 4184 8258
4160 4196 8356
4114 4165 8279
4100 4141 8241
4116 4125 8241
4022 4053 8075
4064 4137 8201
4142 4188 8330
4198 4199 8397
4060 4077 8137
4069 4115 8184
4039 4190 8229
4167 4194 8361
4115 4196 8311
4137 4197 8334
4056 4156 8212
4180 4190 8370
4143 4154 8297
4088 4110 8198
4168 4187 8355
4018 4051 8069
4006 4089 8095
4091 4184 8275
4033 4107 8140
4186 4193 8379
4122 4183 8305
4190 4193 8383
4093 4123 8216
4070 4138 8208
4063 4188 8251
4147 4159 8306
4010 4069 8079
4035 4108 8143
4053 4083 8136
4128 4186 8314
4115 4180 8295
4184 4195 8379
4153 4186 8339
4045 4110 8155
4167 4189 8356
4166 4192 8358
4160 4199 8359
4113 4125 8238
4151 4184 8335
4176 4181 8357
4078 4182 8260
4141 4196 8337
4028 4196 8224
4142 4178 8320
4030 4166 8196
4049 4105 8154
4174 4194 8368
4061 4134 8195
4097 4167 8264
4038 4084 8122
4060 4121 8181
4010 4076 8086
4147 4159 8306
4020 4098 8118
4096 4117 8213
4030 4117 8147
4188 4196 8384
4005 4196 8201
4001 4071 8072
4124 4168 8292
4091 4173 8264
4042 4066 8108
4158 4165 8323
4089 4170 8259
4193 4200 8393
4093 4140 8233
4169 4200 8369
4140 4200 8340
4101 4126 8227
4151 4154 8305
4146 4148 8294
4102 4174 8276
4115 4187 8302
4187 4194 8381
4061 4135 8196
4091 4139 8230
4185 4193 8378
4042 4057 8099
4173 4187 8360
4107 4186 8293
4076 4090 8166
4177 4183 8360
4026 4133 8159
4107 4108 8215
4184 4195 8379
4048 4149 8197
4081 4152 8233
4063 4150 8213
4143 4190 8333
4101 4107 8208
4066 4123 8189
4148 4185 8333
4043 4141 8184
4105 4121 8226
4015 4086 8101
4121 4152 8273
4078 4139 8217
4008 4151 8159
4154 4190 8344
4086 4159 8245
4056 4139 8195
4119 4145 8264
4055 4078 8133
4192 4198 8390
4090 4149 8239
4098 4194 8292
4164 4170 8334
4196 4199 8395
4171 4186 8357
4100 4185 8285
4181 4192 8373
4178 4196 8374
4048 4113 8161
4163 4198 8361
4084 4126 8210
4188 4200 8388
4088 4092 8180
4011 4130 8141
4024 4150 8174
4072 4092 8164
4144 4150 8294
4034 4139 8173
4037 4040 8077
4170 4174 8344
4164 4196 8360
4028 4089 8117
4132 4134 8266
4038 4046 8084
4110 4117 8227
4040 4137 8177
4147 4199 8346
4029 4198 8227
4059 4141 8200
4050 4166 8216
4167 4176 8343
4038 4140 8178
4171 4184 8355
4179 4198 8377
4193 4198 8391
4015 4150 8165
4001 4187 8188
4151 4183 8334
4142 4181 8323
4140 4167 8307
4116 4171 8287
4037 4089 8126
4194 4198 8392
4127 4163 8290
4100 4163 8263
4076 4099 8175
4135 4147 8282
4169 4196 8365
4111 4153 8264
4084 4197 8281
4122 4163 8285
4080 4194 8274
4094 4135 8229
4027 4098 8125
4118 4158 8276
4042 4169 8211
4163 4175 8338
4018 4200 8218
4148 4191 8339
4017 4070 8087
4125 4192 8317
4048 4152 8200
4138 4188 8326
4104 4158 8262
4127 4172 8299
4053 4169 8222
4179 4192 8371
4133 4160 8293
4077 4165 8242
4058 4079 8137
4128 4160 8288
4127 4165 8292
4056 4085 8141
4087 4102 8189
4196 4198 8394
4115 4157 8272
4179 4190 8369
4044 4147 8191
4077 4163 8240
4138 4192 8330
4165 4170 8335
4180 4184 8364
4176 4191 8367
4157 4173 8330
4161 4169 8330
4048 4160 8208
4077 4129 8206
4139 4154 8293
4116 4175 8291
4089 4097 8186
4069 4082 8151
4123 4154 8277
4191 4195 8386
4008 4135 8143
4048 4164 8212
4198 4199 8397
4101 4122 8223
4057 4087 8144
4068 4139 8207
4191 4197 8388
4086 4109 8195
4149 4189 8338
4106 4141 8247
4053 4056 8109
4180 4189 8369
4184 4200 8384
4106 4159 8265
4136 4180 8316
4037 4080 8117
4179 4200 8379
4113 4143 8256
4107 4116 8223
4066 4173 8239
4170 4178 8348
4000 4028 8028
4001 4092 8093
4046 4060 8106
4065 4140 8205
4105 4132 8237
4147 4190 8337
4114 4126 8240
4115 4185 8300
4165 4178 8343
4009 4120 8129
4048 4067 8115
4131 4146 8277
4073 4144 8217
4096 4133 8229
4134 4180 8314
4079 4089 8168
4178 4190 8368
4019 4188 8207
4036 4051 8087
4185 4194 8379
4005 4135 8140
4037 4073 8110
4137 4195 8332
4112 4197 8309
4187 4190 8377
4166 4187 8353
4074 4112 8186
4112 4132 8244
4132 4149 8281
4140 4151 8291
4140 4163 8303
4181 4186 8367
4139 4199 8338
4076 4181 8257
4116 4117 8233
4190 4191 8381
4129 4176 8305
4153 4197 8350
4108 4112 8220
4104 4182 8286
4174 4179 8353
4197 4198 8395
4104 4180 8284
4112 4158 8270
4149 4183 8332
4022 4082 8104
4072 4111 8183
4054 4143 8197
4046 4098 8144
4075 4119 8194
4088 4170 8258
4158 4169 8327
4049 4050 8099
4071 4170 8241
4078 4102 8180
4176 4180 8356
4080 4186 8266
4037 4138 8175
4179 4194 8373
4139 4176 8315
4054 4199 8253
4013 4023 8036
4021 4145 8166
4054 4181 8235
4079 4124 8203
4030 4085 8115
4091 4128 8219
4000 4134 8134
4103 4187 8290
4021 4107 8128
4082 4133 8215
4185 4197 8382
4038 4102 8140
4197 4198 8395
4023 4122 8145
4016 4118 8134
4075 4189 8264
4168 4187 8355
4101 4172 8273
4030 4061 8091
4016 4032 8048
4069 4154 8223
4121 4193 8314
4027 4186 8213
4022 4176 8198
4154 4184 8338
4091 4196 8287
4192 4197 8389
4137 4173 8310
4005 4150 8155
4023 4072 8095
4157 4178 8335
4023 4146 8169
4038 4093 8131
4108 4193 8301
4085 4186 8271
4156 4169 8325
4039 4199 8238
4180 4200 8380
4198 4200 8398
4177 4200 8377
4087 4192 8279
4029 4188 8217
4133 4148 8281
4118 4183 8301
4043 4134 8177
4054 4183 8237
4002 4158 8160
4044 4135 8179
4102 4132 8234
4005 4184 8189
4112 4142 8254
4143 4161 8304
4107 4183 8290
4135 4195 8330
4049 4141 8190
4003 4030 8033
4096 4150 8246
4033 4045 8078
4128 4182 8310
4022 4063 8085
4118 4157 8275
4199 4200 8399
4126 4157 8283
4046 4097 8143
4007 4021 8028
4074 4132 8206
4145 4195 8340
4116 4187 8303
4135 4152 8287
4174 4188 8362
4130 4140 8270
4192 4198 8390
4031 4176 8207
4139 4190 8329
4174 4182 8356
4182 4189 8371
4029 4136 8165
4100 4148 8248
4167 4199 8366
4080 4137 8217
4168 4193 8361
4006 4047 8053
4180 4194 8374
4197 4199 8396
4147 4194 8341
4019 4160 8179
4047 4134 8181
4170 4183 8353
4144 4169 8313
4167 4179 8346
4062 4101 8163
4175 4179 8354
4112 4132 8244
4017 4175 8192
4173 4197 8370
4028 4050 8078
4112 4142 8254
4158 4160 8318
4058 4142 8200
4181 4183 8364
4006 4156 8162
4153 4177 8330
4097 4130 8227
4124 4132 8256
4037 4049 8086
4143 4179 8322
4177 4178 8355
4109 4188 8297
4037 4045 8082
4049 4157 8206
4135 4189 8324
4031 4053 8084
4046 4066 8112
4098 4119 8217
4097 4185 8282
4056 4087 8143
4143 4145 8288
4076 4112 8188
4142 4150 8292
4121 4153 8274
4187 4199 8386
4021 4101 8122
4029 4195 8224
4115 4123 8238
4083 4092 8175
4079 4126 8205
4091 4094 8185
4098 4104 8202
4026 4046 8072
4072 4140 8212
4065 4171 8236
4120 4165 8285
4069 4179 8248
4118 4139 8257
4173 4187 8360
4068 4087 8155
4129 4139 8268
4038 4153 8191
4000 4186 8186
4061 4083 8144
4074 4104 8178
4142 4199 8341
4065 4176 8241
4040 4163 8203
4161 4166 8327
4177 4196 8373
4080 4156 8236
4177 4187 8364
4070 4096 8166
4066 4107 8173
4022 4057 8079
4057 4112 8169
4119 4134 8253
4164 4200 8364
4075 4170 8245
4076 4175 8251
4016 4036 8052
4169 4185 8354
4104 4193 8297
4014 4116 8130
4123 4145 8268
4128 4172 8300
4054 4146 8200
4013 4163 8176
4090 4118 8208
4020 4123 8143
4094 4117 8211
4090 4167 8257
4075 4087 8162
4026 4107 8133
4115 4129 8244
4172 4189 8361
4004 4157 8161
4010 4034 8044
4182 4200 8382
4149 4200 8349
4143 4181 8324
4105 4136 8241
4057 4092 8149
4096 4106 8202
4192 4196 8388
4070 4159 8229
4174 4198 8372
4034 4091 8125
4013 4194 8207
4131 4143 8274
4128 4177 8305
4064 4140 8204
4053 4110 8163
4157 4173 8330
4002 4142 8144
4096 4123 8219
4157 4192 8349
4111 4150 8261
4160 4180 8340
4052 4196 8248
4199 4200 8399
4131 4176 8307
4196 4200 8396
4076 4087 8163
4115 4186 8301
4114 4134 8248
4074 4188 8262
4091 4200 8291
4147 4158 8305
4165 4175 8340
4141 4184 8325
4124 4167 8291
4098 4136 8234
4020 4114 8134
4171 4181 8352
4061 4186 8247
4165 4166 8331
4119 4144 8263
4014 4057 8071
4107 4123 8230
4109 4130 8239
4130 4187 8317
4134 4158 8292
4136 4186 8322
4196 4199 8395
4037 4082 8119
4076 4087 8163
4194 4199 8393
4182 4185 8367
4140 4159 8299
4104 4133 8237
4173 4197 8370
4114 4119 8233
4012 4102 8114
4045 4086 8131
4179 4180 8359
4098 4158 8256
4142 4159 8301
4179 4200 8379
4146 4153 8299
4151 4172 8323
4112 4151 8263
4031 4060 8091
4094 4143 8237
4136 4194 8330
4025 4199 8224
4150 4199 8349
4095 4191 8286
4173 4174 8347
4165 4172 8337
4064 4103 8167
4158 4168 8326
4095 4188 8283
4106 4160 8266
4018 4105 8123
4155 4175 8330
4067 4110 8177
4152 4191 8343
4012 4030 8042
4082 4102 8184
4168 4170 8338
4039 4157 8196
4053 4160 8213
4087 4126 8213
4045 4188 8233
4173 4185 8358
4012 4106 8118
4079 4172 8251
4142 4180 8322
4023 4154 8177
4185 4200 8385
4072 4124 8196
4016 4160 8176
4002 4129 8131
4107 4191 8298
4083 4170 8253
4043 4169 8212
4097 4109 8206
4139 4150 8289
4104 4171 8275
4184 4199 8383
4048 4070 8118
4137 4189 8326
4097 4196 8293
4196 4200 8396
4001 4123 8124
4191 4197 8388
4099 4151 8250
4148 4166 8314
4167 4177 8344
4099 4154 8253
4034 4142 8176
4185 4193 8378
4033 4080 8113
4160 4171 8331
4124 4127 8251
4158 4192 8350
4081 4161 8242
4095 4165 8260
4047 4074 8121
4112 4188 8300
4036 4115 8151
4154 4195 8349
4055 4170 8225
4070 4077 8147
4043 4110 8153
4090 4159 8249
4042 4122 8164
4114 4179 8293
4179 4181 8360
4194 4199 8393
4134 4160 8294
4094 4106 8200
4057 4060 8117
4084 4102 8186
4061 4142 8203
4042 4088 8130
4034 4200 8234
4042 4084 8126
4190 4194 8384
4077 4176 8253
4065 4191 8256
4088 4117 8205
4112 4187 8299
4147 4192 8339
4153 4187 8340
4089 4106 8195
4018 4138 8156
4143 4193 8336
4085 4086 8171
4191 4194 8385
4021 4173 8194
4177 4193 8370
4133 4161 8294
4039 4062 8101
4085 4190 8275
4129 4186 8315
4164 4189 8353
4163 4186 8349
4053 4165 8218
4012 4068 8080
4151 4160 8311
4090 4189 8279
4010 4058 8068
4055 4085 8140
4007 4092 8099
4119 4160 8279
4050 4068 8118
4075 4143 8218
4090 4100 8190
4014 4111 8125
4062 4094 8156
4184 4200 8384
4118 4172 8290
4132 4190 8322
4012 4022 8034
4109 4200 8309
4031 4061 8092
4055 4084 8139
4018 4164 8182
4015 4140 8155
4027 4155 8182
4099 4188 8287
4063 4147 8210
4111 4135 8246
4035 4183 8218
4135 4165 8300
4139 4143 8282
4169 4175 8344
4012 4103 8115
4048 4082 8130
4122 4150 8272
4083 4106 8189
4165 4172 8337
4116 4121 8237
4140 4152 8292
4012 4198 8210
4027 4184 8211
4154 4198 8352
4192 4194 8386
4141 4176 8317
4059 4197 8256
4129 4188 8317
4057 4193 8250
4156 4192 8348
4151 4161 8312
4014 4060 8074
4056 4141 8197
4199 4200 8399
4068 4123 8191
4090 4191 8281
4019 4170 8189
4045 4087 8132
4194 4197 8391
4179 4192 8371
4166 4191 8357
4036 4188 8224
4165 4169 8334
4058 4162 8220
4097 4187 8284
4023 4191 8214
4019 4130 8149
4190 4192 8382
4186 4190 8376
4006 4062 8068
4142 4167 8309
4112 4171 8283
4035 4138 8173
4195 4197 8392
4067 4068 8135
4070 4136 8206
4174 4192 8366
4194 4197 8391
4164 4176 8340
4059 4124 8183
4199 4200 8399
4001 4173 8174
4171 4183 8354

4156 4234 8389
4110 4168 8259
4191 4216 8372
4215 4300 8508
4115 4244 8328
4265 4285 8531
4191 4261 8432
4283 4286 8566
4286 4290 8538
4238 4264 8474
4209 4252 8429
4259 4300 8546
4285 4292 8538
4204 4253 8454
4147 4299 8412
4142 4143 8256
4292 4296 8566
4252 4299 8523
4188 4266 8418
4228 4292 8507
4163 4211 8344
4160 4244 8376
4206 4259 8431
4289 4299 8570
4149 4219 8343
4298 4299 8570
4276 4290 8528
4284 4298 8548
4259 4271 8522
4216 4236 8435
4269 4280 8510
4176 4236 8400
4186 4193 8355
4118 4228 8326
4239 4274 8509
4170 4232 8366
4282 4288 8545
4259 4279 8501
4247 4278 8502
4171 4226 8396
4289 4299 8556
4216 4230 8432
4112 4136 8241
4272 4274 8537
4176 4274 8431
4134 4230 8328
4242 4286 8498
4128 4217 8328
4107 4223 8313
4183 4300 8447
4262 4281 8535
4213 4260 8445
4247 4248 8483
4190 4193 8351
4280 4299 8543
4149 4213 8356
4240 4271 8480
4259 4274 8525
4228 4278 8493
4274 4275 8534
4273 4294 8531
4297 4298 8590
4140 4192 8316
4113 4252 8349
4112 4289 8395
4138 4256 8360
4176 4236 8404
4111 4215 8305
4209 4270 8457
4148 4182 8315
4151 4207 8348
4202 4271 8438
4177 4240 8416
4165 4252 8396
4102 4240 8323
4102 4293 8379
4286 4290 8550
4268 4269 8499
4279 4283 8549
4150 4192 8335
4254 4280 8518
4265 4293 8529
4173 4176 8335
4221 4222 8409
4158 4223 8355
4248 4289 8504
4285 4297 8573
4228 4249 8442
4156 4242 8397
4297 4300 8573
4255 4275 8504
4214 4255 8441
4143 4264 8384
4131 4157 8252
4229 4241 8454
4122 4212 8311
4181 4231 8381
4273 4288 8521
4283 4299 8559
4224 4285 8469
4101 4121 8208
4181 4185 8345
4224 4276 8497
4167 4219 8361
4175 4204 8369
4235 4250 8476
4212 4268 8465
4134 4235 8361
4105 4249 8348
4128 4292 8398
4171 4278 8437
4256 4262 8511
4108 4207 8303
4140 4204 8310
4113 4198 8290
4213 4284 8459
4167 4246 8380
4229 4288 8492
4262 4274 8535
4110 4173 8278
4226 4271 8476
4189 4219 8403
4148 4203 8332
4111 4254 8346
4173 4227 8362
4198 4274 8450
4280 4298 8569
4220 4245 8436
4290 4291 8559
4172 4185 8318
4158 4200 8352
4277 4294 8569
4137 4177 8287
4164 4211 8353
4256 4270 8522
4131 4295 8424
4187 4234 8395
4291 4293 8566
4192 4242 8427
4103 4187 8285
4153 4161 8282
4288 4292 8544
4228 4260 8463
4167 4270 8425
4190 4235 8408
4126 4197 8287
4129 4186 8284
4164 4241 8370
4218 4284 8465
4188 4285 8459
4292 4297 8584
4137 4220 8334
4297 4299 8581
4151 4177 8318
4125 4224 8331
4262 4284 8530
4100 4202 8266
4210 4262 8457
4181 4268 8424
4230 4265 8474
4151 4154 8288
4227 4262 8452
4130 4148 8252
4124 4208 8329
4187 4300 8463
4201 4230 8406
4184 4212 8366
4292 4297 8580
4164 4288 8437
4141 4274 8402
4123 4257 8351
4297 4298 8591
4118 4236 8325
4190 4212 8377
4211 4293 8492
4202 4270 8432
4235 4259 8455
4224 4242 8429
4159 4258 8399
4274 4282 8516
4185 4187 8349
4110 4266 8371
4261 4298 8538
4199 4252 8432
4130 4215 8342
4183 4202 8346
4193 4292 8470
4250 4270 8506
4228 4259 8459
4167 4259 8399
4260 4283 8533
4104 4287 8366
4259 4297 8546
4142 4282 8405
4248 4255 8472
4207 4217 8412
4259 4261 8502
4158 4261 8392
4185 4200 8384
4156 4234 8378
4179 4193 8362
4136 4145 8268
4174 4284 8433
4260 4296 8519
4214 4265 8443
4200 4241 8412
4216 4225 8439
4122 4153 8260
4164 4237 8381
4242 4288 8501
4298 4299 8571
4160 4177 8336
4169 4215 8372
4139 4290 8390
4267 4294 8529
4215 4296 8491
4237 4297 8508
4156 4256 8394
4280 4290 8555
4243 4254 8461
4188 4210 8388
4268 4287 8549
4118 4151 8252
4106 4189 8260
4191 4284 8465
4133 4207 8303
4286 4293 8578
4222 4283 8476
4290 4293 8568
4193 4223 8383
4170 4238 8401
4163 4288 8440
4247 4259 8479
4110 4169 8265
4135 4208 8304
4153 4183 8298
4228 4286 8498
4215 4280 8479
4284 4295 8547
4253 4286 8509
4145 4210 8328
4267 4289 8541
4266 4292 8528
4260 4299 8548
4213 4225 8407
4251 4284 8499
4276 4281 8535
4178 4282 8444
4241 4296 8512
4128 4296 8423
4242 4278 8495
4130 4266 8383
4149 4205 8346
4274 4294 8529
4161 4234 8358
4197 4267 8441
4138 4184 8304
4160 4221 8361
4110 4176 8256
4247 4259 8491
4120 4198 8290
4196 4217 8412
4130 4217 8322
4288 4296 8568
4105 4296 8386
4101 4171 8234
4224 4268 8452
4191 4273 8438
4142 4166 8282
4258 4265 8507
4189 4270 8438
4293 4300 8586
4193 4240 8402
4269 4300 8566
4240 4300 8511
4201 4226 8413
4251 4254 8474
4246 4248 8473
4202 4274 8436
4215 4287 8482
4287 4294 8578
4161 4235 8386
4191 4239 8399
4285 4293 8577
4142 4157 8296
4273 4287 8544
4207 4286 8487
4176 4190 8339
4277 4283 8559
4126 4233 8342
4207 4208 8414
4284 4295 8543
4148 4249 8388
4181 4252 8431
4163 4250 8387
4243 4290 8519
4201 4207 8375
4166 4223 8380
4248 4285 8501
4143 4241 8369
4205 4221 8422
4115 4186 8286
4221 4252 8447
4178 4239 8416
4108 4251 8323
4254 4290 8511
4186 4259 8435
4156 4239 8356
4219 4245 8425
4155 4178 8313
4292 4298 8569
4190 4249 8418
4198 4294 8479
4264 4270 8507
4296 4299 8584
4271 4286 8533
4200 4285 8458
4281 4292 8563
4278 4296 8551
4148 4213 8330
4263 4298 8545
4184 4226 8400
4288 4300 8573
4188 4192 8366
4111 4230 8308
4124 4250 8350
4172 4192 8363
4244 4250 8459
4134 4239 8362
4137 4140 8258
4270 4274 8535
4264 4296 8525
4128 4189 8278
4232 4234 8428
4138 4146 8281
4210 4217 8415
4140 4237 8344
4247 4299 8530
4129 4298 8421
4159 4241 8392
4150 4266 8411
4267 4276 8523
4138 4240 8344
4271 4284 8523
4279 4298 8564
4293 4298 8590
4115 4250 8356
4101 4287 8380
4251 4283 8516
4242 4281 8502
4240 4267 8485
4216 4271 8463
4137 4189 8304
4294 4298 8566
4227 4263 8455
4200 4263 8434
4176 4199 8338
4235 4247 8451
4269 4296 8527
4211 4253 8456
4184 4297 8465
4222 4263 8454
4180 4294 8446
4194 4235 8422
4127 4198 8306
4218 4258 8440
4142 4269 8407
4263 4275 8505
4118 4300 8401
4248 4291 8522
4117 4170 8268
4225 4292 8506
4148 4252 8399
4238 4288 8517
4204 4258 8452
4227 4272 8476
4153 4269 8387
4279 4292 8537
4233 4260 8486
4177 4265 8439
4158 4179 8313
4228 4260 8448
4227 4265 8474
4156 4185 8320
4187 4202 8360
4296 4298 8591
4215 4257 8467
4279 4290 8561
4144 4247 8352
4177 4263 8421
4238 4292 8527
4265 4270 8500
4280 4284 8554
4276 4291 8545
4257 4273 8519
4261 4269 8495
4148 4260 8371
4177 4229 8381
4239 4254 8453
4216 4275 8469
4189 4197 8366
4169 4182 8345
4223 4254 8444
4291 4295 8571
4108 4235 8328
4148 4264 8377
4298 4299 8596
4201 4222 8414
4157 4187 8309
4168 4239 8399
4291 4297 8565
4186 4209 8363
4249 4289 8505
4206 4241 8435
4153 4156 8286
4280 4289 8532
4284 4300 8545
4206 4259 8464
4236 4280 8510
4137 4180 8280
4279 4300 8565
4213 4243 8447
4207 4216 8408
4166 4273 8425
4270 4278 8513
4100 4128 8206
4101 4192 8277
4146 4160 8300
4165 4240 8384
4205 4232 8399
4247 4290 8498
4214 4226 8427
4215 4285 8473
4265 4278 8503
4109 4220 8311
4148 4167 8282
4231 4246 8466
4173 4244 8394
4196 4233 8395
4234 4280 8499
4179 4189 8342
4278 4290 8544
4119 4288 8371
4136 4151 8277
4285 4294 8546
4105 4235 8325
4137 4173 8294
4237 4295 8521
4212 4297 8487
4287 4290 8572
4266 4287 8516
4174 4212 8385
4212 4232 8406
4232 4249 8442
4240 4251 8464
4240 4263 8479
4281 4286 8532
4239 4299 8512
4176 4281 8441
4216 4217 8413
4290 4291 8569
4229 4276 8471
4253 4297 8542
4208 4212 8391
4204 4282 8470
4274 4279 8547
4297 4298 8569
4204 4280 8459
4212 4258 8445
4249 4283 8530
4122 4182 8279
4172 4211 8378
4154 4243 8360
4146 4198 8340
4175 4219 8392
4188 4270 8444
4258 4269 8507
4149 4150 8296
4171 4270 8414
4178 4202 8344
4276 4280 8555
4180 4286 8442
4137 4238 8348
4279 4294 8541
4239 4276 8496
4154 4299 8430
4113 4123 8229
4121 4245 8345
4154 4281 8400
4179 4224 8389
4130 4185 8291
4191 4228 8389
4100 4234 8318
4203 4287 8487
4121 4207 8306
4182 4233 8397
4285 4297 8554
4138 4202 8336
4297 4298 8577
4123 4222 8340
4116 4218 8326
4175 4289 8463
4268 4287 8550
4201 4272 8470
4130 4161 8274
4116 4132 8238
4169 4254 8410
4221 4293 8477
4127 4286 8380
4122 4276 8384
4254 4284 8513
4191 4296 8484
4292 4297 8549
4237 4273 8487
4105 4250 8317
4123 4172 8294
4257 4278 8498
4123 4246 8347
4138 4193 8321
4208 4293 8492
4185 4286 8455
4256 4269 8496
4139 4299 8429
4280 4300 8558
4298 4300 8588
4277 4300 8576
4187 4292 8445
4129 4288 8399
4233 4248 8465
4218 4283 8470
4143 4234 8373
4154 4283 8410
4102 4258 8345
4144 4235 8370
4202 4232 8432
4105 4284 8361
4212 4242 8422
4243 4261 8494
4207 4283 8468
4235 4295 8501
4149 4241 8367
4103 4130 8202
4196 4250 8410
4133 4145 8271
4228 4282 8482
4122 4163 8273
4218 4257 8473
4299 4300 8589
4226 4257 8455
4146 4197 8326
4107 4121 8201
4174 4232 8402
4245 4295 8511
4216 4287 8486
4235 4252 8455
4274 4288 8548
4230 4240 8459
4292 4298 8571
4131 4276 8404
4239 4290 8517
4274 4282 8528
4282 4289 8561
4129 4236 8328
4200 4248 8434
4267 4299 8544
4180 4237 8379
4268 4293 8542
4106 4147 8246
4280 4294 8570
4297 4299 8563
4247 4294 8521
4119 4260 8369
4147 4234 8346
4270 4283 8526
4244 4269 8491
4267 4279 8513
4162 4201 8352
4275 4279 8539
4212 4232 8425
4117 4275 8371
4273 4297 8539
4128 4150 8244
4212 4242 8442
4258 4260 8486
4158 4242 8384
4281 4283 8526
4106 4256 8350
4253 4277 8497
4197 4230 8398
4224 4232 8430
4137 4149 8252
4243 4279 8513
4277 4278 8523
4209 4288 8490
4137 4145 8246
4149 4257 8392
4235 4289 8517
4131 4153 8263
4146 4166 8293
4198 4219 8416
4197 4285 8452
4156 4187 8325
4243 4245 8481
4176 4212 8379
4242 4250 8472
4221 4253 8447
4287 4299 8562
4121 4201 8290
4129 4295 8415
4215 4223 8423
4183 4192 8337
4179 4226 8372
4191 4194 8348
4198 4204 8392
4126 4146 8245
4172 4240 8408
4165 4271 8409
4220 4265 8475
4169 4279 8425
4218 4239 8441
4273 4287 8542
4168 4187 8327
4229 4239 8451
4138 4253 8357
4100 4286 8360
4161 4183 8306
4174 4204 8347
4242 4299 8512
4165 4276 8438
4140 4263 8387
4261 4266 8489
4277 4296 8547
4180 4256 8428
4277 4287 8560
4170 4196 8341
4166 4207 8361
4122 4157 8269
4157 4212 8354
4219 4234 8422
4264 4300 8525
4175 4270 8413
4176 4275 8432
4116 4136 8250
4269 4285 8544
4204 4293 8460
4114 4216 8296
4223 4245 8431
4228 4272 8489
4154 4246 8376
4113 4263 8350
4190 4218 8393
4120 4223 8305
4194 4217 8407
4190 4267 8436
4175 4187 8344
4126 4207 8322
4215 4229 8428
4272 4289 8556
4104 4257 8356
4110 4134 8206
4282 4300 8554
4249 4300 8542
4243 4281 8515
4205 4236 8436
4157 4192 8315
4196 4206 8383
4292 4296 8561
4170 4259 8426
4274 4298 8554
4134 4191 8324
4113 4294 8399
4231 4243 8457
4228 4277 8482
4164 4240 8397
4153 4210 8360
4257 4273 8504
4102 4242 8306
4196 4223 8405
4257 4292 8520
4211 4250 8430
4260 4280 8502
4152 4296 8445
4299 4300 8597
4231 4276 8487
4296 4300 8575
4176 4187 8328
4215 4286 8487
4214 4234 8418
4174 4288 8423
4191 4300 8463
4247 4258 8468
4265 4275 8510
4241 4284 8493
4224 4267 8483
4198 4236 8414
4120 4214 8298
4271 4281 8548
4161 4286 8422
4265 4266 8527
4219 4244 8447
4114 4157 8236
4207 4223 8398
4209 4230 8424
4230 4287 8500
4234 4258 8470
4236 4286 8511
4296 4299 8563
4137 4182 8284
4176 4187 8344
4294 4299 8584
4282 4285 8555
4240 4259 8489
4204 4233 8416
4273 4297 8565
4214 4219 8409
4112 4202 8307
4145 4186 8329
4279 4280 8555
4198 4258 8432
4242 4259 8485
4279 4300 8571
4246 4253 8496
4251 4272 8485
4212 4251 8448
4131 4160 8272
4194 4243 8413
4236 4294 8496
4125 4299 8402
4250 4299 8524
4195 4291 8477
4273 4274 8515
4265 4272 8536
4164 4203 8366
4258 4268 8499
4195 4288 8445
4206 4260 8460
4118 4205 8289
4255 4275 8503
4167 4210 8356
4252 4291 8513
4112 4130 8223
4182 4202 8352
4268 4270 8519
4139 4257 8360
4153 4260 8374
4187 4226 8405
4145 4288 8426
4273 4285 8541
4112 4206 8305
4179 4272 8446
4242 4280 8482
4123 4254 8376
4285 4300 8550
4172 4224 8381
4116 4260 8354
4102 4229 8312
4207 4291 8463
4183 4270 8414
4143 4269 8387
4197 4209 8389
4239 4250 8481
4204 4271 8438
4284 4299 8549
4148 4170 8315
4237 4289 8517
4197 4296 8457
4296 4300 8591
4101 4223 8290
4291 4297 8564
4199 4251 8448
4248 4266 8513
4267 4277 8524
4199 4254 8444
4134 4242 8375
4285 4293 8577
4133 4180 8307
4260 4271 8510
4224 4227 8440
4258 4292 8537
4181 4261 8431
4195 4265 8443
4147 4174 8300
4212 4288 8477
4136 4215 8314
4254 4295 8526
4155 4270 8410
4170 4177 8329
4143 4210 8328
4190 4259 8445
4142 4222 8331
4214 4279 8485
4279 4281 8524
4294 4299 8560
4234 4260 8487
4194 4206 8384
4157 4160 8281
4184 4202 8381
4161 4242 8375
4142 4188 8310
4134 4300 8409
4142 4184 8291
4290 4294 8582
4177 4276 8417
4165 4291 8451
4188 4217 8372
4212 4287 8498
4247 4292 8509
4253 4287 8532
4189 4206 8366
4118 4238 8326
4243 4293 8500
4185 4186 8367
4291 4294 8571
4121 4273 8371
4277 4293 8546
4233 4261 8483
4139 4162 8287
4185 4290 8440
4229 4286 8491
4264 4289 8537
4263 4286 8532
4153 4265 8404
4112 4168 8269
4251 4260 8480
4190 4289 8461
4110 4158 8233
4155 4185 8313
4107 4192 8283
4219 4260 8450
4150 4168 8314
4175 4243 8385
4190 4200 8383
4114 4211 8322
4162 4194 8328
4284 4300 8557
4218 4272 8468
4232 4290 8492
4112 4122 8223
4209 4300 8482
4131 4161 8253
4155 4184 8321
4118 4264 8365
4115 4240 8341
4127 4255 8373
4199 4288 8472
4163 4247 8374
4211 4235 8436
4135 4283 8401
4235 4265 8470
4239 4243 8480
4269 4275 8533
4112 4203 8277
4148 4182 8312
4222 4250 8442
4183 4206 8377
4265 4272 8523
4216 4221 8412
4240 4252 8471
4112 4298 8380
4127 4284 8393
4254 4298 8549
4292 4294 8580
4241 4276 8479
4159 4297 8423
4229 4288 8514
4157 4293 8413
4256 4292 8542
4251 4261 8494
4114 4160 8242
4156 4241 8377
4299 4300 8592
4168 4223 8355
4190 4291 8446
4119 4270 8350
4145 4187 8320
4294 4297 8587
4279 4292 8543
4266 4291 8531
4136 4288 8385
4265 4269 8517
4158 4262 8386
4197 4287 8446
4123 4291 8393
4119 4230 8310
4290 4292 8563
4286 4290 8570
4106 4162 8252
4242 4267 8469
4212 4271 8452
4135 4238 8339
4295 4297 8589
4167 4168 8323
4170 4236 8393
4274 4292 8562
4294 4297 8574
4264 4276 8503
4159 4224 8346
4299 4300 8578
4101 4273 8367
4271 4283 8553

0.010000 0.290000
