900
5538403
4030 4138 8168
4034 4064 8098
4007 4136 8143
4178 4195 8373
4134 4163 8297
4050 4104 8154
4044 4122 8166
4094 4200 8294
4164 4183 8347
4122 4139 8261
4054 4163 8217
4118 4156 8274
4041 4068 8109
4092 4186 8278
4029 4032 8061
4148 4152 8300
4009 4086 8095
4150 4190 8340
4096 4108 8204
4192 4196 8388
4027 4127 8154
4075 4186 8261
4039 4192 8231
4145 4198 8343
4027 4137 8164
4099 4197 8296
4006 4192 8198
4196 4199 8395
4198 4199 8397
4057 4135 8192
4102 4107 8209
4187 4196 8383
4023 4063 8086
4139 4194 8333
4029 4044 8073
4088 4118 8206
4178 4198 8376
4168 4197 8365
4040 4157 8197
4082 4160 8242
4166 4167 8333
4029 4195 8224
4168 4193 8361
4120 4182 8302
4056 4113 8169
4137 4147 8284
4122 4191 8313
4108 4163 8271
4029 4154 8183
4170 4182 8352
4170 4184 8354
4033 4037 8070
4079 4169 8248
4087 4097 8184
4130 4186 8316
4080 4114 8194
4163 4185 8348
4000 4174 8174
4143 4151 8294
4152 4174 8326
4153 4186 8339
4147 4161 8308
4100 4171 8271
4197 4198 8395
4101 4129 8230
4009 4183 8192
4194 4198 8392
4139 4195 8334
4164 4166 8330
4144 4148 8292
4088 4116 8204
4139 4173 8312
4123 4200 8323
4186 4190 8376
4039 4166 8205
4005 4008 8013
4044 4061 8105
4038 4046 8084
4032 4059 8091
4166 4178 8344
4113 4181 8294
4062 4093 8155
4169 4177 8346
4132 4140 8272
4006 4186 8192
4073 4168 8241
4076 4162 8238
4048 4103 8151
4161 4180 8341
4050 4088 8138
4114 4186 8300
4172 4191 8363
4101 4168 8269
4170 4183 8353
4192 4198 8390
4085 4089 8174
4166 4188 8354
4145 4175 8320
4008 4198 8206
4027 4154 8181
4022 4193 8215
4003 4161 8164
4026 4190 8216
4095 4166 8261
4065 4077 8142
4120 4140 8260
4004 4136 8140
4004 4043 8047
4085 4187 8272
4148 4191 8339
4151 4170 8321
4058 4089 8147
4134 4170 8304
4154 4176 8330
4099 4135 8234
4063 4117 8180
4113 4172 8285
4058 4090 8148
4197 4200 8397
4199 4200 8399
4038 4106 8144
4187 4189 8376
4175 4182 8357
4182 4196 8378
4114 4172 8286
4029 4176 8205
4032 4179 8211
4123 4152 8275
4124 4197 8321
4102 4168 8270
4117 4151 8268
4040 4129 8169
4000 4159 8159
4168 4196 8364
4055 4069 8124
4088 4185 8273
4162 4192 8354
4176 4195 8371
4142 4191 8333
4111 4198 8309
4076 4115 8191
4155 4170 8325
4198 4200 8398
4128 4143 8271
4196 4200 8396
4157 4177 8334
4049 4198 8247
4060 4111 8171
4158 4175 8333
4098 4107 8205
4141 4179 8320
4127 4166 8293
4113 4197 8310
4160 4195 8355
4061 4080 8141
4167 4186 8353
4120 4172 8292
4093 4169 8262
4005 4119 8124
4128 4167 8295
4183 4198 8381
4014 4023 8037
4114 4165 8279
4058 4133 8191
4032 4183 8215
4128 4140 8268
4071 4162 8233
4196 4199 8395
4085 4180 8265
4050 4180 8230
4047 4193 8240
4069 4091 8160
4073 4093 8166
4106 4184 8290
4023 4155 8178
4161 4175 8336
4177 4189 8366
4031 4141 8172
4050 4199 8249
4145 4175 8320
4088 4113 8201
4048 4182 8230
4083 4142 8225
4094 4158 8252
4042 4070 8112
4108 4192 8300
4158 4159 8317
4072 4149 8221
4096 4102 8198
4193 4196 8389
4191 4197 8388
4018 4087 8105
4054 4059 8113
4033 4105 8138
4070 4171 8241
4081 4200 8281
4072 4184 8256
4170 4176 8346
4098 4179 8277
4141 4197 8338
4075 4157 8232
4149 4198 8347
4021 4126 8147
4150 4151 8301
4042 4045 8087
4154 4175 8329
4168 4200 8368
4115 4137 8252
4055 4191 8246
4186 4194 8380
4080 4188 8268
4104 4106 8210
4164 4180 8344
4061 4165 8226
4128 4172 8300
4110 4116 8226
4186 4190 8376
4013 4052 8065
4152 4153 8305
4096 4193 8289
4073 4125 8198
4098 4099 8197
4062 4129 8191
4059 4082 8141
4017 4118 8135
4128 4193 8321
4003 4124 8127
4005 4101 8106
4095 4140 8235
4015 4062 8077
4120 4191 8311
4145 4171 8316
4011 4168 8179
4066 4068 8134
4177 4178 8355
4019 4149 8168
4113 4185 8298
4114 4149 8263
4106 4112 8218
4056 4132 8188
4181 4197 8378
4179 4196 8375
4161 4193 8354
4103 4159 8262
4172 4182 8354
4024 4118 8142
4044 4185 8229
4086 4139 8225
4040 4124 8164
4107 4162 8269
4084 4167 8251
4126 4185 8311
4172 4186 8358
4072 4137 8209
4121 4148 8269
4049 4178 8227
4192 4196 8388
4179 4189 8368
4039 4112 8151
4046 4094 8140
4062 4136 8198
4014 4022 8036
4016 4108 8124
4178 4191 8369
4173 4187 8360
4040 4107 8147
4011 4175 8186
4090 4126 8216
4029 4183 8212
4099 4142 8241
4101 4124 8225
4022 4152 8174
4108 4154 8262
4053 4145 8198
4126 4156 8282
4176 4192 8368
4015 4070 8085
4122 4138 8260
4055 4065 8120
4110 4163 8273
4004 4132 8136
4007 4078 8085
4002 4159 8161
4180 4191 8371
4128 4164 8292
4178 4192 8370
4065 4078 8143
4102 4105 8207
4132 4179 8311
4153 4160 8313
4083 4136 8219
4044 4189 8233
4052 4078 8130
4120 4135 8255
4164 4199 8363
4047 4192 8239
4145 4161 8306
4096 4131 8227
4059 4189 8248
4108 4153 8261
4022 4142 8164
4124 4195 8319
4049 4114 8163
4063 4084 8147
4122 4141 8263
4094 4129 8223
4087 4112 8199
4042 4046 8088
4118 4138 8256
4170 4199 8369
4153 4176 8329
4109 4198 8307
4079 4189 8268
4177 4181 8358
4066 4119 8185
4161 4194 8355
4101 4115 8216
4081 4194 8275
4087 4155 8242
4000 4191 8191
4059 4183 8242
4195 4196 8391
4055 4193 8248
4168 4191 8359
4001 4171 8172
4149 4192 8341
4130 4193 8323
4168 4181 8349
4080 4083 8163
4105 4106 8211
4137 4190 8327
4041 4106 8147
4109 4173 8282
4134 4149 8283
4037 4082 8119
4097 4175 8272
4186 4195 8381
4142 4156 8298
4164 4177 8341
4109 4112 8221
4024 4120 8144
4089 4124 8213
4153 4182 8335
4053 4128 8181
4104 4160 8264
4128 4146 8274
4179 4194 8373
4133 4186 8319
4067 4142 8209
4108 4135 8243
4104 4128 8232
4169 4186 8355
4104 4121 8225
4136 4175 8311
4179 4185 8364
4136 4161 8297
4093 4155 8248
4116 4175 8291
4114 4144 8258
4061 4106 8167
4137 4192 8329
4188 4189 8377
4172 4194 8366
4146 4173 8319
4161 4196 8357
4041 4158 8199
4019 4082 8101
4022 4121 8143
4025 4042 8067
4118 4196 8314
4061 4150 8211
4113 4148 8261
4061 4145 8206
4190 4191 8381
4032 4110 8142
4085 4101 8186
4055 4059 8114
4125 4198 8323
4158 4164 8322
4048 4147 8195
4059 4101 8160
4020 4199 8219
4199 4200 8399
4072 4176 8248
4160 4177 8337
4121 4153 8274
4198 4200 8398
4029 4168 8197
4137 4158 8295
4070 4081 8151
4174 4198 8372
4158 4160 8318
4109 4200 8309
4049 4199 8248
4069 4153 8222
4037 4120 8157
4035 4115 8150
4188 4195 8383
4137 4156 8293
4005 4064 8069
4105 4162 8267
4158 4198 8356
4089 4163 8252
4078 4154 8232
4149 4177 8326
4090 4096 8186
4135 4137 8272
4053 4065 8118
4077 4113 8190
4143 4191 8334
4100 4152 8252
4082 4125 8207
4092 4097 8189
4144 4190 8334
4115 4160 8275
4116 4125 8241
4029 4180 8209
4109 4197 8306
4097 4198 8295
4152 4176 8328
4092 4158 8250
4058 4170 8228
4165 4190 8355
4027 4059 8086
4090 4145 8235
4039 4082 8121
4044 4052 8096
4020 4168 8188
4009 4127 8136
4152 4187 8339
4032 4048 8080
4022 4025 8047
4161 4183 8344
4181 4184 8365
4106 4118 8224
4188 4191 8379
4121 4165 8286
4101 4140 8241
4123 4188 8311
4149 4196 8345
4185 4186 8371
4111 4155 8266
4075 4078 8153
4003 4011 8014
4070 4164 8234
4105 4136 8241
4187 4200 8387
4183 4198 8381
4046 4200 8246
4013 4176 8189
4037 4093 8130
4032 4061 8093
4071 4195 8266
4193 4200 8393
4166 4192 8358
4148 4155 8303
4050 4170 8220
4158 4171 8329
4161 4166 8327
4125 4180 8305
4045 4154 8199
4140 4194 8334
4072 4094 8166
4056 4130 8186
4065 4069 8134
4020 4046 8066
4078 4169 8247
4115 4167 8282
4136 4197 8333
4102 4152 8254
4031 4110 8141
4038 4096 8134
4027 4127 8154
4036 4119 8155
4099 4177 8276
4003 4166 8169
4018 4108 8126
4063 4185 8248
4184 4191 8375
4024 4057 8081
4052 4103 8155
4057 4097 8154
4160 4176 8336
4052 4111 8163
4105 4123 8228
4186 4188 8374
4058 4097 8155
4169 4179 8348
4189 4190 8379
4159 4161 8320
4092 4093 8185
4138 4166 8304
4063 4064 8127
4193 4198 8391
4120 4170 8290
4133 4178 8311
4090 4164 8254
4058 4062 8120
4053 4089 8142
4155 4168 8323
4035 4130 8165
4038 4144 8182
4114 4153 8267
4190 4198 8388
4195 4197 8392
4111 4158 8269
4038 4185 8223
4130 4190 8320
4111 4172 8283
4137 4160 8297
4130 4176 8306
4167 4182 8349
4190 4195 8385
4080 4189 8269
4018 4097 8115
4158 4177 8335
4114 4175 8289
4014 4040 8054
4009 4029 8038
4018 4130 8148
4113 4153 8266
4074 4168 8242
4020 4157 8177
4138 4155 8293
4029 4036 8065
4118 4128 8246
4002 4155 8157
4116 4189 8305
4115 4182 8297
4096 4148 8244
4025 4186 8211
4164 4184 8348
4112 4191 8303
4084 4157 8241
4091 4118 8209
4118 4121 8239
4010 4039 8049
4008 4135 8143
4162 4166 8328
4056 4131 8187
4013 4151 8164
4120 4166 8286
4049 4143 8192
4148 4168 8316
4004 4026 8030
4106 4185 8291
4077 4099 8176
4013 4100 8113
4138 4141 8279
4021 4171 8192
4155 4190 8345
4128 4182 8310
4000 4149 8149
4182 4199 8381
4043 4060 8103
4156 4192 8348
4001 4004 8005
4020 4180 8200
4036 4142 8178
4046 4099 8145
4052 4066 8118
4046 4087 8133
4161 4165 8326
4118 4157 8275
4185 4193 8378
4185 4186 8371
4075 4097 8172
4174 4180 8354
4135 4156 8291
4150 4163 8313
4024 4029 8053
4013 4068 8081
4173 4187 8360
4131 4171 8302
4125 4175 8300
4143 4177 8320
4142 4182 8324
4177 4185 8362
4175 4199 8374
4040 4072 8112
4034 4184 8218
4182 4192 8374
4055 4064 8119
4137 4190 8327
4194 4200 8394
4116 4185 8301
4135 4144 8279
4154 4188 8342
4123 4200 8323
4035 4141 8176
4103 4191 8294
4033 4133 8166
4054 4099 8153
4139 4189 8328
4076 4118 8194
4122 4130 8252
4022 4126 8148
4180 4199 8379
4178 4180 8358
4055 4142 8197
4099 4135 8234
4041 4057 8098
4088 4178 8266
4154 4167 8321
4094 4167 8261
4091 4156 8247
4133 4155 8288
4001 4114 8115
4093 4144 8237
4010 4048 8058
4170 4190 8360
4057 4154 8211
4081 4165 8246
4138 4200 8338
4199 4200 8399
4095 4178 8273
4109 4112 8221
4020 4114 8134
4113 4173 8286
4147 4186 8333
4089 4159 8248
4034 4072 8106
4011 4144 8155
4198 4199 8397
4040 4042 8082
4087 4125 8212
4163 4179 8342
4166 4191 8357
4077 4105 8182
4078 4185 8263
4000 4164 8164
4191 4197 8388
4036 4072 8108
4171 4185 8356
4194 4198 8392
4157 4194 8351
4064 4076 8140
4119 4147 8266
4114 4196 8310
4112 4131 8243
4008 4190 8198
4112 4131 8243
4156 4184 8340
4031 4088 8119
4143 4151 8294
4160 4179 8339
4105 4172 8277
4120 4175 8295
4099 4107 8206
4189 4199 8388
4040 4079 8119
4007 4044 8051
4181 4198 8379
4185 4200 8385
4063 4065 8128
4101 4162 8263
4066 4187 8253
4019 4047 8066
4158 4173 8331
4068 4128 8196
4192 4197 8389
4151 4164 8315
4141 4142 8283
4160 4198 8358
4149 4181 8330
4105 4130 8235
4062 4133 8195
4056 4114 8170
4027 4085 8112
4000 4099 8099
4036 4120 8156
4173 4178 8351
4016 4041 8057
4033 4121 8154
4045 4141 8186
4194 4198 8392
4141 4185 8326
4057 4070 8127
4118 4184 8302
4142 4196 8338
4051 4106 8157
4199 4200 8399
4062 4186 8248
4166 4171 8337
4070 4099 8169
4057 4108 8165
4061 4098 8159
4078 4145 8223
4092 4159 8251
4111 4137 8248
4045 4160 8205
4002 4020 8022
4063 4086 8149
4102 4177 8279
4192 4199 8391
4176 4199 8375
4011 4020 8031
4198 4199 8397
4155 4182 8337
4145 4147 8292
4144 4189 8333
4085 4121 8206
4163 4166 8329
4056 4176 8232
4075 4196 8271
4141 4195 8336
4159 4188 8347
4162 4191 8353
4010 4014 8024
4196 4197 8393
4078 4094 8172
4031 4092 8123
4190 4200 8390
4179 4195 8374
4161 4168 8329
4112 4198 8310
4109 4140 8249
4082 4141 8223
4195 4197 8392
4170 4196 8366
4015 4147 8162
4154 4187 8341
4183 4192 8375
4098 4128 8226
4000 4057 8057
4171 4180 8351
4042 4082 8124
4129 4200 8329
4032 4195 8227
4016 4109 8125
4051 4185 8236
4106 4137 8243
4030 4044 8074
4023 4171 8194
4183 4187 8370
4074 4176 8250
4051 4195 8246
4021 4149 8170
4096 4097 8193
4015 4018 8033
4174 4181 8355
4050 4127 8177
4120 4142 8262
4029 4084 8113
4043 4181 8224
4137 4155 8292
4138 4183 8321
4021 4096 8117
4009 4131 8140
4060 4103 8163
4186 4188 8374
4191 4195 8386
4034 4154 8188
4093 4167 8260
4078 4137 8215
4146 4164 8310
4109 4184 8293
4160 4167 8327
4107 4137 8244
4050 4056 8106
4123 4180 8303
4175 4191 8366
4036 4084 8120
4113 4141 8254
4022 4200 8222
4062 4071 8133
4015 4047 8062
4113 4152 8265
4112 4149 8261
4073 4087 8160
4034 4087 8121
4018 4098 8116
4145 4160 8305
4155 4178 8333
4142 4177 8319
4087 4120 8207
4042 4059 8101
4128 4185 8313
4169 4181 8350
4197 4198 8395
4194 4195 8389
4053 4062 8115
4186 4196 8382
4135 4142 8277
4118 4169 8287
4183 4187 8370
4112 4120 8232
4124 4132 8256
4141 4157 8298
4002 4144 8146
4131 4146 8277
4075 4165 8240
4036 4106 8142
4140 4170 8310
4007 4121 8128
4064 4111 8175
4039 4075 8114
4017 4020 8037
4141 4143 8284
4199 4200 8399
4160 4173 8333
4176 4184 8360
4195 4196 8391
4129 4131 8260
4188 4193 8381
4110 4156 8266
4134 4192 8326
4029 4147 8176
4187 4197 8384
4161 4165 8326
4006 4015 8021
4169 4181 8350
4016 4123 8139
4128 4173 8301
4171 4174 8345
4160 4193 8353
4074 4167 8241
4129 4168 8297
4014 4069 8083
4071 4106 8177
4137 4148 8285
4100 4197 8297
4186 4188 8374
4147 4185 8332
4188 4196 8384
4127 4179 8306
4075 4110 8185
4046 4163 8209
4089 4156 8245
4033 4049 8082
4135 4196 8331
4098 4102 8200
4005 4157 8162
4195 4197 8392
4012 4156 8168
4197 4198 8395
4150 4198 8348
4115 4175 8290
4017 4043 8060
4118 4153 8271
4015 4136 8151
4123 4147 8270
4017 4064 8081
4015 4115 8130
4108 4149 8257
4179 4196 8375
4180 4183 8363
4076 4105 8181
4174 4190 8364
4123 4130 8253
4024 4155 8179
4011 4125 8136
4024 4176 8200
4019 4104 8123
4039 4087 8126
4188 4197 8385
4033 4079 8112
4063 4082 8145
4162 4198 8360
4107 4122 8229
4132 4181 8313
4189 4199 8388
4166 4181 8347
4020 4095 8115
4023 4199 8222
4009 4189 8198
4164 4167 8331
4094 4168 8262
4104 4177 8281
4171 4193 8364
4103 4152 8255
4164 4167 8331
4101 4152 8253
4151 4156 8307
4145 4157 8302
4112 4119 8231
4189 4196 8385
4166 4200 8366
4014 4017 8031
4058 4194 8252
4034 4089 8123
4164 4191 8355
4157 4197 8354
4096 4148 8244
4082 4195 8277
4026 4059 8085
4051 4158 8209
4189 4190 8379
4134 4179 8313
4028 4199 8227
4034 4101 8135
4015 4135 8150
4153 4198 8351
4030 4085 8115
4065 4183 8248
4180 4183 8363
4092 4130 8222
4115 4131 8246
4109 4112 8221
4085 4138 8223

4130 4238 8362
4134 4164 8269
4107 4236 8310
4278 4295 8560
4234 4263 8488
4150 4204 8344
4144 4222 8330
4194 4300 8460
4264 4283 8509
4222 4239 8428
4154 4263 8408
4218 4256 8460
4141 4168 8306
4192 4286 8466
4129 4132 8259
4248 4252 8475
4109 4186 8279
4250 4290 8529
4196 4208 8381
4292 4296 8552
4127 4227 8323
4175 4286 8459
4139 4292 8416
4245 4298 8522
4127 4237 8363
4199 4297 8494
4106 4292 8371
4296 4299 8584
4298 4299 8567
4157 4235 8369
4202 4207 8371
4287 4296 8557
4123 4163 8260
4239 4294 8520
4129 4144 8268
4188 4218 8396
4278 4298 8540
4268 4297 8557
4140 4257 8365
4182 4260 8433
4266 4267 8512
4129 4295 8404
4268 4293 8551
4220 4282 8475
4156 4213 8356
4237 4247 8461
4222 4291 8488
4208 4263 8442
4129 4254 8369
4270 4282 8536
4270 4284 8553
4133 4137 8269
4179 4269 8413
4187 4197 8365
4230 4286 8481
4180 4214 8385
4263 4285 8530
4100 4274 8363
4243 4251 8493
4252 4274 8525
4253 4286 8507
4247 4261 8506
4200 4271 8459
4297 4298 8583
4201 4229 8394
4109 4283 8390
4294 4298 8568
4239 4295 8524
4264 4266 8509
4244 4248 8472
4188 4216 8385
4239 4273 8489
4223 4300 8516
4286 4290 8558
4139 4266 8377
4105 4108 8207
4144 4161 8277
4138 4146 8279
4132 4159 8268
4266 4278 8513
4213 4281 8457
4162 4193 8354
4269 4277 8528
4232 4240 8459
4106 4286 8385
4173 4268 8402
4176 4262 8437
4148 4203 8340
4261 4280 8540
4150 4188 8332
4214 4286 8461
4272 4291 8555
4201 4268 8440
4270 4283 8535
4292 4298 8576
4185 4189 8341
4266 4288 8549
4245 4275 8495
4108 4298 8390
4127 4254 8347
4122 4293 8401
4103 4261 8335
4126 4290 8393
4195 4266 8448
4165 4177 8333
4220 4240 8439
4104 4236 8321
4104 4143 8243
4185 4287 8440
4248 4291 8514
4251 4270 8490
4158 4189 8313
4234 4270 8494
4254 4276 8524
4199 4235 8412
4163 4217 8354
4213 4272 8465
4158 4190 8311
4297 4300 8561
4299 4300 8563
4138 4206 8339
4287 4289 8537
4275 4282 8545
4282 4296 8547
4214 4272 8479
4129 4276 8395
4132 4279 8399
4223 4252 8455
4224 4297 8490
4202 4268 8439
4217 4251 8438
4140 4229 8338
4100 4259 8340
4268 4296 8549
4155 4169 8305
4188 4285 8450
4262 4292 8532
4276 4295 8545
4242 4291 8508
4211 4298 8480
4176 4215 8390
4255 4270 8514
4298 4300 8578
4228 4243 8461
4296 4300 8584
4257 4277 8519
4149 4298 8432
4160 4211 8363
4258 4275 8517
4198 4207 8392
4241 4279 8511
4227 4266 8471
4213 4297 8489
4260 4295 8523
4161 4180 8326
4267 4286 8546
4220 4272 8479
4193 4269 8426
4105 4219 8315
4228 4267 8485
4283 4298 8578
4114 4123 8215
4214 4265 8467
4158 4233 8367
4132 4283 8398
4228 4240 8438
4171 4262 8398
4296 4299 8579
4185 4280 8427
4150 4280 8429
4147 4293 8425
4169 4191 8342
4173 4193 8341
4206 4284 8467
4123 4255 8347
4261 4275 8516
4277 4289 8555
4131 4241 8364
4150 4299 8434
4245 4275 8501
4188 4213 8393
4148 4282 8399
4183 4242 8423
4194 4258 8433
4142 4170 8301
4208 4292 8461
4258 4259 8502
4172 4249 8413
4196 4202 8376
4293 4296 8585
4291 4297 8587
4118 4187 8281
4154 4159 8292
4133 4205 8334
4170 4271 8409
4181 4300 8479
4172 4284 8438
4270 4276 8525
4198 4279 8452
4241 4297 8498
4175 4257 8396
4249 4298 8529
4121 4226 8315
4250 4251 8493
4142 4145 8273
4254 4275 8507
4268 4300 8530
4215 4237 8424
4155 4291 8436
4286 4294 8552
4180 4288 8450
4204 4206 8397
4264 4280 8515
4161 4265 8395
4228 4272 8482
4210 4216 8412
4286 4290 8555
4113 4152 8239
4252 4253 8494
4196 4293 8487
4173 4225 8384
4198 4199 8361
4162 4229 8384
4159 4182 8306
4117 4218 8306
4228 4293 8505
4103 4224 8323
4105 4201 8289
4195 4240 8412
4115 4162 8274
4220 4291 8481
4245 4271 8513
4111 4268 8346
4166 4168 8295
4277 4278 8523
4119 4249 8361
4213 4285 8475
4214 4249 8462
4206 4212 8413
4156 4232 8355
4281 4297 8570
4279 4296 8542
4261 4293 8514
4203 4259 8449
4272 4282 8523
4124 4218 8330
4144 4285 8405
4186 4239 8420
4140 4224 8337
4207 4262 8430
4184 4267 8422
4226 4285 8486
4272 4286 8533
4172 4237 8387
4221 4248 8446
4149 4278 8417
4292 4296 8584
4279 4289 8562
4139 4212 8331
4146 4194 8327
4162 4236 8381
4114 4122 8209
4116 4208 8310
4278 4291 8544
4273 4287 8527
4140 4207 8321
4111 4275 8375
4190 4226 8389
4129 4283 8390
4199 4242 8415
4201 4224 8421
4122 4252 8337
4208 4254 8439
4153 4245 8360
4226 4256 8447
4276 4292 8540
4115 4170 8251
4222 4238 8443
4155 4165 8287
4210 4263 8460
4104 4232 8328
4107 4178 8266
4102 4259 8334
4280 4291 8537
4228 4264 8476
4278 4292 8542
4165 4178 8323
4202 4205 8373
4232 4279 8474
4253 4260 8486
4183 4236 8380
4144 4289 8400
4152 4178 8302
4220 4235 8429
4264 4299 8524
4147 4292 8436
4245 4261 8472
4196 4231 8410
4159 4289 8411
4208 4253 8457
4122 4242 8345
4224 4295 8489
4149 4214 8358
4163 4184 8342
4222 4241 8428
4194 4229 8417
4187 4212 8376
4142 4146 8249
4218 4238 8447
4270 4299 8542
4253 4276 8512
4209 4298 8496
4179 4289 8465
4277 4281 8552
4166 4219 8381
4261 4294 8535
4201 4215 8389
4181 4294 8442
4187 4255 8407
4100 4291 8370
4159 4283 8416
4295 4296 8566
4155 4293 8425
4268 4291 8520
4101 4271 8347
4249 4292 8511
4230 4293 8506
4268 4281 8525
4180 4183 8348
4205 4206 8394
4237 4290 8518
4141 4206 8320
4209 4273 8455
4234 4249 8482
4137 4182 8311
4197 4275 8449
4286 4295 8577
4242 4256 8476
4264 4277 8524
4209 4212 8401
4124 4220 8311
4189 4224 8409
4253 4282 8521
4153 4228 8370
4204 4260 8427
4228 4246 8471
4279 4294 8554
4233 4286 8489
4167 4242 8374
4208 4235 8415
4204 4228 8407
4269 4286 8541
4204 4221 8416
4236 4275 8481
4279 4285 8548
4236 4261 8480
4193 4255 8432
4216 4275 8457
4214 4244 8448
4161 4206 8358
4237 4292 8516
4288 4289 8565
4272 4294 8563
4246 4273 8484
4261 4296 8518
4141 4258 8370
4119 4182 8267
4122 4221 8312
4125 4142 8255
4218 4296 8512
4161 4250 8386
4213 4248 8431
4161 4245 8399
4290 4291 8551
4132 4210 8327
4185 4201 8372
4155 4159 8292
4225 4298 8486
4258 4264 8500
4148 4247 8369
4159 4201 8329
4120 4299 8383
4299 4300 8570
4172 4276 8433
4260 4277 8501
4221 4253 8446
4298 4300 8597
4129 4268 8362
4237 4258 8493
4170 4181 8348
4274 4298 8570
4258 4260 8482
4209 4300 8478
4149 4299 8431
4169 4253 8399
4137 4220 8320
4135 4215 8341
4288 4295 8543
4237 4256 8455
4105 4164 8248
4205 4262 8462
4258 4298 8537
4189 4263 8422
4178 4254 8426
4249 4277 8525
4190 4196 8371
4235 4237 8449
4153 4165 8292
4177 4213 8355
4243 4291 8512
4200 4252 8427
4182 4225 8393
4192 4197 8363
4244 4290 8518
4215 4260 8469
4216 4225 8433
4129 4280 8382
4209 4297 8505
4197 4298 8483
4252 4276 8492
4192 4258 8429
4158 4270 8423
4265 4290 8554
4127 4159 8269
4190 4245 8432
4139 4182 8289
4144 4152 8285
4120 4268 8356
4109 4227 8325
4252 4287 8536
4132 4148 8253
4122 4125 8238
4261 4283 8538
4281 4284 8558
4206 4218 8388
4288 4291 8574
4221 4265 8462
4201 4240 8412
4223 4288 8491
4249 4296 8538
4285 4286 8546
4211 4255 8454
4175 4178 8334
4103 4111 8198
4170 4264 8433
4205 4236 8405
4287 4300 8559
4283 4298 8569
4146 4300 8417
4113 4276 8352
4137 4193 8322
4132 4161 8288
4171 4295 8430
4293 4300 8556
4266 4292 8536
4248 4255 8465
4150 4270 8401
4258 4271 8522
4261 4266 8503
4225 4280 8479
4145 4254 8394
4240 4294 8524
4172 4194 8336
4156 4230 8358
4165 4169 8315
4120 4146 8265
4178 4269 8445
4215 4267 8480
4236 4297 8532
4202 4252 8446
4131 4210 8311
4138 4196 8324
4127 4227 8318
4136 4219 8350
4199 4277 8470
4103 4266 8350
4118 4208 8303
4163 4285 8411
4284 4291 8537
4124 4157 8270
4152 4203 8348
4157 4197 8349
4260 4276 8513
4152 4211 8346
4205 4223 8425
4286 4288 8569
4158 4197 8318
4269 4279 8519
4289 4290 8546
4259 4261 8486
4192 4193 8357
4238 4266 8499
4163 4164 8298
4293 4298 8587
4220 4270 8450
4233 4278 8491
4190 4264 8447
4158 4162 8317
4153 4189 8335
4255 4268 8517
4135 4230 8356
4138 4244 8366
4214 4253 8437
4290 4298 8551
4295 4297 8557
4211 4258 8450
4138 4285 8405
4230 4290 8496
4211 4272 8446
4237 4260 8488
4230 4276 8500
4267 4282 8511
4290 4295 8554
4180 4289 8445
4118 4197 8293
4258 4277 8521
4214 4275 8462
4114 4140 8234
4109 4129 8209
4118 4230 8323
4213 4253 8433
4174 4268 8418
4120 4257 8347
4238 4255 8456
4129 4136 8235
4218 4228 8406
4102 4255 8346
4216 4289 8488
4215 4282 8490
4196 4248 8419
4125 4286 8384
4264 4284 8540
4212 4291 8485
4184 4257 8426
4191 4218 8399
4218 4221 8431
4110 4139 8230
4108 4235 8306
4262 4266 8519
4156 4231 8357
4113 4251 8363
4220 4266 8460
4149 4243 8379
4248 4268 8486
4104 4126 8201
4206 4285 8486
4177 4199 8358
4113 4200 8292
4238 4241 8455
4121 4271 8367
4255 4290 8539
4228 4282 8507
4100 4249 8329
4282 4299 8545
4143 4160 8299
4256 4292 8547
4101 4104 8169
4120 4280 8384
4136 4242 8371
4146 4199 8335
4152 4166 8304
4146 4187 8322
4261 4265 8510
4218 4257 8474
4285 4293 8552
4285 4286 8533
4175 4197 8348
4274 4280 8528
4235 4256 8481
4250 4263 8479
4124 4129 8229
4113 4168 8280
4273 4287 8550
4231 4271 8492
4225 4275 8474
4243 4277 8489
4242 4282 8488
4277 4285 8536
4275 4299 8545
4140 4172 8301
4134 4284 8396
4282 4292 8562
4155 4164 8316
4237 4290 8507
4294 4300 8586
4216 4285 8481
4235 4244 8444
4254 4288 8516
4223 4300 8520
4135 4241 8342
4203 4291 8479
4133 4233 8350
4154 4199 8315
4239 4289 8489
4176 4218 8376
4222 4230 8444
4122 4226 8338
4280 4299 8559
4278 4280 8529
4155 4242 8396
4199 4235 8424
4141 4157 8275
4188 4278 8465
4254 4267 8497
4194 4267 8454
4191 4256 8411
4233 4255 8457
4101 4214 8308
4193 4244 8407
4110 4148 8240
4270 4290 8558
4157 4254 8375
4181 4265 8415
4238 4300 8498
4299 4300 8587
4195 4278 8449
4209 4212 8404
4120 4214 8325
4213 4273 8452
4247 4286 8502
4189 4259 8436
4134 4172 8278
4111 4244 8349
4298 4299 8561
4140 4142 8264
4187 4225 8411
4263 4279 8537
4266 4291 8552
4177 4205 8347
4178 4285 8441
4100 4264 8346
4291 4297 8568
4136 4172 8272
4271 4285 8540
4294 4298 8580
4257 4294 8536
4164 4176 8333
4219 4247 8451
4214 4296 8509
4212 4231 8430
4108 4290 8373
4212 4231 8431
4256 4284 8507
4131 4188 8296
4243 4251 8487
4260 4279 8526
4205 4272 8459
4220 4275 8487
4199 4207 8382
4289 4299 8561
4140 4179 8281
4107 4144 8218
4281 4298 8573
4285 4300 8553
4163 4165 8320
4201 4262 8448
4166 4287 8432
4119 4147 8256
4258 4273 8528
4168 4228 8383
4292 4297 8559
4251 4264 8483
4241 4242 8466
4260 4298 8538
4249 4281 8509
4205 4230 8419
4162 4233 8356
4156 4214 8333
4127 4185 8311
4100 4199 8267
4136 4220 8351
4273 4278 8533
4116 4141 8252
4133 4221 8317
4145 4241 8382
4294 4298 8576
4241 4285 8505
4157 4170 8315
4218 4284 8472
4242 4296 8528
4151 4206 8329
4299 4300 8598
4162 4286 8416
4266 4271 8507
4170 4199 8347
4157 4208 8360
4161 4198 8356
4178 4245 8422
4192 4259 8442
4211 4237 8417
4145 4260 8382
4102 4120 8197
4163 4186 8339
4202 4277 8474
4292 4299 8571
4276 4299 8571
4111 4120 8195
4298 4299 8575
4255 4282 8525
4245 4247 8480
4244 4289 8527
4185 4221 8401
4263 4266 8510
4156 4276 8416
4175 4296 8455
4241 4295 8530
4259 4288 8528
4262 4291 8517
4110 4114 8199
4296 4297 8584
4178 4194 8349
4131 4192 8285
4290 4300 8584
4279 4295 8573
4261 4268 8489
4212 4298 8485
4209 4240 8446
4182 4241 8416
4295 4297 8554
4270 4296 8559
4115 4247 8325
4254 4287 8503
4283 4292 8541
4198 4228 8419
4100 4157 8234
4271 4280 8520
4142 4182 8289
4229 4300 8494
4132 4295 8390
4116 4209 8312
4151 4285 8400
4206 4237 8431
4130 4144 8235
4123 4271 8393
4283 4287 8567
4174 4276 8430
4151 4295 8417
4121 4249 8350
4196 4197 8375
4115 4118 8229
4274 4281 8527
4150 4227 8359
4220 4242 8460
4129 4184 8277
4143 4281 8419
4237 4255 8489
4238 4283 8491
4121 4196 8303
4109 4231 8326
4160 4203 8330
4286 4288 8567
4291 4295 8560
4134 4254 8353
4193 4267 8426
4178 4237 8378
4246 4264 8475
4209 4284 8486
4260 4267 8496
4207 4237 8443
4150 4156 8283
4223 4280 8477
4275 4291 8554
4136 4184 8286
4213 4241 8450
4122 4300 8392
4162 4171 8328
4115 4147 8260
4213 4252 8462
4212 4249 8454
4173 4187 8339
4134 4187 8303
4118 4198 8279
4245 4260 8492
4255 4278 8524
4242 4277 8509
4187 4220 8380
4142 4159 8275
4228 4285 8507
4269 4281 8549
4297 4298 8560
4294 4295 8580
4153 4162 8298
4286 4296 8573
4235 4242 8473
4218 4269 8453
4283 4287 8544
4212 4220 8417
4224 4232 8416
4241 4257 8492
4102 4244 8322
4231 4246 8442
4175 4265 8419
4136 4206 8310
4240 4270 8506
4107 4221 8302
4164 4211 8343
4139 4175 8313
4117 4120 8211
4241 4243 8451
4299 4300 8593
4260 4273 8515
4276 4284 8557
4295 4296 8555
4229 4231 8444
4288 4293 8544
4210 4256 8455
4234 4292 8493
4129 4247 8353
4287 4297 8552
4261 4265 8514
4106 4115 8214
4269 4281 8524
4116 4223 8318
4228 4273 8471
4271 4274 8541
4260 4293 8518
4174 4267 8434
4229 4268 8460
4114 4169 8260
4171 4206 8359
4237 4248 8478
4200 4297 8477
4286 4288 8542
4247 4285 8527
4288 4296 8557
4227 4279 8505
4175 4210 8364
4146 4263 8400
4189 4256 8416
4133 4149 8246
4235 4296 8516
4198 4202 8397
4105 4257 8347
4295 4297 8568
4112 4256 8360
4297 4298 8565
4250 4298 8514
4215 4275 8484
4117 4143 8244
4218 4253 8450
4115 4236 8323
4223 4247 8458
4117 4164 8244
4115 4215 8328
4208 4249 8434
4279 4296 8535
4280 4283 8548
4176 4205 8349
4274 4290 8559
4223 4230 8424
4124 4255 8354
4111 4225 8330
4124 4276 8386
4119 4204 8297
4139 4187 8314
4288 4297 8576
4133 4179 8289
4163 4182 8313
4262 4298 8552
4207 4222 8423
4232 4281 8497
4289 4299 8585
4266 4281 8513
4120 4195 8285
4123 4299 8406
4109 4289 8389
4264 4267 8507
4194 4268 8438
4204 4277 8468
4271 4293 8555
4203 4252 8453
4264 4267 8519
4201 4252 8428
4251 4256 8470
4245 4257 8465
4212 4219 8424
4289 4296 8579
4266 4300 8545
4114 4117 8207
4158 4294 8417
4134 4189 8318
4264 4291 8515
4257 4297 8521
4196 4248 8422
4182 4295 8448
4126 4159 8261
4151 4258 8391
4289 4290 8565
4234 4279 8487
4128 4299 8415
4134 4201 8303
4115 4235 8318
4253 4298 8537
4130 4185 8295
4165 4283 8423
4280 4283 8547
4192 4230 8409
4215 4231 8437
4209 4212 8385
4185 4238 8389

0.010000 0.730000
