200
758054
4184 4194 8378
4059 4183 8242
4112 4137 8249
4128 4200 8328
4058 4069 8127
4177 4186 8363
4146 4192 8338
4143 4199 8342
4122 4137 8259
4037 4077 8114
4049 4141 8190
4123 4131 8254
4065 4116 8181
4199 4200 8399
4161 4196 8357
4114 4146 8260
4138 4171 8309
4051 4157 8208
4131 4162 8293
4074 4091 8165
4086 4160 8246
4012 4037 8049
4079 4093 8172
4054 4170 8224
4026 4113 8139
4050 4058 8108
4140 4148 8288
4035 4149 8184
4094 4130 8224
4090 4173 8263
4118 4143 8261
4042 4152 8194
4000 4011 8011
4164 4171 8335
4031 4114 8145
4031 4146 8177
4065 4111 8176
4042 4110 8152
4113 4193 8306
4059 4104 8163
4014 4172 8186
4198 4200 8398
4027 4070 8097
4039 4114 8153
4145 4190 8335
4180 4200 8380
4003 4099 8102
4025 4187 8212
4137 4162 8299
4058 4076 8134
4163 4200 8363
4187 4200 8387
4016 4156 8172
4116 4151 8267
4111 4118 8229
4057 4104 8161
4108 4123 8231
4196 4198 8394
4038 4101 8139
4059 4078 8137
4081 4143 8224
4145 4174 8319
4118 4194 8312
4131 4159 8290
4125 4153 8278
4167 4174 8341
4046 4101 8147
4120 4155 8275
4156 4181 8337
4111 4151 8262
4047 4082 8129
4124 4187 8311
4093 4157 8250
4159 4190 8349
4067 4102 8169
4186 4197 8383
4044 4135 8179
4044 4081 8125
4080 4168 8248
4043 4136 8179
4146 4200 8346
4183 4192 8375
4007 4090 8097
4161 4166 8327
4027 4189 8216
4117 4145 8262
4144 4153 8297
4125 4137 8262
4014 4179 8193
4154 4156 8310
4153 4172 8325
4006 4037 8043
4058 4083 8141
4176 4197 8373
4087 4199 8286
4019 4178 8197
4071 4127 8198
4044 4055 8099
4012 4179 8191
4138 4200 8338
4076 4101 8177
4025 4043 8068
4146 4181 8327
4145 4161 8306
4024 4129 8153
4088 4163 8251
4015 4162 8177
4148 4188 8336
4098 4170 8268
4007 4093 8100
4026 4150 8176
4039 4120 8159
4020 4100 8120
4057 4066 8123
4013 4016 8029
4133 4159 8292
4150 4195 8345
4118 4164 8282
4052 4170 8222
4001 4042 8043
4136 4168 8304
4196 4198 8394
4149 4199 8348
4173 4191 8364
4026 4053 8079
4150 4196 8346
4176 4186 8362
4129 4176 8305
4104 4178 8282
4050 4125 8175
4009 4085 8094
4110 4173 8283
4040 4192 8232
4120 4138 8258
4188 4199 8387
4066 4101 8167
4118 4131 8249
4129 4158 8287
4176 4200 8376
4061 4114 8175
4170 4183 8353
4085 4196 8281
4112 4175 8287
4085 4171 8256
4096 4144 8240
4026 4166 8192
4022 4151 8173
4190 4200 8390
4145 4157 8302
4121 4186 8307
4146 4194 8340
4094 4188 8282
4177 4190 8367
4074 4101 8175
4041 4135 8176
4103 4165 8268
4017 4062 8079
4058 4060 8118
4177 4198 8375
4053 4188 8241
4101 4140 8241
4018 4154 8172
4037 4188 8225
4050 4072 8122
4089 4108 8197
4028 4124 8152
4020 4095 8115
4167 4198 8365
4072 4095 8167
4105 4193 8298
4151 4199 8350
4182 4194 8376
4125 4149 8274
4054 4199 8253
4050 4103 8153
4125 4136 8261
4094 4147 8241
4144 4164 8308
4067 4099 8166
4173 4189 8362
4141 4200 8341
4188 4198 8386
4009 4169 8178
4154 4194 8348
4121 4165 8286
4147 4168 8315
4007 4186 8193
4165 4182 8347
4094 4135 8229
4061 4087 8148
4090 4109 8199
4120 4140 8260
4025 4152 8177
4093 4161 8254
4192 4198 8390
4128 4152 8280
4102 4174 8276
4108 4164 8272
4130 4143 8273
4097 4127 8224

4284 4294 8568
4159 4283 8421
4212 4237 8434
4228 4300 8508
4158 4169 8290
4277 4286 8533
4246 4292 8528
4243 4299 8512
4222 4237 8429
4137 4177 8304
4149 4241 8379
4223 4231 8426
4165 4216 8353
4299 4300 8567
4261 4296 8525
4214 4246 8443
4238 4271 8482
4151 4257 8380
4231 4262 8483
4174 4191 8346
4186 4260 8419
4112 4137 8226
4179 4193 8345
4154 4270 8391
4126 4213 8307
4150 4158 8306
4240 4248 8478
4135 4249 8345
4194 4230 8400
4190 4273 8440
4218 4243 8455
4142 4252 8380
4100 4111 8199
4264 4271 8527
4131 4214 8312
4131 4246 8355
4165 4211 8375
4142 4210 8346
4213 4293 8486
4159 4204 8345
4114 4272 8357
4298 4300 8561
4127 4170 8292
4139 4214 8319
4245 4290 8515
4280 4300 8571
4103 4199 8265
4125 4287 8381
4237 4262 8484
4158 4176 8330
4263 4300 8533
4287 4300 8583
4116 4256 8344
4216 4251 8455
4211 4218 8408
4157 4204 8323
4208 4223 8417
4296 4298 8571
4138 4201 8308
4159 4178 8332
4181 4243 8385
4245 4274 8517
4218 4294 8492
4231 4259 8461
4225 4253 8442
4267 4274 8534
4146 4201 8323
4220 4255 8448
4256 4281 8518
4211 4251 8434
4147 4182 8290
4224 4287 8484
4193 4257 8416
4259 4290 8528
4167 4202 8334
4286 4297 8563
4144 4235 8365
4144 4181 8297
4180 4268 8447
4143 4236 8367
4246 4300 8534
4283 4292 8572
4107 4190 8278
4261 4266 8516
4127 4289 8383
4217 4245 8439
4244 4253 8485
4225 4237 8459
4114 4279 8356
4254 4256 8484
4253 4272 8513
4106 4137 8207
4158 4183 8340
4276 4297 8558
4187 4299 8457
4119 4278 8389
4171 4227 8370
4144 4155 8263
4112 4279 8367
4238 4300 8513
4176 4201 8356
4125 4143 8242
4246 4281 8491
4245 4261 8482
4124 4229 8316
4188 4263 8420
4115 4262 8348
4248 4288 8534
4198 4270 8467
4107 4193 8269
4126 4250 8362
4139 4220 8339
4120 4200 8303
4157 4166 8305
4113 4116 8205
4233 4259 8482
4250 4295 8515
4218 4264 8464
4152 4270 8413
4101 4142 8237
4236 4268 8479
4296 4298 8575
4249 4299 8542
4273 4291 8538
4126 4153 8263
4250 4296 8515
4276 4286 8540
4229 4276 8485
4204 4278 8445
4150 4225 8352
4109 4185 8260
4210 4273 8464
4140 4292 8396
4220 4238 8430
4288 4299 8569
4166 4201 8338
4218 4231 8441
4229 4258 8455
4276 4300 8562
4161 4214 8348
4270 4283 8534
4185 4296 8474
4212 4275 8486
4185 4271 8445
4196 4244 8406
4126 4266 8372
4122 4251 8362
4290 4300 8564
4245 4257 8483
4221 4286 8493
4246 4294 8506
4194 4288 8445
4277 4290 8563
4174 4201 8346
4141 4235 8355
4203 4265 8460
4117 4162 8263
4158 4160 8298
4277 4298 8572
4153 4288 8418
4201 4240 8434
4118 4254 8354
4137 4288 8416
4150 4172 8308
4189 4208 8395
4128 4224 8322
4120 4195 8302
4267 4298 8545
4172 4195 8360
4205 4293 8461
4251 4299 8517
4282 4294 8545
4225 4249 8442
4154 4299 8417
4150 4203 8328
4225 4236 8449
4194 4247 8429
4244 4264 8473
4167 4199 8361
4273 4289 8529
4241 4300 8506
4288 4298 8559
4109 4269 8364
4254 4294 8534
4221 4265 8467
4247 4268 8501
4107 4286 8366
4265 4282 8523
4194 4235 8405
4161 4187 8319
4190 4209 8388
4220 4240 8451
4125 4252 8347
4193 4261 8417
4292 4298 8552
4228 4252 8475
4202 4274 8465
4208 4264 8448
4230 4243 8463
4197 4227 8411

0.010000 0.450000
