900
5157876
4044 4090 8134
4075 4079 8154
4124 4166 8290
4179 4181 8360
4059 4081 8140
4161 4187 8348
4107 4132 8239
4175 4186 8361
4085 4143 8228
4078 4133 8211
4099 4174 8273
4164 4188 8352
4000 4193 8193
4122 4127 8249
4068 4124 8192
4052 4107 8159
4177 4189 8366
4195 4196 8391
4199 4200 8399
4174 4178 8352
4081 4162 8243
4077 4192 8269
4064 4161 8225
4099 4188 8287
4029 4177 8206
4153 4182 8335
4103 4110 8213
4066 4194 8260
4189 4195 8384
4140 4189 8329
4188 4193 8381
4096 4194 8290
4000 4174 8174
4178 4190 8368
4106 4168 8274
4027 4184 8211
4078 4091 8169
4003 4009 8012
4006 4042 8048
4024 4132 8156
4031 4191 8222
4151 4180 8331
4048 4148 8196
4155 4175 8330
4114 4127 8241
4070 4129 8199
4160 4162 8322
4063 4083 8146
4040 4177 8217
4114 4129 8243
4045 4131 8176
4005 4177 8182
4155 4185 8340
4160 4200 8360
4034 4040 8074
4033 4080 8113
4049 4088 8137
4147 4170 8317
4091 4102 8193
4091 4139 8230
4022 4130 8152
4139 4146 8285
4143 4185 8328
4019 4189 8208
4033 4057 8090
4038 4199 8237
4006 4185 8191
4128 4184 8312
4029 4035 8064
4181 4189 8370
4181 4200 8381
4097 4198 8295
4171 4190 8361
4018 4085 8103
4160 4199 8359
4028 4134 8162
4022 4068 8090
4087 4163 8250
4184 4190 8374
4159 4200 8359
4192 4193 8385
4050 4061 8111
4149 4157 8306
4197 4199 8396
4164 4177 8341
4007 4104 8111
4030 4088 8118
4027 4116 8143
4116 4162 8278
4165 4166 8331
4046 4090 8136
4082 4187 8269
4092 4100 8192
4149 4185 8334
4089 4184 8273
4199 4200 8399
4150 4162 8312
4167 4192 8359
4000 4133 8133
4008 4191 8199
4071 4073 8144
4031 4042 8073
4194 4197 8391
4161 4164 8325
4034 4113 8147
4000 4025 8025
4012 4162 8174
4040 4197 8237
4108 4198 8306
4111 4139 8250
4067 4121 8188
4125 4144 8269
4025 4113 8138
4146 4148 8294
4127 4165 8292
4045 4193 8238
4189 4190 8379
4162 4198 8360
4154 4161 8315
4191 4200 8391
4021 4107 8128
4005 4040 8045
4065 4194 8259
4184 4193 8377
4023 4154 8177
4128 4183 8311
4019 4169 8188
4116 4199 8315
4191 4197 8388
4069 4092 8161
4008 4136 8144
4062 4143 8205
4077 4181 8258
4001 4174 8175
4092 4187 8279
4041 4138 8179
4180 4194 8374
4049 4110 8159
4188 4196 8384
4182 4196 8378
4067 4073 8140
4052 4186 8238
4192 4196 8388
4000 4065 8065
4057 4130 8187
4035 4157 8192
4035 4094 8129
4077 4111 8188
4061 4189 8250
4008 4024 8032
4167 4190 8357
4191 4200 8391
4093 4172 8265
4068 4175 8243
4116 4185 8301
4004 4010 8014
4088 4101 8189
4078 4167 8245
4075 4148 8223
4171 4174 8345
4094 4107 8201
4144 4161 8305
4086 4165 8251
4023 4183 8206
4134 4160 8294
4114 4187 8301
4083 4158 8241
4007 4167 8174
4032 4117 8149
4172 4179 8351
4177 4200 8377
4182 4189 8371
4116 4129 8245
4135 4191 8326
4137 4154 8291
4112 4114 8226
4011 4013 8024
4117 4178 8295
4033 4184 8217
4198 4200 8398
4061 4196 8257
4178 4181 8359
4157 4190 8347
4115 4155 8270
4155 4182 8337
4178 4193 8371
4080 4111 8191
4191 4199 8390
4143 4184 8327
4077 4164 8241
4130 4148 8278
4083 4126 8209
4128 4154 8282
4087 4163 8250
4170 4176 8346
4093 4198 8291
4083 4099 8182
4107 4138 8245
4030 4196 8226
4125 4161 8286
4182 4192 8374
4178 4198 8376
4041 4190 8231
4073 4113 8186
4183 4190 8373
4096 4169 8265
4133 4170 8303
4005 4026 8031
4173 4182 8355
4016 4120 8136
4161 4167 8328
4175 4182 8357
4085 4129 8214
4080 4178 8258
4133 4154 8287
4129 4164 8293
4064 4151 8215
4055 4140 8195
4171 4200 8371
4159 4190 8349
4155 4191 8346
4117 4186 8303
4113 4125 8238
4156 4200 8356
4096 4164 8260
4187 4200 8387
4101 4163 8264
4143 4168 8311
4107 4136 8243
4164 4197 8361
4055 4070 8125
4011 4182 8193
4088 4132 8220
4036 4044 8080
4022 4091 8113
4190 4192 8382
4179 4180 8359
4015 4118 8133
4004 4096 8100
4080 4195 8275
4096 4152 8248
4188 4195 8383
4027 4115 8142
4048 4147 8195
4076 4130 8206
4138 4172 8310
4125 4142 8267
4131 4139 8270
4044 4084 8128
4147 4158 8305
4183 4188 8371
4198 4200 8398
4181 4190 8371
4136 4174 8310
4174 4179 8353
4118 4160 8278
4100 4104 8204
4196 4200 8396
4189 4194 8383
4181 4193 8374
4079 4084 8163
4077 4185 8262
4037 4157 8194
4095 4197 8292
4035 4183 8218
4104 4173 8277
4062 4077 8139
4005 4009 8014
4064 4155 8219
4084 4087 8171
4030 4169 8199
4089 4156 8245
4163 4176 8339
4144 4171 8315
4184 4197 8381
4194 4198 8392
4163 4199 8362
4080 4118 8198
4095 4182 8277
4161 4175 8336
4014 4033 8047
4029 4155 8184
4146 4179 8325
4164 4189 8353
4052 4139 8191
4044 4071 8115
4123 4176 8299
4146 4194 8340
4140 4198 8338
4026 4196 8222
4059 4196 8255
4120 4145 8265
4014 4196 8210
4118 4174 8292
4112 4126 8238
4067 4133 8200
4082 4175 8257
4142 4166 8308
4115 4133 8248
4158 4190 8348
4183 4188 8371
4038 4169 8207
4115 4136 8251
4134 4153 8287
4191 4196 8387
4197 4199 8396
4022 4199 8221
4059 4089 8148
4121 4158 8279
4186 4193 8379
4121 4187 8308
4185 4197 8382
4062 4075 8137
4174 4185 8359
4134 4152 8286
4016 4020 8036
4121 4176 8297
4171 4179 8350
4158 4194 8352
4039 4099 8138
4049 4168 8217
4085 4164 8249
4072 4118 8190
4039 4066 8105
4113 4122 8235
4166 4184 8350
4073 4138 8211
4070 4113 8183
4179 4200 8379
4000 4103 8103
4139 4155 8294
4162 4168 8330
4192 4195 8387
4094 4168 8262
4155 4187 8342
4177 4198 8375
4163 4183 8346
4083 4133 8216
4175 4186 8361
4062 4066 8128
4007 4028 8035
4143 4187 8330
4077 4134 8211
4053 4156 8209
4110 4126 8236
4182 4192 8374
4194 4200 8394
4114 4149 8263
4187 4193 8380
4019 4045 8064
4105 4185 8290
4150 4182 8332
4059 4120 8179
4140 4180 8320
4130 4160 8290
4058 4191 8249
4128 4176 8304
4087 4138 8225
4070 4083 8153
4129 4146 8275
4078 4096 8174
4061 4162 8223
4136 4157 8293
4096 4151 8247
4066 4146 8212
4076 4126 8202
4102 4120 8222
4129 4133 8262
4192 4198 8390
4138 4149 8287
4081 4156 8237
4184 4200 8384
4028 4176 8204
4016 4198 8214
4090 4103 8193
4004 4067 8071
4107 4118 8225
4077 4147 8224
4046 4192 8238
4194 4200 8394
4131 4166 8297
4069 4176 8245
4011 4077 8088
4014 4160 8174
4001 4055 8056
4089 4181 8270
4179 4182 8361
4130 4166 8296
4186 4199 8385
4183 4184 8367
4144 4186 8330
4091 4195 8286
4132 4140 8272
4196 4199 8395
4081 4175 8256
4145 4171 8316
4062 4080 8142
4056 4108 8164
4165 4191 8356
4118 4186 8304
4125 4188 8313
4186 4195 8381
4190 4197 8387
4083 4108 8191
4009 4020 8029
4053 4138 8191
4048 4141 8189
4127 4190 8317
4104 4117 8221
4051 4096 8147
4017 4166 8183
4056 4085 8141
4185 4191 8376
4080 4185 8265
4179 4181 8360
4191 4194 8385
4036 4137 8173
4090 4099 8189
4033 4091 8124
4078 4163 8241
4072 4160 8232
4039 4185 8224
4095 4111 8206
4124 4199 8323
4125 4132 8257
4142 4192 8334
4054 4151 8205
4196 4197 8393
4051 4170 8221
4049 4088 8137
4078 4107 8185
4033 4097 8130
4075 4100 8175
4019 4120 8139
4052 4108 8160
4118 4134 8252
4054 4130 8184
4174 4178 8352
4094 4152 8246
4165 4198 8363
4019 4047 8066
4151 4174 8325
4045 4050 8095
4141 4168 8309
4196 4200 8396
4094 4122 8216
4107 4164 8271
4025 4098 8123
4195 4197 8392
4064 4131 8195
4118 4123 8241
4030 4198 8228
4145 4163 8308
4182 4188 8370
4044 4058 8102
4148 4163 8311
4104 4175 8279
4099 4181 8280
4111 4190 8301
4073 4105 8178
4154 4190 8344
4185 4193 8378
4066 4171 8237
4009 4119 8128
4122 4170 8292
4084 4093 8177
4133 4190 8323
4017 4036 8053
4050 4100 8150
4115 4142 8257
4030 4102 8132
4182 4189 8371
4132 4199 8331
4059 4083 8142
4137 4193 8330
4057 4183 8240
4157 4182 8339
4157 4169 8326
4082 4125 8207
4181 4185 8366
4103 4116 8219
4122 4144 8266
4033 4041 8074
4083 4130 8213
4086 4134 8220
4054 4153 8207
4037 4058 8095
4036 4193 8229
4086 4100 8186
4090 4133 8223
4116 4164 8280
4168 4182 8350
4075 4132 8207
4166 4184 8350
4010 4122 8132
4071 4174 8245
4073 4103 8176
4062 4194 8256
4032 4053 8085
4013 4025 8038
4165 4199 8364
4187 4193 8380
4047 4069 8116
4162 4179 8341
4124 4175 8299
4013 4193 8206
4077 4149 8226
4146 4149 8295
4147 4193 8340
4166 4190 8356
4144 4173 8317
4074 4125 8199
4055 4158 8213
4178 4195 8373
4017 4140 8157
4036 4185 8221
4022 4055 8077
4005 4166 8171
4012 4189 8201
4115 4159 8274
4150 4170 8320
4037 4076 8113
4037 4088 8125
4146 4190 8336
4165 4182 8347
4177 4193 8370
4148 4190 8338
4161 4171 8332
4073 4146 8219
4193 4196 8389
4093 4163 8256
4073 4079 8152
4121 4140 8261
4015 4134 8149
4193 4196 8389
4074 4124 8198
4011 4093 8104
4014 4058 8072
4090 4152 8242
4026 4086 8112
4127 4156 8283
4025 4145 8170
4197 4198 8395
4008 4122 8130
4044 4122 8166
4166 4199 8365
4016 4157 8173
4193 4197 8390
4162 4196 8358
4132 4188 8320
4063 4068 8131
4130 4187 8317
4009 4110 8119
4154 4181 8335
4154 4168 8322
4006 4012 8018
4025 4060 8085
4178 4183 8361
4178 4199 8377
4145 4151 8296
4129 4190 8319
4013 4142 8155
4068 4101 8169
4102 4105 8207
4083 4183 8266
4167 4186 8353
4076 4140 8216
4173 4189 8362
4168 4170 8338
4157 4172 8329
4038 4145 8183
4048 4157 8205
4104 4150 8254
4086 4167 8253
4097 4197 8294
4176 4196 8372
4126 4171 8297
4087 4158 8245
4085 4200 8285
4026 4049 8075
4098 4101 8199
4043 4102 8145
4008 4104 8112
4048 4056 8104
4174 4189 8363
4154 4162 8316
4083 4190 8273
4084 4182 8266
4174 4188 8362
4145 4186 8331
4019 4052 8071
4071 4115 8186
4082 4184 8266
4081 4170 8251
4077 4108 8185
4106 4197 8303
4102 4150 8252
4155 4198 8353
4192 4199 8391
4004 4088 8092
4075 4123 8198
4036 4138 8174
4194 4200 8394
4165 4175 8340
4071 4078 8149
4077 4164 8241
4028 4106 8134
4185 4194 8379
4124 4134 8258
4101 4170 8271
4184 4188 8372
4144 4167 8311
4005 4117 8122
4090 4172 8262
4157 4167 8324
4021 4144 8165
4190 4196 8386
4005 4070 8075
4017 4059 8076
4085 4100 8185
4108 4161 8269
4125 4154 8279
4046 4117 8163
4009 4064 8073
4171 4172 8343
4159 4176 8335
4088 4140 8228
4031 4083 8114
4175 4193 8368
4107 4141 8248
4030 4125 8155
4125 4138 8263
4110 4154 8264
4001 4166 8167
4038 4051 8089
4168 4178 8346
4100 4126 8226
4037 4050 8087
4095 4098 8193
4099 4183 8282
4094 4111 8205
4096 4178 8274
4081 4102 8183
4194 4199 8393
4140 4157 8297
4169 4170 8339
4008 4054 8062
4153 4195 8348
4001 4020 8021
4043 4082 8125
4122 4188 8310
4120 4158 8278
4077 4123 8200
4151 4163 8314
4165 4182 8347
4017 4019 8036
4101 4188 8289
4165 4176 8341
4005 4082 8087
4125 4157 8282
4153 4199 8352
4190 4197 8387
4132 4160 8292
4090 4103 8193
4079 4153 8232
4165 4171 8336
4155 4183 8338
4185 4198 8383
4014 4142 8156
4087 4143 8230
4160 4183 8343
4135 4189 8324
4094 4189 8283
4088 4105 8193
4152 4186 8338
4025 4130 8155
4006 4150 8156
4191 4195 8386
4152 4170 8322
4005 4111 8116
4046 4142 8188
4028 4093 8121
4039 4053 8092
4165 4166 8331
4111 4125 8236
4063 4109 8172
4031 4043 8074
4071 4196 8267
4111 4190 8301
4012 4127 8139
4108 4190 8298
4002 4143 8145
4162 4168 8330
4086 4125 8211
4035 4063 8098
4131 4188 8319
4126 4200 8326
4040 4109 8149
4039 4082 8121
4112 4188 8300
4086 4098 8184
4187 4199 8386
4144 4169 8313
4060 4079 8139
4105 4134 8239
4156 4161 8317
4182 4184 8366
4188 4190 8378
4060 4116 8176
4141 4185 8326
4069 4178 8247
4120 4181 8301
4102 4151 8253
4183 4200 8383
4081 4114 8195
4005 4027 8032
4122 4157 8279
4045 4141 8186
4028 4081 8109
4065 4159 8224
4170 4176 8346
4076 4181 8257
4117 4149 8266
4120 4161 8281
4018 4121 8139
4121 4138 8259
4132 4180 8312
4102 4132 8234
4156 4171 8327
4026 4029 8055
4123 4160 8283
4150 4180 8330
4067 4091 8158
4049 4195 8244
4128 4150 8278
4066 4082 8148
4018 4122 8140
4173 4193 8366
4025 4104 8129
4171 4198 8369
4005 4098 8103
4051 4131 8182
4031 4186 8217
4098 4190 8288
4072 4155 8227
4157 4179 8336
4134 4175 8309
4191 4192 8383
4071 4195 8266
4129 4171 8300
4028 4149 8177
4049 4053 8102
4014 4048 8062
4060 4177 8237
4024 4088 8112
4198 4200 8398
4147 4193 8340
4032 4050 8082
4005 4010 8015
4013 4113 8126
4008 4109 8117
4091 4140 8231
4152 4182 8334
4002 4181 8183
4094 4175 8269
4121 4149 8270
4110 4196 8306
4193 4195 8388
4015 4040 8055
4140 4198 8338
4146 4164 8310
4166 4181 8347
4026 4162 8188
4065 4174 8239
4166 4169 8335
4124 4177 8301
4165 4170 8335
4030 4038 8068
4096 4164 8260
4075 4183 8258
4038 4049 8087
4155 4181 8336
4063 4096 8159
4158 4175 8333
4042 4177 8219
4198 4200 8398
4134 4163 8297
4165 4182 8347
4058 4133 8191
4034 4107 8141
4064 4079 8143
4160 4185 8345
4124 4172 8296
4090 4194 8284
4005 4117 8122
4140 4200 8340
4086 4186 8272
4170 4192 8362
4084 4089 8173
4138 4162 8300
4048 4138 8186
4086 4093 8179
4050 4091 8141
4102 4190 8292
4059 4192 8251
4103 4174 8277
4194 4200 8394
4133 4191 8324
4084 4090 8174
4178 4194 8372
4069 4100 8169
4185 4193 8378
4046 4082 8128
4178 4191 8369
4053 4119 8172
4081 4163 8244
4055 4174 8229
4080 4177 8257
4117 4182 8299
4084 4127 8211
4114 4135 8249
4089 4141 8230
4003 4163 8166
4021 4122 8143
4069 4177 8246
4048 4051 8099
4105 4175 8280
4077 4086 8163
4076 4108 8184
4005 4069 8074
4000 4031 8031
4148 4179 8327
4198 4199 8397
4134 4175 8309
4183 4185 8368
4042 4083 8125
4087 4145 8232
4164 4170 8334
4059 4064 8123
4085 4122 8207
4198 4200 8398
4033 4075 8108
4095 4111 8206
4114 4130 8244
4103 4169 8272
4127 4187 8314
4078 4122 8200
4161 4192 8353
4052 4056 8108
4131 4173 8304
4126 4176 8302
4019 4076 8095
4120 4128 8248
4067 4190 8257
4048 4157 8205
4198 4199 8397
4117 4175 8292
4013 4021 8034
4118 4172 8290
4188 4196 8384
4015 4036 8051
4146 4164 8310
4164 4176 8340
4192 4194 8386
4049 4179 8228
4139 4177 8316
4130 4199 8329
4122 4124 8246
4174 4188 8362
4161 4180 8341
4025 4153 8178
4124 4127 8251
4010 4024 8034
4058 4133 8191
4125 4152 8277
4061 4124 8185
4003 4072 8075
4114 4157 8271
4138 4151 8289
4190 4197 8387
4066 4184 8250
4031 4099 8130
4018 4161 8179
4042 4068 8110
4167 4190 8357
4186 4200 8386
4110 4135 8245
4178 4188 8366
4068 4140 8208
4129 4160 8289
4179 4200 8379
4025 4085 8110
4000 4073 8073
4057 4177 8234
4175 4191 8366
4125 4161 8286
4112 4129 8241
4044 4095 8139
4020 4132 8152
4111 4136 8247

4144 4190 8324
4175 4179 8329
4224 4266 8488
4279 4281 8538
4159 4181 8327
4261 4287 8535
4207 4232 8416
4275 4286 8553
4185 4243 8412
4178 4233 8373
4199 4274 8438
4264 4288 8520
4100 4293 8392
4222 4227 8409
4168 4224 8363
4152 4207 8328
4277 4289 8559
4295 4296 8566
4299 4300 8578
4274 4278 8545
4181 4262 8432
4177 4292 8465
4164 4261 8397
4199 4288 8467
4129 4277 8394
4253 4282 8498
4203 4210 8400
4166 4294 8422
4289 4295 8558
4240 4289 8504
4288 4293 8546
4196 4294 8455
4100 4274 8352
4278 4290 8547
4206 4268 8472
4127 4284 8407
4178 4191 8355
4103 4109 8187
4106 4142 8216
4124 4232 8336
4131 4291 8389
4251 4280 8516
4148 4248 8362
4255 4275 8528
4214 4227 8437
4170 4229 8380
4260 4262 8514
4163 4183 8334
4140 4277 8391
4214 4229 8414
4145 4231 8341
4105 4277 8357
4255 4285 8521
4260 4300 8557
4134 4140 8250
4133 4180 8286
4149 4188 8298
4247 4270 8488
4191 4202 8382
4191 4239 8415
4122 4230 8325
4239 4246 8448
4243 4285 8524
4119 4289 8373
4133 4157 8254
4138 4299 8412
4106 4285 8363
4228 4284 8474
4129 4135 8261
4281 4289 8535
4281 4300 8544
4197 4298 8474
4271 4290 8553
4118 4185 8293
4260 4299 8541
4128 4234 8342
4122 4168 8273
4187 4263 8427
4284 4290 8550
4259 4300 8536
4292 4293 8567
4150 4161 8276
4249 4257 8504
4297 4299 8570
4264 4277 8521
4107 4204 8286
4130 4188 8300
4127 4216 8318
4216 4262 8462
4265 4266 8514
4146 4190 8313
4182 4287 8435
4192 4200 8383
4249 4285 8527
4189 4284 8470
4299 4300 8592
4250 4262 8474
4267 4292 8543
4100 4233 8303
4108 4291 8367
4171 4173 8337
4131 4142 8257
4294 4297 8559
4261 4264 8502
4134 4213 8342
4100 4125 8201
4112 4262 8350
4140 4297 8421
4208 4298 8470
4211 4239 8412
4167 4221 8384
4225 4244 8439
4125 4213 8317
4246 4248 8462
4227 4265 8471
4145 4293 8401
4289 4290 8570
4262 4298 8537
4254 4261 8486
4291 4300 8564
4121 4207 8301
4105 4140 8244
4165 4294 8422
4284 4293 8552
4123 4254 8350
4228 4283 8485
4119 4269 8382
4216 4299 8507
4291 4297 8552
4169 4192 8346
4108 4236 8332
4162 4243 8379
4177 4281 8419
4101 4274 8364
4192 4287 8447
4141 4238 8373
4280 4294 8537
4149 4210 8353
4288 4296 8573
4282 4296 8576
4167 4173 8306
4152 4286 8404
4292 4296 8574
4100 4165 8261
4157 4230 8386
4135 4257 8389
4135 4194 8314
4177 4211 8374
4161 4289 8445
4108 4124 8210
4267 4290 8530
4291 4300 8564
4193 4272 8449
4168 4275 8410
4216 4285 8490
4104 4110 8198
4188 4201 8362
4178 4267 8441
4175 4248 8385
4271 4274 8523
4194 4207 8371
4244 4261 8498
4186 4265 8420
4123 4283 8394
4234 4260 8459
4214 4287 8474
4183 4258 8414
4107 4267 8345
4132 4217 8330
4272 4279 8532
4277 4300 8537
4282 4289 8547
4216 4229 8408
4235 4291 8497
4237 4254 8463
4212 4214 8399
4111 4113 8214
4217 4278 8474
4133 4284 8382
4298 4300 8593
4161 4296 8432
4278 4281 8541
4257 4290 8540
4215 4255 8456
4255 4282 8517
4278 4293 8553
4180 4211 8360
4291 4299 8558
4243 4284 8498
4177 4264 8408
4230 4248 8441
4183 4226 8401
4228 4254 8461
4187 4263 8430
4270 4276 8513
4193 4298 8457
4183 4199 8345
4207 4238 8444
4130 4296 8387
4225 4261 8481
4282 4292 8536
4278 4298 8573
4141 4290 8429
4173 4213 8352
4283 4290 8537
4196 4269 8461
4233 4270 8489
4105 4126 8194
4273 4282 8521
4116 4220 8314
4261 4267 8514
4275 4282 8552
4185 4229 8379
4180 4278 8438
4233 4254 8454
4229 4264 8474
4164 4251 8398
4155 4240 8381
4271 4300 8531
4259 4290 8515
4255 4291 8518
4217 4286 8495
4213 4225 8398
4256 4300 8534
4196 4264 8435
4287 4300 8547
4201 4263 8438
4243 4268 8478
4207 4236 8428
4264 4297 8560
4155 4170 8307
4111 4282 8379
4188 4232 8404
4136 4144 8248
4122 4191 8289
4290 4292 8575
4279 4280 8522
4115 4218 8312
4104 4196 8281
4180 4295 8470
4196 4252 8433
4288 4295 8546
4127 4215 8334
4148 4247 8379
4176 4230 8396
4238 4272 8506
4225 4242 8465
4231 4239 8467
4144 4184 8293
4247 4258 8472
4283 4288 8542
4298 4300 8578
4281 4290 8546
4236 4274 8509
4274 4279 8534
4218 4260 8454
4200 4204 8403
4296 4300 8572
4289 4294 8563
4281 4293 8541
4179 4184 8337
4177 4285 8457
4137 4257 8377
4195 4297 8460
4135 4283 8384
4204 4273 8471
4162 4177 8310
4105 4109 8198
4164 4255 8404
4184 4187 8340
4130 4269 8377
4189 4256 8418
4263 4276 8515
4244 4271 8501
4284 4297 8568
4294 4298 8554
4263 4299 8533
4180 4218 8363
4195 4282 8439
4261 4275 8524
4114 4133 8244
4129 4255 8365
4246 4279 8492
4264 4289 8517
4152 4239 8364
4144 4171 8288
4223 4276 8483
4246 4294 8526
4240 4298 8528
4126 4296 8384
4159 4296 8428
4220 4245 8432
4114 4296 8394
4218 4274 8455
4212 4226 8425
4167 4233 8382
4182 4275 8430
4242 4266 8490
4215 4233 8415
4258 4290 8546
4283 4288 8534
4138 4269 8386
4215 4236 8413
4234 4253 8448
4291 4296 8576
4297 4299 8581
4122 4299 8418
4159 4189 8330
4221 4258 8477
4286 4293 8575
4221 4287 8469
4285 4297 8542
4162 4175 8321
4274 4285 8525
4234 4252 8473
4116 4120 8223
4221 4276 8484
4271 4279 8515
4258 4294 8524
4139 4199 8321
4149 4268 8403
4185 4264 8428
4172 4218 8371
4139 4166 8275
4213 4222 8399
4266 4284 8548
4173 4238 8381
4170 4213 8371
4279 4300 8576
4100 4203 8265
4239 4255 8462
4262 4268 8514
4292 4295 8567
4194 4268 8452
4255 4287 8508
4277 4298 8544
4263 4283 8529
4183 4233 8403
4275 4286 8544
4162 4166 8298
4107 4128 8208
4243 4287 8501
4177 4234 8397
4153 4256 8372
4210 4226 8404
4282 4292 8555
4294 4300 8593
4214 4249 8444
4287 4293 8577
4119 4145 8252
4205 4285 8457
4250 4282 8501
4159 4220 8378
4240 4280 8509
4230 4260 8470
4158 4291 8413
4228 4276 8498
4187 4238 8401
4170 4183 8315
4229 4246 8442
4178 4196 8343
4161 4262 8400
4236 4257 8475
4196 4251 8439
4166 4246 8392
4176 4226 8378
4202 4220 8412
4229 4233 8439
4292 4298 8556
4238 4249 8450
4181 4256 8414
4284 4300 8569
4128 4276 8375
4116 4298 8389
4190 4203 8371
4104 4167 8248
4207 4218 8408
4177 4247 8403
4146 4292 8434
4294 4300 8593
4231 4266 8481
4169 4276 8436
4111 4177 8258
4114 4260 8367
4101 4155 8229
4189 4281 8438
4279 4282 8549
4230 4266 8462
4286 4299 8578
4283 4284 8542
4244 4286 8490
4191 4295 8471
4232 4240 8432
4296 4299 8566
4181 4275 8436
4245 4271 8477
4162 4180 8317
4156 4208 8326
4265 4291 8525
4218 4286 8497
4225 4288 8483
4286 4295 8549
4290 4297 8576
4183 4208 8357
4109 4120 8209
4153 4238 8369
4148 4241 8354
4227 4290 8493
4204 4217 8398
4151 4196 8328
4117 4266 8350
4156 4185 8308
4285 4291 8565
4180 4285 8436
4279 4281 8524
4291 4294 8576
4136 4237 8356
4190 4199 8358
4133 4191 8323
4178 4263 8411
4172 4260 8395
4139 4285 8416
4195 4211 8403
4224 4299 8507
4225 4232 8426
4242 4292 8523
4154 4251 8367
4296 4297 8578
4151 4270 8411
4149 4188 8320
4178 4207 8346
4133 4197 8305
4175 4200 8349
4119 4220 8337
4152 4208 8340
4218 4234 8440
4154 4230 8383
4274 4278 8543
4194 4252 8424
4265 4298 8550
4119 4147 8233
4251 4274 8487
4145 4150 8279
4241 4268 8490
4296 4300 8584
4194 4222 8393
4207 4264 8460
4125 4198 8311
4295 4297 8578
4164 4231 8370
4218 4223 8425
4130 4298 8396
4245 4263 8506
4282 4288 8555
4144 4158 8286
4248 4263 8499
4204 4275 8439
4199 4281 8473
4211 4290 8472
4173 4205 8373
4254 4290 8517
4285 4293 8561
4166 4271 8414
4109 4219 8309
4222 4270 8461
4184 4193 8374
4233 4290 8496
4117 4136 8224
4150 4200 8342
4215 4242 8440
4130 4202 8312
4282 4289 8536
4232 4299 8513
4159 4183 8321
4237 4293 8529
4157 4283 8412
4257 4282 8529
4257 4269 8508
4182 4225 8385
4281 4285 8554
4203 4216 8386
4222 4244 8442
4133 4141 8269
4183 4230 8385
4186 4234 8383
4154 4253 8382
4137 4158 8289
4136 4293 8427
4186 4200 8356
4190 4233 8394
4216 4264 8443
4268 4282 8542
4175 4232 8387
4266 4284 8531
4110 4222 8299
4171 4274 8428
4173 4203 8361
4162 4294 8445
4132 4153 8250
4113 4125 8212
4265 4299 8563
4287 4293 8566
4147 4169 8296
4262 4279 8529
4224 4275 8492
4113 4293 8402
4177 4249 8404
4246 4249 8477
4247 4293 8509
4266 4290 8547
4244 4273 8484
4174 4225 8368
4155 4258 8405
4278 4295 8544
4117 4240 8356
4136 4285 8411
4122 4155 8265
4105 4266 8359
4112 4289 8371
4215 4259 8442
4250 4270 8501
4137 4176 8310
4137 4188 8301
4246 4290 8534
4265 4282 8533
4277 4293 8554
4248 4290 8532
4261 4271 8524
4173 4246 8390
4293 4296 8575
4193 4263 8454
4173 4179 8315
4221 4240 8428
4115 4234 8339
4293 4296 8554
4174 4224 8368
4111 4193 8303
4114 4158 8256
4190 4252 8429
4126 4186 8304
4227 4256 8466
4125 4245 8338
4297 4298 8587
4108 4222 8315
4144 4222 8354
4266 4299 8534
4116 4257 8338
4293 4297 8573
4262 4296 8528
4232 4288 8484
4163 4168 8307
4230 4287 8494
4109 4210 8283
4254 4281 8519
4254 4268 8491
4106 4112 8183
4125 4160 8267
4278 4283 8551
4278 4299 8576
4245 4251 8471
4229 4290 8496
4113 4242 8327
4168 4201 8358
4202 4205 8372
4183 4283 8438
4267 4286 8544
4176 4240 8377
4273 4289 8541
4268 4270 8531
4257 4272 8525
4138 4245 8379
4148 4257 8404
4204 4250 8436
4186 4267 8444
4197 4297 8481
4276 4296 8537
4226 4271 8479
4187 4258 8441
4185 4300 8482
4126 4149 8246
4198 4201 8388
4143 4202 8335
4108 4204 8299
4148 4156 8302
4274 4289 8528
4254 4262 8492
4183 4290 8464
4184 4282 8450
4274 4288 8545
4245 4286 8524
4119 4152 8246
4171 4215 8365
4182 4284 8434
4181 4270 8430
4177 4208 8346
4206 4297 8477
4202 4250 8415
4255 4298 8530
4292 4299 8579
4104 4188 8288
4175 4223 8360
4136 4238 8372
4294 4300 8577
4265 4275 8534
4171 4178 8312
4177 4264 8433
4128 4206 8332
4285 4294 8543
4224 4234 8450
4201 4270 8470
4284 4288 8568
4244 4267 8510
4105 4217 8313
4190 4272 8424
4257 4267 8515
4121 4244 8341
4290 4296 8546
4105 4170 8255
4117 4159 8237
4185 4200 8379
4208 4261 8452
4225 4254 8455
4146 4217 8361
4109 4164 8234
4271 4272 8522
4259 4276 8506
4188 4240 8421
4131 4183 8290
4275 4293 8535
4207 4241 8445
4130 4225 8326
4225 4238 8457
4210 4254 8453
4101 4266 8359
4138 4151 8287
4268 4278 8516
4200 4226 8390
4137 4150 8279
4195 4198 8362
4199 4283 8468
4194 4211 8371
4196 4278 8437
4181 4202 8355
4294 4299 8570
4240 4257 8464
4269 4270 8523
4108 4154 8241
4253 4295 8514
4101 4120 8189
4143 4182 8303
4222 4288 8509
4220 4258 8454
4177 4223 8383
4251 4263 8494
4265 4282 8519
4117 4119 8207
4201 4288 8465
4265 4276 8510
4105 4182 8279
4225 4257 8458
4253 4299 8551
4290 4297 8574
4232 4260 8470
4190 4203 8369
4179 4253 8412
4265 4271 8498
4255 4283 8525
4285 4298 8579
4114 4242 8319
4187 4243 8411
4260 4283 8508
4235 4289 8499
4194 4289 8463
4188 4205 8384
4252 4286 8509
4125 4230 8342
4106 4250 8355
4291 4295 8563
4252 4270 8518
4105 4211 8299
4146 4242 8351
4128 4193 8297
4139 4153 8269
4265 4266 8498
4211 4225 8429
4163 4209 8371
4131 4143 8245
4171 4296 8428
4211 4290 8486
4112 4227 8330
4208 4290 8496
4102 4243 8344
4262 4268 8501
4186 4225 8377
4135 4163 8270
4231 4288 8504
4226 4300 8491
4140 4209 8334
4139 4182 8314
4212 4288 8466
4186 4198 8376
4287 4299 8583
4244 4269 8476
4160 4179 8337
4205 4234 8411
4256 4261 8511
4282 4284 8531
4288 4290 8572
4160 4216 8342
4241 4285 8502
4169 4278 8440
4220 4281 8469
4202 4251 8440
4283 4300 8549
4181 4214 8360
4105 4127 8203
4222 4257 8465
4145 4241 8361
4128 4181 8270
4165 4259 8401
4270 4276 8506
4176 4281 8456
4217 4249 8454
4220 4261 8479
4118 4221 8312
4221 4238 8450
4232 4280 8501
4202 4232 8427
4256 4271 8524
4126 4129 8234
4223 4260 8444
4250 4280 8498
4167 4191 8322
4149 4295 8413
4228 4250 8439
4166 4182 8312
4118 4222 8325
4273 4293 8546
4125 4204 8295
4271 4298 8538
4105 4198 8284
4151 4231 8348
4131 4286 8393
4198 4290 8460
4172 4255 8391
4257 4279 8500
4234 4275 8492
4291 4292 8570
4171 4295 8437
4229 4271 8485
4128 4249 8349
4149 4153 8270
4114 4148 8241
4160 4277 8408
4124 4188 8293
4298 4300 8595
4247 4293 8531
4132 4150 8243
4105 4110 8182
4113 4213 8305
4108 4209 8297
4191 4240 8423
4252 4282 8499
4102 4281 8374
4194 4275 8448
4221 4249 8434
4210 4296 8504
4293 4295 8561
4115 4140 8220
4240 4298 8499
4246 4264 8505
4266 4281 8529
4126 4262 8377
4165 4274 8417
4266 4269 8528
4224 4277 8471
4265 4270 8519
4130 4138 8246
4196 4264 8455
4175 4283 8421
4138 4149 8284
4255 4281 8517
4163 4196 8330
4258 4275 8528
4142 4277 8382
4298 4300 8588
4234 4263 8457
4265 4282 8530
4158 4233 8384
4134 4207 8339
4164 4179 8332
4260 4285 8539
4224 4272 8471
4190 4294 8461
4105 4217 8283
4240 4300 8524
4186 4286 8460
4270 4292 8522
4184 4189 8360
4238 4262 8463
4148 4238 8355
4186 4193 8345
4150 4191 8316
4202 4290 8487
4159 4292 8440
4203 4274 8463
4294 4300 8570
4233 4291 8509
4184 4190 8368
4278 4294 8570
4169 4200 8334
4285 4293 8555
4146 4182 8295
4278 4291 8536
4153 4219 8335
4181 4263 8413
4155 4274 8401
4180 4277 8436
4217 4282 8488
4184 4227 8395
4214 4235 8413
4189 4241 8426
4103 4263 8345
4121 4222 8309
4169 4277 8409
4148 4151 8271
4205 4275 8454
4177 4186 8339
4176 4208 8355
4105 4169 8267
4100 4131 8216
4248 4279 8509
4298 4299 8584
4234 4275 8483
4283 4285 8532
4142 4183 8323
4187 4245 8423
4264 4270 8512
4159 4164 8285
4185 4222 8371
4298 4300 8560
4133 4175 8290
4195 4211 8368
4214 4230 8436
4203 4269 8463
4227 4287 8486
4178 4222 8379
4261 4292 8551
4152 4156 8283
4231 4273 8500
4226 4276 8467
4119 4176 8264
4220 4228 8428
4167 4290 8433
4148 4257 8369
4298 4299 8567
4217 4275 8466
4113 4121 8210
4218 4272 8486
4288 4296 8556
4115 4136 8212
4246 4264 8503
4264 4276 8519
4292 4294 8558
4149 4279 8413
4239 4277 8505
4230 4299 8528
4222 4224 8414
4274 4288 8523
4261 4280 8534
4125 4253 8340
4224 4227 8424
4110 4124 8222
4158 4233 8373
4225 4252 8452
4161 4224 8368
4103 4172 8274
4214 4257 8437
4238 4251 8472
4290 4297 8574
4166 4284 8435
4131 4199 8312
4118 4261 8373
4142 4168 8292
4267 4290 8534
4286 4300 8579
4210 4235 8427
4278 4288 8533
4168 4240 8379
4229 4260 8486
4279 4300 8541
4125 4185 8300
4100 4173 8271
4157 4277 8402
4275 4291 8565
4225 4261 8468
4212 4229 8426
4144 4195 8302
4120 4232 8336
4211 4236 8431

0.010000 0.680000
