300
1035636
4189 4196 8385
4054 4076 8130
4136 4154 8290
4189 4197 8386
4095 4121 8216
4090 4183 8273
4191 4199 8390
4024 4118 8142
4107 4196 8303
4085 4137 8222
4007 4114 8121
4135 4160 8295
4053 4091 8144
4158 4164 8322
4061 4079 8140
4142 4173 8315
4075 4125 8200
4097 4155 8252
4191 4196 8387
4010 4085 8095
4193 4200 8393
4023 4156 8179
4072 4137 8209
4134 4160 8294
4199 4200 8399
4110 4114 8224
4152 4173 8325
4005 4162 8167
4031 4038 8069
4011 4164 8175
4152 4182 8334
4097 4135 8232
4131 4196 8327
4094 4171 8265
4197 4199 8396
4099 4126 8225
4135 4164 8299
4055 4132 8187
4146 4170 8316
4019 4129 8148
4163 4194 8357
4191 4195 8386
4155 4189 8344
4018 4093 8111
4028 4032 8060
4120 4143 8263
4103 4147 8250
4133 4156 8289
4107 4143 8250
4121 4123 8244
4159 4196 8355
4075 4127 8202
4063 4194 8257
4028 4143 8171
4109 4173 8282
4138 4152 8290
4159 4185 8344
4002 4176 8178
4038 4087 8125
4191 4200 8391
4050 4113 8163
4002 4125 8127
4091 4117 8208
4076 4187 8263
4003 4115 8118
4116 4164 8280
4164 4187 8351
4118 4164 8282
4055 4109 8164
4044 4128 8172
4183 4197 8380
4119 4157 8276
4090 4122 8212
4180 4182 8362
4104 4146 8250
4016 4060 8076
4057 4147 8204
4017 4035 8052
4050 4067 8117
4162 4188 8350
4177 4186 8363
4043 4148 8191
4053 4164 8217
4046 4159 8205
4032 4082 8114
4143 4169 8312
4016 4159 8175
4011 4192 8203
4163 4189 8352
4111 4122 8233
4081 4168 8249
4032 4045 8077
4072 4155 8227
4171 4186 8357
4011 4120 8131
4162 4196 8358
4148 4196 8344
4072 4162 8234
4087 4136 8223
4143 4187 8330
4161 4184 8345
4001 4064 8065
4054 4120 8174
4011 4061 8072
4168 4194 8362
4181 4198 8379
4015 4182 8197
4154 4162 8316
4013 4023 8036
4153 4192 8345
4036 4129 8165
4198 4200 8398
4004 4184 8188
4071 4148 8219
4154 4194 8348
4179 4199 8378
4087 4194 8281
4142 4183 8325
4081 4146 8227
4008 4086 8094
4146 4195 8341
4035 4107 8142
4017 4164 8181
4024 4069 8093
4136 4194 8330
4135 4141 8276
4062 4097 8159
4170 4194 8364
4031 4109 8140
4026 4076 8102
4005 4050 8055
4157 4174 8331
4050 4058 8108
4096 4190 8286
4088 4146 8234
4183 4192 8375
4158 4165 8323
4162 4177 8339
4134 4159 8293
4071 4091 8162
4136 4175 8311
4024 4026 8050
4135 4193 8328
4008 4095 8103
4093 4128 8221
4124 4177 8301
4095 4113 8208
4048 4061 8109
4146 4160 8306
4090 4180 8270
4105 4172 8277
4186 4195 8381
4029 4140 8169
4150 4161 8311
4078 4100 8178
4088 4168 8256
4083 4194 8277
4142 4143 8285
4110 4130 8240
4124 4136 8260
4028 4048 8076
4185 4187 8372
4182 4194 8376
4096 4118 8214
4028 4121 8149
4095 4096 8191
4083 4150 8233
4163 4171 8334
4140 4186 8326
4107 4120 8227
4071 4079 8150
4063 4111 8174
4097 4127 8224
4125 4182 8307
4129 4172 8301
4000 4184 8184
4059 4188 8247
4036 4140 8176
4170 4177 8347
4183 4185 8368
4057 4083 8140
4019 4046 8065
4190 4198 8388
4007 4020 8027
4011 4117 8128
4146 4169 8315
4080 4136 8216
4127 4151 8278
4017 4127 8144
4032 4090 8122
4121 4164 8285
4112 4156 8268
4130 4181 8311
4071 4072 8143
4106 4179 8285
4080 4086 8166
4159 4161 8320
4024 4154 8178
4184 4190 8374
4048 4173 8221
4169 4191 8360
4175 4186 8361
4056 4144 8200
4178 4184 8362
4001 4079 8080
4041 4053 8094
4108 4156 8264
4183 4197 8380
4039 4049 8088
4077 4192 8269
4061 4142 8203
4199 4200 8399
4005 4170 8175
4185 4191 8376
4017 4034 8051
4169 4193 8362
4045 4081 8126
4054 4094 8148
4135 4188 8323
4165 4173 8338
4104 4200 8304
4005 4157 8162
4041 4149 8190
4199 4200 8399
4082 4178 8260
4082 4190 8272
4090 4139 8229
4118 4128 8246
4042 4144 8186
4137 4194 8331
4072 4188 8260
4069 4135 8204
4022 4188 8210
4040 4090 8130
4179 4200 8379
4049 4107 8156
4015 4074 8089
4092 4172 8264
4103 4125 8228
4036 4052 8088
4049 4175 8224
4072 4094 8166
4143 4158 8301
4065 4102 8167
4038 4078 8116
4139 4186 8325
4003 4008 8011
4008 4077 8085
4163 4196 8359
4017 4138 8155
4043 4118 8161
4147 4196 8343
4019 4103 8122
4124 4156 8280
4085 4086 8171
4080 4103 8183
4171 4187 8358
4059 4192 8251
4100 4150 8250
4073 4094 8167
4110 4126 8236
4051 4059 8110
4137 4139 8276
4131 4185 8316
4123 4161 8284
4148 4171 8319
4151 4193 8344
4164 4198 8362
4076 4086 8162
4086 4164 8250
4018 4049 8067
4143 4155 8298
4152 4171 8323
4085 4195 8280
4111 4119 8230
4035 4069 8104
4003 4173 8176
4162 4163 8325
4010 4171 8181
4058 4199 8257
4012 4136 8148
4092 4190 8282
4029 4030 8059
4103 4181 8284
4192 4193 8385
4182 4189 8371
4045 4146 8191
4124 4158 8282
4006 4137 8143
4058 4100 8158
4097 4103 8200
4058 4168 8226
4059 4096 8155
4109 4119 8228
4109 4132 8241
4137 4176 8313
4142 4178 8320
4196 4197 8393
4076 4081 8157
4129 4177 8306

4289 4296 8546
4154 4176 8315
4236 4254 8477
4289 4297 8584
4195 4221 8377
4190 4283 8462
4291 4299 8563
4124 4218 8318
4207 4296 8480
4185 4237 8396
4107 4214 8310
4235 4260 8492
4153 4191 8341
4258 4264 8517
4161 4179 8303
4242 4273 8483
4175 4225 8379
4197 4255 8443
4291 4296 8559
4110 4185 8264
4293 4300 8583
4123 4256 8370
4172 4237 8402
4234 4260 8478
4299 4300 8567
4210 4214 8384
4252 4273 8520
4105 4262 8358
4131 4138 8254
4111 4264 8362
4252 4282 8530
4197 4235 8424
4231 4296 8524
4194 4271 8438
4297 4299 8565
4199 4226 8411
4235 4264 8469
4155 4232 8373
4246 4270 8488
4119 4229 8319
4263 4294 8540
4291 4295 8560
4255 4289 8538
4118 4193 8289
4128 4132 8225
4220 4243 8428
4203 4247 8449
4233 4256 8464
4207 4243 8419
4221 4223 8422
4259 4296 8532
4175 4227 8391
4163 4294 8452
4128 4243 8348
4209 4273 8452
4238 4252 8473
4259 4285 8541
4102 4276 8351
4138 4187 8324
4291 4300 8569
4150 4213 8353
4102 4225 8321
4191 4217 8402
4176 4287 8457
4103 4215 8297
4216 4264 8455
4264 4287 8521
4218 4264 8456
4155 4209 8336
4144 4228 8338
4283 4297 8569
4219 4257 8454
4190 4222 8391
4280 4282 8551
4204 4246 8431
4116 4160 8260
4157 4247 8389
4117 4135 8225
4150 4167 8279
4262 4288 8549
4277 4286 8562
4143 4248 8376
4153 4264 8391
4146 4259 8399
4132 4182 8309
4243 4269 8473
4116 4259 8372
4111 4292 8391
4263 4289 8538
4211 4222 8397
4181 4268 8436
4132 4145 8248
4172 4255 8413
4271 4286 8527
4111 4220 8296
4262 4296 8549
4248 4296 8543
4172 4262 8423
4187 4236 8394
4243 4287 8525
4261 4284 8511
4101 4164 8252
4154 4220 8343
4111 4161 8266
4268 4294 8553
4281 4298 8561
4115 4282 8382
4254 4262 8497
4113 4123 8197
4253 4292 8515
4136 4229 8330
4298 4300 8582
4104 4284 8387
4171 4248 8416
4254 4294 8517
4279 4299 8554
4187 4294 8447
4242 4283 8486
4181 4246 8399
4108 4186 8273
4246 4295 8516
4135 4207 8313
4117 4264 8346
4124 4169 8273
4236 4294 8513
4235 4241 8459
4162 4197 8322
4270 4294 8545
4131 4209 8304
4126 4176 8300
4105 4150 8230
4257 4274 8498
4150 4158 8283
4196 4290 8480
4188 4246 8411
4283 4292 8552
4258 4265 8492
4262 4277 8516
4234 4259 8485
4171 4191 8360
4236 4275 8491
4124 4126 8223
4235 4293 8515
4108 4195 8270
4193 4228 8404
4224 4277 8491
4195 4213 8389
4148 4161 8296
4246 4260 8503
4190 4280 8442
4205 4272 8442
4286 4295 8554
4129 4240 8362
4250 4261 8495
4178 4200 8351
4188 4268 8420
4183 4294 8442
4242 4243 8466
4210 4230 8437
4224 4236 8420
4128 4148 8254
4285 4287 8543
4282 4294 8548
4196 4218 8410
4128 4221 8335
4195 4196 8363
4183 4250 8394
4263 4271 8527
4240 4286 8517
4207 4220 8426
4171 4179 8337
4163 4211 8339
4197 4227 8391
4225 4282 8479
4229 4272 8482
4100 4284 8354
4159 4288 8444
4136 4240 8373
4270 4277 8538
4283 4285 8558
4157 4183 8311
4119 4146 8243
4290 4298 8580
4107 4120 8223
4111 4217 8292
4246 4269 8499
4180 4236 8399
4227 4251 8459
4117 4227 8316
4132 4190 8308
4221 4264 8462
4212 4256 8452
4230 4281 8474
4171 4172 8312
4206 4279 8473
4180 4186 8356
4259 4261 8514
4124 4254 8343
4284 4290 8570
4148 4273 8413
4269 4291 8522
4275 4286 8528
4156 4244 8382
4278 4284 8532
4101 4179 8273
4141 4153 8282
4208 4256 8424
4283 4297 8547
4139 4149 8278
4177 4292 8443
4161 4242 8385
4299 4300 8573
4105 4270 8338
4285 4291 8557
4117 4134 8228
4269 4293 8523
4145 4181 8299
4154 4194 8339
4235 4288 8494
4265 4273 8534
4204 4300 8472
4105 4257 8357
4141 4249 8366
4299 4300 8595
4182 4278 8452
4182 4290 8444
4190 4239 8420
4218 4228 8415
4142 4244 8369
4237 4294 8505
4172 4288 8455
4169 4235 8369
4122 4288 8388
4140 4190 8300
4279 4300 8575
4149 4207 8332
4115 4174 8261
4192 4272 8452
4203 4225 8408
4136 4152 8253
4149 4275 8411
4172 4194 8347
4243 4258 8464
4165 4202 8360
4138 4178 8285
4239 4286 8512
4103 4108 8177
4108 4177 8270
4263 4296 8539
4117 4238 8316
4143 4218 8332
4247 4296 8508
4119 4203 8299
4224 4256 8471
4185 4186 8356
4180 4203 8362
4271 4287 8551
4159 4292 8418
4200 4250 8432
4173 4194 8366
4210 4226 8404
4151 4159 8305
4237 4239 8471
4231 4285 8502
4223 4261 8462
4248 4271 8493
4251 4293 8536
4264 4298 8556
4176 4186 8343
4186 4264 8440
4118 4149 8230
4243 4255 8458
4252 4271 8488
4185 4295 8453
4211 4219 8403
4135 4169 8296
4103 4273 8351
4262 4263 8520
4110 4271 8374
4158 4299 8454
4112 4236 8340
4192 4290 8476
4129 4130 8244
4203 4281 8452
4292 4293 8555
4282 4289 8549
4145 4246 8363
4224 4258 8462
4106 4237 8322
4158 4200 8352
4197 4203 8383
4158 4268 8415
4159 4196 8345
4209 4219 8401
4209 4232 8439
4237 4276 8478
4242 4278 8513
4296 4297 8574
4176 4181 8322
4229 4277 8493

0.010000 0.410000
