300
656695
4027 4055 8082
4009 4163 8172
4106 4162 8268
4126 4143 8269
4184 4197 8381
4168 4174 8342
4071 4084 8155
4133 4148 8281
4026 4092 8118
4182 4196 8378
4079 4087 8166
4036 4108 8144
4003 4037 8040
4177 4188 8365
4087 4129 8216
4128 4190 8318
4135 4154 8289
4090 4113 8203
4145 4153 8298
4119 4141 8260
4162 4179 8341
4013 4014 8027
4152 4194 8346
4151 4186 8337
4098 4180 8278
4054 4117 8171
4167 4169 8336
4054 4120 8174
4198 4199 8397
4141 4194 8335
4142 4173 8315
4170 4198 8368
4054 4055 8109
4094 4157 8251
4110 4142 8252
4050 4147 8197
4012 4066 8078
4002 4043 8045
4151 4180 8331
4068 4147 8215
4035 4142 8177
4147 4189 8336
4015 4037 8052
4112 4184 8296
4110 4167 8277
4046 4140 8186
4101 4109 8210
4061 4067 8128
4043 4193 8236
4105 4190 8295
4038 4047 8085
4019 4132 8151
4049 4056 8105
4176 4179 8355
4127 4186 8313
4018 4138 8156
4015 4016 8031
4147 4174 8321
4075 4184 8259
4170 4187 8357
4039 4075 8114
4179 4183 8362
4030 4088 8118
4162 4172 8334
4018 4192 8210
4173 4181 8354
4099 4198 8297
4196 4200 8396
4116 4167 8283
4189 4194 8383
4034 4095 8129
4025 4141 8166
4170 4193 8363
4031 4108 8139
4077 4199 8276
4137 4191 8328
4035 4180 8215
4146 4169 8315
4165 4188 8353
4071 4126 8197
4068 4094 8162
4038 4066 8104
4023 4110 8133
4131 4191 8322
4104 4126 8230
4017 4108 8125
4053 4169 8222
4007 4083 8090
4031 4108 8139
4004 4189 8193
4185 4194 8379
4023 4064 8087
4094 4148 8242
4012 4175 8187
4012 4054 8066
4035 4138 8173
4182 4189 8371
4006 4094 8100
4015 4043 8058
4183 4197 8380
4040 4093 8133
4193 4196 8389
4065 4077 8142
4148 4164 8312
4089 4099 8188
4139 4152 8291
4018 4058 8076
4000 4005 8005
4074 4138 8212
4093 4142 8235
4054 4192 8246
4181 4196 8377
4002 4008 8010
4185 4193 8378
4077 4197 8274
4198 4200 8398
4143 4178 8321
4078 4175 8253
4018 4113 8131
4031 4044 8075
4082 4174 8256
4082 4153 8235
4002 4017 8019
4045 4071 8116
4082 4128 8210
4047 4099 8146
4054 4199 8253
4060 4177 8237
4140 4181 8321
4057 4187 8244
4068 4172 8240
4008 4051 8059
4176 4179 8355
4135 4139 8274
4138 4167 8305
4015 4194 8209
4078 4142 8220
4151 4161 8312
4061 4141 8202
4077 4139 8216
4098 4131 8229
4160 4196 8356
4032 4087 8119
4047 4158 8205
4133 4200 8333
4114 4141 8255
4047 4054 8101
4141 4179 8320
4134 4197 8331
4025 4063 8088
4126 4187 8313
4066 4087 8153
4136 4182 8318
4115 4156 8271
4101 4130 8231
4054 4183 8237
4196 4198 8394
4158 4193 8351
4150 4177 8327
4078 4185 8263
4106 4174 8280
4030 4077 8107
4106 4176 8282
4186 4196 8382
4027 4092 8119
4125 4131 8256
4135 4144 8279
4000 4010 8010
4018 4129 8147
4188 4196 8384
4134 4150 8284
4055 4082 8137
4028 4066 8094
4009 4164 8173
4180 4185 8365
4191 4200 8391
4013 4048 8061
4033 4041 8074
4014 4180 8194
4135 4173 8308
4148 4171 8319
4049 4095 8144
4170 4176 8346
4151 4191 8342
4121 4174 8295
4008 4160 8168
4162 4189 8351
4176 4182 8358
4180 4183 8363
4032 4137 8169
4076 4135 8211
4024 4103 8127
4065 4140 8205
4173 4192 8365
4111 4192 8303
4115 4190 8305
4043 4056 8099
4132 4150 8282
4160 4196 8356
4079 4188 8267
4117 4179 8296
4040 4103 8143
4101 4198 8299
4039 4074 8113
4160 4163 8323
4161 4167 8328
4169 4183 8352
4130 4186 8316
4185 4197 8382
4127 4151 8278
4129 4159 8288
4165 4167 8332
4074 4126 8200
4062 4132 8194
4061 4175 8236
4031 4055 8086
4124 4145 8269
4010 4109 8119
4034 4162 8196
4059 4189 8248
4018 4161 8179
4021 4128 8149
4158 4190 8348
4003 4078 8081
4025 4090 8115
4038 4137 8175
4173 4186 8359
4171 4187 8358
4046 4122 8168
4117 4171 8288
4099 4156 8255
4157 4176 8333
4079 4086 8165
4044 4177 8221
4163 4192 8355
4084 4165 8249
4102 4183 8285
4161 4190 8351
4055 4125 8180
4155 4162 8317
4122 4178 8300
4018 4115 8133
4048 4167 8215
4102 4126 8228
4112 4194 8306
4136 4193 8329
4031 4187 8218
4009 4123 8132
4098 4104 8202
4007 4089 8096
4068 4083 8151
4064 4156 8220
4174 4190 8364
4197 4200 8397
4046 4164 8210
4183 4188 8371
4121 4125 8246
4185 4195 8380
4179 4195 8374
4084 4151 8235
4109 4117 8226
4094 4178 8272
4162 4199 8361
4009 4171 8180
4000 4122 8122
4041 4122 8163
4055 4154 8209
4159 4167 8326
4006 4106 8112
4143 4200 8343
4078 4084 8162
4080 4172 8252
4161 4198 8359
4003 4136 8139
4163 4174 8337
4067 4139 8206
4102 4186 8288
4135 4194 8329
4033 4196 8229
4126 4138 8264
4155 4159 8314
4097 4158 8255
4152 4188 8340
4103 4124 8227
4024 4158 8182
4024 4132 8156
4043 4066 8109
4131 4173 8304
4155 4196 8351
4151 4196 8347
4090 4093 8183
4131 4173 8304
4079 4163 8242
4041 4050 8091
4109 4157 8266
4141 4197 8338
4175 4200 8375
4046 4114 8160
4185 4195 8380
4047 4173 8220

4127 4155 8276
4109 4263 8342
4206 4262 8452
4226 4243 8461
4284 4297 8548
4268 4274 8503
4171 4184 8345
4233 4248 8475
4126 4192 8281
4282 4296 8553
4179 4187 8340
4136 4208 8308
4103 4137 8212
4277 4288 8557
4187 4229 8396
4228 4290 8485
4235 4254 8465
4190 4213 8397
4245 4253 8496
4219 4241 8424
4262 4279 8511
4113 4114 8192
4252 4294 8535
4251 4286 8519
4198 4280 8446
4154 4217 8345
4267 4269 8515
4154 4220 8367
4298 4299 8594
4241 4294 8506
4242 4273 8512
4270 4298 8549
4154 4155 8273
4194 4257 8427
4210 4242 8423
4150 4247 8377
4112 4166 8240
4102 4143 8218
4251 4280 8497
4168 4247 8407
4135 4242 8364
4247 4289 8527
4115 4137 8226
4212 4284 8480
4210 4267 8451
4146 4240 8379
4201 4209 8392
4161 4167 8296
4143 4293 8410
4205 4290 8494
4138 4147 8249
4119 4232 8321
4149 4156 8278
4276 4279 8524
4227 4286 8495
4118 4238 8336
4115 4116 8227
4247 4274 8515
4175 4284 8450
4270 4287 8524
4139 4175 8286
4279 4283 8554
4130 4188 8299
4262 4272 8504
4118 4292 8375
4273 4281 8540
4199 4298 8469
4296 4300 8584
4216 4267 8455
4289 4294 8564
4134 4195 8293
4125 4241 8354
4270 4293 8548
4131 4208 8310
4177 4299 8456
4237 4291 8527
4135 4280 8378
4246 4269 8476
4265 4288 8539
4171 4226 8394
4168 4194 8329
4138 4166 8265
4123 4210 8319
4231 4291 8484
4204 4226 8421
4117 4208 8316
4153 4269 8419
4107 4183 8268
4131 4208 8327
4104 4289 8361
4285 4294 8578
4123 4164 8264
4194 4248 8440
4112 4275 8384
4112 4154 8230
4135 4238 8367
4282 4289 8555
4106 4194 8290
4115 4143 8232
4283 4297 8544
4140 4193 8298
4293 4296 8586
4165 4177 8330
4248 4264 8486
4189 4199 8371
4239 4252 8467
4118 4158 8265
4100 4105 8185
4174 4238 8383
4193 4242 8433
4154 4292 8432
4281 4296 8554
4102 4108 8181
4285 4293 8567
4177 4297 8437
4298 4300 8559
4243 4278 8484
4178 4275 8436
4118 4213 8328
4131 4144 8258
4182 4274 8423
4182 4253 8419
4102 4117 8198
4145 4171 8314
4182 4228 8408
4147 4199 8315
4154 4299 8426
4160 4277 8433
4240 4281 8489
4157 4287 8443
4168 4272 8419
4108 4151 8249
4276 4279 8541
4235 4239 8473
4238 4267 8504
4115 4294 8382
4178 4242 8398
4251 4261 8482
4161 4241 8380
4177 4239 8396
4198 4231 8411
4260 4296 8547
4132 4187 8283
4147 4258 8389
4233 4300 8506
4214 4241 8424
4147 4154 8284
4241 4279 8480
4234 4297 8528
4125 4163 8257
4226 4287 8484
4166 4187 8331
4236 4282 8487
4215 4256 8447
4201 4230 8404
4154 4283 8404
4296 4298 8571
4258 4293 8524
4250 4277 8519
4178 4285 8424
4206 4274 8478
4130 4177 8270
4206 4276 8447
4286 4296 8574
4127 4192 8316
4225 4231 8443
4235 4244 8459
4100 4110 8183
4118 4229 8334
4288 4296 8548
4234 4250 8469
4155 4182 8314
4128 4166 8280
4109 4264 8367
4280 4285 8561
4291 4300 8559
4113 4148 8248
4133 4141 8255
4114 4280 8369
4235 4273 8499
4248 4271 8509
4149 4195 8338
4270 4276 8533
4251 4291 8530
4221 4274 8460
4108 4260 8347
4262 4289 8531
4276 4282 8528
4280 4283 8548
4132 4237 8338
4176 4235 8387
4124 4203 8298
4165 4240 8404
4273 4292 8564
4211 4292 8470
4215 4290 8469
4143 4156 8260
4232 4250 8466
4260 4296 8554
4179 4288 8437
4217 4279 8488
4140 4203 8308
4201 4298 8470
4139 4174 8304
4260 4263 8485
4261 4267 8500
4269 4283 8512
4230 4286 8513
4285 4297 8581
4227 4251 8460
4229 4259 8487
4265 4267 8506
4174 4226 8389
4162 4232 8355
4161 4275 8421
4131 4155 8251
4224 4245 8456
4110 4209 8289
4134 4262 8375
4159 4289 8427
4118 4261 8340
4121 4228 8331
4258 4290 8528
4103 4178 8262
4125 4190 8314
4138 4237 8366
4273 4286 8522
4271 4287 8538
4146 4222 8339
4217 4271 8454
4199 4256 8442
4257 4276 8515
4179 4186 8348
4144 4277 8418
4263 4292 8520
4184 4265 8424
4202 4283 8474
4261 4290 8545
4155 4225 8362
4255 4262 8488
4222 4278 8469
4118 4215 8309
4148 4267 8381
4202 4226 8393
4212 4294 8484
4236 4293 8513
4131 4287 8382
4109 4223 8304
4198 4204 8366
4107 4189 8265
4168 4183 8319
4164 4256 8390
4274 4290 8554
4297 4300 8591
4146 4264 8404
4283 4288 8551
4221 4225 8437
4285 4295 8546
4279 4295 8560
4184 4251 8428
4209 4217 8411
4194 4278 8467
4262 4299 8524
4109 4271 8349
4100 4222 8311
4141 4222 8328
4155 4254 8372
4259 4267 8518
4106 4206 8290
4243 4300 8542
4178 4184 8337
4180 4272 8431
4261 4298 8549
4103 4236 8337
4263 4274 8516
4167 4239 8375
4202 4286 8485
4235 4294 8491
4133 4296 8405
4226 4238 8457
4255 4259 8483
4197 4258 8442
4252 4288 8520
4203 4224 8388
4124 4258 8363
4124 4232 8320
4143 4166 8285
4231 4273 8477
4255 4296 8546
4251 4296 8508
4190 4193 8345
4231 4273 8488
4179 4263 8438
4141 4150 8262
4209 4257 8441
4241 4297 8530
4275 4300 8556
4146 4214 8351
4285 4295 8561
4147 4273 8416

0.010000 0.260000
