600
1872286
4193 4200 8393
4156 4187 8343
4015 4101 8116
4016 4054 8070
4116 4159 8275
4190 4200 8390
4012 4067 8079
4107 4176 8283
4171 4200 8371
4165 4166 8331
4156 4198 8354
4040 4165 8205
4156 4159 8315
4137 4143 8280
4122 4133 8255
4119 4152 8271
4166 4180 8346
4196 4198 8394
4010 4183 8193
4167 4195 8362
4103 4176 8279
4096 4189 8285
4169 4173 8342
4191 4193 8384
4152 4196 8348
4083 4094 8177
4114 4169 8283
4063 4077 8140
4046 4082 8128
4168 4174 8342
4119 4139 8258
4034 4189 8223
4154 4176 8330
4079 4147 8226
4036 4195 8231
4062 4194 8256
4076 4114 8190
4111 4134 8245
4171 4188 8359
4135 4151 8286
4172 4195 8367
4081 4155 8236
4107 4151 8258
4176 4192 8368
4121 4140 8261
4048 4168 8216
4195 4199 8394
4178 4191 8369
4110 4155 8265
4016 4053 8069
4054 4057 8111
4153 4172 8325
4026 4198 8224
4148 4197 8345
4183 4200 8383
4045 4131 8176
4127 4186 8313
4115 4126 8241
4183 4185 8368
4014 4090 8104
4013 4050 8063
4085 4108 8193
4181 4189 8370
4123 4167 8290
4128 4130 8258
4065 4120 8185
4078 4154 8232
4108 4200 8308
4031 4130 8161
4122 4124 8246
4133 4178 8311
4029 4156 8185
4135 4169 8304
4180 4194 8374
4141 4194 8335
4037 4114 8151
4096 4134 8230
4152 4166 8318
4005 4135 8140
4015 4077 8092
4046 4159 8205
4191 4196 8387
4180 4190 8370
4071 4189 8260
4171 4196 8367
4078 4131 8209
4117 4191 8308
4113 4121 8234
4019 4127 8146
4165 4184 8349
4108 4115 8223
4126 4144 8270
4065 4132 8197
4142 4175 8317
4130 4182 8312
4000 4107 8107
4160 4192 8352
4012 4049 8061
4125 4139 8264
4080 4196 8276
4197 4198 8395
4001 4149 8150
4100 4149 8249
4069 4097 8166
4035 4123 8158
4052 4159 8211
4043 4107 8150
4167 4184 8351
4063 4182 8245
4017 4048 8065
4026 4040 8066
4179 4194 8373
4181 4190 8371
4058 4132 8190
4082 4175 8257
4057 4200 8257
4059 4100 8159
4015 4159 8174
4059 4105 8164
4027 4096 8123
4045 4106 8151
4049 4053 8102
4136 4192 8328
4072 4098 8170
4097 4140 8237
4036 4165 8201
4140 4148 8288
4122 4192 8314
4116 4187 8303
4190 4199 8389
4186 4191 8377
4092 4169 8261
4125 4126 8251
4090 4154 8244
4079 4098 8177
4039 4091 8130
4193 4199 8392
4001 4142 8143
4187 4194 8381
4166 4187 8353
4134 4192 8326
4003 4073 8076
4136 4185 8321
4096 4139 8235
4036 4091 8127
4025 4167 8192
4114 4153 8267
4101 4125 8226
4073 4087 8160
4046 4108 8154
4000 4037 8037
4092 4119 8211
4069 4076 8145
4127 4152 8279
4171 4182 8353
4075 4139 8214
4141 4149 8290
4192 4198 8390
4197 4199 8396
4112 4192 8304
4012 4179 8191
4184 4196 8380
4091 4138 8229
4079 4144 8223
4167 4168 8335
4126 4127 8253
4118 4151 8269
4028 4099 8127
4048 4113 8161
4013 4086 8099
4110 4142 8252
4083 4133 8216
4190 4198 8388
4197 4200 8397
4193 4199 8392
4021 4150 8171
4019 4045 8064
4116 4198 8314
4155 4173 8328
4149 4164 8313
4062 4078 8140
4125 4191 8316
4014 4151 8165
4043 4146 8189
4002 4094 8096
4134 4140 8274
4077 4152 8229
4048 4063 8111
4159 4175 8334
4095 4172 8267
4091 4110 8201
4162 4190 8352
4143 4169 8312
4153 4174 8327
4097 4195 8292
4026 4173 8199
4004 4010 8014
4173 4178 8351
4105 4116 8221
4059 4167 8226
4057 4090 8147
4078 4105 8183
4101 4146 8247
4157 4176 8333
4175 4198 8373
4153 4196 8349
4124 4126 8250
4018 4126 8144
4049 4125 8174
4131 4151 8282
4037 4093 8130
4096 4129 8225
4041 4116 8157
4194 4200 8394
4140 4145 8285
4056 4169 8225
4141 4150 8291
4024 4102 8126
4037 4059 8096
4085 4130 8215
4045 4142 8187
4028 4147 8175
4088 4134 8222
4105 4200 8305
4086 4114 8200
4107 4140 8247
4085 4090 8175
4107 4154 8261
4052 4099 8151
4023 4193 8216
4072 4180 8252
4157 4172 8329
4019 4153 8172
4038 4041 8079
4174 4181 8355
4044 4127 8171
4064 4116 8180
4181 4187 8368
4128 4187 8315
4120 4135 8255
4094 4111 8205
4117 4188 8305
4152 4191 8343
4159 4161 8320
4059 4062 8121
4094 4185 8279
4162 4182 8344
4012 4052 8064
4197 4200 8397
4155 4198 8353
4165 4180 8345
4141 4182 8323
4023 4128 8151
4134 4153 8287
4195 4197 8392
4172 4193 8365
4105 4162 8267
4196 4199 8395
4021 4147 8168
4117 4173 8290
4158 4169 8327
4195 4196 8391
4187 4196 8383
4120 4191 8311
4024 4145 8169
4107 4180 8287
4171 4184 8355
4057 4154 8211
4169 4197 8366
4154 4156 8310
4119 4144 8263
4126 4166 8292
4044 4107 8151
4163 4196 8359
4116 4162 8278
4072 4171 8243
4196 4198 8394
4025 4165 8190
4104 4187 8291
4190 4194 8384
4163 4196 8359
4000 4017 8017
4060 4071 8131
4149 4171 8320
4054 4100 8154
4148 4198 8346
4156 4198 8354
4067 4095 8162
4007 4110 8117
4149 4188 8337
4171 4199 8370
4165 4196 8361
4035 4109 8144
4074 4188 8262
4162 4190 8352
4014 4164 8178
4069 4075 8144
4013 4169 8182
4018 4022 8040
4123 4163 8286
4132 4175 8307
4008 4150 8158
4112 4147 8259
4109 4130 8239
4128 4172 8300
4173 4183 8356
4169 4176 8345
4061 4166 8227
4163 4172 8335
4019 4037 8056
4031 4084 8115
4174 4181 8355
4182 4189 8371
4111 4178 8289
4147 4155 8302
4167 4186 8353
4130 4199 8329
4071 4191 8262
4027 4136 8163
4094 4136 8230
4184 4197 8381
4174 4190 8364
4150 4167 8317
4053 4118 8171
4027 4185 8212
4037 4063 8100
4181 4184 8365
4143 4179 8322
4172 4182 8354
4166 4194 8360
4037 4193 8230
4194 4198 8392
4190 4200 8390
4006 4060 8066
4099 4140 8239
4075 4146 8221
4165 4197 8362
4059 4130 8189
4007 4033 8040
4134 4180 8314
4105 4151 8256
4131 4143 8274
4181 4195 8376
4020 4079 8099
4111 4153 8264
4015 4140 8155
4008 4097 8105
4074 4091 8165
4138 4200 8338
4063 4176 8239
4000 4141 8141
4166 4190 8356
4045 4170 8215
4191 4198 8389
4101 4134 8235
4132 4148 8280
4077 4166 8243
4018 4110 8128
4037 4147 8184
4177 4199 8376
4101 4149 8250
4181 4186 8367
4138 4188 8326
4007 4018 8025
4186 4191 8377
4038 4065 8103
4008 4122 8130
4170 4174 8344
4153 4177 8330
4013 4054 8067
4086 4113 8199
4186 4190 8376
4165 4188 8353
4147 4185 8332
4099 4127 8226
4185 4197 8382
4190 4198 8388
4153 4179 8332
4148 4179 8327
4062 4179 8241
4070 4186 8256
4180 4187 8367
4179 4196 8375
4194 4197 8391
4046 4134 8180
4064 4171 8235
4090 4150 8240
4074 4089 8163
4097 4117 8214
4153 4182 8335
4128 4182 8310
4094 4171 8265
4167 4177 8344
4153 4161 8314
4123 4134 8257
4017 4141 8158
4190 4199 8389
4158 4194 8352
4015 4066 8081
4073 4098 8171
4108 4172 8280
4170 4173 8343
4015 4063 8078
4033 4180 8213
4152 4192 8344
4049 4157 8206
4106 4200 8306
4028 4154 8182
4042 4127 8169
4078 4167 8245
4031 4107 8138
4083 4111 8194
4079 4195 8274
4038 4065 8103
4172 4188 8360
4059 4099 8158
4058 4101 8159
4000 4151 8151
4108 4122 8230
4040 4075 8115
4160 4163 8323
4172 4192 8364
4095 4144 8239
4038 4149 8187
4171 4199 8370
4059 4075 8134
4151 4160 8311
4000 4129 8129
4074 4093 8167
4111 4146 8257
4096 4129 8225
4169 4185 8354
4191 4200 8391
4180 4199 8379
4064 4131 8195
4075 4195 8270
4041 4059 8100
4078 4169 8247
4160 4183 8343
4150 4195 8345
4171 4191 8362
4084 4104 8188
4146 4159 8305
4042 4129 8171
4053 4172 8225
4180 4189 8369
4195 4199 8394
4048 4126 8174
4138 4153 8291
4120 4172 8292
4035 4039 8074
4173 4174 8347
4042 4176 8218
4193 4194 8387
4187 4192 8379
4191 4196 8387
4089 4173 8262
4115 4128 8243
4102 4154 8256
4085 4188 8273
4039 4200 8239
4009 4092 8101
4139 4184 8323
4145 4190 8335
4050 4138 8188
4033 4108 8141
4026 4142 8168
4137 4182 8319
4073 4085 8158
4169 4186 8355
4030 4173 8203
4013 4196 8209
4098 4111 8209
4180 4182 8362
4035 4065 8100
4091 4148 8239
4144 4196 8340
4047 4081 8128
4072 4178 8250
4081 4144 8225
4021 4184 8205
4056 4161 8217
4143 4166 8309
4137 4189 8326
4182 4188 8370
4169 4170 8339
4154 4155 8309
4107 4149 8256
4184 4189 8373
4121 4135 8256
4152 4184 8336
4023 4182 8205
4157 4191 8348
4019 4055 8074
4073 4191 8264
4089 4105 8194
4044 4087 8131
4002 4156 8158
4118 4169 8287
4058 4082 8140
4088 4183 8271
4156 4189 8345
4093 4171 8264
4091 4100 8191
4127 4174 8301
4085 4117 8202
4068 4139 8207
4140 4161 8301
4103 4182 8285
4007 4055 8062
4068 4127 8195
4150 4180 8330
4060 4066 8126
4184 4191 8375
4192 4198 8390
4053 4056 8109
4053 4187 8240
4180 4195 8375
4062 4142 8204
4137 4164 8301
4064 4075 8139
4116 4137 8253
4197 4198 8395
4014 4020 8034
4027 4108 8135
4143 4196 8339
4096 4188 8284
4130 4163 8293
4117 4172 8289
4134 4163 8297
4178 4195 8373
4134 4161 8295
4021 4137 8158
4197 4199 8396
4028 4090 8118
4088 4121 8209
4042 4109 8151
4065 4115 8180
4035 4069 8104
4151 4155 8306
4146 4196 8342
4156 4182 8338
4053 4134 8187
4184 4194 8378
4191 4196 8387
4192 4198 8390
4070 4199 8269
4024 4178 8202
4190 4195 8385
4098 4129 8227
4045 4049 8094
4010 4072 8082
4026 4094 8120
4053 4120 8173
4157 4184 8341
4114 4152 8266
4082 4166 8248
4171 4186 8357
4185 4194 8379
4131 4200 8331
4063 4195 8258
4023 4141 8164
4008 4137 8145
4077 4126 8203
4113 4158 8271
4182 4193 8375
4026 4068 8094
4114 4149 8263
4041 4191 8232
4094 4126 8220
4090 4103 8193
4107 4108 8215
4026 4086 8112
4118 4186 8304
4172 4176 8348
4014 4157 8171
4061 4156 8217
4079 4176 8255
4153 4185 8338
4106 4187 8293
4066 4127 8193
4059 4075 8134
4113 4151 8264
4117 4193 8310
4142 4197 8339
4101 4113 8214
4112 4138 8250
4132 4168 8300
4153 4190 8343
4160 4182 8342
4157 4174 8331
4188 4196 8384
4024 4178 8202
4075 4099 8174
4127 4176 8303
4024 4170 8194
4163 4192 8355
4125 4162 8287
4017 4062 8079
4115 4146 8261

4293 4300 8571
4256 4287 8540
4115 4201 8307
4116 4154 8261
4216 4259 8467
4290 4300 8585
4112 4167 8245
4207 4276 8454
4271 4300 8547
4265 4266 8495
4256 4298 8523
4140 4265 8403
4256 4259 8491
4237 4243 8458
4222 4233 8449
4219 4252 8445
4266 4280 8521
4296 4298 8573
4110 4283 8387
4267 4295 8525
4203 4276 8455
4196 4289 8482
4269 4273 8516
4291 4293 8578
4252 4296 8545
4183 4194 8370
4214 4269 8468
4163 4177 8332
4146 4182 8324
4268 4274 8510
4219 4239 8457
4134 4289 8398
4254 4276 8492
4179 4247 8420
4136 4295 8392
4162 4294 8423
4176 4214 8359
4211 4234 8430
4271 4288 8526
4235 4251 8472
4272 4295 8540
4181 4255 8428
4207 4251 8430
4276 4292 8528
4221 4240 8436
4148 4268 8388
4295 4299 8578
4278 4291 8561
4210 4255 8461
4116 4153 8258
4154 4157 8295
4253 4272 8502
4126 4298 8413
4248 4297 8526
4283 4300 8570
4145 4231 8344
4227 4286 8503
4215 4226 8435
4283 4285 8567
4114 4190 8283
4113 4150 8225
4185 4208 8385
4281 4289 8542
4223 4267 8482
4228 4230 8445
4165 4220 8359
4178 4254 8409
4208 4300 8507
4131 4230 8332
4222 4224 8439
4233 4278 8505
4129 4256 8381
4235 4269 8464
4280 4294 8562
4241 4294 8521
4137 4214 8328
4196 4234 8407
4252 4266 8488
4105 4235 8309
4115 4177 8254
4146 4259 8380
4291 4296 8551
4280 4290 8532
4171 4289 8423
4271 4296 8528
4178 4231 8392
4217 4291 8470
4213 4221 8418
4119 4227 8336
4265 4284 8513
4208 4215 8419
4226 4244 8469
4165 4232 8388
4242 4275 8499
4230 4282 8479
4100 4207 8285
4260 4292 8523
4112 4149 8252
4225 4239 8439
4180 4296 8464
4297 4298 8563
4101 4249 8312
4200 4249 8419
4169 4197 8342
4135 4223 8341
4152 4259 8374
4143 4207 8317
4267 4284 8515
4163 4282 8418
4117 4148 8238
4126 4140 8246
4279 4294 8569
4281 4290 8542
4158 4232 8384
4182 4275 8454
4157 4300 8418
4159 4200 8325
4115 4259 8354
4159 4205 8353
4127 4196 8296
4145 4206 8320
4149 4153 8301
4236 4292 8489
4172 4198 8350
4197 4240 8424
4136 4265 8371
4240 4248 8473
4222 4292 8511
4216 4287 8499
4290 4299 8587
4286 4291 8569
4192 4269 8433
4225 4226 8447
4190 4254 8406
4179 4198 8338
4139 4191 8297
4293 4299 8584
4101 4242 8335
4287 4294 8542
4266 4287 8527
4234 4292 8496
4103 4173 8260
4236 4285 8500
4196 4239 8415
4136 4191 8323
4125 4267 8385
4214 4253 8453
4201 4225 8409
4173 4187 8356
4146 4208 8320
4100 4137 8204
4192 4219 8406
4169 4176 8314
4227 4252 8439
4271 4282 8550
4175 4239 8389
4241 4249 8464
4292 4298 8574
4297 4299 8574
4212 4292 8465
4112 4279 8368
4284 4296 8546
4191 4238 8403
4179 4244 8387
4267 4268 8525
4226 4227 8428
4218 4251 8436
4128 4199 8288
4148 4213 8327
4113 4186 8266
4210 4242 8438
4183 4233 8387
4290 4298 8553
4297 4300 8561
4293 4299 8564
4121 4250 8356
4119 4145 8234
4216 4298 8479
4255 4273 8509
4249 4264 8510
4162 4178 8327
4225 4291 8478
4114 4251 8352
4143 4246 8379
4102 4194 8269
4234 4240 8444
4177 4252 8391
4148 4163 8304
4259 4275 8506
4195 4272 8431
4191 4210 8380
4262 4290 8517
4243 4269 8493
4253 4274 8516
4197 4295 8459
4126 4273 8383
4104 4110 8180
4273 4278 8539
4205 4216 8418
4159 4267 8408
4157 4190 8317
4178 4205 8352
4201 4246 8414
4257 4276 8495
4275 4298 8570
4253 4296 8510
4224 4226 8434
4118 4226 8310
4149 4225 8351
4231 4251 8442
4137 4193 8303
4196 4229 8404
4141 4216 8330
4294 4300 8571
4240 4245 8471
4156 4269 8422
4241 4250 8477
4124 4202 8300
4137 4159 8293
4185 4230 8388
4145 4242 8378
4128 4247 8368
4188 4234 8399
4205 4300 8488
4186 4214 8399
4207 4240 8408
4185 4190 8357
4207 4254 8454
4152 4199 8325
4123 4293 8378
4172 4280 8425
4257 4272 8505
4119 4253 8335
4138 4141 8261
4274 4281 8554
4144 4227 8370
4164 4216 8378
4281 4287 8566
4228 4287 8504
4220 4235 8420
4194 4211 8369
4217 4288 8494
4252 4291 8533
4259 4261 8481
4159 4162 8316
4194 4285 8457
4262 4282 8515
4112 4152 8244
4297 4300 8573
4255 4298 8537
4265 4280 8511
4241 4282 8500
4123 4228 8320
4234 4253 8468
4295 4297 8563
4272 4293 8549
4205 4262 8457
4296 4299 8559
4121 4247 8329
4217 4273 8461
4258 4269 8487
4295 4296 8577
4287 4296 8572
4220 4291 8503
4124 4245 8367
4207 4280 8477
4271 4284 8517
4157 4254 8386
4269 4297 8562
4254 4256 8471
4219 4244 8461
4226 4266 8479
4144 4207 8347
4263 4296 8547
4216 4262 8452
4172 4271 8442
4296 4298 8558
4125 4265 8369
4204 4287 8464
4290 4294 8547
4263 4296 8534
4100 4117 8198
4160 4171 8299
4249 4271 8483
4154 4200 8315
4248 4298 8535
4256 4298 8544
4167 4195 8335
4107 4210 8279
4249 4288 8511
4271 4299 8555
4265 4296 8542
4135 4209 8335
4174 4288 8436
4262 4290 8528
4114 4264 8347
4169 4175 8318
4113 4269 8354
4118 4122 8239
4223 4263 8476
4232 4275 8494
4108 4250 8324
4212 4247 8444
4209 4230 8434
4228 4272 8493
4273 4283 8529
4269 4276 8535
4161 4266 8415
4263 4272 8518
4119 4137 8253
4131 4184 8287
4274 4281 8526
4282 4289 8540
4211 4278 8465
4247 4255 8497
4267 4286 8538
4230 4299 8498
4171 4291 8447
4127 4236 8360
4194 4236 8422
4284 4297 8565
4274 4290 8545
4250 4267 8513
4153 4218 8359
4127 4285 8411
4137 4163 8274
4281 4284 8557
4243 4279 8514
4272 4282 8541
4266 4294 8547
4137 4293 8414
4294 4298 8575
4290 4300 8558
4106 4160 8262
4199 4240 8415
4175 4246 8385
4265 4297 8525
4159 4230 8383
4107 4133 8203
4234 4280 8506
4205 4251 8437
4231 4243 8450
4281 4295 8546
4120 4179 8280
4211 4253 8460
4115 4240 8325
4108 4197 8294
4174 4191 8361
4238 4300 8511
4163 4276 8404
4100 4241 8314
4266 4290 8520
4145 4270 8413
4291 4298 8584
4201 4234 8399
4232 4248 8465
4177 4266 8409
4118 4210 8294
4137 4247 8372
4277 4299 8575
4201 4249 8447
4281 4286 8539
4238 4288 8504
4107 4118 8211
4286 4291 8570
4138 4165 8282
4108 4222 8306
4270 4274 8540
4253 4277 8507
4113 4154 8234
4186 4213 8382
4286 4290 8568
4265 4288 8536
4247 4285 8493
4199 4227 8394
4285 4297 8549
4290 4298 8574
4253 4279 8516
4248 4279 8524
4162 4279 8416
4170 4286 8438
4280 4287 8529
4279 4296 8564
4294 4297 8551
4146 4234 8358
4164 4271 8430
4190 4250 8401
4174 4189 8341
4197 4217 8389
4253 4282 8500
4228 4282 8499
4194 4271 8457
4267 4277 8524
4253 4261 8476
4223 4234 8421
4117 4241 8357
4290 4299 8564
4258 4294 8513
4115 4166 8257
4173 4198 8364
4208 4272 8451
4270 4273 8527
4115 4163 8272
4133 4280 8402
4252 4292 8507
4149 4257 8370
4206 4300 8476
4128 4254 8351
4142 4227 8345
4178 4267 8440
4131 4207 8327
4183 4211 8389
4179 4295 8465
4138 4165 8289
4272 4288 8538
4159 4199 8324
4158 4201 8353
4100 4251 8337
4208 4222 8427
4140 4175 8290
4260 4263 8515
4272 4292 8551
4195 4244 8420
4138 4249 8349
4271 4299 8564
4159 4175 8310
4251 4260 8497
4100 4229 8304
4174 4193 8352
4211 4246 8442
4196 4229 8416
4269 4285 8514
4291 4300 8552
4280 4299 8549
4164 4231 8362
4175 4295 8448
4141 4159 8277
4178 4269 8438
4260 4283 8534
4250 4295 8511
4271 4291 8542
4184 4204 8381
4246 4259 8471
4142 4229 8340
4153 4272 8394
4280 4289 8561
4295 4299 8576
4148 4226 8368
4238 4253 8487
4220 4272 8471
4135 4139 8269
4273 4274 8546
4142 4276 8416
4293 4294 8565
4287 4292 8576
4291 4296 8547
4189 4273 8458
4215 4228 8421
4202 4254 8419
4185 4288 8441
4139 4300 8427
4109 4192 8292
4239 4284 8506
4245 4290 8501
4150 4238 8379
4133 4208 8306
4126 4242 8346
4237 4282 8491
4173 4185 8326
4269 4286 8551
4130 4273 8385
4113 4296 8388
4198 4211 8384
4280 4282 8561
4135 4165 8262
4191 4248 8404
4244 4296 8539
4147 4181 8289
4172 4278 8421
4181 4244 8414
4121 4284 8402
4156 4261 8385
4243 4266 8489
4237 4289 8491
4282 4288 8549
4269 4270 8510
4254 4255 8496
4207 4249 8442
4284 4289 8541
4221 4235 8437
4252 4284 8519
4123 4282 8371
4257 4291 8541
4119 4155 8260
4173 4291 8450
4189 4205 8355
4144 4187 8299
4102 4256 8348
4218 4269 8459
4158 4182 8326
4188 4283 8454
4256 4289 8515
4193 4271 8431
4191 4200 8363
4227 4274 8491
4185 4217 8371
4168 4239 8370
4240 4261 8474
4203 4282 8461
4107 4155 8261
4168 4227 8366
4250 4280 8512
4160 4166 8311
4284 4291 8535
4292 4298 8566
4153 4156 8284
4153 4287 8405
4280 4295 8540
4162 4242 8402
4237 4264 8478
4164 4175 8333
4216 4237 8432
4297 4298 8586
4114 4120 8227
4127 4208 8316
4243 4296 8536
4196 4288 8468
4230 4263 8480
4217 4272 8476
4234 4263 8489
4278 4295 8533
4234 4261 8480
4121 4237 8348
4297 4299 8578
4128 4190 8289
4188 4221 8377
4142 4209 8334
4165 4215 8370
4135 4169 8288
4251 4255 8495
4246 4296 8520
4256 4282 8520
4153 4234 8386
4284 4294 8574
4291 4296 8579
4292 4298 8570
4170 4299 8451
4124 4278 8381
4290 4295 8556
4198 4229 8407
4145 4149 8277
4110 4172 8244
4126 4194 8301
4153 4220 8369
4257 4284 8528
4214 4252 8426
4182 4266 8444
4271 4286 8527
4285 4294 8577
4231 4300 8525
4163 4295 8442
4123 4241 8353
4108 4237 8337
4177 4226 8380
4213 4258 8470
4282 4293 8558
4126 4168 8272
4214 4249 8453
4141 4291 8419
4194 4226 8410
4190 4203 8377
4207 4208 8393
4126 4186 8280
4218 4286 8484
4272 4276 8514
4114 4257 8362
4161 4256 8412
4179 4276 8443
4253 4285 8523
4206 4287 8486
4166 4227 8374
4159 4175 8317
4213 4251 8458
4217 4293 8508
4242 4297 8509
4201 4213 8380
4212 4238 8436
4232 4268 8483
4253 4290 8527
4260 4282 8541
4257 4274 8523
4288 4296 8580
4124 4278 8401
4175 4199 8358
4227 4276 8475
4124 4270 8368
4263 4292 8529
4225 4262 8468
4117 4162 8242
4215 4246 8443

0.010000 0.370000
