300
1896255
4042 4062 8104
4016 4155 8171
4154 4193 8347
4125 4139 8264
4126 4128 8254
4077 4152 8229
4090 4103 8193
4158 4168 8326
4010 4102 8112
4020 4196 8216
4185 4189 8374
4155 4175 8330
4085 4092 8177
4159 4186 8345
4012 4164 8176
4000 4180 8180
4046 4132 8178
4034 4064 8098
4080 4104 8184
4167 4192 8359
4095 4134 8229
4116 4181 8297
4065 4141 8206
4158 4196 8354
4149 4167 8316
4057 4200 8257
4004 4130 8134
4035 4098 8133
4095 4125 8220
4095 4186 8281
4087 4117 8204
4022 4182 8204
4013 4081 8094
4175 4183 8358
4080 4129 8209
4117 4164 8281
4091 4156 8247
4006 4026 8032
4195 4199 8394
4148 4161 8309
4142 4158 8300
4084 4099 8183
4144 4153 8297
4173 4188 8361
4174 4194 8368
4107 4154 8261
4125 4162 8287
4055 4064 8119
4070 4147 8217
4060 4116 8176
4040 4136 8176
4195 4197 8392
4192 4196 8388
4053 4115 8168
4008 4172 8180
4083 4169 8252
4028 4074 8102
4175 4188 8363
4045 4076 8121
4165 4172 8337
4131 4183 8314
4079 4150 8229
4173 4186 8359
4046 4065 8111
4063 4135 8198
4058 4059 8117
4080 4127 8207
4195 4198 8393
4149 4198 8347
4174 4189 8363
4015 4045 8060
4182 4185 8367
4030 4158 8188
4102 4169 8271
4065 4103 8168
4006 4175 8181
4083 4099 8182
4117 4187 8304
4118 4141 8259
4062 4085 8147
4095 4167 8262
4078 4137 8215
4056 4113 8169
4010 4173 8183
4002 4132 8134
4050 4067 8117
4118 4170 8288
4143 4168 8311
4131 4172 8303
4043 4087 8130
4019 4053 8072
4074 4144 8218
4069 4199 8268
4168 4197 8365
4119 4168 8287
4019 4026 8045
4166 4174 8340
4145 4162 8307
4101 4133 8234
4042 4084 8126
4005 4077 8082
4117 4131 8248
4013 4100 8113
4137 4200 8337
4178 4192 8370
4082 4154 8236
4019 4039 8058
4028 4037 8065
4186 4194 8380
4044 4175 8219
4151 4186 8337
4022 4077 8099
4003 4060 8063
4000 4133 8133
4095 4116 8211
4166 4168 8334
4141 4176 8317
4018 4176 8194
4026 4030 8056
4097 4132 8229
4050 4086 8136
4053 4146 8199
4039 4132 8171
4056 4100 8156
4151 4192 8343
4107 4176 8283
4038 4098 8136
4004 4190 8194
4004 4106 8110
4181 4193 8374
4036 4125 8161
4113 4178 8291
4121 4185 8306
4092 4181 8273
4022 4162 8184
4128 4146 8274
4066 4089 8155
4000 4166 8166
4126 4144 8270
4097 4176 8273
4148 4158 8306
4160 4199 8359
4153 4169 8322
4063 4171 8234
4177 4185 8362
4011 4116 8127
4077 4084 8161
4157 4176 8333
4153 4190 8343
4158 4163 8321
4165 4168 8333
4170 4183 8353
4185 4194 8379
4166 4172 8338
4032 4113 8145
4192 4193 8385
4032 4116 8148
4199 4200 8399
4137 4157 8294
4163 4191 8354
4168 4186 8354
4117 4123 8240
4032 4102 8134
4175 4199 8374
4018 4075 8093
4074 4140 8214
4105 4194 8299
4154 4195 8349
4014 4097 8111
4105 4111 8216
4155 4196 8351
4179 4191 8370
4026 4159 8185
4162 4183 8345
4084 4106 8190
4009 4046 8055
4177 4195 8372
4158 4161 8319
4139 4150 8289
4193 4194 8387
4070 4181 8251
4189 4192 8381
4199 4200 8399
4114 4173 8287
4176 4196 8372
4012 4083 8095
4175 4193 8368
4170 4175 8345
4032 4136 8168
4028 4105 8133
4193 4194 8387
4182 4189 8371
4018 4056 8074
4105 4199 8304
4079 4100 8179
4109 4184 8293
4041 4119 8160
4128 4189 8317
4159 4181 8340
4182 4186 8368
4150 4182 8332
4076 4174 8250
4090 4154 8244
4050 4157 8207
4098 4187 8285
4129 4131 8260
4199 4200 8399
4012 4140 8152
4035 4172 8207
4097 4103 8200
4065 4124 8189
4088 4185 8273
4180 4198 8378
4183 4195 8378
4087 4179 8266
4041 4048 8089
4039 4165 8204
4162 4199 8361
4059 4069 8128
4158 4193 8351
4191 4197 8388
4171 4176 8347
4014 4095 8109
4110 4130 8240
4194 4200 8394
4034 4106 8140
4121 4135 8256
4139 4157 8296
4157 4183 8340
4101 4196 8297
4111 4159 8270
4173 4185 8358
4042 4171 8213
4169 4182 8351
4066 4171 8237
4104 4164 8268
4134 4154 8288
4093 4182 8275
4059 4101 8160
4184 4187 8371
4094 4143 8237
4021 4038 8059
4054 4063 8117
4043 4122 8165
4131 4193 8324
4100 4107 8207
4126 4162 8288
4190 4197 8387
4095 4169 8264
4085 4162 8247
4093 4153 8246
4100 4152 8252
4110 4193 8303
4051 4136 8187
4007 4099 8106
4091 4129 8220
4072 4189 8261
4198 4199 8397
4183 4198 8381
4001 4133 8134
4125 4127 8252
4097 4197 8294
4090 4109 8199
4015 4176 8191
4067 4076 8143
4073 4191 8264
4164 4199 8363
4140 4183 8323
4029 4064 8093
4175 4181 8356
4152 4170 8322
4164 4191 8355
4069 4142 8211
4089 4106 8195
4187 4197 8384
4129 4136 8265
4027 4147 8174
4053 4147 8200
4107 4117 8224
4066 4164 8230
4006 4140 8146
4023 4182 8205
4069 4195 8264
4187 4194 8381
4075 4089 8164
4084 4130 8214
4076 4151 8227
4197 4200 8397
4004 4009 8013
4191 4198 8389
4137 4200 8337
4174 4200 8374
4195 4196 8391
4004 4141 8145
4088 4174 8262
4156 4199 8355
4071 4101 8172
4179 4198 8377
4015 4023 8038
4069 4200 8269

4142 4162 8268
4116 4255 8342
4254 4293 8515
4225 4239 8461
4226 4228 8446
4177 4252 8402
4190 4203 8366
4258 4268 8520
4110 4202 8278
4120 4296 8396
4285 4289 8570
4255 4275 8508
4185 4192 8340
4259 4286 8534
4112 4264 8340
4100 4280 8371
4146 4232 8352
4134 4164 8270
4180 4204 8379
4267 4292 8533
4195 4234 8394
4216 4281 8495
4165 4241 8398
4258 4296 8534
4249 4267 8478
4157 4300 8446
4104 4230 8315
4135 4198 8295
4195 4225 8389
4195 4286 8449
4187 4217 8391
4122 4282 8389
4113 4181 8265
4275 4283 8538
4180 4229 8393
4217 4264 8460
4191 4256 8422
4106 4126 8199
4295 4299 8591
4248 4261 8478
4242 4258 8483
4184 4199 8380
4244 4253 8485
4273 4288 8539
4274 4294 8535
4207 4254 8449
4225 4262 8453
4155 4164 8303
4170 4247 8399
4160 4216 8370
4140 4236 8375
4295 4297 8577
4292 4296 8585
4153 4215 8352
4108 4272 8365
4183 4269 8437
4128 4174 8288
4275 4288 8534
4145 4176 8294
4265 4272 8531
4231 4283 8485
4179 4250 8427
4273 4286 8534
4146 4165 8274
4163 4235 8396
4158 4159 8316
4180 4227 8376
4295 4298 8553
4249 4298 8509
4274 4289 8525
4115 4145 8244
4282 4285 8537
4130 4258 8387
4202 4269 8441
4165 4203 8344
4106 4275 8361
4183 4199 8345
4217 4287 8467
4218 4241 8437
4162 4185 8316
4195 4267 8457
4178 4237 8377
4156 4213 8364
4110 4273 8348
4102 4232 8296
4150 4167 8290
4218 4270 8468
4243 4268 8474
4231 4272 8491
4143 4187 8294
4119 4153 8254
4174 4244 8401
4169 4299 8444
4268 4297 8530
4219 4268 8461
4119 4126 8226
4266 4274 8528
4245 4262 8473
4201 4233 8423
4142 4184 8321
4105 4177 8264
4217 4231 8437
4113 4200 8290
4237 4300 8533
4278 4292 8530
4182 4254 8404
4119 4139 8231
4128 4137 8242
4286 4294 8547
4144 4275 8397
4251 4286 8524
4122 4177 8291
4103 4160 8246
4100 4233 8308
4195 4216 8373
4266 4268 8531
4241 4276 8490
4118 4276 8370
4126 4130 8240
4197 4232 8416
4150 4186 8306
4153 4246 8396
4139 4232 8367
4156 4200 8328
4251 4292 8539
4207 4276 8479
4138 4198 8332
4104 4290 8358
4104 4206 8306
4281 4293 8547
4136 4225 8343
4213 4278 8456
4221 4285 8484
4192 4281 8444
4122 4262 8363
4228 4246 8465
4166 4189 8320
4100 4266 8329
4226 4244 8463
4197 4276 8463
4248 4258 8482
4260 4299 8551
4253 4269 8515
4163 4271 8401
4277 4285 8540
4111 4216 8320
4177 4184 8352
4257 4276 8524
4253 4290 8507
4258 4263 8516
4265 4268 8514
4270 4283 8545
4285 4294 8563
4266 4272 8518
4132 4213 8328
4292 4293 8555
4132 4216 8338
4299 4300 8575
4237 4257 8470
4263 4291 8525
4268 4286 8530
4217 4223 8435
4132 4202 8303
4275 4299 8547
4118 4175 8256
4174 4240 8376
4205 4294 8465
4254 4295 8536
4114 4197 8308
4205 4211 8388
4255 4296 8537
4279 4291 8568
4126 4259 8356
4262 4283 8543
4184 4206 8380
4109 4146 8247
4277 4295 8535
4258 4261 8495
4239 4250 8466
4293 4294 8574
4170 4281 8441
4289 4292 8572
4299 4300 8565
4214 4273 8485
4276 4296 8550
4112 4183 8262
4275 4293 8564
4270 4275 8508
4132 4236 8330
4128 4205 8301
4293 4294 8566
4282 4289 8564
4118 4156 8264
4205 4299 8464
4179 4200 8351
4209 4284 8457
4141 4219 8336
4228 4289 8508
4259 4281 8521
4282 4286 8545
4250 4282 8499
4176 4274 8439
4190 4254 8428
4150 4257 8391
4198 4287 8470
4229 4231 8432
4299 4300 8563
4112 4240 8316
4135 4272 8382
4197 4203 8374
4165 4224 8383
4188 4285 8434
4280 4298 8552
4283 4295 8539
4187 4279 8458
4141 4148 8251
4139 4265 8381
4262 4299 8560
4159 4169 8313
4258 4293 8514
4291 4297 8579
4271 4276 8525
4114 4195 8304
4210 4230 8409
4294 4300 8592
4134 4206 8315
4221 4235 8452
4239 4257 8472
4257 4283 8520
4201 4296 8490
4211 4259 8434
4273 4285 8542
4142 4271 8386
4269 4282 8517
4166 4271 8428
4204 4264 8465
4234 4254 8472
4193 4282 8447
4159 4201 8357
4284 4287 8536
4194 4243 8407
4121 4138 8240
4154 4163 8290
4143 4222 8363
4231 4293 8493
4200 4207 8392
4226 4262 8474
4290 4297 8557
4195 4269 8438
4185 4262 8415
4193 4253 8416
4200 4252 8424
4210 4293 8488
4151 4236 8379
4107 4199 8285
4191 4229 8403
4172 4289 8422
4298 4299 8563
4283 4298 8554
4101 4233 8298
4225 4227 8417
4197 4297 8491
4190 4209 8367
4115 4276 8380
4167 4176 8340
4173 4291 8446
4264 4299 8547
4240 4283 8519
4129 4164 8286
4275 4281 8516
4252 4270 8486
4264 4291 8535
4169 4242 8400
4189 4206 8365
4287 4297 8570
4229 4236 8439
4127 4247 8356
4153 4247 8394
4207 4217 8396
4166 4264 8399
4106 4240 8318
4123 4282 8378
4169 4295 8427
4287 4294 8547
4175 4189 8347
4184 4230 8392
4176 4251 8395
4297 4300 8585
4104 4109 8175
4291 4298 8572
4237 4300 8528
4274 4300 8539
4295 4296 8571
4104 4241 8310
4188 4274 8456
4256 4299 8541
4171 4201 8349
4279 4298 8539
4115 4123 8230
4169 4300 8442

0.010000 0.750000
