800
4719044
4196 4197 8393
4154 4158 8312
4173 4175 8348
4044 4088 8132
4049 4054 8103
4024 4123 8147
4144 4181 8325
4107 4176 8283
4040 4133 8173
4130 4153 8283
4176 4184 8360
4087 4168 8255
4196 4197 8393
4151 4152 8303
4049 4171 8220
4136 4143 8279
4104 4107 8211
4044 4077 8121
4105 4192 8297
4042 4085 8127
4060 4136 8196
4013 4035 8048
4036 4086 8122
4158 4183 8341
4137 4199 8336
4132 4188 8320
4153 4183 8336
4154 4186 8340
4144 4177 8321
4078 4124 8202
4036 4092 8128
4131 4161 8292
4010 4045 8055
4196 4199 8395
4014 4019 8033
4025 4121 8146
4116 4144 8260
4046 4193 8239
4186 4191 8377
4084 4162 8246
4178 4190 8368
4094 4145 8239
4074 4152 8226
4133 4200 8333
4086 4154 8240
4035 4114 8149
4034 4038 8072
4023 4053 8076
4145 4196 8341
4100 4124 8224
4035 4121 8156
4102 4125 8227
4186 4192 8378
4087 4170 8257
4107 4187 8294
4176 4181 8357
4076 4095 8171
4193 4195 8388
4091 4107 8198
4131 4164 8295
4037 4115 8152
4153 4175 8328
4082 4146 8228
4078 4177 8255
4196 4200 8396
4135 4185 8320
4056 4145 8201
4012 4101 8113
4051 4083 8134
4186 4199 8385
4045 4063 8108
4149 4198 8347
4094 4116 8210
4018 4118 8136
4124 4133 8257
4183 4188 8371
4194 4200 8394
4058 4136 8194
4114 4199 8313
4140 4177 8317
4010 4154 8164
4098 4125 8223
4155 4184 8339
4181 4193 8374
4078 4135 8213
4170 4189 8359
4192 4193 8385
4095 4189 8284
4094 4180 8274
4075 4164 8239
4034 4190 8224
4140 4142 8282
4014 4063 8077
4066 4092 8158
4018 4125 8143
4060 4065 8125
4026 4122 8148
4013 4047 8060
4004 4149 8153
4012 4105 8117
4060 4084 8144
4099 4122 8221
4081 4196 8277
4104 4134 8238
4099 4174 8273
4182 4192 8374
4197 4198 8395
4188 4191 8379
4071 4135 8206
4132 4193 8325
4121 4175 8296
4081 4193 8274
4123 4168 8291
4198 4200 8398
4177 4191 8368
4141 4191 8332
4042 4105 8147
4111 4181 8292
4001 4157 8158
4114 4182 8296
4006 4074 8080
4056 4057 8113
4139 4181 8320
4172 4186 8358
4173 4192 8365
4075 4083 8158
4109 4175 8284
4021 4125 8146
4148 4172 8320
4006 4035 8041
4114 4126 8240
4051 4077 8128
4041 4177 8218
4089 4178 8267
4021 4093 8114
4043 4097 8140
4179 4198 8377
4067 4120 8187
4077 4107 8184
4046 4144 8190
4157 4196 8353
4025 4056 8081
4118 4174 8292
4036 4158 8194
4188 4193 8381
4160 4194 8354
4028 4067 8095
4095 4162 8257
4069 4090 8159
4141 4163 8304
4142 4165 8307
4027 4042 8069
4067 4150 8217
4122 4123 8245
4153 4195 8348
4196 4199 8395
4168 4176 8344
4155 4195 8350
4018 4124 8142
4096 4119 8215
4146 4157 8303
4161 4183 8344
4017 4105 8122
4159 4198 8357
4048 4087 8135
4021 4055 8076
4058 4113 8171
4191 4200 8391
4061 4153 8214
4024 4048 8072
4069 4180 8249
4163 4177 8340
4052 4109 8161
4090 4095 8185
4169 4180 8349
4022 4044 8066
4141 4178 8319
4049 4172 8221
4053 4168 8221
4067 4109 8176
4143 4146 8289
4117 4127 8244
4160 4166 8326
4120 4137 8257
4175 4188 8363
4024 4108 8132
4066 4096 8162
4125 4160 8285
4009 4029 8038
4170 4200 8370
4042 4190 8232
4087 4105 8192
4148 4170 8318
4126 4135 8261
4033 4137 8170
4048 4078 8126
4131 4162 8293
4038 4137 8175
4015 4072 8087
4163 4173 8336
4145 4170 8315
4110 4113 8223
4189 4193 8382
4156 4184 8340
4012 4033 8045
4166 4181 8347
4003 4055 8058
4086 4089 8175
4166 4190 8356
4168 4189 8357
4044 4092 8136
4121 4193 8314
4041 4170 8211
4141 4181 8322
4062 4136 8198
4043 4066 8109
4033 4197 8230
4187 4193 8380
4190 4192 8382
4181 4183 8364
4030 4084 8114
4169 4175 8344
4108 4124 8232
4184 4188 8372
4058 4081 8139
4189 4200 8389
4163 4170 8333
4144 4164 8308
4056 4133 8189
4076 4079 8155
4053 4082 8135
4177 4185 8362
4103 4141 8244
4011 4014 8025
4036 4131 8167
4057 4058 8115
4085 4175 8260
4078 4194 8272
4148 4149 8297
4102 4144 8246
4151 4177 8328
4054 4144 8198
4040 4120 8160
4105 4115 8220
4025 4197 8222
4111 4156 8267
4122 4137 8259
4138 4190 8328
4185 4187 8372
4002 4107 8109
4046 4049 8095
4100 4139 8239
4193 4198 8391
4087 4101 8188
4145 4159 8304
4076 4146 8222
4149 4161 8310
4039 4127 8166
4055 4132 8187
4046 4071 8117
4153 4154 8307
4088 4110 8198
4091 4119 8210
4103 4192 8295
4151 4178 8329
4193 4198 8391
4027 4051 8078
4106 4110 8216
4040 4173 8213
4072 4167 8239
4163 4188 8351
4140 4155 8295
4193 4194 8387
4146 4178 8324
4033 4081 8114
4042 4177 8219
4120 4163 8283
4138 4198 8336
4177 4191 8368
4077 4097 8174
4183 4194 8377
4165 4196 8361
4178 4188 8366
4132 4134 8266
4113 4153 8266
4181 4194 8375
4145 4198 8343
4114 4189 8303
4171 4175 8346
4067 4115 8182
4140 4185 8325
4065 4158 8223
4173 4174 8347
4145 4183 8328
4154 4184 8338
4079 4091 8170
4113 4185 8298
4119 4134 8253
4194 4198 8392
4158 4194 8352
4139 4185 8324
4182 4185 8367
4009 4047 8056
4129 4168 8297
4058 4064 8122
4124 4163 8287
4128 4189 8317
4165 4187 8352
4038 4090 8128
4055 4088 8143
4133 4161 8294
4062 4074 8136
4187 4193 8380
4108 4198 8306
4105 4160 8265
4067 4125 8192
4061 4097 8158
4025 4104 8129
4099 4102 8201
4108 4156 8264
4013 4044 8057
4169 4178 8347
4099 4129 8228
4194 4197 8391
4124 4170 8294
4007 4013 8020
4194 4199 8393
4103 4185 8288
4181 4189 8370
4054 4094 8148
4048 4132 8180
4174 4183 8357
4135 4144 8279
4024 4044 8068
4109 4190 8299
4061 4151 8212
4092 4188 8280
4132 4159 8291
4181 4186 8367
4090 4097 8187
4052 4144 8196
4149 4163 8312
4126 4181 8307
4019 4048 8067
4029 4055 8084
4000 4141 8141
4132 4179 8311
4042 4103 8145
4103 4150 8253
4181 4185 8366
4032 4173 8205
4032 4168 8200
4108 4121 8229
4177 4189 8366
4028 4126 8154
4169 4181 8350
4037 4058 8095
4155 4160 8315
4098 4124 8222
4031 4080 8111
4195 4198 8393
4069 4166 8235
4085 4168 8253
4035 4083 8118
4069 4174 8243
4036 4172 8208
4088 4174 8262
4024 4156 8180
4013 4065 8078
4155 4188 8343
4095 4199 8294
4041 4170 8211
4088 4198 8286
4124 4163 8287
4028 4133 8161
4006 4050 8056
4182 4194 8376
4080 4086 8166
4147 4180 8327
4074 4116 8190
4094 4156 8250
4097 4140 8237
4135 4136 8271
4151 4197 8348
4126 4173 8299
4060 4101 8161
4038 4161 8199
4102 4157 8259
4138 4162 8300
4020 4109 8129
4018 4026 8044
4153 4193 8346
4132 4174 8306
4172 4190 8362
4051 4134 8185
4090 4094 8184
4043 4064 8107
4012 4013 8025
4034 4091 8125
4098 4160 8258
4111 4133 8244
4048 4071 8119
4023 4140 8163
4186 4190 8376
4163 4194 8357
4173 4191 8364
4069 4080 8149
4173 4184 8357
4028 4150 8178
4156 4158 8314
4084 4189 8273
4184 4191 8375
4146 4181 8327
4075 4175 8250
4161 4197 8358
4097 4141 8238
4045 4154 8199
4090 4159 8249
4089 4128 8217
4152 4165 8317
4074 4162 8236
4154 4200 8354
4140 4160 8300
4115 4125 8240
4174 4188 8362
4172 4197 8369
4103 4132 8235
4174 4186 8360
4147 4196 8343
4096 4193 8289
4002 4014 8016
4026 4177 8203
4120 4176 8296
4132 4162 8294
4164 4175 8339
4172 4196 8368
4190 4195 8385
4175 4179 8354
4020 4030 8050
4065 4129 8194
4088 4097 8185
4005 4119 8124
4130 4176 8306
4183 4195 8378
4027 4061 8088
4069 4149 8218
4133 4192 8325
4158 4183 8341
4183 4199 8382
4073 4089 8162
4158 4200 8358
4088 4097 8185
4013 4102 8115
4029 4079 8108
4077 4140 8217
4063 4169 8232
4114 4163 8277
4148 4191 8339
4155 4168 8323
4030 4065 8095
4027 4029 8056
4118 4185 8303
4081 4198 8279
4081 4172 8253
4178 4187 8365
4165 4178 8343
4039 4120 8159
4128 4129 8257
4032 4161 8193
4194 4199 8393
4047 4080 8127
4057 4135 8192
4091 4137 8228
4042 4148 8190
4083 4102 8185
4149 4197 8346
4065 4147 8212
4086 4183 8269
4036 4198 8234
4054 4071 8125
4070 4196 8266
4123 4190 8313
4037 4066 8103
4127 4197 8324
4188 4199 8387
4038 4076 8114
4048 4150 8198
4099 4177 8276
4153 4178 8331
4116 4128 8244
4095 4138 8233
4113 4187 8300
4157 4160 8317
4128 4139 8267
4054 4148 8202
4159 4173 8332
4132 4141 8273
4013 4127 8140
4079 4091 8170
4054 4102 8156
4048 4179 8227
4150 4195 8345
4047 4198 8245
4119 4128 8247
4171 4190 8361
4020 4193 8213
4160 4194 8354
4180 4185 8365
4045 4102 8147
4023 4117 8140
4157 4171 8328
4096 4115 8211
4137 4194 8331
4151 4171 8322
4165 4182 8347
4027 4056 8083
4013 4099 8112
4124 4141 8265
4131 4151 8282
4024 4077 8101
4161 4187 8348
4028 4156 8184
4099 4118 8217
4088 4150 8238
4000 4018 8018
4165 4168 8333
4042 4100 8142
4124 4131 8255
4069 4165 8234
4108 4127 8235
4134 4144 8278
4134 4178 8312
4184 4199 8383
4180 4191 8371
4083 4133 8216
4145 4162 8307
4042 4063 8105
4089 4160 8249
4160 4185 8345
4178 4180 8358
4037 4082 8119
4023 4183 8206
4113 4166 8279
4062 4199 8261
4160 4178 8338
4110 4165 8275
4135 4148 8283
4092 4134 8226
4001 4042 8043
4152 4156 8308
4142 4172 8314
4197 4199 8396
4020 4106 8126
4109 4175 8284
4054 4137 8191
4003 4051 8054
4107 4115 8222
4086 4174 8260
4028 4196 8224
4064 4189 8253
4119 4121 8240
4184 4198 8382
4033 4084 8117
4128 4170 8298
4047 4197 8244
4075 4099 8174
4019 4101 8120
4096 4196 8292
4118 4164 8282
4043 4081 8124
4027 4078 8105
4128 4140 8268
4010 4167 8177
4022 4091 8113
4056 4072 8128
4118 4135 8253
4051 4132 8183
4118 4172 8290
4114 4140 8254
4172 4177 8349
4152 4195 8347
4041 4048 8089
4194 4196 8390
4044 4099 8143
4184 4188 8372
4150 4159 8309
4000 4047 8047
4178 4194 8372
4024 4047 8071
4034 4090 8124
4029 4119 8148
4026 4080 8106
4049 4106 8155
4147 4173 8320
4090 4178 8268
4139 4176 8315
4165 4185 8350
4148 4171 8319
4153 4156 8309
4156 4174 8330
4193 4194 8387
4041 4175 8216
4163 4172 8335
4125 4148 8273
4085 4170 8255
4140 4171 8311
4033 4034 8067
4097 4131 8228
4170 4174 8344
4169 4193 8362
4127 4181 8308
4193 4195 8388
4123 4129 8252
4127 4138 8265
4063 4194 8257
4011 4187 8198
4015 4169 8184
4144 4174 8318
4090 4126 8216
4181 4200 8381
4150 4154 8304
4105 4154 8259
4092 4194 8286
4060 4093 8153
4035 4107 8142
4172 4173 8345
4033 4064 8097
4153 4181 8334
4090 4125 8215
4093 4146 8239
4075 4098 8173
4141 4167 8308
4130 4163 8293
4180 4186 8366
4174 4190 8364
4011 4150 8161
4108 4125 8233
4050 4083 8133
4093 4094 8187
4158 4178 8336
4109 4153 8262
4087 4096 8183
4110 4115 8225
4061 4194 8255
4128 4139 8267
4034 4076 8110
4060 4120 8180
4147 4154 8301
4016 4101 8117
4025 4061 8086
4028 4047 8075
4091 4126 8217
4045 4078 8123
4083 4103 8186
4066 4082 8148
4068 4150 8218
4093 4143 8236
4172 4195 8367
4173 4174 8347
4128 4147 8275
4166 4193 8359
4064 4104 8168
4113 4189 8302
4194 4196 8390
4169 4177 8346
4027 4073 8100
4124 4166 8290
4000 4179 8179
4184 4191 8375
4111 4144 8255
4083 4171 8254
4055 4096 8151
4140 4176 8316
4103 4167 8270
4014 4144 8158
4126 4200 8326
4073 4181 8254
4075 4100 8175
4193 4200 8393
4124 4190 8314
4195 4199 8394
4027 4073 8100
4165 4188 8353
4133 4177 8310
4157 4200 8357
4137 4158 8295
4031 4038 8069
4155 4172 8327
4015 4153 8168
4194 4199 8393
4039 4066 8105
4105 4162 8267
4161 4189 8350
4029 4129 8158
4060 4190 8250
4085 4158 8243
4189 4190 8379
4150 4173 8323
4022 4122 8144
4125 4184 8309
4074 4152 8226
4004 4194 8198
4116 4122 8238
4002 4053 8055
4175 4180 8355
4049 4096 8145
4008 4017 8025
4116 4181 8297
4188 4194 8382
4177 4199 8376
4008 4131 8139
4110 4145 8255
4136 4180 8316
4022 4130 8152
4102 4122 8224
4075 4196 8271
4126 4163 8289
4090 4161 8251
4066 4156 8222
4080 4120 8200
4065 4091 8156
4054 4194 8248
4102 4138 8240
4068 4075 8143
4099 4197 8296
4178 4197 8375
4139 4193 8332
4180 4200 8380
4144 4184 8328
4158 4192 8350
4059 4182 8241
4026 4072 8098
4161 4192 8353
4128 4168 8296
4104 4127 8231
4144 4195 8339
4030 4094 8124
4061 4100 8161
4139 4185 8324
4105 4200 8305
4027 4124 8151
4124 4188 8312
4006 4110 8116
4169 4199 8368
4095 4120 8215
4016 4026 8042
4190 4194 8384
4029 4043 8072
4016 4056 8072
4119 4187 8306
4148 4170 8318
4037 4171 8208
4148 4193 8341
4176 4198 8374
4091 4103 8194
4176 4194 8370
4196 4200 8396
4089 4193 8282
4176 4191 8367
4072 4094 8166
4097 4117 8214
4057 4152 8209
4045 4066 8111
4023 4038 8061
4188 4194 8382
4067 4194 8261
4022 4038 8060
4185 4190 8375
4065 4150 8215
4180 4194 8374
4175 4200 8375
4044 4119 8163
4133 4185 8318
4021 4065 8086
4166 4196 8362
4156 4188 8344
4040 4155 8195
4155 4193 8348
4126 4152 8278
4123 4186 8309
4180 4186 8366
4150 4198 8348
4188 4193 8381
4144 4195 8339
4142 4146 8288
4017 4149 8166
4046 4118 8164
4175 4198 8373
4092 4119 8211
4026 4130 8156
4056 4084 8140
4017 4137 8154
4048 4199 8247
4162 4171 8333
4033 4137 8170
4012 4127 8139
4157 4171 8328
4093 4156 8249
4182 4196 8378
4125 4200 8325

4296 4297 8580
4254 4258 8493
4273 4275 8519
4144 4188 8315
4149 4154 8273
4124 4223 8310
4244 4281 8485
4207 4276 8460
4140 4233 8370
4230 4253 8454
4276 4284 8524
4187 4268 8419
4296 4297 8581
4251 4252 8492
4149 4271 8405
4236 4243 8450
4204 4207 8398
4144 4177 8290
4205 4292 8479
4142 4185 8291
4160 4236 8383
4113 4135 8232
4136 4186 8295
4258 4283 8502
4237 4299 8497
4232 4288 8491
4253 4283 8498
4254 4286 8520
4244 4277 8501
4178 4224 8400
4136 4192 8295
4231 4261 8473
4110 4145 8239
4296 4299 8564
4114 4119 8225
4125 4221 8333
4216 4244 8434
4146 4293 8416
4286 4291 8554
4184 4262 8423
4278 4290 8564
4194 4245 8401
4174 4252 8408
4233 4300 8507
4186 4254 8407
4135 4214 8346
4134 4138 8240
4123 4153 8243
4245 4296 8539
4200 4224 8390
4135 4221 8319
4202 4225 8406
4286 4292 8541
4187 4270 8444
4207 4287 8457
4276 4281 8536
4176 4195 8367
4293 4295 8563
4191 4207 8372
4231 4264 8490
4137 4215 8340
4253 4275 8497
4182 4246 8423
4178 4277 8444
4296 4300 8586
4235 4285 8515
4156 4245 8376
4112 4201 8292
4151 4183 8331
4286 4299 8561
4145 4163 8296
4249 4298 8534
4194 4216 8379
4118 4218 8305
4224 4233 8450
4283 4288 8561
4294 4300 8592
4158 4236 8387
4214 4299 8475
4240 4277 8499
4110 4254 8333
4198 4225 8408
4255 4284 8504
4281 4293 8554
4178 4235 8374
4270 4289 8542
4292 4293 8558
4195 4289 8465
4194 4280 8440
4175 4264 8410
4134 4290 8414
4240 4242 8459
4114 4163 8238
4166 4192 8331
4118 4225 8334
4160 4165 8292
4126 4222 8317
4113 4147 8247
4104 4249 8314
4112 4205 8291
4160 4184 8322
4199 4222 8386
4181 4296 8441
4204 4234 8437
4199 4274 8439
4282 4292 8573
4297 4298 8593
4288 4291 8554
4171 4235 8386
4232 4293 8496
4221 4275 8495
4181 4293 8446
4223 4268 8480
4298 4300 8590
4277 4291 8555
4241 4291 8506
4142 4205 8318
4211 4281 8453
4101 4257 8353
4214 4282 8481
4106 4174 8278
4156 4157 8310
4239 4281 8485
4272 4286 8554
4273 4292 8535
4175 4183 8336
4209 4275 8466
4121 4225 8319
4248 4272 8500
4106 4135 8233
4214 4226 8417
4151 4177 8304
4141 4277 8415
4189 4278 8428
4121 4193 8295
4143 4197 8338
4279 4298 8576
4167 4220 8374
4177 4207 8380
4146 4244 8381
4257 4296 8550
4125 4156 8266
4218 4274 8483
4136 4258 8374
4288 4293 8550
4260 4294 8544
4128 4167 8288
4195 4262 8425
4169 4190 8326
4241 4263 8478
4242 4265 8486
4127 4142 8261
4167 4250 8402
4222 4223 8408
4253 4295 8509
4296 4299 8561
4268 4276 8517
4255 4295 8522
4118 4224 8333
4196 4219 8408
4246 4257 8500
4261 4283 8523
4117 4205 8289
4259 4298 8526
4148 4187 8321
4121 4155 8266
4158 4213 8347
4291 4300 8580
4161 4253 8413
4124 4148 8239
4169 4280 8426
4263 4277 8533
4152 4209 8355
4190 4195 8360
4269 4280 8511
4122 4144 8240
4241 4278 8509
4149 4272 8409
4153 4268 8413
4167 4209 8350
4243 4246 8453
4217 4227 8435
4260 4266 8518
4220 4237 8421
4275 4288 8559
4124 4208 8321
4166 4196 8337
4225 4260 8468
4109 4129 8202
4270 4300 8568
4142 4290 8409
4187 4205 8363
4248 4270 8513
4226 4235 8452
4133 4237 8348
4148 4178 8289
4231 4262 8459
4138 4237 8366
4115 4172 8282
4263 4273 8510
4245 4270 8500
4210 4213 8403
4289 4293 8546
4256 4284 8502
4112 4133 8231
4266 4281 8544
4103 4155 8221
4186 4189 8336
4266 4290 8544
4268 4289 8529
4144 4192 8332
4221 4293 8480
4141 4270 8394
4241 4281 8518
4162 4236 8385
4143 4166 8270
4133 4297 8410
4287 4293 8571
4290 4292 8566
4281 4283 8553
4130 4184 8282
4269 4275 8514
4208 4224 8395
4284 4288 8532
4158 4181 8311
4289 4300 8573
4263 4270 8511
4244 4264 8489
4156 4233 8388
4176 4179 8324
4153 4182 8307
4277 4285 8530
4203 4241 8413
4111 4114 8215
4136 4231 8337
4157 4158 8290
4185 4275 8424
4178 4294 8452
4248 4249 8483
4202 4244 8421
4251 4277 8514
4154 4244 8372
4140 4220 8359
4205 4215 8397
4125 4297 8390
4211 4256 8464
4222 4237 8455
4238 4290 8492
4285 4287 8551
4102 4207 8289
4146 4149 8265
4200 4239 8409
4293 4298 8557
4187 4201 8387
4245 4259 8491
4176 4246 8421
4249 4261 8475
4139 4227 8355
4155 4232 8377
4146 4171 8280
4253 4254 8480
4188 4210 8379
4191 4219 8409
4203 4292 8471
4251 4278 8509
4293 4298 8586
4127 4151 8253
4206 4210 8393
4140 4273 8386
4172 4267 8410
4263 4288 8541
4240 4255 8486
4293 4294 8571
4246 4278 8522
4133 4181 8288
4142 4277 8406
4220 4263 8452
4238 4298 8506
4277 4291 8564
4177 4197 8366
4283 4294 8541
4265 4296 8528
4278 4288 8542
4232 4234 8455
4213 4253 8448
4281 4294 8565
4245 4298 8513
4214 4289 8485
4271 4275 8531
4167 4215 8363
4240 4285 8519
4165 4258 8392
4273 4274 8516
4245 4283 8505
4254 4284 8537
4179 4191 8331
4213 4285 8460
4219 4234 8432
4294 4298 8575
4258 4294 8545
4239 4285 8508
4282 4285 8554
4109 4147 8236
4229 4268 8493
4158 4164 8316
4224 4263 8471
4228 4289 8506
4265 4287 8536
4138 4190 8321
4155 4188 8339
4233 4261 8475
4162 4174 8305
4287 4293 8568
4208 4298 8467
4205 4260 8437
4167 4225 8378
4161 4197 8334
4125 4204 8323
4199 4202 8374
4208 4256 8460
4113 4144 8241
4269 4278 8507
4199 4229 8403
4294 4297 8585
4224 4270 8456
4107 4113 8189
4294 4299 8567
4203 4285 8455
4281 4289 8548
4154 4194 8342
4148 4232 8363
4274 4283 8536
4235 4244 8449
4124 4144 8259
4209 4290 8467
4161 4251 8390
4192 4288 8456
4232 4259 8454
4281 4286 8561
4190 4197 8382
4152 4244 8380
4249 4263 8494
4226 4281 8490
4119 4148 8257
4129 4155 8252
4100 4241 8311
4232 4279 8495
4142 4203 8316
4203 4250 8437
4281 4285 8560
4132 4273 8391
4132 4268 8371
4208 4221 8404
4277 4289 8554
4128 4226 8327
4269 4281 8526
4137 4158 8287
4255 4260 8483
4198 4224 8390
4131 4180 8301
4295 4298 8574
4169 4266 8424
4185 4268 8445
4135 4183 8313
4169 4274 8438
4136 4272 8389
4188 4274 8424
4124 4256 8351
4113 4165 8253
4255 4288 8510
4195 4299 8469
4141 4270 8403
4188 4298 8453
4224 4263 8462
4128 4233 8346
4106 4150 8229
4282 4294 8568
4180 4186 8328
4247 4280 8508
4174 4216 8358
4194 4256 8444
4197 4240 8432
4235 4236 8440
4251 4297 8534
4226 4273 8459
4160 4201 8324
4138 4261 8392
4202 4257 8444
4238 4262 8473
4120 4209 8299
4118 4126 8221
4253 4293 8517
4232 4274 8501
4272 4290 8532
4151 4234 8352
4190 4194 8375
4143 4164 8305
4112 4113 8191
4134 4191 8304
4198 4260 8420
4211 4233 8420
4148 4171 8316
4123 4240 8362
4286 4290 8557
4263 4294 8522
4273 4291 8534
4169 4180 8318
4273 4284 8552
4128 4250 8340
4256 4258 8482
4184 4289 8435
4284 4291 8536
4246 4281 8504
4175 4275 8444
4261 4297 8530
4197 4241 8402
4145 4254 8395
4190 4259 8423
4189 4228 8384
4252 4265 8492
4174 4262 8399
4254 4300 8543
4240 4260 8491
4215 4225 8432
4274 4288 8525
4272 4297 8558
4203 4232 8406
4274 4286 8542
4247 4296 8505
4196 4293 8451
4102 4114 8186
4126 4277 8392
4220 4276 8489
4232 4262 8455
4264 4275 8511
4272 4296 8546
4290 4295 8568
4275 4279 8540
4120 4130 8234
4165 4229 8372
4188 4197 8372
4105 4219 8288
4230 4276 8471
4283 4295 8574
4127 4161 8279
4169 4249 8402
4233 4292 8516
4258 4283 8506
4283 4299 8567
4173 4189 8345
4258 4300 8536
4188 4197 8381
4113 4202 8283
4129 4179 8301
4177 4240 8397
4163 4269 8413
4214 4263 8466
4248 4291 8534
4255 4268 8496
4130 4165 8285
4127 4129 8249
4218 4285 8484
4181 4298 8443
4181 4272 8450
4278 4287 8560
4265 4278 8518
4139 4220 8343
4228 4229 8432
4132 4261 8384
4294 4299 8559
4147 4180 8316
4157 4235 8355
4191 4237 8417
4142 4248 8388
4183 4202 8359
4249 4297 8511
4165 4247 8394
4186 4283 8467
4136 4298 8400
4154 4171 8288
4170 4296 8446
4223 4290 8495
4137 4166 8291
4227 4297 8508
4288 4299 8564
4138 4176 8298
4148 4250 8389
4199 4277 8441
4253 4278 8493
4216 4228 8408
4195 4238 8396
4213 4287 8466
4257 4260 8489
4228 4239 8440
4154 4248 8379
4259 4273 8520
4232 4241 8455
4113 4227 8319
4179 4191 8335
4154 4202 8322
4148 4279 8397
4250 4295 8534
4147 4298 8417
4219 4228 8433
4271 4290 8535
4120 4293 8376
4260 4294 8536
4280 4285 8530
4145 4202 8310
4123 4217 8304
4257 4271 8512
4196 4215 8380
4237 4294 8519
4251 4271 8500
4265 4282 8538
4127 4156 8257
4113 4199 8292
4224 4241 8449
4231 4251 8473
4124 4177 8266
4261 4287 8518
4128 4256 8372
4199 4218 8385
4188 4250 8405
4100 4118 8204
4265 4268 8528
4142 4200 8331
4224 4231 8446
4169 4265 8423
4208 4227 8433
4234 4244 8440
4234 4278 8499
4284 4299 8553
4280 4291 8555
4183 4233 8409
4245 4262 8489
4142 4163 8298
4189 4260 8443
4260 4285 8507
4278 4280 8553
4137 4182 8280
4123 4283 8385
4213 4266 8471
4162 4299 8433
4260 4278 8510
4210 4265 8455
4235 4248 8461
4192 4234 8411
4101 4142 8212
4252 4256 8498
4242 4272 8475
4297 4299 8594
4120 4206 8296
4209 4275 8449
4154 4237 8368
4103 4151 8222
4207 4215 8395
4186 4274 8428
4128 4296 8398
4164 4289 8442
4219 4221 8437
4284 4298 8581
4133 4184 8312
4228 4270 8475
4147 4297 8437
4175 4199 8370
4119 4201 8291
4196 4296 8482
4218 4264 8467
4143 4181 8319
4127 4178 8281
4228 4240 8435
4110 4267 8371
4122 4191 8310
4156 4172 8292
4218 4235 8440
4151 4232 8374
4218 4272 8484
4214 4240 8433
4272 4277 8522
4252 4295 8536
4141 4148 8259
4294 4296 8566
4144 4199 8314
4284 4288 8549
4250 4259 8491
4100 4147 8245
4278 4294 8568
4124 4147 8261
4134 4190 8285
4129 4219 8326
4126 4180 8269
4149 4206 8337
4247 4273 8480
4190 4278 8438
4239 4276 8491
4265 4285 8544
4248 4271 8513
4253 4256 8483
4256 4274 8513
4293 4294 8575
4141 4275 8393
4263 4272 8498
4225 4248 8458
4185 4270 8443
4240 4271 8506
4133 4134 8258
4197 4231 8413
4270 4274 8539
4269 4293 8543
4227 4281 8486
4293 4295 8568
4223 4229 8434
4227 4238 8435
4163 4294 8451
4111 4287 8374
4115 4269 8363
4244 4274 8504
4190 4226 8379
4281 4300 8543
4250 4254 8499
4205 4254 8442
4192 4294 8450
4160 4193 8315
4135 4207 8317
4272 4273 8539
4133 4164 8262
4253 4281 8500
4190 4225 8389
4193 4246 8410
4175 4198 8337
4241 4267 8481
4230 4263 8475
4280 4286 8539
4274 4290 8524
4111 4250 8357
4208 4225 8422
4150 4183 8300
4193 4194 8379
4258 4278 8510
4209 4253 8439
4187 4196 8366
4210 4215 8409
4161 4294 8432
4228 4239 8437
4134 4176 8288
4160 4220 8374
4247 4254 8493
4116 4201 8292
4125 4161 8248
4128 4147 8245
4191 4226 8378
4145 4178 8311
4183 4203 8378
4166 4182 8315
4168 4250 8417
4193 4243 8427
4272 4295 8532
4273 4274 8542
4228 4247 8449
4266 4293 8527
4164 4204 8341
4213 4289 8492
4294 4296 8564
4269 4277 8520
4127 4173 8292
4224 4266 8455
4100 4279 8349
4284 4291 8536
4211 4244 8427
4183 4271 8428
4155 4196 8317
4240 4276 8487
4203 4267 8431
4114 4244 8345
4226 4300 8511
4173 4281 8450
4175 4200 8341
4293 4300 8580
4224 4290 8474
4295 4299 8585
4127 4173 8276
4265 4288 8545
4233 4277 8508
4257 4300 8525
4237 4258 8462
4131 4138 8239
4255 4272 8506
4115 4253 8346
4294 4299 8562
4139 4166 8280
4205 4262 8456
4261 4289 8524
4129 4229 8331
4160 4290 8445
4185 4258 8405
4289 4290 8560
4250 4273 8520
4122 4222 8342
4225 4284 8491
4174 4252 8409
4104 4294 8374
4216 4222 8421
4102 4153 8252
4275 4280 8517
4149 4196 8327
4108 4117 8221
4216 4281 8470
4288 4294 8555
4277 4299 8562
4108 4231 8318
4210 4245 8438
4236 4280 8490
4122 4230 8351
4202 4222 8418
4175 4296 8465
4226 4263 8486
4190 4261 8440
4166 4256 8411
4180 4220 8361
4165 4191 8351
4154 4294 8441
4202 4238 8436
4168 4175 8315
4199 4297 8493
4278 4297 8562
4239 4293 8526
4280 4300 8566
4244 4284 8490
4258 4292 8510
4159 4282 8412
4126 4172 8275
4261 4292 8529
4228 4268 8467
4204 4227 8400
4244 4295 8511
4130 4194 8317
4161 4200 8351
4239 4285 8513
4205 4300 8471
4127 4224 8346
4224 4288 8503
4106 4210 8293
4269 4299 8557
4195 4220 8406
4116 4126 8217
4290 4294 8575
4129 4143 8249
4116 4156 8240
4219 4287 8481
4248 4270 8494
4137 4271 8404
4248 4293 8515
4276 4298 8561
4191 4203 8368
4276 4294 8567
4296 4300 8582
4189 4293 8444
4276 4291 8529
4172 4194 8330
4197 4217 8389
4157 4252 8370
4145 4166 8294
4123 4138 8254
4288 4294 8571
4167 4294 8433
4122 4138 8259
4285 4290 8563
4165 4250 8407
4280 4294 8537
4275 4300 8561
4144 4219 8329
4233 4285 8484
4121 4165 8279
4266 4296 8534
4256 4288 8507
4140 4255 8389
4255 4293 8531
4226 4252 8463
4223 4286 8474
4280 4286 8529
4250 4298 8527
4288 4293 8546
4244 4295 8502
4242 4246 8486
4117 4249 8353
4146 4218 8347
4275 4298 8538
4192 4219 8402
4126 4230 8319
4156 4184 8302
4117 4237 8334
4148 4299 8410
4262 4271 8511
4133 4237 8363
4112 4227 8310
4257 4271 8494
4193 4256 8424
4282 4296 8539
4225 4300 8498

0.010000 0.700000
