500
1812760
4102 4175 8277
4134 4143 8277
4095 4186 8281
4168 4170 8338
4113 4126 8239
4029 4091 8120
4018 4060 8078
4056 4136 8192
4163 4174 8337
4008 4137 8145
4109 4149 8258
4017 4117 8134
4116 4119 8235
4082 4106 8188
4129 4173 8302
4070 4190 8260
4037 4148 8185
4199 4200 8399
4188 4189 8377
4092 4136 8228
4133 4179 8312
4116 4160 8276
4037 4134 8171
4126 4187 8313
4129 4141 8270
4182 4187 8369
4107 4160 8267
4131 4133 8264
4168 4179 8347
4177 4180 8357
4126 4189 8315
4042 4108 8150
4135 4181 8316
4027 4059 8086
4106 4190 8296
4167 4173 8340
4178 4190 8368
4080 4112 8192
4128 4136 8264
4110 4127 8237
4187 4190 8377
4175 4182 8357
4062 4094 8156
4048 4059 8107
4127 4153 8280
4037 4099 8136
4025 4062 8087
4084 4186 8270
4078 4161 8239
4168 4178 8346
4073 4175 8248
4120 4194 8314
4043 4045 8088
4095 4115 8210
4014 4045 8059
4095 4184 8279
4069 4140 8209
4168 4191 8359
4177 4189 8366
4038 4114 8152
4076 4102 8178
4083 4099 8182
4093 4117 8210
4162 4173 8335
4191 4192 8383
4190 4197 8387
4062 4159 8221
4149 4178 8327
4060 4141 8201
4008 4137 8145
4154 4163 8317
4193 4200 8393
4056 4174 8230
4042 4108 8150
4023 4120 8143
4052 4097 8149
4009 4039 8048
4058 4161 8219
4060 4135 8195
4029 4068 8097
4186 4187 8373
4114 4134 8248
4148 4181 8329
4006 4196 8202
4175 4188 8363
4066 4186 8252
4063 4106 8169
4003 4032 8035
4137 4175 8312
4050 4064 8114
4171 4184 8355
4090 4124 8214
4123 4197 8320
4194 4196 8390
4074 4194 8268
4099 4113 8212
4092 4167 8259
4054 4100 8154
4189 4190 8379
4026 4057 8083
4119 4145 8264
4060 4127 8187
4001 4152 8153
4083 4159 8242
4050 4064 8114
4088 4095 8183
4135 4185 8320
4069 4189 8258
4099 4112 8211
4114 4172 8286
4050 4163 8213
4147 4180 8327
4168 4180 8348
4078 4130 8208
4156 4186 8342
4095 4169 8264
4048 4063 8111
4157 4183 8340
4121 4169 8290
4161 4189 8350
4013 4196 8209
4099 4186 8285
4072 4135 8207
4103 4182 8285
4125 4187 8312
4009 4078 8087
4198 4200 8398
4180 4189 8369
4097 4136 8233
4195 4196 8391
4117 4194 8311
4166 4170 8336
4004 4167 8171
4013 4162 8175
4100 4134 8234
4027 4072 8099
4111 4131 8242
4042 4077 8119
4056 4110 8166
4196 4197 8393
4020 4127 8147
4069 4190 8259
4171 4192 8363
4181 4196 8377
4001 4179 8180
4180 4193 8373
4186 4187 8373
4116 4120 8236
4134 4149 8283
4098 4104 8202
4117 4200 8317
4153 4198 8351
4146 4195 8341
4100 4156 8256
4010 4178 8188
4053 4164 8217
4114 4122 8236
4126 4139 8265
4122 4187 8309
4005 4024 8029
4099 4100 8199
4079 4137 8216
4023 4057 8080
4129 4156 8285
4114 4145 8259
4010 4130 8140
4077 4097 8174
4049 4107 8156
4193 4198 8391
4047 4143 8190
4120 4171 8291
4183 4189 8372
4180 4200 8380
4186 4189 8375
4158 4186 8344
4187 4198 8385
4163 4188 8351
4019 4154 8173
4006 4114 8120
4091 4170 8261
4130 4138 8268
4078 4186 8264
4104 4158 8262
4074 4123 8197
4087 4113 8200
4188 4198 8386
4159 4192 8351
4172 4195 8367
4011 4188 8199
4074 4186 8260
4195 4200 8395
4014 4099 8113
4132 4156 8288
4112 4185 8297
4099 4152 8251
4035 4191 8226
4137 4191 8328
4060 4089 8149
4154 4161 8315
4077 4143 8220
4079 4147 8226
4096 4197 8293
4040 4168 8208
4112 4116 8228
4011 4186 8197
4194 4195 8389
4044 4128 8172
4126 4146 8272
4104 4136 8240
4116 4149 8265
4160 4182 8342
4102 4129 8231
4147 4197 8344
4123 4138 8261
4005 4122 8127
4190 4193 8383
4124 4145 8269
4116 4195 8311
4072 4136 8208
4084 4138 8222
4087 4112 8199
4148 4163 8311
4132 4144 8276
4088 4193 8281
4195 4196 8391
4086 4103 8189
4177 4187 8364
4156 4177 8333
4114 4138 8252
4139 4179 8318
4012 4162 8174
4014 4146 8160
4162 4192 8354
4133 4144 8277
4008 4014 8022
4150 4168 8318
4162 4184 8346
4189 4190 8379
4158 4182 8340
4164 4195 8359
4080 4132 8212
4102 4128 8230
4072 4108 8180
4116 4199 8315
4121 4148 8269
4025 4166 8191
4163 4194 8357
4076 4162 8238
4114 4183 8297
4147 4170 8317
4109 4145 8254
4101 4152 8253
4135 4147 8282
4076 4192 8268
4108 4175 8283
4049 4069 8118
4193 4200 8393
4178 4197 8375
4168 4194 8362
4092 4200 8292
4036 4053 8089
4150 4197 8347
4195 4198 8393
4006 4023 8029
4033 4194 8227
4013 4082 8095
4024 4100 8124
4120 4138 8258
4000 4144 8144
4098 4136 8234
4017 4052 8069
4110 4116 8226
4009 4097 8106
4161 4199 8360
4141 4151 8292
4028 4181 8209
4069 4183 8252
4072 4082 8154
4153 4180 8333
4012 4058 8070
4152 4157 8309
4034 4151 8185
4181 4185 8366
4127 4133 8260
4033 4143 8176
4020 4114 8134
4122 4199 8321
4058 4077 8135
4101 4126 8227
4043 4129 8172
4066 4165 8231
4099 4147 8246
4119 4191 8310
4070 4136 8206
4175 4198 8373
4173 4192 8365
4020 4195 8215
4177 4187 8364
4072 4131 8203
4008 4054 8062
4149 4185 8334
4113 4173 8286
4008 4125 8133
4148 4168 8316
4021 4170 8191
4191 4198 8389
4081 4106 8187
4056 4133 8189
4166 4198 8364
4087 4167 8254
4112 4124 8236
4054 4073 8127
4102 4165 8267
4104 4123 8227
4074 4089 8163
4026 4051 8077
4183 4192 8375
4169 4193 8362
4007 4104 8111
4019 4021 8040
4095 4126 8221
4155 4172 8327
4069 4087 8156
4058 4184 8242
4060 4137 8197
4066 4191 8257
4152 4153 8305
4105 4162 8267
4155 4166 8321
4048 4052 8100
4007 4096 8103
4053 4105 8158
4050 4149 8199
4027 4145 8172
4042 4178 8220
4135 4138 8273
4108 4156 8264
4038 4152 8190
4050 4069 8119
4143 4152 8295
4004 4041 8045
4022 4198 8220
4136 4138 8274
4098 4128 8226
4165 4200 8365
4174 4175 8349
4018 4145 8163
4015 4027 8042
4001 4135 8136
4118 4124 8242
4187 4198 8385
4077 4089 8166
4023 4183 8206
4167 4189 8356
4026 4053 8079
4071 4134 8205
4146 4154 8300
4011 4147 8158
4053 4142 8195
4035 4191 8226
4143 4156 8299
4163 4175 8338
4102 4132 8234
4119 4121 8240
4166 4176 8342
4064 4187 8251
4022 4067 8089
4165 4192 8357
4004 4128 8132
4198 4199 8397
4081 4164 8245
4121 4161 8282
4128 4163 8291
4198 4199 8397
4153 4181 8334
4081 4087 8168
4044 4194 8238
4004 4092 8096
4190 4200 8390
4036 4047 8083
4157 4179 8336
4089 4158 8247
4150 4166 8316
4182 4193 8375
4102 4188 8290
4185 4195 8380
4193 4196 8389
4099 4105 8204
4081 4191 8272
4072 4115 8187
4103 4192 8295
4003 4023 8026
4119 4197 8316
4009 4180 8189
4037 4046 8083
4094 4176 8270
4177 4188 8365
4047 4098 8145
4117 4177 8294
4048 4073 8121
4143 4169 8312
4184 4196 8380
4157 4193 8350
4046 4138 8184
4073 4166 8239
4135 4179 8314
4147 4166 8313
4145 4199 8344
4011 4081 8092
4073 4152 8225
4110 4170 8280
4123 4164 8287
4013 4191 8204
4170 4172 8342
4175 4182 8357
4024 4046 8070
4051 4084 8135
4193 4195 8388
4073 4146 8219
4063 4106 8169
4194 4196 8390
4186 4187 8373
4119 4174 8293
4025 4183 8208
4027 4185 8212
4155 4187 8342
4140 4175 8315
4090 4185 8275
4020 4187 8207
4065 4197 8262
4191 4196 8387
4190 4199 8389
4164 4183 8347
4188 4193 8381
4136 4189 8325
4198 4200 8398
4087 4142 8229
4016 4118 8134
4133 4147 8280
4043 4155 8198
4043 4056 8099
4174 4175 8349
4010 4142 8152
4034 4058 8092
4145 4196 8341
4018 4123 8141
4008 4111 8119
4137 4189 8326
4126 4173 8299
4127 4151 8278
4148 4200 8348
4169 4182 8351
4027 4057 8084
4152 4161 8313
4178 4197 8375
4022 4167 8189
4012 4033 8045
4184 4185 8369
4147 4190 8337
4075 4189 8264
4046 4087 8133
4037 4100 8137
4132 4149 8281
4081 4198 8279
4108 4122 8230
4121 4143 8264
4152 4170 8322
4049 4181 8230
4146 4192 8338
4058 4145 8203
4025 4167 8192
4168 4192 8360
4155 4195 8350
4082 4088 8170
4002 4193 8195
4083 4194 8277
4183 4193 8376
4153 4180 8333
4119 4134 8253
4027 4061 8088
4088 4186 8274
4169 4178 8347
4176 4185 8361
4187 4194 8381
4015 4155 8170
4171 4199 8370
4123 4148 8271
4120 4149 8269
4185 4200 8385
4033 4075 8108
4041 4157 8198
4145 4156 8301
4199 4200 8399
4052 4141 8193
4060 4112 8172
4080 4172 8252
4086 4187 8273
4039 4104 8143
4190 4193 8383
4127 4147 8274

4202 4275 8470
4234 4243 8472
4195 4286 8476
4268 4270 8517
4213 4226 8404
4129 4191 8319
4118 4160 8245
4156 4236 8386
4263 4274 8517
4108 4237 8311
4209 4249 8424
4117 4217 8302
4216 4219 8417
4182 4206 8371
4229 4273 8487
4170 4290 8443
4137 4248 8375
4299 4300 8568
4288 4289 8555
4192 4236 8426
4233 4279 8474
4216 4260 8460
4137 4234 8342
4226 4287 8484
4229 4241 8447
4282 4287 8558
4207 4260 8439
4231 4233 8439
4268 4279 8520
4277 4280 8529
4226 4289 8507
4142 4208 8335
4235 4281 8480
4127 4159 8281
4206 4290 8456
4267 4273 8519
4278 4290 8532
4180 4212 8381
4228 4236 8458
4210 4227 8398
4287 4290 8570
4275 4282 8545
4162 4194 8323
4148 4159 8282
4227 4253 8454
4137 4199 8315
4125 4162 8277
4184 4286 8456
4178 4261 8438
4268 4278 8541
4173 4275 8409
4220 4294 8503
4143 4145 8256
4195 4215 8401
4114 4145 8241
4195 4284 8456
4169 4240 8403
4268 4291 8553
4277 4289 8543
4138 4214 8337
4176 4202 8356
4183 4199 8355
4193 4217 8385
4262 4273 8521
4291 4292 8575
4290 4297 8561
4162 4259 8390
4249 4278 8505
4160 4241 8369
4108 4237 8339
4254 4263 8481
4293 4300 8557
4156 4274 8419
4142 4208 8325
4123 4220 8334
4152 4197 8342
4109 4139 8233
4158 4261 8389
4160 4235 8370
4129 4168 8286
4286 4287 8545
4214 4234 8443
4248 4281 8516
4106 4296 8382
4275 4288 8535
4166 4286 8434
4163 4206 8352
4103 4132 8224
4237 4275 8502
4150 4164 8305
4271 4284 8531
4190 4224 8389
4223 4297 8513
4294 4296 8579
4174 4294 8439
4199 4213 8387
4192 4267 8444
4154 4200 8347
4289 4290 8574
4126 4157 8255
4219 4245 8451
4160 4227 8357
4101 4252 8349
4183 4259 8413
4150 4164 8301
4188 4195 8377
4235 4285 8491
4169 4289 8434
4199 4212 8381
4214 4272 8484
4150 4263 8386
4247 4280 8498
4268 4280 8542
4178 4230 8371
4256 4286 8524
4195 4269 8452
4148 4163 8280
4257 4283 8502
4221 4269 8458
4261 4289 8525
4113 4296 8372
4199 4286 8460
4172 4235 8383
4203 4282 8460
4225 4287 8499
4109 4178 8257
4298 4300 8567
4280 4289 8530
4197 4236 8398
4295 4296 8583
4217 4294 8476
4266 4270 8535
4104 4267 8350
4113 4262 8364
4200 4234 8396
4127 4172 8285
4211 4231 8434
4142 4177 8296
4156 4210 8349
4296 4297 8590
4120 4227 8311
4169 4290 8443
4271 4292 8553
4281 4296 8545
4101 4279 8345
4280 4293 8539
4286 4287 8554
4216 4220 8423
4234 4249 8472
4198 4204 8367
4217 4300 8504
4253 4298 8534
4246 4295 8523
4200 4256 8432
4110 4278 8354
4153 4264 8413
4214 4222 8407
4226 4239 8459
4222 4287 8504
4105 4124 8223
4199 4200 8390
4179 4237 8396
4123 4157 8277
4229 4256 8458
4214 4245 8453
4110 4230 8320
4177 4197 8365
4149 4207 8342
4293 4298 8576
4147 4243 8380
4220 4271 8476
4283 4289 8563
4280 4300 8544
4286 4289 8555
4258 4286 8508
4287 4298 8547
4263 4288 8531
4119 4254 8366
4106 4214 8283
4191 4270 8460
4230 4238 8458
4178 4286 8432
4204 4258 8451
4174 4223 8384
4187 4213 8394
4288 4298 8583
4259 4292 8523
4272 4295 8537
4111 4288 8381
4174 4286 8446
4295 4300 8559
4114 4199 8293
4232 4256 8454
4212 4285 8492
4199 4252 8445
4135 4291 8423
4237 4291 8491
4160 4189 8337
4254 4261 8496
4177 4243 8394
4179 4247 8416
4196 4297 8486
4140 4268 8373
4212 4216 8411
4111 4286 8393
4294 4295 8555
4144 4228 8336
4226 4246 8440
4204 4236 8417
4216 4249 8450
4260 4282 8510
4202 4229 8411
4247 4297 8534
4223 4238 8430
4105 4222 8312
4290 4293 8560
4224 4245 8439
4216 4295 8484
4172 4236 8373
4184 4238 8384
4187 4212 8371
4248 4263 8475
4232 4244 8453
4188 4293 8447
4295 4296 8573
4186 4203 8370
4277 4287 8552
4256 4277 8508
4214 4238 8412
4239 4279 8507
4112 4262 8371
4114 4246 8337
4262 4292 8527
4233 4244 8471
4108 4114 8202
4250 4268 8507
4262 4284 8507
4289 4290 8554
4258 4282 8537
4264 4295 8521
4180 4232 8381
4202 4228 8398
4172 4208 8342
4216 4299 8501
4221 4248 8443
4125 4266 8355
4263 4294 8526
4176 4262 8414
4214 4283 8477
4247 4270 8479
4209 4245 8421
4201 4252 8432
4235 4247 8456
4176 4292 8436
4208 4275 8463
4149 4169 8311
4293 4300 8576
4278 4297 8550
4268 4294 8546
4192 4300 8486
4136 4153 8253
4250 4297 8543
4295 4298 8590
4106 4123 8226
4133 4294 8409
4113 4182 8278
4124 4200 8318
4220 4238 8434
4100 4244 8319
4198 4236 8401
4117 4152 8242
4210 4216 8388
4109 4197 8285
4261 4299 8524
4241 4251 8488
4128 4281 8383
4169 4283 8437
4172 4182 8334
4253 4280 8526
4112 4158 8250
4252 4257 8470
4134 4251 8347
4281 4285 8554
4227 4233 8438
4133 4243 8341
4120 4214 8319
4222 4299 8517
4158 4177 8319
4201 4226 8411
4143 4229 8335
4166 4265 8408
4199 4247 8412
4219 4291 8476
4170 4236 8389
4275 4298 8571
4273 4292 8562
4120 4295 8395
4277 4287 8550
4172 4231 8373
4108 4154 8234
4249 4285 8524
4213 4273 8468
4108 4225 8328
4248 4268 8482
4121 4270 8360
4291 4298 8588
4181 4206 8360
4156 4233 8382
4266 4298 8561
4187 4267 8438
4212 4224 8429
4154 4173 8308
4202 4265 8443
4204 4223 8419
4174 4189 8346
4126 4151 8252
4283 4292 8546
4269 4293 8531
4107 4204 8300
4119 4121 8226
4195 4226 8390
4255 4272 8497
4169 4187 8328
4158 4284 8441
4160 4237 8395
4166 4291 8453
4252 4253 8484
4205 4262 8440
4255 4266 8520
4148 4152 8298
4107 4196 8284
4153 4205 8335
4150 4249 8369
4127 4245 8352
4142 4278 8384
4235 4238 8455
4208 4256 8458
4138 4252 8355
4150 4169 8300
4243 4252 8487
4104 4141 8240
4122 4298 8391
4236 4238 8450
4198 4228 8416
4265 4300 8528
4274 4275 8542
4118 4245 8355
4115 4127 8240
4101 4235 8301
4218 4224 8406
4287 4298 8565
4177 4189 8359
4123 4283 8373
4267 4289 8523
4126 4153 8257
4171 4234 8389
4246 4254 8486
4111 4247 8341
4153 4242 8364
4135 4291 8413
4243 4256 8475
4263 4275 8500
4202 4232 8404
4219 4221 8427
4266 4276 8520
4164 4287 8437
4122 4167 8276
4265 4292 8552
4104 4228 8317
4298 4299 8564
4181 4264 8438
4221 4261 8454
4228 4263 8470
4298 4299 8557
4253 4281 8508
4181 4187 8350
4144 4294 8436
4104 4192 8287
4290 4300 8551
4136 4147 8277
4257 4279 8511
4189 4258 8432
4250 4266 8504
4282 4293 8547
4202 4288 8459
4285 4295 8546
4293 4296 8572
4199 4205 8402
4181 4291 8468
4172 4215 8348
4203 4292 8493
4103 4123 8212
4219 4297 8499
4109 4280 8357
4137 4146 8273
4194 4276 8469
4277 4288 8540
4147 4198 8312
4217 4277 8484
4148 4173 8292
4243 4269 8504
4284 4296 8560
4257 4293 8542
4146 4238 8349
4173 4266 8423
4235 4279 8491
4247 4266 8501
4245 4299 8539
4111 4181 8263
4173 4252 8404
4210 4270 8440
4223 4264 8469
4113 4291 8400
4270 4272 8512
4275 4282 8534
4124 4146 8248
4151 4184 8304
4293 4295 8579
4173 4246 8400
4163 4206 8348
4294 4296 8572
4286 4287 8563
4219 4274 8473
4125 4283 8386
4127 4285 8380
4255 4287 8512
4240 4275 8503
4190 4285 8440
4120 4287 8379
4165 4297 8428
4291 4296 8562
4290 4299 8560
4264 4283 8536
4288 4293 8572
4236 4289 8515
4298 4300 8581
4187 4242 8404
4116 4218 8327
4233 4247 8449
4143 4255 8361
4143 4156 8298
4274 4275 8538
4110 4242 8344
4134 4158 8281
4245 4296 8503
4118 4223 8317
4108 4211 8285
4237 4289 8524
4226 4273 8478
4227 4251 8464
4248 4300 8533
4269 4282 8540
4127 4157 8255
4252 4261 8492
4278 4297 8549
4122 4267 8376
4112 4133 8214
4284 4285 8559
4247 4290 8528
4175 4289 8432
4146 4187 8318
4137 4200 8302
4232 4249 8459
4181 4298 8446
4208 4222 8406
4221 4243 8456
4252 4270 8498
4149 4281 8416
4246 4292 8530
4158 4245 8398
4125 4267 8363
4268 4292 8558
4255 4295 8535
4182 4188 8335
4102 4293 8361
4183 4294 8450
4283 4293 8540
4253 4280 8497
4219 4234 8433
4127 4161 8260
4188 4286 8456
4269 4278 8538
4276 4285 8535
4287 4294 8564
4115 4255 8347
4271 4299 8563
4223 4248 8458
4220 4249 8444
4285 4300 8576
4133 4175 8277
4141 4257 8393
4245 4256 8487
4299 4300 8559
4152 4241 8372
4160 4212 8356
4180 4272 8438
4186 4287 8470
4139 4204 8305
4290 4293 8565
4227 4247 8458

0.010000 0.430000
