100
505875
4047 4109 8156
4040 4159 8199
4038 4120 8158
4096 4141 8237
4111 4119 8230
4023 4147 8170
4128 4160 8288
4031 4179 8210
4118 4152 8270
4010 4134 8144
4079 4100 8179
4101 4118 8219
4149 4181 8330
4014 4050 8064
4083 4169 8252
4056 4200 8256
4042 4051 8093
4031 4047 8078
4000 4131 8131
4061 4133 8194
4166 4178 8344
4148 4182 8330
4106 4178 8284
4066 4068 8134
4064 4124 8188
4197 4200 8397
4178 4184 8362
4138 4148 8286
4072 4077 8149
4123 4174 8297
4049 4143 8192
4080 4136 8216
4167 4191 8358
4008 4140 8148
4194 4199 8393
4079 4138 8217
4101 4149 8250
4199 4200 8399
4116 4163 8279
4153 4186 8339
4010 4056 8066
4150 4191 8341
4113 4152 8265
4053 4144 8197
4018 4108 8126
4027 4077 8104
4137 4146 8283
4190 4194 8384
4075 4172 8247
4124 4173 8297
4186 4194 8380
4193 4196 8389
4089 4117 8206
4107 4163 8270
4100 4144 8244
4126 4200 8326
4181 4182 8363
4185 4189 8374
4065 4155 8220
4114 4130 8244
4041 4198 8239
4178 4183 8361
4026 4109 8135
4196 4199 8395
4167 4177 8344
4064 4071 8135
4144 4188 8332
4126 4183 8309
4090 4136 8226
4036 4197 8233
4162 4182 8344
4061 4184 8245
4197 4200 8397
4137 4141 8278
4050 4142 8192
4172 4173 8345
4196 4197 8393
4050 4111 8161
4061 4118 8179
4157 4196 8353
4097 4123 8220
4031 4058 8089
4003 4027 8030
4129 4148 8277
4048 4156 8204
4107 4176 8283
4027 4091 8118
4098 4127 8225
4084 4127 8211
4088 4181 8269
4123 4149 8272
4117 4144 8261
4075 4119 8194
4175 4187 8362
4175 4176 8351
4077 4182 8259
4167 4179 8346
4098 4146 8244
4001 4143 8144
4109 4195 8304

4147 4209 8340
4140 4259 8394
4138 4220 8345
4196 4241 8422
4211 4219 8418
4123 4247 8364
4228 4260 8461
4131 4279 8399
4218 4252 8433
4110 4234 8341
4179 4200 8376
4201 4218 8388
4249 4281 8524
4114 4150 8258
4183 4269 8429
4156 4300 8443
4142 4151 8288
4131 4147 8240
4100 4231 8296
4161 4233 8386
4266 4278 8521
4248 4282 8506
4206 4278 8462
4166 4168 8310
4164 4224 8362
4297 4300 8570
4278 4284 8553
4238 4248 8455
4172 4177 8321
4223 4274 8492
4149 4243 8358
4180 4236 8393
4267 4291 8553
4108 4240 8334
4294 4299 8568
4179 4238 8401
4201 4249 8415
4299 4300 8595
4216 4263 8478
4253 4286 8514
4110 4156 8248
4250 4291 8501
4213 4252 8445
4153 4244 8359
4118 4208 8316
4127 4177 8275
4237 4246 8464
4290 4294 8559
4175 4272 8439
4224 4273 8476
4286 4294 8548
4293 4296 8584
4189 4217 8394
4207 4263 8430
4200 4244 8409
4226 4300 8521
4281 4282 8557
4285 4289 8569
4165 4255 8402
4214 4230 8441
4141 4298 8408
4278 4283 8554
4126 4209 8328
4296 4299 8564
4267 4277 8510
4164 4171 8318
4244 4288 8510
4226 4283 8480
4190 4236 8419
4136 4297 8420
4262 4282 8531
4161 4284 8424
4297 4300 8568
4237 4241 8462
4150 4242 8356
4272 4273 8537
4296 4297 8566
4150 4211 8347
4161 4218 8360
4257 4296 8521
4197 4223 8410
4131 4158 8288
4103 4127 8227
4229 4248 8448
4148 4256 8400
4207 4276 8473
4127 4191 8296
4198 4227 8415
4184 4227 8375
4188 4281 8430
4223 4249 8469
4217 4244 8452
4175 4219 8355
4275 4287 8524
4275 4276 8545
4177 4282 8452
4267 4279 8521
4198 4246 8410
4101 4243 8318
4209 4295 8491

0.010000 0.600000
