900
3717926
4159 4173 8332
4128 4160 8288
4155 4190 8345
4037 4046 8083
4071 4105 8176
4150 4190 8340
4169 4172 8341
4085 4184 8269
4184 4191 8375
4183 4197 8380
4093 4192 8285
4131 4154 8285
4044 4094 8138
4044 4097 8141
4050 4118 8168
4001 4117 8118
4138 4174 8312
4024 4039 8063
4089 4112 8201
4046 4083 8129
4142 4185 8327
4033 4195 8228
4067 4105 8172
4098 4110 8208
4148 4151 8299
4021 4185 8206
4144 4182 8326
4109 4196 8305
4176 4178 8354
4104 4140 8244
4040 4121 8161
4128 4164 8292
4033 4047 8080
4027 4028 8055
4159 4187 8346
4121 4194 8315
4087 4124 8211
4175 4178 8353
4141 4142 8283
4069 4200 8269
4146 4187 8333
4179 4200 8379
4126 4181 8307
4193 4194 8387
4173 4196 8369
4050 4102 8152
4135 4187 8322
4194 4199 8393
4105 4173 8278
4177 4193 8370
4146 4193 8339
4014 4026 8040
4014 4197 8211
4144 4193 8337
4194 4200 8394
4011 4170 8181
4070 4195 8265
4150 4157 8307
4178 4189 8367
4119 4132 8251
4099 4139 8238
4163 4189 8352
4026 4111 8137
4007 4149 8156
4060 4094 8154
4160 4176 8336
4019 4172 8191
4108 4117 8225
4012 4127 8139
4185 4192 8377
4189 4194 8383
4059 4128 8187
4155 4166 8321
4151 4166 8317
4142 4163 8305
4141 4170 8311
4136 4185 8321
4167 4178 8345
4037 4152 8189
4103 4142 8245
4174 4179 8353
4184 4199 8383
4199 4200 8399
4050 4145 8195
4045 4196 8241
4019 4185 8204
4033 4086 8119
4166 4177 8343
4132 4191 8323
4147 4155 8302
4054 4114 8168
4162 4167 8329
4196 4198 8394
4168 4170 8338
4114 4170 8284
4023 4108 8131
4176 4188 8364
4111 4169 8280
4040 4171 8211
4031 4046 8077
4076 4181 8257
4053 4069 8122
4000 4069 8069
4168 4192 8360
4043 4076 8119
4099 4177 8276
4092 4178 8270
4182 4187 8369
4084 4172 8256
4188 4198 8386
4181 4196 8377
4152 4189 8341
4143 4192 8335
4132 4188 8320
4088 4110 8198
4114 4166 8280
4012 4172 8184
4044 4083 8127
4150 4153 8303
4139 4186 8325
4108 4144 8252
4028 4097 8125
4140 4190 8330
4191 4200 8391
4043 4104 8147
4105 4146 8251
4056 4190 8246
4184 4192 8376
4045 4199 8244
4104 4184 8288
4164 4199 8363
4041 4057 8098
4096 4191 8287
4177 4199 8376
4119 4156 8275
4108 4113 8221
4033 4066 8099
4159 4189 8348
4097 4102 8199
4077 4178 8255
4115 4131 8246
4127 4164 8291
4110 4184 8294
4198 4200 8398
4005 4064 8069
4015 4123 8138
4022 4118 8140
4045 4056 8101
4130 4169 8299
4194 4200 8394
4100 4161 8261
4011 4043 8054
4039 4076 8115
4186 4200 8386
4109 4134 8243
4102 4164 8266
4023 4149 8172
4052 4072 8124
4186 4187 8373
4162 4190 8352
4122 4139 8261
4035 4150 8185
4001 4157 8158
4171 4172 8343
4095 4096 8191
4142 4143 8285
4072 4128 8200
4054 4133 8187
4111 4138 8249
4179 4184 8363
4148 4167 8315
4066 4161 8227
4099 4196 8295
4089 4135 8224
4152 4175 8327
4065 4117 8182
4184 4196 8380
4137 4174 8311
4080 4089 8169
4131 4170 8301
4001 4099 8100
4068 4113 8181
4184 4186 8370
4190 4200 8390
4188 4189 8377
4187 4191 8378
4104 4143 8247
4078 4101 8179
4066 4174 8240
4011 4102 8113
4194 4195 8389
4028 4065 8093
4160 4180 8340
4112 4135 8247
4198 4199 8397
4101 4145 8246
4179 4190 8369
4028 4091 8119
4109 4137 8246
4183 4194 8377
4155 4173 8328
4144 4148 8292
4005 4109 8114
4036 4095 8131
4158 4159 8317
4106 4170 8276
4060 4105 8165
4104 4115 8219
4127 4192 8319
4104 4189 8293
4079 4200 8279
4150 4179 8329
4031 4068 8099
4156 4165 8321
4164 4196 8360
4051 4059 8110
4021 4157 8178
4104 4119 8223
4069 4093 8162
4016 4052 8068
4010 4063 8073
4141 4144 8285
4023 4075 8098
4086 4193 8279
4143 4179 8322
4079 4128 8207
4108 4148 8256
4126 4160 8286
4058 4104 8162
4003 4034 8037
4166 4177 8343
4135 4136 8271
4078 4125 8203
4148 4198 8346
4164 4180 8344
4091 4103 8194
4018 4031 8049
4099 4145 8244
4033 4052 8085
4172 4179 8351
4148 4183 8331
4133 4138 8271
4002 4186 8188
4051 4088 8139
4174 4186 8360
4041 4180 8221
4151 4169 8320
4002 4135 8137
4056 4200 8256
4018 4055 8073
4189 4191 8380
4028 4170 8198
4144 4187 8331
4122 4148 8270
4170 4195 8365
4041 4071 8112
4143 4197 8340
4024 4044 8068
4114 4191 8305
4094 4172 8266
4029 4108 8137
4028 4167 8195
4129 4141 8270
4085 4139 8224
4080 4181 8261
4025 4058 8083
4162 4196 8358
4089 4177 8266
4055 4087 8142
4178 4184 8362
4063 4124 8187
4020 4066 8086
4117 4138 8255
4048 4171 8219
4137 4197 8334
4141 4170 8311
4196 4199 8395
4091 4193 8284
4009 4180 8189
4117 4129 8246
4047 4175 8222
4183 4185 8368
4079 4118 8197
4009 4071 8080
4163 4184 8347
4130 4140 8270
4082 4096 8178
4093 4186 8279
4032 4078 8110
4107 4132 8239
4176 4186 8362
4198 4199 8397
4092 4157 8249
4085 4097 8182
4176 4198 8374
4137 4176 8313
4192 4193 8385
4117 4127 8244
4166 4193 8359
4195 4197 8392
4023 4114 8137
4144 4176 8320
4022 4086 8108
4065 4197 8262
4139 4190 8329
4081 4121 8202
4012 4200 8212
4170 4177 8347
4138 4153 8291
4170 4200 8370
4091 4123 8214
4065 4170 8235
4072 4093 8165
4129 4174 8303
4163 4186 8349
4103 4158 8261
4077 4081 8158
4093 4139 8232
4095 4141 8236
4177 4181 8358
4073 4151 8224
4097 4152 8249
4119 4131 8250
4118 4170 8288
4199 4200 8399
4048 4134 8182
4067 4126 8193
4132 4178 8310
4144 4160 8304
4106 4190 8296
4048 4168 8216
4164 4177 8341
4184 4187 8371
4158 4197 8355
4143 4197 8340
4195 4199 8394
4006 4093 8099
4001 4077 8078
4052 4106 8158
4074 4175 8249
4055 4131 8186
4198 4199 8397
4131 4167 8298
4121 4188 8309
4035 4083 8118
4023 4118 8141
4129 4185 8314
4135 4164 8299
4004 4082 8086
4067 4162 8229
4066 4082 8148
4126 4165 8291
4196 4198 8394
4000 4159 8159
4038 4185 8223
4109 4120 8229
4141 4172 8313
4115 4119 8234
4048 4049 8097
4038 4164 8202
4054 4081 8135
4014 4039 8053
4089 4119 8208
4162 4180 8342
4116 4174 8290
4035 4173 8208
4105 4194 8299
4121 4148 8269
4077 4184 8261
4022 4121 8143
4024 4195 8219
4102 4104 8206
4181 4198 8379
4183 4191 8374
4060 4131 8191
4019 4133 8152
4010 4099 8109
4176 4185 8361
4042 4064 8106
4049 4197 8246
4010 4016 8026
4164 4194 8358
4001 4123 8124
4139 4140 8279
4119 4188 8307
4066 4098 8164
4101 4128 8229
4148 4161 8309
4160 4170 8330
4008 4196 8204
4121 4190 8311
4126 4141 8267
4139 4193 8332
4139 4145 8284
4064 4108 8172
4037 4118 8155
4105 4165 8270
4182 4187 8369
4077 4105 8182
4027 4142 8169
4138 4167 8305
4130 4194 8324
4160 4188 8348
4190 4199 8389
4058 4075 8133
4093 4193 8286
4115 4136 8251
4095 4176 8271
4155 4193 8348
4038 4190 8228
4165 4172 8337
4100 4149 8249
4037 4157 8194
4184 4189 8373
4031 4123 8154
4049 4117 8166
4027 4170 8197
4053 4165 8218
4044 4152 8196
4058 4125 8183
4102 4121 8223
4006 4173 8179
4141 4158 8299
4197 4200 8397
4175 4184 8359
4184 4196 8380
4189 4191 8380
4022 4030 8052
4016 4189 8205
4065 4155 8220
4114 4140 8254
4195 4198 8393
4035 4171 8206
4051 4079 8130
4133 4137 8270
4049 4082 8131
4111 4153 8264
4153 4167 8320
4098 4165 8263
4150 4156 8306
4032 4107 8139
4000 4122 8122
4131 4162 8293
4129 4174 8303
4173 4174 8347
4024 4074 8098
4033 4170 8203
4183 4196 8379
4063 4101 8164
4123 4170 8293
4004 4086 8090
4080 4167 8247
4096 4117 8213
4013 4030 8043
4013 4185 8198
4186 4196 8382
4169 4191 8360
4061 4124 8185
4153 4181 8334
4165 4175 8340
4024 4137 8161
4171 4192 8363
4024 4181 8205
4134 4187 8321
4177 4188 8365
4019 4116 8135
4182 4188 8370
4112 4176 8288
4172 4192 8364
4177 4199 8376
4024 4166 8190
4120 4169 8289
4159 4182 8341
4062 4126 8188
4179 4186 8365
4192 4195 8387
4084 4141 8225
4098 4181 8279
4145 4170 8315
4006 4167 8173
4101 4163 8264
4146 4150 8296
4092 4179 8271
4102 4162 8264
4182 4187 8369
4020 4090 8110
4000 4193 8193
4158 4162 8320
4155 4194 8349
4122 4153 8275
4075 4110 8185
4129 4149 8278
4187 4189 8376
4012 4199 8211
4167 4193 8360
4095 4129 8224
4132 4145 8277
4008 4114 8122
4051 4099 8150
4090 4133 8223
4153 4176 8329
4038 4052 8090
4030 4087 8117
4068 4140 8208
4049 4155 8204
4160 4177 8337
4013 4047 8060
4191 4196 8387
4080 4133 8213
4047 4119 8166
4054 4151 8205
4078 4156 8234
4139 4140 8279
4004 4137 8141
4053 4164 8217
4059 4126 8185
4111 4161 8272
4181 4190 8371
4046 4076 8122
4112 4186 8298
4059 4194 8253
4159 4160 8319
4147 4181 8328
4058 4169 8227
4103 4153 8256
4092 4155 8247
4024 4104 8128
4083 4149 8232
4100 4159 8259
4036 4038 8074
4020 4129 8149
4112 4159 8271
4077 4127 8204
4033 4105 8138
4139 4157 8296
4059 4088 8147
4013 4172 8185
4142 4173 8315
4145 4170 8315
4081 4153 8234
4051 4140 8191
4136 4188 8324
4000 4175 8175
4126 4191 8317
4106 4139 8245
4080 4181 8261
4133 4141 8274
4040 4111 8151
4013 4171 8184
4071 4130 8201
4151 4160 8311
4113 4125 8238
4106 4165 8271
4140 4146 8286
4066 4078 8144
4082 4197 8279
4117 4199 8316
4171 4184 8355
4130 4177 8307
4013 4055 8068
4073 4132 8205
4022 4052 8074
4106 4108 8214
4057 4143 8200
4113 4128 8241
4048 4136 8184
4095 4143 8238
4092 4147 8239
4021 4087 8108
4128 4144 8272
4088 4152 8240
4164 4172 8336
4195 4199 8394
4155 4171 8326
4176 4194 8370
4111 4198 8309
4162 4187 8349
4166 4185 8351
4118 4167 8285
4012 4082 8094
4126 4168 8294
4154 4167 8321
4036 4132 8168
4025 4034 8059
4080 4083 8163
4169 4174 8343
4095 4173 8268
4143 4199 8342
4117 4122 8239
4065 4066 8131
4037 4188 8225
4123 4196 8319
4138 4182 8320
4166 4190 8356
4029 4149 8178
4150 4189 8339
4174 4199 8373
4061 4082 8143
4058 4118 8176
4128 4175 8303
4103 4186 8289
4046 4113 8159
4025 4135 8160
4057 4154 8211
4024 4165 8189
4050 4189 8239
4197 4198 8395
4056 4098 8154
4155 4162 8317
4198 4199 8397
4032 4146 8178
4160 4191 8351
4003 4043 8046
4054 4090 8144
4140 4153 8293
4007 4191 8198
4061 4084 8145
4198 4199 8397
4002 4097 8099
4033 4039 8072
4039 4175 8214
4182 4185 8367
4186 4198 8384
4189 4194 8383
4144 4199 8343
4068 4154 8222
4043 4051 8094
4167 4192 8359
4082 4138 8220
4006 4088 8094
4181 4194 8375
4062 4125 8187
4156 4170 8326
4096 4190 8286
4076 4142 8218
4127 4188 8315
4196 4200 8396
4155 4186 8341
4063 4091 8154
4018 4058 8076
4132 4193 8325
4048 4128 8176
4161 4186 8347
4115 4199 8314
4076 4138 8214
4084 4122 8206
4055 4173 8228
4124 4126 8250
4088 4117 8205
4011 4186 8197
4091 4151 8242
4193 4198 8391
4059 4161 8220
4090 4134 8224
4072 4142 8214
4052 4184 8236
4035 4158 8193
4008 4013 8021
4078 4160 8238
4131 4185 8316
4141 4177 8318
4045 4059 8104
4031 4079 8110
4023 4187 8210
4100 4140 8240
4054 4069 8123
4130 4149 8279
4023 4036 8059
4078 4175 8253
4168 4169 8337
4127 4181 8308
4156 4196 8352
4103 4199 8302
4164 4180 8344
4003 4068 8071
4062 4167 8229
4017 4052 8069
4082 4097 8179
4094 4128 8222
4199 4200 8399
4067 4086 8153
4008 4150 8158
4171 4193 8364
4014 4041 8055
4136 4177 8313
4109 4149 8258
4071 4185 8256
4184 4188 8372
4083 4147 8230
4138 4167 8305
4125 4160 8285
4083 4178 8261
4033 4133 8166
4057 4126 8183
4064 4088 8152
4035 4156 8191
4151 4182 8333
4137 4174 8311
4178 4184 8362
4144 4190 8334
4181 4196 8377
4104 4173 8277
4028 4124 8152
4055 4197 8252
4034 4051 8085
4170 4197 8367
4022 4055 8077
4064 4123 8187
4113 4191 8304
4041 4195 8236
4088 4153 8241
4161 4191 8352
4092 4105 8197
4190 4192 8382
4017 4131 8148
4002 4099 8101
4103 4121 8224
4087 4193 8280
4152 4161 8313
4088 4123 8211
4087 4179 8266
4050 4106 8156
4153 4182 8335
4046 4196 8242
4148 4154 8302
4018 4171 8189
4089 4129 8218
4025 4093 8118
4020 4190 8210
4167 4192 8359
4116 4119 8235
4035 4197 8232
4098 4175 8273
4107 4139 8246
4158 4159 8317
4139 4193 8332
4158 4161 8319
4026 4138 8164
4048 4127 8175
4002 4057 8059
4029 4087 8116
4049 4153 8202
4190 4193 8383
4065 4068 8133
4188 4191 8379
4099 4191 8290
4046 4081 8127
4010 4067 8077
4176 4187 8363
4161 4164 8325
4034 4117 8151
4069 4080 8149
4177 4196 8373
4008 4151 8159
4096 4124 8220
4189 4200 8389
4192 4198 8390
4023 4145 8168
4033 4086 8119
4050 4177 8227
4181 4190 8371
4009 4179 8188
4177 4194 8371
4159 4165 8324
4197 4199 8396
4041 4067 8108
4166 4184 8350
4191 4199 8390
4067 4074 8141
4004 4153 8157
4123 4183 8306
4004 4059 8063
4142 4199 8341
4115 4182 8297
4070 4118 8188
4072 4110 8182
4011 4025 8036
4089 4136 8225
4104 4117 8221
4144 4163 8307
4011 4081 8092
4025 4107 8132
4189 4195 8384
4030 4128 8158
4007 4143 8150
4156 4170 8326
4092 4093 8185
4199 4200 8399
4043 4094 8137
4162 4171 8333
4112 4149 8261
4165 4194 8359
4000 4070 8070
4168 4192 8360
4096 4132 8228
4197 4200 8397
4158 4163 8321
4130 4197 8327
4147 4152 8299
4099 4161 8260
4081 4147 8228
4048 4192 8240
4151 4156 8307
4181 4185 8366
4169 4190 8359
4037 4059 8096
4154 4180 8334
4134 4169 8303
4072 4193 8265
4182 4191 8373
4081 4193 8274
4156 4184 8340
4144 4184 8328
4033 4178 8211
4042 4120 8162
4004 4174 8178
4162 4198 8360
4007 4188 8195
4117 4165 8282
4181 4194 8375
4029 4181 8210
4114 4163 8277
4095 4180 8275
4195 4200 8395
4006 4118 8124
4186 4192 8378
4177 4190 8367
4173 4197 8370
4172 4189 8361
4054 4192 8246
4189 4195 8384
4080 4125 8205
4079 4088 8167
4175 4184 8359
4074 4092 8166
4062 4147 8209
4113 4147 8260
4041 4147 8188
4121 4137 8258
4074 4148 8222
4085 4151 8236
4180 4185 8365
4033 4118 8151
4014 4139 8153
4190 4196 8386
4023 4064 8087
4039 4166 8205
4127 4179 8306
4090 4092 8182
4047 4051 8098
4049 4162 8211
4150 4185 8335
4056 4101 8157
4079 4155 8234
4101 4138 8239
4091 4135 8226
4023 4051 8074
4153 4175 8328
4028 4096 8124
4030 4068 8098
4144 4177 8321
4085 4184 8269
4164 4174 8338
4150 4189 8339
4142 4198 8340
4143 4170 8313
4174 4196 8370
4086 4168 8254
4149 4194 8343
4141 4178 8319
4100 4189 8289
4181 4196 8377
4152 4197 8349
4153 4154 8307
4119 4200 8319
4100 4166 8266
4006 4144 8150
4133 4147 8280
4079 4152 8231
4030 4078 8108
4063 4156 8219
4173 4186 8359
4034 4175 8209
4043 4099 8142
4170 4177 8347
4154 4176 8330
4138 4164 8302
4142 4144 8286
4170 4184 8354
4060 4131 8191
4194 4196 8390
4128 4130 8258
4123 4135 8258
4119 4173 8292
4129 4148 8277
4093 4181 8274
4006 4047 8053
4017 4174 8191
4098 4125 8223
4014 4194 8208

4259 4273 8513
4228 4260 8466
4255 4290 8509
4137 4146 8251
4171 4205 8338
4250 4290 8522
4269 4272 8540
4185 4284 8444
4284 4291 8567
4283 4297 8545
4193 4292 8483
4231 4254 8454
4144 4194 8332
4144 4197 8314
4150 4218 8332
4101 4217 8297
4238 4274 8499
4124 4139 8245
4189 4212 8392
4146 4183 8315
4242 4285 8511
4133 4295 8409
4167 4205 8335
4198 4210 8383
4248 4251 8476
4121 4285 8371
4244 4282 8493
4209 4296 8485
4276 4278 8517
4204 4240 8420
4140 4221 8345
4228 4264 8460
4133 4147 8270
4127 4128 8219
4259 4287 8542
4221 4294 8484
4187 4224 8375
4275 4278 8531
4241 4242 8473
4169 4300 8444
4246 4287 8527
4279 4300 8576
4226 4281 8492
4293 4294 8559
4273 4296 8546
4150 4202 8314
4235 4287 8519
4294 4299 8591
4205 4273 8444
4277 4293 8536
4246 4293 8537
4114 4126 8236
4114 4297 8397
4244 4293 8507
4294 4300 8584
4111 4270 8369
4170 4295 8450
4250 4257 8485
4278 4289 8557
4219 4232 8428
4199 4239 8405
4263 4289 8538
4126 4211 8302
4107 4249 8331
4160 4194 8323
4260 4276 8508
4119 4272 8378
4208 4217 8393
4112 4227 8312
4285 4292 8552
4289 4294 8578
4159 4228 8386
4255 4266 8498
4251 4266 8490
4242 4263 8472
4241 4270 8473
4236 4285 8492
4267 4278 8508
4137 4252 8383
4203 4242 8427
4274 4279 8549
4284 4299 8558
4299 4300 8563
4150 4245 8368
4145 4296 8406
4119 4285 8388
4133 4186 8302
4266 4277 8523
4232 4291 8488
4247 4255 8465
4154 4214 8353
4262 4267 8502
4296 4298 8566
4268 4270 8505
4214 4270 8467
4123 4208 8316
4276 4288 8550
4211 4269 8477
4140 4271 8406
4131 4146 8247
4176 4281 8443
4153 4169 8290
4100 4169 8263
4268 4292 8535
4143 4176 8308
4199 4277 8470
4192 4278 8439
4282 4287 8531
4184 4272 8421
4288 4298 8549
4281 4296 8554
4252 4289 8540
4243 4292 8533
4232 4288 8494
4188 4210 8367
4214 4266 8478
4112 4272 8369
4144 4183 8288
4250 4253 8489
4239 4286 8516
4208 4244 8449
4128 4197 8292
4240 4290 8499
4291 4300 8582
4143 4204 8328
4205 4246 8419
4156 4290 8424
4284 4292 8568
4145 4299 8420
4204 4284 8473
4264 4299 8530
4141 4157 8277
4196 4291 8477
4277 4299 8574
4219 4256 8466
4208 4213 8384
4133 4166 8290
4259 4289 8530
4197 4202 8369
4177 4278 8427
4215 4231 8437
4227 4264 8454
4210 4284 8463
4298 4300 8575
4105 4164 8250
4115 4223 8335
4122 4218 8303
4145 4156 8266
4230 4269 8485
4294 4300 8566
4200 4261 8435
4111 4143 8237
4139 4176 8308
4286 4300 8581
4209 4234 8441
4202 4264 8440
4123 4249 8358
4152 4172 8322
4286 4287 8554
4262 4290 8535
4222 4239 8455
4135 4250 8367
4101 4257 8326
4271 4272 8519
4195 4196 8355
4242 4243 8469
4172 4228 8372
4154 4233 8352
4211 4238 8415
4279 4284 8555
4248 4267 8513
4166 4261 8412
4199 4296 8466
4189 4235 8409
4252 4275 8499
4165 4217 8348
4284 4296 8567
4237 4274 8488
4180 4189 8335
4231 4270 8497
4101 4199 8277
4168 4213 8368
4284 4286 8535
4290 4300 8578
4288 4289 8538
4287 4291 8556
4204 4243 8415
4178 4201 8378
4166 4274 8409
4111 4202 8296
4294 4295 8568
4128 4165 8274
4260 4280 8500
4212 4235 8431
4298 4299 8575
4201 4245 8406
4279 4290 8540
4128 4191 8306
4209 4237 8415
4283 4294 8558
4255 4273 8490
4244 4248 8486
4105 4209 8305
4136 4195 8322
4258 4259 8505
4206 4270 8437
4160 4205 8339
4204 4215 8394
4227 4292 8485
4204 4289 8489
4179 4300 8440
4250 4279 8500
4131 4168 8284
4256 4265 8490
4264 4296 8533
4151 4159 8287
4121 4257 8360
4204 4219 8389
4169 4193 8350
4116 4152 8240
4110 4163 8237
4241 4244 8468
4123 4175 8283
4186 4293 8473
4243 4279 8504
4179 4228 8384
4208 4248 8451
4226 4260 8450
4158 4204 8333
4103 4134 8222
4266 4277 8530
4235 4236 8442
4178 4225 8382
4248 4298 8526
4264 4280 8529
4191 4203 8393
4118 4131 8241
4199 4245 8414
4133 4152 8275
4272 4279 8515
4248 4283 8528
4233 4238 8468
4102 4286 8379
4151 4188 8312
4274 4286 8548
4141 4280 8412
4251 4269 8503
4102 4235 8305
4156 4300 8451
4118 4155 8242
4289 4291 8550
4128 4270 8369
4244 4287 8513
4222 4248 8468
4270 4295 8533
4141 4171 8279
4243 4297 8536
4124 4144 8236
4214 4291 8496
4194 4272 8429
4129 4208 8319
4128 4267 8375
4229 4241 8457
4185 4239 8411
4180 4281 8422
4125 4158 8281
4262 4296 8546
4189 4277 8431
4155 4187 8338
4278 4284 8558
4163 4224 8377
4120 4166 8281
4217 4238 8454
4148 4271 8391
4237 4297 8524
4241 4270 8488
4296 4299 8588
4191 4293 8465
4109 4280 8372
4217 4229 8434
4147 4275 8417
4283 4285 8562
4179 4218 8387
4109 4171 8245
4263 4284 8514
4230 4240 8439
4182 4196 8368
4193 4286 8473
4132 4178 8290
4207 4232 8416
4276 4286 8561
4298 4299 8573
4192 4257 8431
4185 4197 8370
4276 4298 8535
4237 4276 8512
4292 4293 8553
4217 4227 8407
4266 4293 8534
4295 4297 8586
4123 4214 8314
4244 4276 8482
4122 4186 8300
4165 4297 8439
4239 4290 8493
4181 4221 8381
4112 4300 8376
4270 4277 8539
4238 4253 8471
4270 4300 8568
4191 4223 8406
4165 4270 8413
4172 4193 8349
4229 4274 8474
4263 4286 8540
4203 4258 8445
4177 4181 8328
4193 4239 8417
4195 4241 8412
4277 4281 8534
4173 4251 8418
4197 4252 8429
4219 4231 8434
4218 4270 8457
4299 4300 8587
4148 4234 8359
4167 4226 8382
4232 4278 8492
4244 4260 8473
4206 4290 8464
4148 4268 8410
4264 4277 8525
4284 4287 8549
4258 4297 8522
4243 4297 8508
4295 4299 8556
4106 4193 8283
4101 4177 8244
4152 4206 8353
4174 4275 8436
4155 4231 8355
4298 4299 8595
4231 4267 8474
4221 4288 8493
4135 4183 8298
4123 4218 8333
4229 4285 8507
4235 4264 8463
4104 4182 8260
4167 4262 8404
4166 4182 8335
4226 4265 8489
4296 4298 8578
4100 4259 8325
4138 4285 8401
4209 4220 8410
4241 4272 8511
4215 4219 8422
4148 4149 8296
4138 4264 8365
4154 4181 8334
4114 4139 8245
4189 4219 8393
4262 4280 8518
4216 4274 8472
4135 4273 8393
4205 4294 8461
4221 4248 8432
4177 4284 8459
4122 4221 8333
4124 4295 8389
4202 4204 8405
4281 4298 8561
4283 4291 8537
4160 4231 8371
4119 4233 8347
4110 4199 8307
4276 4285 8524
4142 4164 8280
4149 4297 8430
4110 4116 8218
4264 4294 8524
4101 4223 8302
4239 4240 8456
4219 4288 8502
4166 4198 8348
4201 4228 8426
4248 4261 8490
4260 4270 8492
4108 4296 8376
4221 4290 8500
4226 4241 8439
4239 4293 8520
4239 4245 8446
4164 4208 8353
4137 4218 8322
4205 4265 8449
4282 4287 8552
4177 4205 8370
4127 4242 8345
4238 4267 8481
4230 4294 8500
4260 4288 8521
4290 4299 8587
4158 4175 8322
4193 4293 8477
4215 4236 8423
4195 4276 8438
4255 4293 8525
4138 4290 8402
4265 4272 8516
4200 4249 8447
4137 4257 8381
4284 4289 8571
4131 4223 8344
4149 4217 8361
4127 4270 8378
4153 4265 8385
4144 4252 8389
4158 4225 8369
4202 4221 8392
4106 4273 8375
4241 4258 8492
4297 4300 8569
4275 4284 8549
4284 4296 8540
4289 4291 8578
4122 4130 8251
4116 4289 8371
4165 4255 8417
4214 4240 8417
4295 4298 8554
4135 4271 8379
4151 4179 8291
4233 4237 8452
4149 4182 8321
4211 4253 8441
4253 4267 8510
4198 4265 8429
4250 4256 8500
4132 4207 8321
4100 4222 8284
4231 4262 8480
4229 4274 8475
4273 4274 8525
4124 4174 8294
4133 4270 8391
4283 4296 8576
4163 4201 8331
4223 4270 8455
4104 4186 8286
4180 4267 8442
4196 4217 8394
4113 4130 8207
4113 4285 8390
4286 4296 8557
4269 4291 8541
4161 4224 8379
4253 4281 8515
4265 4275 8513
4124 4237 8340
4271 4292 8553
4124 4281 8394
4234 4287 8502
4277 4288 8558
4119 4216 8309
4282 4288 8568
4212 4276 8453
4272 4292 8544
4277 4299 8540
4124 4266 8368
4220 4269 8484
4259 4282 8522
4162 4226 8357
4279 4286 8557
4292 4295 8571
4184 4241 8403
4198 4281 8447
4245 4270 8512
4106 4267 8365
4201 4263 8447
4246 4250 8482
4192 4279 8465
4202 4262 8463
4282 4287 8542
4120 4190 8275
4100 4293 8372
4258 4262 8493
4255 4294 8542
4222 4253 8441
4175 4210 8376
4229 4249 8475
4287 4289 8555
4112 4299 8396
4267 4293 8530
4195 4229 8385
4232 4245 8447
4108 4214 8316
4151 4199 8345
4190 4233 8406
4253 4276 8495
4138 4152 8280
4130 4187 8283
4168 4240 8376
4149 4255 8385
4260 4277 8530
4113 4147 8257
4291 4296 8558
4180 4233 8392
4147 4219 8343
4154 4251 8381
4178 4256 8399
4239 4240 8470
4104 4237 8324
4153 4264 8394
4159 4226 8375
4211 4261 8434
4281 4290 8567
4146 4176 8315
4212 4286 8496
4159 4294 8430
4259 4260 8493
4247 4281 8495
4158 4269 8424
4203 4253 8448
4192 4255 8440
4124 4204 8295
4183 4249 8396
4200 4259 8426
4136 4138 8267
4120 4229 8313
4212 4259 8436
4177 4227 8382
4133 4205 8335
4239 4257 8482
4159 4188 8329
4113 4272 8376
4242 4273 8493
4245 4270 8508
4181 4253 8413
4151 4240 8386
4236 4288 8513
4100 4275 8340
4226 4291 8512
4206 4239 8411
4180 4281 8427
4233 4241 8463
4140 4211 8326
4113 4271 8379
4171 4230 8379
4251 4260 8486
4213 4225 8424
4206 4265 8464
4240 4246 8460
4166 4178 8310
4182 4297 8459
4217 4299 8499
4271 4284 8544
4230 4277 8476
4113 4155 8266
4173 4232 8369
4122 4152 8239
4206 4208 8379
4157 4243 8375
4213 4228 8421
4148 4236 8379
4195 4243 8415
4192 4247 8403
4121 4187 8294
4228 4244 8440
4188 4252 8414
4264 4272 8530
4295 4299 8583
4255 4271 8510
4276 4294 8557
4211 4298 8481
4262 4287 8537
4266 4285 8544
4218 4267 8482
4112 4182 8260
4226 4268 8490
4254 4267 8504
4136 4232 8336
4125 4134 8227
4180 4183 8326
4269 4274 8526
4195 4273 8432
4243 4299 8505
4217 4222 8420
4165 4166 8307
4137 4288 8406
4223 4296 8513
4238 4282 8490
4266 4290 8548
4129 4249 8343
4250 4289 8527
4274 4299 8549
4161 4182 8342
4158 4218 8344
4228 4275 8479
4203 4286 8453
4146 4213 8350
4125 4235 8335
4157 4254 8379
4124 4265 8368
4150 4289 8435
4297 4298 8562
4156 4198 8327
4255 4262 8503
4298 4299 8568
4132 4246 8371
4260 4291 8521
4103 4143 8228
4154 4190 8331
4240 4253 8462
4107 4291 8365
4161 4184 8315
4298 4299 8558
4102 4197 8269
4133 4139 8237
4139 4275 8388
4282 4285 8534
4286 4298 8575
4289 4294 8563
4244 4299 8527
4168 4254 8391
4143 4151 8263
4267 4292 8539
4182 4238 8412
4106 4188 8274
4281 4294 8547
4162 4225 8356
4256 4270 8511
4196 4290 8472
4176 4242 8394
4227 4288 8492
4296 4300 8565
4255 4286 8517
4163 4191 8332
4118 4158 8275
4232 4293 8524
4148 4228 8369
4261 4286 8522
4215 4299 8477
4176 4238 8402
4184 4222 8405
4155 4273 8391
4224 4226 8435
4188 4217 8379
4111 4286 8359
4191 4251 8411
4293 4298 8589
4159 4261 8409
4190 4234 8396
4172 4242 8399
4152 4284 8411
4135 4258 8392
4108 4113 8206
4178 4260 8429
4231 4285 8480
4241 4277 8489
4145 4159 8287
4131 4179 8295
4123 4287 8391
4200 4240 8400
4154 4169 8285
4230 4249 8474
4123 4136 8250
4178 4275 8414
4268 4269 8526
4227 4281 8507
4256 4296 8542
4203 4299 8490
4264 4280 8534
4103 4168 8259
4162 4267 8407
4117 4152 8254
4182 4197 8367
4194 4228 8401
4299 4300 8584
4167 4186 8341
4108 4250 8353
4271 4293 8558
4114 4141 8226
4236 4277 8491
4209 4249 8442
4171 4285 8423
4284 4288 8542
4183 4247 8411
4238 4267 8501
4225 4260 8478
4183 4278 8432
4133 4233 8347
4157 4226 8371
4164 4188 8314
4135 4256 8363
4251 4282 8508
4237 4274 8483
4278 4284 8556
4244 4290 8502
4281 4296 8543
4204 4273 8475
4128 4224 8330
4155 4297 8420
4134 4151 8247
4270 4297 8535
4122 4155 8240
4164 4223 8353
4213 4291 8476
4141 4295 8430
4188 4253 8411
4261 4291 8533
4192 4205 8394
4290 4292 8574
4117 4231 8320
4102 4199 8274
4203 4221 8418
4187 4293 8445
4252 4261 8482
4188 4223 8391
4187 4279 8462
4150 4206 8327
4253 4282 8502
4146 4296 8421
4248 4254 8486
4118 4271 8367
4189 4229 8412
4125 4193 8302
4120 4290 8390
4267 4292 8527
4216 4219 8425
4135 4297 8393
4198 4275 8435
4207 4239 8416
4258 4259 8506
4239 4293 8522
4258 4261 8490
4126 4238 8361
4148 4227 8363
4102 4157 8233
4129 4187 8307
4149 4253 8384
4290 4293 8577
4165 4168 8329
4288 4291 8565
4199 4291 8452
4146 4181 8312
4110 4167 8244
4276 4287 8557
4261 4264 8515
4134 4217 8341
4169 4180 8339
4277 4296 8569
4108 4251 8341
4196 4224 8393
4289 4300 8553
4292 4298 8578
4123 4245 8333
4133 4186 8284
4150 4277 8412
4281 4290 8534
4109 4279 8369
4277 4294 8569
4259 4265 8484
4297 4299 8568
4141 4167 8280
4266 4284 8527
4291 4299 8563
4167 4174 8328
4104 4253 8329
4223 4283 8469
4104 4159 8242
4242 4299 8503
4215 4282 8478
4170 4218 8361
4172 4210 8366
4111 4125 8225
4189 4236 8417
4204 4217 8411
4244 4263 8504
4111 4181 8277
4125 4207 8327
4289 4295 8574
4130 4228 8320
4107 4243 8317
4256 4270 8506
4192 4193 8373
4299 4300 8571
4143 4194 8321
4262 4271 8516
4212 4249 8434
4265 4294 8533
4100 4170 8247
4268 4292 8543
4196 4232 8403
4297 4300 8582
4258 4263 8498
4230 4297 8525
4247 4252 8471
4199 4261 8435
4181 4247 8416
4148 4292 8411
4251 4256 8498
4281 4285 8554
4269 4290 8523
4137 4159 8291
4254 4280 8528
4234 4269 8489
4172 4293 8461
4282 4291 8554
4181 4293 8464
4256 4284 8502
4244 4284 8507
4133 4278 8382
4142 4220 8342
4104 4274 8372
4262 4298 8549
4107 4288 8364
4217 4265 8445
4281 4294 8539
4129 4281 8373
4214 4263 8463
4195 4280 8450
4295 4300 8585
4106 4218 8318
4286 4292 8547
4277 4290 8548
4273 4297 8530
4272 4289 8548
4154 4292 8408
4289 4295 8558
4180 4225 8381
4179 4188 8333
4275 4284 8536
4174 4192 8332
4162 4247 8400
4213 4247 8453
4141 4247 8368
4221 4237 8452
4174 4248 8392
4185 4251 8430
4280 4285 8543
4133 4218 8327
4114 4239 8348
4290 4296 8550
4123 4164 8254
4139 4266 8385
4227 4279 8488
4190 4192 8376
4147 4151 8292
4149 4262 8373
4250 4285 8508
4156 4201 8336
4179 4255 8428
4201 4238 8419
4191 4235 8414
4123 4151 8236
4253 4275 8512
4128 4196 8322
4130 4168 8286
4244 4277 8482
4185 4284 8461
4264 4274 8507
4250 4289 8525
4242 4298 8524
4243 4270 8504
4274 4296 8546
4186 4268 8417
4249 4294 8527
4241 4278 8501
4200 4289 8458
4281 4296 8549
4252 4297 8511
4253 4254 8467
4219 4300 8514
4200 4266 8436
4106 4244 8348
4233 4247 8463
4179 4252 8429
4130 4178 8270
4163 4256 8387
4273 4286 8558
4134 4275 8407
4143 4199 8330
4270 4277 8542
4254 4276 8491
4238 4264 8472
4242 4244 8471
4270 4284 8531
4160 4231 8384
4294 4296 8582
4228 4230 8450
4223 4235 8446
4219 4273 8482
4229 4248 8448
4193 4281 8443
4106 4147 8240
4117 4274 8386
4198 4225 8417
4114 4294 8396

0.010000 0.490000
