100
556094
4062 4199 8261
4087 4093 8180
4087 4181 8268
4060 4061 8121
4107 4115 8222
4022 4197 8219
4016 4167 8183
4034 4124 8158
4145 4172 8317
4191 4193 8384
4094 4108 8202
4053 4153 8206
4171 4179 8350
4014 4166 8180
4003 4040 8043
4052 4180 8232
4177 4194 8371
4169 4185 8354
4163 4187 8350
4149 4166 8315
4098 4158 8256
4089 4103 8192
4039 4164 8203
4025 4132 8157
4169 4178 8347
4033 4144 8177
4003 4105 8108
4191 4196 8387
4094 4102 8196
4133 4146 8279
4003 4013 8016
4102 4131 8233
4176 4184 8360
4175 4182 8357
4148 4165 8313
4071 4176 8247
4161 4174 8335
4047 4060 8107
4193 4195 8388
4145 4185 8330
4066 4086 8152
4074 4126 8200
4052 4054 8106
4175 4187 8362
4144 4188 8332
4108 4116 8224
4135 4164 8299
4192 4197 8389
4102 4181 8283
4017 4134 8151
4011 4092 8103
4094 4186 8280
4180 4189 8369
4024 4071 8095
4072 4135 8207
4170 4196 8366
4008 4164 8172
4089 4165 8254
4078 4198 8276
4182 4186 8368
4043 4118 8161
4098 4192 8290
4099 4199 8298
4018 4102 8120
4102 4173 8275
4132 4162 8294
4020 4091 8111
4155 4157 8312
4013 4138 8151
4131 4181 8312
4136 4153 8289
4090 4120 8210
4028 4029 8057
4150 4167 8317
4122 4130 8252
4161 4187 8348
4049 4187 8236
4052 4129 8181
4031 4040 8071
4171 4179 8350
4146 4153 8299
4096 4119 8215
4033 4078 8111
4053 4121 8174
4048 4150 8198
4175 4187 8362
4091 4179 8270
4176 4195 8371
4115 4136 8251
4136 4162 8298
4029 4068 8097
4152 4176 8328
4143 4175 8318
4051 4092 8143
4001 4067 8068
4146 4167 8313
4150 4189 8339
4189 4200 8389
4150 4190 8340
4122 4132 8254

4162 4299 8443
4187 4193 8345
4187 4281 8461
4160 4161 8320
4207 4215 8382
4122 4297 8385
4116 4267 8381
4134 4224 8337
4245 4272 8503
4291 4293 8575
4194 4208 8394
4153 4253 8371
4271 4279 8523
4114 4266 8354
4103 4140 8236
4152 4280 8421
4277 4294 8554
4269 4285 8515
4263 4287 8510
4249 4266 8475
4198 4258 8439
4189 4203 8373
4139 4264 8393
4125 4232 8323
4269 4278 8525
4133 4244 8356
4103 4205 8284
4291 4296 8579
4194 4202 8393
4233 4246 8464
4103 4113 8182
4202 4231 8404
4276 4284 8528
4275 4282 8549
4248 4265 8506
4171 4276 8443
4261 4274 8496
4147 4160 8301
4293 4295 8553
4245 4285 8512
4166 4186 8345
4174 4226 8386
4152 4154 8268
4275 4287 8537
4244 4288 8514
4208 4216 8388
4235 4264 8498
4292 4297 8586
4202 4281 8456
4117 4234 8324
4111 4192 8264
4194 4286 8463
4280 4289 8539
4124 4171 8276
4172 4235 8406
4270 4296 8539
4108 4264 8357
4189 4265 8453
4178 4298 8447
4282 4286 8562
4143 4218 8359
4198 4292 8469
4199 4299 8465
4118 4202 8308
4202 4273 8436
4232 4262 8491
4120 4191 8304
4255 4257 8498
4113 4238 8328
4231 4281 8486
4236 4253 8459
4190 4220 8409
4128 4129 8228
4250 4267 8488
4222 4230 8450
4261 4287 8518
4149 4287 8398
4152 4229 8342
4131 4140 8239
4271 4279 8538
4246 4253 8467
4196 4219 8388
4133 4178 8283
4153 4221 8339
4148 4250 8368
4275 4287 8543
4191 4279 8446
4276 4295 8541
4215 4236 8431
4236 4262 8488
4129 4168 8294
4252 4276 8493
4243 4275 8489
4151 4192 8320
4101 4167 8267
4246 4267 8474
4250 4289 8503
4289 4300 8580
4250 4290 8509
4222 4232 8435

0.010000 0.660000
