600
2326795
4110 4133 8243
4038 4140 8178
4006 4008 8014
4075 4095 8170
4141 4149 8290
4072 4078 8150
4126 4150 8276
4169 4174 8343
4083 4091 8174
4114 4131 8245
4085 4172 8257
4100 4116 8216
4069 4122 8191
4101 4144 8245
4070 4180 8250
4115 4197 8312
4070 4123 8193
4177 4189 8366
4059 4099 8158
4084 4107 8191
4031 4194 8225
4135 4136 8271
4079 4138 8217
4148 4192 8340
4180 4188 8368
4007 4151 8158
4158 4169 8327
4141 4160 8301
4037 4108 8145
4035 4169 8204
4000 4052 8052
4024 4107 8131
4162 4186 8348
4139 4192 8331
4195 4198 8393
4092 4146 8238
4138 4152 8290
4003 4085 8088
4073 4128 8201
4030 4192 8222
4101 4156 8257
4027 4188 8215
4001 4052 8053
4113 4161 8274
4119 4172 8291
4142 4185 8327
4033 4071 8104
4024 4159 8183
4031 4156 8187
4077 4128 8205
4115 4161 8276
4081 4162 8243
4072 4180 8252
4181 4189 8370
4111 4183 8294
4157 4186 8343
4135 4178 8313
4198 4200 8398
4049 4078 8127
4061 4142 8203
4173 4191 8364
4070 4142 8212
4035 4192 8227
4176 4177 8353
4007 4030 8037
4198 4199 8397
4133 4134 8267
4035 4111 8146
4180 4188 8368
4154 4191 8345
4019 4173 8192
4063 4087 8150
4174 4200 8374
4015 4140 8155
4144 4176 8320
4042 4055 8097
4004 4022 8026
4169 4191 8360
4057 4154 8211
4007 4112 8119
4157 4168 8325
4123 4179 8302
4037 4185 8222
4176 4178 8354
4193 4199 8392
4067 4140 8207
4002 4146 8148
4022 4171 8193
4085 4156 8241
4109 4176 8285
4098 4177 8275
4014 4024 8038
4172 4180 8352
4166 4178 8344
4055 4197 8252
4182 4184 8366
4109 4175 8284
4036 4080 8116
4108 4154 8262
4072 4113 8185
4114 4136 8250
4117 4140 8257
4030 4174 8204
4038 4107 8145
4142 4193 8335
4190 4200 8390
4178 4194 8372
4087 4108 8195
4131 4149 8280
4197 4200 8397
4008 4200 8208
4034 4069 8103
4169 4181 8350
4017 4088 8105
4175 4188 8363
4105 4134 8239
4042 4146 8188
4104 4115 8219
4058 4167 8225
4024 4080 8104
4110 4161 8271
4113 4138 8251
4154 4178 8332
4086 4191 8277
4129 4169 8298
4180 4197 8377
4078 4131 8209
4075 4159 8234
4117 4154 8271
4143 4174 8317
4136 4169 8305
4011 4107 8118
4188 4190 8378
4027 4036 8063
4080 4142 8222
4074 4144 8218
4198 4199 8397
4023 4034 8057
4030 4106 8136
4089 4122 8211
4012 4060 8072
4155 4194 8349
4124 4153 8277
4096 4129 8225
4179 4183 8362
4199 4200 8399
4010 4095 8105
4148 4197 8345
4036 4156 8192
4157 4181 8338
4189 4193 8382
4163 4178 8341
4114 4146 8260
4085 4171 8256
4057 4131 8188
4102 4157 8259
4005 4096 8101
4184 4197 8381
4166 4185 8351
4007 4088 8095
4166 4178 8344
4039 4159 8198
4128 4181 8309
4036 4123 8159
4155 4187 8342
4109 4124 8233
4123 4149 8272
4155 4198 8353
4053 4120 8173
4090 4154 8244
4126 4134 8260
4094 4125 8219
4031 4093 8124
4090 4146 8236
4126 4183 8309
4009 4103 8112
4081 4165 8246
4070 4111 8181
4086 4177 8263
4193 4195 8388
4062 4162 8224
4106 4199 8305
4156 4167 8323
4168 4184 8352
4050 4130 8180
4031 4144 8175
4079 4138 8217
4167 4169 8336
4103 4161 8264
4065 4119 8184
4127 4180 8307
4059 4168 8227
4080 4179 8259
4044 4053 8097
4125 4160 8285
4171 4195 8366
4102 4189 8291
4162 4181 8343
4157 4164 8321
4017 4169 8186
4171 4183 8354
4065 4191 8256
4080 4102 8182
4192 4200 8392
4005 4111 8116
4131 4140 8271
4141 4177 8318
4013 4196 8209
4125 4183 8308
4134 4185 8319
4170 4171 8341
4033 4035 8068
4176 4195 8371
4078 4133 8211
4031 4121 8152
4085 4125 8210
4061 4111 8172
4191 4198 8389
4084 4190 8274
4151 4186 8337
4191 4197 8388
4024 4196 8220
4115 4152 8267
4029 4097 8126
4068 4086 8154
4172 4177 8349
4095 4139 8234
4081 4148 8229
4054 4156 8210
4043 4113 8156
4191 4200 8391
4156 4197 8353
4105 4118 8223
4185 4188 8373
4005 4049 8054
4141 4159 8300
4190 4193 8383
4054 4190 8244
4115 4121 8236
4172 4184 8356
4078 4193 8271
4190 4198 8388
4096 4100 8196
4034 4086 8120
4171 4177 8348
4082 4149 8231
4062 4077 8139
4124 4135 8259
4075 4148 8223
4038 4079 8117
4031 4158 8189
4040 4065 8105
4141 4171 8312
4180 4187 8367
4160 4171 8331
4079 4186 8265
4024 4149 8173
4146 4172 8318
4166 4167 8333
4100 4130 8230
4073 4105 8178
4184 4186 8370
4080 4181 8261
4092 4116 8208
4158 4160 8318
4157 4188 8345
4077 4152 8229
4015 4180 8195
4008 4013 8021
4018 4193 8211
4166 4184 8350
4006 4049 8055
4165 4177 8342
4039 4185 8224
4190 4193 8383
4173 4190 8363
4077 4080 8157
4045 4129 8174
4008 4147 8155
4115 4193 8308
4172 4192 8364
4108 4194 8302
4041 4109 8150
4089 4152 8241
4066 4177 8243
4102 4177 8279
4072 4090 8162
4023 4068 8091
4199 4200 8399
4044 4182 8226
4130 4168 8298
4077 4196 8273
4057 4157 8214
4136 4194 8330
4058 4104 8162
4033 4050 8083
4122 4151 8273
4115 4168 8283
4095 4132 8227
4053 4183 8236
4157 4191 8348
4032 4140 8172
4192 4194 8386
4027 4168 8195
4025 4066 8091
4080 4149 8229
4141 4200 8341
4067 4090 8157
4129 4192 8321
4176 4186 8362
4143 4198 8341
4180 4185 8365
4153 4180 8333
4136 4157 8293
4098 4161 8259
4193 4194 8387
4077 4158 8235
4038 4112 8150
4169 4193 8362
4071 4127 8198
4158 4159 8317
4051 4071 8122
4002 4168 8170
4165 4176 8341
4174 4199 8373
4131 4158 8289
4067 4072 8139
4115 4178 8293
4173 4199 8372
4195 4196 8391
4157 4173 8330
4006 4147 8153
4132 4184 8316
4087 4106 8193
4134 4160 8294
4139 4192 8331
4186 4195 8381
4178 4193 8371
4197 4199 8396
4170 4183 8353
4092 4177 8269
4130 4166 8296
4081 4082 8163
4166 4173 8339
4073 4109 8182
4059 4075 8134
4178 4185 8363
4026 4153 8179
4022 4031 8053
4187 4189 8376
4020 4177 8197
4118 4158 8276
4191 4197 8388
4078 4114 8192
4168 4191 8359
4123 4164 8287
4126 4132 8258
4019 4090 8109
4164 4182 8346
4162 4183 8345
4144 4180 8324
4134 4192 8326
4021 4077 8098
4068 4137 8205
4134 4175 8309
4056 4195 8251
4083 4092 8175
4166 4174 8340
4032 4099 8131
4028 4123 8151
4070 4120 8190
4180 4186 8366
4008 4059 8067
4180 4184 8364
4151 4157 8308
4008 4066 8074
4005 4179 8184
4076 4120 8196
4153 4183 8336
4131 4182 8313
4022 4038 8060
4061 4106 8167
4064 4185 8249
4020 4180 8200
4105 4110 8215
4173 4176 8349
4098 4125 8223
4118 4121 8239
4155 4166 8321
4029 4030 8059
4149 4171 8320
4055 4178 8233
4051 4080 8131
4196 4200 8396
4072 4191 8263
4134 4198 8332
4001 4194 8195
4026 4175 8201
4102 4147 8249
4061 4115 8176
4028 4133 8161
4095 4102 8197
4031 4184 8215
4168 4190 8358
4052 4108 8160
4118 4181 8299
4161 4180 8341
4068 4158 8226
4076 4116 8192
4156 4195 8351
4158 4175 8333
4092 4146 8238
4132 4145 8277
4093 4111 8204
4159 4179 8338
4056 4141 8197
4028 4101 8129
4082 4121 8203
4097 4104 8201
4192 4196 8388
4173 4198 8371
4108 4184 8292
4134 4160 8294
4000 4121 8121
4028 4088 8116
4148 4187 8335
4126 4199 8325
4012 4108 8120
4039 4087 8126
4070 4115 8185
4070 4169 8239
4062 4104 8166
4197 4199 8396
4171 4188 8359
4082 4134 8216
4045 4099 8144
4168 4196 8364
4143 4159 8302
4158 4165 8323
4129 4178 8307
4198 4199 8397
4195 4200 8395
4187 4196 8383
4037 4164 8201
4008 4178 8186
4027 4189 8216
4103 4180 8283
4028 4125 8153
4041 4064 8105
4115 4162 8277
4028 4118 8146
4192 4200 8392
4090 4187 8277
4149 4170 8319
4142 4168 8310
4095 4120 8215
4069 4167 8236
4055 4106 8161
4191 4194 8385
4014 4076 8090
4160 4183 8343
4140 4174 8314
4109 4135 8244
4003 4050 8053
4011 4154 8165
4119 4199 8318
4117 4181 8298
4165 4198 8363
4005 4148 8153
4143 4189 8332
4008 4110 8118
4167 4189 8356
4139 4172 8311
4192 4196 8388
4062 4064 8126
4198 4199 8397
4114 4148 8262
4190 4191 8381
4041 4142 8183
4031 4122 8153
4079 4095 8174
4048 4183 8231
4021 4146 8167
4109 4192 8301
4124 4171 8295
4099 4107 8206
4174 4195 8369
4090 4156 8246
4181 4184 8365
4012 4186 8198
4138 4195 8333
4092 4159 8251
4075 4143 8218
4139 4183 8322
4017 4179 8196
4170 4199 8369
4199 4200 8399
4196 4199 8395
4161 4185 8346
4119 4131 8250
4082 4164 8246
4055 4058 8113
4149 4167 8316
4046 4107 8153
4052 4159 8211
4075 4144 8219
4136 4196 8332
4015 4041 8056
4115 4182 8297
4127 4167 8294
4029 4197 8226
4049 4062 8111
4127 4153 8280
4058 4146 8204
4026 4179 8205
4105 4147 8252
4162 4174 8336
4084 4174 8258
4111 4183 8294
4099 4120 8219
4060 4124 8184
4052 4154 8206
4033 4117 8150
4142 4184 8326
4168 4195 8363
4051 4066 8117
4074 4166 8240
4013 4056 8069
4040 4195 8235
4129 4168 8297
4197 4199 8396
4107 4127 8234
4120 4155 8275
4095 4151 8246
4134 4136 8270
4158 4171 8329
4176 4197 8373
4141 4169 8310
4088 4135 8223
4104 4176 8280
4178 4181 8359
4062 4126 8188
4067 4188 8255
4123 4185 8308
4159 4175 8334
4016 4172 8188
4061 4064 8125
4019 4125 8144
4061 4193 8254
4144 4164 8308
4143 4182 8325
4056 4094 8150
4091 4127 8218
4134 4180 8314
4034 4110 8144
4132 4137 8269
4191 4197 8388
4109 4138 8247
4002 4148 8150
4130 4157 8287
4134 4175 8309
4007 4105 8112
4139 4196 8335
4105 4169 8274
4141 4156 8297
4062 4107 8169
4027 4159 8186
4015 4095 8110
4104 4112 8216
4086 4089 8175
4192 4198 8390
4153 4177 8330
4008 4072 8080
4138 4162 8300
4035 4176 8211
4083 4142 8225
4001 4054 8055
4068 4171 8239
4036 4062 8098
4027 4170 8197
4012 4069 8081
4104 4195 8299
4038 4083 8121
4187 4198 8385
4041 4043 8084
4187 4189 8376
4198 4200 8398
4071 4173 8244
4169 4191 8360
4129 4146 8275
4104 4107 8211
4187 4192 8379
4002 4186 8188
4053 4194 8247
4161 4174 8335
4025 4135 8160
4075 4087 8162
4141 4181 8322
4036 4184 8220
4122 4199 8321

4210 4233 8419
4138 4240 8372
4106 4108 8205
4175 4195 8343
4241 4249 8458
4172 4178 8311
4226 4250 8445
4269 4274 8537
4183 4191 8350
4214 4231 8405
4185 4272 8442
4200 4216 8382
4169 4222 8388
4201 4244 8417
4170 4280 8441
4215 4297 8505
4170 4223 8372
4277 4289 8549
4159 4199 8331
4184 4207 8376
4131 4294 8401
4235 4236 8439
4179 4238 8381
4248 4292 8536
4280 4288 8564
4107 4251 8336
4258 4269 8499
4241 4260 8463
4137 4208 8306
4135 4269 8400
4100 4152 8251
4124 4207 8292
4262 4286 8540
4239 4292 8494
4295 4298 8575
4192 4246 8432
4238 4252 8458
4103 4185 8260
4173 4228 8373
4130 4292 8385
4201 4256 8443
4127 4288 8388
4101 4152 8227
4213 4261 8450
4219 4272 8453
4242 4285 8521
4133 4171 8296
4124 4259 8360
4131 4256 8357
4177 4228 8382
4215 4261 8448
4181 4262 8429
4172 4280 8444
4281 4289 8542
4211 4283 8485
4257 4286 8504
4235 4278 8497
4298 4300 8572
4149 4178 8312
4161 4242 8372
4273 4291 8532
4170 4242 8398
4135 4292 8410
4276 4277 8531
4107 4130 8230
4298 4299 8565
4233 4234 8466
4135 4211 8342
4280 4288 8544
4254 4291 8536
4119 4273 8391
4163 4187 8316
4274 4300 8544
4115 4240 8341
4244 4276 8500
4142 4155 8275
4104 4122 8202
4269 4291 8558
4157 4254 8399
4107 4212 8307
4257 4268 8519
4223 4279 8487
4137 4285 8394
4276 4278 8545
4293 4299 8576
4167 4240 8383
4102 4246 8338
4122 4271 8363
4185 4256 8414
4209 4276 8447
4198 4277 8465
4114 4124 8234
4272 4280 8516
4266 4278 8528
4155 4297 8436
4282 4284 8532
4209 4275 8463
4136 4180 8292
4208 4254 8441
4172 4213 8349
4214 4236 8416
4217 4240 8451
4130 4274 8370
4138 4207 8314
4242 4293 8500
4290 4300 8587
4278 4294 8558
4187 4208 8375
4231 4249 8448
4297 4300 8588
4108 4300 8393
4134 4169 8294
4269 4281 8522
4117 4188 8286
4275 4288 8534
4205 4234 8419
4142 4246 8364
4204 4215 8379
4158 4267 8404
4124 4180 8285
4210 4261 8434
4213 4238 8419
4254 4278 8522
4186 4291 8443
4229 4269 8484
4280 4297 8539
4178 4231 8407
4175 4259 8422
4217 4254 8454
4243 4274 8500
4236 4269 8475
4111 4207 8301
4288 4290 8573
4127 4136 8230
4180 4242 8394
4174 4244 8392
4298 4299 8558
4123 4134 8244
4130 4206 8299
4189 4222 8377
4112 4160 8247
4255 4294 8532
4224 4253 8457
4196 4229 8402
4279 4283 8537
4299 4300 8566
4110 4195 8280
4248 4297 8508
4136 4256 8357
4257 4281 8530
4289 4293 8557
4263 4278 8532
4214 4246 8429
4185 4271 8436
4157 4231 8349
4202 4257 8453
4105 4196 8279
4284 4297 8555
4266 4285 8522
4107 4188 8265
4266 4278 8526
4139 4259 8373
4228 4281 8474
4136 4223 8327
4255 4287 8517
4209 4224 8425
4223 4249 8440
4255 4298 8522
4153 4220 8354
4190 4254 8438
4226 4234 8424
4194 4225 8418
4131 4193 8288
4190 4246 8430
4226 4283 8473
4109 4203 8279
4181 4265 8444
4170 4211 8353
4186 4277 8439
4293 4295 8553
4162 4262 8413
4206 4299 8469
4256 4267 8489
4268 4284 8546
4150 4230 8355
4131 4244 8350
4179 4238 8409
4267 4269 8529
4203 4261 8454
4165 4219 8370
4227 4280 8501
4159 4268 8398
4180 4279 8424
4144 4153 8265
4225 4260 8448
4271 4295 8561
4202 4289 8469
4262 4281 8531
4257 4264 8506
4117 4269 8357
4271 4283 8529
4165 4291 8438
4180 4202 8343
4292 4300 8573
4105 4211 8277
4231 4240 8432
4241 4277 8478
4113 4296 8381
4225 4283 8503
4234 4285 8480
4270 4271 8532
4133 4135 8235
4276 4295 8535
4178 4233 8377
4131 4221 8325
4185 4225 8405
4161 4211 8364
4291 4298 8587
4184 4290 8473
4251 4286 8530
4291 4297 8586
4124 4296 8400
4215 4252 8453
4129 4197 8306
4168 4186 8335
4272 4277 8530
4195 4239 8432
4181 4248 8412
4154 4256 8402
4143 4213 8352
4291 4300 8568
4256 4297 8536
4205 4218 8399
4285 4288 8544
4105 4149 8248
4241 4259 8462
4290 4293 8558
4154 4290 8426
4215 4221 8405
4272 4284 8544
4178 4293 8440
4290 4298 8570
4196 4200 8383
4134 4186 8308
4271 4277 8542
4182 4249 8429
4162 4177 8319
4224 4235 8447
4175 4248 8416
4138 4179 8314
4131 4258 8355
4140 4165 8280
4241 4271 8486
4280 4287 8533
4260 4271 8517
4179 4286 8426
4124 4249 8337
4246 4272 8504
4266 4267 8526
4200 4230 8413
4173 4205 8369
4284 4286 8564
4180 4281 8428
4192 4216 8404
4258 4260 8498
4257 4288 8509
4177 4252 8423
4115 4280 8378
4108 4113 8189
4118 4293 8404
4266 4284 8524
4106 4149 8236
4265 4277 8508
4139 4285 8385
4290 4293 8573
4273 4290 8525
4177 4180 8345
4145 4229 8340
4108 4247 8332
4215 4293 8495
4272 4292 8543
4208 4294 8492
4141 4209 8343
4189 4252 8403
4166 4277 8425
4202 4277 8441
4172 4190 8334
4123 4168 8266
4299 4300 8560
4144 4282 8397
4230 4268 8467
4177 4296 8468
4157 4257 8387
4236 4294 8527
4158 4204 8330
4133 4150 8248
4222 4251 8450
4215 4268 8456
4195 4232 8392
4153 4283 8407
4257 4291 8532
4132 4240 8355
4292 4294 8578
4127 4268 8368
4125 4166 8290
4180 4249 8392
4241 4300 8522
4167 4190 8336
4229 4292 8495
4276 4286 8560
4243 4298 8502
4280 4285 8561
4253 4280 8500
4236 4257 8476
4198 4261 8446
4293 4294 8566
4177 4258 8434
4138 4212 8341
4269 4293 8549
4171 4227 8367
4258 4259 8513
4151 4171 8286
4102 4268 8356
4265 4276 8539
4274 4299 8566
4231 4258 8450
4167 4172 8302
4215 4278 8487
4273 4299 8556
4295 4296 8563
4257 4273 8528
4106 4247 8349
4232 4284 8515
4187 4206 8354
4234 4260 8491
4239 4292 8523
4286 4295 8542
4278 4293 8557
4297 4299 8575
4270 4283 8542
4192 4277 8462
4230 4266 8470
4181 4182 8340
4266 4273 8521
4173 4209 8367
4159 4175 8324
4278 4285 8552
4126 4253 8356
4122 4131 8231
4287 4289 8544
4120 4277 8367
4218 4258 8458
4291 4297 8582
4178 4214 8360
4268 4291 8546
4223 4264 8458
4226 4232 8431
4119 4190 8276
4264 4282 8544
4262 4283 8543
4244 4280 8501
4234 4292 8505
4121 4177 8266
4168 4237 8387
4234 4275 8496
4156 4295 8416
4183 4192 8355
4266 4274 8500
4132 4199 8309
4128 4223 8323
4170 4220 8357
4280 4286 8556
4108 4159 8237
4280 4284 8527
4251 4257 8484
4108 4166 8264
4105 4279 8368
4176 4220 8359
4253 4283 8512
4231 4282 8505
4122 4138 8244
4161 4206 8364
4164 4285 8448
4120 4280 8376
4205 4210 8387
4273 4276 8546
4198 4225 8385
4218 4221 8429
4255 4266 8506
4129 4130 8225
4249 4271 8517
4155 4278 8426
4151 4180 8316
4296 4300 8564
4172 4291 8429
4234 4298 8516
4101 4294 8364
4126 4275 8379
4202 4247 8423
4161 4215 8353
4128 4233 8333
4195 4202 8359
4131 4284 8406
4268 4290 8536
4152 4208 8332
4218 4281 8478
4261 4280 8525
4168 4258 8392
4176 4216 8368
4256 4295 8547
4258 4275 8493
4192 4246 8417
4232 4245 8473
4193 4211 8384
4259 4279 8536
4156 4241 8366
4128 4201 8319
4182 4221 8389
4197 4204 8366
4292 4296 8580
4273 4298 8566
4208 4284 8487
4234 4260 8457
4100 4221 8288
4128 4188 8277
4248 4287 8508
4226 4299 8499
4112 4208 8299
4139 4187 8298
4170 4215 8379
4170 4269 8436
4162 4204 8335
4297 4299 8559
4271 4288 8523
4182 4234 8387
4145 4199 8312
4268 4296 8525
4243 4259 8486
4258 4265 8500
4229 4278 8498
4298 4299 8570
4295 4300 8588
4287 4296 8549
4137 4264 8380
4108 4278 8360
4127 4289 8392
4203 4280 8467
4128 4225 8339
4141 4164 8291
4215 4262 8446
4128 4218 8335
4292 4300 8577
4190 4287 8457
4249 4270 8494
4242 4268 8476
4195 4220 8406
4169 4267 8433
4155 4206 8356
4291 4294 8556
4114 4176 8271
4260 4283 8540
4240 4274 8509
4209 4235 8412
4103 4150 8252
4111 4254 8348
4219 4299 8506
4217 4281 8470
4265 4298 8556
4105 4248 8341
4243 4289 8516
4108 4210 8312
4267 4289 8547
4239 4272 8484
4292 4296 8565
4162 4164 8323
4298 4299 8568
4214 4248 8438
4290 4291 8547
4141 4242 8347
4131 4222 8342
4179 4195 8352
4148 4283 8419
4121 4246 8328
4209 4292 8461
4224 4271 8492
4199 4207 8398
4274 4295 8529
4190 4256 8430
4281 4284 8531
4112 4286 8371
4238 4295 8494
4192 4259 8418
4175 4243 8411
4239 4283 8495
4117 4279 8368
4270 4299 8542
4299 4300 8571
4296 4299 8557
4261 4285 8529
4219 4231 8423
4182 4264 8409
4155 4158 8297
4249 4267 8479
4146 4207 8351
4152 4259 8396
4175 4244 8403
4236 4296 8501
4115 4141 8241
4215 4282 8496
4227 4267 8454
4129 4297 8411
4149 4162 8293
4227 4253 8457
4158 4246 8390
4126 4279 8389
4205 4247 8434
4262 4274 8507
4184 4274 8451
4211 4283 8455
4199 4220 8416
4160 4224 8378
4152 4254 8390
4133 4217 8331
4242 4284 8499
4268 4295 8556
4151 4166 8293
4174 4266 8436
4113 4156 8238
4140 4295 8413
4229 4268 8477
4297 4299 8588
4207 4227 8413
4220 4255 8457
4195 4251 8419
4234 4236 8450
4258 4271 8503
4276 4297 8572
4241 4269 8473
4188 4235 8398
4204 4276 8446
4278 4281 8549
4162 4226 8353
4167 4288 8429
4223 4285 8471
4259 4275 8508
4116 4272 8368
4161 4164 8295
4119 4225 8314
4161 4293 8425
4244 4264 8494
4243 4282 8516
4156 4194 8313
4191 4227 8397
4234 4280 8479
4134 4210 8333
4232 4237 8445
4291 4297 8566
4209 4238 8443
4102 4248 8340
4230 4257 8484
4234 4275 8505
4107 4205 8307
4239 4296 8513
4205 4269 8453
4241 4256 8473
4162 4207 8363
4127 4259 8380
4115 4195 8296
4204 4212 8409
4186 4189 8373
4292 4298 8559
4253 4277 8502
4108 4172 8242
4238 4262 8495
4135 4276 8383
4183 4242 8397
4101 4154 8239
4168 4271 8427
4136 4162 8277
4127 4270 8371
4112 4169 8271
4204 4295 8481
4138 4183 8311
4287 4298 8545
4141 4143 8255
4287 4289 8549
4298 4300 8587
4171 4273 8441
4269 4291 8552
4229 4246 8452
4204 4207 8410
4287 4292 8562
4102 4286 8383
4153 4294 8426
4261 4274 8505
4125 4235 8322
4175 4187 8329
4241 4281 8486
4136 4284 8408
4222 4299 8491

0.010000 0.460000
