700
3717860
4037 4112 8149
4045 4058 8103
4067 4080 8147
4137 4184 8321
4117 4128 8245
4062 4074 8136
4076 4187 8263
4156 4200 8356
4047 4133 8180
4166 4190 8356
4022 4167 8189
4117 4150 8267
4068 4163 8231
4122 4157 8279
4026 4054 8080
4084 4091 8175
4155 4166 8321
4058 4083 8141
4077 4132 8209
4113 4140 8253
4001 4125 8126
4029 4032 8061
4083 4196 8279
4047 4097 8144
4180 4197 8377
4075 4095 8170
4188 4200 8388
4155 4162 8317
4129 4148 8277
4124 4155 8279
4064 4158 8222
4085 4135 8220
4188 4190 8378
4151 4192 8343
4127 4141 8268
4053 4135 8188
4136 4164 8300
4125 4155 8280
4139 4190 8329
4050 4150 8200
4166 4183 8349
4112 4150 8262
4113 4117 8230
4159 4174 8333
4138 4182 8320
4054 4136 8190
4060 4127 8187
4032 4097 8129
4164 4195 8359
4075 4125 8200
4180 4192 8372
4084 4124 8208
4188 4189 8377
4054 4191 8245
4079 4189 8268
4187 4200 8387
4129 4159 8288
4058 4109 8167
4166 4193 8359
4194 4198 8392
4098 4100 8198
4168 4197 8365
4195 4199 8394
4117 4183 8300
4037 4129 8166
4003 4069 8072
4040 4123 8163
4053 4074 8127
4088 4133 8221
4061 4114 8175
4003 4068 8071
4186 4194 8380
4030 4091 8121
4009 4167 8176
4120 4182 8302
4043 4121 8164
4052 4084 8136
4017 4131 8148
4134 4144 8278
4131 4152 8283
4123 4144 8267
4113 4189 8302
4078 4135 8213
4166 4183 8349
4184 4190 8374
4179 4180 8359
4160 4188 8348
4005 4060 8065
4137 4197 8334
4180 4181 8361
4000 4084 8084
4119 4167 8286
4074 4157 8231
4151 4199 8350
4025 4133 8158
4105 4166 8271
4009 4037 8046
4049 4051 8100
4144 4178 8322
4128 4147 8275
4062 4189 8251
4126 4194 8320
4075 4159 8234
4012 4135 8147
4134 4143 8277
4106 4131 8237
4083 4161 8244
4071 4099 8170
4152 4167 8319
4034 4141 8175
4182 4184 8366
4078 4137 8215
4009 4090 8099
4196 4198 8394
4161 4166 8327
4112 4197 8309
4101 4134 8235
4044 4083 8127
4198 4199 8397
4085 4122 8207
4039 4194 8233
4050 4149 8199
4170 4194 8364
4081 4108 8189
4114 4191 8305
4001 4036 8037
4138 4169 8307
4033 4089 8122
4159 4177 8336
4152 4173 8325
4181 4189 8370
4029 4110 8139
4129 4176 8305
4174 4195 8369
4092 4181 8273
4152 4167 8319
4038 4198 8236
4034 4183 8217
4153 4195 8348
4140 4148 8288
4072 4105 8177
4002 4157 8159
4101 4149 8250
4041 4178 8219
4197 4200 8397
4029 4094 8123
4199 4200 8399
4136 4175 8311
4172 4190 8362
4155 4199 8354
4193 4196 8389
4155 4170 8325
4064 4099 8163
4155 4188 8343
4099 4100 8199
4152 4171 8323
4192 4194 8386
4141 4154 8295
4077 4088 8165
4158 4190 8348
4119 4157 8276
4161 4198 8359
4176 4196 8372
4166 4168 8334
4081 4094 8175
4128 4136 8264
4118 4122 8240
4166 4174 8340
4047 4050 8097
4074 4078 8152
4099 4189 8288
4034 4126 8160
4132 4184 8316
4176 4199 8375
4083 4108 8191
4133 4199 8332
4168 4181 8349
4036 4050 8086
4102 4125 8227
4175 4196 8371
4116 4139 8255
4013 4144 8157
4104 4174 8278
4079 4101 8180
4014 4175 8189
4168 4188 8356
4060 4104 8164
4195 4196 8391
4006 4148 8154
4027 4082 8109
4147 4184 8331
4110 4126 8236
4154 4178 8332
4004 4062 8066
4033 4036 8069
4138 4170 8308
4198 4199 8397
4074 4101 8175
4145 4153 8298
4158 4174 8332
4096 4194 8290
4154 4195 8349
4193 4194 8387
4098 4134 8232
4034 4088 8122
4013 4089 8102
4184 4187 8371
4168 4185 8353
4072 4093 8165
4184 4197 8381
4030 4164 8194
4158 4179 8337
4005 4035 8040
4157 4194 8351
4156 4158 8314
4066 4196 8262
4160 4174 8334
4040 4147 8187
4133 4191 8324
4100 4135 8235
4036 4171 8207
4053 4104 8157
4053 4182 8235
4059 4112 8171
4063 4132 8195
4160 4181 8341
4032 4136 8168
4001 4082 8083
4081 4150 8231
4029 4133 8162
4093 4118 8211
4072 4103 8175
4025 4075 8100
4185 4197 8382
4059 4185 8244
4162 4182 8344
4172 4173 8345
4105 4185 8290
4148 4174 8322
4108 4142 8250
4095 4188 8283
4194 4197 8391
4185 4191 8376
4003 4130 8133
4199 4200 8399
4185 4200 8385
4101 4129 8230
4162 4183 8345
4046 4059 8105
4108 4134 8242
4014 4169 8183
4146 4199 8345
4048 4055 8103
4072 4161 8233
4153 4172 8325
4019 4045 8064
4054 4104 8158
4189 4196 8385
4197 4200 8397
4003 4163 8166
4146 4153 8299
4112 4127 8239
4177 4181 8358
4061 4063 8124
4043 4045 8088
4128 4139 8267
4161 4192 8353
4020 4187 8207
4122 4195 8317
4171 4186 8357
4054 4150 8204
4015 4049 8064
4029 4122 8151
4033 4158 8191
4149 4185 8334
4152 4198 8350
4043 4083 8126
4033 4071 8104
4083 4168 8251
4088 4177 8265
4049 4198 8247
4091 4159 8250
4103 4139 8242
4133 4152 8285
4132 4192 8324
4071 4146 8217
4071 4180 8251
4008 4039 8047
4167 4196 8363
4100 4114 8214
4063 4149 8212
4080 4118 8198
4199 4200 8399
4140 4147 8287
4006 4140 8146
4115 4191 8306
4164 4196 8360
4190 4191 8381
4075 4154 8229
4118 4194 8312
4082 4139 8221
4131 4144 8275
4039 4148 8187
4131 4191 8322
4065 4160 8225
4054 4161 8215
4180 4190 8370
4171 4179 8350
4168 4199 8367
4166 4187 8353
4110 4166 8276
4109 4175 8284
4048 4171 8219
4022 4176 8198
4119 4127 8246
4158 4192 8350
4063 4192 8255
4072 4194 8266
4129 4153 8282
4184 4193 8377
4147 4196 8343
4053 4135 8188
4015 4029 8044
4096 4185 8281
4034 4045 8079
4128 4182 8310
4188 4193 8381
4100 4172 8272
4071 4182 8253
4132 4189 8321
4056 4129 8185
4194 4199 8393
4038 4186 8224
4075 4097 8172
4135 4180 8315
4135 4142 8277
4131 4139 8270
4088 4185 8273
4148 4164 8312
4086 4170 8256
4095 4182 8277
4152 4186 8338
4117 4119 8236
4023 4102 8125
4131 4177 8308
4117 4190 8307
4024 4089 8113
4067 4129 8196
4066 4082 8148
4059 4111 8170
4070 4094 8164
4085 4158 8243
4073 4166 8239
4087 4111 8198
4109 4124 8233
4035 4104 8139
4058 4174 8232
4189 4191 8380
4019 4169 8188
4054 4156 8210
4049 4060 8109
4193 4199 8392
4105 4185 8290
4079 4166 8245
4157 4161 8318
4016 4108 8124
4038 4142 8180
4115 4188 8303
4195 4198 8393
4184 4185 8369
4102 4163 8265
4176 4200 8376
4159 4168 8327
4150 4193 8343
4170 4200 8370
4112 4173 8285
4083 4094 8177
4007 4147 8154
4120 4191 8311
4005 4071 8076
4124 4134 8258
4017 4189 8206
4069 4081 8150
4182 4191 8373
4066 4144 8210
4027 4135 8162
4153 4170 8323
4074 4144 8218
4039 4059 8098
4106 4180 8286
4195 4196 8391
4195 4200 8395
4020 4163 8183
4030 4135 8165
4166 4170 8336
4093 4101 8194
4000 4014 8014
4077 4142 8219
4068 4177 8245
4030 4129 8159
4193 4199 8392
4174 4191 8365
4169 4193 8362
4144 4193 8337
4184 4189 8373
4161 4198 8359
4123 4185 8308
4022 4095 8117
4095 4137 8232
4173 4194 8367
4192 4196 8388
4068 4121 8189
4069 4162 8231
4130 4147 8277
4031 4090 8121
4091 4191 8282
4077 4078 8155
4008 4144 8152
4026 4124 8150
4147 4175 8322
4162 4177 8339
4056 4091 8147
4004 4092 8096
4073 4096 8169
4111 4164 8275
4147 4170 8317
4063 4084 8147
4043 4094 8137
4142 4168 8310
4136 4173 8309
4008 4105 8113
4186 4197 8383
4062 4063 8125
4169 4185 8354
4087 4147 8234
4024 4173 8197
4050 4062 8112
4144 4152 8296
4065 4092 8157
4115 4167 8282
4127 4134 8261
4110 4140 8250
4135 4194 8329
4081 4108 8189
4021 4046 8067
4013 4049 8062
4052 4154 8206
4068 4172 8240
4130 4182 8312
4055 4061 8116
4090 4139 8229
4143 4175 8318
4194 4196 8390
4119 4130 8249
4197 4199 8396
4018 4067 8085
4082 4114 8196
4199 4200 8399
4196 4197 8393
4067 4099 8166
4047 4098 8145
4145 4175 8320
4172 4185 8357
4022 4027 8049
4178 4179 8357
4066 4139 8205
4038 4100 8138
4199 4200 8399
4022 4040 8062
4060 4080 8140
4043 4160 8203
4054 4084 8138
4044 4115 8159
4099 4138 8237
4191 4199 8390
4154 4170 8324
4021 4143 8164
4115 4152 8267
4091 4094 8185
4041 4110 8151
4017 4049 8066
4136 4161 8297
4183 4199 8382
4047 4093 8140
4064 4105 8169
4070 4131 8201
4119 4150 8269
4133 4188 8321
4166 4172 8338
4154 4199 8353
4076 4089 8165
4188 4190 8378
4163 4180 8343
4049 4102 8151
4198 4200 8398
4090 4162 8252
4019 4192 8211
4008 4096 8104
4151 4196 8347
4045 4175 8220
4147 4154 8301
4004 4022 8026
4067 4184 8251
4078 4159 8237
4045 4118 8163
4131 4141 8272
4142 4169 8311
4025 4162 8187
4060 4150 8210
4083 4103 8186
4070 4080 8150
4082 4091 8173
4139 4194 8333
4002 4142 8144
4090 4095 8185
4193 4197 8390
4178 4195 8373
4086 4118 8204
4178 4183 8361
4194 4195 8389
4098 4106 8204
4166 4195 8361
4096 4178 8274
4190 4197 8387
4027 4126 8153
4032 4035 8067
4023 4174 8197
4047 4063 8110
4067 4169 8236
4156 4200 8356
4098 4135 8233
4098 4138 8236
4065 4148 8213
4033 4063 8096
4175 4179 8354
4101 4140 8241
4098 4123 8221
4119 4180 8299
4053 4062 8115
4156 4187 8343
4155 4175 8330
4062 4176 8238
4035 4170 8205
4135 4176 8311
4191 4194 8385
4190 4195 8385
4171 4196 8367
4015 4174 8189
4002 4154 8156
4174 4186 8360
4174 4198 8372
4049 4130 8179
4015 4128 8143
4000 4132 8132
4056 4119 8175
4177 4185 8362
4030 4047 8077
4101 4103 8204
4006 4197 8203
4123 4145 8268
4073 4132 8205
4085 4199 8284
4063 4105 8168
4150 4163 8313
4065 4164 8229
4107 4135 8242
4064 4110 8174
4010 4172 8182
4011 4185 8196
4087 4131 8218
4164 4198 8362
4165 4189 8354
4001 4073 8074
4131 4156 8287
4099 4195 8294
4184 4197 8381
4045 4169 8214
4115 4168 8283
4034 4088 8122
4032 4135 8167
4120 4134 8254
4143 4150 8293
4170 4187 8357
4058 4098 8156
4091 4161 8252
4075 4077 8152
4004 4153 8157
4149 4200 8349
4181 4194 8375
4104 4136 8240
4141 4148 8289
4191 4195 8386
4158 4170 8328
4020 4169 8189
4174 4176 8350
4081 4089 8170
4122 4162 8284
4113 4123 8236
4030 4044 8074
4165 4171 8336
4193 4198 8391
4074 4146 8220
4027 4136 8163
4026 4101 8127
4118 4199 8317
4035 4082 8117
4166 4172 8338
4054 4127 8181
4006 4047 8053
4009 4147 8156
4094 4164 8258
4019 4176 8195
4066 4161 8227
4032 4049 8081
4192 4193 8385
4117 4162 8279
4072 4188 8260
4020 4047 8067
4164 4191 8355
4091 4126 8217
4006 4163 8169
4083 4110 8193
4178 4200 8378
4195 4198 8393
4145 4157 8302
4001 4118 8119
4006 4167 8173
4132 4164 8296
4036 4167 8203
4075 4090 8165
4193 4200 8393
4102 4149 8251
4123 4194 8317
4073 4148 8221
4074 4153 8227
4173 4190 8363
4178 4181 8359
4182 4187 8369
4068 4086 8154
4079 4105 8184
4049 4080 8129
4122 4157 8279
4016 4078 8094
4146 4161 8307
4098 4129 8227
4146 4171 8317
4190 4198 8388
4066 4149 8215
4038 4142 8180
4054 4154 8208
4071 4181 8252
4081 4120 8201
4123 4185 8308
4148 4190 8338
4166 4183 8349
4056 4076 8132
4130 4166 8296
4083 4161 8244
4176 4182 8358
4197 4200 8397
4120 4145 8265
4115 4138 8253
4105 4174 8279
4165 4170 8335
4018 4096 8114
4187 4195 8382
4112 4159 8271
4197 4200 8397
4142 4160 8302
4115 4145 8260
4101 4132 8233
4164 4196 8360
4022 4169 8191
4116 4158 8274
4072 4083 8155
4004 4173 8177
4192 4195 8387
4188 4191 8379
4181 4197 8378
4017 4038 8055
4171 4199 8370
4103 4126 8229
4143 4170 8313
4056 4146 8202
4100 4128 8228
4107 4115 8222
4081 4119 8200
4068 4075 8143
4041 4173 8214
4139 4182 8321
4148 4183 8331
4133 4188 8321
4045 4124 8169
4118 4126 8244
4109 4169 8278
4067 4136 8203
4061 4129 8190
4073 4079 8152
4062 4112 8174
4178 4200 8378

4137 4212 8333
4145 4158 8301
4167 4180 8315
4237 4284 8514
4217 4228 8419
4162 4174 8322
4176 4287 8454
4256 4300 8540
4147 4233 8362
4266 4290 8516
4122 4267 8382
4217 4250 8453
4168 4263 8413
4222 4257 8448
4126 4154 8258
4184 4191 8372
4255 4266 8513
4158 4183 8317
4177 4232 8377
4213 4240 8447
4101 4225 8299
4129 4132 8229
4183 4296 8442
4147 4197 8321
4280 4297 8557
4175 4195 8334
4288 4300 8554
4255 4262 8493
4229 4248 8474
4224 4255 8465
4164 4258 8413
4185 4235 8407
4288 4290 8577
4251 4292 8536
4227 4241 8438
4153 4235 8359
4236 4264 8468
4225 4255 8450
4239 4290 8501
4150 4250 8391
4266 4283 8544
4212 4250 8448
4213 4217 8428
4259 4274 8493
4238 4282 8513
4154 4236 8364
4160 4227 8386
4132 4197 8319
4264 4295 8537
4175 4225 8370
4280 4292 8560
4184 4224 8382
4288 4289 8568
4154 4291 8431
4179 4289 8444
4287 4300 8548
4229 4259 8475
4158 4209 8353
4266 4293 8541
4294 4298 8560
4198 4200 8371
4268 4297 8554
4295 4299 8575
4217 4283 8471
4137 4229 8353
4103 4169 8243
4140 4223 8340
4153 4174 8320
4188 4233 8405
4161 4214 8342
4103 4168 8243
4286 4294 8567
4130 4191 8292
4109 4267 8362
4220 4282 8481
4143 4221 8338
4152 4184 8307
4117 4231 8338
4234 4244 8470
4231 4252 8443
4223 4244 8431
4213 4289 8488
4178 4235 8395
4266 4283 8525
4284 4290 8544
4279 4280 8534
4260 4288 8517
4105 4160 8262
4237 4297 8504
4280 4281 8551
4100 4184 8258
4219 4267 8451
4174 4257 8415
4251 4299 8533
4125 4233 8344
4205 4266 8460
4109 4137 8242
4149 4151 8286
4244 4278 8509
4228 4247 8435
4162 4289 8435
4226 4294 8482
4175 4259 8424
4112 4235 8324
4234 4243 8451
4206 4231 8409
4183 4261 8440
4171 4199 8338
4252 4267 8485
4134 4241 8349
4282 4284 8537
4178 4237 8387
4109 4190 8288
4296 4298 8567
4261 4266 8526
4212 4297 8475
4201 4234 8428
4144 4183 8326
4298 4299 8593
4185 4222 8390
4139 4294 8419
4150 4249 8375
4270 4294 8527
4181 4208 8377
4214 4291 8477
4101 4136 8227
4238 4269 8474
4133 4189 8299
4259 4277 8535
4252 4273 8490
4281 4289 8531
4129 4210 8327
4229 4276 8502
4274 4295 8534
4192 4281 8464
4252 4267 8511
4138 4298 8420
4134 4283 8397
4253 4295 8543
4240 4248 8466
4172 4205 8355
4102 4257 8336
4201 4249 8436
4141 4278 8400
4297 4300 8593
4129 4194 8296
4299 4300 8596
4236 4275 8498
4272 4290 8549
4255 4299 8534
4293 4296 8551
4255 4270 8504
4164 4199 8336
4255 4288 8505
4199 4200 8396
4252 4271 8515
4292 4294 8569
4241 4254 8455
4177 4188 8358
4258 4290 8521
4219 4257 8461
4261 4298 8527
4276 4296 8552
4266 4268 8527
4181 4194 8352
4228 4236 8454
4218 4222 8412
4266 4274 8534
4147 4150 8264
4174 4178 8329
4199 4289 8450
4134 4226 8358
4232 4284 8503
4276 4299 8544
4183 4208 8390
4233 4299 8511
4268 4281 8542
4136 4150 8265
4202 4225 8398
4275 4296 8563
4216 4239 8424
4113 4244 8340
4204 4274 8466
4179 4201 8357
4114 4275 8356
4268 4288 8532
4160 4204 8339
4295 4296 8556
4106 4248 8351
4127 4182 8301
4247 4284 8505
4210 4226 8400
4254 4278 8531
4104 4162 8254
4133 4136 8268
4238 4270 8483
4298 4299 8580
4174 4201 8358
4245 4253 8495
4258 4274 8523
4196 4294 8454
4254 4295 8530
4293 4294 8584
4198 4234 8419
4134 4188 8314
4113 4189 8266
4284 4287 8556
4268 4285 8550
4172 4193 8333
4284 4297 8558
4130 4264 8391
4258 4279 8518
4105 4135 8231
4257 4294 8516
4256 4258 8499
4166 4296 8440
4260 4274 8510
4140 4247 8382
4233 4291 8516
4200 4235 8396
4136 4271 8380
4153 4204 8337
4153 4282 8406
4159 4212 8349
4163 4232 8379
4260 4281 8533
4132 4236 8337
4101 4182 8265
4181 4250 8406
4129 4233 8328
4193 4218 8392
4172 4203 8372
4125 4175 8297
4285 4297 8551
4159 4285 8442
4262 4282 8515
4272 4273 8519
4205 4285 8477
4248 4274 8498
4208 4242 8434
4195 4288 8446
4294 4297 8563
4285 4291 8536
4103 4230 8308
4299 4300 8584
4285 4300 8557
4201 4229 8391
4262 4283 8530
4146 4159 8298
4208 4234 8438
4114 4269 8349
4246 4299 8539
4148 4155 8298
4172 4261 8432
4253 4272 8504
4119 4145 8241
4154 4204 8338
4289 4296 8566
4297 4300 8588
4103 4263 8363
4246 4253 8492
4212 4227 8428
4277 4281 8529
4161 4163 8309
4143 4145 8287
4228 4239 8459
4261 4292 8545
4120 4287 8386
4222 4295 8514
4271 4286 8542
4154 4250 8385
4115 4149 8250
4129 4222 8318
4133 4258 8381
4249 4285 8533
4252 4298 8523
4143 4183 8311
4133 4171 8291
4183 4268 8438
4188 4277 8448
4149 4298 8415
4191 4259 8438
4203 4239 8430
4233 4252 8469
4232 4292 8522
4171 4246 8378
4171 4280 8444
4108 4139 8242
4267 4296 8546
4200 4214 8382
4163 4249 8390
4180 4218 8385
4299 4300 8585
4240 4247 8465
4106 4240 8340
4215 4291 8471
4264 4296 8538
4290 4291 8560
4175 4254 8412
4218 4294 8502
4182 4239 8397
4231 4244 8445
4139 4248 8352
4231 4291 8490
4165 4260 8398
4154 4261 8399
4280 4290 8536
4271 4279 8527
4268 4299 8559
4266 4287 8532
4210 4266 8456
4209 4275 8468
4148 4271 8392
4122 4276 8383
4219 4227 8437
4258 4292 8546
4163 4292 8429
4172 4294 8457
4229 4253 8463
4284 4293 8550
4247 4296 8512
4153 4235 8369
4115 4129 8232
4196 4285 8452
4134 4145 8258
4228 4282 8490
4288 4293 8556
4200 4272 8468
4171 4282 8416
4232 4289 8508
4156 4229 8360
4294 4299 8587
4138 4286 8406
4175 4197 8364
4235 4280 8505
4235 4242 8465
4231 4239 8436
4188 4285 8448
4248 4264 8510
4186 4270 8418
4195 4282 8474
4252 4286 8510
4217 4219 8402
4123 4202 8288
4231 4277 8479
4217 4290 8482
4124 4189 8277
4167 4229 8393
4166 4182 8332
4159 4211 8358
4170 4194 8337
4185 4258 8432
4173 4266 8400
4187 4211 8373
4209 4224 8425
4135 4204 8313
4158 4274 8420
4289 4291 8559
4119 4269 8377
4154 4256 8373
4149 4160 8299
4293 4299 8590
4205 4285 8488
4179 4266 8423
4257 4261 8505
4116 4208 8323
4138 4242 8348
4215 4288 8464
4295 4298 8577
4284 4285 8558
4202 4263 8447
4276 4300 8550
4259 4268 8526
4250 4293 8526
4270 4300 8550
4212 4273 8446
4183 4194 8374
4107 4247 8347
4220 4291 8471
4105 4171 8253
4224 4234 8426
4117 4289 8394
4169 4181 8337
4282 4291 8538
4166 4244 8377
4127 4235 8340
4253 4270 8492
4174 4244 8379
4139 4159 8260
4206 4280 8461
4295 4296 8576
4295 4300 8581
4120 4263 8374
4130 4235 8356
4266 4270 8498
4193 4201 8390
4100 4114 8196
4177 4242 8416
4168 4277 8419
4130 4229 8326
4293 4299 8570
4274 4291 8535
4269 4293 8536
4244 4293 8506
4284 4289 8541
4261 4298 8529
4223 4285 8505
4122 4195 8307
4195 4237 8414
4273 4294 8563
4292 4296 8554
4168 4221 8350
4169 4262 8430
4230 4247 8443
4131 4190 8312
4191 4291 8466
4177 4178 8349
4108 4244 8318
4126 4224 8335
4247 4275 8511
4262 4277 8509
4156 4191 8346
4104 4192 8281
4173 4196 8341
4211 4264 8448
4247 4270 8486
4163 4184 8345
4143 4194 8326
4242 4268 8506
4236 4273 8488
4108 4205 8310
4286 4297 8572
4162 4163 8314
4269 4285 8515
4187 4247 8408
4124 4273 8374
4150 4162 8292
4244 4252 8495
4165 4192 8324
4215 4267 8447
4227 4234 8440
4210 4240 8445
4235 4294 8499
4181 4208 8358
4121 4146 8232
4113 4149 8225
4152 4254 8382
4168 4272 8414
4230 4282 8511
4155 4161 8287
4190 4239 8390
4243 4275 8509
4294 4296 8560
4219 4230 8447
4297 4299 8587
4118 4167 8255
4182 4214 8393
4299 4300 8584
4296 4297 8577
4167 4199 8341
4147 4198 8341
4245 4275 8515
4272 4285 8533
4122 4127 8215
4278 4279 8535
4166 4239 8384
4138 4200 8300
4299 4300 8586
4122 4140 8256
4160 4180 8310
4143 4260 8394
4154 4184 8334
4144 4215 8340
4199 4238 8412
4291 4299 8579
4254 4270 8504
4121 4243 8341
4215 4252 8447
4191 4194 8353
4141 4210 8322
4117 4149 8247
4236 4261 8475
4283 4299 8572
4147 4193 8328
4164 4205 8363
4170 4231 8366
4219 4250 8454
4233 4288 8495
4266 4272 8502
4254 4299 8533
4176 4189 8332
4288 4290 8551
4263 4280 8508
4149 4202 8328
4298 4300 8584
4190 4262 8448
4119 4292 8377
4108 4196 8301
4251 4296 8515
4145 4275 8415
4247 4254 8486
4104 4122 8193
4167 4284 8437
4178 4259 8436
4145 4218 8347
4231 4241 8448
4242 4269 8493
4125 4262 8349
4160 4250 8400
4183 4203 8363
4170 4180 8315
4182 4191 8348
4239 4294 8524
4102 4242 8328
4190 4195 8367
4293 4297 8565
4278 4295 8558
4186 4218 8381
4278 4283 8532
4294 4295 8562
4198 4206 8394
4266 4295 8557
4196 4278 8449
4290 4297 8565
4127 4226 8340
4132 4135 8265
4123 4274 8375
4147 4163 8274
4167 4269 8426
4256 4300 8528
4198 4235 8404
4198 4238 8414
4165 4248 8390
4133 4163 8287
4275 4279 8516
4201 4240 8436
4198 4223 8419
4219 4280 8466
4153 4162 8294
4256 4287 8524
4255 4275 8524
4162 4276 8420
4135 4270 8382
4235 4276 8501
4291 4294 8564
4290 4295 8548
4271 4296 8550
4115 4274 8369
4102 4254 8339
4274 4286 8526
4274 4298 8544
4149 4230 8372
4115 4228 8314
4100 4232 8306
4156 4219 8364
4277 4285 8539
4130 4147 8254
4201 4203 8394
4106 4297 8382
4223 4245 8447
4173 4232 8378
4185 4299 8463
4163 4205 8351
4250 4263 8502
4165 4264 8405
4207 4235 8429
4164 4210 8359
4110 4272 8381
4111 4285 8389
4187 4231 8417
4264 4298 8525
4265 4289 8519
4101 4173 8250
4231 4256 8465
4199 4295 8470
4284 4297 8552
4145 4269 8381
4215 4268 8463
4134 4188 8288
4132 4235 8359
4220 4234 8437
4243 4250 8478
4270 4287 8537
4158 4198 8322
4191 4261 8445
4175 4177 8330
4104 4253 8330
4249 4300 8526
4281 4294 8548
4204 4236 8426
4241 4248 8456
4291 4295 8574
4258 4270 8523
4120 4269 8380
4274 4276 8548
4181 4189 8343
4222 4262 8473
4213 4223 8425
4130 4144 8235
4265 4271 8521
4293 4298 8575
4174 4246 8397
4127 4236 8342
4126 4201 8296
4218 4299 8494
4135 4182 8294
4266 4272 8532
4154 4227 8345
4106 4147 8243
4109 4247 8323
4194 4264 8441
4119 4276 8393
4166 4261 8399
4132 4149 8251
4292 4293 8549
4217 4262 8462
4172 4288 8431
4120 4147 8230
4264 4291 8521
4191 4226 8416
4106 4263 8330
4183 4210 8391
4278 4300 8560
4295 4298 8591
4245 4257 8481
4101 4218 8308
4106 4267 8370
4232 4264 8491
4136 4267 8369
4175 4190 8356
4293 4300 8570
4202 4249 8448
4223 4294 8503
4173 4248 8395
4174 4253 8396
4273 4290 8554
4278 4281 8542
4282 4287 8544
4168 4186 8332
4179 4205 8359
4149 4180 8320
4222 4257 8441
4116 4178 8266
4246 4261 8476
4198 4229 8403
4246 4271 8490
4290 4298 8574
4166 4249 8387
4138 4242 8371
4154 4254 8378
4171 4281 8444
4181 4220 8390
4223 4285 8492
4248 4290 8502
4266 4283 8544
4156 4176 8294
4230 4266 8477
4183 4261 8428
4276 4282 8545
4297 4300 8575
4220 4245 8433
4215 4238 8433
4205 4274 8475
4265 4270 8495
4118 4196 8309
4287 4295 8545
4212 4259 8433
4297 4300 8590
4242 4260 8501
4215 4245 8428
4201 4232 8410
4264 4296 8536
4122 4269 8364
4216 4258 8456
4172 4183 8346
4104 4273 8365
4292 4295 8573
4288 4291 8545
4281 4297 8571
4117 4138 8244
4271 4299 8541
4203 4226 8413
4243 4270 8510
4156 4246 8382
4200 4228 8390
4207 4215 8400
4181 4219 8380
4168 4175 8331
4141 4273 8378
4239 4282 8511
4248 4283 8513
4233 4288 8513
4145 4224 8351
4218 4226 8421
4209 4269 8465
4167 4236 8384
4161 4229 8360
4173 4179 8341
4162 4212 8364
4278 4300 8569

0.010000 0.630000
