900
3642779
4186 4192 8378
4108 4140 8248
4087 4092 8179
4188 4198 8386
4077 4194 8271
4023 4151 8174
4196 4199 8395
4152 4167 8319
4119 4132 8251
4075 4115 8190
4057 4157 8214
4142 4168 8310
4048 4196 8244
4090 4118 8208
4013 4153 8166
4168 4174 8342
4022 4091 8113
4174 4185 8359
4186 4194 8380
4034 4079 8113
4173 4197 8370
4147 4196 8343
4127 4169 8296
4064 4114 8178
4079 4097 8176
4191 4196 8387
4182 4196 8378
4065 4180 8245
4094 4103 8197
4036 4134 8170
4113 4194 8307
4132 4190 8322
4152 4156 8308
4113 4132 8245
4122 4176 8298
4137 4186 8323
4114 4136 8250
4109 4142 8251
4049 4069 8118
4066 4145 8211
4033 4166 8199
4197 4199 8396
4033 4040 8073
4099 4109 8208
4189 4192 8381
4159 4194 8353
4189 4191 8380
4150 4191 8341
4023 4086 8109
4199 4200 8399
4031 4113 8144
4140 4200 8340
4038 4128 8166
4193 4195 8388
4009 4092 8101
4193 4200 8393
4116 4150 8266
4031 4147 8178
4104 4176 8280
4134 4200 8334
4078 4107 8185
4093 4161 8254
4046 4085 8131
4027 4109 8136
4059 4114 8173
4042 4163 8205
4064 4152 8216
4014 4048 8062
4173 4179 8352
4074 4087 8161
4191 4193 8384
4087 4200 8287
4167 4169 8336
4009 4044 8053
4163 4180 8343
4013 4094 8107
4094 4200 8294
4009 4028 8037
4021 4065 8086
4198 4199 8397
4083 4172 8255
4071 4084 8155
4195 4198 8393
4169 4170 8339
4152 4184 8336
4042 4148 8190
4018 4092 8110
4064 4142 8206
4001 4166 8167
4142 4150 8292
4015 4178 8193
4084 4163 8247
4181 4186 8367
4039 4106 8145
4000 4152 8152
4096 4109 8205
4165 4186 8351
4016 4027 8043
4025 4120 8145
4186 4196 8382
4140 4147 8287
4094 4160 8254
4089 4093 8182
4054 4197 8251
4145 4192 8337
4192 4193 8385
4014 4113 8127
4085 4126 8211
4049 4066 8115
4065 4176 8241
4101 4171 8272
4166 4199 8365
4025 4098 8123
4040 4063 8103
4016 4191 8207
4194 4197 8391
4115 4172 8287
4079 4124 8203
4018 4075 8093
4198 4200 8398
4142 4187 8329
4091 4130 8221
4060 4167 8227
4172 4177 8349
4123 4166 8289
4098 4170 8268
4013 4075 8088
4057 4154 8211
4165 4190 8355
4019 4116 8135
4198 4200 8398
4134 4181 8315
4161 4181 8342
4065 4092 8157
4037 4105 8142
4097 4101 8198
4159 4162 8321
4161 4200 8361
4074 4133 8207
4195 4196 8391
4136 4195 8331
4142 4185 8327
4191 4195 8386
4006 4072 8078
4049 4101 8150
4130 4149 8279
4107 4126 8233
4136 4161 8297
4183 4191 8374
4079 4166 8245
4136 4194 8330
4138 4156 8294
4019 4176 8195
4110 4159 8269
4199 4200 8399
4197 4198 8395
4144 4165 8309
4007 4064 8071
4032 4038 8070
4128 4169 8297
4131 4135 8266
4073 4150 8223
4190 4200 8390
4082 4171 8253
4003 4146 8149
4004 4063 8067
4163 4169 8332
4110 4166 8276
4177 4196 8373
4004 4015 8019
4040 4093 8133
4031 4132 8163
4090 4091 8181
4072 4108 8180
4112 4144 8256
4000 4075 8075
4099 4185 8284
4195 4196 8391
4039 4083 8122
4088 4196 8284
4036 4194 8230
4098 4122 8220
4101 4121 8222
4094 4120 8214
4088 4123 8211
4103 4197 8300
4071 4155 8226
4041 4149 8190
4076 4188 8264
4029 4035 8064
4159 4182 8341
4019 4060 8079
4007 4169 8176
4172 4196 8368
4163 4175 8338
4198 4199 8397
4025 4067 8092
4014 4102 8116
4196 4197 8393
4150 4162 8312
4143 4167 8310
4042 4183 8225
4064 4086 8150
4160 4194 8354
4038 4195 8233
4176 4183 8359
4187 4191 8378
4186 4199 8385
4119 4144 8263
4165 4178 8343
4057 4086 8143
4061 4145 8206
4146 4168 8314
4017 4027 8044
4072 4145 8217
4168 4195 8363
4078 4095 8173
4047 4105 8152
4100 4198 8298
4158 4161 8319
4175 4186 8361
4140 4166 8306
4035 4160 8195
4066 4152 8218
4177 4198 8375
4011 4107 8118
4018 4065 8083
4097 4137 8234
4077 4115 8192
4015 4139 8154
4127 4199 8326
4096 4181 8277
4106 4120 8226
4034 4067 8101
4042 4055 8097
4063 4092 8155
4198 4199 8397
4061 4156 8217
4038 4155 8193
4102 4157 8259
4101 4126 8227
4072 4175 8247
4196 4200 8396
4174 4178 8352
4073 4084 8157
4035 4167 8202
4042 4131 8173
4089 4197 8286
4091 4153 8244
4117 4175 8292
4127 4130 8257
4118 4145 8263
4090 4150 8240
4077 4129 8206
4131 4167 8298
4071 4105 8176
4033 4190 8223
4190 4194 8384
4013 4056 8069
4037 4080 8117
4166 4180 8346
4152 4179 8331
4150 4197 8347
4062 4184 8246
4120 4168 8288
4076 4107 8183
4020 4140 8160
4164 4168 8332
4113 4116 8229
4151 4186 8337
4153 4159 8312
4178 4184 8362
4005 4015 8020
4146 4151 8297
4166 4198 8364
4058 4146 8204
4170 4189 8359
4137 4182 8319
4170 4193 8363
4017 4176 8193
4104 4165 8269
4162 4171 8333
4072 4133 8205
4167 4194 8361
4187 4199 8386
4023 4095 8118
4184 4196 8380
4096 4101 8197
4143 4144 8287
4110 4194 8304
4188 4194 8382
4056 4165 8221
4188 4190 8378
4016 4061 8077
4086 4127 8213
4054 4148 8202
4051 4156 8207
4033 4128 8161
4129 4172 8301
4031 4123 8154
4183 4197 8380
4127 4198 8325
4117 4178 8295
4038 4185 8223
4103 4135 8238
4093 4127 8220
4063 4147 8210
4122 4130 8252
4179 4199 8378
4025 4087 8112
4145 4153 8298
4104 4108 8212
4102 4104 8206
4196 4197 8393
4038 4078 8116
4161 4187 8348
4131 4135 8266
4018 4028 8046
4097 4192 8289
4031 4163 8194
4180 4196 8376
4042 4163 8205
4127 4150 8277
4035 4131 8166
4167 4171 8338
4159 4181 8340
4161 4166 8327
4105 4120 8225
4137 4141 8278
4040 4052 8092
4047 4180 8227
4144 4160 8304
4128 4144 8272
4188 4198 8386
4018 4069 8087
4172 4178 8350
4171 4180 8351
4120 4121 8241
4001 4110 8111
4086 4103 8189
4101 4160 8261
4061 4131 8192
4191 4199 8390
4134 4158 8292
4043 4161 8204
4109 4133 8242
4146 4152 8298
4006 4146 8152
4139 4149 8288
4054 4164 8218
4103 4137 8240
4090 4122 8212
4158 4159 8317
4131 4185 8316
4133 4189 8322
4166 4170 8336
4079 4195 8274
4014 4072 8086
4063 4129 8192
4079 4130 8209
4156 4184 8340
4169 4170 8339
4134 4165 8299
4063 4183 8246
4132 4136 8268
4118 4153 8271
4071 4102 8173
4026 4200 8226
4162 4165 8327
4036 4192 8228
4169 4181 8350
4150 4200 8350
4161 4172 8333
4188 4191 8379
4195 4199 8394
4146 4163 8309
4193 4198 8391
4021 4065 8086
4163 4188 8351
4180 4198 8378
4153 4182 8335
4044 4146 8190
4105 4194 8299
4089 4096 8185
4030 4121 8151
4183 4185 8368
4158 4184 8342
4088 4108 8196
4060 4065 8125
4036 4197 8233
4048 4187 8235
4064 4169 8233
4026 4186 8212
4060 4165 8225
4167 4184 8351
4123 4174 8297
4163 4194 8357
4189 4191 8380
4061 4094 8155
4178 4196 8374
4098 4105 8203
4120 4142 8262
4082 4155 8237
4057 4073 8130
4070 4157 8227
4071 4172 8243
4077 4082 8159
4181 4187 8368
4191 4200 8391
4026 4157 8183
4106 4109 8215
4045 4196 8241
4007 4125 8132
4051 4174 8225
4001 4098 8099
4134 4161 8295
4029 4128 8157
4184 4193 8377
4035 4109 8144
4051 4093 8144
4038 4042 8080
4065 4092 8157
4099 4166 8265
4180 4199 8379
4077 4192 8269
4026 4106 8132
4170 4174 8344
4173 4190 8363
4085 4155 8240
4194 4197 8391
4035 4166 8201
4066 4141 8207
4149 4155 8304
4156 4167 8323
4025 4065 8090
4097 4178 8275
4003 4080 8083
4061 4156 8217
4190 4200 8390
4071 4150 8221
4148 4171 8319
4054 4160 8214
4111 4123 8234
4135 4157 8292
4092 4145 8237
4196 4198 8394
4156 4173 8329
4128 4154 8282
4121 4169 8290
4150 4169 8319
4180 4186 8366
4181 4183 8364
4197 4199 8396
4030 4145 8175
4136 4177 8313
4106 4122 8228
4140 4178 8318
4114 4119 8233
4150 4199 8349
4005 4169 8174
4050 4157 8207
4044 4066 8110
4010 4011 8021
4187 4199 8386
4049 4125 8174
4129 4176 8305
4177 4186 8363
4100 4120 8220
4154 4193 8347
4126 4186 8312
4022 4176 8198
4176 4191 8367
4090 4153 8243
4105 4195 8300
4089 4200 8289
4067 4118 8185
4119 4148 8267
4150 4154 8304
4068 4180 8248
4134 4153 8287
4084 4193 8277
4199 4200 8399
4192 4193 8385
4183 4184 8367
4177 4197 8374
4009 4149 8158
4112 4168 8280
4052 4159 8211
4023 4181 8204
4141 4161 8302
4132 4157 8289
4091 4101 8192
4066 4170 8236
4004 4109 8113
4098 4156 8254
4004 4148 8152
4184 4195 8379
4061 4069 8130
4192 4193 8385
4147 4200 8347
4178 4195 8373
4027 4037 8064
4021 4102 8123
4184 4198 8382
4008 4127 8135
4145 4150 8295
4072 4153 8225
4000 4025 8025
4098 4106 8204
4001 4052 8053
4033 4086 8119
4009 4143 8152
4100 4123 8223
4093 4169 8262
4184 4193 8377
4177 4199 8376
4011 4108 8119
4005 4055 8060
4043 4119 8162
4152 4193 8345
4173 4199 8372
4162 4165 8327
4020 4167 8187
4046 4135 8181
4102 4121 8223
4024 4044 8068
4178 4179 8357
4175 4177 8352
4104 4108 8212
4178 4193 8371
4142 4167 8309
4126 4183 8309
4051 4125 8176
4170 4190 8360
4169 4178 8347
4014 4028 8042
4070 4099 8169
4048 4167 8215
4109 4197 8306
4040 4048 8088
4020 4150 8170
4197 4199 8396
4178 4183 8361
4041 4177 8218
4163 4187 8350
4056 4090 8146
4019 4131 8150
4123 4168 8291
4121 4178 8299
4103 4158 8261
4112 4176 8288
4070 4196 8266
4048 4151 8199
4097 4111 8208
4069 4191 8260
4064 4151 8215
4148 4184 8332
4042 4095 8137
4194 4197 8391
4146 4192 8338
4107 4117 8224
4176 4182 8358
4180 4194 8374
4036 4039 8075
4172 4181 8353
4022 4176 8198
4117 4177 8294
4075 4194 8269
4188 4194 8382
4022 4165 8187
4192 4193 8385
4001 4181 8182
4141 4142 8283
4067 4124 8191
4000 4023 8023
4078 4130 8208
4072 4192 8264
4118 4183 8301
4042 4054 8096
4092 4173 8265
4052 4200 8252
4177 4185 8362
4032 4152 8184
4000 4066 8066
4143 4163 8306
4010 4122 8132
4079 4193 8272
4183 4192 8375
4086 4159 8245
4050 4095 8145
4059 4078 8137
4030 4069 8099
4128 4165 8293
4086 4154 8240
4010 4087 8097
4127 4197 8324
4103 4150 8253
4164 4178 8342
4111 4130 8241
4144 4175 8319
4010 4084 8094
4145 4148 8293
4000 4143 8143
4180 4189 8369
4037 4060 8097
4162 4167 8329
4091 4185 8276
4127 4190 8317
4162 4199 8361
4081 4103 8184
4148 4158 8306
4174 4177 8351
4109 4165 8274
4186 4189 8375
4186 4195 8381
4029 4143 8172
4162 4200 8362
4062 4173 8235
4107 4198 8305
4188 4193 8381
4154 4187 8341
4023 4191 8214
4013 4183 8196
4003 4062 8065
4175 4184 8359
4108 4181 8289
4183 4198 8381
4053 4191 8244
4091 4162 8253
4166 4194 8360
4199 4200 8399
4018 4035 8053
4160 4181 8341
4099 4179 8278
4094 4155 8249
4049 4079 8128
4140 4141 8281
4018 4147 8165
4009 4027 8036
4030 4151 8181
4051 4136 8187
4112 4188 8300
4146 4181 8327
4127 4153 8280
4186 4198 8384
4010 4177 8187
4151 4187 8338
4004 4166 8170
4050 4154 8204
4188 4190 8378
4017 4145 8162
4007 4011 8018
4082 4166 8248
4193 4196 8389
4199 4200 8399
4065 4107 8172
4000 4085 8085
4082 4096 8178
4036 4182 8218
4151 4193 8344
4177 4182 8359
4019 4160 8179
4127 4167 8294
4196 4200 8396
4070 4166 8236
4003 4081 8084
4050 4080 8130
4024 4069 8093
4178 4194 8372
4028 4200 8228
4013 4052 8065
4081 4139 8220
4090 4112 8202
4020 4111 8131
4028 4122 8150
4128 4199 8327
4101 4163 8264
4114 4198 8312
4006 4063 8069
4038 4059 8097
4157 4178 8335
4188 4194 8382
4128 4199 8327
4144 4181 8325
4188 4189 8377
4008 4157 8165
4058 4069 8127
4112 4155 8267
4059 4159 8218
4081 4171 8252
4048 4108 8156
4133 4142 8275
4023 4113 8136
4195 4196 8391
4036 4040 8076
4101 4154 8255
4044 4139 8183
4042 4085 8127
4123 4170 8293
4169 4183 8352
4031 4166 8197
4199 4200 8399
4125 4150 8275
4177 4200 8377
4007 4028 8035
4180 4189 8369
4169 4193 8362
4129 4176 8305
4197 4198 8395
4153 4186 8339
4096 4101 8197
4067 4184 8251
4108 4174 8282
4071 4196 8267
4105 4153 8258
4086 4187 8273
4154 4162 8316
4172 4181 8353
4061 4163 8224
4167 4184 8351
4016 4116 8132
4184 4190 8374
4020 4172 8192
4190 4200 8390
4150 4155 8305
4127 4148 8275
4073 4124 8197
4052 4147 8199
4163 4164 8327
4143 4183 8326
4153 4182 8335
4155 4161 8316
4139 4174 8313
4195 4196 8391
4170 4193 8363
4038 4190 8228
4138 4155 8293
4136 4138 8274
4057 4102 8159
4025 4171 8196
4073 4193 8266
4064 4106 8170
4197 4199 8396
4059 4074 8133
4103 4149 8252
4076 4107 8183
4195 4198 8393
4194 4198 8392
4011 4107 8118
4110 4120 8230
4081 4096 8177
4119 4188 8307
4079 4097 8176
4103 4189 8292
4000 4093 8093
4060 4109 8169
4102 4191 8293
4062 4168 8230
4011 4059 8070
4130 4180 8310
4177 4199 8376
4130 4194 8324
4133 4194 8327
4135 4143 8278
4199 4200 8399
4033 4114 8147
4099 4141 8240
4015 4038 8053
4091 4113 8204
4104 4130 8234
4134 4151 8285
4162 4163 8325
4051 4141 8192
4037 4082 8119
4116 4177 8293
4173 4185 8358
4151 4163 8314
4051 4069 8120
4063 4077 8140
4076 4183 8259
4151 4172 8323
4030 4106 8136
4190 4198 8388
4080 4106 8186
4024 4186 8210
4191 4200 8391
4051 4117 8168
4157 4180 8337
4184 4189 8373
4168 4186 8354
4061 4193 8254
4143 4149 8292
4015 4110 8125
4035 4101 8136
4199 4200 8399
4173 4180 8353
4097 4195 8292
4080 4122 8202
4001 4198 8199
4086 4117 8203
4051 4146 8197
4005 4167 8172
4117 4188 8305
4090 4189 8279
4082 4111 8193
4154 4199 8353
4061 4168 8229
4067 4195 8262
4162 4182 8344
4045 4159 8204
4020 4180 8200
4052 4113 8165
4157 4192 8349
4026 4032 8058
4123 4190 8313
4194 4200 8394
4107 4117 8224
4199 4200 8399
4117 4122 8239
4106 4165 8271
4186 4191 8377
4102 4193 8295
4029 4134 8163
4195 4198 8393
4078 4170 8248
4027 4179 8206
4038 4181 8219
4109 4165 8274
4179 4190 8369
4128 4171 8299
4195 4197 8392
4057 4180 8237
4104 4123 8227
4158 4160 8318
4081 4186 8267
4010 4163 8173
4134 4139 8273
4079 4132 8211
4074 4184 8258
4123 4192 8315
4026 4133 8159
4041 4108 8149
4163 4192 8355
4018 4025 8043
4071 4149 8220
4116 4180 8296
4080 4165 8245
4029 4184 8213
4088 4152 8240
4119 4121 8240
4095 4196 8291
4179 4185 8364
4093 4145 8238
4103 4176 8279
4051 4129 8180
4150 4157 8307
4140 4188 8328
4105 4170 8275
4019 4121 8140
4063 4133 8196
4179 4197 8376
4018 4028 8046
4066 4197 8263
4129 4196 8325
4019 4069 8088
4123 4145 8268
4008 4139 8147
4130 4143 8273
4103 4104 8207
4194 4197 8391
4025 4084 8109
4022 4072 8094
4037 4138 8175
4127 4185 8312
4068 4173 8241
4150 4178 8328
4020 4178 8198
4035 4128 8163
4167 4195 8362
4152 4187 8339
4168 4173 8341
4175 4200 8375
4161 4171 8332
4192 4199 8391
4178 4184 8362
4099 4138 8237
4136 4141 8277
4167 4177 8344
4083 4156 8239
4013 4082 8095
4093 4144 8237
4098 4100 8198
4123 4135 8258
4044 4141 8185
4197 4200 8397
4198 4199 8397
4164 4172 8336
4061 4153 8214
4034 4039 8073
4137 4179 8316

4286 4292 8547
4208 4240 8443
4187 4192 8345
4288 4298 8546
4177 4294 8463
4123 4251 8335
4296 4299 8584
4252 4267 8505
4219 4232 8443
4175 4215 8363
4157 4257 8410
4242 4268 8480
4148 4296 8409
4190 4218 8392
4113 4253 8362
4268 4274 8540
4122 4191 8274
4274 4285 8533
4286 4294 8556
4134 4179 8302
4273 4297 8541
4247 4296 8542
4227 4269 8491
4164 4214 8339
4179 4197 8348
4291 4296 8580
4282 4296 8547
4165 4280 8444
4194 4203 8383
4136 4234 8358
4213 4294 8494
4232 4290 8511
4252 4256 8499
4213 4232 8430
4222 4276 8460
4237 4286 8517
4214 4236 8423
4209 4242 8441
4149 4169 8284
4166 4245 8383
4133 4266 8388
4297 4299 8565
4133 4140 8240
4199 4209 8371
4289 4292 8555
4259 4294 8524
4289 4291 8543
4250 4291 8515
4123 4186 8287
4299 4300 8560
4131 4213 8316
4240 4300 8510
4138 4228 8335
4293 4295 8554
4109 4192 8281
4293 4300 8564
4216 4250 8447
4131 4247 8369
4204 4276 8443
4234 4300 8504
4178 4207 8374
4193 4261 8445
4146 4185 8315
4127 4209 8332
4159 4214 8363
4142 4263 8393
4164 4252 8402
4114 4148 8228
4273 4279 8550
4174 4187 8335
4291 4293 8550
4187 4300 8462
4267 4269 8525
4109 4144 8227
4263 4280 8537
4113 4194 8274
4194 4300 8457
4109 4128 8220
4121 4165 8263
4298 4299 8578
4183 4272 8429
4171 4184 8344
4295 4298 8582
4269 4270 8533
4252 4284 8507
4142 4248 8378
4118 4192 8280
4164 4242 8397
4101 4266 8363
4242 4250 8481
4115 4278 8385
4184 4263 8432
4281 4286 8535
4139 4206 8344
4100 4252 8321
4196 4209 8374
4265 4286 8542
4116 4127 8224
4125 4220 8328
4286 4296 8549
4240 4247 8467
4194 4260 8445
4189 4193 8362
4154 4297 8435
4245 4292 8516
4292 4293 8580
4114 4213 8306
4185 4226 8387
4149 4166 8302
4165 4276 8436
4201 4271 8464
4266 4299 8528
4125 4198 8299
4140 4163 8289
4116 4291 8388
4294 4297 8555
4215 4272 8472
4179 4224 8370
4118 4175 8257
4298 4300 8580
4242 4287 8511
4191 4230 8406
4160 4267 8397
4272 4277 8548
4223 4266 8467
4198 4270 8440
4113 4175 8287
4157 4254 8392
4265 4290 8547
4119 4216 8306
4298 4300 8591
4234 4281 8511
4261 4281 8518
4165 4192 8349
4137 4205 8334
4197 4201 8388
4259 4262 8510
4261 4300 8525
4174 4233 8386
4295 4296 8582
4236 4295 8513
4242 4285 8494
4291 4295 8584
4106 4172 8265
4149 4201 8338
4230 4249 8449
4207 4226 8404
4236 4261 8482
4283 4291 8543
4179 4266 8419
4236 4294 8508
4238 4256 8462
4119 4276 8383
4210 4259 8456
4299 4300 8565
4297 4298 8585
4244 4265 8480
4107 4164 8251
4132 4138 8240
4228 4269 8484
4231 4235 8443
4173 4250 8397
4290 4300 8575
4182 4271 8439
4103 4246 8343
4104 4163 8259
4263 4269 8523
4210 4266 8442
4277 4296 8545
4104 4115 8205
4140 4193 8295
4131 4232 8332
4190 4191 8378
4172 4208 8379
4212 4244 8450
4100 4175 8264
4199 4285 8467
4295 4296 8583
4139 4183 8295
4188 4296 8482
4136 4294 8420
4198 4222 8393
4201 4221 8405
4194 4220 8397
4188 4223 8382
4203 4297 8476
4171 4255 8411
4141 4249 8370
4176 4288 8428
4129 4135 8252
4259 4282 8508
4119 4160 8260
4107 4269 8371
4272 4296 8536
4263 4275 8499
4298 4299 8572
4125 4167 8290
4114 4202 8295
4296 4297 8564
4250 4262 8484
4243 4267 8477
4142 4283 8408
4164 4186 8319
4260 4294 8549
4138 4295 8396
4276 4283 8542
4287 4291 8572
4286 4299 8548
4219 4244 8434
4265 4278 8504
4157 4186 8317
4161 4245 8403
4246 4268 8511
4117 4127 8229
4172 4245 8389
4268 4295 8550
4178 4195 8336
4147 4205 8316
4200 4298 8488
4258 4261 8515
4275 4286 8532
4240 4266 8475
4135 4260 8375
4166 4252 8382
4277 4298 8572
4111 4207 8315
4118 4165 8247
4197 4237 8413
4177 4215 8388
4115 4239 8331
4227 4299 8499
4196 4281 8458
4206 4220 8409
4134 4167 8287
4142 4155 8266
4163 4192 8353
4298 4299 8595
4161 4256 8393
4138 4255 8354
4202 4257 8458
4201 4226 8424
4172 4275 8419
4296 4300 8582
4274 4278 8516
4173 4184 8321
4135 4267 8394
4142 4231 8355
4189 4297 8448
4191 4253 8439
4217 4275 8463
4227 4230 8430
4218 4245 8443
4190 4250 8434
4177 4229 8379
4231 4267 8481
4171 4205 8346
4133 4290 8391
4290 4294 8565
4113 4156 8256
4137 4180 8289
4266 4280 8514
4252 4279 8519
4250 4297 8546
4162 4284 8438
4220 4268 8467
4176 4207 8374
4120 4240 8347
4264 4268 8493
4213 4216 8391
4251 4286 8527
4253 4259 8482
4278 4284 8548
4105 4115 8199
4246 4251 8484
4266 4298 8547
4158 4246 8377
4270 4289 8542
4237 4282 8484
4270 4293 8549
4117 4276 8358
4204 4265 8432
4262 4271 8503
4172 4233 8375
4267 4294 8541
4287 4299 8564
4123 4195 8317
4284 4296 8578
4196 4201 8365
4243 4244 8451
4210 4294 8466
4288 4294 8543
4156 4265 8389
4288 4290 8554
4116 4161 8240
4186 4227 8401
4154 4248 8397
4151 4256 8372
4133 4228 8335
4229 4272 8468
4131 4223 8329
4283 4297 8550
4227 4298 8486
4217 4278 8472
4138 4285 8419
4203 4235 8430
4193 4227 8400
4163 4247 8384
4222 4230 8446
4279 4299 8561
4125 4187 8278
4245 4253 8469
4204 4208 8379
4202 4204 8405
4296 4297 8571
4138 4178 8305
4261 4287 8536
4231 4235 8459
4118 4128 8236
4197 4292 8452
4131 4263 8357
4280 4296 8565
4142 4263 8390
4227 4250 8446
4135 4231 8332
4267 4271 8535
4259 4281 8520
4261 4266 8496
4205 4220 8404
4237 4241 8440
4140 4152 8267
4147 4280 8412
4244 4260 8503
4228 4244 8446
4288 4298 8550
4118 4169 8273
4272 4278 8548
4271 4280 8520
4220 4221 8425
4101 4210 8273
4186 4203 8370
4201 4260 8445
4161 4231 8382
4291 4299 8574
4234 4258 8484
4143 4261 8384
4209 4233 8420
4246 4252 8479
4106 4246 8323
4239 4249 8463
4154 4264 8401
4203 4237 8405
4190 4222 8375
4258 4259 8482
4231 4285 8476
4233 4289 8508
4266 4270 8531
4179 4295 8460
4114 4172 8279
4163 4229 8368
4179 4230 8380
4256 4284 8536
4269 4270 8528
4234 4265 8498
4163 4283 8442
4232 4236 8441
4218 4253 8438
4171 4202 8366
4126 4300 8401
4262 4265 8500
4136 4292 8393
4269 4281 8532
4250 4300 8511
4261 4272 8520
4288 4291 8560
4295 4299 8562
4246 4263 8484
4293 4298 8552
4121 4165 8276
4263 4288 8531
4280 4298 8560
4253 4282 8508
4144 4246 8387
4205 4294 8481
4189 4196 8373
4130 4221 8317
4283 4285 8561
4258 4284 8512
4188 4208 8378
4160 4165 8292
4136 4297 8420
4148 4287 8419
4164 4269 8421
4126 4286 8409
4160 4265 8391
4267 4284 8539
4223 4274 8464
4263 4294 8540
4289 4291 8573
4161 4194 8316
4278 4296 8565
4198 4205 8365
4220 4242 8423
4182 4255 8424
4157 4173 8323
4170 4257 8395
4171 4272 8407
4177 4182 8353
4281 4287 8531
4291 4300 8590
4126 4257 8358
4206 4209 8404
4145 4296 8411
4107 4225 8299
4151 4274 8410
4101 4198 8268
4234 4261 8494
4129 4228 8343
4284 4293 8563
4135 4209 8334
4151 4193 8332
4138 4142 8243
4165 4192 8325
4199 4266 8442
4280 4299 8561
4177 4292 8448
4126 4206 8327
4270 4274 8519
4273 4290 8525
4185 4255 8412
4294 4297 8555
4135 4266 8384
4166 4241 8402
4249 4255 8493
4256 4267 8497
4125 4165 8282
4197 4278 8438
4103 4180 8254
4161 4256 8379
4290 4300 8574
4171 4250 8418
4248 4271 8516
4154 4260 8396
4211 4223 8411
4235 4257 8485
4192 4245 8400
4296 4298 8562
4256 4273 8509
4228 4254 8445
4221 4269 8477
4250 4269 8504
4280 4286 8529
4281 4283 8550
4297 4299 8590
4130 4245 8341
4236 4277 8489
4206 4222 8427
4240 4278 8515
4214 4219 8416
4250 4299 8541
4105 4269 8372
4150 4257 8406
4144 4166 8300
4110 4111 8208
4287 4299 8576
4149 4225 8373
4229 4276 8478
4277 4286 8525
4200 4220 8401
4254 4293 8520
4226 4286 8497
4122 4276 8387
4276 4291 8530
4190 4253 8413
4205 4295 8473
4189 4300 8488
4167 4218 8357
4219 4248 8463
4250 4254 8503
4168 4280 8428
4234 4253 8474
4184 4293 8462
4299 4300 8573
4292 4293 8564
4283 4284 8539
4277 4297 8537
4109 4249 8335
4212 4268 8475
4152 4259 8380
4123 4281 8377
4241 4261 8499
4232 4257 8449
4191 4201 8381
4166 4270 8412
4104 4209 8305
4198 4256 8429
4104 4248 8345
4284 4295 8562
4161 4169 8309
4292 4293 8565
4247 4300 8510
4278 4295 8539
4127 4137 8233
4121 4202 8289
4284 4298 8548
4108 4227 8328
4245 4250 8465
4172 4253 8405
4100 4125 8186
4198 4206 8385
4101 4152 8228
4133 4186 8313
4109 4243 8336
4200 4223 8404
4193 4269 8458
4284 4293 8557
4277 4299 8572
4111 4208 8281
4105 4155 8237
4143 4219 8360
4252 4293 8526
4273 4299 8543
4262 4265 8502
4120 4267 8369
4146 4235 8351
4202 4221 8397
4124 4144 8250
4278 4279 8529
4275 4277 8514
4204 4208 8396
4278 4293 8551
4242 4267 8503
4226 4283 8504
4151 4225 8359
4270 4290 8542
4269 4278 8543
4114 4128 8227
4170 4199 8348
4148 4267 8405
4209 4297 8472
4140 4148 8265
4120 4250 8360
4297 4299 8557
4278 4283 8549
4141 4277 8412
4263 4287 8523
4156 4190 8335
4119 4231 8321
4223 4268 8485
4221 4278 8482
4203 4258 8449
4212 4276 8455
4170 4296 8455
4148 4251 8365
4197 4211 8386
4169 4291 8424
4164 4251 8391
4248 4284 8502
4142 4195 8316
4294 4297 8563
4246 4292 8505
4207 4217 8395
4276 4282 8546
4280 4294 8545
4136 4139 8265
4272 4281 8525
4122 4276 8375
4217 4277 8460
4175 4294 8450
4288 4294 8571
4122 4265 8348
4292 4293 8571
4101 4281 8379
4241 4242 8450
4167 4224 8359
4100 4123 8193
4178 4230 8391
4172 4292 8449
4218 4283 8462
4142 4154 8294
4192 4273 8439
4152 4300 8417
4277 4285 8533
4132 4252 8361
4100 4166 8232
4243 4263 8484
4110 4222 8310
4179 4293 8454
4283 4292 8550
4186 4259 8432
4150 4195 8308
4159 4178 8315
4130 4169 8287
4228 4265 8454
4186 4254 8436
4110 4187 8287
4227 4297 8494
4203 4250 8439
4264 4278 8537
4211 4230 8412
4244 4275 8505
4110 4184 8289
4245 4248 8465
4100 4243 8326
4280 4289 8551
4137 4160 8263
4262 4267 8491
4191 4285 8438
4227 4290 8480
4262 4299 8535
4181 4203 8358
4248 4258 8496
4274 4277 8513
4209 4265 8434
4286 4289 8555
4286 4295 8556
4129 4243 8370
4262 4300 8555
4162 4273 8412
4207 4298 8490
4288 4293 8568
4254 4287 8523
4123 4291 8392
4113 4283 8374
4103 4162 8231
4275 4284 8520
4208 4281 8453
4283 4298 8544
4153 4291 8412
4191 4262 8452
4266 4294 8546
4299 4300 8562
4118 4135 8245
4260 4281 8525
4199 4279 8463
4194 4255 8436
4149 4179 8292
4240 4241 8453
4118 4247 8331
4109 4127 8235
4130 4251 8342
4151 4236 8377
4212 4288 8485
4246 4281 8501
4227 4253 8467
4286 4298 8573
4110 4277 8359
4251 4287 8528
4104 4266 8340
4150 4254 8373
4288 4290 8577
4117 4245 8350
4107 4111 8205
4182 4266 8415
4293 4296 8580
4299 4300 8570
4165 4207 8360
4100 4185 8254
4182 4196 8372
4136 4282 8415
4251 4293 8515
4277 4282 8529
4119 4260 8376
4227 4267 8461
4296 4300 8581
4170 4266 8425
4103 4181 8252
4150 4180 8324
4124 4169 8282
4278 4294 8562
4128 4300 8412
4113 4152 8238
4181 4239 8407
4190 4212 8372
4120 4211 8301
4128 4222 8338
4228 4299 8498
4201 4263 8431
4214 4298 8500
4106 4163 8242
4138 4159 8276
4257 4278 8515
4288 4294 8575
4228 4299 8505
4244 4281 8510
4288 4289 8545
4108 4257 8356
4158 4169 8311
4212 4255 8431
4159 4259 8392
4181 4271 8423
4148 4208 8342
4233 4242 8450
4123 4213 8303
4295 4296 8584
4136 4140 8267
4201 4254 8444
4144 4239 8350
4142 4185 8304
4223 4270 8489
4269 4283 8513
4131 4266 8391
4299 4300 8579
4225 4250 8448
4277 4300 8574
4107 4128 8207
4280 4289 8567
4269 4293 8546
4229 4276 8482
4297 4298 8587
4253 4286 8517
4196 4201 8365
4167 4284 8438
4208 4274 8466
4171 4296 8450
4205 4253 8422
4186 4287 8439
4254 4262 8490
4272 4281 8522
4161 4263 8398
4267 4284 8540
4116 4216 8331
4284 4290 8571
4120 4272 8370
4290 4300 8587
4250 4255 8481
4227 4248 8461
4173 4224 8380
4152 4247 8361
4263 4264 8512
4243 4283 8503
4253 4282 8521
4255 4261 8514
4239 4274 8482
4295 4296 8553
4270 4293 8548
4138 4290 8399
4238 4255 8462
4236 4238 8468
4157 4202 8330
4125 4271 8392
4173 4293 8445
4164 4206 8332
4297 4299 8577
4159 4174 8312
4203 4249 8421
4176 4207 8378
4295 4298 8557
4294 4298 8583
4111 4207 8291
4210 4220 8399
4181 4196 8364
4219 4288 8489
4179 4197 8351
4203 4289 8458
4100 4193 8260
4160 4209 8330
4202 4291 8459
4162 4268 8406
4111 4159 8240
4230 4280 8483
4277 4299 8557
4230 4294 8496
4233 4294 8520
4235 4243 8464
4299 4300 8576
4133 4214 8334
4199 4241 8438
4115 4138 8230
4191 4213 8368
4204 4230 8431
4234 4251 8463
4262 4263 8517
4151 4241 8373
4137 4182 8296
4216 4277 8461
4273 4285 8526
4251 4263 8504
4151 4169 8294
4163 4177 8311
4176 4283 8422
4251 4272 8512
4130 4206 8306
4290 4298 8566
4180 4206 8385
4124 4286 8390
4291 4300 8568
4151 4217 8360
4257 4280 8513
4284 4289 8546
4268 4286 8534
4161 4293 8437
4243 4249 8484
4115 4210 8290
4135 4201 8331
4299 4300 8562
4273 4280 8520
4197 4295 8481
4180 4222 8396
4101 4298 8386
4186 4217 8382
4151 4246 8359
4105 4267 8344
4217 4288 8492
4190 4289 8477
4182 4211 8358
4254 4299 8521
4161 4268 8400
4167 4295 8458
4262 4282 8512
4145 4259 8383
4120 4280 8394
4152 4213 8334
4257 4292 8531
4126 4132 8257
4223 4290 8492
4294 4300 8592
4207 4217 8386
4299 4300 8559
4217 4222 8433
4206 4265 8460
4286 4291 8566
4202 4293 8461
4129 4234 8336
4295 4298 8570
4178 4270 8434
4127 4279 8383
4138 4281 8414
4209 4265 8463
4279 4290 8562
4228 4271 8460
4295 4297 8583
4157 4280 8410
4204 4223 8423
4258 4260 8486
4181 4286 8432
4110 4263 8335
4234 4239 8441
4179 4232 8391
4174 4284 8455
4223 4292 8499
4126 4233 8321
4141 4208 8337
4263 4292 8554
4118 4125 8207
4171 4249 8414
4216 4280 8458
4180 4265 8436
4129 4284 8384
4188 4252 8429
4219 4221 8417
4195 4296 8454
4279 4285 8536
4193 4245 8417
4203 4276 8468
4151 4229 8355
4250 4257 8483
4240 4288 8509
4205 4270 8453
4119 4221 8319
4163 4233 8369
4279 4297 8553
4118 4128 8215
4166 4297 8447
4229 4296 8510
4119 4169 8265
4223 4245 8451
4108 4239 8334
4230 4243 8470
4203 4204 8395
4294 4297 8589
4125 4184 8270
4122 4172 8276
4137 4238 8367
4227 4285 8499
4168 4273 8440
4250 4278 8489
4120 4278 8370
4135 4228 8344
4267 4295 8525
4252 4287 8517
4268 4273 8503
4275 4300 8556
4261 4271 8527
4292 4299 8565
4278 4284 8525
4199 4238 8415
4236 4241 8440
4267 4277 8531
4183 4256 8415
4113 4182 8269
4193 4244 8406
4198 4200 8395
4223 4235 8418
4144 4241 8347
4297 4300 8583
4298 4299 8561
4264 4272 8500
4161 4253 8383
4134 4139 8264
4237 4279 8509

0.010000 0.480000
