100
531305
4071 4085 8156
4051 4116 8167
4010 4049 8059
4101 4187 8288
4120 4176 8296
4076 4130 8206
4102 4152 8254
4055 4195 8250
4163 4169 8332
4089 4105 8194
4190 4200 8390
4154 4157 8311
4143 4179 8322
4033 4194 8227
4038 4124 8162
4024 4088 8112
4089 4112 8201
4076 4091 8167
4190 4197 8387
4128 4138 8266
4124 4127 8251
4014 4157 8171
4025 4100 8125
4080 4108 8188
4043 4077 8120
4182 4187 8369
4184 4192 8376
4026 4130 8156
4108 4159 8267
4143 4154 8297
4160 4181 8341
4190 4195 8385
4072 4194 8266
4054 4178 8232
4145 4169 8314
4128 4198 8326
4192 4195 8387
4196 4198 8394
4057 4176 8233
4146 4159 8305
4027 4102 8129
4086 4153 8239
4113 4124 8237
4132 4188 8320
4126 4179 8305
4131 4147 8278
4197 4200 8397
4162 4167 8329
4090 4123 8213
4005 4167 8172
4098 4193 8291
4015 4200 8215
4013 4067 8080
4091 4158 8249
4148 4199 8347
4168 4200 8368
4146 4157 8303
4100 4141 8241
4102 4118 8220
4196 4197 8393
4051 4116 8167
4160 4189 8349
4094 4155 8249
4049 4054 8103
4113 4179 8292
4068 4154 8222
4048 4154 8202
4097 4134 8231
4081 4134 8215
4195 4197 8392
4057 4161 8218
4070 4097 8167
4097 4157 8254
4156 4190 8346
4199 4200 8399
4131 4161 8292
4019 4128 8147
4001 4158 8159
4184 4188 8372
4149 4169 8318
4081 4099 8180
4013 4182 8195
4073 4192 8265
4009 4045 8054
4170 4182 8352
4026 4085 8111
4120 4166 8286
4199 4200 8399
4045 4104 8149
4024 4078 8102
4052 4121 8173
4166 4178 8344
4012 4138 8150
4121 4146 8267
4131 4197 8328
4121 4189 8310
4107 4129 8236
4141 4196 8337
4028 4131 8159
4089 4117 8206

4171 4185 8336
4151 4216 8356
4110 4149 8228
4201 4287 8475
4220 4276 8493
4176 4230 8394
4202 4252 8452
4155 4295 8428
4263 4269 8510
4189 4205 8363
4290 4300 8556
4254 4257 8492
4243 4279 8501
4133 4294 8415
4138 4224 8352
4124 4188 8300
4189 4212 8386
4176 4191 8350
4290 4297 8566
4228 4238 8439
4224 4227 8414
4114 4257 8368
4125 4200 8312
4180 4208 8353
4143 4177 8287
4282 4287 8559
4284 4292 8553
4126 4230 8342
4208 4259 8443
4243 4254 8465
4260 4281 8532
4290 4295 8575
4172 4294 8456
4154 4278 8426
4245 4269 8499
4228 4298 8503
4292 4295 8549
4296 4298 8585
4157 4276 8397
4246 4259 8470
4127 4202 8298
4186 4253 8403
4213 4224 8416
4232 4288 8502
4226 4279 8478
4231 4247 8445
4297 4300 8591
4262 4267 8499
4190 4223 8410
4105 4267 8357
4198 4293 8456
4115 4300 8412
4113 4167 8249
4191 4258 8448
4248 4299 8524
4268 4300 8559
4246 4257 8496
4200 4241 8410
4202 4218 8392
4296 4297 8584
4151 4216 8351
4260 4289 8540
4194 4255 8426
4149 4154 8299
4213 4279 8461
4168 4254 8398
4148 4254 8381
4197 4234 8424
4181 4234 8386
4295 4297 8571
4157 4261 8413
4170 4197 8363
4197 4257 8419
4256 4290 8540
4299 4300 8577
4231 4261 8462
4119 4228 8334
4101 4258 8354
4284 4288 8569
4249 4269 8510
4181 4199 8377
4113 4282 8379
4173 4292 8431
4109 4145 8237
4270 4282 8516
4126 4185 8277
4220 4266 8456
4299 4300 8582
4145 4204 8342
4124 4178 8275
4152 4221 8360
4266 4278 8506
4112 4238 8324
4221 4246 8461
4231 4297 8499
4221 4289 8495
4207 4229 8397
4241 4296 8531
4128 4231 8320
4189 4217 8390

0.010000 0.630000
