200
996273
4100 4174 8274
4058 4104 8162
4109 4197 8306
4030 4122 8152
4144 4155 8299
4071 4089 8160
4079 4117 8196
4153 4193 8346
4180 4192 8372
4085 4104 8189
4007 4113 8120
4139 4159 8298
4183 4189 8372
4132 4172 8304
4123 4138 8261
4158 4169 8327
4161 4189 8350
4158 4162 8320
4140 4161 8301
4014 4174 8188
4031 4039 8070
4018 4155 8173
4000 4094 8094
4160 4178 8338
4198 4199 8397
4000 4055 8055
4187 4190 8377
4186 4195 8381
4111 4127 8238
4117 4147 8264
4129 4183 8312
4093 4183 8276
4122 4164 8286
4113 4126 8239
4152 4185 8337
4096 4155 8251
4198 4199 8397
4199 4200 8399
4164 4178 8342
4046 4185 8231
4127 4143 8270
4132 4170 8302
4155 4185 8340
4146 4200 8346
4049 4146 8195
4123 4193 8316
4066 4143 8209
4033 4049 8082
4061 4176 8237
4127 4198 8325
4143 4169 8312
4120 4165 8285
4090 4130 8220
4162 4181 8343
4066 4093 8159
4039 4175 8214
4006 4025 8031
4085 4107 8192
4110 4151 8261
4062 4109 8171
4189 4191 8380
4008 4087 8095
4188 4192 8380
4182 4194 8376
4097 4159 8256
4131 4142 8273
4162 4191 8353
4009 4028 8037
4107 4149 8256
4021 4097 8118
4079 4150 8229
4182 4185 8367
4154 4176 8330
4069 4080 8149
4123 4148 8271
4111 4139 8250
4169 4200 8369
4118 4150 8268
4117 4169 8286
4117 4153 8270
4030 4120 8150
4064 4131 8195
4038 4123 8161
4046 4118 8164
4168 4176 8344
4188 4199 8387
4132 4140 8272
4116 4132 8248
4169 4177 8346
4143 4177 8320
4097 4189 8286
4130 4192 8322
4157 4184 8341
4034 4191 8225
4014 4090 8104
4042 4148 8190
4074 4129 8203
4001 4193 8194
4194 4199 8393
4097 4177 8274
4016 4165 8181
4050 4199 8249
4112 4189 8301
4007 4167 8174
4099 4164 8263
4183 4194 8377
4048 4196 8244
4128 4189 8317
4143 4182 8325
4190 4196 8386
4180 4182 8362
4112 4189 8301
4132 4142 8274
4064 4181 8245
4046 4159 8205
4030 4066 8096
4163 4170 8333
4129 4159 8288
4097 4124 8221
4159 4190 8349
4151 4196 8347
4087 4139 8226
4133 4169 8302
4150 4171 8321
4151 4158 8309
4165 4195 8360
4199 4200 8399
4082 4194 8276
4131 4160 8291
4057 4167 8224
4041 4184 8225
4144 4164 8308
4046 4150 8196
4068 4149 8217
4134 4158 8292
4177 4200 8377
4155 4191 8346
4178 4198 8376
4065 4190 8255
4055 4160 8215
4044 4108 8152
4106 4195 8301
4175 4183 8358
4099 4102 8201
4191 4192 8383
4007 4176 8183
4193 4196 8389
4041 4184 8225
4145 4169 8314
4088 4172 8260
4071 4098 8169
4016 4168 8184
4144 4184 8328
4116 4134 8250
4106 4179 8285
4076 4158 8234
4083 4131 8214
4176 4177 8353
4193 4200 8393
4022 4179 8201
4133 4167 8300
4061 4147 8208
4159 4161 8320
4166 4194 8360
4083 4187 8270
4165 4179 8344
4130 4160 8290
4198 4200 8398
4011 4157 8168
4182 4190 8372
4111 4199 8310
4042 4116 8158
4118 4189 8307
4179 4185 8364
4069 4144 8213
4174 4194 8368
4183 4195 8378
4030 4060 8090
4135 4185 8320
4007 4194 8201
4028 4184 8212
4001 4011 8012
4046 4083 8129
4111 4138 8249
4060 4092 8152
4046 4091 8137
4031 4163 8194
4090 4200 8290
4138 4195 8333
4076 4128 8204
4049 4146 8195
4030 4158 8188
4105 4114 8219
4188 4199 8387
4035 4081 8116
4138 4167 8305
4097 4160 8257
4029 4081 8110
4035 4090 8125
4148 4182 8330

4200 4274 8436
4158 4204 8357
4209 4297 8505
4130 4222 8327
4244 4255 8468
4171 4189 8350
4179 4217 8394
4253 4293 8543
4280 4292 8567
4185 4204 8372
4107 4213 8310
4239 4259 8495
4283 4289 8556
4232 4272 8480
4223 4238 8430
4258 4269 8518
4261 4289 8511
4258 4262 8492
4240 4261 8480
4114 4274 8351
4131 4139 8243
4118 4255 8334
4100 4194 8288
4260 4278 8501
4298 4299 8570
4100 4155 8224
4287 4290 8563
4286 4295 8560
4211 4227 8417
4217 4247 8457
4229 4283 8505
4193 4283 8474
4222 4264 8459
4213 4226 8419
4252 4285 8513
4196 4255 8415
4298 4299 8561
4299 4300 8572
4264 4278 8516
4146 4285 8404
4227 4243 8465
4232 4270 8487
4255 4285 8511
4246 4300 8540
4149 4246 8381
4223 4293 8515
4166 4243 8384
4133 4149 8260
4161 4276 8415
4227 4298 8500
4243 4269 8485
4220 4265 8465
4190 4230 8405
4262 4281 8529
4166 4193 8346
4139 4275 8401
4106 4125 8213
4185 4207 8391
4210 4251 8444
4162 4209 8363
4289 4291 8545
4108 4187 8287
4288 4292 8542
4282 4294 8556
4197 4259 8419
4231 4242 8463
4262 4291 8516
4109 4128 8214
4207 4249 8423
4121 4197 8316
4179 4250 8390
4282 4285 8539
4254 4276 8493
4169 4180 8344
4223 4248 8454
4211 4239 8445
4269 4300 8562
4218 4250 8449
4217 4269 8479
4217 4253 8442
4130 4220 8332
4164 4231 8378
4138 4223 8323
4146 4218 8332
4268 4276 8539
4288 4299 8552
4232 4240 8444
4216 4232 8425
4269 4277 8532
4243 4277 8486
4197 4289 8474
4230 4292 8492
4257 4284 8534
4134 4291 8402
4114 4190 8268
4142 4248 8387
4174 4229 8387
4101 4293 8364
4294 4299 8563
4197 4277 8446
4116 4265 8346
4150 4299 8412
4212 4289 8466
4107 4267 8353
4199 4264 8436
4283 4294 8551
4148 4296 8422
4228 4289 8492
4243 4282 8497
4290 4296 8548
4280 4282 8555
4212 4289 8485
4232 4242 8458
4164 4281 8426
4146 4259 8392
4130 4166 8259
4263 4270 8529
4229 4259 8461
4197 4224 8382
4259 4290 8543
4251 4296 8517
4187 4239 8411
4233 4269 8471
4250 4271 8517
4251 4258 8485
4265 4295 8556
4299 4300 8559
4182 4294 8463
4231 4260 8482
4157 4267 8411
4141 4284 8415
4244 4264 8507
4146 4250 8385
4168 4249 8390
4234 4258 8460
4277 4300 8565
4255 4291 8523
4278 4298 8570
4165 4290 8443
4155 4260 8411
4144 4208 8314
4206 4295 8499
4275 4283 8535
4199 4202 8369
4291 4292 8564
4107 4276 8378
4293 4296 8566
4141 4284 8389
4245 4269 8508
4188 4272 8443
4171 4198 8343
4116 4268 8379
4244 4284 8510
4216 4234 8422
4206 4279 8483
4176 4258 8426
4183 4231 8387
4276 4277 8513
4293 4300 8590
4122 4279 8382
4233 4267 8468
4161 4247 8370
4259 4261 8488
4266 4294 8552
4183 4287 8444
4265 4279 8506
4230 4260 8455
4298 4300 8587
4111 4257 8342
4282 4290 8534
4211 4299 8483
4142 4216 8346
4218 4289 8504
4279 4285 8556
4169 4244 8412
4274 4294 8555
4283 4295 8554
4130 4160 8289
4235 4285 8480
4107 4294 8394
4128 4284 8375
4101 4111 8183
4146 4183 8321
4211 4238 8410
4160 4192 8340
4146 4191 8299
4131 4263 8376
4190 4300 8486
4238 4295 8514
4176 4228 8388
4149 4246 8371
4130 4258 8386
4205 4214 8406
4288 4299 8584
4135 4181 8280
4238 4267 8480
4197 4260 8425
4129 4181 8299
4135 4190 8308
4248 4282 8520

0.010000 0.590000
