600
3437491
4036 4048 8084
4079 4113 8192
4098 4159 8257
4051 4085 8136
4080 4138 8218
4034 4186 8220
4184 4196 8380
4188 4190 8378
4051 4099 8150
4142 4198 8340
4174 4193 8367
4111 4164 8275
4148 4173 8321
4153 4165 8318
4032 4067 8099
4088 4156 8244
4091 4165 8256
4040 4128 8168
4139 4172 8311
4031 4093 8124
4146 4168 8314
4189 4198 8387
4066 4181 8247
4082 4099 8181
4091 4156 8247
4184 4198 8382
4178 4179 8357
4186 4191 8377
4044 4156 8200
4040 4177 8217
4114 4165 8279
4133 4142 8275
4048 4131 8179
4121 4172 8293
4079 4164 8243
4010 4014 8024
4055 4181 8236
4048 4106 8154
4101 4140 8241
4146 4179 8325
4183 4196 8379
4022 4079 8101
4033 4084 8117
4125 4178 8303
4004 4127 8131
4170 4191 8361
4191 4192 8383
4043 4062 8105
4174 4196 8370
4162 4195 8357
4127 4143 8270
4005 4026 8031
4169 4198 8367
4163 4200 8363
4180 4185 8365
4179 4182 8361
4074 4078 8152
4127 4165 8292
4103 4160 8263
4055 4124 8179
4136 4151 8287
4047 4050 8097
4169 4172 8341
4129 4190 8319
4144 4176 8320
4097 4113 8210
4111 4192 8303
4173 4174 8347
4133 4166 8299
4132 4135 8267
4082 4192 8274
4011 4049 8060
4118 4183 8301
4066 4068 8134
4055 4166 8221
4189 4196 8385
4050 4125 8175
4094 4169 8263
4155 4172 8327
4183 4196 8379
4033 4167 8200
4126 4167 8293
4106 4190 8296
4018 4105 8123
4092 4182 8274
4018 4024 8042
4026 4046 8072
4033 4167 8200
4024 4191 8215
4038 4175 8213
4043 4123 8166
4081 4094 8175
4157 4164 8321
4189 4194 8383
4105 4144 8249
4074 4102 8176
4101 4195 8296
4183 4184 8367
4052 4137 8189
4195 4200 8395
4050 4095 8145
4077 4134 8211
4126 4157 8283
4110 4174 8284
4080 4135 8215
4050 4083 8133
4062 4122 8184
4183 4188 8371
4085 4198 8283
4116 4181 8297
4013 4114 8127
4163 4188 8351
4046 4129 8175
4012 4030 8042
4038 4076 8114
4183 4197 8380
4123 4134 8257
4163 4189 8352
4114 4121 8235
4007 4013 8020
4108 4191 8299
4013 4112 8125
4004 4188 8192
4056 4110 8166
4133 4147 8280
4154 4160 8314
4034 4055 8089
4104 4109 8213
4159 4179 8338
4131 4166 8297
4197 4200 8397
4085 4144 8229
4056 4162 8218
4099 4185 8284
4057 4114 8171
4035 4135 8170
4149 4182 8331
4191 4198 8389
4080 4149 8229
4138 4181 8319
4190 4192 8382
4190 4199 8389
4004 4081 8085
4008 4056 8064
4179 4200 8379
4044 4118 8162
4187 4189 8376
4067 4136 8203
4181 4189 8370
4020 4052 8072
4046 4141 8187
4090 4171 8261
4023 4196 8219
4189 4198 8387
4101 4162 8263
4085 4116 8201
4062 4113 8175
4055 4125 8180
4156 4159 8315
4090 4200 8290
4181 4182 8363
4101 4164 8265
4114 4144 8258
4130 4152 8282
4173 4194 8367
4037 4104 8141
4116 4178 8294
4147 4198 8345
4173 4196 8369
4175 4195 8370
4005 4070 8075
4103 4127 8230
4021 4091 8112
4091 4169 8260
4152 4170 8322
4101 4187 8288
4097 4130 8227
4150 4185 8335
4119 4191 8310
4015 4069 8084
4131 4145 8276
4078 4183 8261
4038 4110 8148
4077 4161 8238
4161 4173 8334
4140 4154 8294
4043 4193 8236
4024 4150 8174
4161 4176 8337
4194 4200 8394
4056 4105 8161
4169 4179 8348
4033 4062 8095
4094 4162 8256
4036 4192 8228
4171 4192 8363
4107 4136 8243
4157 4170 8327
4198 4200 8398
4070 4194 8264
4055 4139 8194
4171 4176 8347
4067 4071 8138
4006 4036 8042
4082 4189 8271
4051 4119 8170
4137 4165 8302
4100 4101 8201
4160 4169 8329
4034 4088 8122
4140 4177 8317
4091 4101 8192
4150 4155 8305
4146 4168 8314
4128 4156 8284
4022 4088 8110
4010 4156 8166
4020 4167 8187
4016 4190 8206
4008 4189 8197
4086 4116 8202
4036 4145 8181
4110 4136 8246
4012 4062 8074
4169 4190 8359
4180 4183 8363
4170 4177 8347
4191 4199 8390
4104 4140 8244
4178 4192 8370
4119 4167 8286
4059 4078 8137
4196 4198 8394
4180 4184 8364
4036 4170 8206
4126 4131 8257
4053 4118 8171
4126 4138 8264
4160 4195 8355
4018 4190 8208
4087 4105 8192
4041 4049 8090
4121 4178 8299
4038 4156 8194
4124 4162 8286
4190 4194 8384
4110 4195 8305
4181 4186 8367
4049 4054 8103
4019 4126 8145
4139 4191 8330
4126 4183 8309
4172 4190 8362
4030 4068 8098
4172 4180 8352
4020 4070 8090
4006 4111 8117
4008 4038 8046
4157 4195 8352
4127 4135 8262
4092 4131 8223
4148 4156 8304
4112 4143 8255
4003 4164 8167
4060 4111 8171
4016 4050 8066
4183 4188 8371
4055 4183 8238
4158 4174 8332
4132 4200 8332
4172 4200 8372
4145 4154 8299
4160 4164 8324
4153 4182 8335
4039 4056 8095
4017 4104 8121
4117 4151 8268
4068 4187 8255
4160 4185 8345
4179 4183 8362
4024 4127 8151
4003 4150 8153
4068 4124 8192
4009 4124 8133
4069 4085 8154
4054 4058 8112
4124 4182 8306
4025 4120 8145
4024 4087 8111
4066 4186 8252
4107 4196 8303
4098 4174 8272
4009 4119 8128
4035 4071 8106
4000 4073 8073
4189 4192 8381
4103 4131 8234
4097 4159 8256
4117 4186 8303
4170 4172 8342
4100 4159 8259
4037 4053 8090
4078 4131 8209
4161 4172 8333
4089 4124 8213
4163 4177 8340
4141 4200 8341
4003 4125 8128
4075 4091 8166
4026 4175 8201
4076 4193 8269
4000 4158 8158
4005 4132 8137
4010 4045 8055
4132 4162 8294
4010 4057 8067
4167 4199 8366
4006 4192 8198
4029 4114 8143
4162 4167 8329
4062 4064 8126
4051 4084 8135
4070 4099 8169
4137 4178 8315
4038 4162 8200
4199 4200 8399
4055 4102 8157
4106 4179 8285
4077 4158 8235
4150 4197 8347
4149 4180 8329
4063 4123 8186
4128 4160 8288
4105 4130 8235
4069 4174 8243
4081 4108 8189
4179 4184 8363
4104 4123 8227
4075 4119 8194
4189 4200 8389
4020 4189 8209
4106 4146 8252
4076 4095 8171
4131 4146 8277
4089 4150 8239
4122 4151 8273
4058 4188 8246
4129 4143 8272
4171 4195 8366
4077 4078 8155
4008 4106 8114
4127 4188 8315
4026 4037 8063
4097 4115 8212
4030 4091 8121
4028 4084 8112
4138 4197 8335
4025 4180 8205
4006 4142 8148
4138 4154 8292
4061 4087 8148
4175 4185 8360
4191 4193 8384
4109 4179 8288
4002 4105 8107
4088 4157 8245
4025 4169 8194
4122 4148 8270
4062 4082 8144
4014 4181 8195
4162 4168 8330
4014 4038 8052
4049 4145 8194
4035 4147 8182
4063 4168 8231
4157 4191 8348
4140 4199 8339
4026 4144 8170
4078 4088 8166
4013 4043 8056
4097 4152 8249
4146 4190 8336
4195 4200 8395
4185 4199 8384
4042 4072 8114
4150 4156 8306
4105 4149 8254
4034 4055 8089
4182 4184 8366
4151 4185 8336
4068 4134 8202
4036 4065 8101
4064 4065 8129
4179 4187 8366
4195 4197 8392
4029 4084 8113
4058 4153 8211
4162 4182 8344
4042 4161 8203
4196 4197 8393
4066 4110 8176
4143 4198 8341
4056 4081 8137
4135 4171 8306
4010 4086 8096
4132 4171 8303
4062 4070 8132
4029 4075 8104
4078 4136 8214
4050 4165 8215
4129 4133 8262
4094 4101 8195
4169 4171 8340
4055 4144 8199
4153 4180 8333
4000 4088 8088
4071 4119 8190
4057 4077 8134
4089 4154 8243
4036 4104 8140
4154 4188 8342
4178 4199 8377
4105 4142 8247
4016 4023 8039
4022 4198 8220
4044 4088 8132
4050 4087 8137
4030 4102 8132
4080 4154 8234
4128 4133 8261
4105 4183 8288
4150 4161 8311
4014 4104 8118
4010 4045 8055
4183 4196 8379
4024 4128 8152
4191 4198 8389
4175 4176 8351
4016 4096 8112
4164 4179 8343
4086 4104 8190
4162 4185 8347
4082 4195 8277
4117 4162 8279
4194 4195 8389
4131 4146 8277
4055 4075 8130
4067 4106 8173
4097 4173 8270
4145 4176 8321
4174 4182 8356
4097 4169 8266
4149 4192 8341
4194 4198 8392
4005 4012 8017
4064 4169 8233
4199 4200 8399
4161 4168 8329
4043 4092 8135
4065 4194 8259
4027 4166 8193
4008 4072 8080
4053 4076 8129
4192 4195 8387
4156 4182 8338
4142 4156 8298
4039 4063 8102
4168 4200 8368
4160 4200 8360
4099 4119 8218
4021 4023 8044
4042 4135 8177
4045 4148 8193
4138 4181 8319
4145 4196 8341
4146 4191 8337
4021 4024 8045
4094 4190 8284
4135 4148 8283
4147 4176 8323
4072 4079 8151
4080 4159 8239
4022 4146 8168
4162 4200 8362
4041 4133 8174
4048 4197 8245
4041 4114 8155
4025 4171 8196
4155 4180 8335
4090 4111 8201
4071 4127 8198
4038 4135 8173
4172 4187 8359
4020 4049 8069
4175 4184 8359
4003 4183 8186
4170 4187 8357
4077 4103 8180
4055 4069 8124
4167 4169 8336
4060 4156 8216
4096 4174 8270
4061 4125 8186
4046 4150 8196
4059 4186 8245
4162 4192 8354
4199 4200 8399
4124 4139 8263
4010 4069 8079
4152 4157 8309
4008 4130 8138
4032 4184 8216
4068 4146 8214
4133 4171 8304
4003 4141 8144
4126 4161 8287
4180 4195 8375
4106 4191 8297
4108 4114 8222
4014 4152 8166
4010 4165 8175
4103 4188 8291
4060 4147 8207
4068 4088 8156
4131 4160 8291
4066 4197 8263
4181 4185 8366
4191 4198 8389
4097 4124 8221
4190 4194 8384
4199 4200 8399
4079 4172 8251
4052 4053 8105
4014 4040 8054
4105 4151 8256
4120 4122 8242
4064 4106 8170
4090 4173 8263
4123 4184 8307
4012 4099 8111
4169 4189 8358
4009 4166 8175
4146 4162 8308
4081 4172 8253
4156 4186 8342
4184 4199 8383
4084 4088 8172
4198 4200 8398
4031 4129 8160
4066 4172 8238
4151 4192 8343
4076 4193 8269
4179 4187 8366
4144 4145 8289
4012 4149 8161
4188 4189 8377
4000 4183 8183
4012 4083 8095
4137 4181 8318
4131 4189 8320
4136 4172 8308
4065 4169 8234
4175 4187 8362
4165 4193 8358
4136 4175 8311
4125 4192 8317
4176 4181 8357
4113 4148 8261
4156 4184 8340
4186 4200 8386
4069 4117 8186
4017 4026 8043
4082 4121 8203
4121 4133 8254
4038 4099 8137
4118 4199 8317
4137 4190 8327
4153 4182 8335
4106 4195 8301
4170 4189 8359
4066 4195 8261
4111 4114 8225
4000 4157 8157
4158 4162 8320
4071 4078 8149
4198 4199 8397
4031 4032 8063
4117 4172 8289
4019 4063 8082
4176 4181 8357
4059 4175 8234
4096 4129 8225
4121 4168 8289
4126 4160 8286
4192 4196 8388
4180 4182 8362
4192 4197 8389
4061 4149 8210
4083 4144 8227
4033 4100 8133

4136 4148 8274
4179 4213 8389
4198 4259 8439
4151 4185 8330
4180 4238 8402
4134 4286 8400
4284 4296 8541
4288 4290 8551
4151 4199 8344
4242 4298 8506
4274 4293 8557
4211 4264 8460
4248 4273 8508
4253 4265 8494
4132 4167 8279
4188 4256 8431
4191 4265 8431
4140 4228 8345
4239 4272 8497
4131 4193 8306
4246 4268 8483
4289 4298 8579
4166 4281 8431
4182 4199 8352
4191 4256 8410
4284 4298 8564
4278 4279 8520
4286 4291 8572
4144 4256 8377
4140 4277 8386
4214 4265 8463
4233 4242 8454
4148 4231 8347
4221 4272 8484
4179 4264 8428
4110 4114 8199
4155 4281 8409
4148 4206 8340
4201 4240 8409
4246 4279 8506
4283 4296 8554
4122 4179 8283
4133 4184 8313
4225 4278 8471
4104 4227 8310
4270 4291 8553
4291 4292 8573
4143 4162 8289
4274 4296 8533
4262 4295 8536
4227 4243 8461
4105 4126 8223
4269 4298 8542
4263 4300 8533
4280 4285 8560
4279 4282 8539
4174 4178 8334
4227 4265 8485
4203 4260 8424
4155 4224 8377
4236 4251 8448
4147 4150 8277
4269 4272 8528
4229 4290 8501
4244 4276 8519
4197 4213 8386
4211 4292 8500
4273 4274 8510
4233 4266 8489
4232 4235 8435
4182 4292 8471
4111 4149 8254
4218 4283 8467
4166 4168 8302
4155 4266 8386
4289 4296 8565
4150 4225 8363
4194 4269 8434
4255 4272 8523
4283 4296 8548
4133 4267 8366
4226 4267 8455
4206 4290 8495
4118 4205 8316
4192 4282 8439
4118 4124 8213
4126 4146 8266
4133 4267 8397
4124 4291 8386
4138 4275 8400
4143 4223 8347
4181 4194 8359
4257 4264 8499
4289 4294 8572
4205 4244 8435
4174 4202 8365
4201 4295 8482
4283 4284 8545
4152 4237 8382
4295 4300 8584
4150 4195 8330
4177 4234 8374
4226 4257 8473
4210 4274 8470
4180 4235 8408
4150 4183 8307
4162 4222 8353
4283 4288 8562
4185 4298 8458
4216 4281 8492
4113 4214 8314
4263 4288 8522
4146 4229 8368
4112 4130 8223
4138 4176 8288
4283 4297 8573
4223 4234 8420
4263 4289 8546
4214 4221 8427
4107 4113 8199
4208 4291 8480
4113 4212 8293
4104 4288 8370
4156 4210 8343
4233 4247 8459
4254 4260 8481
4134 4155 8268
4204 4209 8398
4259 4279 8524
4231 4266 8467
4297 4300 8558
4185 4244 8419
4156 4262 8399
4199 4285 8450
4157 4214 8358
4135 4235 8334
4249 4282 8515
4291 4298 8575
4180 4249 8402
4238 4281 8503
4290 4292 8578
4290 4299 8587
4104 4181 8284
4108 4156 8263
4279 4300 8562
4144 4218 8324
4287 4289 8575
4167 4236 8390
4281 4289 8563
4120 4152 8260
4146 4241 8353
4190 4271 8442
4123 4296 8417
4289 4298 8578
4201 4262 8430
4185 4216 8393
4162 4213 8340
4155 4225 8361
4256 4259 8494
4190 4300 8472
4281 4282 8527
4201 4264 8433
4214 4244 8443
4230 4252 8451
4273 4294 8537
4137 4204 8327
4216 4278 8488
4247 4298 8516
4273 4296 8540
4275 4295 8554
4105 4170 8256
4203 4227 8429
4121 4191 8287
4191 4269 8442
4252 4270 8518
4201 4287 8487
4197 4230 8410
4250 4285 8524
4219 4291 8494
4115 4169 8252
4231 4245 8460
4178 4283 8453
4138 4210 8315
4177 4261 8433
4261 4273 8503
4240 4254 8491
4143 4293 8397
4124 4250 8347
4261 4276 8504
4294 4300 8571
4156 4205 8336
4269 4279 8532
4133 4162 8257
4194 4262 8449
4136 4292 8402
4271 4292 8542
4207 4236 8418
4257 4270 8509
4298 4300 8585
4170 4294 8436
4155 4239 8390
4271 4276 8526
4167 4171 8308
4106 4136 8211
4182 4289 8458
4151 4219 8349
4237 4265 8480
4200 4201 8386
4260 4269 8521
4134 4188 8292
4240 4277 8480
4191 4201 8358
4250 4255 8475
4246 4268 8492
4228 4256 8479
4122 4188 8282
4110 4256 8348
4120 4267 8357
4116 4290 8379
4108 4289 8384
4186 4216 8364
4136 4245 8374
4210 4236 8410
4112 4162 8255
4269 4290 8554
4280 4283 8538
4270 4277 8536
4291 4299 8571
4204 4240 8408
4278 4292 8559
4219 4267 8468
4159 4178 8303
4296 4298 8567
4280 4284 8527
4136 4270 8367
4226 4231 8447
4153 4218 8356
4226 4238 8444
4260 4295 8546
4118 4290 8394
4187 4205 8367
4141 4149 8287
4221 4278 8476
4138 4256 8392
4224 4262 8485
4290 4294 8557
4210 4295 8472
4281 4286 8547
4149 4154 8272
4119 4226 8342
4239 4291 8494
4226 4283 8478
4272 4290 8558
4130 4168 8266
4272 4280 8517
4120 4170 8263
4106 4211 8310
4108 4138 8208
4257 4295 8522
4227 4235 8445
4192 4231 8392
4248 4256 8482
4212 4243 8441
4103 4264 8329
4160 4211 8342
4116 4150 8238
4283 4288 8538
4155 4283 8428
4258 4274 8509
4232 4300 8497
4272 4300 8559
4245 4254 8470
4260 4264 8515
4253 4282 8518
4139 4156 8280
4117 4204 8298
4217 4251 8465
4168 4287 8417
4260 4285 8523
4279 4283 8536
4124 4227 8349
4103 4250 8315
4168 4224 8389
4109 4224 8325
4169 4185 8321
4154 4158 8286
4224 4282 8485
4125 4220 8344
4124 4187 8306
4166 4286 8431
4207 4296 8476
4198 4274 8446
4109 4219 8321
4135 4171 8288
4100 4173 8259
4289 4292 8542
4203 4231 8422
4197 4259 8417
4217 4286 8471
4270 4272 8508
4200 4259 8444
4137 4153 8284
4178 4231 8402
4261 4272 8529
4189 4224 8408
4263 4277 8532
4241 4300 8531
4103 4225 8314
4175 4191 8358
4126 4275 8374
4176 4293 8460
4100 4258 8328
4105 4232 8330
4110 4145 8233
4232 4262 8489
4110 4157 8243
4267 4299 8544
4106 4292 8375
4129 4214 8332
4262 4267 8508
4162 4164 8316
4151 4184 8301
4170 4199 8355
4237 4278 8495
4138 4262 8386
4299 4300 8579
4155 4202 8340
4206 4279 8445
4177 4258 8409
4250 4297 8528
4249 4280 8526
4163 4223 8355
4228 4260 8478
4205 4230 8397
4169 4274 8436
4181 4208 8371
4279 4284 8558
4204 4223 8390
4175 4219 8356
4289 4300 8585
4120 4289 8406
4206 4246 8436
4176 4195 8360
4231 4246 8471
4189 4250 8420
4222 4251 8467
4158 4288 8423
4229 4243 8434
4271 4295 8556
4177 4178 8337
4108 4206 8278
4227 4288 8499
4126 4137 8227
4197 4215 8411
4130 4191 8315
4128 4184 8298
4238 4297 8523
4125 4280 8394
4106 4242 8315
4238 4254 8483
4161 4187 8311
4275 4285 8543
4291 4293 8544
4209 4279 8479
4102 4205 8281
4188 4257 8438
4125 4269 8386
4222 4248 8459
4162 4182 8320
4114 4281 8378
4262 4268 8504
4114 4138 8241
4149 4245 8381
4135 4247 8357
4163 4268 8401
4257 4291 8537
4240 4299 8520
4126 4244 8356
4178 4188 8341
4113 4143 8231
4197 4252 8428
4246 4290 8511
4295 4300 8558
4285 4299 8551
4142 4172 8284
4250 4256 8484
4205 4249 8430
4134 4155 8273
4282 4284 8557
4251 4285 8517
4168 4234 8398
4136 4165 8274
4164 4165 8319
4279 4287 8563
4295 4297 8559
4129 4184 8278
4158 4253 8399
4262 4282 8517
4142 4261 8393
4296 4297 8558
4166 4210 8340
4243 4298 8502
4156 4181 8330
4235 4271 8489
4110 4186 8291
4232 4271 8500
4162 4170 8319
4129 4175 8301
4178 4236 8410
4150 4265 8414
4229 4233 8435
4194 4201 8391
4269 4271 8506
4155 4244 8382
4253 4280 8501
4100 4188 8270
4171 4219 8374
4157 4177 8301
4189 4254 8418
4136 4204 8335
4254 4288 8519
4278 4299 8567
4205 4242 8435
4116 4123 8233
4122 4298 8395
4144 4188 8309
4150 4187 8329
4130 4202 8324
4180 4254 8407
4228 4233 8421
4205 4283 8456
4250 4261 8497
4114 4204 8294
4110 4145 8241
4283 4296 8540
4124 4228 8324
4291 4298 8558
4275 4276 8536
4116 4196 8284
4264 4279 8507
4186 4204 8352
4262 4285 8514
4182 4295 8456
4217 4262 8445
4294 4295 8584
4231 4246 8464
4155 4175 8317
4167 4206 8358
4197 4273 8464
4245 4276 8486
4274 4282 8528
4197 4269 8461
4249 4292 8535
4294 4298 8580
4105 4112 8210
4164 4269 8428
4299 4300 8560
4261 4268 8528
4143 4192 8298
4165 4294 8426
4127 4266 8380
4108 4172 8258
4153 4176 8291
4292 4295 8567
4256 4282 8533
4242 4256 8483
4139 4163 8271
4268 4300 8554
4260 4300 8550
4199 4219 8394
4121 4123 8234
4142 4235 8374
4145 4248 8354
4238 4281 8512
4245 4296 8538
4246 4291 8524
4121 4124 8229
4194 4290 8448
4235 4248 8448
4247 4276 8491
4172 4179 8343
4180 4259 8406
4122 4246 8340
4262 4300 8523
4141 4233 8372
4148 4297 8419
4141 4214 8317
4125 4271 8361
4255 4280 8505
4190 4211 8384
4171 4227 8376
4138 4235 8368
4272 4287 8548
4120 4149 8236
4275 4284 8534
4103 4283 8354
4270 4287 8526
4177 4203 8356
4155 4169 8317
4267 4269 8514
4160 4256 8388
4196 4274 8452
4161 4225 8376
4146 4250 8393
4159 4286 8426
4262 4292 8527
4299 4300 8597
4224 4239 8425
4110 4169 8266
4252 4257 8474
4108 4230 8329
4132 4284 8377
4168 4246 8401
4233 4271 8491
4103 4241 8313
4226 4261 8450
4280 4295 8556
4206 4291 8467
4208 4214 8382
4114 4252 8359
4110 4265 8336
4203 4288 8479
4160 4247 8399
4168 4188 8328
4231 4260 8478
4166 4297 8429
4281 4285 8537
4291 4298 8580
4197 4224 8397
4290 4294 8571
4299 4300 8574
4179 4272 8437
4152 4153 8277
4114 4140 8215
4205 4251 8431
4220 4222 8419
4164 4206 8360
4190 4273 8431
4223 4284 8491
4112 4199 8292
4269 4289 8544
4109 4266 8345
4246 4262 8502
4181 4272 8424
4256 4286 8514
4284 4299 8543
4184 4188 8343
4298 4300 8564
4131 4229 8341
4166 4272 8424
4251 4292 8508
4176 4293 8448
4279 4287 8540
4244 4245 8458
4112 4249 8340
4288 4289 8570
4100 4283 8377
4112 4183 8256
4237 4281 8508
4231 4289 8504
4236 4272 8472
4165 4269 8426
4275 4287 8531
4265 4293 8523
4236 4275 8504
4225 4292 8496
4276 4281 8523
4213 4248 8428
4256 4284 8532
4286 4300 8567
4169 4217 8364
4117 4126 8216
4182 4221 8402
4221 4233 8436
4138 4199 8308
4218 4299 8496
4237 4290 8504
4253 4282 8530
4206 4295 8491
4270 4289 8520
4166 4295 8431
4211 4214 8390
4100 4257 8335
4258 4262 8513
4171 4178 8325
4298 4299 8568
4131 4132 8246
4217 4272 8472
4119 4163 8265
4276 4281 8529
4159 4275 8397
4196 4229 8414
4221 4268 8481
4226 4260 8446
4292 4296 8578
4280 4282 8547
4292 4297 8588
4161 4249 8395
4183 4244 8409
4133 4200 8325

0.010000 0.680000
