600
2734442
4074 4086 8160
4106 4186 8292
4111 4182 8293
4181 4197 8378
4138 4191 8329
4018 4123 8141
4029 4113 8142
4128 4150 8278
4168 4194 8362
4137 4147 8284
4195 4200 8395
4170 4181 8351
4042 4173 8215
4125 4134 8259
4042 4165 8207
4038 4116 8154
4182 4195 8377
4002 4121 8123
4138 4178 8316
4023 4110 8133
4010 4070 8080
4113 4150 8263
4137 4176 8313
4086 4164 8250
4147 4159 8306
4137 4181 8318
4194 4196 8390
4042 4137 8179
4050 4063 8113
4100 4139 8239
4160 4166 8326
4108 4112 8220
4116 4125 8241
4148 4171 8319
4091 4188 8279
4018 4078 8096
4162 4199 8361
4190 4191 8381
4170 4178 8348
4051 4075 8126
4193 4199 8392
4063 4194 8257
4169 4197 8366
4068 4156 8224
4146 4180 8326
4054 4118 8172
4069 4173 8242
4082 4086 8168
4132 4173 8305
4113 4122 8235
4127 4196 8323
4001 4163 8164
4121 4152 8273
4188 4192 8380
4110 4174 8284
4187 4199 8386
4143 4161 8304
4150 4188 8338
4008 4071 8079
4004 4159 8163
4001 4075 8076
4165 4178 8343
4018 4028 8046
4181 4189 8370
4069 4085 8154
4181 4195 8376
4134 4152 8286
4046 4119 8165
4199 4200 8399
4093 4174 8267
4189 4192 8381
4161 4188 8349
4118 4200 8318
4178 4185 8363
4094 4168 8262
4187 4188 8375
4029 4047 8076
4102 4198 8300
4174 4196 8370
4142 4153 8295
4165 4177 8342
4107 4121 8228
4128 4179 8307
4133 4155 8288
4138 4148 8286
4140 4173 8313
4094 4185 8279
4038 4102 8140
4179 4188 8367
4124 4193 8317
4177 4197 8374
4038 4118 8156
4094 4172 8266
4027 4029 8056
4062 4155 8217
4017 4063 8080
4052 4073 8125
4037 4102 8139
4090 4168 8258
4024 4036 8060
4081 4138 8219
4061 4144 8205
4176 4188 8364
4071 4103 8174
4175 4179 8354
4185 4200 8385
4072 4088 8160
4007 4104 8111
4076 4142 8218
4166 4173 8339
4171 4182 8353
4112 4147 8259
4001 4027 8028
4063 4189 8252
4108 4189 8297
4131 4186 8317
4036 4199 8235
4066 4108 8174
4177 4182 8359
4150 4193 8343
4072 4132 8204
4195 4196 8391
4139 4182 8321
4096 4112 8208
4140 4153 8293
4052 4151 8203
4155 4161 8316
4088 4173 8261
4018 4055 8073
4044 4083 8127
4046 4150 8196
4120 4173 8293
4057 4068 8125
4142 4159 8301
4146 4172 8318
4191 4197 8388
4197 4198 8395
4181 4184 8365
4113 4135 8248
4182 4189 8371
4150 4151 8301
4151 4172 8323
4069 4106 8175
4138 4169 8307
4023 4154 8177
4191 4196 8387
4077 4169 8246
4147 4172 8319
4072 4075 8147
4134 4146 8280
4000 4018 8018
4156 4164 8320
4070 4107 8177
4187 4190 8377
4144 4163 8307
4067 4188 8255
4161 4187 8348
4049 4178 8227
4049 4135 8184
4050 4173 8223
4182 4199 8381
4090 4184 8274
4130 4180 8310
4135 4156 8291
4159 4195 8354
4098 4175 8273
4170 4175 8345
4176 4196 8372
4112 4152 8264
4191 4196 8387
4135 4150 8285
4138 4150 8288
4131 4165 8296
4006 4054 8060
4068 4169 8237
4155 4186 8341
4015 4104 8119
4057 4064 8121
4082 4177 8259
4102 4154 8256
4149 4155 8304
4127 4192 8319
4097 4159 8256
4039 4106 8145
4084 4129 8213
4091 4179 8270
4078 4086 8164
4078 4143 8221
4093 4094 8187
4010 4081 8091
4055 4161 8216
4016 4191 8207
4097 4107 8204
4190 4192 8382
4109 4142 8251
4076 4137 8213
4066 4086 8152
4000 4064 8064
4010 4123 8133
4170 4175 8345
4015 4162 8177
4100 4180 8280
4028 4187 8215
4067 4138 8205
4085 4146 8231
4062 4156 8218
4057 4153 8210
4116 4153 8269
4195 4197 8392
4094 4170 8264
4179 4191 8370
4019 4176 8195
4156 4173 8329
4039 4164 8203
4093 4129 8222
4135 4184 8319
4090 4170 8260
4125 4184 8309
4103 4149 8252
4090 4178 8268
4193 4195 8388
4134 4190 8324
4175 4196 8371
4113 4117 8230
4075 4161 8236
4193 4196 8389
4193 4196 8389
4015 4089 8104
4139 4185 8324
4063 4134 8197
4121 4162 8283
4174 4191 8365
4035 4114 8149
4191 4194 8385
4159 4199 8358
4199 4200 8399
4122 4162 8284
4158 4195 8353
4146 4182 8328
4028 4087 8115
4040 4110 8150
4061 4151 8212
4096 4108 8204
4090 4175 8265
4196 4199 8395
4108 4112 8220
4101 4190 8291
4004 4024 8028
4169 4197 8366
4199 4200 8399
4122 4191 8313
4133 4155 8288
4029 4145 8174
4103 4189 8292
4000 4158 8158
4126 4173 8299
4099 4119 8218
4036 4118 8154
4133 4186 8319
4001 4048 8049
4057 4144 8201
4016 4074 8090
4143 4189 8332
4067 4112 8179
4132 4151 8283
4039 4197 8236
4032 4044 8076
4136 4164 8300
4034 4096 8130
4077 4171 8248
4009 4128 8137
4115 4171 8286
4169 4196 8365
4112 4129 8241
4137 4164 8301
4148 4179 8327
4023 4088 8111
4119 4197 8316
4095 4155 8250
4055 4155 8210
4161 4194 8355
4186 4192 8378
4143 4151 8294
4178 4194 8372
4152 4190 8342
4171 4200 8371
4146 4191 8337
4157 4160 8317
4081 4129 8210
4188 4193 8381
4154 4166 8320
4112 4139 8251
4013 4170 8183
4131 4139 8270
4180 4188 8368
4090 4190 8280
4129 4188 8317
4115 4147 8262
4094 4200 8294
4013 4035 8048
4134 4164 8298
4084 4189 8273
4036 4063 8099
4193 4195 8388
4123 4153 8276
4061 4080 8141
4014 4094 8108
4024 4049 8073
4034 4189 8223
4032 4104 8136
4037 4078 8115
4119 4169 8288
4041 4043 8084
4190 4198 8388
4150 4171 8321
4094 4156 8250
4099 4120 8219
4075 4136 8211
4085 4158 8243
4097 4120 8217
4134 4161 8295
4012 4088 8100
4150 4195 8345
4135 4158 8293
4182 4193 8375
4192 4198 8390
4056 4107 8163
4097 4125 8222
4018 4193 8211
4084 4143 8227
4099 4157 8256
4135 4192 8327
4046 4120 8166
4019 4057 8076
4117 4154 8271
4127 4142 8269
4017 4076 8093
4021 4050 8071
4079 4180 8259
4055 4124 8179
4015 4074 8089
4054 4113 8167
4182 4189 8371
4044 4101 8145
4018 4093 8111
4138 4148 8286
4167 4168 8335
4091 4160 8251
4117 4176 8293
4127 4176 8303
4082 4114 8196
4119 4159 8278
4170 4191 8361
4131 4200 8331
4194 4200 8394
4155 4164 8319
4157 4192 8349
4094 4096 8190
4052 4097 8149
4066 4187 8253
4056 4100 8156
4042 4136 8178
4110 4164 8274
4013 4177 8190
4177 4187 8364
4034 4163 8197
4091 4113 8204
4068 4120 8188
4161 4183 8344
4128 4136 8264
4189 4196 8385
4079 4094 8173
4166 4178 8344
4171 4177 8348
4137 4163 8300
4103 4186 8289
4164 4170 8334
4192 4193 8385
4026 4200 8226
4144 4158 8302
4007 4175 8182
4087 4162 8249
4023 4126 8149
4153 4183 8336
4164 4196 8360
4064 4075 8139
4166 4175 8341
4166 4195 8361
4009 4091 8100
4079 4101 8180
4174 4200 8374
4092 4186 8278
4067 4094 8161
4109 4191 8300
4159 4194 8353
4159 4198 8357
4151 4155 8306
4160 4200 8360
4125 4160 8285
4056 4152 8208
4163 4166 8329
4182 4191 8373
4110 4149 8259
4106 4141 8247
4166 4191 8357
4109 4190 8299
4072 4133 8205
4151 4167 8318
4117 4129 8246
4166 4188 8354
4199 4200 8399
4133 4172 8305
4048 4106 8154
4122 4150 8272
4053 4193 8246
4150 4159 8309
4093 4131 8224
4060 4068 8128
4187 4197 8384
4127 4163 8290
4164 4199 8363
4097 4130 8227
4119 4162 8281
4128 4184 8312
4002 4060 8062
4101 4150 8251
4022 4132 8154
4021 4179 8200
4074 4145 8219
4175 4195 8370
4109 4141 8250
4116 4191 8307
4169 4173 8342
4110 4156 8266
4083 4111 8194
4047 4095 8142
4080 4189 8269
4077 4164 8241
4114 4147 8261
4164 4194 8358
4048 4136 8184
4077 4150 8227
4198 4200 8398
4178 4194 8372
4105 4129 8234
4049 4055 8104
4108 4162 8270
4142 4185 8327
4197 4198 8395
4127 4148 8275
4047 4084 8131
4134 4185 8319
4155 4156 8311
4077 4116 8193
4175 4193 8368
4173 4189 8362
4118 4124 8242
4097 4193 8290
4052 4180 8232
4152 4157 8309
4031 4134 8165
4061 4154 8215
4090 4191 8281
4127 4182 8309
4080 4139 8219
4138 4198 8336
4189 4200 8389
4119 4190 8309
4188 4190 8378
4195 4200 8395
4143 4191 8334
4102 4125 8227
4027 4091 8118
4133 4193 8326
4143 4167 8310
4032 4072 8104
4122 4175 8297
4061 4076 8137
4149 4199 8348
4186 4196 8382
4050 4140 8190
4033 4125 8158
4083 4158 8241
4188 4197 8385
4040 4139 8179
4163 4182 8345
4119 4168 8287
4051 4055 8106
4166 4172 8338
4170 4194 8364
4135 4145 8280
4007 4149 8156
4097 4122 8219
4187 4195 8382
4140 4149 8289
4153 4156 8309
4074 4196 8270
4080 4199 8279
4146 4183 8329
4105 4117 8222
4049 4169 8218
4159 4181 8340
4167 4170 8337
4086 4107 8193
4055 4056 8111
4037 4184 8221
4194 4198 8392
4151 4192 8343
4162 4192 8354
4092 4147 8239
4022 4108 8130
4089 4154 8243
4127 4193 8320
4178 4189 8367
4136 4149 8285
4160 4190 8350
4187 4197 8384
4138 4169 8307
4053 4178 8231
4171 4181 8352
4099 4183 8282
4088 4176 8264
4136 4198 8334
4178 4190 8368
4054 4137 8191
4193 4200 8393
4187 4191 8378
4147 4197 8344
4023 4079 8102
4049 4161 8210
4188 4200 8388
4029 4134 8163
4175 4200 8375
4144 4180 8324
4082 4130 8212
4147 4200 8347
4035 4066 8101
4191 4193 8384
4088 4101 8189
4061 4113 8174
4002 4004 8006
4126 4148 8274
4137 4140 8277
4179 4200 8379
4162 4178 8340
4121 4182 8303
4021 4042 8063
4123 4185 8308
4148 4165 8313
4068 4156 8224
4003 4110 8113
4028 4180 8208
4165 4177 8342
4179 4194 8373
4096 4163 8259
4058 4125 8183
4038 4151 8189
4103 4112 8215
4151 4200 8351
4044 4125 8169
4063 4170 8233
4053 4185 8238
4145 4185 8330
4148 4166 8314
4159 4194 8353
4104 4139 8243
4144 4167 8311
4142 4155 8297
4032 4079 8111
4017 4141 8158
4031 4199 8230
4060 4186 8246
4033 4055 8088
4125 4192 8317
4092 4100 8192
4105 4156 8261
4196 4199 8395
4151 4170 8321
4161 4162 8323
4051 4148 8199
4121 4184 8305
4095 4112 8207
4151 4185 8336
4070 4149 8219
4115 4175 8290
4003 4114 8117
4157 4184 8341
4046 4082 8128
4066 4079 8145
4180 4187 8367
4176 4179 8355
4004 4166 8170
4096 4192 8288
4059 4088 8147
4131 4188 8319
4021 4126 8147
4009 4040 8049
4101 4141 8242
4097 4167 8264
4014 4135 8149

4174 4186 8345
4206 4286 8480
4211 4282 8457
4281 4297 8575
4238 4291 8514
4118 4223 8329
4129 4213 8332
4228 4250 8442
4268 4294 8522
4237 4247 8448
4295 4300 8581
4270 4281 8525
4142 4273 8405
4225 4234 8455
4142 4265 8396
4138 4216 8323
4282 4295 8549
4102 4221 8297
4238 4278 8491
4123 4210 8310
4110 4170 8265
4213 4250 8433
4237 4276 8502
4186 4264 8439
4247 4259 8472
4237 4281 8488
4294 4296 8572
4142 4237 8375
4150 4163 8293
4200 4239 8416
4260 4266 8518
4208 4212 8389
4216 4225 8440
4248 4271 8488
4191 4288 8469
4118 4178 8284
4262 4299 8551
4290 4291 8579
4270 4278 8524
4151 4175 8306
4293 4299 8567
4163 4294 8455
4269 4297 8564
4168 4256 8415
4246 4280 8524
4154 4218 8342
4169 4273 8433
4182 4186 8342
4232 4273 8497
4213 4222 8395
4227 4296 8487
4101 4263 8346
4221 4252 8450
4288 4292 8546
4210 4274 8481
4287 4299 8579
4243 4261 8498
4250 4288 8522
4108 4171 8262
4104 4259 8350
4101 4175 8250
4265 4278 8517
4118 4128 8211
4281 4289 8552
4169 4185 8353
4281 4295 8555
4234 4252 8449
4146 4219 8328
4299 4300 8580
4193 4274 8448
4289 4292 8576
4261 4288 8520
4218 4300 8517
4278 4285 8553
4194 4268 8453
4287 4288 8539
4129 4147 8264
4202 4298 8488
4274 4296 8535
4242 4253 8474
4265 4277 8522
4207 4221 8393
4228 4279 8496
4233 4255 8469
4238 4248 8472
4240 4273 8480
4194 4285 8476
4138 4202 8331
4279 4288 8563
4224 4293 8515
4277 4297 8536
4138 4218 8324
4194 4272 8435
4127 4129 8246
4162 4255 8397
4117 4163 8248
4152 4173 8294
4137 4202 8336
4190 4268 8435
4124 4136 8256
4181 4238 8416
4161 4244 8368
4276 4288 8554
4171 4203 8345
4275 4279 8514
4285 4300 8578
4172 4188 8355
4107 4204 8303
4176 4242 8398
4266 4273 8520
4271 4282 8520
4212 4247 8436
4101 4127 8223
4163 4289 8437
4208 4289 8484
4231 4286 8504
4136 4299 8415
4166 4208 8357
4277 4282 8544
4250 4293 8528
4172 4232 8373
4295 4296 8578
4239 4282 8516
4196 4212 8375
4240 4253 8458
4152 4251 8388
4255 4261 8480
4188 4273 8440
4118 4155 8244
4144 4183 8322
4146 4250 8370
4220 4273 8468
4157 4168 8290
4242 4259 8498
4246 4272 8511
4291 4297 8574
4297 4298 8566
4281 4284 8563
4213 4235 8411
4282 4289 8567
4250 4251 8478
4251 4272 8512
4169 4206 8360
4238 4269 8467
4123 4254 8343
4291 4296 8567
4177 4269 8429
4247 4272 8501
4172 4175 8329
4234 4246 8468
4100 4118 8195
4256 4264 8481
4170 4207 8370
4287 4290 8568
4244 4263 8475
4167 4288 8424
4261 4287 8537
4149 4278 8411
4149 4235 8345
4150 4273 8387
4282 4299 8577
4190 4284 8462
4230 4280 8472
4235 4256 8485
4259 4295 8553
4198 4275 8472
4270 4275 8524
4276 4296 8559
4212 4252 8438
4291 4296 8570
4235 4250 8454
4238 4250 8479
4231 4265 8495
4106 4154 8244
4168 4269 8433
4255 4286 8503
4115 4204 8288
4157 4164 8282
4182 4277 8443
4202 4254 8446
4249 4255 8482
4227 4292 8481
4197 4259 8444
4139 4206 8323
4184 4229 8411
4191 4279 8456
4178 4186 8353
4178 4243 8395
4193 4194 8354
4110 4181 8254
4155 4261 8401
4116 4291 8390
4197 4207 8379
4290 4292 8574
4209 4242 8428
4176 4237 8386
4166 4186 8321
4100 4164 8229
4110 4223 8331
4270 4275 8544
4115 4262 8373
4200 4280 8460
4128 4287 8414
4167 4238 8376
4185 4246 8421
4162 4256 8394
4157 4253 8379
4216 4253 8442
4295 4297 8575
4194 4270 8458
4279 4291 8537
4119 4276 8359
4256 4273 8524
4139 4264 8390
4193 4229 8404
4235 4284 8512
4190 4270 8442
4225 4284 8491
4203 4249 8428
4190 4278 8444
4293 4295 8564
4234 4290 8494
4275 4296 8553
4213 4217 8424
4175 4261 8414
4293 4296 8569
4293 4296 8572
4115 4189 8272
4239 4285 8500
4163 4234 8378
4221 4262 8449
4274 4291 8557
4135 4214 8332
4291 4294 8556
4259 4299 8552
4299 4300 8568
4222 4262 8457
4258 4295 8523
4246 4282 8509
4128 4187 8287
4140 4210 8313
4161 4251 8375
4196 4208 8393
4190 4275 8438
4296 4299 8566
4208 4212 8406
4201 4290 8463
4104 4124 8212
4269 4297 8559
4299 4300 8559
4222 4291 8485
4233 4255 8470
4129 4245 8372
4203 4289 8489
4100 4258 8324
4226 4273 8485
4199 4219 8386
4136 4218 8324
4233 4286 8494
4101 4148 8215
4157 4244 8396
4116 4174 8259
4243 4289 8531
4167 4212 8373
4232 4251 8466
4139 4297 8420
4132 4144 8269
4236 4264 8484
4134 4196 8309
4177 4271 8438
4109 4228 8314
4215 4271 8448
4269 4296 8545
4212 4229 8403
4237 4264 8481
4248 4279 8498
4123 4188 8293
4219 4297 8488
4195 4255 8415
4155 4255 8379
4261 4294 8516
4286 4292 8539
4243 4251 8488
4278 4294 8541
4252 4290 8521
4271 4300 8541
4246 4291 8512
4257 4260 8507
4181 4229 8378
4288 4293 8546
4254 4266 8494
4212 4239 8448
4113 4270 8357
4231 4239 8463
4280 4288 8551
4190 4290 8467
4229 4288 8516
4215 4247 8434
4194 4300 8465
4113 4135 8230
4234 4264 8476
4184 4289 8442
4136 4163 8288
4293 4295 8575
4223 4253 8436
4161 4180 8304
4114 4194 8288
4124 4149 8235
4134 4289 8406
4132 4204 8301
4137 4178 8276
4219 4269 8470
4141 4143 8265
4290 4298 8550
4250 4271 8500
4194 4256 8447
4199 4220 8381
4175 4236 8379
4185 4258 8441
4197 4220 8391
4234 4261 8483
4112 4188 8278
4250 4295 8520
4235 4258 8472
4282 4293 8535
4292 4298 8553
4156 4207 8354
4197 4225 8399
4118 4293 8403
4184 4243 8425
4199 4257 8446
4235 4292 8505
4146 4220 8344
4119 4157 8237
4217 4254 8453
4227 4242 8466
4117 4176 8256
4121 4150 8247
4179 4280 8446
4155 4224 8377
4115 4174 8273
4154 4213 8331
4282 4289 8559
4144 4201 8324
4118 4193 8297
4238 4248 8464
4267 4268 8502
4191 4260 8439
4217 4276 8476
4227 4276 8490
4182 4214 8389
4219 4259 8464
4270 4291 8553
4231 4300 8510
4294 4300 8570
4255 4264 8490
4257 4292 8511
4194 4196 8364
4152 4197 8341
4166 4287 8425
4156 4200 8320
4142 4236 8348
4210 4264 8468
4113 4277 8373
4277 4287 8524
4134 4263 8380
4191 4213 8371
4168 4220 8386
4261 4283 8519
4228 4236 8443
4289 4296 8574
4179 4194 8360
4266 4278 8533
4271 4277 8545
4237 4263 8476
4203 4286 8477
4264 4270 8518
4292 4293 8579
4126 4300 8418
4244 4258 8474
4107 4275 8343
4187 4262 8422
4123 4226 8340
4253 4283 8496
4264 4296 8536
4164 4175 8307
4266 4275 8502
4266 4295 8524
4109 4191 8265
4179 4201 8372
4274 4300 8556
4192 4286 8455
4167 4194 8336
4209 4291 8487
4259 4294 8520
4259 4298 8525
4251 4255 8481
4260 4300 8558
4225 4260 8469
4156 4252 8373
4263 4266 8506
4282 4291 8538
4210 4249 8455
4206 4241 8420
4266 4291 8520
4209 4290 8475
4172 4233 8377
4251 4267 8513
4217 4229 8419
4266 4288 8547
4299 4300 8581
4233 4272 8484
4148 4206 8338
4222 4250 8445
4153 4293 8435
4250 4259 8482
4193 4231 8404
4160 4168 8293
4287 4297 8580
4227 4263 8470
4264 4299 8550
4197 4230 8400
4219 4262 8461
4228 4284 8475
4102 4160 8256
4201 4250 8417
4122 4232 8324
4121 4279 8370
4174 4245 8399
4275 4295 8553
4209 4241 8435
4216 4291 8491
4269 4273 8512
4210 4256 8428
4183 4211 8358
4147 4195 8314
4180 4289 8438
4177 4264 8437
4214 4247 8440
4264 4294 8543
4148 4236 8353
4177 4250 8418
4298 4300 8583
4278 4294 8545
4205 4229 8401
4149 4155 8270
4208 4262 8438
4242 4285 8526
4297 4298 8587
4227 4248 8452
4147 4184 8306
4234 4285 8517
4255 4256 8506
4177 4216 8378
4275 4293 8539
4273 4289 8545
4218 4224 8415
4197 4293 8476
4152 4280 8401
4252 4257 8502
4131 4234 8358
4161 4254 8401
4190 4291 8448
4227 4282 8495
4180 4239 8382
4238 4298 8503
4289 4300 8564
4219 4290 8476
4288 4290 8547
4295 4300 8567
4243 4291 8512
4202 4225 8426
4127 4191 8283
4233 4293 8522
4243 4267 8485
4132 4172 8282
4222 4275 8488
4161 4176 8323
4249 4299 8531
4286 4296 8556
4150 4240 8388
4133 4225 8333
4183 4258 8438
4288 4297 8554
4140 4239 8349
4263 4282 8530
4219 4268 8463
4151 4155 8303
4266 4272 8533
4270 4294 8547
4235 4245 8443
4107 4249 8320
4197 4222 8409
4287 4295 8561
4240 4249 8453
4253 4256 8499
4174 4296 8443
4180 4299 8472
4246 4283 8493
4205 4217 8397
4149 4269 8392
4259 4281 8537
4267 4270 8534
4186 4207 8371
4155 4156 8302
4137 4284 8394
4294 4298 8583
4251 4292 8503
4262 4292 8517
4192 4247 8409
4122 4208 8314
4189 4254 8404
4227 4293 8484
4278 4289 8547
4236 4249 8482
4260 4290 8547
4287 4297 8577
4238 4269 8487
4153 4278 8402
4271 4281 8544
4199 4283 8458
4188 4276 8441
4236 4298 8520
4278 4290 8549
4154 4237 8377
4293 4300 8584
4287 4291 8560
4247 4297 8532
4123 4179 8288
4149 4261 8380
4288 4300 8553
4129 4234 8358
4275 4300 8549
4244 4280 8494
4182 4230 8397
4247 4300 8510
4135 4166 8269
4291 4293 8581
4188 4201 8381
4161 4213 8337
4102 4104 8201
4226 4248 8440
4237 4240 8462
4279 4300 8547
4262 4278 8503
4221 4282 8469
4121 4142 8260
4223 4285 8493
4248 4265 8504
4168 4256 8415
4103 4210 8299
4128 4280 8386
4265 4277 8513
4279 4294 8562
4196 4263 8428
4158 4225 8369
4138 4251 8377
4203 4212 8391
4251 4300 8525
4144 4225 8331
4163 4270 8422
4153 4285 8405
4245 4285 8517
4248 4266 8496
4259 4294 8523
4204 4239 8430
4244 4267 8483
4242 4255 8473
4132 4179 8283
4117 4241 8330
4131 4299 8428
4160 4286 8436
4133 4155 8261
4225 4292 8485
4192 4200 8373
4205 4256 8446
4296 4299 8575
4251 4270 8493
4261 4262 8522
4151 4248 8396
4221 4284 8504
4195 4212 8386
4251 4285 8503
4170 4249 8416
4215 4275 8486
4103 4214 8294
4257 4284 8536
4146 4182 8297
4166 4179 8335
4280 4287 8544
4276 4279 8550
4104 4266 8349
4196 4292 8479
4159 4188 8314
4231 4288 8484
4121 4226 8335
4109 4140 8224
4201 4241 8410
4197 4267 8454
4114 4235 8313

0.010000 0.540000
