700
1533132
4185 4199 8384
4173 4186 8359
4168 4183 8351
4117 4167 8284
4017 4167 8184
4102 4129 8231
4195 4198 8393
4067 4160 8227
4146 4147 8293
4152 4183 8335
4136 4180 8316
4124 4151 8275
4110 4112 8222
4019 4039 8058
4066 4138 8204
4093 4163 8256
4108 4181 8289
4186 4192 8378
4092 4095 8187
4032 4071 8103
4166 4191 8357
4172 4200 8372
4139 4184 8323
4112 4175 8287
4023 4046 8069
4022 4118 8140
4140 4179 8319
4026 4128 8154
4001 4030 8031
4006 4092 8098
4014 4194 8208
4013 4159 8172
4085 4174 8259
4107 4111 8218
4003 4152 8155
4198 4199 8397
4010 4195 8205
4115 4144 8259
4186 4199 8385
4101 4117 8218
4147 4187 8334
4165 4177 8342
4024 4129 8153
4156 4177 8333
4012 4104 8116
4073 4198 8271
4040 4197 8237
4122 4181 8303
4172 4200 8372
4029 4146 8175
4047 4069 8116
4099 4121 8220
4145 4163 8308
4114 4159 8273
4181 4187 8368
4147 4165 8312
4007 4054 8061
4111 4179 8290
4040 4083 8123
4147 4187 8334
4106 4169 8275
4076 4166 8242
4123 4189 8312
4163 4193 8356
4086 4104 8190
4121 4198 8319
4030 4120 8150
4177 4188 8365
4036 4104 8140
4120 4139 8259
4134 4189 8323
4041 4146 8187
4031 4050 8081
4105 4197 8302
4023 4193 8216
4085 4160 8245
4023 4096 8119
4061 4200 8261
4128 4195 8323
4127 4182 8309
4149 4165 8314
4021 4071 8092
4032 4102 8134
4069 4195 8264
4071 4138 8209
4068 4179 8247
4031 4084 8115
4028 4148 8176
4062 4146 8208
4026 4160 8186
4080 4114 8194
4089 4164 8253
4070 4102 8172
4099 4101 8200
4196 4197 8393
4164 4184 8348
4084 4113 8197
4184 4191 8375
4161 4171 8332
4142 4181 8323
4150 4168 8318
4197 4199 8396
4165 4192 8357
4045 4108 8153
4087 4139 8226
4179 4197 8376
4005 4159 8164
4077 4190 8267
4009 4162 8171
4166 4186 8352
4002 4163 8165
4082 4091 8173
4063 4101 8164
4113 4141 8254
4117 4158 8275
4100 4127 8227
4035 4057 8092
4137 4200 8337
4017 4137 8154
4058 4120 8178
4052 4137 8189
4041 4073 8114
4042 4185 8227
4074 4183 8257
4012 4068 8080
4004 4104 8108
4132 4187 8319
4056 4151 8207
4096 4139 8235
4032 4039 8071
4166 4186 8352
4053 4161 8214
4008 4010 8018
4105 4106 8211
4016 4186 8202
4131 4185 8316
4122 4131 8253
4027 4157 8184
4065 4130 8195
4110 4116 8226
4009 4082 8091
4061 4064 8125
4182 4199 8381
4093 4162 8255
4123 4178 8301
4090 4188 8278
4071 4103 8174
4089 4143 8232
4058 4192 8250
4042 4069 8111
4019 4027 8046
4133 4152 8285
4162 4168 8330
4129 4146 8275
4007 4178 8185
4096 4188 8284
4084 4173 8257
4167 4200 8367
4106 4132 8238
4039 4182 8221
4058 4085 8143
4000 4102 8102
4075 4104 8179
4111 4179 8290
4035 4058 8093
4189 4194 8383
4071 4128 8199
4073 4189 8262
4032 4064 8096
4186 4190 8376
4133 4141 8274
4063 4076 8139
4159 4176 8335
4129 4196 8325
4067 4089 8156
4150 4162 8312
4056 4168 8224
4104 4107 8211
4158 4182 8340
4140 4164 8304
4070 4090 8160
4151 4169 8320
4189 4198 8387
4005 4184 8189
4031 4134 8165
4093 4140 8233
4047 4156 8203
4025 4125 8150
4014 4017 8031
4147 4199 8346
4069 4094 8163
4097 4184 8281
4056 4183 8239
4153 4183 8336
4018 4188 8206
4058 4060 8118
4030 4047 8077
4008 4138 8146
4121 4127 8248
4001 4124 8125
4130 4183 8313
4096 4118 8214
4127 4128 8255
4127 4140 8267
4140 4163 8303
4171 4191 8362
4098 4112 8210
4103 4192 8295
4078 4129 8207
4002 4132 8134
4066 4105 8171
4134 4189 8323
4102 4190 8292
4047 4184 8231
4094 4098 8192
4018 4084 8102
4083 4127 8210
4003 4060 8063
4129 4166 8295
4039 4067 8106
4195 4197 8392
4153 4176 8329
4054 4196 8250
4078 4199 8277
4100 4185 8285
4090 4179 8269
4145 4185 8330
4175 4181 8356
4089 4097 8186
4003 4094 8097
4039 4120 8159
4105 4187 8292
4118 4132 8250
4156 4161 8317
4064 4194 8258
4032 4152 8184
4127 4134 8261
4171 4172 8343
4195 4197 8392
4127 4180 8307
4157 4166 8323
4000 4152 8152
4114 4121 8235
4021 4120 8141
4122 4178 8300
4162 4165 8327
4144 4178 8322
4173 4190 8363
4127 4185 8312
4195 4197 8392
4055 4186 8241
4185 4191 8376
4058 4096 8154
4008 4067 8075
4037 4146 8183
4183 4200 8383
4085 4132 8217
4076 4093 8169
4009 4113 8122
4087 4176 8263
4084 4176 8260
4165 4199 8364
4042 4120 8162
4131 4179 8310
4183 4191 8374
4103 4180 8283
4088 4144 8232
4049 4063 8112
4072 4189 8261
4192 4195 8387
4126 4195 8321
4117 4198 8315
4182 4197 8379
4148 4170 8318
4151 4158 8309
4131 4157 8288
4099 4175 8274
4146 4177 8323
4129 4131 8260
4092 4106 8198
4162 4193 8355
4038 4094 8132
4111 4185 8296
4023 4186 8209
4004 4143 8147
4121 4170 8291
4106 4135 8241
4138 4166 8304
4059 4124 8183
4142 4193 8335
4185 4196 8381
4024 4056 8080
4152 4194 8346
4167 4181 8348
4024 4190 8214
4014 4032 8046
4098 4115 8213
4072 4164 8236
4038 4199 8237
4122 4134 8256
4192 4199 8391
4082 4169 8251
4131 4169 8300
4131 4136 8267
4160 4188 8348
4187 4196 8383
4018 4050 8068
4095 4152 8247
4176 4184 8360
4060 4151 8211
4082 4091 8173
4160 4173 8333
4004 4068 8072
4164 4193 8357
4018 4184 8202
4016 4075 8091
4136 4141 8277
4011 4044 8055
4093 4172 8265
4128 4140 8268
4055 4078 8133
4049 4062 8111
4115 4148 8263
4156 4185 8341
4004 4119 8123
4096 4110 8206
4089 4107 8196
4082 4146 8228
4057 4064 8121
4160 4196 8356
4180 4186 8366
4002 4043 8045
4110 4135 8245
4138 4156 8294
4034 4107 8141
4080 4094 8174
4020 4079 8099
4000 4113 8113
4016 4024 8040
4088 4171 8259
4161 4173 8334
4187 4193 8380
4114 4200 8314
4114 4180 8294
4157 4185 8342
4172 4192 8364
4192 4198 8390
4006 4031 8037
4094 4138 8232
4151 4188 8339
4141 4145 8286
4026 4145 8171
4096 4118 8214
4093 4137 8230
4029 4049 8078
4130 4177 8307
4017 4113 8130
4058 4074 8132
4159 4163 8322
4119 4179 8298
4107 4188 8295
4103 4197 8300
4176 4191 8367
4051 4187 8238
4018 4024 8042
4040 4089 8129
4098 4165 8263
4132 4162 8294
4008 4167 8175
4096 4102 8198
4012 4167 8179
4160 4191 8351
4102 4193 8295
4020 4109 8129
4051 4127 8178
4184 4197 8381
4110 4150 8260
4127 4137 8264
4072 4113 8185
4136 4194 8330
4190 4196 8386
4060 4159 8219
4107 4128 8235
4030 4196 8226
4087 4158 8245
4033 4184 8217
4160 4177 8337
4162 4182 8344
4005 4019 8024
4138 4160 8298
4160 4180 8340
4133 4149 8282
4081 4194 8275
4028 4036 8064
4083 4144 8227
4100 4108 8208
4045 4128 8173
4179 4198 8377
4004 4030 8034
4183 4195 8378
4158 4172 8330
4086 4149 8235
4197 4198 8395
4166 4195 8361
4016 4195 8211
4170 4173 8343
4059 4102 8161
4123 4175 8298
4174 4189 8363
4028 4151 8179
4100 4160 8260
4062 4200 8262
4169 4183 8352
4108 4181 8289
4023 4134 8157
4029 4177 8206
4090 4123 8213
4030 4123 8153
4028 4146 8174
4179 4181 8360
4122 4127 8249
4170 4181 8351
4134 4159 8293
4124 4131 8255
4065 4127 8192
4199 4200 8399
4053 4148 8201
4126 4146 8272
4053 4057 8110
4036 4159 8195
4040 4112 8152
4017 4075 8092
4158 4171 8329
4144 4191 8335
4026 4170 8196
4002 4107 8109
4022 4150 8172
4163 4197 8360
4083 4173 8256
4044 4179 8223
4078 4132 8210
4068 4186 8254
4138 4177 8315
4145 4192 8337
4014 4042 8056
4044 4051 8095
4001 4134 8135
4104 4170 8274
4019 4127 8146
4107 4120 8227
4153 4156 8309
4183 4197 8380
4088 4187 8275
4074 4087 8161
4199 4200 8399
4148 4150 8298
4166 4175 8341
4113 4148 8261
4030 4118 8148
4071 4075 8146
4013 4165 8178
4067 4189 8256
4174 4198 8372
4106 4112 8218
4046 4091 8137
4078 4127 8205
4148 4191 8339
4140 4199 8339
4177 4187 8364
4175 4196 8371
4051 4143 8194
4114 4124 8238
4036 4169 8205
4078 4109 8187
4179 4181 8360
4151 4164 8315
4045 4133 8178
4102 4162 8264
4065 4200 8265
4190 4193 8383
4106 4128 8234
4057 4089 8146
4015 4199 8214
4181 4199 8380
4093 4135 8228
4049 4140 8189
4084 4151 8235
4117 4154 8271
4141 4148 8289
4098 4157 8255
4157 4168 8325
4128 4196 8324
4194 4197 8391
4046 4179 8225
4149 4158 8307
4018 4023 8041
4184 4188 8372
4129 4181 8310
4139 4162 8301
4156 4182 8338
4040 4161 8201
4031 4166 8197
4195 4200 8395
4092 4098 8190
4154 4167 8321
4083 4152 8235
4047 4158 8205
4089 4103 8192
4119 4167 8286
4098 4138 8236
4014 4031 8045
4182 4200 8382
4005 4116 8121
4167 4172 8339
4053 4144 8197
4085 4165 8250
4067 4172 8239
4176 4187 8363
4164 4190 8354
4071 4097 8168
4104 4170 8274
4113 4187 8300
4068 4168 8236
4025 4096 8121
4038 4169 8207
4032 4086 8118
4191 4194 8385
4041 4101 8142
4052 4144 8196
4169 4183 8352
4007 4038 8045
4170 4181 8351
4139 4195 8334
4003 4169 8172
4099 4196 8295
4060 4178 8238
4152 4194 8346
4011 4047 8058
4190 4192 8382
4143 4148 8291
4059 4087 8146
4031 4168 8199
4129 4185 8314
4130 4139 8269
4022 4039 8061
4094 4170 8264
4004 4141 8145
4087 4117 8204
4106 4159 8265
4055 4071 8126
4161 4190 8351
4170 4195 8365
4086 4139 8225
4183 4195 8378
4161 4179 8340
4099 4135 8234
4088 4090 8178
4063 4115 8178
4034 4136 8170
4024 4120 8144
4048 4104 8152
4101 4194 8295
4016 4017 8033
4006 4025 8031
4106 4182 8288
4146 4165 8311
4018 4167 8185
4193 4200 8393
4172 4194 8366
4053 4121 8174
4120 4197 8317
4002 4011 8013
4161 4189 8350
4014 4045 8059
4003 4079 8082
4145 4163 8308
4117 4134 8251
4158 4191 8349
4132 4170 8302
4148 4163 8311
4176 4183 8359
4197 4198 8395
4169 4188 8357
4167 4196 8363
4007 4198 8205
4067 4106 8173
4061 4135 8196
4124 4178 8302
4025 4063 8088
4028 4170 8198
4191 4194 8385
4101 4148 8249
4158 4189 8347
4198 4199 8397
4093 4129 8222
4064 4152 8216
4078 4198 8276
4133 4180 8313
4025 4030 8055
4187 4199 8386
4176 4195 8371
4034 4173 8207
4076 4173 8249
4064 4188 8252
4026 4064 8090
4175 4189 8364
4066 4114 8180
4123 4162 8285
4168 4170 8338
4078 4184 8262
4197 4199 8396
4138 4160 8298
4015 4103 8118
4098 4136 8234
4101 4158 8259
4004 4163 8167
4004 4078 8082
4190 4196 8386
4088 4197 8285
4021 4126 8147
4199 4200 8399
4062 4081 8143
4054 4166 8220
4001 4010 8011
4189 4190 8379
4195 4197 8392
4063 4095 8158
4152 4154 8306
4126 4191 8317
4083 4084 8167
4168 4186 8354
4098 4200 8298
4012 4143 8155
4177 4179 8356
4059 4127 8186
4067 4156 8223
4021 4127 8148
4161 4196 8357
4134 4169 8303
4056 4144 8200
4041 4051 8092
4006 4136 8142
4119 4194 8313
4034 4100 8134
4030 4070 8100
4071 4170 8241
4109 4175 8284
4115 4138 8253
4036 4164 8200
4072 4111 8183
4089 4107 8196
4047 4082 8129
4196 4198 8394
4086 4189 8275
4158 4160 8318
4077 4147 8224
4166 4177 8343
4093 4112 8205
4078 4194 8272
4150 4153 8303
4059 4137 8196
4133 4184 8317
4071 4107 8178
4070 4183 8253
4014 4188 8202
4003 4095 8098
4197 4200 8397
4121 4154 8275
4050 4197 8247
4196 4199 8395
4001 4096 8097
4024 4092 8116
4055 4145 8200
4096 4192 8288
4177 4193 8370
4020 4059 8079
4198 4200 8398
4108 4185 8293
4025 4053 8078
4122 4148 8270
4047 4197 8244
4136 4190 8326
4042 4074 8116
4001 4075 8076
4040 4090 8130
4035 4156 8191
4185 4188 8373
4103 4159 8262
4168 4191 8359
4092 4107 8199
4082 4128 8210
4147 4194 8341
4019 4147 8166
4099 4170 8269
4142 4168 8310
4039 4155 8194
4072 4112 8184
4199 4200 8399
4114 4188 8302
4148 4159 8307

4285 4299 8566
4273 4286 8538
4268 4283 8544
4217 4267 8475
4117 4267 8379
4202 4229 8406
4295 4298 8567
4167 4260 8388
4246 4247 8487
4252 4283 8508
4236 4280 8493
4224 4251 8474
4210 4212 8414
4119 4139 8236
4166 4238 8389
4193 4263 8455
4208 4281 8461
4286 4292 8559
4192 4195 8376
4132 4171 8297
4266 4291 8529
4272 4300 8533
4239 4284 8494
4212 4275 8452
4123 4146 8267
4122 4218 8332
4240 4279 8505
4126 4228 8351
4101 4130 8204
4106 4192 8285
4114 4294 8392
4113 4259 8359
4185 4274 8453
4207 4211 8389
4103 4252 8322
4298 4299 8585
4110 4295 8372
4215 4244 8438
4286 4299 8561
4201 4217 8385
4247 4287 8512
4265 4277 8506
4124 4229 8340
4256 4277 8522
4112 4204 8305
4173 4298 8463
4140 4297 8407
4222 4281 8466
4272 4300 8540
4129 4246 8367
4147 4169 8298
4199 4221 8398
4245 4263 8501
4214 4259 8453
4281 4287 8536
4247 4265 8483
4107 4154 8226
4211 4279 8467
4140 4183 8298
4247 4287 8533
4206 4269 8446
4176 4266 8416
4223 4289 8488
4263 4293 8548
4186 4204 8387
4221 4298 8480
4130 4220 8346
4277 4288 8552
4136 4204 8311
4220 4239 8430
4234 4289 8504
4141 4246 8349
4131 4150 8268
4205 4297 8499
4123 4293 8392
4185 4260 8417
4123 4196 8301
4161 4300 8438
4228 4295 8494
4227 4282 8482
4249 4265 8513
4121 4171 8285
4132 4202 8308
4169 4295 8425
4171 4238 8390
4168 4279 8430
4131 4184 8277
4128 4248 8339
4162 4246 8393
4126 4260 8385
4180 4214 8363
4189 4264 8426
4170 4202 8346
4199 4201 8384
4296 4297 8561
4264 4284 8519
4184 4213 8358
4284 4291 8570
4261 4271 8523
4242 4281 8520
4250 4268 8481
4297 4299 8571
4265 4292 8521
4145 4208 8346
4187 4239 8400
4279 4297 8562
4105 4259 8328
4177 4290 8451
4109 4262 8346
4266 4286 8544
4102 4263 8328
4182 4191 8360
4163 4201 8362
4213 4241 8438
4217 4258 8459
4200 4227 8426
4135 4157 8277
4237 4300 8523
4117 4237 8317
4158 4220 8356
4152 4237 8374
4141 4173 8279
4142 4285 8407
4174 4283 8448
4112 4168 8277
4104 4204 8273
4232 4287 8499
4156 4251 8399
4196 4239 8426
4132 4139 8241
4266 4286 8544
4153 4261 8387
4108 4110 8196
4205 4206 8394
4116 4286 8379
4231 4285 8491
4222 4231 8418
4127 4257 8379
4165 4230 8375
4210 4216 8413
4109 4182 8271
4161 4164 8293
4282 4299 8567
4193 4262 8431
4223 4278 8478
4190 4288 8456
4171 4203 8350
4189 4243 8417
4158 4292 8424
4142 4169 8305
4119 4127 8208
4233 4252 8457
4262 4268 8493
4229 4246 8446
4107 4278 8353
4196 4288 8460
4184 4273 8436
4267 4300 8554
4206 4232 8419
4139 4282 8394
4158 4185 8314
4100 4202 8291
4175 4204 8341
4211 4279 8482
4135 4158 8276
4289 4294 8562
4171 4228 8363
4173 4289 8437
4132 4164 8295
4286 4290 8548
4233 4241 8434
4163 4176 8302
4259 4276 8513
4229 4296 8487
4167 4189 8344
4250 4262 8497
4156 4268 8416
4204 4207 8410
4258 4282 8522
4240 4264 8491
4170 4190 8332
4251 4269 8512
4289 4298 8580
4105 4284 8381
4131 4234 8356
4193 4240 8418
4147 4256 8386
4125 4225 8344
4114 4117 8219
4247 4299 8541
4169 4194 8355
4197 4284 8461
4156 4283 8408
4253 4283 8497
4118 4288 8387
4158 4160 8300
4130 4147 8272
4108 4238 8327
4221 4227 8431
4101 4224 8308
4230 4283 8507
4196 4218 8413
4227 4228 8441
4227 4240 8439
4240 4263 8466
4271 4291 8528
4198 4212 8374
4203 4292 8473
4178 4229 8370
4102 4232 8325
4166 4205 8354
4234 4289 8502
4202 4290 8468
4147 4284 8395
4194 4198 8368
4118 4184 8283
4183 4227 8387
4103 4160 8238
4229 4266 8460
4139 4167 8298
4295 4297 8583
4253 4276 8491
4154 4296 8421
4178 4299 8443
4200 4285 8473
4190 4279 8461
4245 4285 8496
4275 4281 8546
4189 4197 8356
4103 4194 8280
4139 4220 8335
4205 4287 8481
4218 4232 8447
4256 4261 8496
4164 4294 8449
4132 4252 8360
4227 4234 8426
4271 4272 8539
4295 4297 8555
4227 4280 8469
4257 4266 8503
4100 4252 8349
4214 4221 8397
4121 4220 8307
4222 4278 8474
4262 4265 8518
4244 4278 8514
4273 4290 8530
4227 4285 8474
4295 4297 8572
4155 4286 8424
4285 4291 8571
4158 4196 8323
4108 4167 8269
4137 4246 8374
4283 4300 8550
4185 4232 8413
4176 4193 8349
4109 4213 8291
4187 4276 8441
4184 4276 8430
4265 4299 8532
4142 4220 8335
4231 4279 8477
4283 4291 8572
4203 4280 8457
4188 4244 8398
4149 4163 8310
4172 4289 8460
4292 4295 8576
4226 4295 8493
4217 4298 8508
4282 4297 8565
4248 4270 8480
4251 4258 8477
4231 4257 8471
4199 4275 8437
4246 4277 8494
4229 4231 8420
4192 4206 8370
4262 4293 8526
4138 4194 8300
4211 4285 8471
4123 4286 8375
4104 4243 8337
4221 4270 8483
4206 4235 8437
4238 4266 8479
4159 4224 8345
4242 4293 8524
4285 4296 8558
4124 4156 8262
4252 4294 8538
4267 4281 8529
4124 4290 8406
4114 4132 8232
4198 4215 8387
4172 4264 8418
4138 4299 8400
4222 4234 8434
4292 4299 8571
4182 4269 8440
4231 4269 8473
4231 4236 8443
4260 4288 8512
4287 4296 8562
4118 4150 8264
4195 4252 8416
4276 4284 8543
4160 4251 8372
4182 4191 8360
4260 4273 8530
4104 4168 8253
4264 4293 8556
4118 4284 8378
4116 4175 8255
4236 4241 8449
4111 4144 8228
4193 4272 8458
4228 4240 8447
4155 4178 8315
4149 4162 8275
4215 4248 8453
4256 4285 8535
4104 4219 8316
4196 4210 8403
4189 4207 8393
4182 4246 8417
4157 4164 8315
4260 4296 8531
4280 4286 8553
4102 4143 8213
4210 4235 8405
4238 4256 8457
4134 4207 8315
4180 4194 8368
4120 4179 8283
4100 4213 8295
4116 4124 8218
4188 4271 8445
4261 4273 8511
4287 4293 8550
4214 4300 8503
4214 4280 8490
4257 4285 8520
4272 4292 8552
4292 4298 8587
4106 4131 8200
4194 4238 8401
4251 4288 8522
4241 4245 8451
4126 4245 8334
4196 4218 8392
4193 4237 8408
4129 4149 8240
4230 4277 8499
4117 4213 8307
4158 4174 8318
4259 4263 8505
4219 4279 8482
4207 4288 8491
4203 4297 8480
4276 4291 8536
4151 4287 8424
4118 4124 8227
4140 4189 8310
4198 4265 8435
4232 4262 8475
4108 4267 8340
4196 4202 8387
4112 4267 8357
4260 4291 8532
4202 4293 8481
4120 4209 8321
4151 4227 8372
4284 4297 8558
4210 4250 8437
4227 4237 8448
4172 4213 8376
4236 4294 8518
4290 4296 8551
4160 4259 8408
4207 4228 8423
4130 4296 8402
4187 4258 8415
4133 4284 8403
4260 4277 8502
4262 4282 8537
4105 4119 8193
4238 4260 8461
4260 4280 8503
4233 4249 8442
4181 4294 8440
4128 4136 8256
4183 4244 8403
4200 4208 8373
4145 4228 8362
4279 4298 8563
4104 4130 8200
4283 4295 8541
4258 4272 8507
4186 4249 8425
4297 4298 8591
4266 4295 8525
4116 4295 8409
4270 4273 8520
4159 4202 8323
4223 4275 8470
4274 4289 8556
4128 4251 8355
4200 4260 8429
4162 4300 8461
4269 4283 8532
4208 4281 8462
4123 4234 8352
4129 4277 8394
4190 4223 8376
4130 4223 8316
4128 4246 8371
4279 4281 8549
4222 4227 8433
4270 4281 8519
4234 4259 8462
4224 4231 8434
4165 4227 8386
4299 4300 8567
4153 4248 8392
4226 4246 8466
4153 4157 8298
4136 4259 8378
4140 4212 8349
4117 4175 8280
4258 4271 8515
4244 4291 8526
4126 4270 8366
4102 4207 8279
4122 4250 8334
4263 4297 8533
4183 4273 8437
4144 4279 8390
4178 4232 8405
4168 4286 8431
4238 4277 8507
4245 4292 8500
4114 4142 8249
4144 4151 8290
4101 4234 8296
4204 4270 8473
4119 4227 8324
4207 4220 8416
4253 4256 8479
4283 4297 8575
4188 4287 8442
4174 4187 8353
4299 4300 8585
4248 4250 8472
4266 4275 8539
4213 4248 8427
4130 4218 8338
4171 4175 8316
4113 4265 8353
4167 4289 8421
4274 4298 8548
4206 4212 8407
4146 4191 8310
4178 4227 8385
4248 4291 8513
4240 4299 8513
4277 4287 8555
4275 4296 8540
4151 4243 8392
4214 4224 8423
4136 4269 8391
4178 4209 8372
4279 4281 8546
4251 4264 8481
4145 4233 8377
4202 4262 8461
4165 4300 8435
4290 4293 8571
4206 4228 8418
4157 4189 8310
4115 4299 8391
4281 4299 8575
4193 4235 8405
4149 4240 8374
4184 4251 8432
4217 4254 8459
4241 4248 8464
4198 4257 8436
4257 4268 8513
4228 4296 8498
4294 4297 8569
4146 4279 8400
4249 4258 8478
4118 4123 8211
4284 4288 8564
4229 4281 8498
4239 4262 8473
4256 4282 8507
4140 4261 8394
4131 4266 8367
4295 4300 8569
4192 4198 8389
4254 4267 8493
4183 4252 8404
4147 4258 8400
4189 4203 8391
4219 4267 8470
4198 4238 8416
4114 4131 8222
4282 4300 8580
4105 4216 8299
4267 4272 8508
4153 4244 8384
4185 4265 8442
4167 4272 8402
4276 4287 8561
4264 4290 8548
4171 4197 8358
4204 4270 8473
4213 4287 8464
4168 4268 8420
4125 4196 8283
4138 4269 8374
4132 4186 8300
4291 4294 8551
4141 4201 8308
4152 4244 8375
4269 4283 8516
4107 4138 8227
4270 4281 8537
4239 4295 8509
4103 4269 8362
4199 4296 8476
4160 4278 8414
4252 4294 8533
4111 4147 8228
4290 4292 8542
4243 4248 8484
4159 4187 8321
4131 4268 8381
4229 4285 8490
4230 4239 8447
4122 4139 8227
4194 4270 8462
4104 4241 8325
4187 4217 8379
4206 4259 8439
4155 4171 8307
4261 4290 8528
4270 4295 8544
4186 4239 8389
4283 4295 8541
4261 4279 8526
4199 4235 8431
4188 4190 8358
4163 4215 8374
4134 4236 8361
4124 4220 8305
4148 4204 8343
4201 4294 8476
4116 4117 8232
4106 4125 8226
4206 4282 8473
4246 4265 8508
4118 4267 8365
4293 4300 8565
4272 4294 8538
4153 4221 8335
4220 4297 8498
4102 4111 8198
4261 4289 8544
4114 4145 8236
4103 4179 8265
4245 4263 8479
4217 4234 8434
4258 4291 8534
4232 4270 8472
4248 4263 8507
4276 4283 8536
4297 4298 8583
4269 4288 8520
4267 4296 8528
4107 4298 8375
4167 4206 8356
4161 4235 8392
4224 4278 8481
4125 4163 8276
4128 4270 8397
4291 4294 8583
4201 4248 8422
4258 4289 8524
4298 4299 8580
4193 4229 8403
4164 4252 8381
4178 4298 8465
4233 4280 8474
4125 4130 8226
4287 4299 8561
4276 4295 8538
4134 4273 8387
4176 4273 8412
4164 4288 8423
4126 4164 8254
4275 4289 8560
4166 4214 8369
4223 4262 8476
4268 4270 8520
4178 4284 8443
4297 4299 8589
4238 4260 8497
4115 4203 8290
4198 4236 8416
4201 4258 8426
4104 4263 8352
4104 4178 8262
4290 4296 8549
4188 4297 8472
4121 4226 8328
4299 4300 8588
4162 4181 8331
4154 4266 8382
4101 4110 8189
4289 4290 8556
4295 4297 8586
4163 4195 8352
4252 4254 8472
4226 4291 8494
4183 4184 8330
4268 4286 8523
4198 4300 8493
4112 4243 8348
4277 4279 8535
4159 4227 8349
4167 4256 8396
4121 4227 8341
4261 4296 8534
4234 4269 8486
4156 4244 8383
4141 4151 8283
4106 4236 8320
4219 4294 8511
4134 4200 8323
4130 4170 8294
4171 4270 8437
4209 4275 8449
4215 4238 8443
4136 4264 8381
4172 4211 8381
4189 4207 8372
4147 4182 8294
4296 4298 8563
4186 4289 8441
4258 4260 8501
4177 4247 8416
4266 4277 8516
4193 4212 8382
4178 4294 8433
4250 4253 8489
4159 4237 8387
4233 4284 8502
4171 4207 8375
4170 4283 8448
4114 4288 8381
4103 4195 8265
4297 4300 8561
4221 4254 8441
4150 4297 8420
4296 4299 8591
4101 4196 8260
4124 4192 8299
4155 4245 8367
4196 4292 8479
4277 4293 8557
4120 4159 8269
4298 4300 8575
4208 4285 8477
4125 4153 8277
4222 4248 8443
4147 4297 8412
4236 4290 8486
4142 4174 8298
4101 4175 8264
4140 4190 8293
4135 4256 8380
4285 4288 8553
4203 4259 8434
4268 4291 8556
4192 4207 8367
4182 4228 8403
4247 4294 8537
4119 4247 8329
4199 4270 8434
4242 4268 8470
4139 4255 8386
4172 4212 8362
4299 4300 8575
4214 4288 8484
4248 4259 8492

0.010000 0.260000
