800
4314801
4065 4105 8170
4128 4146 8274
4111 4189 8300
4003 4013 8016
4151 4158 8309
4188 4193 8381
4025 4068 8093
4121 4187 8308
4090 4196 8286
4041 4193 8234
4177 4187 8364
4012 4036 8048
4145 4190 8335
4189 4198 8387
4054 4066 8120
4167 4169 8336
4147 4162 8309
4003 4010 8013
4070 4097 8167
4096 4177 8273
4155 4191 8346
4145 4156 8301
4004 4168 8172
4073 4098 8171
4082 4104 8186
4067 4167 8234
4040 4186 8226
4035 4044 8079
4080 4182 8262
4072 4192 8264
4048 4141 8189
4085 4155 8240
4077 4090 8167
4100 4105 8205
4149 4182 8331
4108 4156 8264
4079 4179 8258
4070 4163 8233
4032 4095 8127
4139 4172 8311
4035 4083 8118
4003 4084 8087
4174 4189 8363
4005 4102 8107
4081 4120 8201
4035 4191 8226
4097 4129 8226
4048 4146 8194
4050 4115 8165
4146 4160 8306
4040 4162 8202
4045 4126 8171
4012 4167 8179
4130 4186 8316
4113 4146 8259
4182 4195 8377
4121 4156 8277
4119 4169 8288
4061 4121 8182
4015 4023 8038
4036 4137 8173
4155 4192 8347
4020 4161 8181
4160 4176 8336
4053 4189 8242
4051 4107 8158
4154 4162 8316
4010 4011 8021
4134 4185 8319
4155 4162 8317
4026 4066 8092
4137 4171 8308
4054 4095 8149
4158 4173 8331
4073 4145 8218
4161 4199 8360
4142 4153 8295
4033 4175 8208
4173 4176 8349
4124 4143 8267
4129 4146 8275
4016 4024 8040
4182 4183 8365
4170 4183 8353
4112 4187 8299
4152 4195 8347
4021 4114 8135
4083 4175 8258
4110 4196 8306
4104 4123 8227
4084 4121 8205
4170 4178 8348
4153 4172 8325
4122 4170 8292
4141 4169 8310
4122 4171 8293
4162 4170 8332
4199 4200 8399
4047 4115 8162
4101 4107 8208
4181 4200 8381
4074 4165 8239
4198 4199 8397
4042 4156 8198
4148 4170 8318
4115 4174 8289
4161 4198 8359
4008 4081 8089
4008 4011 8019
4111 4131 8242
4057 4118 8175
4121 4187 8308
4193 4194 8387
4054 4074 8128
4192 4196 8388
4145 4180 8325
4032 4070 8102
4150 4193 8343
4167 4186 8353
4055 4145 8200
4066 4105 8171
4134 4199 8333
4020 4072 8092
4019 4195 8214
4175 4184 8359
4086 4114 8200
4155 4189 8344
4137 4181 8318
4179 4197 8376
4005 4074 8079
4164 4179 8343
4030 4069 8099
4035 4120 8155
4163 4175 8338
4101 4143 8244
4152 4196 8348
4188 4200 8388
4193 4200 8393
4008 4185 8193
4162 4191 8353
4048 4101 8149
4102 4136 8238
4159 4181 8340
4113 4116 8229
4081 4163 8244
4148 4177 8325
4142 4192 8334
4161 4182 8343
4195 4199 8394
4154 4169 8323
4153 4176 8329
4052 4102 8154
4180 4192 8372
4010 4200 8210
4159 4167 8326
4012 4193 8205
4094 4181 8275
4190 4197 8387
4166 4170 8336
4015 4114 8129
4048 4192 8240
4184 4200 8384
4017 4040 8057
4035 4080 8115
4001 4125 8126
4088 4121 8209
4183 4197 8380
4106 4117 8223
4046 4137 8183
4065 4197 8262
4052 4197 8249
4000 4056 8056
4149 4187 8336
4198 4199 8397
4141 4143 8284
4043 4121 8164
4106 4158 8264
4001 4199 8200
4016 4089 8105
4170 4197 8367
4049 4128 8177
4196 4199 8395
4105 4122 8227
4097 4177 8274
4108 4161 8269
4140 4164 8304
4131 4176 8307
4148 4161 8309
4159 4163 8322
4115 4169 8284
4102 4183 8285
4035 4197 8232
4114 4145 8259
4197 4200 8397
4125 4144 8269
4013 4169 8182
4134 4185 8319
4078 4136 8214
4051 4054 8105
4016 4107 8123
4066 4144 8210
4019 4148 8167
4087 4089 8176
4016 4155 8171
4151 4155 8306
4126 4188 8314
4036 4077 8113
4198 4199 8397
4083 4127 8210
4165 4184 8349
4109 4133 8242
4180 4191 8371
4194 4195 8389
4141 4183 8324
4016 4148 8164
4126 4152 8278
4115 4180 8295
4187 4193 8380
4049 4087 8136
4123 4127 8250
4105 4161 8266
4068 4197 8265
4059 4134 8193
4021 4156 8177
4096 4181 8277
4055 4196 8251
4162 4163 8325
4085 4086 8171
4178 4188 8366
4000 4152 8152
4147 4161 8308
4170 4172 8342
4097 4151 8248
4086 4149 8235
4143 4144 8287
4068 4112 8180
4183 4191 8374
4046 4125 8171
4132 4135 8267
4004 4031 8035
4196 4198 8394
4145 4195 8340
4030 4048 8078
4055 4143 8198
4151 4152 8303
4085 4113 8198
4134 4184 8318
4043 4162 8205
4096 4190 8286
4128 4159 8287
4169 4181 8350
4153 4198 8351
4148 4197 8345
4026 4099 8125
4188 4194 8382
4036 4120 8156
4178 4194 8372
4084 4162 8246
4070 4102 8172
4161 4185 8346
4061 4121 8182
4147 4160 8307
4165 4185 8350
4128 4153 8281
4018 4153 8171
4154 4157 8311
4133 4154 8287
4034 4109 8143
4156 4159 8315
4184 4195 8379
4013 4131 8144
4028 4039 8067
4101 4112 8213
4189 4193 8382
4195 4197 8392
4155 4176 8331
4023 4078 8101
4091 4109 8200
4107 4118 8225
4033 4061 8094
4019 4085 8104
4155 4196 8351
4123 4181 8304
4014 4139 8153
4033 4119 8152
4197 4200 8397
4106 4121 8227
4018 4138 8156
4016 4118 8134
4092 4168 8260
4074 4176 8250
4043 4047 8090
4136 4174 8310
4050 4172 8222
4066 4114 8180
4059 4113 8172
4117 4147 8264
4088 4198 8286
4144 4188 8332
4020 4042 8062
4006 4069 8075
4161 4165 8326
4095 4148 8243
4110 4189 8299
4055 4191 8246
4033 4068 8101
4004 4069 8073
4056 4160 8216
4139 4197 8336
4120 4187 8307
4142 4148 8290
4014 4169 8183
4156 4163 8319
4075 4094 8169
4159 4177 8336
4170 4194 8364
4151 4185 8336
4020 4165 8185
4157 4188 8345
4110 4170 8280
4139 4195 8334
4105 4134 8239
4077 4127 8204
4090 4122 8212
4002 4138 8140
4067 4109 8176
4074 4190 8264
4137 4200 8337
4051 4055 8106
4072 4142 8214
4082 4109 8191
4017 4047 8064
4118 4188 8306
4004 4053 8057
4049 4072 8121
4098 4200 8298
4185 4187 8372
4123 4140 8263
4129 4182 8311
4166 4195 8361
4009 4160 8169
4131 4134 8265
4041 4110 8151
4083 4118 8201
4148 4157 8305
4144 4190 8334
4132 4192 8324
4078 4140 8218
4182 4196 8378
4168 4198 8366
4181 4190 8371
4064 4183 8247
4074 4153 8227
4128 4148 8276
4193 4199 8392
4149 4186 8335
4115 4155 8270
4126 4145 8271
4037 4132 8169
4179 4196 8375
4043 4119 8162
4169 4182 8351
4089 4173 8262
4144 4180 8324
4099 4189 8288
4031 4138 8169
4012 4121 8133
4048 4101 8149
4155 4188 8343
4158 4164 8322
4057 4067 8124
4078 4093 8171
4099 4104 8203
4085 4121 8206
4002 4193 8195
4176 4194 8370
4138 4150 8288
4171 4189 8360
4043 4077 8120
4184 4199 8383
4159 4168 8327
4112 4172 8284
4042 4145 8187
4073 4126 8199
4054 4074 8128
4051 4088 8139
4148 4162 8310
4198 4199 8397
4084 4198 8282
4020 4134 8154
4067 4124 8191
4010 4178 8188
4125 4156 8281
4060 4116 8176
4190 4192 8382
4011 4170 8181
4141 4176 8317
4098 4163 8261
4184 4186 8370
4088 4176 8264
4165 4172 8337
4152 4196 8348
4054 4147 8201
4110 4193 8303
4161 4196 8357
4005 4173 8178
4082 4089 8171
4006 4189 8195
4175 4180 8355
4108 4138 8246
4108 4131 8239
4025 4157 8182
4001 4072 8073
4189 4199 8388
4035 4038 8073
4103 4104 8207
4045 4152 8197
4178 4200 8378
4112 4142 8254
4164 4165 8329
4172 4188 8360
4037 4149 8186
4035 4092 8127
4156 4184 8340
4026 4103 8129
4009 4121 8130
4121 4147 8268
4049 4147 8196
4157 4187 8344
4158 4170 8328
4053 4195 8248
4091 4096 8187
4088 4104 8192
4065 4078 8143
4094 4161 8255
4039 4068 8107
4033 4060 8093
4148 4151 8299
4137 4145 8282
4187 4191 8378
4074 4117 8191
4026 4190 8216
4183 4192 8375
4098 4116 8214
4180 4187 8367
4134 4175 8309
4017 4029 8046
4027 4148 8175
4089 4141 8230
4197 4200 8397
4131 4197 8328
4071 4172 8243
4091 4152 8243
4168 4186 8354
4110 4150 8260
4059 4199 8258
4017 4073 8090
4191 4192 8383
4130 4181 8311
4082 4185 8267
4146 4157 8303
4163 4176 8339
4043 4149 8192
4063 4127 8190
4196 4200 8396
4011 4119 8130
4098 4128 8226
4098 4189 8287
4141 4186 8327
4137 4147 8284
4078 4120 8198
4145 4165 8310
4155 4193 8348
4078 4115 8193
4004 4075 8079
4017 4069 8086
4089 4132 8221
4116 4171 8287
4140 4192 8332
4093 4195 8288
4026 4028 8054
4074 4075 8149
4133 4145 8278
4095 4173 8268
4146 4147 8293
4070 4086 8156
4020 4104 8124
4029 4090 8119
4034 4168 8202
4102 4149 8251
4040 4052 8092
4190 4195 8385
4060 4150 8210
4096 4134 8230
4033 4041 8074
4125 4186 8311
4063 4077 8140
4115 4117 8232
4065 4092 8157
4045 4065 8110
4029 4106 8135
4062 4172 8234
4019 4056 8075
4046 4110 8156
4074 4171 8245
4199 4200 8399
4018 4101 8119
4096 4133 8229
4006 4105 8111
4070 4173 8243
4148 4150 8298
4190 4191 8381
4135 4162 8297
4196 4198 8394
4024 4101 8125
4108 4163 8271
4088 4137 8225
4095 4127 8222
4189 4193 8382
4020 4087 8107
4086 4125 8211
4151 4192 8343
4189 4197 8386
4077 4124 8201
4003 4073 8076
4142 4152 8294
4000 4040 8040
4070 4143 8213
4171 4184 8355
4188 4199 8387
4173 4199 8372
4194 4197 8391
4159 4193 8352
4040 4109 8149
4094 4175 8269
4164 4180 8344
4160 4195 8355
4006 4009 8015
4186 4194 8380
4197 4198 8395
4198 4199 8397
4093 4163 8256
4017 4084 8101
4012 4053 8065
4128 4172 8300
4097 4185 8282
4019 4024 8043
4134 4182 8316
4093 4122 8215
4097 4184 8281
4169 4179 8348
4190 4191 8381
4051 4090 8141
4098 4117 8215
4191 4194 8385
4039 4070 8109
4136 4160 8296
4116 4117 8233
4184 4197 8381
4160 4195 8355
4103 4180 8283
4051 4095 8146
4108 4133 8241
4184 4190 8374
4085 4190 8275
4193 4200 8393
4104 4138 8242
4010 4154 8164
4172 4193 8365
4099 4140 8239
4077 4190 8267
4114 4124 8238
4014 4083 8097
4153 4188 8341
4146 4180 8326
4129 4173 8302
4125 4169 8294
4026 4072 8098
4077 4157 8234
4125 4154 8279
4090 4154 8244
4095 4137 8232
4039 4178 8217
4173 4193 8366
4076 4146 8222
4014 4087 8101
4071 4195 8266
4029 4095 8124
4002 4169 8171
4099 4197 8296
4049 4137 8186
4037 4079 8116
4044 4050 8094
4083 4120 8203
4039 4099 8138
4142 4183 8325
4110 4144 8254
4073 4131 8204
4009 4116 8125
4040 4125 8165
4078 4079 8157
4093 4131 8224
4072 4107 8179
4126 4188 8314
4128 4163 8291
4177 4180 8357
4169 4192 8361
4083 4189 8272
4079 4108 8187
4014 4165 8179
4039 4178 8217
4090 4099 8189
4190 4194 8384
4175 4185 8360
4040 4089 8129
4112 4121 8233
4078 4170 8248
4124 4125 8249
4037 4186 8223
4021 4110 8131
4066 4122 8188
4138 4175 8313
4091 4174 8265
4115 4158 8273
4049 4055 8104
4170 4181 8351
4142 4179 8321
4158 4165 8323
4091 4099 8190
4095 4142 8237
4032 4067 8099
4013 4116 8129
4047 4162 8209
4084 4177 8261
4166 4188 8354
4105 4149 8254
4195 4200 8395
4198 4200 8398
4108 4125 8233
4028 4073 8101
4149 4173 8322
4173 4196 8369
4089 4167 8256
4091 4158 8249
4193 4196 8389
4018 4169 8187
4044 4079 8123
4119 4135 8254
4179 4197 8376
4100 4179 8279
4000 4104 8104
4016 4156 8172
4047 4128 8175
4178 4198 8376
4198 4200 8398
4180 4198 8378
4078 4185 8263
4184 4191 8375
4009 4169 8178
4175 4196 8371
4171 4181 8352
4012 4099 8111
4023 4101 8124
4099 4120 8219
4118 4182 8300
4121 4166 8287
4030 4191 8221
4146 4175 8321
4095 4178 8273
4143 4197 8340
4084 4199 8283
4186 4196 8382
4159 4171 8330
4137 4145 8282
4187 4190 8377
4185 4186 8371
4155 4185 8340
4175 4194 8369
4115 4124 8239
4186 4199 8385
4002 4015 8017
4060 4136 8196
4058 4196 8254
4007 4159 8166
4113 4163 8276
4099 4116 8215
4153 4181 8334
4094 4141 8235
4091 4130 8221
4014 4108 8122
4072 4128 8200
4025 4199 8224
4014 4020 8034
4136 4140 8276
4060 4079 8139
4041 4057 8098
4163 4164 8327
4164 4173 8337
4047 4048 8095
4003 4122 8125
4157 4193 8350
4173 4187 8360
4176 4190 8366
4023 4108 8131
4173 4179 8352
4048 4192 8240
4140 4182 8322
4021 4055 8076
4181 4195 8376
4127 4146 8273
4077 4200 8277
4073 4135 8208
4139 4152 8291
4079 4141 8220
4081 4118 8199
4072 4180 8252
4024 4192 8216
4076 4174 8250
4101 4191 8292
4195 4197 8392
4089 4159 8248
4028 4131 8159
4010 4116 8126
4068 4083 8151
4036 4070 8106
4050 4067 8117
4016 4180 8196
4023 4164 8187
4030 4078 8108
4092 4131 8223
4178 4188 8366
4019 4071 8090
4100 4164 8264
4047 4089 8136
4098 4181 8279
4178 4184 8362
4160 4171 8331
4034 4040 8074
4133 4150 8283
4165 4172 8337
4198 4199 8397
4121 4159 8280
4049 4141 8190
4052 4127 8179
4055 4190 8245
4171 4184 8355
4118 4184 8302
4020 4114 8134
4189 4190 8379
4086 4193 8279
4018 4105 8123
4122 4198 8320
4039 4184 8223
4177 4195 8372
4049 4190 8239
4152 4162 8314
4174 4196 8370
4066 4069 8135
4059 4081 8140
4133 4166 8299
4000 4076 8076
4098 4121 8219
4127 4153 8280
4162 4190 8352
4061 4177 8238
4126 4189 8315
4016 4161 8177
4131 4144 8275
4055 4161 8216
4104 4142 8246
4031 4135 8166
4115 4197 8312
4151 4200 8351
4070 4111 8181
4185 4193 8378
4067 4077 8144
4149 4175 8324
4041 4082 8123
4033 4142 8175
4012 4034 8046
4039 4067 8106
4104 4138 8242
4104 4142 8246
4195 4199 8394
4045 4096 8141
4198 4200 8398
4187 4188 8375
4085 4139 8224
4083 4148 8231
4098 4187 8285
4085 4102 8187
4172 4190 8362
4024 4157 8181
4157 4163 8320
4182 4190 8372
4088 4123 8211
4094 4101 8195
4066 4070 8136
4099 4136 8235
4170 4186 8356

4165 4205 8368
4228 4246 8444
4211 4289 8467
4103 4113 8195
4251 4258 8473
4288 4293 8573
4125 4168 8274
4221 4287 8492
4190 4296 8485
4141 4293 8395
4277 4287 8558
4112 4136 8233
4245 4290 8520
4289 4298 8573
4154 4166 8302
4267 4269 8502
4247 4262 8504
4103 4110 8174
4170 4197 8334
4196 4277 8466
4255 4291 8516
4245 4256 8485
4104 4268 8343
4173 4198 8361
4182 4204 8357
4167 4267 8401
4140 4286 8408
4135 4144 8262
4180 4282 8442
4172 4292 8447
4148 4241 8377
4185 4255 8431
4177 4190 8345
4200 4205 8367
4249 4282 8498
4208 4256 8429
4179 4279 8447
4170 4263 8399
4132 4195 8322
4239 4272 8490
4135 4183 8306
4103 4184 8285
4274 4289 8538
4105 4202 8292
4181 4220 8392
4135 4291 8407
4197 4229 8422
4148 4246 8356
4150 4215 8348
4246 4260 8490
4140 4262 8388
4145 4226 8363
4112 4267 8345
4230 4286 8513
4213 4246 8438
4282 4295 8539
4221 4256 8438
4219 4269 8481
4161 4221 8347
4115 4123 8213
4136 4237 8368
4255 4292 8533
4120 4261 8375
4260 4276 8499
4153 4289 8432
4151 4207 8351
4254 4262 8482
4110 4111 8202
4234 4285 8495
4255 4262 8493
4126 4166 8286
4237 4271 8485
4154 4195 8316
4258 4273 8528
4173 4245 8397
4261 4299 8532
4242 4253 8459
4133 4275 8388
4273 4276 8525
4224 4243 8443
4229 4246 8456
4116 4124 8214
4282 4283 8527
4270 4283 8538
4212 4287 8497
4252 4295 8528
4121 4214 8302
4183 4275 8443
4210 4296 8474
4204 4223 8408
4184 4221 8371
4270 4278 8524
4253 4272 8496
4222 4270 8473
4241 4269 8508
4222 4271 8465
4262 4270 8528
4299 4300 8592
4147 4215 8342
4201 4207 8407
4281 4300 8554
4174 4265 8402
4298 4299 8578
4142 4256 8363
4248 4270 8507
4215 4274 8484
4261 4298 8534
4108 4181 8255
4108 4111 8186
4211 4231 8404
4157 4218 8337
4221 4287 8482
4293 4294 8573
4154 4174 8306
4292 4296 8583
4245 4280 8502
4132 4170 8288
4250 4293 8511
4267 4286 8541
4155 4245 8396
4166 4205 8347
4234 4299 8513
4120 4172 8260
4119 4295 8381
4275 4284 8520
4186 4214 8399
4255 4289 8508
4237 4281 8498
4279 4297 8540
4105 4174 8249
4264 4279 8533
4130 4169 8293
4135 4220 8319
4263 4275 8518
4201 4243 8440
4252 4296 8513
4288 4300 8574
4293 4300 8576
4108 4285 8380
4262 4291 8521
4148 4201 8325
4202 4236 8402
4259 4281 8526
4213 4216 8426
4181 4263 8426
4248 4277 8494
4242 4292 8500
4261 4282 8538
4295 4299 8555
4254 4269 8505
4253 4276 8513
4152 4202 8348
4280 4292 8556
4110 4300 8378
4259 4267 8494
4112 4293 8376
4194 4281 8468
4290 4297 8554
4266 4270 8525
4115 4214 8312
4148 4292 8429
4284 4300 8544
4117 4140 8220
4135 4180 8295
4101 4225 8287
4188 4221 8395
4283 4297 8552
4206 4217 8392
4146 4237 8345
4165 4297 8433
4152 4297 8411
4100 4156 8237
4249 4287 8506
4298 4299 8560
4241 4243 8454
4143 4221 8349
4206 4258 8429
4101 4299 8396
4116 4189 8294
4270 4297 8565
4149 4228 8374
4296 4299 8586
4205 4222 8413
4197 4277 8438
4208 4261 8438
4240 4264 8486
4231 4276 8505
4248 4261 8485
4259 4263 8506
4215 4269 8482
4202 4283 8463
4135 4297 8422
4214 4245 8426
4297 4300 8580
4225 4244 8468
4113 4269 8370
4234 4285 8509
4178 4236 8394
4151 4154 8277
4116 4207 8286
4166 4244 8384
4119 4248 8334
4187 4189 8352
4116 4255 8339
4251 4255 8505
4226 4288 8505
4136 4177 8305
4298 4299 8570
4183 4227 8380
4265 4284 8524
4209 4233 8429
4280 4291 8566
4294 4295 8584
4241 4283 8511
4116 4248 8333
4226 4252 8476
4215 4280 8466
4287 4293 8551
4149 4187 8320
4223 4227 8428
4205 4261 8427
4168 4297 8452
4159 4234 8385
4121 4256 8367
4196 4281 8471
4155 4296 8448
4262 4263 8514
4185 4186 8339
4278 4288 8560
4100 4252 8315
4247 4261 8507
4270 4272 8510
4197 4251 8428
4186 4249 8399
4243 4244 8481
4168 4212 8374
4283 4291 8545
4146 4225 8362
4232 4235 8434
4104 4131 8202
4296 4298 8557
4245 4295 8523
4130 4148 8245
4155 4243 8361
4251 4252 8500
4185 4213 8363
4234 4284 8491
4143 4262 8373
4196 4290 8475
4228 4259 8464
4269 4281 8520
4253 4298 8531
4248 4297 8528
4126 4199 8310
4288 4294 8547
4136 4220 8324
4278 4294 8562
4184 4262 8424
4170 4202 8345
4261 4285 8518
4161 4221 8367
4247 4260 8483
4265 4285 8545
4228 4253 8459
4118 4253 8344
4254 4257 8492
4233 4254 8477
4134 4209 8317
4256 4259 8514
4284 4295 8562
4113 4231 8306
4128 4139 8266
4201 4212 8380
4289 4293 8562
4295 4297 8570
4255 4276 8500
4123 4178 8278
4191 4209 8393
4207 4218 8407
4133 4161 8289
4119 4185 8293
4255 4296 8537
4223 4281 8497
4114 4239 8323
4133 4219 8341
4297 4300 8565
4206 4221 8407
4118 4238 8349
4116 4218 8314
4192 4268 8429
4174 4276 8416
4143 4147 8267
4236 4274 8478
4150 4272 8410
4166 4214 8366
4159 4213 8371
4217 4247 8428
4188 4298 8452
4244 4288 8498
4120 4142 8255
4106 4169 8246
4261 4265 8512
4195 4248 8428
4210 4289 8494
4155 4291 8441
4133 4168 8286
4104 4169 8270
4156 4260 8396
4239 4297 8507
4220 4287 8485
4242 4248 8479
4114 4269 8348
4256 4263 8493
4175 4194 8348
4259 4277 8512
4270 4294 8537
4251 4285 8532
4120 4265 8366
4257 4288 8518
4210 4270 8459
4239 4295 8494
4205 4234 8406
4177 4227 8398
4190 4222 8388
4102 4238 8337
4167 4209 8358
4174 4290 8447
4237 4300 8501
4151 4155 8288
4172 4242 8400
4182 4209 8361
4117 4147 8231
4218 4288 8497
4104 4153 8246
4149 4172 8317
4198 4300 8490
4285 4287 8546
4223 4240 8433
4229 4282 8481
4266 4295 8526
4109 4260 8337
4231 4234 8443
4141 4210 8328
4183 4218 8366
4248 4257 8501
4244 4290 8519
4232 4292 8500
4178 4240 8396
4282 4296 8543
4268 4298 8565
4281 4290 8566
4164 4283 8422
4174 4253 8409
4228 4248 8475
4293 4299 8564
4249 4286 8496
4215 4255 8435
4226 4245 8443
4137 4232 8334
4279 4296 8563
4143 4219 8343
4269 4282 8526
4189 4273 8446
4244 4280 8488
4199 4289 8465
4131 4238 8362
4112 4221 8315
4148 4201 8318
4255 4288 8504
4258 4264 8509
4157 4167 8285
4178 4193 8342
4199 4204 8380
4185 4221 8373
4102 4293 8387
4276 4294 8562
4238 4250 8466
4271 4289 8528
4143 4177 8291
4284 4299 8580
4259 4268 8512
4212 4272 8448
4142 4245 8370
4173 4226 8395
4154 4174 8294
4151 4188 8306
4248 4262 8487
4298 4299 8569
4184 4298 8446
4120 4234 8328
4167 4224 8374
4110 4278 8350
4225 4256 8457
4160 4216 8344
4290 4292 8542
4111 4270 8351
4241 4276 8491
4198 4263 8432
4284 4286 8552
4188 4276 8449
4265 4272 8513
4252 4296 8532
4154 4247 8377
4210 4293 8494
4261 4296 8523
4105 4273 8366
4182 4189 8347
4106 4289 8391
4275 4280 8516
4208 4238 8431
4208 4231 8414
4125 4257 8379
4101 4172 8272
4289 4299 8550
4135 4138 8268
4203 4204 8390
4145 4252 8360
4278 4300 8577
4212 4242 8435
4264 4265 8501
4272 4288 8537
4137 4249 8353
4135 4192 8307
4256 4284 8525
4126 4203 8305
4109 4221 8304
4221 4247 8429
4149 4247 8375
4257 4287 8505
4258 4270 8506
4153 4295 8437
4191 4196 8386
4188 4204 8362
4165 4178 8313
4194 4261 8445
4139 4168 8277
4133 4160 8283
4248 4251 8489
4237 4245 8455
4287 4291 8538
4174 4217 8365
4126 4290 8379
4283 4292 8551
4198 4216 8412
4280 4287 8541
4234 4275 8502
4117 4129 8237
4127 4248 8356
4189 4241 8391
4297 4300 8564
4231 4297 8527
4171 4272 8424
4191 4252 8431
4268 4286 8545
4210 4250 8441
4159 4299 8456
4117 4173 8260
4291 4292 8566
4230 4281 8501
4182 4285 8445
4246 4257 8475
4263 4276 8521
4143 4249 8358
4163 4227 8366
4296 4300 8593
4111 4219 8305
4198 4228 8409
4198 4289 8473
4241 4286 8493
4237 4247 8454
4178 4220 8363
4245 4265 8475
4255 4293 8533
4178 4215 8388
4104 4175 8249
4117 4169 8254
4189 4232 8400
4216 4271 8448
4240 4292 8508
4193 4295 8465
4126 4128 8229
4174 4175 8333
4233 4245 8446
4195 4273 8433
4246 4247 8481
4170 4186 8355
4120 4204 8323
4129 4190 8303
4134 4268 8365
4202 4249 8433
4140 4152 8254
4290 4295 8580
4160 4250 8373
4196 4234 8418
4133 4141 8257
4225 4286 8491
4163 4177 8316
4215 4217 8416
4165 4192 8355
4145 4165 8276
4129 4206 8298
4162 4272 8413
4119 4156 8246
4146 4210 8341
4174 4271 8437
4299 4300 8591
4118 4201 8315
4196 4233 8413
4106 4205 8310
4170 4273 8407
4248 4250 8480
4290 4291 8555
4235 4262 8475
4296 4298 8593
4124 4201 8315
4208 4263 8459
4188 4237 8417
4195 4227 8398
4289 4293 8551
4120 4187 8287
4186 4225 8407
4251 4292 8523
4289 4297 8568
4177 4224 8377
4103 4173 8266
4242 4252 8485
4100 4140 8212
4170 4243 8388
4271 4284 8521
4288 4299 8560
4273 4299 8557
4294 4297 8582
4259 4293 8525
4140 4209 8348
4194 4275 8453
4264 4280 8520
4260 4295 8520
4106 4109 8199
4286 4294 8567
4297 4298 8583
4298 4299 8574
4193 4263 8430
4117 4184 8282
4112 4153 8233
4228 4272 8486
4197 4285 8450
4119 4124 8227
4234 4282 8478
4193 4222 8383
4197 4284 8478
4269 4279 8524
4290 4291 8544
4151 4190 8335
4198 4217 8398
4291 4294 8554
4139 4170 8280
4236 4260 8475
4216 4217 8404
4284 4297 8544
4260 4295 8551
4203 4280 8453
4151 4195 8322
4208 4233 8435
4284 4290 8547
4185 4290 8471
4293 4300 8588
4204 4238 8436
4110 4254 8336
4272 4293 8525
4199 4240 8432
4177 4290 8449
4214 4224 8423
4114 4183 8262
4253 4288 8525
4246 4280 8513
4229 4273 8484
4225 4269 8455
4126 4172 8290
4177 4257 8398
4225 4254 8453
4190 4254 8406
4195 4237 8424
4139 4278 8384
4273 4293 8528
4176 4246 8414
4114 4187 8269
4171 4295 8452
4129 4195 8306
4102 4269 8370
4199 4297 8494
4149 4237 8377
4137 4179 8279
4144 4150 8267
4183 4220 8399
4139 4199 8323
4242 4283 8506
4210 4244 8441
4173 4231 8373
4109 4216 8306
4140 4225 8353
4178 4179 8333
4193 4231 8387
4172 4207 8344
4226 4288 8512
4228 4263 8462
4277 4280 8545
4269 4292 8532
4183 4289 8466
4179 4208 8373
4114 4265 8349
4139 4278 8399
4190 4199 8360
4290 4294 8576
4275 4285 8538
4140 4189 8327
4212 4221 8400
4178 4270 8429
4224 4225 8424
4137 4286 8401
4121 4210 8329
4166 4222 8375
4238 4275 8483
4191 4274 8428
4215 4258 8447
4149 4155 8282
4270 4281 8540
4242 4279 8501
4258 4265 8505
4191 4199 8354
4195 4242 8435
4132 4167 8274
4113 4216 8306
4147 4262 8390
4184 4277 8443
4266 4288 8514
4205 4249 8424
4295 4300 8593
4298 4300 8592
4208 4225 8423
4128 4173 8277
4249 4273 8518
4273 4296 8562
4189 4267 8434
4191 4258 8426
4293 4296 8569
4118 4269 8375
4144 4179 8309
4219 4235 8438
4279 4297 8561
4200 4279 8443
4100 4204 8295
4116 4256 8367
4147 4228 8369
4278 4298 8549
4298 4300 8596
4280 4298 8561
4178 4285 8462
4284 4291 8546
4109 4269 8374
4275 4296 8531
4271 4281 8528
4112 4199 8293
4123 4201 8288
4199 4220 8415
4218 4282 8466
4221 4266 8473
4130 4291 8416
4246 4275 8511
4195 4278 8454
4243 4297 8508
4184 4299 8454
4286 4296 8573
4259 4271 8529
4237 4245 8444
4287 4290 8552
4285 4286 8557
4255 4285 8501
4275 4294 8535
4215 4224 8403
4286 4299 8566
4102 4115 8194
4160 4236 8357
4158 4296 8427
4107 4259 8332
4213 4263 8463
4199 4216 8410
4253 4281 8521
4194 4241 8421
4191 4230 8412
4114 4208 8297
4172 4228 8379
4125 4299 8399
4114 4120 8210
4236 4240 8468
4160 4179 8312
4141 4157 8262
4263 4264 8491
4264 4273 8518
4147 4148 8262
4103 4222 8295
4257 4293 8549
4273 4287 8528
4276 4290 8532
4123 4208 8322
4273 4279 8537
4148 4292 8430
4240 4282 8518
4121 4155 8262
4281 4295 8561
4227 4246 8463
4177 4300 8464
4173 4235 8403
4239 4252 8463
4179 4241 8416
4181 4218 8362
4172 4280 8425
4124 4292 8407
4176 4274 8427
4201 4291 8467
4295 4297 8584
4189 4259 8427
4128 4231 8332
4110 4216 8300
4168 4183 8322
4136 4170 8300
4150 4167 8306
4116 4280 8364
4123 4264 8357
4130 4178 8304
4192 4231 8420
4278 4288 8559
4119 4171 8254
4200 4264 8438
4147 4189 8329
4198 4281 8471
4278 4284 8523
4260 4271 8501
4134 4140 8260
4233 4250 8450
4265 4272 8533
4298 4299 8575
4221 4259 8446
4149 4241 8384
4152 4227 8356
4155 4290 8418
4271 4284 8516
4218 4284 8488
4120 4214 8310
4289 4290 8553
4186 4293 8470
4118 4205 8285
4222 4298 8504
4139 4284 8408
4277 4295 8536
4149 4290 8412
4252 4262 8507
4274 4296 8549
4166 4169 8317
4159 4181 8319
4233 4266 8468
4100 4176 8268
4198 4221 8417
4227 4253 8476
4262 4290 8534
4161 4277 8403
4226 4289 8477
4116 4261 8359
4231 4244 8463
4155 4261 8389
4204 4242 8434
4131 4235 8336
4215 4297 8489
4251 4300 8516
4170 4211 8347
4285 4293 8556
4167 4177 8318
4249 4275 8486
4141 4182 8321
4133 4242 8366
4112 4134 8238
4139 4167 8302
4204 4238 8429
4204 4242 8420
4295 4299 8565
4145 4196 8314
4298 4300 8568
4287 4288 8539
4185 4239 8399
4183 4248 8415
4198 4287 8482
4185 4202 8373
4272 4290 8558
4124 4257 8356
4257 4263 8492
4282 4290 8548
4188 4223 8409
4194 4201 8376
4166 4170 8304
4199 4236 8411
4270 4286 8537

0.010000 0.640000
