600
3541389
4164 4200 8364
4092 4147 8239
4138 4178 8316
4110 4172 8282
4081 4087 8168
4178 4196 8374
4058 4107 8165
4173 4195 8368
4180 4183 8363
4185 4194 8379
4130 4131 8261
4198 4199 8397
4068 4191 8259
4170 4182 8352
4091 4102 8193
4027 4137 8164
4122 4155 8277
4125 4170 8295
4054 4084 8138
4176 4190 8366
4118 4170 8288
4172 4180 8352
4055 4194 8249
4000 4023 8023
4017 4022 8039
4100 4184 8284
4165 4180 8345
4003 4113 8116
4051 4112 8163
4137 4177 8314
4025 4175 8200
4163 4198 8361
4175 4181 8356
4177 4194 8371
4036 4185 8221
4105 4171 8276
4124 4127 8251
4123 4166 8289
4188 4189 8377
4194 4196 8390
4189 4197 8386
4008 4179 8187
4040 4148 8188
4039 4045 8084
4187 4192 8379
4105 4193 8298
4001 4081 8082
4037 4041 8078
4001 4009 8010
4003 4025 8028
4076 4119 8195
4081 4085 8166
4096 4156 8252
4128 4142 8270
4006 4169 8175
4064 4104 8168
4061 4133 8194
4064 4195 8259
4079 4089 8168
4141 4169 8310
4081 4150 8231
4007 4026 8033
4139 4183 8322
4035 4108 8143
4047 4110 8157
4119 4193 8312
4060 4110 8170
4077 4148 8225
4019 4071 8090
4104 4169 8273
4100 4167 8267
4147 4194 8341
4017 4180 8197
4078 4136 8214
4179 4198 8377
4008 4044 8052
4004 4169 8173
4156 4173 8329
4164 4181 8345
4185 4194 8379
4193 4194 8387
4159 4165 8324
4173 4174 8347
4039 4150 8189
4067 4094 8161
4173 4186 8359
4166 4197 8363
4000 4048 8048
4064 4143 8207
4039 4105 8144
4194 4195 8389
4082 4136 8218
4004 4192 8196
4164 4165 8329
4108 4174 8282
4145 4187 8332
4029 4199 8228
4031 4102 8133
4028 4075 8103
4035 4140 8175
4167 4174 8341
4018 4179 8197
4075 4196 8271
4153 4155 8308
4065 4140 8205
4100 4121 8221
4187 4191 8378
4184 4190 8374
4104 4200 8304
4129 4141 8270
4187 4189 8376
4024 4115 8139
4123 4149 8272
4033 4172 8205
4153 4195 8348
4083 4192 8275
4079 4093 8172
4003 4176 8179
4049 4188 8237
4129 4160 8289
4083 4168 8251
4170 4185 8355
4062 4151 8213
4083 4103 8186
4007 4095 8102
4095 4154 8249
4062 4162 8224
4030 4176 8206
4121 4168 8289
4008 4009 8017
4011 4122 8133
4034 4080 8114
4128 4152 8280
4057 4103 8160
4128 4153 8281
4035 4037 8072
4013 4175 8188
4026 4027 8053
4064 4149 8213
4167 4185 8352
4103 4177 8280
4129 4151 8280
4086 4099 8185
4104 4187 8291
4126 4165 8291
4104 4144 8248
4185 4198 8383
4196 4198 8394
4011 4151 8162
4105 4145 8250
4142 4158 8300
4010 4013 8023
4190 4192 8382
4145 4174 8319
4026 4116 8142
4087 4134 8221
4072 4125 8197
4186 4189 8375
4000 4178 8178
4129 4165 8294
4066 4133 8199
4188 4192 8380
4137 4158 8295
4018 4091 8109
4165 4168 8333
4141 4185 8326
4082 4188 8270
4153 4154 8307
4156 4166 8322
4184 4193 8377
4067 4161 8228
4045 4155 8200
4184 4200 8384
4020 4077 8097
4181 4199 8380
4187 4194 8381
4027 4077 8104
4070 4175 8245
4091 4197 8288
4082 4132 8214
4007 4139 8146
4097 4194 8291
4140 4200 8340
4140 4191 8331
4072 4191 8263
4067 4196 8263
4024 4106 8130
4190 4198 8388
4079 4080 8159
4147 4188 8335
4034 4113 8147
4082 4169 8251
4129 4149 8278
4153 4197 8350
4126 4142 8268
4052 4171 8223
4039 4075 8114
4118 4189 8307
4139 4188 8327
4140 4170 8310
4175 4179 8354
4045 4197 8242
4138 4148 8286
4059 4084 8143
4028 4180 8208
4026 4078 8104
4104 4164 8268
4129 4168 8297
4194 4198 8392
4065 4068 8133
4120 4178 8298
4133 4178 8311
4012 4174 8186
4057 4067 8124
4045 4192 8237
4013 4097 8110
4098 4122 8220
4114 4136 8250
4111 4194 8305
4176 4194 8370
4077 4125 8202
4051 4171 8222
4012 4033 8045
4002 4144 8146
4053 4081 8134
4032 4041 8073
4122 4128 8250
4087 4112 8199
4142 4196 8338
4196 4198 8394
4170 4173 8343
4059 4156 8215
4094 4141 8235
4131 4180 8311
4151 4174 8325
4000 4162 8162
4082 4163 8245
4002 4074 8076
4191 4194 8385
4129 4185 8314
4146 4149 8295
4042 4179 8221
4113 4130 8243
4126 4176 8302
4002 4126 8128
4194 4198 8392
4168 4200 8368
4135 4197 8332
4019 4054 8073
4044 4127 8171
4071 4147 8218
4014 4110 8124
4114 4181 8295
4034 4037 8071
4158 4164 8322
4104 4117 8221
4031 4181 8212
4097 4179 8276
4157 4163 8320
4060 4088 8148
4001 4067 8068
4046 4160 8206
4087 4180 8267
4182 4199 8381
4192 4199 8391
4136 4146 8282
4032 4099 8131
4181 4199 8380
4059 4141 8200
4197 4199 8396
4186 4189 8375
4051 4053 8104
4083 4097 8180
4129 4159 8288
4196 4197 8393
4156 4168 8324
4184 4185 8369
4140 4178 8318
4125 4126 8251
4042 4175 8217
4171 4188 8359
4090 4159 8249
4176 4188 8364
4095 4138 8233
4165 4189 8354
4192 4193 8385
4104 4175 8279
4004 4114 8118
4038 4181 8219
4164 4197 8361
4191 4196 8387
4193 4199 8392
4072 4085 8157
4101 4146 8247
4178 4196 8374
4182 4200 8382
4125 4150 8275
4101 4155 8256
4167 4198 8365
4168 4197 8365
4070 4195 8265
4188 4192 8380
4073 4170 8243
4199 4200 8399
4190 4198 8388
4166 4175 8341
4091 4097 8188
4175 4182 8357
4199 4200 8399
4158 4192 8350
4172 4191 8363
4108 4170 8278
4004 4177 8181
4068 4106 8174
4091 4106 8197
4060 4092 8152
4078 4090 8168
4180 4197 8377
4155 4158 8313
4158 4162 8320
4067 4095 8162
4097 4100 8197
4040 4200 8240
4096 4157 8253
4180 4185 8365
4089 4127 8216
4171 4174 8345
4065 4083 8148
4070 4106 8176
4146 4168 8314
4131 4192 8323
4115 4160 8275
4060 4184 8244
4045 4059 8104
4012 4021 8033
4014 4178 8192
4099 4155 8254
4136 4138 8274
4109 4136 8245
4120 4175 8295
4086 4179 8265
4009 4011 8020
4109 4162 8271
4111 4160 8271
4116 4165 8281
4001 4035 8036
4102 4129 8231
4003 4140 8143
4063 4148 8211
4088 4117 8205
4189 4194 8383
4023 4093 8116
4158 4189 8347
4135 4197 8332
4008 4050 8058
4169 4177 8346
4181 4182 8363
4130 4171 8301
4034 4171 8205
4114 4165 8279
4051 4073 8124
4166 4179 8345
4123 4124 8247
4126 4180 8306
4173 4176 8349
4136 4197 8333
4004 4110 8114
4135 4174 8309
4025 4056 8081
4136 4190 8326
4018 4196 8214
4046 4139 8185
4086 4151 8237
4110 4196 8306
4008 4038 8046
4099 4177 8276
4187 4194 8381
4059 4088 8147
4154 4160 8314
4142 4149 8291
4094 4122 8216
4026 4106 8132
4159 4176 8335
4094 4112 8206
4166 4179 8345
4063 4164 8227
4160 4168 8328
4122 4148 8270
4194 4198 8392
4008 4185 8193
4111 4114 8225
4142 4195 8337
4003 4195 8198
4139 4191 8330
4033 4143 8176
4160 4172 8332
4048 4148 8196
4055 4116 8171
4151 4159 8310
4042 4072 8114
4097 4128 8225
4006 4021 8027
4073 4126 8199
4161 4178 8339
4167 4190 8357
4075 4120 8195
4013 4058 8071
4054 4069 8123
4082 4133 8215
4024 4126 8150
4015 4088 8103
4013 4130 8143
4179 4196 8375
4171 4177 8348
4194 4195 8389
4100 4129 8229
4195 4199 8394
4145 4186 8331
4182 4196 8378
4197 4200 8397
4108 4116 8224
4002 4148 8150
4082 4161 8243
4103 4133 8236
4183 4189 8372
4151 4160 8311
4076 4165 8241
4161 4167 8328
4094 4095 8189
4024 4120 8144
4070 4119 8189
4151 4186 8337
4163 4197 8360
4066 4121 8187
4028 4127 8155
4097 4197 8294
4000 4176 8176
4113 4155 8268
4012 4192 8204
4098 4155 8253
4113 4162 8275
4089 4134 8223
4014 4074 8088
4102 4142 8244
4159 4175 8334
4058 4084 8142
4060 4089 8149
4008 4167 8175
4167 4168 8335
4189 4194 8383
4019 4148 8167
4113 4149 8262
4074 4097 8171
4049 4149 8198
4139 4146 8285
4084 4119 8203
4094 4184 8278
4067 4133 8200
4156 4185 8341
4129 4173 8302
4150 4184 8334
4028 4113 8141
4082 4100 8182
4015 4059 8074
4182 4185 8367
4180 4191 8371
4122 4127 8249
4135 4152 8287
4186 4196 8382
4127 4132 8259
4134 4158 8292
4086 4117 8203
4007 4187 8194
4022 4040 8062
4197 4199 8396
4051 4110 8161
4041 4188 8229
4121 4142 8263
4199 4200 8399
4154 4196 8350
4183 4187 8370
4147 4198 8345
4040 4186 8226
4047 4105 8152
4045 4112 8157
4053 4077 8130
4146 4189 8335
4077 4195 8272
4089 4115 8204
4095 4112 8207
4169 4191 8360
4080 4118 8198
4089 4126 8215
4179 4185 8364
4050 4154 8204
4186 4189 8375
4098 4187 8285
4188 4194 8382
4083 4160 8243
4011 4165 8176
4028 4063 8091
4151 4163 8314
4009 4145 8154
4147 4195 8342
4109 4168 8277
4175 4189 8364
4142 4165 8307
4188 4193 8381
4194 4199 8393
4118 4175 8293
4025 4085 8110
4178 4195 8373
4198 4199 8397
4082 4104 8186
4003 4036 8039
4126 4191 8317
4005 4141 8146
4142 4156 8298
4008 4194 8202
4043 4173 8216
4136 4162 8298
4058 4153 8211
4067 4181 8248
4087 4114 8201
4014 4020 8034
4117 4194 8311
4173 4184 8357
4190 4195 8385
4072 4194 8266
4177 4186 8363
4167 4193 8360
4179 4197 8376
4023 4039 8062
4143 4194 8337
4182 4191 8373
4176 4190 8366
4010 4126 8136
4140 4178 8318
4143 4166 8309
4127 4153 8280
4058 4091 8149
4171 4188 8359
4164 4192 8356
4025 4149 8174
4042 4194 8236
4171 4200 8371
4126 4148 8274
4134 4148 8282
4169 4181 8350
4140 4156 8296
4003 4132 8135
4181 4197 8378
4018 4084 8102
4190 4198 8388
4026 4141 8167
4142 4167 8309
4198 4200 8398
4178 4182 8360
4197 4200 8397
4189 4200 8389
4080 4099 8179
4012 4072 8084
4086 4089 8175
4049 4192 8241
4106 4176 8282
4024 4198 8222
4070 4094 8164
4037 4178 8215
4087 4170 8257
4020 4054 8074
4026 4055 8081
4038 4109 8147
4168 4188 8356
4062 4185 8247
4143 4178 8321
4006 4157 8163
4099 4188 8287
4102 4120 8222
4016 4053 8069
4071 4167 8238
4017 4178 8195
4166 4174 8340
4085 4174 8259
4123 4182 8305
4199 4200 8399
4065 4174 8239
4182 4196 8378
4019 4110 8129
4040 4128 8168
4057 4140 8197
4073 4192 8265
4078 4168 8246
4177 4196 8373
4069 4070 8139
4009 4136 8145
4148 4198 8346
4006 4156 8162
4178 4190 8368
4159 4194 8353
4003 4142 8145

4264 4300 8558
4192 4247 8416
4238 4278 8497
4210 4272 8450
4181 4187 8366
4278 4296 8544
4158 4207 8356
4273 4295 8557
4280 4283 8535
4285 4294 8549
4230 4231 8450
4298 4299 8572
4168 4291 8440
4270 4282 8548
4191 4202 8360
4127 4237 8341
4222 4255 8448
4225 4270 8464
4154 4184 8313
4276 4290 8564
4218 4270 8464
4272 4280 8518
4155 4294 8440
4100 4123 8206
4117 4122 8225
4200 4284 8447
4265 4280 8535
4103 4213 8287
4151 4212 8345
4237 4277 8484
4125 4275 8381
4263 4298 8550
4275 4281 8539
4277 4294 8550
4136 4285 8385
4205 4271 8448
4224 4227 8447
4223 4266 8488
4288 4289 8555
4294 4296 8575
4289 4297 8571
4108 4279 8379
4140 4248 8382
4139 4145 8254
4287 4292 8543
4205 4293 8497
4101 4181 8278
4137 4141 8252
4101 4109 8198
4103 4125 8222
4176 4219 8374
4181 4185 8341
4196 4256 8434
4228 4242 8455
4106 4269 8365
4164 4204 8358
4161 4233 8368
4164 4295 8451
4179 4189 8357
4241 4269 8495
4181 4250 8404
4107 4126 8214
4239 4283 8521
4135 4208 8322
4147 4210 8348
4219 4293 8505
4160 4210 8355
4177 4248 8391
4119 4171 8283
4204 4269 8456
4200 4267 8460
4247 4294 8513
4117 4280 8360
4178 4236 8412
4279 4298 8552
4108 4144 8227
4104 4269 8342
4256 4273 8501
4264 4281 8530
4285 4294 8567
4293 4294 8579
4259 4265 8494
4273 4274 8516
4139 4250 8388
4167 4194 8340
4273 4286 8547
4266 4297 8556
4100 4148 8210
4164 4243 8374
4139 4205 8313
4294 4295 8576
4182 4236 8396
4104 4292 8377
4264 4265 8515
4208 4274 8444
4245 4287 8519
4129 4299 8414
4131 4202 8331
4128 4175 8267
4135 4240 8348
4267 4274 8505
4118 4279 8366
4175 4296 8446
4253 4255 8490
4165 4240 8379
4200 4221 8414
4287 4291 8558
4284 4290 8569
4204 4300 8500
4229 4241 8449
4287 4289 8545
4124 4215 8311
4223 4249 8451
4133 4272 8366
4253 4295 8526
4183 4292 8445
4179 4193 8336
4103 4276 8346
4149 4288 8434
4229 4260 8458
4183 4268 8414
4270 4285 8548
4162 4251 8389
4183 4203 8358
4107 4195 8290
4195 4254 8417
4162 4262 8418
4130 4276 8393
4221 4268 8467
4108 4109 8178
4111 4222 8310
4134 4180 8283
4228 4252 8469
4157 4203 8354
4228 4253 8461
4135 4137 8270
4113 4275 8381
4126 4127 8252
4164 4249 8375
4267 4285 8522
4203 4277 8474
4229 4251 8466
4186 4199 8351
4204 4287 8486
4226 4265 8471
4204 4244 8437
4285 4298 8566
4296 4298 8577
4111 4251 8350
4205 4245 8442
4242 4258 8492
4110 4113 8196
4290 4292 8580
4245 4274 8485
4126 4216 8308
4187 4234 8382
4172 4225 8367
4286 4289 8574
4100 4278 8362
4229 4265 8483
4166 4233 8360
4288 4292 8567
4237 4258 8462
4118 4191 8276
4265 4268 8493
4241 4285 8490
4182 4288 8469
4253 4254 8481
4256 4266 8485
4284 4293 8544
4167 4261 8402
4145 4255 8385
4284 4300 8552
4120 4177 8295
4281 4299 8563
4287 4294 8571
4127 4177 8287
4170 4275 8423
4191 4297 8483
4182 4232 8402
4107 4239 8317
4197 4294 8487
4240 4300 8507
4240 4291 8505
4172 4291 8429
4167 4296 8435
4124 4206 8299
4290 4298 8584
4179 4180 8327
4247 4288 8520
4134 4213 8328
4182 4269 8428
4229 4249 8477
4253 4297 8528
4226 4242 8451
4152 4271 8401
4139 4175 8298
4218 4289 8469
4239 4288 8503
4240 4270 8474
4275 4279 8545
4145 4297 8409
4238 4248 8475
4159 4184 8310
4128 4280 8378
4126 4178 8291
4204 4264 8441
4229 4268 8495
4294 4298 8585
4165 4168 8329
4220 4278 8494
4233 4278 8473
4112 4274 8370
4157 4167 8323
4145 4292 8399
4113 4197 8295
4198 4222 8392
4214 4236 8431
4211 4294 8466
4276 4294 8539
4177 4225 8372
4151 4271 8389
4112 4133 8210
4102 4244 8317
4153 4181 8324
4132 4141 8255
4222 4228 8416
4187 4212 8361
4242 4296 8506
4296 4298 8589
4270 4273 8503
4159 4256 8402
4194 4241 8419
4231 4280 8494
4251 4274 8501
4100 4262 8327
4182 4263 8443
4102 4174 8259
4291 4294 8553
4229 4285 8484
4246 4249 8492
4142 4279 8383
4213 4230 8430
4226 4276 8493
4102 4226 8295
4294 4298 8569
4268 4300 8558
4235 4297 8522
4119 4154 8268
4144 4227 8355
4171 4247 8414
4114 4210 8309
4214 4281 8461
4134 4137 8257
4258 4264 8491
4204 4217 8388
4131 4281 8402
4197 4279 8468
4257 4263 8516
4160 4188 8328
4101 4167 8252
4146 4260 8370
4187 4280 8436
4282 4299 8578
4292 4299 8568
4236 4246 8462
4132 4199 8295
4281 4299 8559
4159 4241 8378
4297 4299 8585
4286 4289 8542
4151 4153 8294
4183 4197 8375
4229 4259 8477
4296 4297 8559
4256 4268 8512
4284 4285 8550
4240 4278 8502
4225 4226 8432
4142 4275 8413
4271 4288 8556
4190 4259 8412
4276 4288 8525
4195 4238 8409
4265 4289 8519
4292 4293 8546
4204 4275 8463
4104 4214 8300
4138 4281 8416
4264 4297 8554
4291 4296 8557
4293 4299 8569
4172 4185 8318
4201 4246 8429
4278 4296 8563
4282 4300 8558
4225 4250 8465
4201 4255 8416
4267 4298 8557
4268 4297 8561
4170 4295 8430
4288 4292 8543
4173 4270 8430
4299 4300 8569
4290 4298 8562
4266 4275 8507
4191 4197 8381
4275 4282 8542
4299 4300 8596
4258 4292 8548
4272 4291 8537
4208 4270 8455
4104 4277 8359
4168 4206 8345
4191 4206 8370
4160 4192 8339
4178 4190 8334
4280 4297 8553
4255 4258 8512
4258 4262 8497
4167 4195 8348
4197 4200 8364
4140 4300 8430
4196 4257 8430
4280 4285 8529
4189 4227 8415
4271 4274 8529
4165 4183 8325
4170 4206 8371
4246 4268 8508
4231 4292 8487
4215 4260 8473
4160 4284 8407
4145 4159 8300
4112 4121 8204
4114 4278 8358
4199 4255 8418
4236 4238 8438
4209 4236 8420
4220 4275 8469
4186 4279 8426
4109 4111 8207
4209 4262 8449
4211 4260 8450
4216 4265 8454
4101 4135 8210
4202 4229 8430
4103 4240 8323
4163 4248 8378
4188 4217 8382
4289 4294 8557
4123 4193 8297
4258 4289 8534
4235 4297 8517
4108 4150 8229
4269 4277 8515
4281 4282 8560
4230 4271 8492
4134 4271 8393
4214 4265 8448
4151 4173 8299
4266 4279 8515
4223 4224 8437
4226 4280 8484
4273 4276 8531
4236 4297 8497
4104 4210 8276
4235 4274 8505
4125 4156 8265
4236 4290 8515
4118 4296 8399
4146 4239 8353
4186 4251 8411
4210 4296 8466
4108 4138 8228
4199 4277 8470
4287 4294 8568
4159 4188 8344
4254 4260 8490
4242 4249 8469
4194 4222 8395
4126 4206 8316
4259 4276 8525
4194 4212 8395
4266 4279 8536
4163 4264 8420
4260 4268 8489
4222 4248 8452
4294 4298 8575
4108 4285 8372
4211 4214 8413
4242 4295 8497
4103 4295 8370
4239 4291 8490
4133 4243 8363
4260 4272 8493
4148 4248 8390
4155 4216 8361
4251 4259 8487
4142 4172 8300
4197 4228 8395
4106 4121 8204
4173 4226 8368
4261 4278 8538
4267 4290 8545
4175 4220 8359
4113 4158 8259
4154 4169 8286
4182 4233 8386
4124 4226 8328
4115 4188 8293
4113 4230 8311
4279 4296 8552
4271 4277 8540
4294 4295 8588
4200 4229 8427
4295 4299 8583
4245 4286 8494
4282 4296 8575
4297 4300 8596
4208 4216 8394
4102 4248 8311
4182 4261 8435
4203 4233 8410
4283 4289 8566
4251 4260 8484
4176 4265 8417
4261 4267 8504
4194 4195 8374
4124 4220 8332
4170 4219 8374
4251 4286 8507
4263 4297 8529
4166 4221 8379
4128 4227 8349
4197 4297 8488
4100 4276 8370
4213 4255 8436
4112 4292 8387
4198 4255 8422
4213 4262 8438
4189 4234 8395
4114 4174 8257
4202 4242 8412
4259 4275 8502
4158 4184 8305
4160 4189 8310
4108 4267 8337
4267 4268 8515
4289 4294 8563
4119 4248 8365
4213 4249 8434
4174 4197 8363
4149 4249 8364
4239 4246 8479
4184 4219 8397
4194 4284 8451
4167 4233 8378
4256 4285 8513
4229 4273 8472
4250 4284 8502
4128 4213 8323
4182 4200 8349
4115 4159 8258
4282 4285 8534
4280 4291 8551
4222 4227 8429
4235 4252 8486
4286 4296 8560
4227 4232 8430
4234 4258 8481
4186 4217 8366
4107 4287 8386
4122 4140 8233
4297 4299 8570
4151 4210 8330
4141 4288 8420
4221 4242 8454
4299 4300 8577
4254 4296 8535
4283 4287 8544
4247 4298 8543
4140 4286 8406
4147 4205 8323
4145 4212 8351
4153 4177 8297
4246 4289 8517
4177 4295 8456
4189 4215 8390
4195 4212 8396
4269 4291 8532
4180 4218 8378
4189 4226 8376
4279 4285 8552
4150 4254 8382
4286 4289 8546
4198 4287 8475
4288 4294 8573
4183 4260 8404
4111 4265 8361
4128 4163 8290
4251 4263 8511
4109 4245 8321
4247 4295 8532
4209 4268 8472
4275 4289 8561
4242 4265 8489
4288 4293 8578
4294 4299 8591
4218 4275 8492
4125 4185 8297
4278 4295 8568
4298 4299 8567
4182 4204 8367
4103 4136 8230
4226 4291 8511
4105 4241 8327
4242 4256 8466
4108 4294 8363
4143 4273 8404
4236 4262 8459
4158 4253 8379
4167 4281 8438
4187 4214 8373
4114 4120 8197
4217 4294 8482
4273 4284 8522
4290 4295 8572
4172 4294 8462
4277 4286 8545
4267 4293 8544
4279 4297 8566
4123 4139 8240
4243 4294 8527
4282 4291 8534
4276 4290 8543
4110 4226 8297
4240 4278 8515
4243 4266 8476
4227 4253 8460
4158 4191 8325
4271 4288 8547
4264 4292 8532
4125 4249 8364
4142 4294 8430
4271 4300 8541
4226 4248 8444
4234 4248 8476
4269 4281 8527
4240 4256 8466
4103 4232 8326
4281 4297 8540
4118 4184 8267
4290 4298 8580
4126 4241 8347
4242 4267 8495
4298 4300 8559
4278 4282 8532
4297 4300 8578
4289 4300 8557
4180 4199 8346
4112 4172 8254
4186 4189 8358
4149 4292 8415
4206 4276 8448
4124 4298 8395
4170 4194 8346
4137 4278 8386
4187 4270 8451
4120 4154 8268
4126 4155 8260
4138 4209 8310
4268 4288 8549
4162 4285 8410
4243 4278 8500
4106 4257 8336
4199 4288 8465
4202 4220 8387
4116 4153 8256
4171 4267 8433
4117 4278 8357
4266 4274 8523
4185 4274 8423
4223 4282 8467
4299 4300 8595
4165 4274 8416
4282 4296 8576
4119 4210 8312
4140 4228 8351
4157 4240 8372
4173 4292 8430
4178 4268 8423
4277 4296 8536
4169 4170 8327
4109 4236 8333
4248 4298 8535
4106 4256 8349
4278 4290 8543
4259 4294 8513
4103 4242 8326

0.010000 0.700000
