800
4853426
4047 4065 8112
4186 4197 8383
4010 4108 8118
4100 4114 8214
4145 4193 8338
4062 4196 8258
4140 4154 8294
4191 4197 8388
4020 4089 8109
4152 4154 8306
4125 4131 8256
4161 4187 8348
4092 4179 8271
4170 4172 8342
4147 4183 8330
4152 4196 8348
4013 4055 8068
4171 4176 8347
4175 4179 8354
4183 4186 8369
4102 4130 8232
4028 4162 8190
4054 4102 8156
4051 4169 8220
4135 4177 8312
4108 4143 8251
4070 4182 8252
4032 4079 8111
4023 4152 8175
4082 4095 8177
4196 4198 8394
4101 4102 8203
4131 4164 8295
4084 4189 8273
4189 4200 8389
4101 4150 8251
4051 4114 8165
4059 4166 8225
4139 4183 8322
4000 4122 8122
4158 4199 8357
4099 4177 8276
4018 4068 8086
4058 4060 8118
4081 4172 8253
4072 4099 8171
4195 4198 8393
4059 4171 8230
4035 4184 8219
4018 4086 8104
4056 4125 8181
4087 4157 8244
4052 4125 8177
4045 4094 8139
4032 4164 8196
4094 4153 8247
4022 4060 8082
4082 4142 8224
4013 4086 8099
4199 4200 8399
4019 4083 8102
4051 4163 8214
4115 4123 8238
4185 4197 8382
4008 4179 8187
4182 4188 8370
4010 4114 8124
4067 4142 8209
4098 4188 8286
4055 4198 8253
4143 4180 8323
4157 4178 8335
4024 4102 8126
4163 4184 8347
4103 4153 8256
4094 4183 8277
4121 4197 8318
4018 4146 8164
4150 4176 8326
4127 4146 8273
4070 4126 8196
4061 4142 8203
4175 4198 8373
4040 4079 8119
4074 4126 8200
4120 4175 8295
4059 4063 8122
4050 4068 8118
4096 4180 8276
4162 4187 8349
4142 4165 8307
4109 4114 8223
4149 4166 8315
4099 4163 8262
4111 4133 8244
4155 4194 8349
4023 4165 8188
4062 4098 8160
4184 4199 8383
4045 4184 8229
4006 4064 8070
4096 4181 8277
4183 4189 8372
4045 4083 8128
4081 4118 8199
4088 4124 8212
4036 4071 8107
4003 4198 8201
4043 4137 8180
4183 4186 8369
4139 4165 8304
4132 4142 8274
4151 4177 8328
4146 4187 8333
4170 4191 8361
4137 4161 8298
4089 4169 8258
4038 4168 8206
4166 4172 8338
4060 4084 8144
4095 4099 8194
4171 4183 8354
4027 4154 8181
4033 4160 8193
4030 4098 8128
4124 4151 8275
4130 4176 8306
4058 4112 8170
4129 4187 8316
4166 4196 8362
4048 4106 8154
4051 4199 8250
4030 4129 8159
4168 4170 8338
4092 4182 8274
4064 4088 8152
4075 4135 8210
4106 4161 8267
4127 4159 8286
4124 4161 8285
4049 4106 8155
4185 4188 8373
4058 4169 8227
4100 4191 8291
4054 4121 8175
4074 4172 8246
4140 4167 8307
4179 4187 8366
4113 4164 8277
4085 4191 8276
4026 4153 8179
4183 4196 8379
4169 4178 8347
4020 4055 8075
4155 4190 8345
4172 4174 8346
4038 4130 8168
4165 4181 8346
4156 4182 8338
4063 4123 8186
4091 4173 8264
4157 4200 8357
4057 4103 8160
4134 4151 8285
4115 4198 8313
4197 4198 8395
4108 4113 8221
4063 4114 8177
4060 4075 8135
4177 4180 8357
4074 4153 8227
4055 4090 8145
4025 4026 8051
4015 4078 8093
4075 4088 8163
4068 4196 8264
4099 4134 8233
4173 4198 8371
4162 4170 8332
4061 4089 8150
4025 4093 8118
4127 4136 8263
4174 4200 8374
4089 4114 8203
4047 4163 8210
4047 4194 8241
4199 4200 8399
4061 4170 8231
4013 4082 8095
4166 4177 8343
4171 4188 8359
4050 4144 8194
4152 4162 8314
4090 4180 8270
4051 4102 8153
4038 4094 8132
4070 4181 8251
4185 4188 8373
4105 4180 8285
4106 4147 8253
4037 4193 8230
4182 4191 8373
4060 4074 8134
4165 4171 8336
4028 4048 8076
4137 4198 8335
4127 4172 8299
4127 4182 8309
4054 4166 8220
4059 4067 8126
4174 4184 8358
4080 4179 8259
4131 4173 8304
4034 4100 8134
4154 4195 8349
4034 4117 8151
4032 4105 8137
4179 4187 8366
4086 4187 8273
4197 4200 8397
4186 4200 8386
4143 4169 8312
4001 4039 8040
4146 4195 8341
4167 4178 8345
4079 4100 8179
4158 4180 8338
4010 4200 8210
4165 4174 8339
4139 4179 8318
4194 4199 8393
4104 4150 8254
4117 4157 8274
4127 4154 8281
4158 4159 8317
4085 4109 8194
4170 4184 8354
4159 4165 8324
4189 4194 8383
4179 4183 8362
4094 4164 8258
4173 4186 8359
4063 4122 8185
4164 4172 8336
4029 4157 8186
4120 4160 8280
4078 4117 8195
4123 4137 8260
4046 4091 8137
4000 4083 8083
4096 4194 8290
4115 4184 8299
4022 4069 8091
4192 4199 8391
4038 4169 8207
4032 4185 8217
4103 4153 8256
4091 4165 8256
4027 4147 8174
4027 4129 8156
4064 4182 8246
4106 4142 8248
4088 4162 8250
4154 4194 8348
4126 4165 8291
4173 4179 8352
4087 4098 8185
4048 4136 8184
4194 4195 8389
4025 4129 8154
4070 4186 8256
4112 4120 8232
4108 4135 8243
4081 4196 8277
4133 4168 8301
4040 4067 8107
4016 4161 8177
4000 4061 8061
4027 4143 8170
4076 4162 8238
4048 4126 8174
4118 4175 8293
4029 4030 8059
4144 4146 8290
4009 4049 8058
4145 4179 8324
4040 4123 8163
4035 4166 8201
4169 4192 8361
4022 4107 8129
4057 4068 8125
4065 4161 8226
4193 4200 8393
4112 4186 8298
4170 4194 8364
4032 4151 8183
4030 4121 8151
4177 4196 8373
4159 4196 8355
4149 4174 8323
4038 4196 8234
4055 4137 8192
4016 4055 8071
4127 4198 8325
4064 4104 8168
4137 4200 8337
4049 4129 8178
4165 4175 8340
4116 4190 8306
4170 4193 8363
4120 4169 8289
4060 4105 8165
4013 4038 8051
4133 4150 8283
4070 4190 8260
4116 4139 8255
4099 4182 8281
4042 4143 8185
4041 4136 8177
4132 4188 8320
4157 4181 8338
4088 4136 8224
4000 4154 8154
4067 4070 8137
4174 4182 8356
4084 4106 8190
4160 4173 8333
4065 4086 8151
4142 4152 8294
4081 4094 8175
4070 4126 8196
4053 4176 8229
4100 4173 8273
4145 4191 8336
4045 4176 8221
4144 4192 8336
4106 4172 8278
4187 4190 8377
4122 4191 8313
4034 4150 8184
4113 4157 8270
4094 4179 8273
4109 4150 8259
4092 4098 8190
4126 4187 8313
4133 4199 8332
4194 4197 8391
4190 4198 8388
4004 4184 8188
4163 4164 8327
4008 4014 8022
4082 4142 8224
4099 4124 8223
4097 4176 8273
4033 4085 8118
4073 4195 8268
4088 4127 8215
4062 4132 8194
4147 4152 8299
4029 4197 8226
4086 4138 8224
4087 4134 8221
4069 4143 8212
4119 4122 8241
4173 4196 8369
4127 4132 8259
4109 4121 8230
4194 4197 8391
4058 4177 8235
4169 4191 8360
4152 4156 8308
4136 4170 8306
4119 4179 8298
4116 4152 8268
4123 4133 8256
4107 4132 8239
4083 4150 8233
4166 4196 8362
4025 4129 8154
4063 4175 8238
4132 4163 8295
4100 4183 8283
4046 4137 8183
4158 4174 8332
4106 4176 8282
4081 4114 8195
4115 4154 8269
4156 4188 8344
4079 4136 8215
4054 4145 8199
4089 4091 8180
4013 4088 8101
4166 4174 8340
4122 4152 8274
4091 4133 8224
4044 4173 8217
4113 4137 8250
4113 4188 8301
4062 4157 8219
4126 4197 8323
4119 4198 8317
4042 4176 8218
4060 4167 8227
4126 4165 8291
4077 4088 8165
4148 4200 8348
4185 4192 8377
4186 4196 8382
4027 4112 8139
4136 4139 8275
4076 4120 8196
4094 4115 8209
4018 4130 8148
4046 4099 8145
4162 4169 8331
4120 4175 8295
4172 4185 8357
4097 4183 8280
4190 4194 8384
4124 4177 8301
4019 4112 8131
4012 4176 8188
4053 4059 8112
4193 4199 8392
4094 4153 8247
4033 4167 8200
4192 4200 8392
4020 4022 8042
4136 4174 8310
4152 4158 8310
4066 4143 8209
4107 4150 8257
4003 4197 8200
4125 4200 8325
4085 4121 8206
4061 4131 8192
4156 4184 8340
4046 4133 8179
4095 4116 8211
4161 4187 8348
4144 4185 8329
4172 4177 8349
4178 4193 8371
4076 4117 8193
4127 4156 8283
4071 4075 8146
4100 4148 8248
4071 4113 8184
4063 4140 8203
4023 4062 8085
4027 4049 8076
4080 4116 8196
4108 4169 8277
4064 4132 8196
4132 4155 8287
4088 4099 8187
4029 4062 8091
4094 4145 8239
4149 4182 8331
4038 4189 8227
4186 4199 8385
4130 4170 8300
4081 4200 8281
4082 4159 8241
4068 4158 8226
4028 4036 8064
4187 4192 8379
4028 4094 8122
4052 4198 8250
4106 4140 8246
4086 4196 8282
4111 4129 8240
4064 4158 8222
4024 4027 8051
4052 4169 8221
4000 4159 8159
4051 4098 8149
4152 4158 8310
4140 4148 8288
4100 4186 8286
4092 4176 8268
4132 4153 8285
4145 4146 8291
4161 4196 8357
4041 4127 8168
4074 4185 8259
4000 4117 8117
4139 4162 8301
4076 4160 8236
4104 4125 8229
4089 4120 8209
4122 4128 8250
4102 4107 8209
4016 4179 8195
4073 4083 8156
4114 4169 8283
4115 4169 8284
4182 4194 8376
4111 4119 8230
4181 4194 8375
4125 4159 8284
4000 4189 8189
4061 4124 8185
4132 4146 8278
4164 4167 8331
4069 4142 8211
4000 4092 8092
4123 4181 8304
4142 4166 8308
4074 4183 8257
4067 4109 8176
4078 4145 8223
4083 4190 8273
4017 4184 8201
4048 4052 8100
4070 4120 8190
4139 4179 8318
4050 4119 8169
4192 4199 8391
4065 4193 8258
4115 4164 8279
4151 4193 8344
4092 4093 8185
4130 4196 8326
4085 4091 8176
4011 4043 8054
4012 4022 8034
4148 4199 8347
4191 4196 8387
4043 4196 8239
4056 4110 8166
4069 4072 8141
4095 4105 8200
4168 4183 8351
4028 4123 8151
4001 4185 8186
4164 4168 8332
4076 4095 8171
4016 4134 8150
4069 4120 8189
4015 4190 8205
4027 4199 8226
4032 4087 8119
4190 4200 8390
4139 4189 8328
4164 4177 8341
4128 4155 8283
4008 4170 8178
4090 4195 8285
4041 4091 8132
4116 4143 8259
4067 4113 8180
4074 4160 8234
4011 4191 8202
4095 4114 8209
4115 4120 8235
4199 4200 8399
4130 4174 8304
4033 4062 8095
4112 4164 8276
4122 4156 8278
4091 4173 8264
4174 4196 8370
4078 4121 8199
4009 4146 8155
4099 4158 8257
4196 4198 8394
4014 4102 8116
4064 4175 8239
4131 4137 8268
4043 4179 8222
4157 4181 8338
4080 4095 8175
4045 4050 8095
4059 4141 8200
4171 4187 8358
4110 4161 8271
4015 4074 8089
4034 4045 8079
4175 4185 8360
4070 4095 8165
4165 4171 8336
4053 4192 8245
4065 4118 8183
4057 4062 8119
4156 4183 8339
4185 4196 8381
4000 4123 8123
4132 4165 8297
4188 4190 8378
4113 4146 8259
4013 4158 8171
4010 4102 8112
4166 4184 8350
4105 4139 8244
4160 4190 8350
4180 4191 8371
4015 4135 8150
4043 4142 8185
4178 4187 8365
4071 4166 8237
4052 4161 8213
4146 4177 8323
4075 4140 8215
4175 4183 8358
4167 4188 8355
4109 4164 8273
4006 4180 8186
4186 4191 8377
4168 4183 8351
4093 4160 8253
4106 4109 8215
4055 4181 8236
4120 4151 8271
4114 4167 8281
4058 4076 8134
4111 4150 8261
4010 4081 8091
4170 4194 8364
4071 4074 8145
4004 4052 8056
4083 4193 8276
4163 4194 8357
4012 4195 8207
4072 4087 8159
4196 4197 8393
4106 4152 8258
4194 4198 8392
4177 4198 8375
4182 4184 8366
4156 4185 8341
4086 4103 8189
4179 4193 8372
4078 4152 8230
4108 4143 8251
4177 4196 8373
4133 4144 8277
4072 4087 8159
4077 4122 8199
4126 4196 8322
4104 4199 8303
4017 4087 8104
4162 4177 8339
4129 4161 8290
4012 4144 8156
4040 4113 8153
4019 4152 8171
4062 4190 8252
4133 4169 8302
4093 4193 8286
4043 4164 8207
4080 4176 8256
4126 4174 8300
4078 4081 8159
4063 4168 8231
4148 4194 8342
4132 4149 8281
4166 4189 8355
4088 4090 8178
4197 4198 8395
4133 4187 8320
4174 4190 8364
4116 4177 8293
4009 4057 8066
4082 4129 8211
4168 4191 8359
4001 4119 8120
4012 4032 8044
4114 4122 8236
4082 4197 8279
4027 4068 8095
4116 4145 8261
4112 4180 8292
4041 4122 8163
4040 4188 8228
4045 4103 8148
4039 4129 8168
4039 4134 8173
4089 4134 8223
4110 4117 8227
4196 4199 8395
4046 4153 8199
4018 4046 8064
4180 4196 8376
4043 4163 8206
4148 4168 8316
4029 4181 8210
4046 4070 8116
4094 4099 8193
4018 4192 8210
4052 4181 8233
4049 4077 8126
4043 4179 8222
4105 4115 8220
4181 4198 8379
4140 4167 8307
4029 4059 8088
4012 4103 8115
4050 4149 8199
4135 4138 8273
4006 4184 8190
4124 4127 8251
4064 4119 8183
4104 4178 8282
4106 4131 8237
4112 4156 8268
4023 4141 8164
4182 4198 8380
4094 4155 8249
4163 4176 8339
4147 4179 8326
4114 4199 8313
4113 4116 8229
4099 4117 8216
4130 4178 8308
4019 4176 8195
4155 4156 8311
4143 4178 8321
4118 4199 8317
4041 4198 8239
4110 4116 8226
4153 4182 8335
4044 4148 8192
4093 4153 8246
4162 4186 8348
4093 4163 8256
4110 4112 8222
4183 4197 8380
4140 4171 8311
4185 4186 8371
4061 4146 8207
4160 4181 8341
4160 4170 8330
4134 4159 8293
4059 4140 8199
4137 4187 8324
4021 4127 8148
4157 4199 8356
4151 4187 8338
4035 4110 8145
4130 4134 8264
4006 4084 8090
4153 4164 8317
4105 4115 8220
4015 4065 8080
4141 4191 8332
4064 4192 8256
4180 4191 8371
4094 4196 8290
4118 4197 8315
4153 4157 8310
4158 4194 8352
4003 4044 8047
4195 4199 8394
4106 4141 8247
4009 4129 8138
4041 4103 8144
4004 4157 8161
4031 4033 8064
4057 4135 8192
4150 4194 8344
4023 4186 8209
4101 4193 8294
4167 4174 8341
4121 4143 8264
4088 4127 8215
4020 4081 8101
4144 4162 8306
4042 4087 8129
4066 4115 8181
4025 4155 8180
4165 4199 8364
4026 4082 8108
4199 4200 8399
4004 4031 8035
4028 4106 8134
4077 4193 8270
4053 4109 8162
4062 4192 8254
4112 4200 8312
4052 4091 8143
4137 4145 8282
4159 4191 8350
4165 4169 8334
4014 4017 8031
4161 4196 8357
4062 4183 8245
4174 4190 8364
4025 4138 8163
4005 4007 8012
4177 4198 8375
4099 4148 8247
4005 4089 8094
4150 4187 8337
4119 4122 8241
4141 4191 8332
4129 4158 8287
4002 4130 8132
4060 4104 8164
4036 4188 8224

4147 4165 8299
4286 4297 8552
4110 4208 8301
4200 4214 8407
4245 4293 8503
4162 4296 8444
4240 4254 8459
4291 4297 8578
4120 4189 8279
4252 4254 8504
4225 4231 8422
4261 4287 8508
4192 4279 8440
4270 4272 8508
4247 4283 8516
4252 4296 8528
4113 4155 8231
4271 4276 8538
4275 4279 8540
4283 4286 8529
4202 4230 8425
4128 4262 8371
4154 4202 8334
4151 4269 8415
4235 4277 8493
4208 4243 8414
4170 4282 8430
4132 4179 8294
4123 4252 8336
4182 4195 8375
4296 4298 8564
4201 4202 8385
4231 4264 8462
4184 4289 8440
4289 4300 8549
4201 4250 8431
4151 4214 8333
4159 4266 8391
4239 4283 8505
4100 4222 8316
4258 4299 8532
4199 4277 8453
4118 4168 8285
4158 4160 8292
4181 4272 8431
4172 4199 8333
4295 4298 8564
4159 4271 8422
4135 4284 8410
4118 4186 8294
4156 4225 8370
4187 4257 8425
4152 4225 8355
4145 4194 8312
4132 4264 8363
4194 4253 8408
4122 4160 8252
4182 4242 8417
4113 4186 8277
4299 4300 8590
4119 4183 8300
4151 4263 8410
4215 4223 8432
4285 4297 8574
4108 4279 8348
4282 4288 8533
4110 4214 8306
4167 4242 8372
4198 4288 8466
4155 4298 8418
4243 4280 8506
4257 4278 8508
4124 4202 8302
4263 4284 8546
4203 4253 8427
4194 4283 8460
4221 4297 8511
4118 4246 8333
4250 4276 8487
4227 4246 8463
4170 4226 8358
4161 4242 8388
4275 4298 8563
4140 4179 8292
4174 4226 8384
4220 4275 8490
4159 4163 8291
4150 4168 8284
4196 4280 8440
4262 4287 8533
4242 4265 8486
4209 4214 8420
4249 4266 8492
4199 4263 8440
4211 4233 8423
4255 4294 8530
4123 4265 8358
4162 4198 8336
4284 4299 8544
4145 4284 8426
4106 4164 8244
4196 4281 8463
4283 4289 8538
4145 4183 8315
4181 4218 8365
4188 4224 8399
4136 4171 8287
4103 4298 8398
4143 4237 8356
4283 4286 8548
4239 4265 8476
4232 4242 8446
4251 4277 8509
4246 4287 8525
4270 4291 8560
4237 4261 8495
4189 4269 8457
4138 4268 8373
4266 4272 8524
4160 4184 8331
4195 4199 8363
4271 4283 8546
4127 4254 8378
4133 4260 8391
4130 4198 8294
4224 4251 8447
4230 4276 8495
4158 4212 8368
4229 4287 8508
4266 4296 8525
4148 4206 8339
4151 4299 8414
4130 4229 8346
4268 4270 8512
4192 4282 8456
4164 4188 8351
4175 4235 8382
4206 4261 8434
4227 4259 8477
4224 4261 8464
4149 4206 8320
4285 4288 8539
4158 4269 8395
4200 4291 8467
4154 4221 8337
4174 4272 8410
4240 4267 8499
4279 4287 8543
4213 4264 8466
4185 4291 8449
4126 4253 8376
4283 4296 8556
4269 4278 8516
4120 4155 8262
4255 4290 8544
4272 4274 8524
4138 4230 8363
4265 4281 8512
4256 4282 8514
4163 4223 8361
4191 4273 8438
4257 4300 8552
4157 4203 8339
4234 4251 8456
4215 4298 8502
4297 4298 8574
4208 4213 8390
4163 4214 8354
4160 4175 8315
4277 4280 8520
4174 4253 8425
4155 4190 8335
4125 4126 8214
4115 4178 8255
4175 4188 8350
4168 4296 8454
4199 4234 8423
4273 4298 8544
4262 4270 8517
4161 4189 8331
4125 4193 8286
4227 4236 8438
4274 4300 8560
4189 4214 8400
4147 4263 8373
4147 4294 8413
4299 4300 8581
4161 4270 8395
4113 4182 8278
4266 4277 8536
4271 4288 8547
4150 4244 8379
4252 4262 8476
4190 4280 8434
4151 4202 8333
4138 4194 8295
4170 4281 8421
4285 4288 8572
4205 4280 8450
4206 4247 8424
4137 4293 8403
4282 4291 8554
4160 4174 8314
4265 4271 8519
4128 4148 8247
4237 4298 8520
4227 4272 8491
4227 4282 8480
4154 4266 8419
4159 4167 8304
4274 4284 8520
4180 4279 8458
4231 4273 8503
4134 4200 8300
4254 4295 8523
4134 4217 8319
4132 4205 8336
4279 4287 8546
4186 4287 8464
4297 4300 8560
4286 4300 8572
4243 4269 8500
4101 4139 8221
4246 4295 8510
4267 4278 8517
4179 4200 8345
4258 4280 8507
4110 4300 8373
4265 4274 8527
4239 4279 8487
4294 4299 8584
4204 4250 8428
4217 4257 8466
4227 4254 8453
4258 4259 8508
4185 4209 8375
4270 4284 8514
4259 4265 8517
4289 4294 8557
4279 4283 8547
4194 4264 8443
4273 4286 8528
4163 4222 8372
4264 4272 8507
4129 4257 8369
4220 4260 8441
4178 4217 8388
4223 4237 8422
4146 4191 8319
4100 4183 8278
4196 4294 8455
4215 4284 8467
4122 4169 8254
4292 4299 8575
4138 4269 8402
4132 4285 8413
4203 4253 8422
4191 4265 8451
4127 4247 8342
4127 4229 8332
4164 4282 8445
4206 4242 8418
4188 4262 8413
4254 4294 8534
4226 4265 8479
4273 4279 8529
4187 4198 8346
4148 4236 8358
4294 4295 8554
4125 4229 8319
4170 4286 8444
4212 4220 8429
4208 4235 8416
4181 4296 8454
4233 4268 8496
4140 4167 8285
4116 4261 8351
4100 4161 8250
4127 4243 8366
4176 4262 8412
4148 4226 8349
4218 4275 8465
4129 4130 8242
4244 4246 8466
4109 4149 8235
4245 4279 8504
4140 4223 8327
4135 4266 8393
4269 4292 8553
4122 4207 8295
4157 4168 8290
4165 4261 8405
4293 4300 8586
4212 4286 8491
4270 4294 8532
4132 4251 8350
4130 4221 8348
4277 4296 8561
4259 4296 8521
4249 4274 8509
4138 4296 8417
4155 4237 8362
4116 4155 8250
4227 4298 8493
4164 4204 8342
4237 4300 8507
4149 4229 8341
4265 4275 8508
4216 4290 8466
4270 4293 8552
4220 4269 8483
4160 4205 8355
4113 4138 8222
4233 4250 8481
4170 4290 8435
4216 4239 8418
4199 4282 8465
4142 4243 8347
4141 4236 8342
4232 4288 8507
4257 4281 8509
4188 4236 8392
4100 4254 8321
4167 4170 8320
4274 4282 8540
4184 4206 8352
4260 4273 8532
4165 4186 8338
4242 4252 8476
4181 4194 8352
4170 4226 8366
4153 4276 8419
4200 4273 8452
4245 4291 8518
4145 4276 8408
4244 4292 8512
4206 4272 8462
4287 4290 8541
4222 4291 8485
4134 4250 8366
4213 4257 8464
4194 4279 8454
4209 4250 8421
4192 4198 8375
4226 4287 8482
4233 4299 8526
4294 4297 8574
4290 4298 8549
4104 4284 8372
4263 4264 8517
4108 4114 8190
4182 4242 8419
4199 4224 8411
4197 4276 8444
4133 4185 8299
4173 4295 8448
4188 4227 8382
4162 4232 8387
4247 4252 8480
4129 4297 8408
4186 4238 8388
4187 4234 8402
4169 4243 8398
4219 4222 8437
4273 4296 8533
4227 4232 8452
4209 4221 8412
4294 4297 8566
4158 4277 8404
4269 4291 8538
4252 4256 8488
4236 4270 8468
4219 4279 8477
4216 4252 8464
4223 4233 8428
4207 4232 8405
4183 4250 8399
4266 4296 8522
4125 4229 8342
4163 4275 8419
4232 4263 8466
4200 4283 8479
4146 4237 8373
4258 4274 8506
4206 4276 8474
4181 4214 8367
4215 4254 8452
4256 4288 8525
4179 4236 8381
4154 4245 8377
4189 4191 8358
4113 4188 8264
4266 4274 8510
4222 4252 8454
4191 4233 8387
4144 4273 8413
4213 4237 8425
4213 4288 8493
4162 4257 8396
4226 4297 8519
4219 4298 8506
4142 4276 8415
4160 4267 8412
4226 4265 8481
4177 4188 8342
4248 4300 8531
4285 4292 8562
4286 4296 8581
4127 4212 8302
4236 4239 8442
4176 4220 8375
4194 4215 8372
4118 4230 8311
4146 4199 8312
4262 4269 8519
4220 4275 8486
4272 4285 8545
4197 4283 8451
4290 4294 8580
4224 4277 8498
4119 4212 8330
4112 4276 8363
4153 4159 8307
4293 4299 8573
4194 4253 8442
4133 4267 8397
4292 4300 8568
4120 4122 8239
4236 4274 8496
4252 4258 8490
4166 4243 8390
4207 4250 8439
4103 4297 8366
4225 4300 8509
4185 4221 8404
4161 4231 8374
4256 4284 8528
4146 4233 8375
4195 4216 8381
4261 4287 8512
4244 4285 8522
4272 4277 8548
4278 4293 8568
4176 4217 8365
4227 4256 8451
4171 4175 8308
4200 4248 8422
4171 4213 8357
4163 4240 8377
4123 4162 8282
4127 4149 8245
4180 4216 8374
4208 4269 8475
4164 4232 8385
4232 4255 8462
4188 4199 8349
4129 4162 8270
4194 4245 8410
4249 4282 8524
4138 4289 8395
4286 4299 8576
4230 4270 8464
4181 4300 8480
4182 4259 8402
4168 4258 8412
4128 4136 8232
4287 4292 8549
4128 4194 8321
4152 4298 8418
4206 4240 8419
4186 4296 8454
4211 4229 8429
4164 4258 8407
4124 4127 8218
4152 4269 8392
4100 4259 8342
4151 4198 8310
4252 4258 8472
4240 4248 8481
4200 4286 8460
4192 4276 8448
4232 4253 8476
4245 4246 8451
4261 4296 8533
4141 4227 8363
4174 4285 8445
4100 4217 8296
4239 4262 8482
4176 4260 8433
4204 4225 8428
4189 4220 8381
4222 4228 8432
4202 4207 8375
4116 4279 8371
4173 4183 8321
4214 4269 8449
4215 4269 8467
4282 4294 8541
4211 4219 8423
4281 4294 8569
4225 4259 8477
4100 4289 8354
4161 4224 8359
4232 4246 8464
4264 4267 8505
4169 4242 8391
4100 4192 8257
4223 4281 8495
4242 4266 8495
4174 4283 8436
4167 4209 8359
4178 4245 8410
4183 4290 8453
4117 4284 8367
4148 4152 8283
4170 4220 8382
4239 4279 8487
4150 4219 8354
4292 4299 8566
4165 4293 8419
4215 4264 8468
4251 4293 8505
4192 4193 8348
4230 4296 8520
4185 4191 8374
4111 4143 8238
4112 4122 8215
4248 4299 8510
4291 4296 8564
4143 4296 8413
4156 4210 8352
4169 4172 8305
4195 4205 8391
4268 4283 8548
4128 4223 8321
4101 4285 8372
4264 4268 8513
4176 4195 8348
4116 4234 8341
4169 4220 8367
4115 4290 8371
4127 4299 8392
4132 4187 8280
4290 4300 8580
4239 4289 8493
4264 4277 8537
4228 4255 8447
4108 4270 8350
4190 4295 8456
4141 4191 8293
4216 4243 8457
4167 4213 8375
4174 4260 8398
4111 4291 8364
4195 4214 8397
4215 4220 8432
4299 4300 8581
4230 4274 8481
4133 4162 8257
4212 4264 8450
4222 4256 8461
4191 4273 8456
4274 4296 8553
4178 4221 8373
4109 4246 8338
4199 4258 8455
4296 4298 8581
4114 4202 8284
4164 4275 8429
4231 4237 8437
4143 4279 8412
4257 4281 8509
4180 4195 8342
4145 4150 8280
4159 4241 8389
4271 4287 8519
4210 4261 8433
4115 4174 8263
4134 4145 8259
4275 4285 8524
4170 4195 8348
4265 4271 8529
4153 4292 8411
4165 4218 8348
4157 4162 8293
4256 4283 8535
4285 4296 8557
4100 4223 8318
4232 4265 8482
4288 4290 8558
4213 4246 8439
4113 4258 8352
4110 4202 8275
4266 4284 8540
4205 4239 8410
4260 4290 8521
4280 4291 8563
4115 4235 8328
4143 4242 8370
4278 4287 8535
4171 4266 8407
4152 4261 8397
4246 4277 8513
4175 4240 8381
4275 4283 8537
4267 4288 8545
4209 4264 8462
4106 4280 8361
4286 4291 8568
4268 4283 8542
4193 4260 8420
4206 4209 8410
4155 4281 8410
4220 4251 8449
4214 4267 8448
4158 4176 8323
4211 4250 8458
4110 4181 8269
4270 4294 8558
4171 4174 8311
4104 4152 8235
4183 4293 8452
4263 4294 8521
4112 4295 8378
4172 4187 8326
4296 4297 8561
4206 4252 8438
4294 4298 8563
4277 4298 8547
4282 4284 8539
4256 4285 8502
4186 4203 8375
4279 4293 8546
4178 4252 8425
4208 4243 8449
4277 4296 8560
4233 4244 8445
4172 4187 8352
4177 4222 8382
4226 4296 8495
4204 4299 8492
4117 4187 8301
4262 4277 8506
4229 4261 8484
4112 4244 8333
4140 4213 8342
4119 4252 8357
4162 4290 8425
4233 4269 8491
4193 4293 8449
4143 4264 8390
4180 4276 8426
4226 4274 8493
4178 4181 8352
4163 4268 8410
4248 4294 8505
4232 4249 8443
4266 4289 8537
4188 4190 8345
4297 4298 8579
4233 4287 8503
4274 4290 8529
4216 4277 8474
4109 4157 8245
4182 4229 8384
4268 4291 8533
4101 4219 8316
4112 4132 8210
4214 4222 8423
4182 4297 8450
4127 4168 8293
4216 4245 8436
4212 4280 8463
4141 4222 8361
4140 4288 8409
4145 4203 8317
4139 4229 8358
4139 4234 8370
4189 4234 8388
4210 4217 8394
4296 4299 8589
4146 4253 8367
4118 4146 8245
4280 4296 8552
4143 4263 8374
4248 4268 8499
4129 4281 8387
4146 4170 8279
4194 4199 8384
4118 4292 8390
4152 4281 8407
4149 4177 8307
4143 4279 8404
4205 4215 8403
4281 4298 8558
4240 4267 8497
4129 4159 8277
4112 4203 8309
4150 4249 8370
4235 4238 8457
4106 4284 8351
4224 4227 8418
4164 4219 8345
4204 4278 8452
4206 4231 8422
4212 4256 8445
4123 4241 8359
4282 4298 8544
4194 4255 8415
4263 4276 8503
4247 4279 8523
4214 4299 8509
4213 4216 8395
4199 4217 8411
4230 4278 8504
4119 4276 8386
4255 4256 8502
4243 4278 8501
4218 4299 8484
4141 4298 8431
4210 4216 8398
4253 4282 8507
4144 4248 8377
4193 4253 8428
4262 4286 8527
4193 4263 8440
4210 4212 8386
4283 4297 8563
4240 4271 8506
4285 4286 8565
4161 4246 8368
4260 4281 8504
4260 4270 8490
4234 4259 8488
4159 4240 8377
4237 4287 8515
4121 4227 8312
4257 4299 8533
4251 4287 8509
4135 4210 8332
4230 4234 8459
4106 4184 8280
4253 4264 8513
4205 4215 8412
4115 4165 8256
4241 4291 8514
4164 4292 8444
4280 4291 8551
4194 4296 8457
4218 4297 8512
4253 4257 8472
4258 4294 8535
4103 4144 8223
4295 4299 8591
4206 4241 8419
4109 4229 8305
4141 4203 8323
4104 4257 8329
4131 4133 8236
4157 4235 8375
4250 4294 8522
4123 4286 8370
4201 4293 8479
4267 4274 8518
4221 4243 8434
4188 4227 8406
4120 4181 8268
4244 4262 8497
4142 4187 8315
4166 4215 8362
4125 4255 8374
4265 4299 8526
4126 4182 8281
4299 4300 8559
4104 4131 8207
4128 4206 8302
4177 4293 8448
4153 4209 8330
4162 4292 8452
4212 4300 8489
4152 4191 8318
4237 4245 8445
4259 4291 8536
4265 4269 8507
4114 4117 8213
4261 4296 8542
4162 4283 8422
4274 4290 8530
4125 4238 8334
4105 4107 8182
4277 4298 8565
4199 4248 8422
4105 4189 8284
4250 4287 8509
4219 4222 8439
4241 4291 8519
4229 4258 8465
4102 4230 8307
4160 4204 8343
4136 4288 8394

0.010000 0.720000
