600
2628342
4150 4166 8316
4036 4116 8152
4073 4122 8195
4171 4175 8346
4122 4146 8268
4026 4062 8088
4184 4190 8374
4110 4138 8248
4180 4196 8376
4019 4076 8095
4124 4135 8259
4175 4193 8368
4043 4075 8118
4048 4165 8213
4102 4182 8284
4038 4092 8130
4044 4188 8232
4175 4184 8359
4021 4171 8192
4159 4191 8350
4098 4182 8280
4007 4013 8020
4009 4021 8030
4050 4068 8118
4140 4154 8294
4122 4123 8245
4119 4129 8248
4058 4116 8174
4009 4033 8042
4170 4191 8361
4124 4148 8272
4048 4122 8170
4137 4190 8327
4040 4200 8240
4101 4121 8222
4056 4108 8164
4045 4102 8147
4017 4048 8065
4029 4154 8183
4124 4128 8252
4002 4105 8107
4050 4168 8218
4063 4090 8153
4153 4191 8344
4104 4195 8299
4014 4040 8054
4118 4191 8309
4063 4106 8169
4041 4066 8107
4117 4151 8268
4170 4189 8359
4101 4127 8228
4087 4146 8233
4159 4194 8353
4006 4107 8113
4077 4110 8187
4102 4135 8237
4090 4120 8210
4135 4171 8306
4163 4181 8344
4172 4178 8350
4009 4088 8097
4062 4076 8138
4196 4200 8396
4070 4193 8263
4198 4199 8397
4001 4039 8040
4085 4116 8201
4020 4080 8100
4041 4135 8176
4086 4199 8285
4162 4168 8330
4182 4190 8372
4073 4105 8178
4009 4079 8088
4000 4125 8125
4095 4151 8246
4051 4194 8245
4127 4138 8265
4013 4021 8034
4131 4132 8263
4185 4189 8374
4075 4087 8162
4031 4157 8188
4173 4174 8347
4069 4095 8164
4089 4159 8248
4170 4180 8350
4099 4175 8274
4110 4128 8238
4113 4147 8260
4087 4104 8191
4181 4189 8370
4179 4185 8364
4133 4147 8280
4113 4186 8299
4115 4180 8295
4030 4057 8087
4101 4197 8298
4154 4157 8311
4030 4042 8072
4195 4198 8393
4154 4188 8342
4182 4184 8366
4153 4158 8311
4128 4170 8298
4073 4194 8267
4157 4200 8357
4185 4192 8377
4071 4199 8270
4066 4105 8171
4191 4195 8386
4113 4140 8253
4171 4195 8366
4169 4195 8364
4172 4179 8351
4114 4180 8294
4144 4154 8298
4068 4176 8244
4122 4147 8269
4075 4091 8166
4007 4170 8177
4013 4134 8147
4139 4141 8280
4092 4131 8223
4056 4194 8250
4065 4135 8200
4151 4194 8345
4073 4087 8160
4168 4194 8362
4170 4191 8361
4110 4185 8295
4108 4181 8289
4061 4089 8150
4049 4190 8239
4176 4192 8368
4075 4173 8248
4056 4095 8151
4135 4150 8285
4112 4141 8253
4084 4088 8172
4179 4188 8367
4150 4198 8348
4102 4151 8253
4117 4157 8274
4075 4084 8159
4187 4195 8382
4197 4200 8397
4048 4102 8150
4112 4149 8261
4070 4104 8174
4189 4191 8380
4069 4094 8163
4011 4120 8131
4172 4178 8350
4186 4187 8373
4009 4158 8167
4039 4185 8224
4035 4095 8130
4165 4198 8363
4000 4105 8105
4180 4181 8361
4111 4167 8278
4113 4136 8249
4031 4086 8117
4184 4190 8374
4044 4046 8090
4169 4189 8358
4132 4176 8308
4175 4200 8375
4044 4181 8225
4168 4196 8364
4152 4192 8344
4133 4166 8299
4019 4053 8072
4113 4196 8309
4029 4061 8090
4138 4142 8280
4033 4125 8158
4089 4107 8196
4021 4045 8066
4197 4198 8395
4079 4094 8173
4026 4200 8226
4082 4116 8198
4092 4109 8201
4020 4153 8173
4138 4177 8315
4012 4164 8176
4018 4176 8194
4042 4175 8217
4139 4154 8293
4183 4190 8373
4010 4191 8201
4196 4199 8395
4044 4106 8150
4084 4152 8236
4165 4188 8353
4098 4197 8295
4048 4118 8166
4107 4136 8243
4111 4148 8259
4023 4118 8141
4078 4176 8254
4127 4152 8279
4055 4142 8197
4034 4132 8166
4161 4162 8323
4170 4183 8353
4006 4111 8117
4083 4153 8236
4121 4184 8305
4193 4195 8388
4143 4154 8297
4096 4169 8265
4026 4114 8140
4010 4115 8125
4128 4139 8267
4032 4077 8109
4187 4193 8380
4093 4198 8291
4040 4114 8154
4006 4104 8110
4027 4047 8074
4008 4116 8124
4011 4179 8190
4169 4187 8356
4095 4173 8268
4102 4170 8272
4058 4171 8229
4155 4200 8355
4102 4139 8241
4042 4067 8109
4094 4159 8253
4193 4194 8387
4177 4193 8370
4120 4197 8317
4151 4162 8313
4105 4182 8287
4014 4085 8099
4084 4183 8267
4168 4177 8345
4082 4104 8186
4109 4159 8268
4006 4107 8113
4086 4142 8228
4007 4181 8188
4172 4173 8345
4077 4169 8246
4009 4188 8197
4013 4020 8033
4047 4200 8247
4019 4148 8167
4010 4042 8052
4031 4170 8201
4074 4187 8261
4113 4131 8244
4173 4187 8360
4111 4180 8291
4009 4075 8084
4060 4105 8165
4081 4156 8237
4080 4147 8227
4019 4081 8100
4143 4160 8303
4198 4200 8398
4112 4121 8233
4082 4182 8264
4090 4156 8246
4191 4194 8385
4131 4163 8294
4167 4197 8364
4146 4178 8324
4153 4197 8350
4109 4159 8268
4020 4050 8070
4170 4193 8363
4186 4199 8385
4055 4062 8117
4153 4163 8316
4035 4069 8104
4189 4200 8389
4109 4132 8241
4171 4191 8362
4007 4072 8079
4022 4135 8157
4078 4100 8178
4099 4109 8208
4171 4180 8351
4130 4138 8268
4069 4098 8167
4011 4038 8049
4013 4170 8183
4136 4195 8331
4088 4196 8284
4118 4126 8244
4107 4117 8224
4038 4134 8172
4078 4197 8275
4161 4173 8334
4110 4165 8275
4061 4115 8176
4197 4198 8395
4156 4180 8336
4158 4179 8337
4063 4066 8129
4052 4104 8156
4070 4142 8212
4151 4177 8328
4027 4090 8117
4165 4193 8358
4089 4170 8259
4195 4198 8393
4006 4061 8067
4135 4170 8305
4170 4196 8366
4017 4153 8170
4029 4058 8087
4122 4171 8293
4115 4163 8278
4182 4190 8372
4120 4158 8278
4132 4149 8281
4140 4163 8303
4194 4198 8392
4121 4126 8247
4019 4088 8107
4184 4188 8372
4030 4102 8132
4166 4184 8350
4059 4080 8139
4093 4120 8213
4092 4153 8245
4179 4183 8362
4009 4120 8129
4111 4171 8282
4182 4196 8378
4076 4085 8161
4096 4166 8262
4124 4199 8323
4051 4116 8167
4017 4061 8078
4019 4180 8199
4163 4183 8346
4166 4169 8335
4067 4199 8266
4076 4151 8227
4065 4067 8132
4153 4176 8329
4007 4127 8134
4196 4200 8396
4037 4074 8111
4042 4104 8146
4057 4100 8157
4019 4198 8217
4021 4193 8214
4115 4183 8298
4123 4136 8259
4161 4165 8326
4000 4003 8003
4000 4046 8046
4077 4083 8160
4085 4198 8283
4142 4177 8319
4099 4113 8212
4016 4051 8067
4190 4194 8384
4125 4192 8317
4011 4177 8188
4174 4179 8353
4064 4096 8160
4198 4199 8397
4023 4130 8153
4189 4194 8383
4184 4190 8374
4192 4193 8385
4052 4082 8134
4052 4169 8221
4114 4122 8236
4163 4195 8358
4062 4071 8133
4124 4151 8275
4051 4067 8118
4143 4193 8336
4102 4194 8296
4163 4186 8349
4058 4156 8214
4126 4134 8260
4000 4162 8162
4150 4184 8334
4027 4156 8183
4151 4155 8306
4032 4170 8202
4173 4175 8348
4166 4197 8363
4157 4181 8338
4101 4114 8215
4100 4103 8203
4116 4121 8237
4065 4078 8143
4165 4168 8333
4151 4192 8343
4052 4140 8192
4051 4173 8224
4058 4076 8134
4029 4151 8180
4181 4199 8380
4191 4192 8383
4117 4197 8314
4185 4197 8382
4012 4074 8086
4118 4154 8272
4042 4069 8111
4069 4139 8208
4023 4103 8126
4177 4194 8371
4084 4142 8226
4032 4153 8185
4041 4059 8100
4006 4059 8065
4081 4143 8224
4106 4142 8248
4112 4120 8232
4085 4118 8203
4007 4094 8101
4197 4200 8397
4110 4149 8259
4066 4128 8194
4080 4188 8268
4151 4194 8345
4156 4191 8347
4120 4134 8254
4092 4127 8219
4070 4160 8230
4189 4200 8389
4164 4194 8358
4102 4184 8286
4187 4196 8383
4049 4072 8121
4176 4190 8366
4153 4157 8310
4194 4200 8394
4127 4153 8280
4098 4132 8230
4027 4071 8098
4192 4195 8387
4072 4160 8232
4053 4089 8142
4130 4149 8279
4167 4169 8336
4137 4179 8316
4198 4200 8398
4037 4099 8136
4079 4149 8228
4033 4182 8215
4049 4051 8100
4165 4191 8356
4165 4191 8356
4059 4086 8145
4012 4027 8039
4165 4184 8349
4145 4153 8298
4189 4192 8381
4189 4191 8380
4000 4102 8102
4170 4189 8359
4074 4137 8211
4065 4135 8200
4001 4050 8051
4029 4163 8192
4180 4196 8376
4029 4176 8205
4079 4094 8173
4183 4190 8373
4189 4191 8380
4056 4175 8231
4170 4199 8369
4031 4055 8086
4039 4102 8141
4008 4186 8194
4049 4097 8146
4144 4145 8289
4145 4190 8335
4189 4198 8387
4093 4191 8284
4021 4170 8191
4093 4130 8223
4123 4195 8318
4106 4146 8252
4069 4106 8175
4031 4129 8160
4156 4191 8347
4196 4199 8395
4050 4176 8226
4088 4140 8228
4126 4163 8289
4160 4195 8355
4133 4143 8276
4011 4093 8104
4129 4197 8326
4020 4072 8092
4053 4136 8189
4054 4174 8228
4060 4171 8231
4081 4120 8201
4064 4146 8210
4197 4198 8395
4128 4200 8328
4199 4200 8399
4048 4153 8201
4123 4177 8300
4189 4196 8385
4040 4148 8188
4179 4200 8379
4169 4200 8369
4011 4023 8034
4185 4190 8375
4004 4074 8078
4180 4191 8371
4052 4108 8160
4126 4138 8264
4038 4111 8149
4009 4042 8051
4042 4190 8232
4021 4080 8101
4058 4085 8143
4075 4191 8266
4123 4130 8253
4005 4011 8016
4078 4138 8216
4040 4110 8150
4180 4200 8380
4135 4153 8288
4009 4146 8155
4104 4143 8247
4181 4193 8374
4133 4161 8294
4021 4093 8114
4023 4058 8081
4129 4131 8260
4186 4195 8381
4165 4167 8332
4140 4141 8281
4065 4090 8155
4169 4196 8365
4095 4153 8248
4186 4191 8377
4018 4111 8129
4057 4190 8247
4092 4149 8241
4070 4129 8199
4116 4137 8253
4017 4048 8065
4078 4124 8202
4082 4101 8183
4157 4164 8321
4072 4172 8244
4017 4104 8121
4128 4133 8261
4037 4126 8163
4063 4096 8159
4165 4168 8333
4170 4188 8358
4027 4153 8180
4162 4184 8346
4139 4189 8328
4049 4126 8175
4137 4175 8312
4140 4193 8333
4046 4116 8162
4004 4037 8041
4092 4187 8279
4082 4169 8251
4125 4166 8291
4027 4054 8081
4047 4078 8125
4058 4069 8127
4095 4143 8238
4139 4191 8330
4104 4157 8261
4037 4045 8082
4005 4175 8180
4028 4177 8205
4090 4147 8237
4162 4168 8330
4102 4193 8295
4104 4120 8224
4077 4107 8184
4020 4100 8120
4167 4168 8335
4110 4199 8309
4092 4128 8220
4054 4115 8169
4098 4159 8257
4112 4161 8273
4062 4116 8178
4101 4199 8300
4178 4195 8373
4161 4167 8328
4104 4166 8270

4250 4266 8511
4136 4216 8351
4173 4222 8360
4271 4275 8529
4222 4246 8436
4126 4162 8286
4284 4290 8551
4210 4238 8439
4280 4296 8544
4119 4176 8280
4224 4235 8436
4275 4293 8535
4143 4175 8282
4148 4265 8376
4202 4282 8472
4138 4192 8319
4144 4288 8419
4275 4284 8524
4121 4271 8370
4259 4291 8541
4198 4282 8445
4107 4113 8186
4109 4121 8208
4150 4168 8296
4240 4254 8473
4222 4223 8421
4219 4229 8435
4158 4216 8358
4109 4133 8241
4270 4291 8527
4224 4248 8449
4148 4222 8331
4237 4290 8513
4140 4300 8416
4201 4221 8419
4156 4208 8360
4145 4202 8334
4117 4148 8235
4129 4254 8354
4224 4228 8418
4102 4205 8268
4150 4268 8384
4163 4190 8325
4253 4291 8516
4204 4295 8471
4114 4140 8247
4218 4291 8472
4163 4206 8357
4141 4166 8302
4217 4251 8457
4270 4289 8552
4201 4227 8389
4187 4246 8411
4259 4294 8522
4106 4207 8275
4177 4210 8364
4202 4235 8417
4190 4220 8381
4235 4271 8473
4263 4281 8509
4272 4278 8510
4109 4188 8296
4162 4176 8305
4296 4300 8594
4170 4293 8442
4298 4299 8591
4101 4139 8202
4185 4216 8400
4120 4180 8263
4141 4235 8355
4186 4299 8463
4262 4268 8506
4282 4290 8563
4173 4205 8354
4109 4179 8274
4100 4225 8313
4195 4251 8414
4151 4294 8428
4227 4238 8431
4113 4121 8213
4231 4232 8428
4285 4289 8571
4175 4187 8328
4131 4257 8371
4273 4274 8529
4169 4195 8333
4189 4259 8427
4270 4280 8549
4199 4275 8465
4210 4228 8429
4213 4247 8428
4187 4204 8374
4281 4289 8548
4279 4285 8540
4233 4247 8444
4213 4286 8489
4215 4280 8469
4130 4157 8253
4201 4297 8495
4254 4257 8499
4130 4142 8265
4295 4298 8582
4254 4288 8504
4282 4284 8564
4253 4258 8473
4228 4270 8458
4173 4294 8438
4257 4300 8529
4285 4292 8545
4171 4299 8447
4166 4205 8365
4291 4295 8577
4213 4240 8444
4271 4295 8553
4269 4295 8551
4272 4279 8532
4214 4280 8460
4244 4254 8470
4168 4276 8442
4222 4247 8456
4175 4191 8337
4107 4270 8361
4113 4234 8326
4239 4241 8452
4192 4231 8389
4156 4294 8442
4165 4235 8369
4251 4294 8507
4173 4187 8345
4268 4294 8526
4270 4291 8535
4210 4285 8466
4208 4281 8474
4161 4189 8317
4149 4290 8424
4276 4292 8550
4175 4273 8419
4156 4195 8334
4235 4250 8460
4212 4241 8451
4184 4188 8351
4279 4288 8535
4250 4298 8530
4202 4251 8428
4217 4257 8463
4175 4184 8351
4287 4295 8552
4297 4300 8596
4148 4202 8330
4212 4249 8427
4170 4204 8373
4289 4291 8562
4169 4194 8348
4111 4220 8313
4272 4278 8542
4286 4287 8558
4109 4258 8330
4139 4285 8402
4135 4195 8310
4265 4298 8535
4100 4205 8284
4280 4281 8550
4211 4267 8471
4213 4236 8415
4131 4186 8300
4284 4290 8556
4144 4146 8274
4269 4289 8544
4232 4276 8469
4275 4300 8555
4144 4281 8390
4268 4296 8527
4252 4292 8540
4233 4266 8467
4119 4153 8260
4213 4296 8501
4129 4161 8259
4238 4242 8459
4133 4225 8357
4189 4207 8360
4121 4145 8242
4297 4298 8568
4179 4194 8372
4126 4300 8417
4182 4216 8383
4192 4209 8375
4120 4253 8361
4238 4277 8479
4112 4264 8350
4118 4276 8380
4142 4275 8407
4239 4254 8487
4283 4290 8569
4110 4291 8394
4296 4299 8586
4144 4206 8346
4184 4252 8417
4265 4288 8522
4198 4297 8493
4148 4218 8359
4207 4236 8439
4211 4248 8438
4123 4218 8324
4178 4276 8426
4227 4252 8470
4155 4242 8367
4134 4232 8345
4261 4262 8501
4270 4283 8540
4106 4211 8314
4183 4253 8409
4221 4284 8468
4293 4295 8551
4243 4254 8467
4196 4269 8453
4126 4214 8308
4110 4215 8294
4228 4239 8463
4132 4177 8305
4287 4293 8569
4193 4298 8456
4140 4214 8352
4106 4204 8309
4127 4147 8245
4108 4216 8290
4111 4279 8384
4269 4287 8516
4195 4273 8466
4202 4270 8446
4158 4271 8419
4255 4300 8540
4202 4239 8411
4142 4167 8282
4194 4259 8445
4293 4294 8586
4277 4293 8541
4220 4297 8503
4251 4262 8498
4205 4282 8475
4114 4185 8293
4184 4283 8437
4268 4277 8542
4182 4204 8382
4209 4259 8457
4106 4207 8287
4186 4242 8400
4107 4281 8367
4272 4273 8531
4177 4269 8429
4109 4288 8380
4113 4120 8198
4147 4300 8413
4119 4248 8363
4110 4142 8219
4131 4270 8370
4174 4287 8422
4213 4231 8405
4273 4287 8543
4211 4280 8471
4109 4175 8260
4160 4205 8349
4181 4256 8417
4180 4247 8395
4119 4181 8277
4243 4260 8482
4298 4300 8568
4212 4221 8404
4182 4282 8459
4190 4256 8422
4291 4294 8545
4231 4263 8476
4267 4297 8525
4246 4278 8489
4253 4297 8513
4209 4259 8461
4120 4150 8260
4270 4293 8558
4286 4299 8550
4155 4162 8288
4253 4263 8485
4135 4169 8277
4289 4300 8583
4209 4232 8434
4271 4291 8547
4107 4172 8249
4122 4235 8355
4178 4200 8362
4199 4209 8378
4271 4280 8522
4230 4238 8446
4169 4198 8355
4111 4138 8237
4113 4270 8359
4236 4295 8503
4188 4296 8448
4218 4226 8427
4207 4217 8390
4138 4234 8369
4178 4297 8472
4261 4273 8498
4210 4265 8451
4161 4215 8351
4297 4298 8582
4256 4280 8503
4258 4279 8517
4163 4166 8312
4152 4204 8323
4170 4242 8384
4251 4277 8496
4127 4190 8313
4265 4293 8540
4189 4270 8435
4295 4298 8575
4106 4161 8259
4235 4270 8501
4270 4296 8554
4117 4253 8332
4129 4158 8263
4222 4271 8466
4215 4263 8453
4282 4290 8552
4220 4258 8454
4232 4249 8469
4240 4263 8466
4294 4298 8552
4221 4226 8421
4119 4188 8279
4284 4288 8542
4130 4202 8322
4266 4284 8530
4159 4180 8318
4193 4220 8409
4192 4253 8413
4279 4283 8544
4109 4220 8312
4211 4271 8463
4282 4296 8543
4176 4185 8328
4196 4266 8459
4224 4299 8496
4151 4216 8346
4117 4161 8264
4119 4280 8390
4263 4283 8519
4266 4269 8529
4167 4299 8449
4176 4251 8421
4165 4167 8305
4253 4276 8507
4107 4227 8301
4296 4300 8573
4137 4174 8309
4142 4204 8329
4157 4200 8324
4119 4298 8392
4121 4293 8400
4215 4283 8497
4223 4236 8452
4261 4265 8523
4100 4103 8172
4100 4146 8241
4177 4183 8325
4185 4298 8454
4242 4277 8515
4199 4213 8403
4116 4151 8261
4290 4294 8545
4225 4292 8514
4111 4277 8367
4274 4279 8536
4164 4196 8343
4298 4299 8564
4123 4230 8331
4289 4294 8549
4284 4290 8541
4292 4293 8546
4152 4182 8331
4152 4269 8407
4214 4222 8435
4263 4295 8547
4162 4171 8295
4224 4251 8461
4151 4167 8280
4243 4293 8532
4202 4294 8460
4263 4286 8528
4158 4256 8380
4226 4234 8426
4100 4262 8339
4250 4284 8507
4127 4256 8373
4251 4255 8499
4132 4270 8378
4273 4275 8516
4266 4297 8543
4257 4281 8529
4201 4214 8380
4200 4203 8372
4216 4221 8399
4165 4178 8332
4265 4268 8528
4251 4292 8519
4152 4240 8360
4151 4273 8391
4158 4176 8299
4129 4251 8358
4281 4299 8579
4291 4292 8556
4217 4297 8481
4285 4297 8555
4112 4174 8279
4218 4254 8434
4142 4169 8278
4169 4239 8393
4123 4203 8294
4277 4294 8561
4184 4242 8396
4132 4253 8378
4141 4159 8299
4106 4159 8249
4181 4243 8396
4206 4242 8427
4212 4220 8418
4185 4218 8372
4107 4194 8290
4297 4300 8559
4210 4249 8448
4166 4228 8375
4180 4288 8455
4251 4294 8520
4256 4291 8529
4220 4234 8429
4192 4227 8387
4170 4260 8418
4289 4300 8567
4264 4294 8546
4202 4284 8451
4287 4296 8544
4149 4172 8284
4276 4290 8557
4253 4257 8509
4294 4300 8555
4227 4253 8446
4198 4232 8414
4127 4171 8295
4292 4295 8582
4172 4260 8423
4153 4189 8329
4230 4249 8448
4267 4269 8504
4237 4279 8481
4298 4300 8559
4137 4199 8328
4179 4249 8395
4133 4282 8399
4149 4151 8268
4265 4291 8530
4265 4291 8546
4159 4186 8322
4112 4127 8209
4265 4284 8524
4245 4253 8462
4289 4292 8580
4289 4291 8557
4100 4202 8263
4270 4289 8541
4174 4237 8391
4165 4235 8390
4101 4150 8242
4129 4263 8385
4280 4296 8555
4129 4276 8387
4179 4194 8338
4283 4290 8534
4289 4291 8572
4156 4275 8400
4270 4299 8562
4131 4155 8279
4139 4202 8326
4108 4286 8362
4149 4197 8334
4244 4245 8467
4245 4290 8500
4289 4298 8568
4193 4291 8478
4121 4270 8366
4193 4230 8409
4223 4295 8492
4206 4246 8421
4169 4206 8357
4131 4229 8354
4256 4291 8545
4296 4299 8568
4150 4276 8389
4188 4240 8391
4226 4263 8462
4260 4295 8538
4233 4243 8447
4111 4193 8272
4229 4297 8512
4120 4172 8276
4153 4236 8384
4154 4274 8423
4160 4271 8405
4181 4220 8399
4164 4246 8396
4297 4298 8578
4228 4300 8503
4299 4300 8563
4148 4253 8384
4223 4277 8463
4289 4296 8580
4140 4248 8372
4279 4300 8562
4269 4300 8560
4111 4123 8210
4285 4290 8569
4104 4174 8269
4280 4291 8536
4152 4208 8355
4226 4238 8458
4138 4211 8339
4109 4142 8243
4142 4290 8430
4121 4180 8273
4158 4185 8319
4175 4291 8437
4223 4230 8439
4105 4111 8210
4178 4238 8386
4140 4210 8346
4280 4300 8545
4235 4253 8487
4109 4246 8325
4204 4243 8430
4281 4293 8552
4233 4261 8477
4121 4193 8276
4123 4158 8272
4229 4231 8432
4286 4295 8560
4265 4267 8522
4240 4241 8463
4165 4190 8343
4269 4296 8548
4195 4253 8431
4286 4291 8541
4118 4211 8320
4157 4290 8409
4192 4249 8436
4170 4229 8393
4216 4237 8417
4117 4148 8248
4178 4224 8367
4182 4201 8354
4257 4264 8520
4172 4272 8414
4117 4204 8305
4228 4233 8444
4137 4226 8361
4163 4196 8343
4265 4268 8517
4270 4288 8533
4127 4253 8352
4262 4284 8545
4239 4289 8504
4149 4226 8363
4237 4275 8472
4240 4293 8522
4146 4216 8360
4104 4137 8229
4192 4287 8470
4182 4269 8445
4225 4266 8457
4127 4154 8246
4147 4178 8292
4158 4169 8291
4195 4243 8423
4239 4291 8502
4204 4257 8454
4137 4145 8254
4105 4275 8369
4128 4277 8391
4190 4247 8404
4262 4268 8517
4202 4293 8480
4204 4220 8394
4177 4207 8356
4120 4200 8307
4267 4268 8497
4210 4299 8491
4192 4228 8407
4154 4215 8333
4198 4259 8425
4212 4261 8447
4162 4216 8375
4201 4299 8489
4278 4295 8548
4261 4267 8497
4204 4266 8460

0.010000 0.520000
