100
353958
4135 4160 8295
4037 4058 8095
4061 4154 8215
4156 4164 8320
4021 4114 8135
4119 4181 8300
4190 4196 8386
4112 4146 8258
4114 4175 8289
4145 4198 8343
4020 4034 8054
4156 4172 8328
4111 4131 8242
4050 4192 8242
4164 4173 8337
4167 4183 8350
4097 4173 8270
4104 4149 8253
4174 4183 8357
4019 4107 8126
4027 4154 8181
4015 4140 8155
4147 4168 8315
4108 4128 8236
4179 4197 8376
4166 4189 8355
4007 4159 8166
4075 4119 8194
4116 4121 8237
4019 4111 8130
4193 4196 8389
4109 4158 8267
4045 4091 8136
4106 4182 8288
4194 4195 8389
4007 4035 8042
4167 4168 8335
4065 4194 8259
4011 4072 8083
4093 4102 8195
4013 4102 8115
4119 4195 8314
4122 4148 8270
4179 4189 8368
4183 4186 8369
4110 4148 8258
4069 4123 8192
4130 4178 8308
4160 4182 8342
4197 4198 8395
4176 4182 8358
4062 4123 8185
4113 4191 8304
4122 4141 8263
4060 4073 8133
4078 4173 8251
4125 4172 8297
4048 4083 8131
4185 4188 8373
4045 4046 8091
4071 4198 8269
4004 4069 8073
4071 4093 8164
4152 4166 8318
4089 4105 8194
4094 4195 8289
4039 4180 8219
4073 4130 8203
4135 4146 8281
4165 4171 8336
4031 4190 8221
4123 4170 8293
4076 4122 8198
4050 4116 8166
4054 4106 8160
4150 4175 8325
4155 4177 8332
4010 4198 8208
4076 4083 8159
4132 4181 8313
4017 4128 8145
4053 4157 8210
4078 4173 8251
4140 4190 8330
4041 4099 8140
4028 4074 8102
4089 4132 8221
4126 4163 8289
4080 4170 8250
4194 4200 8394
4189 4197 8386
4055 4159 8214
4034 4144 8178
4145 4187 8332
4125 4182 8307
4167 4198 8365
4029 4122 8151
4136 4180 8316
4092 4106 8198
4025 4075 8100

4235 4260 8473
4137 4158 8276
4161 4254 8399
4256 4264 8495
4121 4214 8302
4219 4281 8485
4290 4296 8580
4212 4246 8457
4214 4275 8470
4245 4298 8530
4120 4134 8240
4256 4272 8501
4211 4231 8426
4150 4292 8431
4264 4273 8530
4267 4283 8540
4197 4273 8463
4204 4249 8452
4274 4283 8527
4119 4207 8287
4127 4254 8371
4115 4240 8331
4247 4268 8481
4208 4228 8423
4279 4297 8545
4266 4289 8522
4107 4259 8357
4175 4219 8362
4216 4221 8399
4119 4211 8312
4293 4296 8574
4209 4258 8450
4145 4191 8303
4206 4282 8462
4294 4295 8577
4107 4135 8211
4267 4268 8524
4165 4294 8432
4111 4172 8257
4193 4202 8385
4113 4202 8279
4219 4295 8507
4222 4248 8443
4279 4289 8543
4283 4286 8529
4210 4248 8442
4169 4223 8380
4230 4278 8506
4260 4282 8503
4297 4298 8583
4276 4282 8526
4162 4223 8365
4213 4291 8487
4222 4241 8440
4160 4173 8330
4178 4273 8427
4225 4272 8493
4148 4183 8322
4285 4288 8566
4145 4146 8289
4171 4298 8459
4104 4169 8234
4171 4193 8342
4252 4266 8491
4189 4205 8377
4194 4295 8461
4139 4280 8416
4173 4230 8365
4235 4246 8473
4265 4271 8503
4131 4290 8393
4223 4270 8457
4176 4222 8392
4150 4216 8329
4154 4206 8328
4250 4275 8516
4255 4277 8500
4110 4298 8370
4176 4183 8325
4232 4281 8504
4117 4228 8330
4153 4257 8400
4178 4273 8428
4240 4290 8493
4141 4199 8312
4128 4174 8265
4189 4232 8386
4226 4263 8460
4180 4270 8444
4294 4300 8579
4289 4297 8570
4155 4259 8378
4134 4244 8360
4245 4287 8510
4225 4282 8497
4267 4298 8525
4129 4222 8345
4236 4280 8484
4192 4206 8364
4125 4175 8291

0.010000 0.420000
