300
1491642
4110 4196 8306
4101 4179 8280
4120 4185 8305
4166 4172 8338
4091 4092 8183
4129 4174 8303
4176 4185 8361
4070 4087 8157
4017 4089 8106
4014 4028 8042
4147 4169 8316
4130 4149 8279
4004 4076 8080
4026 4120 8146
4121 4162 8283
4014 4156 8170
4093 4155 8248
4172 4183 8355
4053 4168 8221
4189 4194 8383
4169 4199 8368
4125 4167 8292
4075 4194 8269
4009 4123 8132
4009 4127 8136
4004 4041 8045
4074 4147 8221
4146 4161 8307
4187 4199 8386
4053 4165 8218
4107 4190 8297
4020 4111 8131
4170 4186 8356
4003 4098 8101
4155 4192 8347
4131 4165 8296
4073 4090 8163
4012 4014 8026
4141 4147 8288
4185 4186 8371
4134 4156 8290
4102 4143 8245
4108 4140 8248
4188 4200 8388
4133 4181 8314
4185 4189 8374
4144 4198 8342
4185 4189 8374
4083 4113 8196
4052 4160 8212
4143 4185 8328
4004 4142 8146
4101 4162 8263
4188 4195 8383
4023 4110 8133
4164 4178 8342
4167 4172 8339
4089 4130 8219
4193 4200 8393
4121 4127 8248
4170 4185 8355
4114 4176 8290
4040 4058 8098
4033 4035 8068
4024 4199 8223
4036 4121 8157
4122 4138 8260
4131 4198 8329
4194 4199 8393
4005 4160 8165
4070 4118 8188
4186 4191 8377
4020 4139 8159
4159 4189 8348
4087 4189 8276
4038 4149 8187
4079 4198 8277
4019 4040 8059
4008 4009 8017
4150 4173 8323
4095 4191 8286
4171 4188 8359
4105 4198 8303
4178 4190 8368
4007 4140 8147
4165 4182 8347
4114 4172 8286
4032 4195 8227
4066 4091 8157
4107 4161 8268
4134 4181 8315
4044 4200 8244
4116 4119 8235
4087 4140 8227
4177 4178 8355
4197 4199 8396
4121 4130 8251
4079 4086 8165
4133 4145 8278
4165 4177 8342
4051 4129 8180
4068 4078 8146
4193 4196 8389
4168 4171 8339
4018 4185 8203
4153 4194 8347
4068 4184 8252
4016 4114 8130
4039 4167 8206
4065 4158 8223
4153 4177 8330
4168 4199 8367
4011 4020 8031
4025 4035 8060
4035 4096 8131
4094 4199 8293
4094 4161 8255
4071 4150 8221
4172 4185 8357
4006 4085 8091
4130 4152 8282
4091 4101 8192
4184 4200 8384
4020 4131 8151
4017 4101 8118
4148 4150 8298
4136 4160 8296
4145 4171 8316
4004 4137 8141
4013 4182 8195
4172 4190 8362
4001 4149 8150
4030 4094 8124
4041 4096 8137
4064 4126 8190
4083 4144 8227
4169 4182 8351
4147 4152 8299
4043 4054 8097
4099 4118 8217
4032 4102 8134
4003 4007 8010
4043 4118 8161
4148 4183 8331
4172 4188 8360
4038 4141 8179
4006 4099 8105
4009 4174 8183
4187 4196 8383
4004 4123 8127
4013 4046 8059
4061 4190 8251
4182 4197 8379
4167 4172 8339
4105 4160 8265
4192 4193 8385
4082 4168 8250
4049 4132 8181
4059 4153 8212
4028 4096 8124
4018 4073 8091
4174 4185 8359
4199 4200 8399
4080 4157 8237
4163 4194 8357
4107 4157 8264
4058 4098 8156
4100 4138 8238
4176 4184 8360
4199 4200 8399
4076 4171 8247
4094 4136 8230
4056 4190 8246
4089 4199 8288
4199 4200 8399
4084 4150 8234
4157 4198 8355
4129 4140 8269
4128 4168 8296
4178 4180 8358
4062 4190 8252
4002 4019 8021
4109 4182 8291
4093 4135 8228
4079 4126 8205
4023 4089 8112
4033 4073 8106
4072 4194 8266
4199 4200 8399
4054 4069 8123
4180 4198 8378
4118 4161 8279
4107 4147 8254
4130 4153 8283
4079 4145 8224
4177 4183 8360
4065 4175 8240
4132 4152 8284
4078 4156 8234
4042 4190 8232
4048 4064 8112
4163 4183 8346
4039 4193 8232
4185 4193 8378
4191 4198 8389
4194 4198 8392
4163 4166 8329
4159 4180 8339
4139 4167 8306
4011 4082 8093
4122 4130 8252
4129 4192 8321
4038 4063 8101
4051 4079 8130
4124 4157 8281
4087 4169 8256
4108 4148 8256
4077 4197 8274
4142 4171 8313
4108 4118 8226
4143 4157 8300
4170 4176 8346
4154 4162 8316
4176 4179 8355
4110 4123 8233
4072 4139 8211
4018 4091 8109
4004 4143 8147
4065 4145 8210
4186 4193 8379
4150 4158 8308
4085 4123 8208
4153 4183 8336
4184 4195 8379
4044 4186 8230
4021 4160 8181
4070 4173 8243
4168 4175 8343
4040 4131 8171
4109 4168 8277
4129 4150 8279
4060 4090 8150
4149 4192 8341
4158 4168 8326
4155 4170 8325
4181 4197 8378
4179 4198 8377
4009 4192 8201
4022 4048 8070
4007 4034 8041
4081 4104 8185
4021 4106 8127
4099 4179 8278
4086 4142 8228
4197 4199 8396
4113 4132 8245
4035 4082 8117
4194 4196 8390
4097 4103 8200
4010 4134 8144
4011 4047 8058
4190 4195 8385
4121 4199 8320
4158 4183 8341
4130 4192 8322
4038 4195 8233
4179 4194 8373
4089 4184 8273
4069 4128 8197
4033 4050 8083
4055 4184 8239
4087 4149 8236
4165 4189 8354
4180 4196 8376
4143 4158 8301
4034 4148 8182
4166 4191 8357
4032 4144 8176
4016 4053 8069
4118 4152 8270
4108 4111 8219
4119 4141 8260
4074 4179 8253
4098 4118 8216
4170 4176 8346
4066 4146 8212
4045 4047 8092
4025 4183 8208
4124 4200 8324
4110 4119 8229
4005 4148 8153
4114 4141 8255
4030 4109 8139
4007 4072 8079
4199 4200 8399
4044 4057 8101
4011 4153 8164
4197 4200 8397
4004 4123 8127
4045 4077 8122

4210 4296 8487
4201 4279 8463
4220 4285 8482
4266 4272 8517
4191 4192 8379
4229 4274 8498
4276 4285 8533
4170 4187 8320
4117 4189 8291
4114 4128 8237
4247 4269 8481
4230 4249 8454
4104 4176 8263
4126 4220 8326
4221 4262 8482
4114 4256 8332
4193 4255 8444
4272 4283 8521
4153 4268 8414
4289 4294 8580
4269 4299 8550
4225 4267 8469
4175 4294 8438
4109 4223 8327
4109 4227 8307
4104 4141 8208
4174 4247 8416
4246 4261 8504
4287 4299 8548
4153 4265 8405
4207 4290 8462
4120 4211 8309
4270 4286 8525
4103 4198 8265
4255 4292 8530
4231 4265 8475
4173 4190 8342
4112 4114 8189
4241 4247 8464
4285 4286 8556
4234 4256 8478
4202 4243 8407
4208 4240 8439
4288 4300 8554
4233 4281 8474
4285 4289 8565
4244 4298 8518
4285 4289 8538
4183 4213 8369
4152 4260 8394
4243 4285 8493
4104 4242 8345
4201 4262 8430
4288 4295 8567
4123 4210 8295
4264 4278 8534
4267 4272 8516
4189 4230 8387
4293 4300 8575
4221 4227 8418
4270 4285 8522
4214 4276 8459
4140 4158 8276
4133 4135 8263
4124 4299 8385
4136 4221 8322
4222 4238 8438
4231 4298 8505
4294 4299 8556
4105 4260 8332
4170 4218 8358
4286 4291 8559
4120 4239 8352
4259 4289 8541
4187 4289 8464
4138 4249 8379
4179 4298 8457
4119 4140 8241
4108 4109 8203
4250 4273 8514
4195 4291 8485
4271 4288 8546
4205 4298 8498
4278 4290 8548
4107 4240 8313
4265 4282 8514
4214 4272 8462
4132 4295 8397
4166 4191 8355
4207 4261 8443
4234 4281 8480
4144 4300 8440
4216 4219 8431
4187 4240 8397
4277 4278 8540
4297 4299 8562
4221 4230 8427
4179 4186 8359
4233 4245 8455
4265 4277 8527
4151 4229 8373
4168 4178 8332
4293 4296 8559
4268 4271 8519
4118 4285 8402
4253 4294 8531
4168 4284 8447
4116 4214 8304
4139 4267 8393
4165 4258 8387
4253 4277 8506
4268 4299 8559
4111 4120 8196
4125 4135 8252
4135 4196 8315
4194 4299 8464
4194 4261 8425
4171 4250 8387
4272 4285 8555
4106 4185 8253
4230 4252 8471
4191 4201 8388
4284 4300 8578
4120 4231 8337
4117 4201 8303
4248 4250 8476
4236 4260 8472
4245 4271 8515
4104 4237 8327
4113 4282 8357
4272 4290 8535
4101 4249 8320
4130 4194 8304
4141 4196 8308
4164 4226 8366
4183 4244 8389
4269 4282 8541
4247 4252 8465
4143 4154 8274
4199 4218 8405
4132 4202 8309
4103 4107 8207
4143 4218 8343
4248 4283 8497
4272 4288 8533
4138 4241 8373
4106 4199 8278
4109 4274 8344
4287 4296 8543
4104 4223 8326
4113 4146 8253
4161 4290 8434
4282 4297 8560
4267 4272 8525
4205 4260 8463
4292 4293 8563
4182 4268 8439
4149 4232 8354
4159 4253 8402
4128 4196 8321
4118 4173 8259
4274 4285 8534
4299 4300 8596
4180 4257 8398
4263 4294 8551
4207 4257 8458
4158 4198 8320
4200 4238 8411
4276 4284 8531
4299 4300 8587
4176 4271 8419
4194 4236 8402
4156 4290 8442
4189 4299 8455
4299 4300 8590
4184 4250 8425
4257 4298 8549
4229 4240 8447
4228 4268 8480
4278 4280 8531
4162 4290 8428
4102 4119 8196
4209 4282 8475
4193 4235 8390
4179 4226 8400
4123 4189 8305
4133 4173 8287
4172 4294 8444
4299 4300 8585
4154 4169 8322
4280 4298 8552
4218 4261 8477
4207 4247 8416
4230 4253 8451
4179 4245 8385
4277 4283 8546
4165 4275 8410
4232 4252 8456
4178 4256 8421
4142 4290 8398
4148 4164 8299
4263 4283 8507
4139 4293 8398
4285 4293 8547
4291 4298 8562
4294 4298 8574
4263 4266 8505
4259 4280 8536
4239 4267 8476
4111 4182 8289
4222 4230 8436
4229 4292 8509
4138 4163 8275
4151 4179 8297
4224 4257 8446
4187 4269 8418
4208 4248 8440
4177 4297 8458
4242 4271 8507
4208 4218 8420
4243 4257 8483
4270 4276 8533
4254 4262 8513
4276 4279 8527
4210 4223 8394
4172 4239 8379
4118 4191 8297
4104 4243 8313
4165 4245 8408
4286 4293 8548
4250 4258 8495
4185 4223 8374
4253 4283 8517
4284 4295 8560
4144 4286 8404
4121 4260 8344
4170 4273 8412
4268 4275 8540
4140 4231 8346
4209 4268 8458
4229 4250 8469
4160 4190 8344
4249 4292 8526
4258 4268 8498
4255 4270 8520
4281 4297 8564
4279 4298 8546
4109 4292 8362
4122 4148 8264
4107 4134 8237
4181 4204 8373
4121 4206 8294
4199 4279 8477
4186 4242 8425
4297 4299 8566
4213 4232 8417
4135 4182 8290
4294 4296 8555
4197 4203 8374
4110 4234 8312
4111 4147 8220
4290 4295 8573
4221 4299 8512
4258 4283 8527
4230 4292 8508
4138 4295 8398
4279 4294 8537
4189 4284 8458
4169 4228 8370
4133 4150 8266
4155 4284 8402
4187 4249 8434
4265 4289 8535
4280 4296 8537
4243 4258 8463
4134 4248 8363
4266 4291 8536
4132 4244 8364
4116 4153 8244
4218 4252 8442
4208 4211 8402
4219 4241 8458
4174 4279 8443
4198 4218 8395
4270 4276 8508
4166 4246 8373
4145 4147 8274
4125 4283 8405
4224 4300 8505
4210 4219 8399
4105 4248 8352
4214 4241 8429
4130 4209 8318
4107 4172 8262
4299 4300 8567
4144 4157 8264
4111 4253 8354
4297 4300 8576
4104 4223 8303
4145 4177 8294

0.010000 0.590000
