1000
3372897
4117 4135 8252
4017 4060 8077
4005 4066 8071
4192 4198 8390
4000 4091 8091
4037 4094 8131
4061 4144 8205
4172 4195 8367
4199 4200 8399
4145 4168 8313
4071 4145 8216
4070 4106 8176
4199 4200 8399
4172 4191 8363
4172 4174 8346
4085 4189 8274
4005 4091 8096
4123 4199 8322
4111 4187 8298
4009 4095 8104
4096 4106 8202
4162 4172 8334
4087 4163 8250
4041 4125 8166
4166 4168 8334
4041 4080 8121
4118 4135 8253
4094 4172 8266
4187 4200 8387
4128 4194 8322
4032 4171 8203
4040 4144 8184
4134 4171 8305
4022 4045 8067
4039 4063 8102
4033 4077 8110
4118 4147 8265
4054 4123 8177
4198 4199 8397
4183 4191 8374
4093 4125 8218
4155 4171 8326
4171 4173 8344
4013 4193 8206
4066 4116 8182
4047 4145 8192
4162 4165 8327
4108 4181 8289
4052 4195 8247
4054 4072 8126
4039 4165 8204
4182 4198 8380
4045 4177 8222
4057 4063 8120
4123 4162 8285
4188 4192 8380
4165 4182 8347
4000 4127 8127
4082 4190 8272
4106 4176 8282
4152 4174 8326
4095 4160 8255
4084 4182 8266
4135 4149 8284
4001 4117 8118
4165 4181 8346
4034 4106 8140
4025 4183 8208
4160 4175 8335
4176 4192 8368
4002 4145 8147
4009 4146 8155
4161 4199 8360
4117 4200 8317
4126 4130 8256
4082 4162 8244
4023 4137 8160
4032 4120 8152
4073 4106 8179
4088 4156 8244
4008 4077 8085
4199 4200 8399
4019 4104 8123
4007 4157 8164
4034 4094 8128
4044 4106 8150
4102 4116 8218
4002 4016 8018
4005 4112 8117
4091 4175 8266
4081 4087 8168
4190 4193 8383
4010 4140 8150
4048 4120 8168
4044 4186 8230
4191 4195 8386
4108 4183 8291
4078 4122 8200
4101 4139 8240
4001 4036 8037
4149 4165 8314
4059 4069 8128
4138 4199 8337
4129 4160 8289
4156 4194 8350
4144 4152 8296
4159 4166 8325
4085 4120 8205
4045 4172 8217
4168 4179 8347
4169 4182 8351
4017 4190 8207
4161 4191 8352
4062 4129 8191
4131 4196 8327
4004 4120 8124
4190 4200 8390
4157 4159 8316
4096 4144 8240
4027 4037 8064
4089 4094 8183
4146 4190 8336
4154 4178 8332
4165 4200 8365
4090 4096 8186
4021 4047 8068
4170 4183 8353
4079 4131 8210
4009 4011 8020
4065 4155 8220
4120 4126 8246
4176 4195 8371
4191 4198 8389
4048 4081 8129
4021 4180 8201
4184 4193 8377
4159 4185 8344
4186 4195 8381
4198 4199 8397
4077 4131 8208
4117 4155 8272
4183 4193 8376
4067 4162 8229
4014 4041 8055
4127 4191 8318
4083 4174 8257
4191 4195 8386
4012 4118 8130
4026 4176 8202
4019 4081 8100
4098 4115 8213
4070 4086 8156
4144 4148 8292
4006 4077 8083
4181 4187 8368
4157 4176 8333
4000 4012 8012
4141 4149 8290
4037 4065 8102
4071 4190 8261
4150 4184 8334
4174 4196 8370
4108 4177 8285
4079 4104 8183
4132 4158 8290
4141 4174 8315
4051 4182 8233
4181 4182 8363
4144 4159 8303
4172 4177 8349
4139 4171 8310
4195 4198 8393
4135 4175 8310
4134 4139 8273
4101 4198 8299
4000 4099 8099
4017 4113 8130
4015 4096 8111
4184 4188 8372
4120 4187 8307
4127 4177 8304
4142 4158 8300
4019 4189 8208
4172 4188 8360
4025 4145 8170
4117 4145 8262
4011 4159 8170
4046 4121 8167
4060 4189 8249
4056 4092 8148
4110 4113 8223
4136 4175 8311
4171 4191 8362
4189 4200 8389
4184 4186 8370
4158 4193 8351
4197 4199 8396
4035 4079 8114
4085 4138 8223
4129 4147 8276
4047 4067 8114
4071 4135 8206
4151 4154 8305
4094 4115 8209
4075 4116 8191
4195 4198 8393
4130 4136 8266
4094 4194 8288
4072 4083 8155
4112 4131 8243
4165 4178 8343
4032 4076 8108
4123 4141 8264
4134 4170 8304
4123 4165 8288
4140 4159 8299
4117 4178 8295
4169 4191 8360
4195 4196 8391
4129 4193 8322
4198 4200 8398
4038 4088 8126
4068 4085 8153
4178 4200 8378
4114 4184 8298
4006 4064 8070
4140 4191 8331
4004 4094 8098
4026 4037 8063
4147 4200 8347
4130 4193 8323
4068 4180 8248
4070 4127 8197
4121 4187 8308
4169 4199 8368
4111 4167 8278
4121 4124 8245
4072 4123 8195
4159 4162 8321
4081 4166 8247
4124 4192 8316
4039 4175 8214
4127 4129 8256
4098 4157 8255
4127 4161 8288
4155 4187 8342
4163 4188 8351
4047 4091 8138
4132 4139 8271
4088 4122 8210
4189 4191 8380
4182 4193 8375
4158 4161 8319
4119 4123 8242
4015 4109 8124
4028 4195 8223
4042 4157 8199
4026 4193 8219
4136 4179 8315
4098 4183 8281
4099 4158 8257
4147 4163 8310
4146 4172 8318
4133 4167 8300
4035 4185 8220
4108 4193 8301
4001 4026 8027
4029 4164 8193
4104 4108 8212
4019 4043 8062
4086 4182 8268
4145 4175 8320
4005 4117 8122
4101 4109 8210
4028 4044 8072
4121 4167 8288
4090 4157 8247
4125 4166 8291
4010 4021 8031
4028 4170 8198
4110 4135 8245
4012 4127 8139
4050 4095 8145
4196 4197 8393
4091 4178 8269
4187 4194 8381
4040 4041 8081
4023 4121 8144
4146 4181 8327
4023 4095 8118
4133 4163 8296
4095 4176 8271
4175 4187 8362
4069 4138 8207
4118 4151 8269
4196 4197 8393
4000 4198 8198
4119 4149 8268
4088 4162 8250
4049 4178 8227
4001 4096 8097
4158 4193 8351
4158 4197 8355
4101 4151 8252
4171 4179 8350
4144 4165 8309
4102 4118 8220
4051 4088 8139
4014 4124 8138
4020 4072 8092
4120 4162 8282
4156 4197 8353
4187 4193 8380
4116 4183 8299
4072 4158 8230
4115 4129 8244
4062 4132 8194
4186 4192 8378
4117 4150 8267
4026 4169 8195
4083 4167 8250
4046 4110 8156
4066 4078 8144
4172 4173 8345
4096 4106 8202
4168 4190 8358
4076 4150 8226
4194 4200 8394
4011 4097 8108
4185 4200 8385
4077 4132 8209
4122 4198 8320
4132 4182 8314
4191 4196 8387
4144 4162 8306
4197 4200 8397
4173 4197 8370
4185 4197 8382
4117 4174 8291
4089 4129 8218
4041 4184 8225
4040 4175 8215
4038 4139 8177
4031 4035 8066
4058 4148 8206
4183 4194 8377
4122 4170 8292
4197 4198 8395
4183 4193 8376
4052 4197 8249
4040 4097 8137
4102 4113 8215
4069 4115 8184
4120 4199 8319
4136 4153 8289
4120 4192 8312
4076 4167 8243
4123 4187 8310
4143 4163 8306
4095 4186 8281
4012 4098 8110
4076 4147 8223
4184 4188 8372
4145 4172 8317
4161 4196 8357
4120 4159 8279
4099 4128 8227
4051 4135 8186
4093 4148 8241
4121 4152 8273
4175 4188 8363
4146 4159 8305
4196 4198 8394
4177 4183 8360
4194 4200 8394
4156 4158 8314
4148 4165 8313
4039 4049 8088
4197 4198 8395
4079 4126 8205
4006 4108 8114
4146 4172 8318
4193 4198 8391
4082 4181 8263
4047 4096 8143
4108 4167 8275
4182 4197 8379
4044 4047 8091
4044 4189 8233
4104 4147 8251
4092 4097 8189
4099 4191 8290
4045 4143 8188
4103 4200 8303
4194 4196 8390
4166 4196 8362
4000 4066 8066
4064 4099 8163
4031 4071 8102
4004 4075 8079
4105 4159 8264
4151 4164 8315
4150 4168 8318
4022 4050 8072
4143 4188 8331
4047 4145 8192
4175 4186 8361
4195 4197 8392
4145 4171 8316
4083 4101 8184
4003 4149 8152
4020 4142 8162
4162 4167 8329
4050 4161 8211
4175 4178 8353
4095 4120 8215
4091 4113 8204
4145 4147 8292
4180 4192 8372
4032 4160 8192
4040 4163 8203
4070 4183 8253
4149 4186 8335
4172 4174 8346
4109 4116 8225
4154 4176 8330
4162 4186 8348
4048 4089 8137
4168 4190 8358
4135 4167 8302
4100 4198 8298
4139 4175 8314
4178 4189 8367
4082 4154 8236
4122 4138 8260
4031 4190 8221
4130 4200 8330
4155 4163 8318
4178 4186 8364
4117 4163 8280
4129 4180 8309
4019 4062 8081
4179 4188 8367
4186 4190 8376
4133 4134 8267
4005 4043 8048
4074 4153 8227
4101 4129 8230
4167 4198 8365
4113 4125 8238
4074 4150 8224
4123 4156 8279
4079 4110 8189
4141 4173 8314
4129 4136 8265
4149 4169 8318
4163 4199 8362
4085 4157 8242
4080 4081 8161
4136 4162 8298
4035 4193 8228
4005 4116 8121
4187 4200 8387
4197 4200 8397
4111 4185 8296
4196 4199 8395
4033 4100 8133
4131 4155 8286
4044 4178 8222
4163 4175 8338
4165 4184 8349
4154 4163 8317
4076 4182 8258
4127 4132 8259
4037 4159 8196
4001 4038 8039
4037 4044 8081
4076 4168 8244
4130 4194 8324
4195 4197 8392
4036 4116 8152
4163 4165 8328
4081 4171 8252
4101 4167 8268
4059 4133 8192
4157 4173 8330
4065 4080 8145
4124 4179 8303
4000 4029 8029
4064 4081 8145
4045 4079 8124
4125 4187 8312
4007 4031 8038
4098 4196 8294
4059 4095 8154
4157 4174 8331
4130 4179 8309
4084 4167 8251
4037 4185 8222
4170 4178 8348
4022 4118 8140
4193 4198 8391
4111 4167 8278
4065 4101 8166
4090 4191 8281
4127 4195 8322
4122 4180 8302
4098 4165 8263
4107 4181 8288
4085 4124 8209
4072 4122 8194
4170 4171 8341
4058 4084 8142
4118 4140 8258
4184 4192 8376
4104 4199 8303
4186 4194 8380
4150 4184 8334
4075 4165 8240
4130 4188 8318
4004 4059 8063
4131 4135 8266
4120 4190 8310
4192 4200 8392
4077 4123 8200
4166 4172 8338
4004 4022 8026
4025 4136 8161
4089 4138 8227
4042 4045 8087
4085 4124 8209
4005 4149 8154
4177 4191 8368
4187 4195 8382
4177 4185 8362
4051 4154 8205
4034 4044 8078
4179 4197 8376
4017 4164 8181
4197 4199 8396
4191 4197 8388
4146 4199 8345
4179 4182 8361
4049 4077 8126
4081 4163 8244
4084 4182 8266
4039 4080 8119
4113 4200 8313
4013 4123 8136
4112 4157 8269
4033 4081 8114
4126 4141 8267
4087 4106 8193
4134 4148 8282
4105 4164 8269
4128 4175 8303
4045 4187 8232
4185 4186 8371
4095 4100 8195
4177 4185 8362
4037 4147 8184
4006 4058 8064
4002 4047 8049
4011 4068 8079
4099 4159 8258
4083 4124 8207
4081 4085 8166
4072 4134 8206
4037 4134 8171
4019 4054 8073
4042 4186 8228
4129 4154 8283
4177 4182 8359
4161 4197 8358
4083 4144 8227
4025 4060 8085
4121 4167 8288
4164 4190 8354
4103 4135 8238
4131 4148 8279
4036 4110 8146
4187 4195 8382
4131 4182 8313
4008 4128 8136
4088 4173 8261
4129 4133 8262
4072 4135 8207
4142 4196 8338
4022 4197 8219
4051 4140 8191
4059 4177 8236
4054 4134 8188
4150 4154 8304
4120 4150 8270
4011 4095 8106
4182 4198 8380
4156 4199 8355
4072 4100 8172
4057 4135 8192
4055 4087 8142
4187 4200 8387
4024 4195 8219
4086 4188 8274
4111 4162 8273
4032 4049 8081
4092 4117 8209
4041 4135 8176
4185 4188 8373
4017 4135 8152
4174 4199 8373
4071 4094 8165
4003 4197 8200
4031 4170 8201
4047 4107 8154
4016 4186 8202
4170 4200 8370
4080 4082 8162
4077 4125 8202
4198 4199 8397
4090 4163 8253
4065 4070 8135
4156 4167 8323
4008 4167 8175
4160 4181 8341
4036 4054 8090
4104 4145 8249
4008 4114 8122
4155 4200 8355
4030 4090 8120
4001 4051 8052
4129 4184 8313
4024 4148 8172
4068 4139 8207
4040 4141 8181
4108 4154 8262
4174 4188 8362
4037 4049 8086
4122 4193 8315
4188 4196 8384
4186 4192 8378
4138 4146 8284
4002 4023 8025
4071 4161 8232
4164 4172 8336
4181 4198 8379
4189 4196 8385
4184 4187 8371
4169 4200 8369
4192 4194 8386
4048 4107 8155
4122 4172 8294
4011 4199 8210
4111 4163 8274
4044 4049 8093
4143 4183 8326
4134 4173 8307
4159 4181 8340
4150 4186 8336
4193 4198 8391
4188 4190 8378
4047 4097 8144
4080 4177 8257
4071 4124 8195
4108 4127 8235
4055 4170 8225
4092 4116 8208
4004 4163 8167
4199 4200 8399
4048 4115 8163
4027 4125 8152
4020 4057 8077
4116 4189 8305
4116 4182 8298
4113 4190 8303
4008 4184 8192
4092 4164 8256
4087 4149 8236
4195 4200 8395
4155 4177 8332
4000 4088 8088
4014 4154 8168
4188 4196 8384
4029 4073 8102
4161 4190 8351
4070 4172 8242
4156 4163 8319
4015 4020 8035
4113 4114 8227
4046 4103 8149
4090 4135 8225
4103 4144 8247
4017 4162 8179
4177 4199 8376
4172 4173 8345
4045 4158 8203
4163 4165 8328
4190 4194 8384
4045 4178 8223
4039 4176 8215
4081 4136 8217
4169 4177 8346
4007 4037 8044
4082 4178 8260
4126 4164 8290
4111 4119 8230
4041 4126 8167
4081 4115 8196
4083 4196 8279
4158 4199 8357
4042 4120 8162
4034 4086 8120
4117 4173 8290
4034 4199 8233
4143 4144 8287
4198 4199 8397
4110 4126 8236
4103 4185 8288
4082 4189 8271
4064 4100 8164
4032 4090 8122
4090 4176 8266
4164 4178 8342
4073 4154 8227
4130 4198 8328
4066 4080 8146
4197 4199 8396
4035 4120 8155
4012 4034 8046
4007 4031 8038
4001 4168 8169
4180 4195 8375
4133 4153 8286
4112 4159 8271
4118 4193 8311
4172 4175 8347
4168 4182 8350
4107 4189 8296
4131 4132 8263
4066 4102 8168
4115 4163 8278
4079 4083 8162
4131 4152 8283
4180 4188 8368
4176 4182 8358
4134 4145 8279
4043 4114 8157
4053 4175 8228
4143 4184 8327
4009 4175 8184
4144 4170 8314
4114 4122 8236
4060 4158 8218
4107 4198 8305
4188 4193 8381
4047 4106 8153
4094 4189 8283
4042 4137 8179
4003 4090 8093
4103 4184 8287
4144 4170 8314
4099 4128 8227
4074 4144 8218
4067 4142 8209
4147 4167 8314
4069 4200 8269
4072 4132 8204
4045 4154 8199
4195 4199 8394
4087 4116 8203
4167 4182 8349
4172 4197 8369
4081 4099 8180
4085 4200 8285
4084 4169 8253
4169 4182 8351
4066 4133 8199
4056 4182 8238
4150 4193 8343
4114 4141 8255
4063 4086 8149
4006 4191 8197
4116 4180 8296
4014 4158 8172
4197 4198 8395
4177 4194 8371
4083 4145 8228
4170 4177 8347
4029 4081 8110
4011 4023 8034
4190 4191 8381
4043 4081 8124
4046 4079 8125
4026 4061 8087
4014 4055 8069
4141 4199 8340
4066 4181 8247
4143 4174 8317
4109 4186 8295
4002 4161 8163
4023 4193 8216
4029 4052 8081
4142 4198 8340
4078 4079 8157
4192 4195 8387
4151 4166 8317
4119 4198 8317
4065 4102 8167
4043 4134 8177
4074 4136 8210
4138 4143 8281
4110 4195 8305
4020 4196 8216
4084 4126 8210
4032 4097 8129
4059 4086 8145
4010 4028 8038
4172 4184 8356
4143 4148 8291
4121 4152 8273
4168 4185 8353
4019 4149 8168
4054 4083 8137
4126 4157 8283
4039 4095 8134
4171 4183 8354
4151 4190 8341
4112 4190 8302
4083 4163 8246
4015 4159 8174
4125 4161 8286
4005 4015 8020
4068 4147 8215
4035 4143 8178
4054 4170 8224
4168 4200 8368
4069 4136 8205
4100 4161 8261
4171 4177 8348
4189 4199 8388
4122 4149 8271
4082 4143 8225
4053 4101 8154
4168 4181 8349
4046 4138 8184
4148 4191 8339
4083 4125 8208
4170 4194 8364
4195 4197 8392
4195 4196 8391
4106 4191 8297
4052 4187 8239
4127 4200 8327
4164 4185 8349
4075 4166 8241
4081 4167 8248
4075 4186 8261
4048 4142 8190
4084 4182 8266
4063 4088 8151
4037 4061 8098
4013 4148 8161
4136 4197 8333
4197 4198 8395
4176 4180 8356
4105 4111 8216
4009 4093 8102
4026 4130 8156
4091 4118 8209
4197 4200 8397
4071 4117 8188
4077 4121 8198
4024 4117 8141
4144 4150 8294
4185 4200 8385
4120 4133 8253
4190 4192 8382
4046 4053 8099
4180 4198 8378
4050 4142 8192
4186 4192 8378
4144 4183 8327
4114 4133 8247
4084 4153 8237
4137 4198 8335
4116 4122 8238
4166 4173 8339
4187 4191 8378
4105 4167 8272
4199 4200 8399
4085 4178 8263
4143 4179 8322
4153 4182 8335
4041 4158 8199
4086 4166 8252
4043 4068 8111
4062 4129 8191
4169 4170 8339
4021 4084 8105
4077 4159 8236
4176 4177 8353
4122 4150 8272
4173 4197 8370
4183 4186 8369
4100 4135 8235
4182 4183 8365
4093 4118 8211
4039 4125 8164
4052 4099 8151
4137 4173 8310
4165 4187 8352
4123 4145 8268
4076 4159 8235
4177 4178 8355
4185 4197 8382
4008 4175 8183
4047 4166 8213
4092 4140 8232
4021 4080 8101
4012 4123 8135
4145 4194 8339
4193 4196 8389
4106 4140 8246
4106 4188 8294
4134 4195 8329
4178 4183 8361
4144 4198 8342
4093 4136 8229
4004 4148 8152
4082 4120 8202
4180 4181 8361
4112 4171 8283
4164 4171 8335
4195 4197 8392
4052 4147 8199
4053 4153 8206
4199 4200 8399
4147 4169 8316
4145 4190 8335
4092 4122 8214
4007 4198 8205
4095 4173 8268
4165 4176 8341
4101 4115 8216
4196 4197 8393
4079 4142 8221
4110 4142 8252
4016 4184 8200
4152 4168 8320
4019 4133 8152
4097 4189 8286
4109 4111 8220
4013 4106 8119
4094 4110 8204
4099 4117 8216
4143 4162 8305
4037 4188 8225
4090 4122 8212
4132 4144 8276
4021 4194 8215
4114 4194 8308
4091 4193 8284
4077 4148 8225
4092 4179 8271
4144 4166 8310
4120 4168 8288
4076 4183 8259
4118 4137 8255
4137 4163 8300
4014 4172 8186
4053 4199 8252
4191 4197 8388
4088 4186 8274
4166 4178 8344
4068 4098 8166
4081 4131 8212
4071 4188 8259
4098 4155 8253
4120 4174 8294
4173 4178 8351
4197 4198 8395
4075 4190 8265
4107 4110 8217
4116 4149 8265
4122 4138 8260
4061 4103 8164
4064 4117 8181
4046 4152 8198
4030 4048 8078
4111 4169 8280
4131 4139 8270
4115 4125 8240
4170 4194 8364
4045 4113 8158
4183 4194 8377
4015 4028 8043
4084 4122 8206
4040 4109 8149
4005 4122 8127
4059 4170 8229
4161 4176 8337

4217 4235 8423
4117 4160 8254
4105 4166 8244
4292 4298 8560
4100 4191 8289
4137 4194 8323
4161 4244 8401
4272 4295 8537
4299 4300 8586
4245 4268 8499
4171 4245 8410
4170 4206 8338
4299 4300 8589
4272 4291 8548
4272 4274 8525
4185 4289 8436
4105 4191 8289
4223 4299 8507
4211 4287 8460
4109 4195 8294
4196 4206 8381
4262 4272 8519
4187 4263 8422
4141 4225 8344
4266 4268 8516
4141 4180 8301
4218 4235 8415
4194 4272 8454
4287 4300 8562
4228 4294 8490
4132 4271 8365
4140 4244 8378
4234 4271 8475
4122 4145 8229
4139 4163 8289
4133 4177 8296
4218 4247 8426
4154 4223 8338
4298 4299 8579
4283 4291 8543
4193 4225 8390
4255 4271 8518
4271 4273 8518
4113 4293 8388
4166 4216 8374
4147 4245 8383
4262 4265 8508
4208 4281 8475
4152 4295 8425
4154 4172 8317
4139 4265 8368
4282 4298 8564
4145 4277 8417
4157 4163 8294
4223 4262 8454
4288 4292 8544
4265 4282 8527
4100 4227 8318
4182 4290 8453
4206 4276 8460
4252 4274 8518
4195 4260 8431
4184 4282 8445
4235 4249 8467
4101 4217 8296
4265 4281 8534
4134 4206 8315
4125 4283 8397
4260 4275 8496
4276 4292 8530
4102 4245 8327
4109 4246 8344
4261 4299 8541
4217 4300 8516
4226 4230 8420
4182 4262 8442
4123 4237 8327
4132 4220 8336
4173 4206 8370
4188 4256 8433
4108 4177 8259
4299 4300 8562
4119 4204 8287
4107 4257 8331
4134 4194 8304
4144 4206 8344
4202 4216 8414
4102 4116 8193
4105 4212 8303
4191 4275 8452
4181 4187 8353
4290 4293 8543
4110 4240 8335
4148 4220 8337
4144 4286 8429
4291 4295 8550
4208 4283 8457
4178 4222 8379
4201 4239 8428
4101 4136 8227
4249 4265 8509
4159 4169 8306
4238 4299 8514
4229 4260 8458
4256 4294 8544
4244 4252 8479
4259 4266 8519
4185 4220 8389
4145 4272 8390
4268 4279 8533
4269 4282 8532
4117 4290 8382
4261 4291 8526
4162 4229 8367
4231 4296 8493
4104 4220 8302
4290 4300 8567
4257 4259 8481
4196 4244 8401
4127 4137 8238
4189 4194 8361
4246 4290 8524
4254 4278 8511
4265 4300 8561
4190 4196 8375
4121 4147 8258
4270 4283 8531
4179 4231 8400
4109 4111 8218
4165 4255 8399
4220 4226 8406
4276 4295 8532
4291 4298 8564
4148 4181 8307
4121 4280 8363
4284 4293 8538
4259 4285 8516
4286 4295 8556
4298 4299 8574
4177 4231 8390
4217 4255 8464
4283 4293 8566
4167 4262 8395
4114 4141 8232
4227 4291 8485
4183 4274 8455
4291 4295 8551
4112 4218 8294
4126 4276 8385
4119 4181 8290
4198 4215 8380
4170 4186 8324
4244 4248 8474
4106 4177 8281
4281 4287 8552
4257 4276 8515
4100 4112 8188
4241 4249 8482
4137 4165 8275
4171 4290 8449
4250 4284 8501
4274 4296 8547
4208 4277 8461
4179 4204 8352
4232 4258 8464
4241 4274 8498
4151 4282 8399
4281 4282 8536
4244 4259 8499
4272 4277 8532
4239 4271 8503
4295 4298 8558
4235 4275 8471
4234 4239 8451
4201 4298 8494
4100 4199 8289
4117 4213 8319
4115 4196 8292
4284 4288 8567
4220 4287 8471
4227 4277 8493
4242 4258 8493
4119 4289 8384
4272 4288 8522
4125 4245 8359
4217 4245 8449
4111 4259 8341
4146 4221 8363
4160 4289 8422
4156 4192 8333
4210 4213 8410
4236 4275 8505
4271 4291 8556
4289 4300 8561
4284 4286 8548
4258 4293 8544
4297 4299 8571
4135 4179 8279
4185 4238 8401
4229 4247 8471
4147 4167 8307
4171 4235 8399
4251 4254 8483
4194 4215 8382
4175 4216 8355
4295 4298 8567
4230 4236 8450
4194 4294 8484
4172 4183 8338
4212 4231 8423
4265 4278 8527
4132 4176 8297
4223 4241 8448
4234 4270 8492
4223 4265 8456
4240 4259 8490
4217 4278 8477
4269 4291 8534
4295 4296 8582
4229 4293 8501
4298 4300 8579
4138 4188 8294
4168 4185 8328
4278 4300 8550
4214 4284 8479
4106 4164 8268
4240 4291 8498
4104 4194 8262
4126 4137 8243
4247 4300 8508
4230 4293 8512
4168 4280 8436
4170 4227 8392
4221 4287 8478
4269 4299 8540
4211 4267 8445
4221 4224 8417
4172 4223 8369
4259 4262 8506
4181 4266 8426
4224 4292 8492
4139 4275 8402
4227 4229 8427
4198 4257 8452
4227 4261 8457
4255 4287 8514
4263 4288 8539
4147 4191 8309
4232 4239 8435
4188 4222 8397
4289 4291 8566
4282 4293 8542
4258 4261 8503
4219 4223 8436
4115 4209 8310
4128 4295 8403
4142 4257 8376
4126 4293 8401
4236 4279 8514
4198 4283 8445
4199 4258 8429
4247 4263 8471
4246 4272 8501
4233 4267 8494
4135 4285 8419
4208 4293 8490
4101 4126 8219
4129 4264 8355
4204 4208 8386
4119 4143 8239
4186 4282 8444
4245 4275 8519
4105 4217 8292
4201 4209 8374
4128 4144 8264
4221 4267 8484
4190 4257 8422
4225 4266 8460
4110 4121 8212
4128 4270 8391
4210 4235 8440
4112 4227 8303
4150 4195 8328
4296 4297 8586
4191 4278 8434
4287 4294 8574
4140 4141 8256
4123 4221 8336
4246 4281 8503
4123 4195 8302
4233 4263 8458
4195 4276 8457
4275 4287 8554
4169 4238 8383
4218 4251 8451
4296 4297 8554
4100 4298 8360
4219 4249 8452
4188 4262 8446
4149 4278 8426
4101 4196 8274
4258 4293 8550
4258 4297 8521
4201 4251 8419
4271 4279 8526
4244 4265 8483
4202 4218 8419
4151 4188 8310
4114 4224 8316
4120 4172 8282
4220 4262 8442
4256 4297 8530
4287 4293 8576
4216 4283 8468
4172 4258 8403
4215 4229 8422
4162 4232 8380
4286 4292 8574
4217 4250 8436
4126 4269 8362
4183 4267 8429
4146 4210 8347
4166 4178 8308
4272 4273 8532
4196 4206 8377
4268 4290 8523
4176 4250 8424
4294 4300 8590
4111 4197 8278
4285 4300 8580
4177 4232 8379
4222 4298 8497
4232 4282 8476
4291 4296 8572
4244 4262 8485
4297 4300 8588
4273 4297 8536
4285 4297 8556
4217 4274 8466
4189 4229 8386
4141 4284 8401
4140 4275 8406
4138 4239 8341
4131 4135 8248
4158 4248 8399
4283 4294 8559
4222 4270 8476
4297 4298 8555
4283 4293 8546
4152 4297 8434
4140 4197 8324
4202 4213 8396
4169 4215 8376
4220 4299 8493
4236 4253 8473
4220 4292 8493
4176 4267 8432
4223 4287 8496
4243 4263 8472
4195 4286 8478
4112 4198 8298
4176 4247 8385
4284 4288 8534
4245 4272 8481
4261 4296 8530
4220 4259 8465
4199 4228 8388
4151 4235 8356
4193 4248 8413
4221 4252 8454
4275 4288 8537
4246 4259 8501
4296 4298 8585
4277 4283 8547
4294 4300 8566
4256 4258 8477
4248 4265 8482
4139 4149 8254
4297 4298 8593
4179 4226 8403
4106 4208 8297
4246 4272 8484
4293 4298 8575
4182 4281 8439
4147 4196 8335
4208 4267 8468
4282 4297 8574
4144 4147 8259
4144 4289 8397
4204 4247 8443
4192 4197 8384
4199 4291 8474
4145 4243 8363
4203 4300 8475
4294 4296 8558
4266 4296 8546
4100 4166 8258
4164 4199 8356
4131 4171 8270
4104 4175 8275
4205 4259 8442
4251 4264 8485
4250 4268 8489
4122 4150 8254
4243 4288 8507
4147 4245 8360
4275 4286 8530
4295 4297 8562
4245 4271 8482
4183 4201 8378
4103 4249 8322
4120 4242 8347
4262 4267 8504
4150 4261 8391
4275 4278 8547
4195 4220 8407
4191 4213 8386
4245 4247 8491
4280 4292 8565
4132 4260 8376
4140 4263 8392
4170 4283 8435
4249 4286 8508
4272 4274 8529
4209 4216 8410
4254 4276 8523
4262 4286 8546
4148 4189 8324
4268 4290 8554
4235 4267 8466
4200 4298 8496
4239 4275 8488
4278 4289 8545
4182 4254 8402
4222 4238 8444
4131 4290 8385
4230 4300 8521
4255 4263 8510
4278 4286 8539
4217 4263 8473
4229 4280 8488
4119 4162 8267
4279 4288 8536
4286 4290 8559
4233 4234 8431
4105 4143 8247
4174 4253 8391
4201 4229 8419
4267 4298 8530
4213 4225 8398
4174 4250 8422
4223 4256 8468
4179 4210 8355
4241 4273 8482
4229 4236 8451
4249 4269 8484
4263 4299 8546
4185 4257 8439
4180 4181 8329
4236 4262 8473
4135 4293 8404
4105 4216 8310
4287 4300 8581
4297 4300 8592
4211 4285 8460
4296 4299 8564
4133 4200 8310
4231 4255 8451
4144 4278 8389
4263 4275 8505
4265 4284 8532
4254 4263 8491
4176 4282 8440
4227 4232 8449
4137 4259 8383
4101 4138 8200
4137 4144 8271
4176 4268 8427
4230 4294 8508
4295 4297 8591
4136 4216 8351
4263 4265 8514
4181 4271 8419
4201 4267 8435
4159 4233 8388
4257 4273 8517
4165 4180 8327
4224 4279 8471
4100 4129 8200
4164 4181 8331
4145 4179 8307
4225 4287 8481
4107 4131 8206
4198 4296 8491
4159 4195 8337
4257 4274 8492
4230 4279 8503
4184 4267 8450
4137 4285 8391
4270 4278 8519
4122 4218 8321
4293 4298 8563
4211 4267 8464
4165 4201 8362
4190 4291 8463
4227 4295 8516
4222 4280 8501
4198 4265 8462
4207 4281 8466
4185 4224 8375
4172 4222 8377
4270 4271 8531
4158 4184 8319
4218 4240 8418
4284 4292 8556
4204 4299 8485
4286 4294 8557
4250 4284 8533
4175 4265 8413
4230 4288 8484
4104 4159 8233
4231 4235 8430
4220 4290 8476
4292 4300 8566
4177 4223 8371
4266 4272 8510
4104 4122 8208
4125 4236 8322
4189 4238 8408
4142 4145 8262
4185 4224 8402
4105 4249 8328
4277 4291 8539
4287 4295 8548
4277 4285 8559
4151 4254 8369
4134 4144 8262
4279 4297 8538
4117 4264 8373
4297 4299 8560
4291 4297 8584
4246 4299 8520
4279 4282 8557
4149 4177 8321
4181 4263 8412
4184 4282 8427
4139 4180 8296
4213 4300 8474
4113 4223 8334
4212 4257 8458
4133 4181 8301
4226 4241 8465
4187 4206 8388
4234 4248 8453
4205 4264 8437
4228 4275 8491
4145 4287 8411
4285 4286 8558
4195 4200 8364
4277 4285 8537
4137 4247 8359
4106 4158 8257
4102 4147 8217
4111 4168 8273
4199 4259 8442
4183 4224 8405
4181 4185 8341
4172 4234 8382
4137 4234 8335
4119 4154 8264
4142 4286 8410
4229 4254 8480
4277 4282 8537
4261 4297 8540
4183 4244 8401
4125 4160 8276
4221 4267 8478
4264 4290 8517
4203 4235 8415
4231 4248 8439
4136 4210 8307
4287 4295 8563
4231 4282 8478
4108 4228 8328
4188 4273 8454
4229 4233 8457
4172 4235 8391
4242 4296 8519
4122 4297 8398
4151 4240 8379
4159 4277 8415
4154 4234 8377
4250 4254 8472
4220 4250 8443
4111 4195 8303
4282 4298 8560
4256 4299 8550
4172 4200 8342
4157 4235 8387
4155 4187 8318
4287 4300 8551
4124 4295 8399
4186 4288 8449
4211 4262 8460
4132 4149 8274
4192 4217 8381
4141 4235 8372
4285 4288 8543
4117 4235 8314
4274 4299 8557
4171 4194 8339
4103 4297 8375
4131 4270 8386
4147 4207 8321
4116 4286 8394
4270 4300 8562
4180 4182 8354
4177 4225 8400
4298 4299 8595
4190 4263 8430
4165 4170 8315
4256 4267 8514
4108 4267 8365
4260 4281 8503
4136 4154 8260
4204 4245 8410
4108 4214 8299
4255 4300 8517
4130 4190 8282
4101 4151 8222
4229 4284 8477
4124 4248 8356
4168 4239 8370
4140 4241 8366
4208 4254 8443
4274 4288 8522
4137 4149 8267
4222 4293 8476
4288 4296 8577
4286 4292 8544
4238 4246 8478
4102 4123 8201
4171 4261 8415
4264 4272 8530
4281 4298 8563
4289 4296 8561
4284 4287 8553
4269 4300 8530
4292 4294 8575
4148 4207 8347
4222 4272 8464
4111 4299 8388
4211 4263 8456
4144 4149 8278
4243 4283 8517
4234 4273 8504
4259 4281 8525
4250 4286 8531
4293 4298 8556
4288 4290 8538
4147 4197 8307
4180 4277 8422
4171 4224 8371
4208 4227 8407
4155 4270 8408
4192 4216 8379
4104 4263 8352
4299 4300 8586
4148 4215 8324
4127 4225 8313
4120 4157 8242
4216 4289 8479
4216 4282 8461
4213 4290 8473
4108 4284 8377
4192 4264 8449
4187 4249 8419
4295 4300 8583
4255 4277 8511
4100 4188 8261
4114 4254 8361
4288 4296 8559
4129 4173 8291
4261 4290 8522
4170 4272 8408
4256 4263 8481
4115 4120 8216
4213 4214 8404
4146 4203 8340
4190 4235 8411
4203 4244 8415
4117 4262 8372
4277 4299 8541
4272 4273 8540
4145 4258 8367
4263 4265 8507
4290 4294 8570
4145 4278 8399
4139 4276 8397
4181 4236 8384
4269 4277 8518
4107 4137 8243
4182 4278 8428
4226 4264 8486
4211 4219 8410
4141 4226 8350
4181 4215 8370
4183 4296 8440
4258 4299 8519
4142 4220 8352
4134 4186 8308
4217 4273 8479
4134 4299 8423
4243 4244 8464
4298 4299 8586
4210 4226 8408
4203 4285 8466
4182 4289 8468
4164 4200 8345
4132 4190 8312
4190 4276 8464
4264 4278 8529
4173 4254 8415
4230 4298 8493
4166 4180 8310
4297 4299 8570
4135 4220 8352
4112 4134 8241
4107 4131 8220
4101 4268 8367
4280 4295 8559
4233 4253 8465
4212 4259 8463
4218 4293 8490
4272 4275 8544
4268 4282 8548
4207 4289 8459
4231 4232 8429
4166 4202 8356
4215 4263 8461
4179 4183 8337
4231 4252 8444
4280 4288 8550
4276 4282 8542
4234 4245 8474
4143 4214 8332
4153 4275 8396
4243 4284 8518
4109 4275 8372
4244 4270 8485
4214 4222 8425
4160 4258 8407
4207 4298 8498
4288 4293 8541
4147 4206 8345
4194 4289 8449
4142 4237 8366
4103 4190 8279
4203 4284 8450
4244 4270 8513
4199 4228 8408
4174 4244 8390
4167 4242 8376
4247 4267 8506
4169 4300 8453
4172 4232 8370
4145 4254 8387
4295 4299 8576
4187 4216 8393
4267 4282 8509
4272 4297 8558
4181 4199 8346
4185 4300 8459
4184 4269 8444
4269 4282 8548
4166 4233 8370
4156 4282 8403
4250 4293 8518
4214 4241 8426
4163 4186 8333
4106 4291 8390
4216 4280 8487
4114 4258 8338
4297 4298 8590
4277 4294 8551
4183 4245 8399
4270 4277 8525
4129 4181 8305
4111 4123 8207
4290 4291 8547
4143 4181 8317
4146 4179 8293
4126 4161 8259
4114 4155 8260
4241 4299 8537
4166 4281 8418
4243 4274 8513
4209 4286 8463
4102 4261 8330
4123 4293 8385
4129 4152 8248
4242 4298 8537
4178 4179 8327
4292 4295 8557
4251 4266 8503
4219 4298 8481
4165 4202 8338
4143 4234 8364
4174 4236 8406
4238 4243 8476
4210 4295 8492
4120 4296 8378
4184 4226 8379
4132 4197 8297
4159 4186 8332
4110 4128 8225
4272 4284 8551
4243 4248 8466
4221 4252 8457
4268 4285 8536
4119 4249 8335
4154 4183 8303
4226 4257 8469
4139 4195 8309
4271 4283 8546
4251 4290 8534
4212 4290 8493
4183 4263 8440
4115 4259 8343
4225 4261 8475
4105 4115 8214
4168 4247 8402
4135 4243 8368
4154 4270 8386
4268 4300 8559
4169 4236 8395
4200 4261 8430
4271 4277 8532
4289 4299 8551
4222 4249 8433
4182 4243 8415
4153 4201 8316
4268 4281 8545
4146 4238 8357
4248 4291 8522
4183 4225 8378
4270 4294 8546
4295 4297 8581
4295 4296 8573
4206 4291 8458
4152 4287 8424
4227 4300 8525
4264 4285 8530
4175 4266 8436
4181 4267 8415
4175 4286 8457
4148 4242 8367
4184 4282 8460
4163 4188 8319
4137 4161 8287
4113 4248 8359
4236 4297 8505
4297 4298 8561
4276 4280 8552
4205 4211 8388
4109 4193 8274
4126 4230 8336
4191 4218 8404
4297 4300 8584
4171 4217 8371
4177 4221 8381
4124 4217 8316
4244 4250 8459
4285 4300 8574
4220 4233 8435
4290 4292 8565
4146 4153 8269
4280 4298 8562
4150 4242 8387
4286 4292 8561
4244 4283 8506
4214 4233 8416
4184 4253 8425
4237 4298 8507
4216 4222 8411
4266 4273 8526
4287 4291 8546
4205 4267 8442
4299 4300 8598
4185 4278 8455
4243 4279 8498
4253 4282 8503
4141 4258 8376
4186 4266 8419
4143 4168 8303
4162 4229 8364
4269 4270 8499
4121 4184 8289
4177 4259 8421
4276 4277 8533
4222 4250 8447
4273 4297 8534
4283 4286 8530
4200 4235 8422
4282 4283 8548
4193 4218 8373
4139 4225 8357
4152 4199 8329
4237 4273 8477
4265 4287 8538
4223 4245 8456
4176 4259 8427
4277 4278 8551
4285 4297 8581
4108 4275 8369
4147 4266 8387
4192 4240 8406
4121 4180 8291
4112 4223 8323
4245 4294 8525
4293 4296 8582
4206 4240 8406
4206 4288 8463
4234 4295 8517
4278 4283 8553
4244 4298 8533
4193 4236 8416
4104 4248 8331
4182 4220 8373
4280 4281 8545
4212 4271 8475
4264 4271 8503
4295 4297 8589
4152 4247 8395
4153 4253 8404
4299 4300 8583
4247 4269 8491
4245 4290 8504
4192 4222 8381
4107 4298 8402
4195 4273 8442
4265 4276 8513
4201 4215 8409
4296 4297 8560
4179 4242 8390
4210 4242 8424
4116 4284 8394
4252 4268 8497
4119 4233 8348
4197 4289 8472
4209 4211 8401
4113 4206 8288
4194 4210 8378
4199 4217 8395
4243 4262 8486
4137 4288 8404
4190 4222 8394
4232 4244 8461
4121 4294 8409
4214 4294 8483
4191 4293 8448
4177 4248 8404
4192 4279 8441
4244 4266 8493
4220 4268 8470
4176 4283 8446
4218 4237 8453
4237 4263 8460
4114 4272 8355
4153 4299 8447
4291 4297 8580
4188 4286 8451
4266 4278 8528
4168 4198 8348
4181 4231 8375
4171 4288 8424
4198 4255 8433
4220 4274 8470
4273 4278 8548
4297 4298 8579
4175 4290 8447
4207 4210 8411
4216 4249 8427
4222 4238 8453
4161 4203 8329
4164 4217 8349
4146 4252 8373
4130 4148 8272
4211 4269 8463
4231 4239 8461
4215 4225 8405
4270 4294 8534
4145 4213 8329
4283 4294 8567
4115 4128 8215
4184 4222 8376
4140 4209 8347
4105 4222 8308
4159 4270 8391
4261 4276 8516

0.010000 0.400000
