400
1416657
4102 4195 8297
4014 4193 8207
4042 4107 8149
4126 4182 8308
4115 4126 8241
4014 4107 8121
4022 4194 8216
4187 4198 8385
4102 4200 8302
4122 4167 8289
4094 4110 8204
4048 4076 8124
4157 4199 8356
4119 4126 8245
4101 4198 8299
4028 4041 8069
4197 4198 8395
4171 4173 8344
4169 4189 8358
4092 4133 8225
4176 4191 8367
4016 4084 8100
4179 4181 8360
4021 4173 8194
4075 4183 8258
4112 4193 8305
4079 4170 8249
4045 4167 8212
4114 4129 8243
4115 4128 8243
4047 4161 8208
4067 4111 8178
4135 4200 8335
4093 4097 8190
4036 4095 8131
4005 4079 8084
4056 4162 8218
4132 4195 8327
4062 4140 8202
4025 4035 8060
4160 4190 8350
4176 4195 8371
4070 4098 8168
4005 4062 8067
4160 4189 8349
4172 4200 8372
4025 4181 8206
4035 4089 8124
4078 4180 8258
4141 4146 8287
4199 4200 8399
4168 4185 8353
4038 4108 8146
4096 4193 8289
4012 4080 8092
4036 4167 8203
4055 4101 8156
4057 4190 8247
4085 4132 8217
4127 4132 8259
4081 4141 8222
4032 4115 8147
4175 4192 8367
4178 4180 8358
4157 4169 8326
4120 4134 8254
4164 4186 8350
4156 4193 8349
4029 4196 8225
4131 4187 8318
4070 4177 8247
4166 4173 8339
4157 4169 8326
4144 4175 8319
4049 4159 8208
4065 4080 8145
4185 4191 8376
4168 4185 8353
4115 4134 8249
4199 4200 8399
4128 4198 8326
4189 4192 8381
4086 4193 8279
4184 4192 8376
4113 4136 8249
4125 4173 8298
4137 4149 8286
4070 4104 8174
4140 4192 8332
4150 4155 8305
4163 4169 8332
4139 4158 8297
4011 4173 8184
4114 4165 8279
4097 4101 8198
4130 4152 8282
4082 4119 8201
4165 4189 8354
4113 4148 8261
4043 4174 8217
4036 4118 8154
4093 4107 8200
4191 4196 8387
4147 4198 8345
4015 4131 8146
4009 4106 8115
4111 4179 8290
4028 4072 8100
4162 4179 8341
4037 4077 8114
4195 4199 8394
4033 4151 8184
4013 4171 8184
4021 4138 8159
4079 4188 8267
4149 4189 8338
4033 4130 8163
4153 4155 8308
4171 4173 8344
4084 4102 8186
4017 4047 8064
4121 4145 8266
4168 4187 8355
4082 4173 8255
4048 4051 8099
4008 4170 8178
4125 4175 8300
4107 4128 8235
4196 4199 8395
4197 4198 8395
4155 4171 8326
4027 4102 8129
4139 4165 8304
4033 4138 8171
4071 4158 8229
4088 4111 8199
4060 4180 8240
4147 4182 8329
4024 4098 8122
4157 4171 8328
4081 4131 8212
4010 4082 8092
4130 4146 8276
4096 4192 8288
4179 4195 8374
4164 4180 8344
4177 4197 8374
4006 4072 8078
4021 4033 8054
4003 4059 8062
4128 4162 8290
4190 4197 8387
4021 4160 8181
4024 4112 8136
4076 4172 8248
4019 4041 8060
4159 4192 8351
4003 4165 8168
4004 4112 8116
4014 4103 8117
4100 4113 8213
4169 4199 8368
4187 4192 8379
4100 4146 8246
4027 4110 8137
4046 4117 8163
4033 4113 8146
4156 4193 8349
4166 4192 8358
4190 4195 8385
4141 4149 8290
4116 4121 8237
4159 4187 8346
4128 4174 8302
4015 4093 8108
4165 4172 8337
4147 4189 8336
4034 4090 8124
4100 4113 8213
4164 4166 8330
4102 4115 8217
4003 4133 8136
4163 4180 8343
4115 4135 8250
4065 4126 8191
4069 4121 8190
4183 4191 8374
4079 4092 8171
4114 4183 8297
4121 4142 8263
4117 4161 8278
4035 4073 8108
4138 4145 8283
4128 4196 8324
4120 4195 8315
4053 4093 8146
4019 4031 8050
4198 4200 8398
4162 4186 8348
4136 4150 8286
4019 4105 8124
4162 4189 8351
4133 4162 8295
4067 4171 8238
4075 4149 8224
4173 4187 8360
4018 4109 8127
4135 4171 8306
4117 4157 8274
4072 4126 8198
4057 4132 8189
4167 4191 8358
4157 4162 8319
4057 4115 8172
4097 4143 8240
4131 4133 8264
4173 4188 8361
4126 4139 8265
4106 4152 8258
4158 4191 8349
4135 4162 8297
4035 4075 8110
4152 4170 8322
4169 4176 8345
4134 4185 8319
4177 4186 8363
4154 4186 8340
4111 4189 8300
4061 4148 8209
4064 4150 8214
4148 4157 8305
4027 4132 8159
4148 4171 8319
4175 4188 8363
4161 4187 8348
4103 4155 8258
4039 4164 8203
4130 4136 8266
4011 4036 8047
4111 4187 8298
4136 4138 8274
4012 4089 8101
4039 4180 8219
4118 4126 8244
4096 4102 8198
4045 4158 8203
4124 4140 8264
4167 4193 8360
4081 4158 8239
4053 4156 8209
4148 4188 8336
4183 4196 8379
4047 4144 8191
4185 4194 8379
4030 4169 8199
4033 4046 8079
4055 4114 8169
4110 4158 8268
4178 4194 8372
4129 4158 8287
4095 4160 8255
4092 4153 8245
4054 4092 8146
4014 4190 8204
4160 4162 8322
4134 4170 8304
4135 4149 8284
4018 4159 8177
4017 4019 8036
4199 4200 8399
4035 4165 8200
4085 4186 8271
4094 4120 8214
4007 4140 8147
4094 4128 8222
4089 4145 8234
4023 4184 8207
4183 4187 8370
4139 4185 8324
4159 4190 8349
4036 4168 8204
4033 4106 8139
4029 4106 8135
4178 4200 8378
4097 4198 8295
4187 4197 8384
4110 4180 8290
4090 4123 8213
4046 4128 8174
4046 4176 8222
4095 4142 8237
4164 4167 8331
4123 4160 8283
4170 4191 8361
4176 4191 8367
4025 4164 8189
4113 4198 8311
4101 4117 8218
4057 4058 8115
4140 4191 8331
4074 4110 8184
4181 4195 8376
4001 4116 8117
4128 4150 8278
4125 4180 8305
4073 4106 8179
4055 4170 8225
4122 4163 8285
4172 4192 8364
4031 4099 8130
4175 4188 8363
4098 4133 8231
4032 4184 8216
4137 4154 8291
4126 4167 8293
4072 4155 8227
4199 4200 8399
4098 4149 8247
4120 4199 8319
4189 4196 8385
4068 4098 8166
4024 4111 8135
4001 4033 8034
4168 4192 8360
4175 4179 8354
4195 4198 8393
4114 4165 8279
4075 4115 8190
4133 4168 8301
4125 4179 8304
4143 4184 8327
4093 4167 8260
4170 4173 8343
4186 4188 8374
4022 4183 8205
4129 4150 8279
4142 4188 8330
4115 4151 8266
4073 4101 8174
4150 4154 8304
4173 4196 8369
4021 4130 8151
4166 4198 8364
4089 4097 8186
4035 4149 8184
4167 4199 8366
4134 4164 8298
4153 4172 8325
4191 4199 8390
4116 4147 8263
4061 4117 8178
4057 4107 8164
4086 4183 8269
4014 4109 8123
4073 4169 8242
4028 4095 8123
4043 4105 8148
4101 4170 8271
4141 4195 8336
4124 4194 8318
4197 4198 8395
4087 4196 8283
4031 4097 8128
4132 4136 8268
4057 4140 8197
4031 4178 8209
4080 4188 8268
4023 4101 8124
4105 4171 8276
4123 4146 8269
4020 4199 8219
4112 4148 8260
4180 4184 8364
4161 4197 8358
4018 4039 8057
4083 4148 8231
4198 4200 8398
4074 4130 8204
4133 4140 8273
4044 4175 8219
4107 4130 8237
4011 4141 8152
4100 4155 8255
4007 4018 8025
4183 4193 8376
4103 4108 8211
4110 4137 8247
4097 4140 8237
4049 4066 8115
4001 4137 8138
4129 4137 8266
4053 4139 8192
4161 4174 8335
4049 4167 8216
4115 4160 8275
4113 4151 8264
4183 4197 8380
4077 4195 8272
4066 4101 8167
4067 4188 8255

4202 4295 8483
4114 4293 8374
4142 4207 8329
4226 4282 8492
4215 4226 8403
4114 4207 8294
4122 4294 8396
4287 4298 8582
4202 4300 8483
4222 4267 8475
4194 4210 8391
4148 4176 8323
4257 4299 8541
4219 4226 8411
4201 4298 8481
4128 4141 8252
4297 4298 8573
4271 4273 8539
4269 4289 8544
4192 4233 8405
4276 4291 8531
4116 4184 8284
4279 4281 8548
4121 4273 8383
4175 4283 8453
4212 4293 8469
4179 4270 8410
4145 4267 8376
4214 4229 8440
4215 4228 8409
4147 4261 8385
4167 4211 8365
4235 4300 8495
4193 4197 8367
4136 4195 8320
4105 4179 8274
4156 4262 8414
4232 4295 8504
4162 4240 8370
4125 4135 8226
4260 4290 8532
4276 4295 8549
4170 4198 8359
4105 4162 8228
4260 4289 8533
4272 4300 8560
4125 4281 8401
4135 4189 8298
4178 4280 8440
4241 4246 8485
4299 4300 8575
4268 4285 8522
4138 4208 8336
4196 4293 8476
4112 4180 8269
4136 4267 8371
4155 4201 8332
4157 4290 8421
4185 4232 8406
4227 4232 8448
4181 4241 8407
4132 4215 8315
4275 4292 8540
4278 4280 8539
4257 4269 8488
4220 4234 8421
4264 4286 8519
4256 4293 8532
4129 4296 8404
4231 4287 8495
4170 4277 8414
4266 4273 8509
4257 4269 8511
4244 4275 8514
4149 4259 8375
4165 4180 8328
4285 4291 8564
4268 4285 8524
4215 4234 8423
4299 4300 8581
4228 4298 8515
4289 4292 8542
4186 4293 8474
4284 4292 8551
4213 4236 8428
4225 4273 8475
4237 4249 8472
4170 4204 8363
4240 4292 8514
4250 4255 8486
4263 4269 8529
4239 4258 8463
4111 4273 8346
4214 4265 8466
4197 4201 8388
4230 4252 8458
4182 4219 8375
4265 4289 8517
4213 4248 8427
4143 4274 8383
4136 4218 8319
4193 4207 8383
4291 4296 8549
4247 4298 8523
4115 4231 8333
4109 4206 8289
4211 4279 8463
4128 4172 8285
4262 4279 8531
4137 4177 8309
4295 4299 8554
4133 4251 8366
4113 4271 8371
4121 4238 8328
4179 4288 8431
4249 4289 8503
4133 4230 8341
4253 4255 8482
4271 4273 8528
4184 4202 8378
4117 4147 8234
4221 4245 8432
4268 4287 8530
4182 4273 8454
4148 4151 8278
4108 4270 8341
4225 4275 8481
4207 4228 8403
4296 4299 8559
4297 4298 8557
4255 4271 8512
4127 4202 8320
4239 4265 8483
4133 4238 8370
4171 4258 8425
4188 4211 8383
4160 4280 8426
4247 4282 8500
4124 4198 8316
4257 4271 8488
4181 4231 8408
4110 4182 8267
4230 4246 8454
4196 4292 8474
4279 4295 8543
4264 4280 8541
4277 4297 8535
4106 4172 8246
4121 4133 8236
4103 4159 8260
4228 4262 8462
4290 4297 8574
4121 4260 8366
4124 4212 8327
4176 4272 8436
4119 4141 8233
4259 4292 8542
4103 4265 8356
4104 4212 8312
4114 4203 8298
4200 4213 8408
4269 4299 8540
4287 4292 8577
4200 4246 8442
4127 4210 8335
4146 4217 8344
4133 4213 8318
4256 4293 8533
4266 4292 8534
4290 4295 8554
4241 4249 8469
4216 4221 8412
4259 4287 8523
4228 4274 8490
4115 4193 8276
4265 4272 8509
4247 4289 8511
4134 4190 8302
4200 4213 8379
4264 4266 8496
4202 4215 8388
4103 4233 8333
4263 4280 8542
4215 4235 8437
4165 4226 8386
4169 4221 8379
4283 4291 8535
4179 4192 8340
4214 4283 8476
4221 4242 8435
4217 4261 8455
4135 4173 8307
4238 4245 8482
4228 4296 8502
4220 4295 8510
4153 4193 8323
4119 4131 8221
4298 4300 8576
4262 4286 8527
4236 4250 8482
4119 4205 8313
4262 4289 8520
4233 4262 8458
4167 4271 8430
4175 4249 8414
4273 4287 8558
4118 4209 8291
4235 4271 8502
4217 4257 8440
4172 4226 8379
4157 4232 8375
4267 4291 8533
4257 4262 8496
4157 4215 8359
4197 4243 8408
4231 4233 8435
4273 4288 8540
4226 4239 8427
4206 4252 8443
4258 4291 8531
4235 4262 8489
4135 4175 8303
4252 4270 8488
4269 4276 8511
4234 4285 8486
4277 4286 8527
4254 4286 8538
4211 4289 8481
4161 4248 8385
4164 4250 8402
4248 4257 8490
4127 4232 8352
4248 4271 8491
4275 4288 8542
4261 4287 8540
4203 4255 8457
4139 4264 8396
4230 4236 8434
4111 4136 8218
4211 4287 8481
4236 4238 8439
4112 4189 8268
4139 4280 8412
4218 4226 8406
4196 4202 8379
4145 4258 8376
4224 4240 8441
4267 4293 8547
4181 4258 8415
4153 4256 8390
4248 4288 8531
4283 4296 8573
4147 4244 8366
4285 4294 8553
4130 4269 8378
4133 4146 8240
4155 4214 8346
4210 4258 8437
4278 4294 8550
4229 4258 8485
4195 4260 8420
4192 4253 8444
4154 4192 8309
4114 4290 8365
4260 4262 8487
4234 4270 8494
4235 4249 8472
4118 4259 8353
4117 4119 8213
4299 4300 8561
4135 4265 8398
4185 4286 8434
4194 4220 8394
4107 4240 8330
4194 4228 8399
4189 4245 8399
4123 4284 8373
4283 4287 8562
4239 4285 8508
4259 4290 8536
4136 4268 8373
4133 4206 8317
4129 4206 8327
4278 4300 8543
4197 4298 8476
4287 4297 8565
4210 4280 8457
4190 4223 8408
4146 4228 8370
4146 4276 8420
4195 4242 8436
4264 4267 8526
4223 4260 8456
4270 4291 8528
4276 4291 8549
4125 4264 8381
4213 4298 8479
4201 4217 8404
4157 4158 8280
4240 4291 8518
4174 4210 8350
4281 4295 8550
4101 4216 8289
4228 4250 8456
4225 4280 8469
4173 4206 8366
4155 4270 8418
4222 4263 8456
4272 4292 8557
4131 4199 8294
4275 4288 8529
4198 4233 8429
4132 4284 8398
4237 4254 8459
4226 4267 8472
4172 4255 8394
4299 4300 8598
4198 4249 8437
4220 4299 8481
4289 4296 8571
4168 4198 8353
4124 4211 8315
4101 4133 8220
4268 4292 8541
4275 4279 8522
4295 4298 8589
4214 4265 8443
4175 4215 8379
4233 4268 8491
4225 4279 8472
4243 4284 8499
4193 4267 8437
4270 4273 8516
4286 4288 8535
4122 4283 8390
4229 4250 8458
4242 4288 8518
4215 4251 8449
4173 4201 8339
4250 4254 8497
4273 4296 8566
4121 4230 8328
4266 4298 8535
4189 4197 8366
4135 4249 8355
4267 4299 8534
4234 4264 8492
4253 4272 8509
4291 4299 8568
4216 4247 8434
4161 4217 8349
4157 4207 8327
4186 4283 8434
4114 4209 8311
4173 4269 8440
4128 4195 8288
4143 4205 8317
4201 4270 8458
4241 4295 8517
4224 4294 8495
4297 4298 8585
4187 4296 8445
4131 4197 8307
4232 4236 8455
4157 4240 8361
4131 4278 8378
4180 4288 8449
4123 4201 8288
4205 4271 8465
4223 4246 8434
4120 4299 8407
4212 4248 8428
4280 4284 8536
4261 4297 8533
4118 4139 8227
4183 4248 8418
4298 4300 8596
4174 4230 8384
4233 4240 8468
4144 4275 8381
4207 4230 8410
4111 4241 8314
4200 4255 8439
4107 4118 8186
4283 4293 8551
4203 4208 8373
4210 4237 8414
4197 4240 8418
4149 4166 8307
4101 4237 8314
4229 4237 8428
4153 4239 8382
4261 4274 8527
4149 4267 8388
4215 4260 8438
4213 4251 8431
4283 4297 8550
4177 4295 8470
4166 4201 8335
4167 4288 8430

0.010000 0.420000
