900
4323202
4020 4120 8140
4136 4158 8294
4192 4200 8392
4115 4190 8305
4116 4158 8274
4068 4070 8138
4058 4111 8169
4015 4182 8197
4176 4193 8369
4192 4193 8385
4062 4154 8216
4006 4066 8072
4089 4140 8229
4123 4149 8272
4011 4172 8183
4013 4049 8062
4029 4161 8190
4157 4160 8317
4143 4196 8339
4022 4107 8129
4001 4136 8137
4074 4077 8151
4032 4163 8195
4150 4168 8318
4122 4162 8284
4174 4198 8372
4058 4130 8188
4079 4162 8241
4089 4110 8199
4017 4149 8166
4057 4179 8236
4008 4093 8101
4048 4077 8125
4174 4194 8368
4081 4171 8252
4169 4191 8360
4127 4158 8285
4007 4126 8133
4139 4140 8279
4052 4074 8126
4179 4200 8379
4003 4085 8088
4178 4187 8365
4177 4183 8360
4192 4198 8390
4043 4175 8218
4038 4129 8167
4073 4085 8158
4141 4193 8334
4081 4086 8167
4064 4153 8217
4101 4200 8301
4073 4127 8200
4003 4009 8012
4071 4192 8263
4016 4122 8138
4101 4172 8273
4191 4196 8387
4001 4088 8089
4107 4123 8230
4105 4183 8288
4151 4161 8312
4029 4158 8187
4184 4190 8374
4186 4199 8385
4126 4195 8321
4080 4132 8212
4168 4198 8366
4187 4199 8386
4060 4084 8144
4021 4052 8073
4089 4095 8184
4178 4187 8365
4007 4190 8197
4178 4199 8377
4011 4032 8043
4022 4096 8118
4124 4131 8255
4088 4190 8278
4146 4170 8316
4119 4187 8306
4021 4099 8120
4066 4116 8182
4010 4096 8106
4094 4128 8222
4186 4187 8373
4058 4199 8257
4062 4150 8212
4095 4187 8282
4053 4172 8225
4192 4199 8391
4097 4143 8240
4155 4156 8311
4120 4142 8262
4155 4161 8316
4137 4172 8309
4065 4180 8245
4034 4046 8080
4004 4177 8181
4048 4079 8127
4199 4200 8399
4123 4168 8291
4159 4199 8358
4053 4164 8217
4077 4191 8268
4157 4171 8328
4037 4133 8170
4147 4158 8305
4179 4192 8371
4140 4145 8285
4096 4167 8263
4105 4118 8223
4083 4196 8279
4143 4200 8343
4062 4165 8227
4067 4094 8161
4096 4144 8240
4191 4195 8386
4017 4081 8098
4038 4183 8221
4016 4190 8206
4056 4150 8206
4149 4183 8332
4122 4134 8256
4120 4140 8260
4158 4199 8357
4027 4084 8111
4011 4071 8082
4095 4104 8199
4025 4081 8106
4157 4189 8346
4176 4182 8358
4029 4112 8141
4061 4172 8233
4114 4118 8232
4089 4144 8233
4124 4131 8255
4091 4118 8209
4083 4106 8189
4058 4095 8153
4086 4091 8177
4173 4180 8353
4102 4187 8289
4165 4173 8338
4064 4171 8235
4041 4166 8207
4043 4092 8135
4056 4082 8138
4143 4172 8315
4155 4165 8320
4013 4122 8135
4147 4152 8299
4018 4051 8069
4152 4193 8345
4010 4120 8130
4085 4093 8178
4040 4146 8186
4032 4192 8224
4134 4199 8333
4031 4178 8209
4026 4188 8214
4123 4199 8322
4059 4075 8134
4153 4158 8311
4171 4186 8357
4184 4199 8383
4013 4129 8142
4156 4193 8349
4046 4145 8191
4075 4112 8187
4165 4196 8361
4048 4085 8133
4032 4164 8196
4045 4055 8100
4115 4135 8250
4063 4154 8217
4104 4179 8283
4065 4178 8243
4025 4069 8094
4026 4171 8197
4123 4171 8294
4156 4157 8313
4173 4193 8366
4171 4178 8349
4068 4120 8188
4085 4096 8181
4166 4189 8355
4091 4137 8228
4082 4140 8222
4117 4186 8303
4138 4140 8278
4141 4197 8338
4059 4181 8240
4073 4099 8172
4087 4112 8199
4010 4082 8092
4010 4196 8206
4174 4182 8356
4024 4103 8127
4095 4108 8203
4149 4163 8312
4196 4198 8394
4114 4184 8298
4052 4160 8212
4001 4157 8158
4054 4103 8157
4182 4197 8379
4079 4143 8222
4057 4086 8143
4121 4192 8313
4145 4176 8321
4025 4139 8164
4091 4093 8184
4180 4182 8362
4033 4046 8079
4079 4112 8191
4109 4185 8294
4087 4089 8176
4162 4170 8332
4107 4195 8302
4112 4157 8269
4199 4200 8399
4138 4162 8300
4196 4198 8394
4170 4186 8356
4009 4014 8023
4168 4193 8361
4044 4136 8180
4098 4198 8296
4021 4164 8185
4083 4138 8221
4097 4117 8214
4015 4171 8186
4101 4119 8220
4186 4187 8373
4039 4173 8212
4169 4189 8358
4071 4166 8237
4119 4152 8271
4148 4179 8327
4020 4198 8218
4008 4057 8065
4121 4197 8318
4068 4093 8161
4025 4155 8180
4121 4126 8247
4098 4116 8214
4150 4193 8343
4198 4200 8398
4118 4194 8312
4061 4067 8128
4070 4145 8215
4152 4194 8346
4069 4155 8224
4131 4162 8293
4037 4196 8233
4079 4120 8199
4124 4189 8313
4183 4190 8373
4055 4187 8242
4179 4195 8374
4055 4069 8124
4095 4106 8201
4067 4081 8148
4173 4184 8357
4160 4187 8347
4053 4190 8243
4008 4179 8187
4176 4198 8374
4008 4160 8168
4111 4133 8244
4014 4030 8044
4104 4185 8289
4045 4106 8151
4131 4133 8264
4100 4193 8293
4035 4101 8136
4181 4195 8376
4007 4022 8029
4048 4126 8174
4199 4200 8399
4026 4070 8096
4079 4184 8263
4012 4188 8200
4123 4177 8300
4191 4192 8383
4191 4196 8387
4151 4167 8318
4018 4057 8075
4170 4183 8353
4066 4096 8162
4002 4067 8069
4124 4158 8282
4146 4174 8320
4035 4068 8103
4061 4107 8168
4095 4117 8212
4100 4175 8275
4012 4163 8175
4128 4179 8307
4021 4036 8057
4081 4190 8271
4013 4108 8121
4143 4192 8335
4031 4123 8154
4082 4102 8184
4167 4182 8349
4168 4192 8360
4090 4179 8269
4198 4200 8398
4104 4160 8264
4087 4171 8258
4128 4154 8282
4116 4130 8246
4152 4167 8319
4132 4171 8303
4105 4147 8252
4037 4047 8084
4189 4193 8382
4011 4112 8123
4098 4114 8212
4020 4141 8161
4108 4152 8260
4181 4183 8364
4102 4167 8269
4176 4177 8353
4016 4118 8134
4150 4177 8327
4132 4183 8315
4137 4179 8316
4006 4064 8070
4063 4144 8207
4033 4040 8073
4050 4079 8129
4017 4181 8198
4044 4188 8232
4167 4191 8358
4118 4195 8313
4012 4089 8101
4081 4088 8169
4053 4124 8177
4190 4198 8388
4038 4121 8159
4161 4188 8349
4104 4126 8230
4018 4158 8176
4041 4157 8198
4063 4179 8242
4042 4137 8179
4087 4195 8282
4037 4065 8102
4169 4199 8368
4040 4066 8106
4072 4163 8235
4178 4186 8364
4121 4154 8275
4074 4115 8189
4192 4197 8389
4053 4180 8233
4086 4191 8277
4014 4180 8194
4015 4128 8143
4172 4179 8351
4044 4131 8175
4069 4128 8197
4051 4057 8108
4052 4084 8136
4016 4194 8210
4057 4086 8143
4081 4151 8232
4130 4148 8278
4150 4194 8344
4086 4119 8205
4012 4138 8150
4088 4181 8269
4182 4186 8368
4032 4187 8219
4086 4159 8245
4185 4191 8376
4100 4190 8290
4069 4127 8196
4061 4115 8176
4048 4160 8208
4128 4145 8273
4180 4192 8372
4016 4056 8072
4006 4035 8041
4078 4154 8232
4030 4081 8111
4058 4161 8219
4130 4154 8284
4071 4168 8239
4147 4184 8331
4166 4182 8348
4125 4144 8269
4167 4187 8354
4110 4141 8251
4020 4129 8149
4149 4150 8299
4064 4191 8255
4189 4190 8379
4155 4166 8321
4177 4192 8369
4016 4190 8206
4075 4193 8268
4160 4190 8350
4110 4184 8294
4175 4197 8372
4057 4108 8165
4030 4191 8221
4081 4143 8224
4140 4182 8322
4187 4194 8381
4087 4095 8182
4005 4027 8032
4104 4182 8286
4094 4190 8284
4162 4182 8344
4039 4175 8214
4179 4195 8374
4186 4194 8380
4038 4165 8203
4167 4168 8335
4022 4170 8192
4084 4132 8216
4078 4125 8203
4041 4086 8127
4129 4195 8324
4007 4014 8021
4109 4113 8222
4076 4118 8194
4183 4200 8383
4163 4166 8329
4116 4176 8292
4026 4185 8211
4023 4071 8094
4070 4161 8231
4138 4166 8304
4160 4190 8350
4084 4166 8250
4168 4197 8365
4020 4171 8191
4112 4184 8296
4079 4130 8209
4021 4177 8198
4165 4190 8355
4092 4158 8250
4099 4131 8230
4006 4080 8086
4184 4190 8374
4109 4194 8303
4081 4116 8197
4160 4171 8331
4140 4144 8284
4125 4187 8312
4142 4170 8312
4153 4166 8319
4031 4120 8151
4144 4167 8311
4090 4131 8221
4167 4196 8363
4070 4135 8205
4169 4176 8345
4115 4161 8276
4026 4141 8167
4028 4187 8215
4004 4095 8099
4074 4182 8256
4012 4056 8068
4058 4065 8123
4063 4070 8133
4164 4186 8350
4104 4148 8252
4047 4089 8136
4014 4177 8191
4108 4170 8278
4161 4182 8343
4039 4196 8235
4134 4156 8290
4094 4159 8253
4083 4134 8217
4073 4180 8253
4137 4189 8326
4039 4091 8130
4190 4199 8389
4180 4196 8376
4163 4198 8361
4109 4138 8247
4098 4122 8220
4065 4151 8216
4147 4159 8306
4177 4189 8366
4021 4097 8118
4167 4182 8349
4005 4157 8162
4180 4189 8369
4036 4169 8205
4180 4196 8376
4023 4145 8168
4177 4192 8369
4144 4170 8314
4104 4193 8297
4082 4083 8165
4023 4101 8124
4144 4194 8338
4126 4147 8273
4075 4199 8274
4123 4178 8301
4087 4163 8250
4126 4168 8294
4090 4152 8242
4156 4159 8315
4039 4171 8210
4148 4172 8320
4162 4197 8359
4110 4197 8307
4045 4098 8143
4078 4095 8173
4177 4191 8368
4155 4185 8340
4070 4198 8268
4141 4172 8313
4017 4122 8139
4183 4184 8367
4138 4148 8286
4137 4178 8315
4127 4164 8291
4187 4194 8381
4191 4196 8387
4154 4173 8327
4083 4183 8266
4102 4181 8283
4129 4161 8290
4036 4048 8084
4050 4158 8208
4151 4194 8345
4079 4189 8268
4099 4107 8206
4104 4108 8212
4181 4194 8375
4081 4088 8169
4112 4177 8289
4120 4159 8279
4162 4182 8344
4096 4181 8277
4051 4114 8165
4144 4186 8330
4182 4200 8382
4189 4197 8386
4066 4180 8246
4104 4185 8289
4129 4165 8294
4134 4143 8277
4009 4081 8090
4002 4033 8035
4132 4193 8325
4174 4194 8368
4154 4166 8320
4048 4141 8189
4056 4197 8253
4140 4175 8315
4151 4176 8327
4137 4156 8293
4054 4089 8143
4030 4171 8201
4118 4177 8295
4133 4186 8319
4017 4187 8204
4014 4136 8150
4029 4072 8101
4164 4189 8353
4074 4096 8170
4045 4152 8197
4030 4107 8137
4025 4105 8130
4043 4172 8215
4191 4192 8383
4149 4171 8320
4027 4086 8113
4038 4143 8181
4150 4167 8317
4144 4197 8341
4110 4198 8308
4191 4198 8389
4066 4142 8208
4046 4144 8190
4111 4183 8294
4047 4112 8159
4049 4150 8199
4140 4167 8307
4119 4125 8244
4058 4142 8200
4075 4178 8253
4068 4159 8227
4025 4096 8121
4068 4172 8240
4169 4180 8349
4126 4142 8268
4006 4085 8091
4176 4179 8355
4197 4198 8395
4172 4189 8361
4167 4176 8343
4057 4058 8115
4116 4121 8237
4185 4187 8372
4172 4175 8347
4077 4165 8242
4003 4137 8140
4130 4169 8299
4180 4187 8367
4199 4200 8399
4112 4166 8278
4024 4144 8168
4006 4120 8126
4020 4127 8147
4154 4162 8316
4053 4200 8253
4167 4196 8363
4152 4158 8310
4179 4191 8370
4181 4184 8365
4124 4192 8316
4146 4196 8342
4196 4200 8396
4055 4135 8190
4137 4186 8323
4078 4168 8246
4032 4170 8202
4141 4144 8285
4074 4192 8266
4130 4189 8319
4188 4195 8383
4072 4172 8244
4050 4073 8123
4187 4196 8383
4054 4141 8195
4056 4189 8245
4065 4090 8155
4192 4195 8387
4126 4145 8271
4074 4177 8251
4186 4200 8386
4016 4103 8119
4058 4198 8256
4059 4088 8147
4133 4174 8307
4008 4177 8185
4030 4044 8074
4020 4181 8201
4114 4144 8258
4000 4142 8142
4139 4175 8314
4015 4054 8069
4023 4113 8136
4055 4117 8172
4118 4184 8302
4090 4170 8260
4187 4196 8383
4020 4174 8194
4195 4196 8391
4049 4163 8212
4019 4051 8070
4095 4129 8224
4091 4139 8230
4065 4164 8229
4067 4176 8243
4183 4198 8381
4019 4131 8150
4058 4128 8186
4049 4071 8120
4030 4105 8135
4062 4162 8224
4021 4042 8063
4118 4135 8253
4138 4157 8295
4198 4200 8398
4039 4176 8215
4037 4106 8143
4133 4155 8288
4038 4191 8229
4061 4195 8256
4017 4047 8064
4015 4184 8199
4034 4110 8144
4144 4147 8291
4041 4082 8123
4034 4151 8185
4002 4175 8177
4171 4183 8354
4038 4149 8187
4191 4198 8389
4068 4107 8175
4147 4157 8304
4152 4180 8332
4008 4033 8041
4121 4123 8244
4079 4126 8205
4125 4185 8310
4134 4183 8317
4027 4137 8164
4057 4191 8248
4130 4176 8306
4148 4154 8302
4093 4193 8286
4099 4102 8201
4135 4174 8309
4148 4186 8334
4170 4179 8349
4029 4038 8067
4101 4172 8273
4152 4159 8311
4097 4127 8224
4183 4191 8374
4027 4130 8157
4012 4061 8073
4096 4177 8273
4050 4145 8195
4073 4142 8215
4051 4071 8122
4016 4094 8110
4156 4164 8320
4011 4167 8178
4191 4197 8388
4186 4200 8386
4004 4097 8101
4025 4177 8202
4117 4157 8274
4176 4193 8369
4162 4196 8358
4085 4176 8261
4024 4042 8066
4157 4168 8325
4116 4155 8271
4127 4185 8312
4188 4197 8385
4177 4189 8366
4092 4168 8260
4045 4127 8172
4127 4176 8303
4007 4177 8184
4070 4159 8229
4046 4088 8134
4140 4197 8337
4176 4182 8358
4145 4158 8303
4048 4117 8165
4080 4101 8181
4021 4124 8145
4052 4159 8211
4151 4184 8335
4153 4200 8353
4144 4156 8300
4092 4152 8244
4008 4082 8090
4051 4161 8212
4012 4191 8203
4130 4153 8283
4127 4189 8316
4053 4156 8209
4190 4195 8385
4091 4163 8254
4029 4113 8142
4004 4021 8025
4187 4191 8378
4042 4192 8234
4021 4057 8078
4174 4191 8365
4018 4092 8110
4145 4152 8297
4016 4187 8203
4154 4180 8334
4100 4128 8228
4009 4169 8178
4191 4192 8383
4151 4176 8327
4187 4194 8381
4037 4192 8229
4136 4165 8301
4034 4126 8160
4129 4169 8298
4014 4017 8031
4180 4196 8376
4004 4173 8177
4178 4192 8370
4051 4088 8139
4056 4142 8198
4132 4165 8297
4171 4177 8348
4143 4162 8305
4113 4149 8262
4097 4100 8197
4116 4120 8236
4064 4110 8174
4188 4190 8378
4058 4109 8167
4051 4124 8175
4053 4170 8223
4134 4200 8334
4178 4192 8370
4034 4175 8209
4056 4180 8236
4065 4140 8205
4078 4131 8209
4011 4128 8139
4133 4183 8316
4064 4149 8213
4025 4106 8131
4050 4154 8204
4034 4080 8114
4036 4063 8099
4091 4113 8204
4003 4151 8154
4136 4179 8315
4031 4100 8131
4053 4148 8201
4189 4193 8382
4160 4165 8325
4064 4126 8190
4097 4167 8264
4183 4192 8375
4034 4078 8112
4143 4194 8337
4112 4183 8295
4081 4175 8256
4034 4088 8122
4051 4104 8155
4003 4059 8062
4045 4127 8172
4036 4147 8183
4121 4141 8262
4119 4151 8270
4151 4190 8341
4050 4053 8103
4063 4184 8247
4107 4169 8276
4018 4116 8134
4004 4153 8157
4025 4180 8205
4115 4145 8260
4069 4094 8163
4072 4155 8227
4011 4140 8151
4066 4156 8222
4124 4130 8254
4194 4195 8389
4144 4178 8322
4060 4144 8204
4027 4119 8146
4141 4174 8315
4130 4176 8306
4075 4124 8199
4096 4120 8216
4035 4139 8174
4049 4172 8221
4043 4137 8180
4095 4180 8275
4018 4108 8126
4057 4191 8248
4119 4123 8242
4099 4138 8237
4055 4103 8158
4078 4176 8254
4133 4137 8270
4075 4160 8235
4144 4196 8340
4067 4130 8197
4120 4155 8275
4002 4055 8057
4157 4167 8324
4075 4148 8223
4125 4160 8285
4187 4190 8377
4175 4191 8366
4078 4197 8275
4009 4182 8191
4197 4199 8396
4172 4186 8358
4199 4200 8399
4136 4183 8319
4154 4185 8339
4137 4173 8310
4005 4150 8155
4089 4189 8278
4085 4155 8240
4049 4128 8177
4064 4187 8251
4017 4167 8184
4172 4175 8347
4150 4188 8338
4166 4172 8338
4021 4142 8163
4164 4197 8361
4046 4098 8144
4166 4168 8334
4141 4193 8334
4188 4194 8382
4008 4086 8094
4187 4192 8379
4126 4184 8310

4120 4220 8321
4236 4258 8491
4292 4300 8590
4215 4290 8470
4216 4258 8473
4168 4170 8314
4158 4211 8353
4115 4282 8385
4276 4293 8544
4292 4293 8556
4162 4254 8411
4106 4166 8258
4189 4240 8424
4223 4249 8453
4111 4272 8377
4113 4149 8244
4129 4261 8388
4257 4260 8516
4243 4296 8536
4122 4207 8313
4101 4236 8306
4174 4177 8319
4132 4263 8383
4250 4268 8504
4222 4262 8451
4274 4298 8539
4158 4230 8387
4179 4262 8424
4189 4210 8385
4117 4249 8336
4157 4279 8415
4108 4193 8295
4148 4177 8292
4274 4294 8540
4181 4271 8416
4269 4291 8531
4227 4258 8478
4107 4226 8328
4239 4240 8451
4152 4174 8316
4279 4300 8551
4103 4185 8267
4278 4287 8562
4277 4283 8543
4292 4298 8552
4143 4275 8382
4138 4229 8335
4173 4185 8328
4241 4293 8496
4181 4186 8332
4164 4253 8412
4201 4300 8461
4173 4227 8396
4103 4109 8202
4171 4292 8458
4116 4222 8310
4201 4272 8443
4291 4296 8581
4101 4188 8287
4207 4223 8398
4205 4283 8470
4251 4261 8507
4129 4258 8352
4284 4290 8570
4286 4299 8584
4226 4295 8512
4180 4232 8405
4268 4298 8547
4287 4299 8549
4160 4184 8323
4121 4152 8240
4189 4195 8371
4278 4287 8544
4107 4290 8362
4278 4299 8562
4111 4132 8217
4122 4196 8286
4224 4231 8434
4188 4290 8464
4246 4270 8506
4219 4287 8499
4121 4199 8306
4166 4216 8366
4110 4196 8269
4194 4228 8403
4286 4287 8533
4158 4299 8446
4162 4250 8386
4195 4287 8460
4153 4272 8422
4292 4299 8590
4197 4243 8438
4255 4256 8488
4220 4242 8441
4255 4261 8515
4237 4272 8485
4165 4280 8434
4134 4146 8247
4104 4277 8356
4148 4179 8290
4299 4300 8594
4223 4268 8461
4259 4299 8541
4153 4264 8400
4177 4291 8443
4257 4271 8515
4137 4233 8344
4247 4258 8484
4279 4292 8552
4240 4245 8448
4196 4267 8437
4205 4218 8413
4183 4296 8450
4243 4300 8508
4162 4265 8416
4167 4194 8322
4196 4244 8415
4291 4295 8548
4117 4181 8269
4138 4283 8400
4116 4290 8401
4156 4250 8390
4249 4283 8516
4222 4234 8437
4220 4240 8425
4258 4299 8517
4127 4184 8286
4111 4171 8257
4195 4204 8390
4125 4181 8276
4257 4289 8520
4276 4282 8520
4129 4212 8311
4161 4272 8396
4214 4218 8421
4189 4244 8415
4224 4231 8439
4191 4218 8371
4183 4206 8357
4158 4195 8340
4186 4191 8338
4273 4280 8532
4202 4287 8484
4265 4273 8530
4164 4271 8399
4141 4266 8375
4143 4192 8329
4156 4182 8320
4243 4272 8509
4255 4265 8484
4113 4222 8303
4247 4252 8498
4118 4151 8257
4252 4293 8541
4110 4220 8308
4185 4193 8365
4140 4246 8347
4132 4292 8399
4234 4299 8531
4131 4278 8375
4126 4288 8413
4223 4299 8511
4159 4175 8298
4253 4258 8498
4271 4286 8552
4284 4299 8553
4113 4229 8309
4256 4293 8527
4146 4245 8355
4175 4212 8384
4265 4296 8552
4148 4185 8323
4132 4264 8364
4145 4155 8271
4215 4235 8414
4163 4254 8388
4204 4279 8452
4165 4278 8427
4125 4169 8265
4126 4271 8358
4223 4271 8488
4256 4257 8484
4273 4293 8552
4271 4278 8543
4168 4220 8385
4185 4196 8366
4266 4289 8516
4191 4237 8422
4182 4240 8407
4217 4286 8487
4238 4240 8463
4241 4297 8514
4159 4281 8415
4173 4199 8371
4187 4212 8379
4110 4182 8260
4110 4296 8385
4274 4282 8546
4124 4203 8309
4195 4208 8381
4249 4263 8510
4296 4298 8579
4214 4284 8492
4152 4260 8379
4101 4257 8326
4154 4203 8332
4282 4297 8561
4179 4243 8396
4157 4186 8338
4221 4292 8495
4245 4276 8482
4125 4239 8344
4191 4193 8383
4280 4282 8556
4133 4146 8249
4179 4212 8389
4209 4285 8493
4187 4189 8340
4262 4270 8508
4207 4295 8492
4212 4257 8462
4299 4300 8594
4238 4262 8476
4296 4298 8566
4270 4286 8525
4109 4114 8193
4268 4293 8548
4144 4236 8358
4198 4298 8467
4121 4264 8354
4183 4238 8419
4197 4217 8388
4115 4271 8374
4201 4219 8383
4286 4287 8544
4139 4273 8392
4269 4289 8554
4171 4266 8421
4219 4252 8440
4248 4279 8506
4120 4298 8412
4108 4157 8263
4221 4297 8486
4168 4193 8347
4125 4255 8377
4221 4226 8438
4198 4216 8391
4250 4293 8528
4298 4300 8582
4218 4294 8480
4161 4167 8300
4170 4245 8377
4252 4294 8532
4169 4255 8413
4231 4262 8457
4137 4296 8417
4179 4220 8370
4224 4289 8501
4283 4290 8569
4155 4287 8426
4279 4295 8555
4155 4169 8314
4195 4206 8378
4167 4181 8336
4273 4284 8555
4260 4287 8530
4153 4290 8423
4108 4279 8362
4276 4298 8548
4108 4260 8350
4211 4233 8417
4114 4130 8243
4204 4285 8461
4145 4206 8312
4231 4233 8449
4200 4293 8458
4135 4201 8329
4281 4295 8554
4107 4122 8213
4148 4226 8359
4299 4300 8566
4126 4170 8292
4179 4284 8462
4112 4288 8380
4223 4277 8480
4291 4292 8549
4291 4296 8584
4251 4267 8508
4118 4157 8263
4270 4283 8537
4166 4196 8336
4102 4167 8263
4224 4258 8467
4246 4274 8490
4135 4168 8274
4161 4207 8353
4195 4217 8384
4200 4275 8448
4112 4263 8372
4228 4279 8493
4121 4136 8233
4181 4290 8456
4113 4208 8284
4243 4292 8512
4131 4223 8338
4182 4202 8373
4267 4282 8516
4268 4292 8558
4190 4279 8432
4298 4300 8586
4204 4260 8450
4187 4271 8455
4228 4254 8478
4216 4230 8431
4252 4267 8487
4232 4271 8485
4205 4247 8436
4137 4147 8265
4289 4293 8545
4111 4212 8322
4198 4214 8373
4120 4241 8357
4208 4252 8433
4281 4283 8532
4202 4267 8450
4276 4277 8521
4116 4218 8304
4250 4277 8519
4232 4283 8490
4237 4279 8504
4106 4164 8251
4163 4244 8398
4133 4140 8262
4150 4179 8291
4117 4281 8380
4144 4288 8393
4267 4291 8542
4218 4295 8499
4112 4189 8281
4181 4188 8344
4153 4224 8365
4290 4298 8585
4138 4221 8351
4261 4288 8529
4204 4226 8390
4118 4258 8369
4141 4257 8369
4163 4279 8430
4142 4237 8355
4187 4295 8447
4137 4165 8297
4269 4299 8545
4140 4166 8278
4172 4263 8425
4278 4286 8545
4221 4254 8467
4174 4215 8374
4292 4297 8574
4153 4280 8405
4186 4291 8455
4114 4280 8371
4115 4228 8307
4272 4279 8520
4144 4231 8369
4169 4228 8371
4151 4157 8291
4152 4184 8313
4116 4294 8388
4157 4186 8331
4181 4251 8416
4230 4248 8460
4250 4294 8533
4186 4219 8402
4112 4238 8340
4188 4281 8460
4282 4286 8535
4132 4287 8383
4186 4259 8443
4285 4291 8574
4200 4290 8479
4169 4227 8368
4161 4215 8343
4148 4260 8392
4228 4245 8437
4280 4292 8562
4116 4156 8249
4106 4135 8239
4178 4254 8394
4130 4181 8283
4158 4261 8397
4230 4254 8470
4171 4268 8425
4247 4284 8524
4266 4282 8539
4225 4244 8460
4267 4287 8532
4210 4241 8418
4120 4229 8333
4249 4250 8478
4164 4291 8431
4289 4290 8551
4255 4266 8494
4277 4292 8544
4116 4290 8390
4175 4293 8436
4260 4290 8536
4210 4284 8456
4275 4297 8535
4157 4208 8362
4130 4291 8389
4181 4243 8390
4240 4282 8512
4287 4294 8553
4187 4195 8344
4105 4127 8213
4204 4282 8466
4194 4290 8460
4262 4282 8515
4139 4275 8381
4279 4295 8550
4286 4294 8545
4138 4265 8365
4267 4268 8520
4122 4270 8359
4184 4232 8399
4178 4225 8390
4141 4186 8322
4229 4295 8500
4107 4114 8212
4209 4213 8406
4176 4218 8391
4283 4300 8574
4263 4266 8496
4216 4276 8478
4126 4285 8382
4123 4171 8265
4170 4261 8397
4238 4266 8486
4260 4290 8510
4184 4266 8428
4268 4297 8558
4120 4271 8390
4212 4284 8459
4179 4230 8398
4121 4277 8369
4265 4290 8521
4192 4258 8443
4199 4231 8402
4106 4180 8261
4284 4290 8559
4209 4294 8501
4181 4216 8386
4260 4271 8529
4240 4244 8479
4225 4287 8499
4242 4270 8500
4253 4266 8491
4131 4220 8327
4244 4267 8483
4190 4231 8416
4267 4296 8562
4170 4235 8396
4269 4276 8541
4215 4261 8458
4126 4241 8334
4128 4287 8382
4104 4195 8282
4174 4282 8451
4112 4156 8245
4158 4165 8299
4163 4170 8299
4264 4286 8529
4204 4248 8434
4147 4189 8308
4114 4277 8370
4208 4270 8461
4261 4282 8534
4139 4296 8403
4234 4256 8467
4194 4259 8443
4183 4234 8386
4173 4280 8428
4237 4289 8491
4139 4191 8295
4290 4299 8580
4280 4296 8575
4263 4298 8545
4209 4238 8444
4198 4222 8400
4165 4251 8403
4247 4259 8494
4277 4289 8548
4121 4197 8308
4267 4282 8521
4105 4257 8328
4280 4289 8568
4136 4269 8398
4280 4296 8538
4123 4245 8359
4277 4292 8559
4244 4270 8506
4204 4293 8476
4182 4183 8326
4123 4201 8294
4244 4294 8507
4226 4247 8459
4175 4299 8471
4223 4278 8483
4187 4263 8439
4226 4268 8479
4190 4252 8417
4256 4259 8477
4139 4271 8378
4248 4272 8503
4262 4297 8532
4210 4297 8504
4145 4198 8305
4178 4195 8357
4277 4291 8567
4255 4285 8502
4170 4298 8440
4241 4272 8473
4117 4222 8336
4283 4284 8556
4238 4248 8475
4237 4278 8479
4227 4264 8458
4287 4294 8558
4291 4296 8580
4254 4273 8517
4183 4283 8435
4202 4281 8466
4229 4261 8463
4136 4148 8264
4150 4258 8382
4251 4294 8532
4179 4289 8440
4199 4207 8386
4204 4208 8389
4281 4294 8555
4181 4188 8366
4212 4277 8459
4220 4259 8442
4262 4282 8539
4196 4281 8464
4151 4214 8353
4244 4286 8494
4282 4300 8569
4289 4297 8583
4166 4280 8429
4204 4285 8451
4229 4265 8481
4234 4243 8471
4109 4181 8278
4102 4133 8234
4232 4293 8485
4274 4294 8567
4254 4266 8507
4148 4241 8380
4156 4297 8440
4240 4275 8480
4251 4276 8496
4237 4256 8459
4154 4189 8334
4130 4271 8377
4218 4277 8480
4233 4286 8514
4117 4287 8376
4114 4236 8329
4129 4172 8264
4264 4289 8541
4174 4196 8362
4145 4252 8389
4130 4207 8325
4125 4205 8302
4143 4272 8405
4291 4292 8556
4249 4271 8499
4127 4186 8303
4138 4243 8357
4250 4267 8489
4244 4297 8509
4210 4298 8475
4291 4298 8573
4166 4242 8379
4146 4244 8374
4211 4283 8491
4147 4212 8334
4149 4250 8375
4240 4267 8502
4219 4225 8434
4158 4242 8381
4175 4278 8434
4168 4259 8404
4125 4196 8288
4168 4272 8425
4269 4280 8516
4226 4242 8434
4106 4185 8273
4276 4279 8542
4297 4298 8571
4272 4289 8558
4267 4276 8528
4157 4158 8291
4216 4221 8403
4285 4287 8548
4272 4275 8524
4177 4265 8441
4103 4237 8307
4230 4269 8462
4280 4287 8529
4299 4300 8582
4212 4266 8448
4124 4244 8361
4106 4220 8314
4120 4227 8337
4254 4262 8512
4153 4300 8445
4267 4296 8551
4252 4258 8508
4279 4291 8559
4281 4284 8537
4224 4292 8510
4246 4296 8516
4296 4300 8570
4155 4235 8382
4237 4286 8501
4178 4268 8442
4132 4270 8382
4241 4244 8447
4174 4292 8436
4230 4289 8495
4288 4295 8580
4172 4272 8422
4150 4173 8288
4287 4296 8575
4154 4241 8361
4156 4289 8407
4165 4190 8342
4292 4295 8557
4226 4245 8459
4174 4277 8423
4286 4300 8555
4116 4203 8288
4158 4298 8440
4159 4188 8331
4233 4274 8501
4108 4277 8363
4130 4144 8243
4120 4281 8384
4214 4244 8450
4100 4242 8327
4239 4275 8513
4115 4154 8259
4123 4213 8329
4155 4217 8367
4218 4284 8497
4190 4270 8458
4287 4296 8569
4120 4274 8393
4295 4296 8566
4149 4263 8387
4119 4151 8242
4195 4229 8419
4191 4239 8397
4165 4264 8421
4167 4276 8423
4283 4298 8559
4119 4231 8344
4158 4228 8347
4149 4171 8296
4130 4205 8330
4162 4262 8414
4121 4142 8234
4218 4235 8421
4238 4257 8463
4298 4300 8569
4139 4276 8408
4137 4206 8315
4233 4255 8471
4138 4291 8416
4161 4295 8418
4117 4147 8256
4115 4284 8384
4134 4210 8321
4244 4247 8459
4141 4182 8307
4134 4251 8354
4102 4275 8371
4271 4283 8540
4138 4249 8357
4291 4298 8569
4168 4207 8349
4247 4257 8501
4252 4280 8519
4108 4133 8206
4221 4223 8413
4179 4226 8382
4225 4285 8472
4234 4283 8497
4127 4237 8357
4157 4291 8442
4230 4276 8483
4248 4254 8496
4193 4293 8476
4199 4202 8379
4235 4274 8507
4248 4286 8510
4270 4279 8516
4129 4138 8240
4201 4272 8450
4252 4259 8476
4197 4227 8410
4283 4291 8569
4127 4230 8343
4112 4161 8238
4196 4277 8469
4150 4245 8383
4173 4242 8405
4151 4171 8285
4116 4194 8290
4256 4264 8491
4111 4267 8344
4291 4297 8559
4286 4300 8567
4104 4197 8282
4125 4277 8376
4217 4257 8471
4276 4293 8545
4262 4296 8552
4185 4276 8453
4124 4142 8236
4257 4268 8487
4216 4255 8435
4227 4285 8485
4288 4297 8560
4277 4289 8558
4192 4268 8435
4145 4227 8343
4227 4276 8476
4107 4277 8346
4170 4259 8403
4146 4188 8302
4240 4297 8511
4276 4282 8547
4245 4258 8494
4148 4217 8328
4180 4201 8350
4121 4224 8316
4152 4259 8380
4251 4284 8508
4253 4300 8544
4244 4256 8480
4192 4252 8409
4108 4182 8269
4151 4261 8407
4112 4291 8387
4230 4253 8446
4227 4289 8483
4153 4256 8381
4290 4295 8575
4191 4263 8449
4129 4213 8309
4104 4121 8192
4287 4291 8538
4142 4292 8399
4121 4157 8268
4274 4291 8551
4118 4192 8277
4245 4252 8487
4116 4287 8385
4254 4280 8524
4200 4228 8400
4109 4269 8374
4291 4292 8553
4251 4276 8507
4287 4294 8564
4137 4292 8401
4236 4265 8489
4134 4226 8322
4229 4269 8489
4114 4117 8210
4280 4296 8574
4104 4273 8372
4278 4292 8564
4151 4188 8314
4156 4242 8369
4232 4265 8470
4271 4277 8531
4243 4262 8488
4213 4249 8454
4197 4200 8390
4216 4220 8414
4164 4210 8360
4288 4290 8566
4158 4209 8343
4151 4224 8373
4153 4270 8403
4234 4300 8531
4278 4292 8550
4134 4275 8374
4156 4280 8414
4165 4240 8397
4178 4231 8387
4111 4228 8305
4233 4283 8511
4164 4249 8409
4125 4206 8313
4150 4254 8387
4134 4180 8286
4136 4163 8280
4191 4213 8379
4103 4251 8325
4236 4279 8480
4131 4200 8292
4153 4248 8389
4289 4293 8559
4260 4265 8496
4164 4226 8361
4197 4267 8445
4283 4292 8569
4134 4178 8298
4243 4294 8520
4212 4283 8481
4181 4275 8445
4134 4188 8300
4151 4204 8338
4103 4159 8250
4145 4227 8359
4136 4247 8356
4221 4241 8454
4219 4251 8441
4251 4290 8527
4150 4153 8268
4163 4284 8444
4207 4269 8437
4118 4216 8333
4104 4253 8354
4125 4280 8394
4215 4245 8431
4169 4194 8340
4172 4255 8419
4111 4240 8328
4166 4256 8385
4224 4230 8421
4294 4295 8583
4244 4278 8499
4160 4244 8365
4127 4219 8345
4241 4274 8501
4230 4276 8474
4175 4224 8367
4196 4220 8384
4135 4239 8344
4149 4272 8413
4143 4237 8352
4195 4280 8447
4118 4208 8289
4157 4291 8426
4219 4223 8406
4199 4238 8429
4155 4203 8332
4178 4276 8434
4233 4237 8439
4175 4260 8402
4244 4296 8515
4167 4230 8387
4220 4255 8438
4102 4155 8252
4257 4267 8513
4175 4248 8418
4225 4260 8482
4287 4290 8547
4275 4291 8554
4178 4297 8441
4109 4282 8352
4297 4299 8563
4272 4286 8557
4299 4300 8579
4236 4283 8511
4254 4285 8506
4237 4273 8495
4105 4250 8318
4189 4289 8464
4185 4255 8419
4149 4228 8356
4164 4287 8442
4117 4267 8359
4272 4275 8543
4250 4288 8518
4266 4272 8503
4121 4242 8356
4264 4297 8551
4146 4198 8343
4266 4268 8530
4241 4293 8530
4288 4294 8564
4108 4186 8279
4287 4292 8556
4226 4284 8495

0.010000 0.570000
