100
548468
4000 4079 8079
4113 4189 8302
4018 4115 8133
4083 4166 8249
4155 4172 8327
4055 4132 8187
4023 4071 8094
4126 4184 8310
4085 4096 8181
4089 4093 8182
4011 4193 8204
4105 4132 8237
4198 4199 8397
4158 4178 8336
4069 4111 8180
4097 4182 8279
4013 4052 8065
4088 4115 8203
4087 4147 8234
4150 4151 8301
4085 4197 8282
4146 4171 8317
4160 4183 8343
4021 4067 8088
4080 4116 8196
4053 4093 8146
4118 4172 8290
4056 4147 8203
4163 4179 8342
4072 4146 8218
4161 4175 8336
4179 4200 8379
4193 4196 8389
4119 4174 8293
4006 4156 8162
4152 4174 8326
4035 4166 8201
4134 4189 8323
4145 4175 8320
4190 4197 8387
4063 4185 8248
4166 4197 8363
4053 4126 8179
4070 4190 8260
4136 4138 8274
4015 4083 8098
4104 4165 8269
4175 4178 8353
4174 4188 8362
4166 4171 8337
4194 4195 8389
4154 4159 8313
4126 4174 8300
4177 4196 8373
4109 4196 8305
4176 4188 8364
4165 4179 8344
4065 4180 8245
4011 4075 8086
4035 4122 8157
4096 4151 8247
4016 4198 8214
4156 4171 8327
4082 4187 8269
4031 4099 8130
4116 4132 8248
4094 4153 8247
4162 4186 8348
4027 4199 8226
4155 4184 8339
4169 4187 8356
4177 4195 8372
4156 4197 8353
4087 4149 8236
4186 4200 8386
4101 4139 8240
4135 4172 8307
4123 4165 8288
4080 4199 8279
4149 4171 8320
4039 4055 8094
4087 4124 8211
4061 4148 8209
4094 4120 8214
4075 4174 8249
4105 4177 8282
4151 4170 8321
4097 4118 8215
4128 4144 8272
4101 4172 8273
4030 4041 8071
4083 4133 8216
4103 4180 8283
4047 4086 8133
4151 4196 8347
4070 4087 8157
4026 4066 8092
4135 4186 8321
4146 4179 8325
4022 4093 8115

4100 4179 8246
4213 4289 8488
4118 4215 8302
4183 4266 8439
4255 4272 8516
4155 4232 8365
4123 4171 8266
4226 4284 8491
4185 4196 8345
4189 4193 8352
4111 4293 8389
4205 4232 8436
4298 4299 8573
4258 4278 8497
4169 4211 8369
4197 4282 8465
4113 4152 8255
4188 4215 8390
4187 4247 8416
4250 4251 8485
4185 4297 8464
4246 4271 8497
4260 4283 8517
4121 4167 8263
4180 4216 8390
4153 4193 8319
4218 4272 8486
4156 4247 8366
4263 4279 8518
4172 4246 8381
4261 4275 8503
4279 4300 8539
4293 4296 8570
4219 4274 8453
4106 4256 8339
4252 4274 8521
4135 4266 8391
4234 4289 8495
4245 4275 8506
4290 4297 8553
4163 4285 8435
4266 4297 8538
4153 4226 8359
4170 4290 8434
4236 4238 8447
4115 4183 8277
4204 4265 8442
4275 4278 8515
4274 4288 8522
4266 4271 8526
4294 4295 8579
4254 4259 8477
4226 4274 8493
4277 4296 8553
4209 4296 8474
4276 4288 8531
4265 4279 8529
4165 4280 8422
4111 4175 8255
4135 4222 8346
4196 4251 8426
4116 4298 8390
4256 4271 8515
4182 4287 8431
4131 4199 8329
4216 4232 8445
4194 4253 8417
4262 4286 8534
4127 4299 8418
4255 4284 8513
4269 4287 8554
4277 4295 8561
4256 4297 8547
4187 4249 8433
4286 4300 8567
4201 4239 8427
4235 4272 8474
4223 4265 8459
4180 4299 8468
4249 4271 8504
4139 4155 8292
4187 4224 8409
4161 4248 8385
4194 4220 8384
4175 4274 8437
4205 4277 8481
4251 4270 8500
4197 4218 8413
4228 4244 8470
4201 4272 8459
4130 4141 8264
4183 4233 8408
4203 4280 8461
4147 4186 8310
4251 4296 8519
4170 4187 8328
4126 4166 8267
4235 4286 8482
4246 4279 8500
4122 4193 8307

0.010000 0.650000
