700
3187587
4007 4191 8198
4167 4171 8338
4122 4136 8258
4050 4069 8119
4086 4112 8198
4179 4188 8367
4158 4199 8357
4184 4197 8381
4006 4094 8100
4037 4097 8134
4024 4037 8061
4152 4157 8309
4128 4154 8282
4133 4198 8331
4114 4147 8261
4098 4157 8255
4193 4198 8391
4167 4199 8366
4078 4102 8180
4004 4014 8018
4145 4151 8296
4031 4061 8092
4122 4194 8316
4173 4194 8367
4023 4050 8073
4162 4181 8343
4146 4188 8334
4113 4132 8245
4051 4196 8247
4046 4089 8135
4059 4062 8121
4191 4195 8386
4092 4111 8203
4051 4073 8124
4021 4074 8095
4129 4151 8280
4091 4160 8251
4068 4140 8208
4033 4163 8196
4076 4088 8164
4024 4182 8206
4000 4169 8169
4028 4124 8152
4136 4182 8318
4124 4137 8261
4173 4178 8351
4011 4054 8065
4056 4128 8184
4135 4155 8290
4110 4125 8235
4023 4200 8223
4141 4191 8332
4092 4176 8268
4019 4022 8041
4011 4085 8096
4032 4040 8072
4050 4127 8177
4034 4185 8219
4108 4112 8220
4198 4200 8398
4020 4114 8134
4013 4138 8151
4057 4086 8143
4136 4185 8321
4147 4176 8323
4003 4106 8109
4156 4199 8355
4155 4196 8351
4178 4180 8358
4122 4131 8253
4031 4132 8163
4148 4151 8299
4114 4155 8269
4116 4167 8283
4154 4164 8318
4160 4199 8359
4184 4185 8369
4104 4161 8265
4013 4074 8087
4018 4082 8100
4180 4184 8364
4044 4113 8157
4121 4184 8305
4173 4175 8348
4044 4142 8186
4177 4193 8370
4028 4192 8220
4076 4160 8236
4121 4198 8319
4008 4138 8146
4005 4179 8184
4072 4149 8221
4184 4200 8384
4107 4163 8270
4052 4178 8230
4081 4162 8243
4092 4193 8285
4165 4178 8343
4127 4178 8305
4175 4188 8363
4122 4167 8289
4102 4157 8259
4136 4148 8284
4179 4200 8379
4125 4129 8254
4185 4198 8383
4107 4157 8264
4176 4192 8368
4011 4178 8189
4159 4185 8344
4183 4200 8383
4088 4126 8214
4112 4172 8284
4161 4182 8343
4091 4200 8291
4100 4182 8282
4050 4194 8244
4153 4196 8349
4124 4180 8304
4042 4096 8138
4037 4158 8195
4178 4192 8370
4147 4199 8346
4085 4146 8231
4112 4151 8263
4001 4130 8131
4084 4125 8209
4105 4122 8227
4080 4200 8280
4115 4199 8314
4109 4153 8262
4174 4191 8365
4012 4043 8055
4079 4096 8175
4029 4161 8190
4134 4150 8284
4169 4172 8341
4135 4158 8293
4165 4184 8349
4041 4077 8118
4198 4199 8397
4018 4189 8207
4075 4091 8166
4088 4142 8230
4083 4124 8207
4117 4189 8306
4197 4198 8395
4056 4078 8134
4174 4182 8356
4107 4124 8231
4034 4129 8163
4089 4188 8277
4126 4194 8320
4137 4165 8302
4152 4176 8328
4031 4090 8121
4148 4159 8307
4111 4140 8251
4186 4190 8376
4008 4015 8023
4159 4198 8357
4155 4194 8349
4152 4164 8316
4102 4142 8244
4119 4189 8308
4135 4195 8330
4172 4177 8349
4031 4155 8186
4125 4199 8324
4021 4159 8180
4186 4199 8385
4114 4117 8231
4081 4138 8219
4169 4194 8363
4032 4096 8128
4164 4180 8344
4139 4199 8338
4095 4184 8279
4039 4167 8206
4147 4170 8317
4127 4129 8256
4111 4112 8223
4056 4149 8205
4026 4077 8103
4083 4147 8230
4037 4131 8168
4011 4165 8176
4070 4140 8210
4123 4200 8323
4133 4182 8315
4012 4045 8057
4111 4135 8246
4080 4104 8184
4182 4192 8374
4143 4153 8296
4122 4162 8284
4100 4177 8277
4196 4197 8393
4158 4177 8335
4005 4034 8039
4105 4170 8275
4028 4183 8211
4097 4193 8290
4156 4170 8326
4115 4178 8293
4180 4188 8368
4022 4084 8106
4011 4134 8145
4067 4104 8171
4009 4082 8091
4193 4194 8387
4148 4164 8312
4174 4180 8354
4148 4181 8329
4109 4125 8234
4051 4110 8161
4037 4147 8184
4126 4154 8280
4187 4191 8378
4096 4178 8274
4014 4066 8080
4074 4128 8202
4012 4062 8074
4020 4097 8117
4156 4192 8348
4187 4196 8383
4146 4165 8311
4023 4165 8188
4155 4163 8318
4104 4141 8245
4036 4080 8116
4016 4055 8071
4086 4170 8256
4101 4199 8300
4066 4176 8242
4166 4186 8352
4068 4105 8173
4194 4200 8394
4069 4193 8262
4013 4095 8108
4177 4187 8364
4161 4182 8343
4075 4191 8266
4004 4179 8183
4058 4183 8241
4043 4171 8214
4001 4006 8007
4182 4194 8376
4148 4176 8324
4147 4184 8331
4090 4145 8235
4111 4116 8227
4085 4086 8171
4151 4176 8327
4184 4200 8384
4097 4181 8278
4002 4027 8029
4060 4161 8221
4097 4185 8282
4103 4195 8298
4139 4182 8321
4105 4147 8252
4076 4142 8218
4041 4081 8122
4012 4026 8038
4077 4078 8155
4036 4139 8175
4144 4170 8314
4062 4137 8199
4172 4189 8361
4157 4163 8320
4139 4193 8332
4118 4162 8280
4056 4156 8212
4045 4172 8217
4098 4155 8253
4172 4193 8365
4172 4200 8372
4036 4048 8084
4123 4134 8257
4071 4091 8162
4038 4165 8203
4063 4123 8186
4018 4064 8082
4175 4194 8369
4029 4118 8147
4162 4183 8345
4086 4141 8227
4163 4194 8357
4015 4106 8121
4140 4174 8314
4161 4200 8361
4084 4163 8247
4064 4192 8256
4176 4187 8363
4143 4154 8297
4122 4193 8315
4063 4099 8162
4057 4171 8228
4130 4142 8272
4062 4082 8144
4115 4172 8287
4158 4172 8330
4012 4029 8041
4001 4083 8084
4189 4193 8382
4031 4034 8065
4078 4092 8170
4091 4137 8228
4119 4198 8317
4038 4107 8145
4096 4187 8283
4134 4185 8319
4197 4199 8396
4162 4175 8337
4058 4195 8253
4044 4129 8173
4145 4178 8323
4192 4198 8390
4186 4189 8375
4118 4149 8267
4029 4141 8170
4028 4051 8079
4101 4142 8243
4007 4149 8156
4084 4095 8179
4055 4092 8147
4138 4196 8334
4025 4191 8216
4018 4139 8157
4088 4102 8190
4197 4200 8397
4151 4162 8313
4068 4120 8188
4168 4169 8337
4009 4068 8077
4170 4186 8356
4050 4148 8198
4073 4078 8151
4001 4027 8028
4176 4183 8359
4075 4102 8177
4088 4169 8257
4079 4098 8177
4026 4187 8213
4185 4198 8383
4147 4155 8302
4070 4113 8183
4133 4196 8329
4022 4196 8218
4052 4059 8111
4149 4157 8306
4012 4032 8044
4174 4192 8366
4151 4152 8303
4028 4189 8217
4076 4146 8222
4087 4156 8243
4024 4137 8161
4131 4169 8300
4160 4176 8336
4133 4184 8317
4025 4123 8148
4056 4174 8230
4063 4187 8250
4058 4189 8247
4043 4124 8167
4056 4167 8223
4171 4179 8350
4093 4141 8234
4083 4115 8198
4089 4137 8226
4131 4190 8321
4186 4191 8377
4192 4196 8388
4168 4200 8368
4171 4173 8344
4058 4142 8200
4154 4196 8350
4102 4189 8291
4034 4054 8088
4123 4132 8255
4077 4135 8212
4183 4193 8376
4053 4173 8226
4050 4138 8188
4142 4149 8291
4117 4183 8300
4170 4191 8361
4199 4200 8399
4085 4125 8210
4009 4161 8170
4032 4111 8143
4097 4136 8233
4076 4125 8201
4187 4196 8383
4110 4168 8278
4020 4170 8190
4127 4144 8271
4171 4182 8353
4177 4192 8369
4063 4154 8217
4182 4191 8373
4073 4137 8210
4179 4180 8359
4066 4118 8184
4079 4184 8263
4177 4181 8358
4120 4172 8292
4063 4123 8186
4023 4177 8200
4002 4195 8197
4050 4085 8135
4055 4178 8233
4019 4049 8068
4177 4183 8360
4184 4188 8372
4016 4090 8106
4009 4157 8166
4048 4143 8191
4154 4195 8349
4061 4184 8245
4029 4115 8144
4084 4125 8209
4113 4166 8279
4054 4064 8118
4018 4161 8179
4142 4152 8294
4189 4193 8382
4001 4107 8108
4189 4198 8387
4122 4200 8322
4199 4200 8399
4104 4157 8261
4160 4190 8350
4046 4164 8210
4024 4108 8132
4180 4196 8376
4005 4070 8075
4180 4193 8373
4130 4174 8304
4082 4123 8205
4106 4132 8238
4123 4161 8284
4070 4147 8217
4139 4175 8314
4029 4083 8112
4146 4151 8297
4078 4189 8267
4130 4191 8321
4033 4098 8131
4070 4132 8202
4108 4114 8222
4161 4177 8338
4072 4101 8173
4117 4118 8235
4138 4142 8280
4116 4164 8280
4105 4124 8229
4074 4196 8270
4148 4164 8312
4194 4198 8392
4155 4188 8343
4163 4187 8350
4107 4125 8232
4152 4195 8347
4123 4187 8310
4010 4200 8210
4156 4162 8318
4136 4186 8322
4115 4122 8237
4128 4194 8322
4184 4187 8371
4017 4173 8190
4060 4064 8124
4120 4134 8254
4197 4200 8397
4175 4177 8352
4077 4123 8200
4018 4152 8170
4174 4188 8362
4142 4158 8300
4132 4150 8282
4165 4178 8343
4191 4198 8389
4059 4135 8194
4054 4073 8127
4091 4182 8273
4076 4192 8268
4051 4151 8202
4130 4152 8282
4007 4048 8055
4146 4163 8309
4071 4144 8215
4107 4176 8283
4136 4141 8277
4141 4192 8333
4039 4129 8168
4141 4156 8297
4068 4088 8156
4140 4183 8323
4053 4151 8204
4175 4199 8374
4134 4179 8313
4003 4033 8036
4173 4175 8348
4147 4157 8304
4017 4186 8203
4016 4170 8186
4171 4195 8366
4026 4037 8063
4114 4184 8298
4081 4141 8222
4165 4173 8338
4172 4195 8367
4160 4189 8349
4147 4166 8313
4066 4130 8196
4039 4110 8149
4006 4016 8022
4094 4111 8205
4090 4094 8184
4061 4140 8201
4099 4127 8226
4127 4134 8261
4048 4136 8184
4187 4200 8387
4137 4172 8309
4142 4185 8327
4156 4198 8354
4032 4089 8121
4092 4096 8188
4099 4187 8286
4029 4085 8114
4147 4175 8322
4157 4192 8349
4003 4176 8179
4078 4145 8223
4040 4153 8193
4143 4153 8296
4031 4033 8064
4015 4153 8168
4060 4187 8247
4137 4155 8292
4166 4174 8340
4039 4175 8214
4152 4176 8328
4108 4165 8273
4137 4146 8283
4136 4164 8300
4115 4188 8303
4054 4090 8144
4192 4197 8389
4163 4200 8363
4075 4118 8193
4080 4190 8270
4085 4160 8245
4116 4119 8235
4061 4121 8182
4044 4189 8233
4078 4200 8278
4192 4195 8387
4186 4199 8385
4027 4154 8181
4063 4093 8156
4038 4093 8131
4077 4166 8243
4013 4164 8177
4167 4176 8343
4188 4197 8385
4052 4162 8214
4129 4194 8323
4089 4153 8242
4106 4110 8216
4091 4152 8243
4143 4162 8305
4102 4154 8256
4131 4168 8299
4151 4171 8322
4139 4162 8301
4169 4185 8354
4163 4169 8332
4026 4090 8116
4108 4192 8300
4172 4186 8358
4188 4191 8379
4186 4196 8382
4085 4146 8231
4026 4184 8210
4181 4190 8371
4047 4114 8161
4027 4175 8202
4020 4169 8189
4163 4197 8360
4165 4177 8342
4152 4172 8324
4184 4195 8379
4169 4178 8347
4175 4187 8362
4070 4166 8236
4175 4176 8351
4054 4097 8151
4133 4187 8320
4175 4189 8364
4158 4162 8320
4190 4195 8385
4152 4192 8344
4180 4191 8371
4088 4200 8288
4107 4121 8228
4051 4108 8159
4116 4188 8304
4034 4150 8184
4028 4146 8174
4108 4193 8301
4031 4150 8181
4096 4198 8294
4150 4161 8311
4052 4199 8251
4147 4161 8308
4174 4183 8357
4161 4169 8330
4027 4106 8133
4005 4195 8200
4001 4086 8087
4013 4200 8213
4040 4171 8211
4147 4161 8308
4159 4167 8326
4086 4151 8237
4072 4152 8224
4017 4099 8116
4076 4188 8264
4093 4166 8259
4013 4172 8185
4186 4191 8377
4119 4182 8301
4121 4153 8274
4001 4066 8067
4009 4155 8164
4029 4030 8059
4189 4200 8389
4011 4125 8136
4176 4187 8363
4005 4070 8075
4115 4188 8303
4121 4178 8299
4136 4157 8293
4092 4104 8196
4024 4033 8057
4135 4136 8271
4073 4151 8224
4170 4186 8356
4049 4084 8133
4104 4116 8220
4187 4196 8383
4124 4139 8263
4014 4177 8191
4123 4192 8315
4101 4181 8282
4004 4075 8079
4133 4199 8332
4088 4092 8180
4061 4178 8239
4150 4192 8342
4145 4159 8304
4090 4117 8207
4169 4171 8340
4004 4147 8151
4132 4144 8276
4119 4122 8241
4181 4184 8365
4157 4199 8356
4098 4187 8285
4095 4108 8203
4086 4127 8213
4169 4179 8348
4191 4195 8386
4050 4184 8234
4157 4181 8338
4193 4194 8387
4052 4192 8244
4173 4196 8369
4039 4180 8219
4101 4134 8235
4085 4189 8274
4038 4080 8118
4132 4152 8284
4054 4129 8183
4133 4154 8287
4166 4195 8361
4101 4116 8217
4046 4130 8176
4197 4198 8395
4102 4109 8211
4131 4176 8307
4140 4187 8327
4146 4151 8297
4006 4023 8029
4068 4120 8188

4107 4291 8368
4267 4271 8507
4222 4236 8451
4150 4169 8297
4186 4212 8395
4279 4288 8554
4258 4299 8534
4284 4297 8545
4106 4194 8283
4137 4197 8302
4124 4137 8242
4252 4257 8488
4228 4254 8443
4233 4298 8529
4214 4247 8460
4198 4257 8427
4293 4298 8565
4267 4299 8563
4178 4202 8346
4104 4114 8191
4245 4251 8462
4131 4161 8282
4222 4294 8476
4273 4294 8536
4123 4150 8244
4262 4281 8510
4246 4288 8507
4213 4232 8408
4151 4296 8429
4146 4189 8318
4159 4162 8304
4291 4295 8563
4192 4211 8384
4151 4173 8311
4121 4174 8258
4229 4251 8440
4191 4260 8417
4168 4240 8407
4133 4263 8375
4176 4188 8347
4124 4282 8374
4100 4269 8334
4128 4224 8318
4236 4282 8478
4224 4237 8447
4273 4278 8528
4111 4154 8246
4156 4228 8368
4235 4255 8455
4210 4225 8432
4123 4300 8401
4241 4291 8508
4192 4276 8447
4119 4122 8204
4111 4185 8283
4132 4140 8233
4150 4227 8341
4134 4285 8409
4208 4212 8402
4298 4300 8589
4120 4214 8310
4113 4238 8333
4157 4186 8324
4236 4285 8500
4247 4276 8511
4103 4206 8289
4256 4299 8526
4255 4296 8534
4278 4280 8529
4222 4231 8425
4131 4232 8344
4248 4251 8492
4214 4255 8431
4216 4267 8453
4254 4264 8503
4260 4299 8520
4284 4285 8537
4204 4261 8447
4113 4174 8259
4118 4182 8278
4280 4284 8562
4144 4213 8350
4221 4284 8473
4273 4275 8539
4144 4242 8351
4277 4293 8531
4128 4292 8413
4176 4260 8425
4221 4298 8512
4108 4238 8330
4105 4279 8361
4172 4249 8398
4284 4300 8579
4207 4263 8459
4152 4278 8405
4181 4262 8425
4192 4293 8469
4265 4278 8538
4227 4278 8471
4275 4288 8527
4222 4267 8465
4202 4257 8441
4236 4248 8468
4279 4300 8555
4225 4229 8436
4285 4298 8556
4207 4257 8457
4276 4292 8532
4111 4278 8386
4259 4285 8534
4283 4300 8571
4188 4226 8401
4212 4272 8455
4261 4282 8524
4191 4300 8488
4200 4282 8473
4150 4294 8418
4253 4296 8548
4224 4280 8499
4142 4196 8317
4137 4258 8390
4278 4292 8562
4247 4299 8541
4185 4246 8424
4212 4251 8431
4101 4230 8303
4184 4225 8378
4205 4222 8408
4180 4300 8461
4215 4299 8508
4209 4253 8461
4274 4291 8538
4112 4143 8223
4179 4196 8352
4129 4261 8378
4234 4250 8458
4269 4272 8525
4235 4258 8477
4265 4284 8528
4141 4177 8289
4298 4299 8580
4118 4289 8388
4175 4191 8354
4188 4242 8407
4183 4224 8380
4217 4289 8471
4297 4298 8594
4156 4178 8327
4274 4282 8539
4207 4224 8412
4134 4229 8343
4189 4288 8455
4226 4294 8515
4237 4265 8493
4252 4276 8527
4131 4190 8285
4248 4259 8496
4211 4240 8434
4286 4290 8548
4108 4115 8204
4259 4298 8519
4255 4294 8542
4252 4264 8504
4202 4242 8415
4219 4289 8489
4235 4295 8491
4272 4277 8547
4131 4255 8354
4225 4299 8491
4121 4259 8341
4286 4299 8577
4214 4217 8402
4181 4238 8393
4269 4294 8535
4132 4196 8290
4264 4280 8539
4239 4299 8512
4195 4284 8463
4139 4267 8371
4247 4270 8486
4227 4229 8420
4211 4212 8403
4156 4249 8375
4126 4177 8287
4183 4247 8394
4137 4231 8340
4111 4265 8358
4170 4240 8381
4223 4300 8516
4233 4282 8484
4112 4145 8225
4211 4235 8436
4180 4204 8376
4282 4292 8568
4243 4253 8485
4222 4262 8466
4200 4277 8441
4296 4297 8562
4258 4277 8502
4105 4134 8233
4205 4270 8454
4128 4283 8372
4197 4293 8475
4256 4270 8525
4215 4278 8467
4280 4288 8562
4122 4184 8284
4111 4234 8306
4167 4204 8352
4109 4182 8269
4293 4294 8571
4248 4264 8499
4274 4280 8542
4248 4281 8508
4209 4225 8396
4151 4210 8344
4137 4247 8372
4226 4254 8455
4287 4291 8566
4196 4278 8465
4114 4166 8241
4174 4228 8381
4112 4162 8254
4120 4197 8299
4256 4292 8520
4287 4296 8555
4246 4265 8490
4123 4265 8355
4255 4263 8511
4204 4241 8442
4136 4180 8278
4116 4155 8255
4186 4270 8419
4201 4299 8463
4166 4276 8431
4266 4286 8542
4168 4205 8347
4294 4300 8557
4169 4293 8451
4113 4195 8284
4277 4287 8561
4261 4282 8531
4175 4291 8465
4104 4279 8373
4158 4283 8428
4143 4271 8391
4101 4106 8191
4282 4294 8554
4248 4276 8490
4247 4284 8499
4190 4245 8434
4211 4216 8394
4185 4186 8337
4251 4276 8504
4284 4300 8565
4197 4281 8444
4102 4127 8191
4160 4261 8411
4197 4285 8475
4203 4295 8460
4239 4282 8486
4205 4247 8449
4176 4242 8401
4141 4181 8313
4112 4126 8214
4177 4178 8340
4136 4239 8341
4244 4270 8505
4162 4237 8364
4272 4289 8551
4257 4263 8509
4239 4293 8502
4218 4262 8474
4156 4256 8384
4145 4272 8378
4198 4255 8422
4272 4293 8526
4272 4300 8565
4136 4148 8249
4223 4234 8425
4171 4191 8331
4138 4265 8364
4163 4223 8356
4118 4164 8261
4275 4294 8544
4129 4218 8332
4262 4283 8543
4186 4241 8411
4263 4294 8527
4115 4206 8301
4240 4274 8511
4261 4300 8532
4184 4263 8410
4164 4292 8431
4276 4287 8544
4243 4254 8458
4222 4293 8513
4163 4199 8335
4157 4271 8408
4230 4242 8460
4162 4182 8313
4215 4272 8451
4258 4272 8516
4112 4129 8231
4101 4183 8266
4289 4293 8570
4131 4134 8249
4178 4192 8344
4191 4237 8410
4219 4298 8502
4138 4207 8311
4196 4287 8479
4234 4285 8481
4297 4299 8568
4262 4275 8506
4158 4295 8426
4144 4229 8343
4245 4278 8517
4292 4298 8555
4286 4289 8557
4218 4249 8431
4129 4241 8335
4128 4151 8248
4201 4242 8420
4107 4249 8318
4184 4195 8378
4155 4192 8309
4238 4296 8500
4125 4291 8404
4118 4239 8345
4188 4202 8363
4297 4300 8584
4251 4262 8494
4168 4220 8387
4268 4269 8529
4109 4168 8264
4270 4286 8551
4150 4248 8390
4173 4178 8313
4101 4127 8214
4276 4283 8549
4175 4202 8368
4188 4269 8421
4179 4198 8362
4126 4287 8395
4285 4298 8573
4247 4255 8482
4170 4213 8361
4233 4296 8490
4122 4296 8403
4152 4159 8301
4249 4257 8491
4112 4132 8221
4274 4292 8552
4251 4252 8480
4128 4289 8383
4176 4246 8392
4187 4256 8427
4124 4237 8336
4231 4269 8462
4260 4276 8500
4233 4284 8498
4125 4223 8342
4156 4274 8402
4163 4287 8443
4158 4289 8440
4143 4224 8361
4156 4267 8409
4271 4279 8543
4193 4241 8430
4183 4215 8392
4189 4237 8414
4231 4290 8496
4286 4291 8571
4292 4296 8563
4268 4300 8553
4271 4273 8523
4158 4242 8376
4254 4296 8517
4202 4289 8474
4134 4154 8251
4223 4232 8427
4177 4235 8379
4283 4293 8541
4153 4273 8411
4150 4238 8357
4242 4249 8465
4217 4283 8480
4270 4291 8537
4299 4300 8568
4185 4225 8396
4109 4261 8361
4132 4211 8318
4197 4236 8410
4176 4225 8382
4287 4296 8552
4210 4268 8443
4120 4270 8351
4227 4244 8440
4271 4282 8521
4277 4292 8554
4163 4254 8395
4282 4291 8565
4173 4237 8407
4279 4280 8538
4166 4218 8348
4179 4284 8425
4277 4281 8549
4220 4272 8481
4163 4223 8349
4123 4277 8375
4102 4295 8369
4150 4185 8327
4155 4278 8424
4119 4149 8255
4277 4283 8523
4284 4288 8568
4116 4190 8272
4109 4257 8363
4148 4243 8370
4254 4295 8510
4161 4284 8443
4129 4215 8319
4184 4225 8375
4213 4266 8461
4154 4164 8298
4118 4261 8367
4242 4252 8479
4289 4293 8549
4101 4207 8269
4289 4298 8567
4222 4300 8514
4299 4300 8572
4204 4257 8432
4260 4290 8511
4146 4264 8409
4124 4208 8317
4280 4296 8547
4105 4170 8266
4280 4293 8533
4230 4274 8464
4182 4223 8369
4206 4232 8429
4223 4261 8472
4170 4247 8384
4239 4275 8497
4129 4183 8300
4246 4251 8476
4178 4289 8452
4230 4291 8489
4133 4198 8309
4170 4232 8375
4208 4214 8391
4261 4277 8515
4172 4201 8337
4217 4218 8418
4238 4242 8442
4216 4264 8449
4205 4224 8395
4174 4296 8439
4248 4264 8485
4294 4298 8578
4255 4288 8536
4263 4287 8516
4207 4225 8395
4252 4295 8523
4223 4287 8496
4110 4300 8376
4256 4262 8487
4236 4286 8487
4215 4222 8401
4228 4294 8487
4284 4287 8559
4117 4273 8369
4160 4164 8311
4220 4234 8423
4297 4300 8562
4275 4277 8531
4177 4223 8365
4118 4252 8344
4274 4288 8537
4242 4258 8497
4232 4250 8458
4265 4278 8511
4291 4298 8588
4159 4235 8381
4154 4173 8299
4191 4282 8458
4176 4292 8458
4151 4251 8363
4230 4252 8471
4107 4148 8251
4246 4263 8508
4171 4244 8391
4207 4276 8450
4236 4241 8439
4241 4292 8506
4139 4229 8331
4241 4256 8485
4168 4188 8327
4240 4283 8518
4153 4251 8382
4275 4299 8541
4234 4279 8511
4103 4133 8207
4273 4275 8546
4247 4257 8490
4117 4286 8387
4116 4270 8363
4271 4295 8538
4126 4137 8252
4214 4284 8466
4181 4241 8383
4265 4273 8501
4272 4295 8550
4260 4289 8544
4247 4266 8492
4166 4230 8392
4139 4210 8318
4106 4116 8185
4194 4211 8394
4190 4194 8371
4161 4240 8397
4199 4227 8397
4227 4234 8443
4148 4236 8375
4287 4300 8570
4237 4272 8488
4242 4285 8496
4256 4298 8516
4132 4189 8310
4192 4196 8355
4199 4287 8474
4129 4185 8278
4247 4275 8492
4257 4292 8520
4103 4276 8357
4178 4245 8409
4140 4253 8387
4243 4253 8495
4131 4133 8234
4115 4253 8361
4160 4287 8441
4237 4255 8482
4266 4274 8522
4139 4275 8413
4252 4276 8522
4208 4265 8452
4237 4246 8472
4236 4264 8478
4215 4288 8494
4154 4190 8312
4292 4297 8587
4263 4300 8562
4175 4218 8372
4180 4290 8465
4185 4260 8416
4216 4219 8398
4161 4221 8362
4144 4289 8421
4178 4300 8471
4292 4295 8554
4286 4299 8578
4127 4254 8355
4163 4193 8355
4138 4193 8293
4177 4266 8415
4113 4264 8358
4267 4276 8525
4288 4297 8568
4152 4262 8388
4229 4294 8483
4189 4253 8416
4206 4210 8402
4191 4252 8407
4243 4262 8494
4202 4254 8441
4231 4268 8486
4251 4271 8485
4239 4262 8492
4269 4285 8535
4263 4269 8529
4126 4190 8305
4208 4292 8482
4272 4286 8533
4288 4291 8563
4286 4296 8565
4185 4246 8405
4126 4284 8388
4281 4290 8552
4147 4214 8357
4127 4275 8364
4120 4269 8356
4263 4297 8545
4265 4277 8515
4252 4272 8522
4284 4295 8552
4269 4278 8536
4275 4287 8537
4170 4266 8423
4275 4276 8518
4154 4197 8327
4233 4287 8496
4275 4289 8556
4258 4262 8491
4290 4295 8584
4252 4292 8515
4280 4291 8569
4188 4300 8477
4207 4221 8425
4151 4208 8327
4216 4288 8465
4134 4250 8357
4128 4246 8359
4208 4293 8478
4131 4250 8377
4196 4298 8469
4250 4261 8503
4152 4299 8434
4247 4261 8493
4274 4283 8534
4261 4269 8508
4127 4206 8304
4105 4295 8374
4101 4186 8279
4113 4300 8398
4140 4271 8375
4247 4261 8487
4259 4267 8509
4186 4251 8411
4172 4252 8417
4117 4199 8291
4176 4288 8445
4193 4266 8444
4113 4272 8380
4286 4291 8551
4219 4282 8469
4221 4253 8451
4101 4166 8262
4109 4255 8328
4129 4130 8224
4289 4300 8557
4111 4225 8334
4276 4287 8546
4105 4170 8252
4215 4288 8496
4221 4278 8470
4236 4257 8465
4192 4204 8360
4124 4133 8242
4235 4236 8450
4173 4251 8413
4270 4286 8523
4149 4184 8320
4204 4216 8417
4287 4296 8554
4224 4239 8434
4114 4277 8357
4223 4292 8513
4201 4281 8458
4104 4175 8243
4233 4299 8495
4188 4192 8344
4161 4278 8404
4250 4292 8505
4245 4259 8473
4190 4217 8375
4269 4271 8536
4104 4247 8328
4232 4244 8470
4219 4222 8422
4281 4284 8546
4257 4299 8550
4198 4287 8454
4195 4208 8383
4186 4227 8383
4269 4279 8518
4291 4295 8564
4150 4284 8423
4257 4281 8521
4293 4294 8571
4152 4292 8420
4273 4296 8554
4139 4280 8388
4201 4234 8413
4185 4289 8469
4138 4180 8292
4232 4252 8454
4154 4229 8359
4233 4254 8463
4266 4295 8548
4201 4216 8416
4146 4230 8367
4297 4298 8578
4202 4209 8405
4231 4276 8478
4240 4287 8525
4246 4251 8473
4106 4123 8199
4168 4220 8349

0.010000 0.540000
