400
2157195
4055 4121 8176
4166 4191 8357
4004 4172 8176
4101 4183 8284
4177 4199 8376
4093 4171 8264
4045 4061 8106
4146 4175 8321
4054 4171 8225
4187 4198 8385
4189 4198 8387
4127 4131 8258
4108 4159 8267
4099 4105 8204
4044 4064 8108
4055 4171 8226
4008 4052 8060
4194 4199 8393
4076 4172 8248
4029 4055 8084
4067 4173 8240
4075 4171 8246
4014 4187 8201
4062 4157 8219
4009 4030 8039
4089 4121 8210
4061 4104 8165
4183 4195 8378
4024 4045 8069
4190 4199 8389
4097 4141 8238
4016 4103 8119
4054 4082 8136
4051 4133 8184
4111 4131 8242
4064 4188 8252
4159 4185 8344
4000 4160 8160
4031 4078 8109
4162 4187 8349
4190 4199 8389
4101 4108 8209
4047 4114 8161
4072 4088 8160
4049 4113 8162
4025 4055 8080
4143 4198 8341
4086 4165 8251
4082 4161 8243
4075 4180 8255
4108 4195 8303
4050 4081 8131
4163 4180 8343
4014 4112 8126
4089 4096 8185
4058 4164 8222
4194 4197 8391
4098 4099 8197
4083 4175 8258
4141 4178 8319
4039 4074 8113
4080 4144 8224
4044 4182 8226
4173 4187 8360
4185 4186 8371
4061 4145 8206
4075 4200 8275
4188 4190 8378
4175 4185 8360
4162 4193 8355
4177 4184 8361
4087 4142 8229
4038 4127 8165
4018 4150 8168
4023 4167 8190
4024 4158 8182
4135 4169 8304
4077 4141 8218
4119 4175 8294
4007 4137 8144
4083 4159 8242
4117 4145 8262
4057 4113 8170
4059 4153 8212
4090 4198 8288
4046 4146 8192
4136 4180 8316
4101 4121 8222
4024 4101 8125
4122 4133 8255
4116 4157 8273
4125 4169 8294
4113 4164 8277
4005 4085 8090
4016 4020 8036
4064 4082 8146
4047 4067 8114
4108 4153 8261
4183 4194 8377
4001 4106 8107
4162 4194 8356
4181 4185 8366
4011 4023 8034
4191 4194 8385
4143 4177 8320
4043 4118 8161
4006 4146 8152
4039 4175 8214
4148 4157 8305
4072 4197 8269
4045 4109 8154
4178 4186 8364
4076 4091 8167
4160 4188 8348
4026 4158 8184
4145 4149 8294
4086 4127 8213
4010 4042 8052
4074 4179 8253
4072 4179 8251
4019 4118 8137
4009 4196 8205
4079 4115 8194
4072 4198 8270
4119 4184 8303
4131 4163 8294
4190 4200 8390
4137 4140 8277
4096 4127 8223
4193 4199 8392
4019 4169 8188
4023 4136 8159
4062 4099 8161
4032 4050 8082
4044 4054 8098
4067 4125 8192
4138 4157 8295
4199 4200 8399
4020 4091 8111
4164 4172 8336
4082 4108 8190
4097 4115 8212
4073 4171 8244
4167 4169 8336
4075 4080 8155
4028 4116 8144
4184 4193 8377
4060 4063 8123
4000 4062 8062
4115 4153 8268
4040 4050 8090
4131 4156 8287
4059 4139 8198
4128 4136 8264
4197 4198 8395
4142 4147 8289
4170 4179 8349
4133 4198 8331
4062 4089 8151
4151 4184 8335
4180 4183 8363
4100 4187 8287
4137 4155 8292
4133 4148 8281
4028 4156 8184
4124 4141 8265
4005 4137 8142
4043 4146 8189
4013 4152 8165
4198 4199 8397
4120 4190 8310
4009 4042 8051
4135 4160 8295
4041 4152 8193
4171 4174 8345
4021 4180 8201
4026 4038 8064
4170 4194 8364
4163 4182 8345
4116 4185 8301
4089 4169 8258
4103 4140 8243
4185 4193 8378
4117 4127 8244
4112 4200 8312
4198 4200 8398
4189 4199 8388
4127 4192 8319
4017 4084 8101
4048 4141 8189
4071 4151 8222
4076 4195 8271
4003 4060 8063
4099 4153 8252
4118 4137 8255
4109 4194 8303
4117 4121 8238
4136 4183 8319
4133 4135 8268
4198 4200 8398
4050 4195 8245
4073 4082 8155
4059 4161 8220
4044 4088 8132
4013 4147 8160
4062 4129 8191
4089 4137 8226
4134 4145 8279
4159 4183 8342
4049 4120 8169
4130 4164 8294
4153 4174 8327
4111 4114 8225
4192 4194 8386
4142 4174 8316
4112 4147 8259
4106 4113 8219
4027 4152 8179
4144 4162 8306
4011 4118 8129
4051 4064 8115
4190 4199 8389
4146 4176 8322
4158 4166 8324
4093 4118 8211
4184 4193 8377
4045 4049 8094
4157 4179 8336
4063 4151 8214
4052 4124 8176
4189 4196 8385
4053 4070 8123
4120 4150 8270
4071 4133 8204
4156 4158 8314
4102 4181 8283
4163 4189 8352
4058 4135 8193
4094 4181 8275
4008 4112 8120
4100 4136 8236
4050 4182 8232
4117 4118 8235
4074 4188 8262
4003 4109 8112
4198 4199 8397
4063 4095 8158
4042 4104 8146
4057 4175 8232
4143 4200 8343
4045 4140 8185
4073 4090 8163
4010 4045 8055
4038 4176 8214
4158 4197 8355
4158 4188 8346
4002 4064 8066
4066 4146 8212
4163 4166 8329
4174 4185 8359
4171 4183 8354
4024 4200 8224
4012 4116 8128
4009 4148 8157
4086 4155 8241
4032 4173 8205
4164 4178 8342
4111 4125 8236
4105 4148 8253
4029 4066 8095
4000 4130 8130
4092 4174 8266
4128 4176 8304
4012 4172 8184
4022 4126 8148
4177 4191 8368
4078 4170 8248
4039 4129 8168
4043 4192 8235
4148 4169 8317
4142 4183 8325
4195 4197 8392
4077 4099 8176
4090 4129 8219
4133 4169 8302
4113 4199 8312
4132 4195 8327
4148 4172 8320
4075 4123 8198
4177 4199 8376
4123 4159 8282
4055 4098 8153
4122 4172 8294
4141 4189 8330
4059 4122 8181
4176 4198 8374
4134 4184 8318
4012 4149 8161
4066 4068 8134
4127 4162 8289
4166 4196 8362
4141 4150 8291
4040 4091 8131
4113 4174 8287
4051 4071 8122
4191 4195 8386
4138 4179 8317
4084 4144 8228
4119 4164 8283
4077 4184 8261
4163 4189 8352
4014 4041 8055
4055 4083 8138
4015 4133 8148
4160 4176 8336
4030 4124 8154
4100 4193 8293
4197 4199 8396
4171 4191 8362
4175 4200 8375
4110 4180 8290
4134 4188 8322
4003 4111 8114
4058 4078 8136
4171 4191 8362
4162 4191 8353
4034 4133 8167
4010 4163 8173
4175 4196 8371
4156 4191 8347
4047 4102 8149
4197 4198 8395
4052 4122 8174
4036 4160 8196
4125 4138 8263
4009 4061 8070
4060 4193 8253
4099 4156 8255
4164 4193 8357
4084 4114 8198
4181 4189 8370
4135 4164 8299
4054 4082 8136
4000 4090 8090
4021 4063 8084
4121 4166 8287
4173 4190 8363
4125 4159 8284
4103 4106 8209
4085 4165 8250
4132 4141 8273
4001 4099 8100
4132 4167 8299
4040 4062 8102
4179 4188 8367
4197 4198 8395
4045 4093 8138
4048 4094 8142
4192 4200 8392
4081 4179 8260
4177 4199 8376
4159 4177 8336
4186 4198 8384
4170 4181 8351
4002 4039 8041
4153 4181 8334
4151 4170 8321
4130 4139 8269
4013 4023 8036
4033 4071 8104
4025 4199 8224
4057 4059 8116
4098 4101 8199
4046 4126 8172
4061 4098 8159
4145 4163 8308
4153 4178 8331
4123 4171 8294
4165 4196 8361
4167 4197 8364
4102 4196 8298
4166 4167 8333
4182 4191 8373
4096 4124 8220
4190 4200 8390
4056 4169 8225
4165 4198 8363
4153 4179 8332
4114 4176 8290
4165 4174 8339
4101 4192 8293
4131 4176 8307
4164 4171 8335
4006 4071 8077
4132 4198 8330
4150 4198 8348
4000 4097 8097
4173 4181 8354
4064 4169 8233
4069 4078 8147

4155 4221 8372
4266 4291 8545
4104 4272 8338
4201 4283 8457
4277 4299 8560
4193 4271 8451
4145 4161 8303
4246 4275 8486
4154 4271 8386
4287 4298 8550
4289 4298 8571
4227 4231 8419
4208 4259 8440
4199 4205 8393
4144 4164 8285
4155 4271 8402
4108 4152 8248
4294 4299 8575
4176 4272 8421
4129 4155 8278
4167 4273 8414
4175 4271 8430
4114 4287 8364
4162 4257 8405
4109 4130 8225
4189 4221 8404
4161 4204 8345
4283 4295 8564
4124 4145 8261
4290 4299 8585
4197 4241 8406
4116 4203 8301
4154 4182 8310
4151 4233 8378
4211 4231 8406
4164 4288 8416
4259 4285 8506
4100 4260 8348
4131 4178 8290
4262 4287 8517
4290 4299 8550
4201 4208 8376
4147 4214 8323
4172 4188 8321
4149 4213 8357
4125 4155 8248
4243 4298 8516
4186 4265 8420
4182 4261 8409
4175 4280 8445
4208 4295 8491
4150 4181 8301
4263 4280 8533
4114 4212 8314
4189 4196 8370
4158 4264 8417
4294 4297 8582
4198 4199 8382
4183 4275 8438
4241 4278 8482
4139 4174 8295
4180 4244 8398
4144 4282 8424
4273 4287 8552
4285 4286 8552
4161 4245 8370
4175 4300 8467
4288 4290 8542
4275 4285 8550
4262 4293 8533
4277 4284 8550
4187 4242 8424
4138 4227 8361
4118 4250 8366
4123 4267 8385
4124 4258 8350
4235 4269 8468
4177 4241 8395
4219 4275 8478
4107 4237 8315
4183 4259 8403
4217 4245 8449
4157 4213 8349
4159 4253 8376
4190 4298 8458
4146 4246 8361
4236 4280 8500
4201 4221 8386
4124 4201 8300
4222 4233 8443
4216 4257 8466
4225 4269 8491
4213 4264 8475
4105 4185 8277
4116 4120 8214
4164 4182 8336
4147 4167 8309
4208 4253 8427
4283 4294 8559
4101 4206 8291
4262 4294 8537
4281 4285 8545
4111 4123 8232
4291 4294 8551
4243 4277 8486
4143 4218 8347
4106 4246 8323
4139 4275 8388
4248 4257 8473
4172 4297 8437
4145 4209 8348
4278 4286 8528
4176 4191 8353
4260 4288 8531
4126 4258 8379
4245 4249 8486
4186 4227 8391
4110 4142 8229
4174 4279 8446
4172 4279 8441
4119 4218 8308
4109 4296 8377
4179 4215 8381
4172 4298 8432
4219 4284 8474
4231 4263 8491
4290 4300 8584
4237 4240 8452
4196 4227 8395
4293 4299 8577
4119 4269 8382
4123 4236 8347
4162 4199 8348
4132 4150 8266
4144 4154 8277
4167 4225 8376
4238 4257 8471
4299 4300 8580
4120 4191 8304
4264 4272 8518
4182 4208 8374
4197 4215 8407
4173 4271 8429
4267 4269 8501
4175 4180 8327
4128 4216 8311
4284 4293 8570
4160 4163 8295
4100 4162 8223
4215 4253 8435
4140 4150 8278
4231 4256 8470
4159 4239 8368
4228 4236 8439
4297 4298 8571
4242 4247 8471
4270 4279 8522
4233 4298 8522
4162 4189 8338
4251 4284 8512
4280 4283 8547
4200 4287 8467
4237 4255 8480
4233 4248 8458
4128 4256 8367
4224 4241 8463
4105 4237 8328
4143 4246 8382
4113 4252 8351
4298 4299 8595
4220 4290 8494
4109 4142 8248
4235 4260 8489
4141 4252 8361
4271 4274 8520
4121 4280 8391
4126 4138 8252
4270 4294 8558
4263 4282 8539
4216 4285 8469
4189 4269 8428
4203 4240 8411
4285 4293 8538
4217 4227 8441
4212 4300 8480
4298 4300 8585
4289 4299 8562
4227 4292 8483
4117 4184 8268
4148 4241 8361
4171 4251 8403
4176 4295 8470
4103 4160 8241
4199 4253 8417
4218 4237 8442
4209 4294 8472
4217 4221 8431
4236 4283 8479
4233 4235 8438
4298 4300 8570
4150 4295 8407
4173 4182 8332
4159 4261 8384
4144 4188 8321
4113 4247 8334
4162 4229 8380
4189 4237 8397
4234 4245 8454
4259 4283 8540
4149 4220 8345
4230 4264 8459
4253 4274 8512
4211 4214 8422
4292 4294 8562
4242 4274 8477
4212 4247 8446
4206 4213 8417
4127 4252 8374
4244 4262 8478
4111 4218 8324
4151 4164 8289
4290 4299 8575
4246 4276 8500
4258 4266 8494
4193 4218 8407
4284 4293 8554
4145 4149 8272
4257 4279 8529
4163 4251 8413
4152 4224 8348
4289 4296 8572
4153 4170 8294
4220 4250 8435
4171 4233 8370
4256 4258 8482
4202 4281 8469
4263 4289 8527
4158 4235 8370
4194 4281 8462
4108 4212 8310
4200 4236 8407
4150 4282 8395
4217 4218 8427
4174 4288 8431
4103 4209 8278
4298 4299 8564
4163 4195 8336
4142 4204 8324
4157 4275 8398
4243 4300 8537
4145 4240 8384
4173 4190 8347
4110 4145 8241
4138 4276 8393
4258 4297 8518
4258 4288 8514
4102 4164 8249
4166 4246 8398
4263 4266 8489
4274 4285 8519
4271 4283 8544
4124 4300 8388
4112 4216 8304
4109 4248 8339
4186 4255 8408
4132 4273 8369
4264 4278 8511
4211 4225 8396
4205 4248 8443
4129 4166 8279
4100 4230 8323
4192 4274 8449
4228 4276 8471
4112 4272 8364
4122 4226 8337
4277 4291 8533
4178 4270 8444
4139 4229 8359
4143 4292 8396
4248 4269 8485
4242 4283 8512
4295 4297 8571
4177 4199 8355
4190 4229 8407
4233 4269 8497
4213 4299 8504
4232 4295 8505
4248 4272 8499
4175 4223 8364
4277 4299 8565
4223 4259 8447
4155 4198 8343
4222 4272 8458
4241 4289 8520
4159 4222 8346
4276 4298 8572
4234 4284 8507
4112 4249 8346
4166 4168 8305
4227 4262 8469
4266 4296 8536
4241 4250 8487
4140 4191 8330
4213 4274 8476
4151 4171 8306
4291 4295 8585
4238 4279 8511
4184 4244 8413
4219 4264 8462
4177 4284 8441
4263 4289 8538
4114 4141 8233
4155 4183 8337
4115 4233 8335
4260 4276 8526
4130 4224 8327
4200 4293 8489
4297 4299 8582
4271 4291 8561
4275 4300 8562
4210 4280 8451
4234 4288 8505
4103 4211 8293
4158 4178 8305
4271 4291 8543
4262 4291 8548
4134 4233 8339
4110 4263 8349
4275 4296 8555
4256 4291 8522
4147 4202 8336
4297 4298 8584
4152 4222 8351
4136 4260 8375
4225 4238 8424
4109 4161 8239
4160 4293 8431
4199 4256 8441
4264 4293 8549
4184 4214 8394
4281 4289 8556
4235 4264 8488
4154 4182 8327
4100 4190 8284
4121 4163 8251
4221 4266 8476
4273 4290 8546
4225 4259 8452
4203 4206 8387
4185 4265 8427
4232 4241 8452
4101 4199 8279
4232 4267 8464
4140 4162 8293
4279 4288 8560
4297 4298 8580
4145 4193 8309
4148 4194 8340
4292 4300 8570
4181 4279 8432
4277 4299 8572
4259 4277 8514
4286 4298 8582
4270 4281 8539
4102 4139 8222
4253 4281 8494
4251 4270 8493
4230 4239 8448
4113 4123 8213
4133 4171 8303
4125 4299 8399
4157 4159 8312
4198 4201 8393
4146 4226 8336
4161 4198 8327
4245 4263 8503
4253 4278 8523
4223 4271 8482
4265 4296 8545
4267 4297 8554
4202 4296 8478
4266 4267 8529
4282 4291 8561
4196 4224 8384
4290 4300 8579
4156 4269 8389
4265 4298 8553
4253 4279 8513
4214 4276 8480
4265 4274 8529
4201 4292 8476
4231 4276 8489
4264 4271 8496
4106 4171 8268
4232 4298 8510
4250 4298 8540
4100 4197 8263
4273 4281 8521
4164 4269 8426
4169 4178 8308

0.010000 0.640000
