1000
5732529
4166 4183 8349
4173 4199 8372
4030 4114 8144
4044 4174 8218
4024 4062 8086
4114 4128 8242
4004 4065 8069
4094 4161 8255
4031 4185 8216
4177 4193 8370
4184 4200 8384
4195 4198 8393
4079 4199 8278
4041 4114 8155
4170 4182 8352
4183 4186 8369
4190 4200 8390
4157 4175 8332
4130 4137 8267
4012 4188 8200
4041 4108 8149
4142 4191 8333
4046 4180 8226
4170 4188 8358
4000 4044 8044
4111 4153 8264
4020 4164 8184
4012 4157 8169
4075 4089 8164
4076 4128 8204
4120 4200 8320
4063 4166 8229
4157 4191 8348
4195 4197 8392
4016 4032 8048
4105 4138 8243
4042 4086 8128
4198 4199 8397
4157 4165 8322
4192 4196 8388
4037 4040 8077
4191 4196 8387
4067 4115 8182
4185 4186 8371
4020 4026 8046
4077 4125 8202
4116 4178 8294
4170 4192 8362
4095 4170 8265
4142 4192 8334
4153 4188 8341
4001 4092 8093
4102 4110 8212
4014 4185 8199
4195 4200 8395
4159 4160 8319
4010 4028 8038
4184 4199 8383
4080 4089 8169
4040 4169 8209
4062 4155 8217
4019 4112 8131
4136 4153 8289
4189 4199 8388
4175 4192 8367
4095 4190 8285
4146 4167 8313
4084 4154 8238
4128 4168 8296
4080 4092 8172
4098 4120 8218
4005 4154 8159
4090 4091 8181
4066 4116 8182
4030 4169 8199
4121 4136 8257
4148 4197 8345
4101 4108 8209
4120 4134 8254
4127 4164 8291
4198 4200 8398
4131 4179 8310
4086 4182 8268
4135 4187 8322
4052 4168 8220
4105 4164 8269
4111 4197 8308
4139 4180 8319
4080 4165 8245
4067 4171 8238
4120 4181 8301
4130 4153 8283
4040 4126 8166
4083 4133 8216
4151 4175 8326
4015 4053 8068
4194 4197 8391
4146 4155 8301
4174 4193 8367
4082 4119 8201
4012 4047 8059
4160 4175 8335
4132 4168 8300
4174 4189 8363
4095 4096 8191
4066 4088 8154
4136 4148 8284
4027 4165 8192
4070 4103 8173
4114 4161 8275
4015 4018 8033
4181 4184 8365
4131 4155 8286
4091 4158 8249
4175 4178 8353
4165 4188 8353
4147 4200 8347
4117 4174 8291
4068 4141 8209
4006 4076 8082
4154 4170 8324
4070 4127 8197
4010 4046 8056
4139 4153 8292
4097 4105 8202
4050 4152 8202
4116 4119 8235
4015 4058 8073
4174 4200 8374
4109 4165 8274
4140 4145 8285
4038 4080 8118
4148 4180 8328
4046 4156 8202
4162 4192 8354
4050 4195 8245
4100 4157 8257
4079 4199 8278
4065 4082 8147
4161 4176 8337
4155 4191 8346
4050 4091 8141
4168 4171 8339
4013 4036 8049
4142 4178 8320
4142 4169 8311
4054 4152 8206
4012 4128 8140
4042 4169 8211
4027 4098 8125
4105 4118 8223
4073 4146 8219
4120 4192 8312
4026 4147 8173
4176 4190 8366
4059 4084 8143
4080 4120 8200
4082 4173 8255
4183 4200 8383
4141 4168 8309
4053 4120 8173
4102 4147 8249
4066 4109 8175
4086 4200 8286
4121 4138 8259
4050 4185 8235
4197 4199 8396
4170 4191 8361
4065 4158 8223
4049 4198 8247
4186 4187 8373
4176 4186 8362
4163 4192 8355
4191 4198 8389
4051 4157 8208
4015 4090 8105
4023 4187 8210
4068 4199 8267
4106 4139 8245
4091 4139 8230
4019 4200 8219
4187 4196 8383
4031 4118 8149
4132 4173 8305
4074 4178 8252
4160 4174 8334
4130 4176 8306
4041 4060 8101
4135 4178 8313
4041 4091 8132
4008 4032 8040
4129 4197 8326
4077 4152 8229
4167 4192 8359
4034 4115 8149
4058 4154 8212
4043 4066 8109
4197 4200 8397
4147 4159 8306
4118 4182 8300
4126 4179 8305
4048 4065 8113
4186 4193 8379
4163 4192 8355
4054 4122 8176
4119 4185 8304
4041 4128 8169
4098 4118 8216
4077 4176 8253
4037 4060 8097
4004 4132 8136
4154 4164 8318
4020 4173 8193
4158 4194 8352
4125 4137 8262
4158 4168 8326
4128 4165 8293
4119 4132 8251
4102 4135 8237
4141 4147 8288
4196 4200 8396
4169 4176 8345
4152 4187 8339
4193 4197 8390
4072 4082 8154
4070 4149 8219
4075 4182 8257
4155 4193 8348
4089 4128 8217
4045 4180 8225
4062 4068 8130
4061 4182 8243
4034 4042 8076
4100 4176 8276
4073 4092 8165
4072 4099 8171
4076 4096 8172
4196 4198 8394
4145 4186 8331
4118 4162 8280
4153 4161 8314
4113 4183 8296
4107 4147 8254
4083 4196 8279
4118 4134 8252
4034 4194 8228
4171 4185 8356
4112 4120 8232
4137 4162 8299
4174 4178 8352
4142 4169 8311
4145 4174 8319
4064 4162 8226
4145 4194 8339
4110 4200 8310
4104 4163 8267
4108 4184 8292
4005 4091 8096
4142 4145 8287
4009 4098 8107
4061 4151 8212
4100 4101 8201
4126 4133 8259
4015 4137 8152
4151 4175 8326
4157 4177 8334
4176 4181 8357
4055 4095 8150
4012 4108 8120
4157 4191 8348
4147 4188 8335
4085 4149 8234
4043 4090 8133
4081 4145 8226
4159 4200 8359
4092 4098 8190
4145 4149 8294
4025 4131 8156
4121 4194 8315
4066 4144 8210
4134 4194 8328
4191 4194 8385
4089 4122 8211
4170 4176 8346
4067 4098 8165
4088 4138 8226
4082 4171 8253
4172 4178 8350
4034 4045 8079
4115 4121 8236
4169 4188 8357
4083 4150 8233
4189 4190 8379
4136 4195 8331
4025 4130 8155
4014 4067 8081
4179 4180 8359
4059 4175 8234
4006 4139 8145
4001 4130 8131
4167 4193 8360
4074 4104 8178
4063 4172 8235
4053 4098 8151
4083 4100 8183
4083 4106 8189
4192 4195 8387
4061 4145 8206
4061 4117 8178
4009 4170 8179
4064 4154 8218
4075 4192 8267
4063 4092 8155
4153 4187 8340
4168 4183 8351
4003 4072 8075
4092 4187 8279
4096 4150 8246
4037 4160 8197
4197 4200 8397
4041 4197 8238
4008 4076 8084
4150 4191 8341
4074 4082 8156
4130 4181 8311
4139 4198 8337
4017 4102 8119
4167 4168 8335
4071 4159 8230
4038 4048 8086
4131 4188 8319
4022 4169 8191
4181 4188 8369
4163 4175 8338
4014 4044 8058
4062 4118 8180
4192 4199 8391
4088 4092 8180
4023 4187 8210
4103 4177 8280
4089 4156 8245
4044 4197 8241
4127 4131 8258
4011 4152 8163
4148 4158 8306
4003 4086 8089
4018 4121 8139
4057 4197 8254
4125 4175 8300
4104 4114 8218
4046 4085 8131
4061 4116 8177
4171 4172 8343
4043 4101 8144
4197 4200 8397
4109 4131 8240
4140 4181 8321
4068 4084 8152
4029 4181 8210
4141 4200 8341
4154 4174 8328
4119 4139 8258
4071 4190 8261
4037 4128 8165
4182 4186 8368
4080 4169 8249
4023 4085 8108
4033 4041 8074
4028 4163 8191
4185 4189 8374
4091 4124 8215
4130 4156 8286
4014 4045 8059
4121 4133 8254
4103 4174 8277
4131 4157 8288
4189 4195 8384
4047 4164 8211
4007 4171 8178
4151 4186 8337
4108 4123 8231
4152 4198 8350
4085 4094 8179
4121 4140 8261
4038 4130 8168
4110 4199 8309
4173 4194 8367
4085 4169 8254
4131 4170 8301
4050 4148 8198
4158 4168 8326
4077 4156 8233
4070 4157 8227
4012 4188 8200
4067 4196 8263
4127 4146 8273
4098 4121 8219
4153 4178 8331
4050 4075 8125
4069 4198 8267
4197 4200 8397
4188 4192 8380
4084 4087 8171
4117 4162 8279
4013 4142 8155
4143 4154 8297
4190 4191 8381
4067 4189 8256
4065 4167 8232
4172 4189 8361
4047 4179 8226
4163 4165 8328
4082 4144 8226
4024 4073 8097
4099 4139 8238
4060 4193 8253
4003 4007 8010
4184 4196 8380
4094 4134 8228
4193 4197 8390
4078 4195 8273
4063 4136 8199
4003 4089 8092
4042 4096 8138
4169 4175 8344
4055 4136 8191
4078 4131 8209
4003 4081 8084
4080 4135 8215
4054 4080 8134
4160 4191 8351
4187 4193 8380
4116 4181 8297
4138 4180 8318
4115 4181 8296
4008 4009 8017
4060 4157 8217
4088 4103 8191
4159 4199 8358
4074 4078 8152
4033 4084 8117
4162 4167 8329
4179 4189 8368
4174 4176 8350
4183 4192 8375
4112 4156 8268
4134 4156 8290
4099 4132 8231
4074 4099 8173
4033 4090 8123
4032 4146 8178
4058 4124 8182
4023 4137 8160
4018 4032 8050
4068 4081 8149
4106 4164 8270
4180 4184 8364
4142 4193 8335
4017 4148 8165
4082 4129 8211
4114 4148 8262
4159 4162 8321
4184 4193 8377
4059 4183 8242
4081 4125 8206
4132 4146 8278
4047 4098 8145
4045 4157 8202
4123 4138 8261
4139 4140 8279
4111 4133 8244
4185 4187 8372
4029 4145 8174
4057 4112 8169
4122 4157 8279
4095 4137 8232
4107 4145 8252
4112 4135 8247
4145 4177 8322
4153 4164 8317
4131 4164 8295
4081 4148 8229
4076 4121 8197
4008 4047 8055
4028 4136 8164
4035 4053 8088
4058 4154 8212
4165 4177 8342
4079 4134 8213
4059 4157 8216
4114 4193 8307
4139 4157 8296
4006 4047 8053
4020 4154 8174
4059 4131 8190
4164 4186 8350
4196 4197 8393
4121 4164 8285
4128 4171 8299
4034 4151 8185
4100 4159 8259
4152 4190 8342
4024 4165 8189
4183 4196 8379
4133 4197 8330
4154 4192 8346
4020 4174 8194
4038 4072 8110
4109 4193 8302
4097 4115 8212
4017 4039 8056
4108 4191 8299
4174 4188 8362
4145 4178 8323
4137 4185 8322
4162 4168 8330
4054 4109 8163
4042 4181 8223
4084 4106 8190
4092 4139 8231
4050 4124 8174
4013 4069 8082
4059 4150 8209
4119 4141 8260
4029 4151 8180
4029 4133 8162
4023 4124 8147
4103 4108 8211
4180 4193 8373
4048 4136 8184
4031 4060 8091
4183 4200 8383
4045 4137 8182
4159 4165 8324
4073 4190 8263
4101 4150 8251
4169 4179 8348
4139 4187 8326
4002 4160 8162
4181 4185 8366
4143 4178 8321
4113 4200 8313
4008 4122 8130
4140 4185 8325
4106 4114 8220
4095 4112 8207
4143 4148 8291
4112 4132 8244
4189 4194 8383
4007 4018 8025
4058 4135 8193
4143 4158 8301
4093 4106 8199
4171 4185 8356
4156 4190 8346
4166 4195 8361
4151 4158 8309
4186 4194 8380
4086 4107 8193
4091 4110 8201
4162 4198 8360
4051 4164 8215
4011 4051 8062
4029 4084 8113
4047 4134 8181
4000 4037 8037
4138 4169 8307
4018 4067 8085
4008 4103 8111
4157 4169 8326
4083 4137 8220
4097 4180 8277
4023 4105 8128
4177 4190 8367
4045 4048 8093
4106 4172 8278
4080 4085 8165
4196 4198 8394
4079 4178 8257
4012 4146 8158
4184 4199 8383
4106 4157 8263
4060 4103 8163
4125 4144 8269
4079 4113 8192
4023 4166 8189
4027 4157 8184
4119 4138 8257
4131 4153 8284
4132 4177 8309
4095 4150 8245
4057 4098 8155
4150 4173 8323
4153 4194 8347
4076 4116 8192
4075 4161 8236
4154 4163 8317
4019 4084 8103
4139 4147 8286
4167 4171 8338
4196 4199 8395
4112 4146 8258
4032 4093 8125
4197 4199 8396
4158 4185 8343
4154 4158 8312
4192 4195 8387
4142 4163 8305
4160 4163 8323
4169 4187 8356
4079 4198 8277
4147 4199 8346
4185 4196 8381
4123 4159 8282
4179 4191 8370
4191 4198 8389
4065 4100 8165
4152 4173 8325
4122 4129 8251
4123 4140 8263
4026 4192 8218
4177 4195 8372
4163 4198 8361
4048 4091 8139
4064 4097 8161
4138 4170 8308
4091 4197 8288
4194 4198 8392
4006 4145 8151
4137 4158 8295
4061 4170 8231
4092 4195 8287
4027 4170 8197
4029 4047 8076
4103 4187 8290
4119 4161 8280
4116 4153 8269
4106 4138 8244
4050 4071 8121
4135 4169 8304
4186 4193 8379
4156 4182 8338
4002 4098 8100
4072 4108 8180
4062 4165 8227
4115 4188 8303
4134 4190 8324
4013 4033 8046
4115 4164 8279
4126 4151 8277
4105 4158 8263
4113 4187 8300
4021 4030 8051
4147 4180 8327
4009 4081 8090
4025 4036 8061
4032 4119 8151
4078 4094 8172
4071 4159 8230
4186 4199 8385
4107 4190 8297
4048 4185 8233
4128 4164 8292
4120 4146 8266
4038 4078 8116
4090 4139 8229
4138 4184 8322
4103 4173 8276
4064 4128 8192
4147 4184 8331
4122 4150 8272
4022 4138 8160
4078 4192 8270
4062 4152 8214
4085 4092 8177
4137 4162 8299
4152 4192 8344
4176 4191 8367
4117 4184 8301
4173 4189 8362
4005 4196 8201
4041 4165 8206
4190 4192 8382
4066 4146 8212
4026 4199 8225
4000 4138 8138
4121 4156 8277
4100 4180 8280
4062 4162 8224
4005 4051 8056
4016 4182 8198
4018 4068 8086
4056 4186 8242
4185 4188 8373
4066 4074 8140
4164 4199 8363
4044 4169 8213
4105 4166 8271
4000 4031 8031
4054 4073 8127
4060 4064 8124
4187 4191 8378
4113 4170 8283
4154 4176 8330
4067 4164 8231
4112 4197 8309
4162 4164 8326
4126 4186 8312
4015 4100 8115
4115 4166 8281
4057 4163 8220
4178 4196 8374
4023 4109 8132
4185 4198 8383
4019 4194 8213
4149 4188 8337
4049 4147 8196
4074 4125 8199
4092 4198 8290
4064 4187 8251
4009 4145 8154
4071 4198 8269
4182 4198 8380
4059 4073 8132
4047 4200 8247
4093 4160 8253
4005 4090 8095
4079 4154 8233
4039 4052 8091
4168 4176 8344
4034 4188 8222
4044 4166 8210
4126 4179 8305
4052 4061 8113
4133 4200 8333
4132 4186 8318
4162 4182 8344
4121 4191 8312
4112 4199 8311
4056 4185 8241
4043 4045 8088
4109 4158 8267
4017 4063 8080
4074 4135 8209
4136 4194 8330
4198 4199 8397
4016 4020 8036
4067 4172 8239
4060 4099 8159
4112 4187 8299
4081 4154 8235
4126 4195 8321
4138 4190 8328
4156 4170 8326
4146 4178 8324
4172 4189 8361
4166 4171 8337
4018 4079 8097
4144 4151 8295
4178 4197 8375
4061 4145 8206
4073 4081 8154
4175 4185 8360
4040 4068 8108
4111 4193 8304
4173 4198 8371
4096 4107 8203
4140 4187 8327
4083 4155 8238
4064 4115 8179
4104 4122 8226
4143 4163 8306
4155 4164 8319
4044 4176 8220
4133 4139 8272
4094 4174 8268
4154 4172 8326
4184 4198 8382
4155 4198 8353
4155 4183 8338
4154 4198 8352
4129 4130 8259
4120 4161 8281
4109 4122 8231
4057 4078 8135
4028 4089 8117
4035 4103 8138
4190 4194 8384
4030 4099 8129
4018 4182 8200
4052 4150 8202
4180 4200 8380
4128 4152 8280
4027 4188 8215
4111 4162 8273
4011 4091 8102
4159 4173 8332
4117 4157 8274
4018 4076 8094
4041 4099 8140
4062 4070 8132
4071 4157 8228
4024 4113 8137
4130 4179 8309
4064 4182 8246
4114 4165 8279
4142 4173 8315
4021 4198 8219
4131 4194 8325
4000 4035 8035
4070 4181 8251
4182 4193 8375
4122 4183 8305
4119 4186 8305
4009 4010 8019
4054 4192 8246
4022 4188 8210
4015 4142 8157
4098 4128 8226
4009 4101 8110
4182 4200 8382
4155 4166 8321
4135 4180 8315
4062 4167 8229
4166 4170 8336
4038 4149 8187
4115 4126 8241
4092 4179 8271
4141 4169 8310
4198 4200 8398
4049 4139 8188
4083 4129 8212
4075 4122 8197
4165 4175 8340
4051 4139 8190
4002 4166 8168
4178 4187 8365
4085 4130 8215
4083 4135 8218
4151 4167 8318
4003 4018 8021
4092 4118 8210
4176 4190 8366
4116 4124 8240
4117 4195 8312
4145 4178 8323
4085 4122 8207
4048 4049 8097
4096 4143 8239
4134 4141 8275
4134 4146 8280
4124 4129 8253
4032 4047 8079
4103 4168 8271
4036 4089 8125
4144 4200 8344
4047 4165 8212
4161 4200 8361
4113 4130 8243
4116 4187 8303
4027 4145 8172
4135 4189 8324
4079 4172 8251
4164 4167 8331
4145 4196 8341
4090 4117 8207
4142 4154 8296
4134 4142 8276
4001 4192 8193
4167 4174 8341
4068 4140 8208
4166 4196 8362
4148 4172 8320
4101 4192 8293
4178 4189 8367
4052 4119 8171
4155 4165 8320
4079 4200 8279
4123 4143 8266
4132 4180 8312
4193 4197 8390
4023 4046 8069
4031 4042 8073
4031 4044 8075
4042 4078 8120
4037 4091 8128
4032 4117 8149
4129 4168 8297
4125 4151 8276
4086 4138 8224
4188 4190 8378
4115 4126 8241
4175 4194 8369
4120 4150 8270
4099 4189 8288
4193 4195 8388
4138 4142 8280
4118 4129 8247
4179 4185 8364
4071 4160 8231
4197 4199 8396
4007 4197 8204
4010 4131 8141
4192 4200 8392
4189 4197 8386
4156 4166 8322
4130 4162 8292
4159 4186 8345
4043 4081 8124
4169 4182 8351
4099 4182 8281
4090 4133 8223
4031 4115 8146
4084 4145 8229
4165 4182 8347
4123 4160 8283
4077 4122 8199
4044 4092 8136
4173 4192 8365
4169 4188 8357
4094 4162 8256
4084 4170 8254
4137 4173 8310
4184 4188 8372
4010 4102 8112
4185 4189 8374
4006 4013 8019
4068 4155 8223
4164 4195 8359
4073 4200 8273
4129 4162 8291
4156 4166 8322
4126 4190 8316
4060 4137 8197
4060 4156 8216
4005 4024 8029
4093 4113 8206
4111 4179 8290
4179 4188 8367
4132 4158 8290
4119 4130 8249
4135 4180 8315
4126 4141 8267
4057 4078 8135
4147 4196 8343
4003 4114 8117
4161 4177 8338
4128 4130 8258
4193 4196 8389
4150 4172 8322
4074 4165 8239
4170 4191 8361
4028 4112 8140
4155 4185 8340
4114 4146 8260
4123 4124 8247
4084 4102 8186
4138 4168 8306
4031 4076 8107
4029 4200 8229
4112 4128 8240
4139 4192 8331
4080 4114 8194
4198 4200 8398
4107 4139 8246
4192 4197 8389
4002 4157 8159
4102 4178 8280
4109 4181 8290
4112 4124 8236
4050 4199 8249
4100 4114 8214
4149 4195 8344
4169 4184 8353
4019 4161 8180
4017 4106 8123
4085 4184 8269
4094 4141 8235
4066 4158 8224
4101 4162 8263
4142 4171 8313
4090 4131 8221
4127 4164 8291
4113 4130 8243
4045 4088 8133
4091 4194 8285
4158 4184 8342
4093 4164 8257
4109 4158 8267
4027 4052 8079
4006 4120 8126
4172 4184 8356
4150 4173 8323
4060 4061 8121
4105 4190 8295
4173 4180 8353
4157 4196 8353
4138 4198 8336
4092 4161 8253
4123 4170 8293

4266 4283 8535
4273 4299 8532
4130 4214 8318
4144 4274 8379
4124 4162 8257
4214 4228 8434
4104 4165 8248
4194 4261 8431
4131 4285 8391
4277 4293 8562
4284 4300 8582
4295 4298 8587
4179 4299 8458
4141 4214 8338
4270 4282 8534
4283 4286 8538
4290 4300 8567
4257 4275 8515
4230 4237 8465
4112 4288 8390
4141 4208 8321
4242 4291 8525
4146 4280 8399
4270 4288 8550
4100 4144 8227
4211 4253 8425
4120 4264 8379
4112 4257 8342
4175 4189 8345
4176 4228 8376
4220 4300 8489
4163 4266 8401
4257 4291 8535
4295 4297 8586
4116 4132 8216
4205 4238 8440
4142 4186 8321
4298 4299 8588
4257 4265 8482
4292 4296 8577
4137 4140 8260
4291 4296 8578
4167 4215 8355
4285 4286 8554
4120 4126 8211
4177 4225 8390
4216 4278 8469
4270 4292 8540
4195 4270 8448
4242 4292 8511
4253 4288 8529
4101 4192 8282
4202 4210 8373
4114 4285 8393
4295 4300 8593
4259 4260 8482
4110 4128 8213
4284 4299 8559
4180 4189 8333
4140 4269 8384
4162 4255 8405
4119 4212 8309
4236 4253 8466
4289 4299 8560
4275 4292 8532
4195 4290 8479
4246 4267 8505
4184 4254 8437
4228 4268 8486
4180 4192 8343
4198 4220 8394
4105 4254 8323
4190 4191 8371
4166 4216 8357
4130 4269 8379
4221 4236 8420
4248 4297 8538
4201 4208 8371
4220 4234 8450
4227 4264 8476
4298 4300 8592
4231 4279 8478
4186 4282 8431
4235 4287 8502
4152 4268 8409
4205 4264 8439
4211 4297 8499
4239 4280 8489
4180 4265 8434
4167 4271 8419
4220 4281 8482
4230 4253 8453
4140 4226 8344
4183 4233 8381
4251 4275 8504
4115 4153 8264
4294 4297 8582
4246 4255 8466
4274 4293 8553
4182 4219 8368
4112 4147 8231
4260 4275 8529
4232 4268 8467
4274 4289 8556
4195 4196 8389
4166 4188 8323
4236 4248 8480
4127 4265 8383
4170 4203 8368
4214 4261 8456
4115 4118 8231
4281 4284 8563
4231 4255 8468
4191 4258 8430
4275 4278 8535
4265 4288 8518
4247 4300 8517
4217 4274 8454
4168 4241 8372
4106 4176 8269
4254 4270 8498
4170 4227 8395
4110 4146 8232
4239 4253 8482
4197 4205 8393
4150 4252 8383
4216 4219 8399
4115 4158 8243
4274 4300 8567
4209 4265 8448
4240 4245 8477
4138 4180 8291
4248 4280 8501
4146 4256 8382
4262 4292 8550
4150 4295 8408
4200 4257 8425
4179 4299 8453
4165 4182 8341
4261 4276 8521
4255 4291 8533
4150 4191 8312
4268 4271 8505
4113 4136 8242
4242 4278 8493
4242 4269 8510
4154 4252 8394
4112 4228 8335
4142 4269 8386
4127 4198 8297
4205 4218 8383
4173 4246 8406
4220 4292 8507
4126 4247 8337
4276 4290 8550
4159 4184 8328
4180 4220 8367
4182 4273 8437
4283 4300 8566
4241 4268 8480
4153 4220 8341
4202 4247 8439
4166 4209 8348
4186 4300 8473
4221 4238 8420
4150 4285 8412
4297 4299 8573
4270 4291 8543
4165 4258 8406
4149 4298 8429
4286 4287 8536
4276 4286 8547
4263 4292 8541
4291 4298 8573
4151 4257 8373
4115 4190 8281
4123 4287 8403
4168 4299 8449
4206 4239 8413
4191 4239 8391
4119 4300 8411
4287 4296 8563
4131 4218 8322
4232 4273 8504
4174 4278 8424
4260 4274 8495
4230 4276 8493
4141 4160 8291
4235 4278 8474
4141 4191 8310
4108 4132 8206
4229 4297 8514
4177 4252 8411
4267 4292 8533
4134 4215 8337
4158 4254 8397
4143 4166 8288
4297 4300 8580
4247 4259 8502
4218 4282 8492
4226 4279 8500
4148 4165 8280
4286 4293 8573
4263 4292 8532
4154 4222 8370
4219 4285 8473
4141 4228 8360
4198 4218 8413
4177 4276 8431
4137 4160 8264
4104 4232 8298
4254 4264 8494
4120 4273 8379
4258 4294 8517
4225 4237 8427
4258 4268 8501
4228 4265 8479
4219 4232 8419
4202 4235 8416
4241 4247 8459
4296 4300 8563
4269 4276 8508
4252 4287 8521
4293 4297 8581
4172 4182 8321
4170 4249 8384
4175 4282 8448
4255 4293 8515
4189 4228 8402
4145 4280 8414
4162 4168 8307
4161 4282 8426
4134 4142 8244
4200 4276 8448
4173 4192 8355
4172 4199 8339
4176 4196 8349
4296 4298 8568
4245 4286 8515
4218 4262 8454
4253 4261 8480
4213 4283 8461
4207 4247 8423
4183 4296 8475
4218 4234 8425
4134 4294 8395
4271 4285 8527
4212 4220 8410
4237 4262 8472
4274 4278 8519
4242 4269 8472
4245 4274 8514
4164 4262 8389
4245 4294 8502
4210 4300 8481
4204 4263 8439
4208 4284 8482
4105 4191 8289
4242 4245 8470
4109 4198 8290
4161 4251 8409
4200 4201 8388
4226 4233 8426
4115 4237 8323
4251 4275 8501
4257 4277 8527
4276 4281 8545
4155 4195 8332
4112 4208 8305
4257 4291 8516
4247 4288 8506
4185 4249 8424
4143 4190 8309
4181 4245 8407
4259 4300 8556
4192 4198 8375
4245 4249 8476
4125 4231 8318
4221 4294 8496
4166 4244 8393
4234 4294 8507
4291 4294 8546
4189 4222 8409
4270 4276 8527
4167 4198 8347
4188 4238 8417
4182 4271 8423
4272 4278 8521
4134 4145 8263
4215 4221 8399
4269 4288 8541
4183 4250 8406
4289 4290 8551
4236 4295 8514
4125 4230 8319
4114 4167 8246
4279 4280 8530
4159 4275 8401
4106 4239 8338
4101 4230 8314
4267 4293 8555
4174 4204 8363
4163 4272 8433
4153 4198 8321
4183 4200 8379
4183 4206 8350
4292 4295 8556
4161 4245 8401
4161 4217 8370
4109 4270 8344
4164 4254 8394
4175 4292 8439
4163 4192 8352
4253 4287 8504
4268 4283 8542
4103 4172 8247
4192 4287 8471
4196 4250 8409
4137 4260 8373
4297 4300 8594
4141 4297 8436
4108 4176 8266
4250 4291 8522
4174 4182 8340
4230 4281 8504
4239 4298 8499
4117 4202 8311
4267 4268 8513
4171 4259 8396
4138 4148 8271
4231 4288 8516
4122 4269 8385
4281 4288 8553
4263 4275 8507
4114 4144 8231
4162 4218 8377
4292 4299 8556
4188 4192 8343
4123 4287 8399
4203 4277 8454
4189 4256 8430
4144 4297 8424
4227 4231 8434
4111 4252 8324
4248 4258 8479
4103 4186 8267
4118 4221 8312
4157 4297 8433
4225 4275 8488
4204 4214 8386
4146 4185 8304
4161 4216 8338
4271 4272 8538
4143 4201 8321
4297 4300 8579
4209 4231 8403
4240 4281 8498
4168 4184 8316
4129 4281 8380
4241 4300 8505
4254 4274 8494
4219 4239 8430
4171 4290 8439
4137 4228 8356
4282 4286 8559
4180 4269 8413
4123 4185 8290
4133 4141 8257
4128 4263 8388
4285 4289 8568
4191 4224 8413
4230 4256 8446
4114 4145 8220
4221 4233 8436
4203 4274 8471
4231 4257 8472
4289 4295 8546
4147 4264 8410
4107 4271 8347
4251 4286 8513
4208 4223 8396
4252 4298 8545
4185 4194 8343
4221 4240 8450
4138 4230 8330
4210 4299 8505
4273 4294 8561
4185 4269 8444
4231 4270 8482
4150 4248 8397
4258 4268 8525
4177 4256 8420
4170 4257 8410
4112 4288 8399
4167 4296 8462
4227 4246 8440
4198 4221 8406
4253 4278 8504
4150 4175 8304
4169 4298 8433
4297 4300 8570
4288 4292 8552
4184 4187 8350
4217 4262 8470
4113 4242 8326
4243 4254 8463
4290 4291 8547
4167 4289 8429
4165 4267 8417
4272 4289 8535
4147 4279 8388
4263 4265 8520
4182 4244 8399
4124 4173 8266
4199 4239 8418
4160 4293 8445
4103 4107 8195
4284 4296 8573
4194 4234 8426
4293 4297 8581
4178 4295 8437
4163 4236 8373
4103 4189 8253
4142 4196 8320
4269 4275 8505
4155 4236 8384
4178 4231 8390
4103 4181 8272
4180 4235 8413
4154 4180 8316
4260 4291 8542
4287 4293 8552
4216 4281 8492
4238 4280 8511
4215 4281 8472
4108 4109 8184
4160 4257 8394
4188 4203 8365
4259 4299 8548
4174 4178 8321
4133 4184 8302
4262 4267 8528
4279 4289 8528
4274 4276 8520
4283 4292 8541
4212 4256 8446
4234 4256 8452
4199 4232 8424
4174 4199 8349
4133 4190 8301
4132 4246 8351
4158 4224 8356
4123 4237 8333
4118 4132 8247
4168 4181 8339
4206 4264 8467
4280 4284 8545
4242 4293 8511
4117 4248 8357
4182 4229 8373
4214 4248 8442
4259 4262 8499
4284 4293 8559
4159 4283 8412
4181 4225 8386
4232 4246 8457
4147 4198 8315
4145 4257 8393
4223 4238 8427
4239 4240 8461
4211 4233 8428
4285 4287 8544
4129 4245 8345
4157 4212 8366
4222 4257 8462
4195 4237 8421
4207 4245 8450
4212 4235 8421
4245 4277 8503
4253 4264 8495
4231 4264 8463
4181 4248 8414
4176 4221 8383
4108 4147 8226
4128 4236 8329
4135 4153 8286
4158 4254 8375
4265 4277 8510
4179 4234 8381
4159 4257 8400
4214 4293 8480
4239 4257 8489
4106 4147 8232
4120 4254 8348
4159 4231 8368
4264 4286 8527
4296 4297 8557
4221 4264 8476
4228 4271 8489
4134 4251 8375
4200 4259 8421
4252 4290 8531
4124 4265 8367
4283 4296 8546
4233 4297 8509
4254 4292 8545
4120 4274 8379
4138 4172 8282
4209 4293 8482
4197 4215 8393
4117 4139 8224
4208 4291 8491
4274 4288 8544
4245 4278 8512
4237 4285 8516
4262 4268 8519
4154 4209 8331
4142 4281 8390
4184 4206 8358
4192 4239 8405
4150 4224 8367
4113 4169 8271
4159 4250 8401
4219 4241 8452
4129 4251 8341
4129 4233 8344
4123 4224 8318
4203 4208 8392
4280 4293 8549
4148 4236 8359
4131 4160 8272
4283 4300 8549
4145 4237 8345
4259 4265 8515
4173 4290 8427
4201 4250 8450
4269 4279 8527
4239 4287 8491
4102 4260 8344
4281 4285 8553
4243 4278 8504
4213 4300 8506
4108 4222 8293
4240 4285 8516
4206 4214 8408
4195 4212 8394
4243 4248 8469
4212 4232 8408
4289 4294 8575
4107 4118 8218
4158 4235 8389
4243 4258 8490
4193 4206 8367
4271 4285 8523
4256 4290 8513
4266 4295 8543
4251 4258 8473
4286 4294 8553
4186 4207 8380
4191 4210 8379
4262 4298 8551
4151 4264 8387
4111 4151 8251
4129 4184 8308
4147 4234 8353
4100 4137 8225
4238 4269 8483
4118 4167 8263
4108 4203 8290
4257 4269 8514
4183 4237 8400
4197 4280 8455
4123 4205 8293
4277 4290 8542
4145 4148 8283
4206 4272 8455
4180 4185 8360
4296 4298 8588
4179 4278 8453
4112 4246 8319
4284 4299 8575
4206 4257 8441
4160 4203 8359
4225 4244 8461
4179 4213 8354
4123 4266 8372
4127 4257 8367
4219 4238 8428
4231 4253 8456
4232 4277 8490
4195 4250 8441
4157 4198 8318
4250 4273 8502
4253 4294 8518
4176 4216 8368
4175 4261 8399
4254 4263 8479
4119 4184 8289
4239 4247 8459
4267 4271 8525
4296 4299 8589
4212 4246 8447
4132 4193 8287
4297 4299 8575
4258 4285 8516
4254 4258 8510
4292 4295 8547
4242 4263 8486
4260 4263 8517
4269 4287 8528
4179 4298 8461
4247 4299 8527
4285 4296 8552
4223 4259 8473
4279 4291 8550
4291 4298 8577
4165 4200 8328
4252 4273 8524
4222 4229 8444
4223 4240 8446
4126 4292 8416
4277 4295 8549
4263 4298 8524
4148 4191 8308
4164 4197 8329
4238 4270 8474
4191 4297 8453
4294 4298 8567
4106 4245 8329
4237 4258 8484
4161 4270 8401
4192 4295 8477
4127 4270 8366
4129 4147 8266
4203 4287 8482
4219 4261 8463
4216 4253 8429
4206 4238 8441
4150 4171 8306
4235 4269 8475
4286 4293 8573
4256 4282 8512
4102 4198 8283
4172 4208 8341
4162 4265 8404
4215 4288 8499
4234 4290 8498
4113 4133 8243
4215 4264 8468
4226 4251 8460
4205 4258 8448
4213 4287 8486
4121 4130 8234
4247 4280 8504
4109 4181 8252
4125 4136 8226
4132 4219 8313
4178 4194 8333
4171 4259 8397
4286 4299 8567
4207 4290 8477
4148 4285 8426
4228 4264 8485
4220 4246 8458
4138 4178 8305
4190 4239 8411
4238 4284 8515
4203 4273 8459
4164 4228 8353
4247 4284 8504
4222 4250 8454
4122 4238 8357
4178 4292 8463
4162 4252 8393
4185 4192 8364
4237 4262 8494
4252 4292 8538
4276 4291 8565
4217 4284 8461
4273 4289 8556
4105 4296 8372
4141 4265 8378
4290 4292 8569
4166 4246 8403
4126 4299 8413
4100 4238 8308
4221 4256 8437
4200 4280 8458
4162 4262 8395
4105 4151 8251
4116 4282 8381
4118 4168 8285
4156 4286 8424
4285 4288 8566
4166 4174 8303
4264 4299 8551
4144 4269 8384
4205 4266 8457
4100 4131 8209
4154 4173 8321
4160 4164 8296
4287 4291 8551
4213 4270 8466
4254 4276 8495
4167 4264 8402
4212 4297 8493
4262 4264 8519
4226 4286 8511
4115 4200 8286
4215 4266 8441
4157 4263 8417
4278 4296 8571
4123 4209 8315
4285 4298 8560
4119 4294 8378
4249 4288 8519
4149 4247 8357
4174 4225 8370
4192 4298 8480
4164 4287 8416
4109 4245 8343
4171 4298 8443
4282 4298 8569
4159 4173 8311
4147 4300 8437
4193 4260 8444
4105 4190 8278
4179 4254 8397
4139 4152 8253
4268 4276 8521
4134 4288 8393
4144 4266 8399
4226 4279 8474
4152 4161 8310
4233 4300 8493
4232 4286 8511
4262 4282 8514
4221 4291 8497
4212 4299 8487
4156 4285 8422
4143 4145 8249
4209 4258 8466
4117 4163 8261
4174 4235 8373
4236 4294 8505
4298 4299 8559
4116 4120 8233
4167 4272 8422
4160 4199 8331
4212 4287 8497
4181 4254 8401
4226 4295 8513
4238 4290 8495
4256 4270 8499
4246 4278 8514
4272 4289 8557
4266 4271 8516
4118 4179 8264
4244 4251 8474
4278 4297 8536
4161 4245 8396
4173 4181 8318
4275 4285 8537
4140 4168 8275
4211 4293 8465
4273 4298 8531
4196 4207 8364
4240 4287 8526
4183 4255 8434
4164 4215 8369
4204 4222 8412
4243 4263 8468
4255 4264 8505
4144 4276 8413
4233 4239 8453
4194 4274 8454
4254 4272 8511
4284 4298 8566
4255 4298 8523
4255 4283 8535
4254 4298 8544
4229 4230 8420
4220 4261 8473
4209 4222 8411
4157 4178 8311
4128 4189 8283
4135 4203 8332
4290 4294 8568
4130 4199 8320
4118 4282 8380
4152 4250 8385
4280 4300 8565
4228 4252 8463
4127 4288 8401
4211 4262 8459
4111 4191 8290
4259 4273 8515
4217 4257 8436
4118 4176 8279
4141 4199 8302
4162 4170 8320
4171 4257 8410
4124 4213 8336
4230 4279 8479
4164 4282 8409
4214 4265 8450
4242 4273 8501
4121 4298 8407
4231 4294 8487
4100 4135 8197
4170 4281 8417
4282 4293 8563
4222 4283 8498
4219 4286 8489
4109 4110 8207
4154 4292 8409
4122 4288 8401
4115 4242 8342
4198 4228 8390
4109 4201 8305
4282 4300 8564
4255 4266 8487
4235 4280 8493
4162 4267 8411
4266 4270 8508
4138 4249 8375
4215 4226 8418
4192 4279 8470
4241 4269 8488
4298 4300 8586
4149 4239 8368
4183 4229 8379
4175 4222 8380
4265 4275 8532
4151 4239 8363
4102 4266 8336
4278 4287 8528
4185 4230 8412
4183 4235 8386
4251 4267 8481
4103 4118 8202
4192 4218 8407
4276 4290 8548
4216 4224 8433
4217 4295 8508
4245 4278 8511
4185 4222 8406
4148 4149 8271
4196 4243 8406
4234 4241 8457
4234 4246 8473
4224 4229 8443
4132 4147 8258
4203 4268 8457
4136 4189 8315
4244 4300 8542
4147 4265 8377
4261 4300 8559
4213 4230 8432
4216 4287 8500
4127 4245 8371
4235 4289 8515
4179 4272 8415
4264 4267 8513
4245 4296 8507
4190 4217 8389
4242 4254 8488
4234 4242 8472
4101 4292 8380
4267 4274 8509
4168 4240 8400
4266 4296 8529
4248 4272 8502
4201 4292 8467
4278 4289 8537
4152 4219 8349
4255 4265 8503
4179 4300 8461
4223 4243 8437
4232 4280 8477
4293 4297 8574
4123 4146 8251
4131 4142 8266
4131 4144 8243
4142 4178 8299
4137 4191 8292
4132 4217 8329
4229 4268 8468
4225 4251 8449
4186 4238 8411
4288 4290 8538
4215 4226 8427
4275 4294 8568
4220 4250 8465
4199 4289 8462
4293 4295 8584
4238 4242 8472
4218 4229 8420
4279 4285 8541
4171 4260 8424
4297 4299 8565
4107 4297 8401
4110 4231 8329
4292 4300 8554
4289 4297 8556
4256 4266 8517
4230 4262 8461
4259 4286 8530
4143 4181 8299
4269 4282 8513
4199 4282 8470
4190 4233 8419
4131 4215 8314
4184 4245 8413
4265 4282 8509
4223 4260 8477
4177 4222 8377
4144 4192 8320
4273 4292 8548
4269 4288 8521
4194 4262 8452
4184 4270 8449
4237 4273 8486
4284 4288 8566
4110 4202 8310
4285 4289 8541
4106 4113 8212
4168 4255 8407
4264 4295 8529
4173 4300 8458
4229 4262 8490
4256 4266 8492
4226 4290 8497
4160 4237 8371
4160 4256 8391
4105 4124 8193
4193 4213 8392
4211 4279 8463
4279 4288 8560
4232 4258 8486
4219 4230 8436
4235 4280 8510
4226 4241 8456
4157 4178 8320
4247 4296 8538
4103 4214 8286
4261 4277 8516
4228 4230 8449
4293 4296 8553
4250 4272 8503
4174 4265 8420
4270 4291 8537
4128 4212 8314
4255 4285 8516
4214 4246 8458
4223 4224 8420
4184 4202 8369
4238 4268 8502
4131 4176 8296
4129 4300 8419
4212 4228 8404
4239 4292 8499
4180 4214 8389
4298 4300 8581
4207 4239 8426
4292 4297 8555
4102 4257 8348
4202 4278 8458
4209 4281 8454
4212 4224 8417
4150 4299 8411
4200 4214 8396
4249 4295 8523
4269 4284 8546
4119 4261 8349
4117 4206 8295
4185 4284 8462
4194 4241 8432
4166 4258 8387
4201 4262 8432
4242 4271 8479
4190 4231 8405
4227 4264 8486
4213 4230 8412
4145 4188 8323
4191 4294 8482
4258 4284 8504
4193 4264 8450
4209 4258 8451
4127 4152 8242
4106 4220 8320
4272 4284 8520
4250 4273 8490
4160 4161 8282
4205 4290 8460
4273 4280 8550
4257 4296 8551
4238 4298 8506
4192 4261 8442
4223 4270 8459

0.010000 0.680000
