700
1474716
4084 4166 8250
4142 4144 8286
4197 4200 8397
4005 4012 8017
4095 4156 8251
4044 4135 8179
4072 4138 8210
4121 4193 8314
4039 4129 8168
4046 4144 8190
4177 4194 8371
4154 4162 8316
4080 4106 8186
4070 4189 8259
4103 4190 8293
4107 4127 8234
4109 4113 8222
4095 4194 8289
4036 4067 8103
4063 4075 8138
4173 4197 8370
4062 4155 8217
4198 4200 8398
4044 4152 8196
4140 4183 8323
4156 4186 8342
4082 4104 8186
4038 4137 8175
4130 4190 8320
4186 4188 8374
4185 4189 8374
4137 4144 8281
4129 4151 8280
4182 4194 8376
4141 4188 8329
4028 4133 8161
4090 4093 8183
4134 4191 8325
4132 4193 8325
4018 4172 8190
4097 4138 8235
4036 4132 8168
4096 4183 8279
4035 4041 8076
4130 4148 8278
4113 4117 8230
4045 4147 8192
4091 4107 8198
4122 4187 8309
4068 4119 8187
4148 4172 8320
4042 4143 8185
4018 4144 8162
4125 4133 8258
4079 4187 8266
4076 4110 8186
4169 4191 8360
4173 4185 8358
4117 4158 8275
4169 4195 8364
4073 4190 8263
4113 4152 8265
4095 4153 8248
4024 4166 8190
4044 4137 8181
4095 4175 8270
4059 4085 8144
4000 4051 8051
4072 4196 8268
4040 4094 8134
4105 4187 8292
4112 4195 8307
4184 4191 8375
4039 4175 8214
4060 4074 8134
4064 4099 8163
4196 4199 8395
4089 4199 8288
4050 4141 8191
4079 4135 8214
4042 4091 8133
4166 4183 8349
4038 4140 8178
4014 4070 8084
4134 4170 8304
4199 4200 8399
4069 4101 8170
4189 4194 8383
4159 4199 8358
4096 4110 8206
4040 4159 8199
4045 4082 8127
4092 4181 8273
4128 4161 8289
4033 4075 8108
4086 4170 8256
4183 4193 8376
4104 4134 8238
4128 4194 8322
4122 4167 8289
4079 4154 8233
4008 4095 8103
4071 4171 8242
4082 4138 8220
4123 4126 8249
4168 4196 8364
4132 4171 8303
4088 4154 8242
4109 4194 8303
4038 4091 8129
4110 4159 8269
4005 4055 8060
4069 4125 8194
4131 4185 8316
4003 4048 8051
4156 4160 8316
4119 4140 8259
4196 4199 8395
4177 4186 8363
4078 4135 8213
4166 4193 8359
4142 4175 8317
4051 4173 8224
4008 4146 8154
4026 4077 8103
4153 4191 8344
4198 4200 8398
4058 4135 8193
4128 4155 8283
4136 4167 8303
4059 4147 8206
4177 4187 8364
4000 4047 8047
4048 4060 8108
4134 4146 8280
4112 4160 8272
4100 4162 8262
4176 4177 8353
4080 4196 8276
4107 4112 8219
4182 4186 8368
4064 4142 8206
4002 4180 8182
4005 4094 8099
4066 4070 8136
4181 4185 8366
4170 4171 8341
4123 4198 8321
4182 4192 8374
4052 4098 8150
4098 4170 8268
4008 4069 8077
4006 4015 8021
4133 4165 8298
4118 4184 8302
4178 4180 8358
4124 4126 8250
4067 4072 8139
4046 4195 8241
4045 4068 8113
4056 4097 8153
4033 4082 8115
4036 4124 8160
4031 4113 8144
4067 4191 8258
4191 4199 8390
4047 4123 8170
4116 4138 8254
4161 4189 8350
4189 4191 8380
4041 4199 8240
4170 4171 8341
4135 4183 8318
4023 4163 8186
4189 4190 8379
4016 4104 8120
4058 4098 8156
4107 4169 8276
4076 4142 8218
4156 4163 8319
4011 4094 8105
4159 4178 8337
4113 4146 8259
4178 4183 8361
4023 4071 8094
4167 4195 8362
4082 4090 8172
4132 4160 8292
4082 4196 8278
4005 4196 8201
4081 4117 8198
4110 4194 8304
4174 4194 8368
4170 4189 8359
4044 4175 8219
4129 4184 8313
4056 4147 8203
4157 4197 8354
4153 4199 8352
4139 4196 8335
4083 4124 8207
4009 4070 8079
4190 4194 8384
4109 4113 8222
4104 4139 8243
4164 4191 8355
4055 4196 8251
4070 4163 8233
4166 4169 8335
4141 4199 8340
4024 4164 8188
4142 4165 8307
4005 4109 8114
4102 4138 8240
4188 4200 8388
4181 4195 8376
4089 4170 8259
4147 4166 8313
4150 4151 8301
4189 4190 8379
4172 4178 8350
4097 4115 8212
4168 4175 8343
4190 4196 8386
4148 4163 8311
4099 4158 8257
4106 4132 8238
4137 4160 8297
4054 4117 8171
4025 4169 8194
4045 4197 8242
4128 4169 8297
4066 4171 8237
4043 4118 8161
4103 4188 8291
4067 4105 8172
4001 4085 8086
4125 4190 8315
4136 4143 8279
4198 4200 8398
4003 4039 8042
4187 4188 8375
4086 4100 8186
4154 4173 8327
4174 4181 8355
4087 4104 8191
4013 4148 8161
4081 4137 8218
4171 4198 8369
4152 4160 8312
4035 4153 8188
4054 4069 8123
4178 4190 8368
4126 4193 8319
4050 4070 8120
4148 4150 8298
4040 4168 8208
4180 4182 8362
4078 4081 8159
4199 4200 8399
4031 4182 8213
4133 4193 8326
4169 4192 8361
4192 4198 8390
4078 4092 8170
4138 4189 8327
4061 4149 8210
4109 4155 8264
4113 4146 8259
4171 4176 8347
4025 4046 8071
4033 4103 8136
4012 4034 8046
4093 4113 8206
4174 4200 8374
4111 4184 8295
4140 4196 8336
4179 4200 8379
4028 4157 8185
4037 4140 8177
4166 4176 8342
4168 4196 8364
4183 4188 8371
4047 4103 8150
4195 4197 8392
4100 4102 8202
4128 4171 8299
4049 4199 8248
4139 4185 8324
4013 4035 8048
4025 4092 8117
4042 4127 8169
4161 4194 8355
4072 4084 8156
4096 4138 8234
4078 4189 8267
4142 4175 8317
4120 4186 8306
4078 4084 8162
4011 4186 8197
4178 4190 8368
4055 4133 8188
4161 4174 8335
4006 4151 8157
4064 4153 8217
4011 4187 8198
4001 4140 8141
4150 4179 8329
4104 4105 8209
4035 4054 8089
4160 4171 8331
4042 4085 8127
4162 4169 8331
4154 4186 8340
4117 4123 8240
4103 4188 8291
4032 4153 8185
4051 4159 8210
4121 4141 8262
4157 4164 8321
4165 4171 8336
4038 4125 8163
4042 4064 8106
4011 4047 8058
4101 4141 8242
4162 4190 8352
4143 4145 8288
4056 4135 8191
4180 4195 8375
4116 4125 8241
4045 4053 8098
4132 4170 8302
4106 4197 8303
4119 4171 8290
4177 4199 8376
4078 4107 8185
4022 4086 8108
4069 4145 8214
4182 4184 8366
4087 4117 8204
4010 4169 8179
4133 4149 8282
4089 4095 8184
4119 4143 8262
4111 4162 8273
4110 4140 8250
4186 4198 8384
4039 4136 8175
4073 4081 8154
4003 4037 8040
4101 4121 8222
4199 4200 8399
4062 4189 8251
4103 4144 8247
4065 4167 8232
4129 4166 8295
4018 4082 8100
4043 4183 8226
4184 4197 8381
4070 4123 8193
4142 4198 8340
4198 4199 8397
4015 4044 8059
4080 4180 8260
4058 4159 8217
4101 4157 8258
4119 4146 8265
4144 4165 8309
4015 4032 8047
4003 4065 8068
4037 4153 8190
4121 4127 8248
4081 4131 8212
4011 4068 8079
4047 4173 8220
4029 4070 8099
4092 4101 8193
4076 4156 8232
4152 4197 8349
4022 4054 8076
4182 4183 8365
4036 4100 8136
4196 4199 8395
4104 4186 8290
4037 4040 8077
4064 4155 8219
4198 4199 8397
4141 4170 8311
4058 4095 8153
4148 4165 8313
4114 4195 8309
4161 4164 8325
4037 4121 8158
4142 4149 8291
4014 4114 8128
4048 4123 8171
4066 4153 8219
4192 4195 8387
4126 4143 8269
4101 4124 8225
4131 4200 8331
4053 4063 8116
4191 4197 8388
4037 4108 8145
4087 4185 8272
4028 4170 8198
4091 4114 8205
4091 4194 8285
4083 4149 8232
4068 4079 8147
4006 4136 8142
4133 4189 8322
4135 4150 8285
4087 4136 8223
4183 4184 8367
4199 4200 8399
4028 4189 8217
4082 4086 8168
4050 4081 8131
4167 4174 8341
4011 4143 8154
4131 4182 8313
4045 4182 8227
4033 4049 8082
4137 4155 8292
4036 4112 8148
4137 4190 8327
4076 4180 8256
4113 4170 8283
4008 4200 8208
4083 4148 8231
4005 4076 8081
4186 4191 8377
4004 4126 8130
4099 4107 8206
4098 4123 8221
4170 4199 8369
4104 4118 8222
4123 4139 8262
4130 4200 8330
4082 4118 8200
4142 4194 8336
4148 4195 8343
4172 4173 8345
4147 4192 8339
4018 4066 8084
4029 4173 8202
4109 4123 8232
4065 4092 8157
4027 4167 8194
4196 4198 8394
4182 4198 8380
4047 4074 8121
4073 4189 8262
4009 4091 8100
4125 4160 8285
4041 4196 8237
4136 4171 8307
4153 4158 8311
4051 4180 8231
4025 4194 8219
4156 4161 8317
4136 4156 8292
4183 4186 8369
4123 4159 8282
4078 4152 8230
4025 4129 8154
4153 4157 8310
4091 4103 8194
4078 4187 8265
4106 4152 8258
4066 4075 8141
4090 4091 8181
4058 4156 8214
4042 4044 8086
4050 4094 8144
4188 4195 8383
4046 4139 8185
4118 4169 8287
4025 4134 8159
4005 4043 8048
4076 4197 8273
4085 4163 8248
4139 4144 8283
4044 4129 8173
4078 4173 8251
4159 4190 8349
4174 4193 8367
4047 4189 8236
4010 4170 8180
4060 4183 8243
4046 4059 8105
4136 4173 8309
4166 4173 8339
4044 4198 8242
4060 4077 8137
4152 4170 8322
4005 4132 8137
4002 4108 8110
4162 4186 8348
4050 4106 8156
4120 4147 8267
4149 4154 8303
4050 4124 8174
4163 4186 8349
4088 4148 8236
4161 4186 8347
4063 4174 8237
4032 4172 8204
4084 4196 8280
4155 4189 8344
4172 4190 8362
4167 4168 8335
4014 4054 8068
4131 4146 8277
4109 4116 8225
4058 4062 8120
4075 4166 8241
4103 4179 8282
4147 4191 8338
4041 4142 8183
4131 4163 8294
4132 4149 8281
4012 4089 8101
4063 4138 8201
4061 4167 8228
4023 4176 8199
4123 4178 8301
4103 4190 8293
4023 4029 8052
4197 4200 8397
4004 4150 8154
4095 4183 8278
4149 4171 8320
4054 4150 8204
4002 4132 8134
4156 4181 8337
4176 4199 8375
4113 4171 8284
4124 4133 8257
4064 4186 8250
4194 4200 8394
4099 4117 8216
4006 4047 8053
4137 4154 8291
4031 4040 8071
4057 4185 8242
4077 4181 8258
4195 4197 8392
4014 4088 8102
4031 4167 8198
4181 4198 8379
4176 4185 8361
4113 4134 8247
4145 4173 8318
4022 4141 8163
4166 4177 8343
4017 4182 8199
4074 4135 8209
4029 4195 8224
4073 4185 8258
4046 4052 8098
4082 4192 8274
4039 4192 8231
4017 4143 8160
4149 4151 8300
4172 4177 8349
4075 4087 8162
4151 4159 8310
4107 4144 8251
4136 4164 8300
4025 4049 8074
4052 4164 8216
4138 4165 8303
4126 4148 8274
4014 4053 8067
4121 4198 8319
4161 4191 8352
4084 4181 8265
4114 4148 8262
4101 4158 8259
4073 4109 8182
4089 4155 8244
4076 4155 8231
4164 4186 8350
4077 4130 8207
4074 4148 8222
4124 4158 8282
4148 4200 8348
4106 4177 8283
4083 4085 8168
4033 4135 8168
4086 4165 8251
4024 4190 8214
4065 4167 8232
4044 4087 8131
4154 4187 8341
4088 4166 8254
4176 4184 8360
4149 4164 8313
4090 4171 8261
4103 4154 8257
4048 4062 8110
4109 4171 8280
4139 4165 8304
4194 4197 8391
4037 4071 8108
4117 4164 8281
4025 4106 8131
4043 4136 8179
4174 4181 8355
4101 4149 8250
4170 4178 8348
4083 4111 8194
4108 4160 8268
4199 4200 8399
4013 4111 8124
4088 4126 8214
4103 4128 8231
4053 4147 8200
4027 4142 8169
4120 4186 8306
4029 4110 8139
4120 4146 8266
4061 4170 8231
4151 4196 8347
4123 4195 8318
4179 4199 8378
4152 4192 8344
4030 4095 8125
4089 4190 8279
4176 4183 8359
4046 4120 8166
4166 4168 8334
4128 4143 8271
4001 4086 8087
4046 4094 8140
4068 4138 8206
4047 4059 8106
4034 4132 8166
4047 4173 8220
4188 4199 8387
4054 4095 8149
4005 4037 8042
4136 4184 8320
4067 4095 8162
4041 4053 8094
4046 4148 8194
4090 4147 8237
4144 4184 8328
4080 4140 8220
4057 4157 8214
4161 4185 8346
4044 4180 8224
4069 4120 8189
4177 4184 8361
4144 4189 8333
4162 4168 8330
4039 4080 8119
4115 4163 8278
4172 4190 8362
4160 4183 8343
4023 4181 8204
4066 4158 8224
4051 4188 8239
4134 4144 8278
4065 4066 8131
4109 4124 8233
4142 4194 8336
4022 4149 8171
4060 4093 8153
4150 4168 8318
4147 4170 8317
4054 4191 8245
4156 4181 8337
4043 4160 8203
4184 4190 8374
4075 4162 8237
4190 4200 8390
4083 4198 8281
4060 4182 8242
4127 4154 8281
4062 4179 8241
4170 4171 8341
4191 4199 8390
4084 4151 8235
4117 4164 8281
4189 4200 8389
4109 4175 8284
4129 4143 8272
4062 4164 8226
4109 4196 8305
4118 4176 8294
4020 4177 8197
4010 4027 8037
4038 4055 8093
4065 4120 8185
4057 4111 8168
4177 4190 8367
4119 4199 8318

4184 4266 8413
4242 4244 8453
4297 4300 8557
4105 4112 8189
4195 4256 8417
4144 4235 8371
4172 4238 8377
4221 4293 8505
4139 4229 8331
4146 4244 8370
4277 4294 8554
4254 4262 8486
4180 4206 8359
4170 4289 8442
4203 4290 8491
4207 4227 8404
4209 4213 8397
4195 4294 8462
4136 4167 8291
4163 4175 8312
4273 4297 8541
4162 4255 8411
4298 4300 8564
4144 4252 8368
4240 4283 8494
4256 4286 8537
4182 4204 8370
4138 4237 8349
4230 4290 8517
4286 4288 8560
4285 4289 8548
4237 4244 8464
4229 4251 8471
4282 4294 8566
4241 4288 8496
4128 4233 8350
4190 4193 8368
4234 4291 8514
4232 4293 8520
4118 4272 8351
4197 4238 8397
4136 4232 8367
4196 4283 8455
4135 4141 8271
4230 4248 8445
4213 4217 8425
4145 4247 8365
4191 4207 8371
4222 4287 8504
4168 4219 8370
4248 4272 8505
4142 4243 8354
4118 4244 8323
4225 4233 8454
4179 4287 8462
4176 4210 8379
4269 4291 8547
4273 4285 8552
4217 4258 8474
4269 4295 8524
4173 4290 8440
4213 4252 8448
4195 4253 8417
4124 4266 8374
4144 4237 8350
4195 4275 8461
4159 4185 8331
4100 4151 8228
4172 4296 8447
4140 4194 8309
4205 4287 8458
4212 4295 8474
4284 4291 8557
4139 4275 8397
4160 4174 8328
4164 4199 8330
4296 4299 8584
4189 4299 8486
4150 4241 8388
4179 4235 8409
4142 4191 8311
4266 4283 8535
4138 4240 8340
4114 4170 8255
4234 4270 8489
4299 4300 8561
4169 4201 8362
4289 4294 8548
4259 4299 8537
4196 4210 8386
4140 4259 8363
4145 4182 8303
4192 4281 8467
4228 4261 8480
4133 4175 8304
4186 4270 8420
4283 4293 8536
4204 4234 8406
4228 4294 8499
4222 4267 8462
4179 4254 8421
4108 4195 8286
4171 4271 8407
4182 4238 8412
4223 4226 8415
4268 4296 8549
4232 4271 8479
4188 4254 8435
4209 4294 8496
4138 4191 8316
4210 4259 8437
4105 4155 8232
4169 4225 8363
4231 4285 8508
4103 4148 8221
4256 4260 8496
4219 4240 8437
4296 4299 8582
4277 4286 8526
4178 4235 8378
4266 4293 8552
4242 4275 8501
4151 4273 8415
4108 4246 8323
4126 4177 8268
4253 4291 8536
4298 4300 8596
4158 4235 8357
4228 4255 8475
4236 4267 8480
4159 4247 8391
4277 4287 8543
4100 4147 8229
4148 4160 8290
4234 4246 8479
4212 4260 8466
4200 4262 8447
4276 4277 8537
4180 4296 8454
4207 4212 8387
4282 4286 8556
4164 4242 8401
4102 4280 8353
4105 4194 8261
4166 4170 8322
4281 4285 8545
4270 4271 8534
4223 4298 8481
4282 4292 8558
4152 4198 8338
4198 4270 8461
4108 4169 8238
4106 4115 8220
4233 4265 8497
4218 4284 8472
4278 4280 8523
4224 4226 8428
4167 4172 8315
4146 4295 8414
4145 4168 8288
4156 4197 8323
4133 4182 8292
4136 4224 8355
4131 4213 8341
4167 4291 8449
4291 4299 8588
4147 4223 8334
4216 4238 8440
4261 4289 8542
4289 4291 8552
4141 4299 8419
4270 4271 8536
4235 4283 8514
4123 4263 8353
4289 4290 8563
4116 4204 8302
4158 4198 8343
4207 4269 8438
4176 4242 8405
4256 4263 8497
4111 4194 8287
4259 4278 8497
4213 4246 8440
4278 4283 8521
4123 4171 8263
4267 4295 8554
4182 4190 8343
4232 4260 8485
4182 4296 8461
4105 4296 8364
4181 4217 8390
4210 4294 8491
4274 4294 8552
4270 4289 8533
4144 4275 8412
4229 4284 8494
4156 4247 8401
4257 4297 8543
4253 4299 8551
4239 4296 8513
4183 4224 8368
4109 4170 8267
4290 4294 8558
4209 4213 8397
4204 4239 8415
4264 4291 8551
4155 4296 8433
4170 4263 8406
4266 4269 8529
4241 4299 8506
4124 4264 8380
4242 4265 8486
4105 4209 8300
4202 4238 8404
4288 4300 8570
4281 4295 8574
4189 4270 8423
4247 4266 8477
4250 4251 8476
4289 4290 8565
4272 4278 8532
4197 4215 8383
4268 4275 8529
4290 4296 8583
4248 4263 8480
4199 4258 8432
4206 4232 8420
4237 4260 8483
4154 4217 8334
4125 4269 8357
4145 4297 8425
4228 4269 8485
4166 4271 8399
4143 4218 8347
4203 4288 8484
4167 4205 8348
4101 4185 8275
4225 4290 8478
4236 4243 8454
4298 4300 8595
4103 4139 8235
4287 4288 8549
4186 4200 8350
4254 4273 8520
4274 4281 8534
4187 4204 8359
4113 4248 8333
4181 4237 8392
4271 4298 8542
4252 4260 8482
4135 4253 8353
4154 4169 8312
4278 4290 8535
4226 4293 8506
4150 4170 8289
4248 4250 8492
4140 4268 8407
4280 4282 8535
4178 4181 8341
4299 4300 8583
4131 4282 8397
4233 4293 8504
4269 4292 8535
4292 4298 8564
4178 4192 8335
4238 4289 8514
4161 4249 8373
4209 4255 8438
4213 4246 8432
4271 4276 8507
4125 4146 8263
4133 4203 8298
4112 4134 8215
4193 4213 8393
4274 4300 8540
4211 4284 8476
4240 4296 8514
4279 4300 8570
4128 4257 8377
4137 4240 8358
4266 4276 8534
4268 4296 8527
4283 4288 8539
4147 4203 8325
4295 4297 8579
4200 4202 8389
4228 4271 8464
4149 4299 8441
4239 4285 8517
4113 4135 8219
4125 4192 8284
4142 4227 8352
4261 4294 8544
4172 4184 8333
4196 4238 8418
4178 4289 8433
4242 4275 8496
4220 4286 8492
4178 4184 8355
4111 4286 8374
4278 4290 8567
4155 4233 8353
4261 4274 8524
4106 4251 8334
4164 4253 8406
4111 4287 8361
4101 4240 8336
4250 4279 8489
4204 4205 8382
4135 4154 8261
4260 4271 8514
4142 4185 8324
4262 4269 8526
4254 4286 8530
4217 4223 8412
4203 4288 8487
4132 4253 8380
4151 4259 8397
4221 4241 8425
4257 4264 8510
4265 4271 8505
4138 4225 8325
4142 4164 8285
4111 4147 8231
4201 4241 8417
4262 4290 8517
4243 4245 8485
4156 4235 8376
4280 4295 8545
4216 4225 8425
4145 4153 8273
4232 4270 8475
4206 4297 8494
4219 4271 8477
4277 4299 8551
4178 4207 8354
4122 4186 8295
4169 4245 8376
4282 4284 8528
4187 4217 8393
4110 4269 8358
4233 4249 8457
4189 4195 8357
4219 4243 8431
4211 4262 8462
4210 4240 8431
4286 4298 8571
4139 4236 8346
4173 4181 8353
4103 4137 8214
4201 4221 8420
4299 4300 8594
4162 4289 8433
4203 4244 8427
4165 4267 8396
4229 4266 8455
4118 4182 8279
4143 4283 8393
4284 4297 8575
4170 4223 8377
4242 4298 8521
4298 4299 8577
4115 4144 8235
4180 4280 8434
4158 4259 8393
4201 4257 8434
4219 4246 8460
4244 4265 8483
4115 4132 8218
4103 4165 8242
4137 4253 8388
4221 4227 8439
4181 4231 8374
4111 4168 8250
4147 4273 8407
4129 4170 8270
4192 4201 8379
4176 4256 8395
4252 4297 8546
4122 4154 8237
4282 4283 8546
4136 4200 8312
4296 4299 8587
4204 4286 8463
4137 4140 8257
4164 4255 8399
4298 4299 8589
4241 4270 8485
4158 4195 8349
4248 4265 8480
4214 4295 8504
4261 4264 8520
4137 4221 8327
4242 4249 8466
4114 4214 8310
4148 4223 8339
4166 4253 8391
4292 4295 8575
4226 4243 8437
4201 4224 8399
4231 4300 8496
4153 4163 8288
4291 4297 8573
4137 4208 8325
4187 4285 8441
4128 4270 8369
4191 4214 8387
4191 4294 8447
4183 4249 8419
4168 4179 8337
4106 4236 8337
4233 4289 8517
4235 4250 8447
4187 4236 8403
4283 4284 8566
4299 4300 8592
4128 4289 8386
4182 4186 8345
4150 4181 8300
4267 4274 8540
4111 4243 8345
4231 4282 8508
4145 4282 8403
4133 4149 8259
4237 4255 8488
4136 4212 8332
4237 4290 8517
4176 4280 8419
4213 4270 8457
4108 4300 8383
4183 4248 8430
4105 4176 8272
4286 4291 8570
4104 4226 8323
4199 4207 8388
4198 4223 8415
4270 4299 8559
4204 4218 8385
4223 4239 8444
4230 4300 8512
4182 4218 8391
4242 4294 8518
4248 4295 8513
4272 4273 8537
4247 4292 8532
4118 4166 8279
4129 4273 8367
4209 4223 8417
4165 4192 8322
4127 4267 8378
4296 4298 8566
4282 4298 8574
4147 4174 8307
4173 4289 8428
4109 4191 8274
4225 4260 8457
4141 4296 8401
4236 4271 8499
4253 4258 8479
4151 4280 8414
4125 4294 8385
4256 4261 8504
4236 4256 8477
4283 4286 8548
4223 4259 8456
4178 4252 8417
4125 4229 8328
4253 4257 8477
4191 4203 8385
4178 4287 8449
4206 4252 8432
4166 4175 8316
4190 4191 8346
4158 4256 8392
4142 4144 8251
4150 4194 8341
4288 4295 8554
4146 4239 8381
4218 4269 8455
4125 4234 8331
4105 4143 8218
4176 4297 8437
4185 4263 8409
4239 4244 8457
4144 4229 8372
4178 4273 8434
4259 4290 8529
4274 4293 8565
4147 4289 8400
4110 4270 8357
4160 4283 8428
4146 4159 8270
4236 4273 8492
4266 4273 8505
4144 4298 8405
4160 4177 8320
4252 4270 8486
4105 4232 8321
4102 4208 8283
4262 4286 8530
4150 4206 8322
4220 4247 8435
4249 4254 8476
4150 4224 8338
4263 4286 8529
4188 4248 8423
4261 4286 8509
4163 4274 8403
4132 4272 8385
4184 4296 8441
4255 4289 8536
4272 4290 8547
4267 4268 8528
4114 4154 8248
4231 4246 8455
4209 4216 8398
4158 4162 8302
4175 4266 8429
4203 4279 8462
4247 4291 8531
4141 4242 8361
4231 4263 8482
4232 4249 8458
4112 4189 8262
4163 4238 8383
4161 4267 8393
4123 4276 8369
4223 4278 8473
4203 4290 8473
4123 4129 8234
4297 4300 8582
4104 4250 8342
4195 4283 8451
4249 4271 8495
4154 4250 8377
4102 4232 8301
4256 4281 8523
4276 4299 8550
4213 4271 8446
4224 4233 8424
4164 4286 8426
4294 4300 8555
4199 4217 8391
4106 4147 8221
4237 4254 8474
4131 4140 8267
4157 4285 8413
4177 4281 8456
4295 4297 8577
4114 4188 8268
4131 4267 8374
4281 4298 8576
4276 4285 8555
4213 4234 8439
4245 4273 8517
4122 4241 8354
4266 4277 8513
4117 4282 8389
4174 4235 8406
4129 4295 8406
4173 4285 8453
4146 4152 8284
4182 4292 8453
4139 4292 8399
4117 4243 8332
4249 4251 8486
4272 4277 8528
4175 4187 8338
4251 4259 8477
4207 4244 8434
4236 4264 8497
4125 4149 8260
4152 4264 8402
4238 4265 8495
4226 4248 8470
4114 4153 8245
4221 4298 8504
4261 4291 8513
4184 4281 8431
4214 4248 8439
4201 4258 8433
4173 4209 8353
4189 4255 8425
4176 4255 8407
4264 4286 8545
4177 4230 8379
4174 4248 8397
4224 4258 8472
4248 4300 8545
4206 4277 8462
4183 4185 8363
4133 4235 8333
4186 4265 8412
4124 4290 8402
4165 4267 8422
4144 4187 8311
4254 4287 8530
4188 4266 8453
4276 4284 8521
4249 4264 8506
4190 4271 8450
4203 4254 8450
4148 4162 8294
4209 4271 8470
4239 4265 8481
4294 4297 8575
4137 4171 8300
4217 4264 8445
4125 4206 8308
4143 4236 8345
4274 4281 8525
4201 4249 8424
4270 4278 8536
4183 4211 8375
4208 4260 8431
4299 4300 8576
4113 4211 8301
4188 4226 8379
4203 4228 8392
4153 4247 8398
4127 4242 8341
4220 4286 8479
4129 4210 8333
4220 4246 8429
4161 4270 8393
4251 4296 8531
4223 4295 8487
4279 4299 8560
4252 4292 8540
4130 4195 8289
4189 4290 8441
4276 4283 8544
4146 4220 8355
4266 4268 8524
4228 4243 8450
4101 4186 8254
4146 4194 8326
4168 4238 8398
4147 4159 8284
4134 4232 8356
4147 4273 8419
4288 4299 8569
4154 4195 8339
4105 4137 8241
4236 4284 8497
4167 4195 8334
4141 4153 8279
4146 4248 8359
4190 4247 8411
4244 4284 8498
4180 4240 8410
4157 4257 8413
4261 4285 8519
4144 4280 8405
4169 4220 8351
4277 4284 8532
4244 4289 8493
4262 4268 8502
4139 4180 8300
4215 4263 8449
4272 4290 8561
4260 4283 8528
4123 4281 8387
4166 4258 8387
4151 4288 8417
4234 4244 8444
4165 4166 8320
4209 4224 8429
4242 4294 8502
4122 4249 8361
4160 4193 8341
4250 4268 8505
4247 4270 8510
4154 4291 8427
4256 4281 8498
4143 4260 8387
4284 4290 8557
4175 4262 8431
4290 4300 8571
4183 4298 8459
4160 4282 8412
4227 4254 8457
4162 4279 8423
4270 4271 8512
4291 4299 8577
4184 4251 8403
4217 4264 8477
4289 4300 8568
4209 4275 8482
4229 4243 8436
4162 4264 8405
4209 4296 8504
4218 4276 8460
4120 4277 8371
4110 4127 8217
4138 4155 8267
4165 4220 8352
4157 4211 8367
4277 4290 8564
4219 4299 8480

0.010000 0.250000
