1000
6153904
4162 4175 8337
4126 4143 8269
4089 4181 8270
4032 4098 8130
4127 4131 8258
4112 4185 8297
4101 4134 8235
4117 4133 8250
4193 4200 8393
4128 4187 8315
4005 4157 8162
4108 4193 8301
4169 4191 8360
4199 4200 8399
4034 4132 8166
4006 4063 8069
4193 4199 8392
4047 4077 8124
4037 4039 8076
4016 4197 8213
4142 4194 8336
4133 4143 8276
4017 4089 8106
4076 4181 8257
4104 4181 8285
4153 4185 8338
4038 4090 8128
4178 4186 8364
4104 4171 8275
4120 4122 8242
4000 4118 8118
4120 4123 8243
4010 4135 8145
4096 4179 8275
4191 4192 8383
4007 4152 8159
4147 4166 8313
4117 4200 8317
4169 4184 8353
4111 4150 8261
4140 4186 8326
4115 4166 8281
4158 4174 8332
4141 4198 8339
4169 4193 8362
4092 4125 8217
4106 4149 8255
4139 4190 8329
4123 4156 8279
4156 4171 8327
4176 4179 8355
4160 4162 8322
4149 4197 8346
4139 4196 8335
4005 4037 8042
4129 4187 8316
4173 4190 8363
4106 4184 8290
4027 4128 8155
4136 4191 8327
4185 4191 8376
4064 4089 8153
4016 4166 8182
4010 4048 8058
4141 4195 8336
4015 4095 8110
4134 4141 8275
4039 4196 8235
4058 4092 8150
4058 4061 8119
4060 4171 8231
4053 4191 8244
4001 4122 8123
4169 4194 8363
4013 4025 8038
4061 4076 8137
4056 4117 8173
4079 4167 8246
4096 4165 8261
4026 4064 8090
4141 4160 8301
4019 4146 8165
4032 4042 8074
4133 4187 8320
4065 4168 8233
4141 4163 8304
4061 4124 8185
4134 4140 8274
4159 4163 8322
4010 4094 8104
4091 4146 8237
4008 4141 8149
4093 4095 8188
4164 4173 8337
4161 4165 8326
4163 4173 8336
4139 4181 8320
4131 4153 8284
4101 4149 8250
4111 4119 8230
4010 4062 8072
4047 4050 8097
4135 4152 8287
4111 4136 8247
4062 4189 8251
4034 4140 8174
4123 4161 8284
4075 4195 8270
4096 4154 8250
4017 4124 8141
4139 4149 8288
4050 4102 8152
4157 4174 8331
4114 4155 8269
4005 4173 8178
4047 4120 8167
4115 4187 8302
4084 4086 8170
4104 4185 8289
4194 4198 8392
4198 4199 8397
4186 4198 8384
4117 4193 8310
4186 4198 8384
4182 4183 8365
4193 4197 8390
4044 4087 8131
4081 4182 8263
4172 4199 8371
4052 4070 8122
4077 4181 8258
4000 4040 8040
4196 4199 8395
4197 4199 8396
4169 4188 8357
4092 4183 8275
4141 4152 8293
4111 4150 8261
4008 4174 8182
4120 4179 8299
4063 4139 8202
4096 4161 8257
4084 4187 8271
4004 4093 8097
4037 4060 8097
4108 4121 8229
4094 4187 8281
4110 4154 8264
4060 4122 8182
4151 4171 8322
4167 4175 8342
4159 4195 8354
4082 4193 8275
4074 4189 8263
4058 4073 8131
4024 4199 8223
4179 4183 8362
4097 4110 8207
4025 4136 8161
4078 4098 8176
4136 4138 8274
4003 4168 8171
4077 4164 8241
4043 4077 8120
4081 4115 8196
4123 4134 8257
4155 4179 8334
4054 4183 8237
4141 4182 8323
4014 4090 8104
4123 4159 8282
4132 4144 8276
4103 4111 8214
4150 4199 8349
4066 4160 8226
4024 4150 8174
4172 4173 8345
4150 4187 8337
4131 4191 8322
4089 4103 8192
4034 4184 8218
4190 4198 8388
4034 4043 8077
4123 4186 8309
4163 4174 8337
4000 4147 8147
4066 4098 8164
4065 4111 8176
4115 4180 8295
4155 4181 8336
4143 4147 8290
4048 4119 8167
4183 4186 8369
4095 4107 8202
4182 4188 8370
4173 4177 8350
4071 4105 8176
4146 4155 8301
4132 4188 8320
4195 4200 8395
4093 4113 8206
4082 4087 8169
4085 4170 8255
4103 4167 8270
4071 4191 8262
4075 4109 8184
4198 4199 8397
4158 4180 8338
4041 4166 8207
4114 4151 8265
4013 4107 8120
4050 4132 8182
4151 4162 8313
4090 4128 8218
4168 4184 8352
4159 4166 8325
4082 4179 8261
4014 4135 8149
4092 4130 8222
4052 4083 8135
4168 4184 8352
4088 4195 8283
4055 4182 8237
4159 4190 8349
4057 4075 8132
4193 4200 8393
4040 4142 8182
4185 4191 8376
4048 4058 8106
4153 4170 8323
4157 4199 8356
4060 4173 8233
4183 4192 8375
4072 4125 8197
4045 4048 8093
4089 4187 8276
4127 4185 8312
4141 4163 8304
4080 4146 8226
4134 4172 8306
4118 4169 8287
4023 4065 8088
4004 4076 8080
4183 4200 8383
4057 4085 8142
4042 4126 8168
4050 4072 8122
4115 4163 8278
4101 4106 8207
4147 4165 8312
4120 4175 8295
4122 4166 8288
4017 4169 8186
4078 4086 8164
4064 4136 8200
4165 4183 8348
4191 4194 8385
4047 4174 8221
4194 4199 8393
4134 4150 8284
4099 4196 8295
4136 4172 8308
4102 4173 8275
4073 4114 8187
4154 4161 8315
4194 4195 8389
4052 4084 8136
4105 4169 8274
4039 4113 8152
4054 4096 8150
4023 4074 8097
4055 4106 8161
4130 4144 8274
4021 4149 8170
4199 4200 8399
4041 4149 8190
4114 4155 8269
4038 4157 8195
4143 4174 8317
4023 4033 8056
4013 4153 8166
4088 4161 8249
4199 4200 8399
4171 4198 8369
4118 4134 8252
4088 4142 8230
4195 4198 8393
4088 4109 8197
4143 4198 8341
4196 4200 8396
4124 4151 8275
4171 4189 8360
4183 4185 8368
4159 4160 8319
4054 4100 8154
4065 4194 8259
4142 4189 8331
4111 4200 8311
4089 4108 8197
4033 4112 8145
4151 4183 8334
4053 4193 8246
4156 4169 8325
4107 4181 8288
4165 4173 8338
4173 4188 8361
4191 4199 8390
4039 4096 8135
4185 4199 8384
4143 4182 8325
4160 4167 8327
4154 4189 8343
4131 4135 8266
4076 4159 8235
4145 4186 8331
4158 4175 8333
4135 4175 8310
4139 4144 8283
4016 4169 8185
4138 4181 8319
4026 4116 8142
4029 4112 8141
4175 4194 8369
4073 4193 8266
4006 4124 8130
4119 4190 8309
4181 4190 8371
4086 4200 8286
4003 4052 8055
4040 4059 8099
4069 4083 8152
4143 4190 8333
4047 4106 8153
4187 4193 8380
4158 4164 8322
4048 4147 8195
4031 4120 8151
4030 4105 8135
4108 4128 8236
4155 4162 8317
4110 4181 8291
4155 4172 8327
4060 4089 8149
4126 4179 8305
4189 4198 8387
4103 4185 8288
4037 4133 8170
4005 4130 8135
4004 4159 8163
4097 4167 8264
4078 4192 8270
4129 4137 8266
4049 4141 8190
4092 4187 8279
4187 4188 8375
4016 4039 8055
4143 4181 8324
4183 4195 8378
4004 4189 8193
4158 4185 8343
4089 4186 8275
4083 4091 8174
4008 4186 8194
4004 4148 8152
4015 4120 8135
4135 4192 8327
4054 4080 8134
4151 4159 8310
4064 4137 8201
4128 4177 8305
4109 4123 8232
4123 4155 8278
4169 4194 8363
4181 4196 8377
4020 4084 8104
4137 4141 8278
4117 4163 8280
4049 4069 8118
4156 4185 8341
4126 4139 8265
4037 4070 8107
4129 4153 8282
4149 4158 8307
4189 4198 8387
4139 4193 8332
4112 4148 8260
4103 4126 8229
4000 4133 8133
4010 4190 8200
4191 4194 8385
4155 4160 8315
4114 4120 8234
4136 4149 8285
4099 4144 8243
4081 4122 8203
4111 4164 8275
4055 4083 8138
4049 4094 8143
4187 4189 8376
4136 4159 8295
4088 4108 8196
4124 4151 8275
4082 4195 8277
4144 4166 8310
4081 4164 8245
4122 4150 8272
4032 4053 8085
4092 4159 8251
4065 4125 8190
4115 4157 8272
4078 4168 8246
4066 4080 8146
4050 4147 8197
4035 4159 8194
4015 4171 8186
4192 4196 8388
4015 4078 8093
4009 4185 8194
4164 4185 8349
4120 4121 8241
4031 4141 8172
4184 4195 8379
4153 4162 8315
4138 4156 8294
4144 4160 8304
4125 4187 8312
4169 4170 8339
4090 4192 8282
4071 4134 8205
4082 4193 8275
4182 4186 8368
4194 4195 8389
4151 4197 8348
4129 4153 8282
4020 4197 8217
4010 4096 8106
4008 4139 8147
4124 4176 8300
4071 4076 8147
4079 4142 8221
4043 4118 8161
4084 4184 8268
4082 4192 8274
4129 4156 8285
4004 4127 8131
4024 4157 8181
4105 4131 8236
4057 4182 8239
4191 4193 8384
4152 4175 8327
4009 4193 8202
4170 4181 8351
4038 4103 8141
4105 4172 8277
4095 4154 8249
4085 4094 8179
4065 4177 8242
4195 4197 8392
4047 4136 8183
4059 4141 8200
4175 4194 8369
4192 4200 8392
4079 4110 8189
4134 4169 8303
4061 4139 8200
4071 4199 8270
4179 4197 8376
4113 4122 8235
4053 4192 8245
4098 4185 8283
4026 4063 8089
4193 4195 8388
4050 4173 8223
4164 4165 8329
4176 4188 8364
4115 4191 8306
4129 4159 8288
4071 4173 8244
4070 4093 8163
4111 4194 8305
4098 4180 8278
4196 4197 8393
4175 4186 8361
4068 4077 8145
4103 4109 8212
4034 4157 8191
4029 4107 8136
4093 4177 8270
4012 4013 8025
4156 4195 8351
4124 4156 8280
4099 4108 8207
4056 4124 8180
4142 4152 8294
4165 4181 8346
4077 4155 8232
4147 4156 8303
4167 4193 8360
4078 4170 8248
4133 4196 8329
4057 4124 8181
4061 4125 8186
4136 4180 8316
4012 4097 8109
4110 4175 8285
4012 4063 8075
4169 4188 8357
4184 4189 8373
4034 4167 8201
4152 4192 8344
4172 4199 8371
4195 4200 8395
4063 4114 8177
4085 4196 8281
4070 4182 8252
4095 4163 8258
4106 4190 8296
4124 4184 8308
4018 4064 8082
4008 4149 8157
4119 4183 8302
4008 4139 8147
4143 4185 8328
4018 4119 8137
4104 4166 8270
4193 4195 8388
4049 4096 8145
4149 4159 8308
4095 4104 8199
4120 4122 8242
4006 4166 8172
4149 4177 8326
4002 4180 8182
4163 4185 8348
4090 4106 8196
4022 4029 8051
4103 4142 8245
4107 4134 8241
4037 4174 8211
4127 4178 8305
4032 4133 8165
4020 4102 8122
4155 4170 8325
4029 4085 8114
4136 4195 8331
4179 4184 8363
4093 4151 8244
4059 4178 8237
4031 4032 8063
4126 4180 8306
4142 4152 8294
4159 4161 8320
4147 4187 8334
4176 4190 8366
4009 4192 8201
4120 4195 8315
4089 4120 8209
4179 4196 8375
4114 4125 8239
4158 4187 8345
4050 4092 8142
4186 4193 8379
4114 4169 8283
4035 4115 8150
4113 4172 8285
4094 4097 8191
4055 4182 8237
4120 4171 8291
4100 4135 8235
4113 4122 8235
4051 4113 8164
4193 4195 8388
4177 4192 8369
4089 4147 8236
4084 4120 8204
4077 4112 8189
4124 4187 8311
4031 4120 8151
4181 4196 8377
4063 4188 8251
4142 4177 8319
4032 4131 8163
4195 4197 8392
4114 4120 8234
4145 4164 8309
4099 4180 8279
4130 4167 8297
4037 4176 8213
4017 4122 8139
4003 4153 8156
4065 4122 8187
4026 4066 8092
4149 4157 8306
4006 4148 8154
4155 4198 8353
4157 4163 8320
4054 4125 8179
4078 4180 8258
4120 4146 8266
4050 4155 8205
4031 4060 8091
4183 4197 8380
4052 4182 8234
4062 4104 8166
4167 4171 8338
4018 4039 8057
4135 4142 8277
4178 4191 8369
4155 4161 8316
4008 4060 8068
4101 4118 8219
4141 4142 8283
4072 4125 8197
4067 4110 8177
4054 4075 8129
4089 4111 8200
4087 4120 8207
4105 4119 8224
4009 4173 8182
4192 4198 8390
4106 4112 8218
4105 4162 8267
4053 4196 8249
4016 4021 8037
4182 4195 8377
4043 4197 8240
4145 4175 8320
4011 4175 8186
4098 4179 8277
4178 4194 8372
4052 4104 8156
4067 4096 8163
4016 4033 8049
4020 4133 8153
4175 4182 8357
4142 4156 8298
4001 4027 8028
4028 4105 8133
4067 4172 8239
4189 4198 8387
4117 4192 8309
4199 4200 8399
4053 4125 8178
4051 4140 8191
4195 4198 8393
4062 4123 8185
4177 4187 8364
4012 4077 8089
4071 4200 8271
4010 4070 8080
4151 4174 8325
4010 4139 8149
4010 4145 8155
4030 4039 8069
4079 4178 8257
4103 4104 8207
4167 4194 8361
4145 4195 8340
4067 4132 8199
4023 4050 8073
4187 4192 8379
4090 4114 8204
4068 4116 8184
4037 4083 8120
4029 4062 8091
4016 4122 8138
4125 4152 8277
4001 4109 8110
4190 4195 8385
4017 4065 8082
4120 4122 8242
4039 4058 8097
4059 4173 8232
4011 4039 8050
4039 4099 8138
4082 4114 8196
4129 4156 8285
4081 4100 8181
4108 4184 8292
4154 4156 8310
4120 4134 8254
4047 4143 8190
4091 4119 8210
4171 4172 8343
4195 4197 8392
4121 4134 8255
4190 4196 8386
4008 4055 8063
4111 4198 8309
4080 4081 8161
4169 4182 8351
4176 4194 8370
4043 4079 8122
4182 4194 8376
4000 4168 8168
4102 4168 8270
4071 4105 8176
4148 4169 8317
4070 4152 8222
4166 4180 8346
4152 4158 8310
4080 4112 8192
4056 4092 8148
4038 4143 8181
4011 4070 8081
4140 4190 8330
4185 4186 8371
4050 4184 8234
4128 4134 8262
4060 4132 8192
4103 4153 8256
4164 4191 8355
4177 4178 8355
4104 4118 8222
4198 4200 8398
4155 4168 8323
4196 4200 8396
4162 4199 8361
4155 4178 8333
4163 4188 8351
4077 4130 8207
4137 4189 8326
4100 4140 8240
4117 4193 8310
4024 4052 8076
4191 4193 8384
4031 4171 8202
4087 4168 8255
4134 4198 8332
4078 4126 8204
4113 4171 8284
4198 4199 8397
4110 4174 8284
4018 4161 8179
4176 4177 8353
4106 4118 8224
4070 4121 8191
4066 4145 8211
4059 4171 8230
4067 4192 8259
4090 4163 8253
4008 4170 8178
4033 4130 8163
4138 4160 8298
4148 4164 8312
4187 4190 8377
4039 4180 8219
4098 4103 8201
4125 4173 8298
4138 4163 8301
4054 4086 8140
4143 4161 8304
4155 4181 8336
4123 4132 8255
4004 4072 8076
4023 4063 8086
4100 4128 8228
4091 4178 8269
4090 4154 8244
4024 4099 8123
4034 4107 8141
4193 4195 8388
4118 4155 8273
4049 4180 8229
4096 4150 8246
4101 4144 8245
4107 4184 8291
4045 4200 8245
4084 4132 8216
4158 4189 8347
4054 4192 8246
4068 4170 8238
4053 4168 8221
4196 4200 8396
4122 4153 8275
4148 4150 8298
4192 4200 8392
4058 4108 8166
4015 4120 8135
4167 4196 8363
4102 4121 8223
4104 4193 8297
4014 4141 8155
4006 4174 8180
4056 4174 8230
4167 4188 8355
4128 4151 8279
4062 4142 8204
4077 4174 8251
4029 4083 8112
4024 4086 8110
4193 4196 8389
4076 4162 8238
4162 4164 8326
4087 4199 8286
4135 4167 8302
4150 4191 8341
4172 4194 8366
4183 4198 8381
4029 4039 8068
4030 4137 8167
4103 4179 8282
4066 4112 8178
4159 4196 8355
4163 4164 8327
4073 4110 8183
4139 4169 8308
4177 4184 8361
4061 4089 8150
4028 4149 8177
4157 4173 8330
4060 4145 8205
4183 4193 8376
4020 4186 8206
4084 4122 8206
4182 4192 8374
4084 4182 8266
4147 4149 8296
4049 4107 8156
4066 4114 8180
4037 4136 8173
4146 4167 8313
4194 4198 8392
4081 4122 8203
4154 4196 8350
4107 4182 8289
4017 4132 8149
4096 4179 8275
4016 4085 8101
4172 4175 8347
4124 4140 8264
4148 4193 8341
4002 4011 8013
4110 4179 8289
4054 4166 8220
4098 4115 8213
4003 4046 8049
4085 4105 8190
4172 4183 8355
4091 4117 8208
4163 4192 8355
4098 4196 8294
4130 4154 8284
4063 4145 8208
4072 4178 8250
4047 4050 8097
4055 4072 8127
4016 4097 8113
4199 4200 8399
4033 4121 8154
4111 4159 8270
4026 4146 8172
4171 4188 8359
4196 4199 8395
4079 4141 8220
4194 4197 8391
4126 4139 8265
4171 4180 8351
4071 4134 8205
4003 4023 8026
4150 4194 8344
4047 4144 8191
4035 4041 8076
4136 4186 8322
4194 4198 8392
4137 4166 8303
4178 4191 8369
4142 4188 8330
4101 4164 8265
4050 4169 8219
4188 4190 8378
4128 4162 8290
4162 4180 8342
4154 4169 8323
4030 4161 8191
4097 4128 8225
4073 4080 8153
4015 4081 8096
4040 4056 8096
4132 4155 8287
4017 4183 8200
4145 4156 8301
4121 4195 8316
4000 4052 8052
4007 4059 8066
4098 4102 8200
4104 4140 8244
4074 4088 8162
4166 4169 8335
4018 4117 8135
4047 4053 8100
4122 4164 8286
4112 4163 8275
4116 4190 8306
4164 4176 8340
4170 4182 8352
4180 4190 8370
4098 4114 8212
4032 4155 8187
4011 4026 8037
4057 4105 8162
4192 4195 8387
4172 4182 8354
4105 4191 8296
4050 4140 8190
4102 4134 8236
4152 4194 8346
4105 4135 8240
4034 4089 8123
4127 4192 8319
4062 4082 8144
4130 4159 8289
4146 4150 8296
4121 4181 8302
4119 4169 8288
4066 4187 8253
4049 4197 8246
4141 4194 8335
4045 4156 8201
4114 4124 8238
4044 4112 8156
4097 4150 8247
4137 4156 8293
4179 4182 8361
4102 4130 8232
4195 4200 8395
4046 4073 8119
4073 4101 8174
4034 4042 8076
4129 4131 8260
4070 4105 8175
4184 4186 8370
4110 4168 8278
4165 4193 8358
4091 4146 8237
4022 4107 8129
4139 4165 8304
4102 4130 8232
4057 4184 8241
4065 4119 8184
4179 4195 8374
4020 4107 8127
4130 4138 8268
4154 4166 8320
4154 4155 8309
4123 4191 8314
4082 4195 8277
4137 4160 8297
4041 4105 8146
4084 4177 8261
4093 4127 8220
4049 4057 8106
4119 4149 8268
4143 4172 8315
4070 4199 8269
4031 4186 8217
4064 4129 8193
4077 4166 8243
4130 4161 8291
4047 4163 8210
4083 4096 8179
4180 4185 8365
4116 4129 8245
4134 4152 8286
4110 4155 8265
4099 4106 8205
4058 4066 8124
4119 4143 8262
4101 4139 8240
4065 4076 8141
4040 4105 8145
4143 4200 8343
4068 4126 8194
4168 4185 8353
4068 4163 8231
4195 4199 8394
4162 4167 8329
4031 4106 8137
4082 4115 8197
4116 4185 8301
4103 4133 8236
4023 4104 8127
4121 4174 8295
4193 4199 8392
4006 4087 8093
4013 4153 8166
4173 4191 8364
4157 4198 8355
4047 4200 8247
4185 4196 8381
4079 4194 8273
4170 4197 8367
4142 4172 8314
4125 4151 8276
4091 4177 8268
4134 4150 8284
4081 4200 8281
4058 4144 8202
4040 4050 8090
4115 4175 8290

4262 4275 8515
4226 4243 8459
4189 4281 8462
4132 4198 8309
4227 4231 8455
4212 4285 8492
4201 4234 8411
4217 4233 8423
4293 4300 8571
4228 4287 8500
4105 4257 8331
4208 4293 8485
4269 4291 8553
4299 4300 8574
4134 4232 8354
4106 4163 8242
4293 4299 8591
4147 4177 8302
4137 4139 8238
4116 4297 8383
4242 4294 8516
4233 4243 8463
4117 4189 8292
4176 4281 8420
4204 4281 8460
4253 4285 8498
4138 4190 8303
4278 4286 8546
4204 4271 8450
4220 4222 8405
4100 4218 8300
4220 4223 8441
4110 4235 8317
4196 4279 8464
4291 4292 8579
4107 4252 8320
4247 4266 8502
4217 4300 8500
4269 4284 8517
4211 4250 8444
4240 4286 8506
4215 4266 8457
4258 4274 8504
4241 4298 8529
4269 4293 8537
4192 4225 8395
4206 4249 8450
4239 4290 8507
4223 4256 8455
4256 4271 8492
4276 4279 8535
4260 4262 8495
4249 4297 8521
4239 4296 8496
4105 4137 8212
4229 4287 8484
4273 4290 8554
4206 4284 8477
4127 4228 8346
4236 4291 8506
4285 4291 8543
4164 4189 8319
4116 4266 8376
4110 4148 8237
4241 4295 8514
4115 4195 8279
4234 4241 8445
4139 4296 8397
4158 4192 8332
4158 4161 8294
4160 4271 8411
4153 4291 8428
4101 4222 8316
4269 4294 8544
4113 4125 8201
4161 4176 8312
4156 4217 8352
4179 4267 8431
4196 4265 8430
4126 4164 8256
4241 4260 8493
4119 4246 8336
4132 4142 8246
4233 4287 8490
4165 4268 8399
4241 4263 8469
4161 4224 8382
4234 4240 8461
4259 4263 8502
4110 4194 8282
4191 4246 8421
4108 4241 8311
4193 4195 8349
4264 4273 8503
4261 4265 8494
4263 4273 8513
4239 4281 8483
4231 4253 8473
4201 4249 8448
4211 4219 8424
4110 4162 8265
4147 4150 8291
4235 4252 8469
4211 4236 8441
4162 4289 8420
4134 4240 8347
4223 4261 8448
4175 4295 8456
4196 4254 8428
4117 4224 8318
4239 4249 8482
4150 4202 8322
4257 4274 8491
4214 4255 8458
4105 4273 8358
4147 4220 8344
4215 4287 8463
4184 4186 8367
4204 4285 8480
4294 4298 8555
4298 4299 8587
4286 4298 8574
4217 4293 8502
4286 4298 8579
4282 4283 8552
4293 4297 8565
4144 4187 8296
4181 4282 8446
4272 4299 8547
4152 4170 8296
4177 4281 8419
4100 4140 8209
4296 4299 8562
4297 4299 8565
4269 4288 8522
4192 4283 8466
4241 4252 8471
4211 4250 8428
4108 4274 8353
4220 4279 8467
4163 4239 8371
4196 4261 8427
4184 4287 8452
4104 4193 8267
4137 4160 8273
4208 4221 8395
4194 4287 8448
4210 4254 8452
4160 4222 8351
4251 4271 8517
4267 4275 8519
4259 4295 8541
4182 4293 8458
4174 4289 8442
4158 4173 8329
4124 4299 8384
4279 4283 8555
4197 4210 8381
4125 4236 8331
4178 4198 8342
4236 4238 8442
4103 4268 8341
4177 4264 8404
4143 4177 8309
4181 4215 8379
4223 4234 8449
4255 4279 8511
4154 4283 8409
4241 4282 8509
4114 4190 8273
4223 4259 8443
4232 4244 8439
4203 4211 8396
4250 4299 8541
4166 4260 8391
4124 4250 8368
4272 4273 8544
4250 4287 8500
4231 4291 8509
4189 4203 8382
4134 4284 8405
4290 4298 8576
4134 4143 8257
4223 4286 8501
4263 4274 8509
4100 4247 8310
4166 4198 8362
4165 4211 8371
4215 4280 8473
4255 4281 8519
4243 4247 8474
4148 4219 8328
4283 4286 8549
4195 4207 8390
4282 4288 8530
4273 4277 8533
4171 4205 8372
4246 4255 8470
4232 4288 8488
4295 4300 8575
4193 4213 8367
4182 4187 8354
4185 4270 8454
4203 4267 8450
4171 4291 8446
4175 4209 8371
4298 4299 8559
4258 4280 8524
4141 4266 8371
4214 4251 8461
4113 4207 8283
4150 4232 8356
4251 4262 8498
4190 4228 8383
4268 4284 8534
4259 4266 8521
4182 4279 8448
4114 4235 8319
4192 4230 8416
4152 4183 8314
4268 4284 8529
4188 4295 8453
4155 4282 8419
4259 4290 8521
4157 4175 8327
4293 4300 8575
4140 4242 8360
4285 4291 8575
4148 4158 8279
4253 4270 8488
4257 4299 8520
4160 4273 8404
4283 4292 8541
4172 4225 8374
4145 4148 8277
4189 4287 8461
4227 4285 8496
4241 4263 8492
4180 4246 8422
4234 4272 8473
4218 4269 8474
4123 4165 8258
4104 4176 8257
4283 4300 8552
4157 4185 8324
4142 4226 8335
4150 4172 8294
4215 4263 8444
4201 4206 8391
4247 4265 8498
4220 4275 8486
4222 4266 8457
4117 4269 8377
4178 4186 8355
4164 4236 8369
4265 4283 8545
4291 4294 8575
4147 4274 8393
4294 4299 8574
4234 4250 8451
4199 4296 8470
4236 4272 8488
4202 4273 8470
4173 4214 8353
4254 4261 8494
4294 4295 8568
4152 4184 8321
4205 4269 8439
4139 4213 8337
4154 4196 8315
4123 4174 8266
4155 4206 8331
4230 4244 8451
4121 4249 8367
4299 4300 8560
4141 4249 8386
4214 4255 8442
4138 4257 8365
4243 4274 8488
4123 4133 8233
4113 4253 8331
4188 4261 8431
4299 4300 8578
4271 4298 8537
4218 4234 8447
4188 4242 8392
4295 4298 8574
4188 4209 8382
4243 4298 8521
4296 4300 8593
4224 4251 8442
4271 4289 8558
4283 4285 8529
4259 4260 8485
4154 4200 8328
4165 4294 8447
4242 4289 8492
4211 4300 8479
4189 4208 8385
4133 4212 8307
4251 4283 8523
4153 4293 8442
4256 4269 8513
4207 4281 8456
4265 4273 8504
4273 4288 8536
4291 4299 8553
4139 4196 8323
4285 4299 8573
4243 4282 8489
4260 4267 8493
4254 4289 8524
4231 4235 8436
4176 4259 8431
4245 4286 8513
4258 4275 8517
4235 4275 8485
4239 4244 8444
4116 4269 8369
4238 4281 8508
4126 4216 8320
4129 4212 8335
4275 4294 8559
4173 4293 8463
4106 4224 8308
4219 4290 8496
4281 4290 8554
4186 4300 8468
4103 4152 8217
4140 4159 8267
4169 4183 8349
4243 4290 8520
4147 4206 8341
4287 4293 8545
4258 4264 8509
4148 4247 8367
4131 4220 8331
4130 4205 8325
4208 4228 8410
4255 4262 8489
4210 4281 8454
4255 4272 8526
4160 4189 8338
4226 4279 8467
4289 4298 8559
4203 4285 8478
4137 4233 8336
4105 4230 8322
4104 4259 8352
4197 4267 8452
4178 4292 8444
4229 4237 8453
4149 4241 8375
4192 4287 8468
4287 4288 8561
4116 4139 8219
4243 4281 8487
4283 4295 8548
4104 4289 8382
4258 4285 8521
4189 4286 8440
4183 4191 8340
4108 4286 8373
4104 4248 8331
4115 4220 8308
4235 4292 8518
4154 4180 8299
4251 4259 8489
4164 4237 8400
4228 4277 8468
4209 4223 8425
4223 4255 8468
4269 4294 8555
4281 4296 8546
4120 4184 8274
4237 4241 8459
4217 4263 8451
4149 4169 8299
4256 4285 8501
4226 4239 8461
4137 4170 8281
4229 4253 8445
4249 4258 8485
4289 4298 8577
4239 4293 8505
4212 4248 8435
4203 4226 8400
4100 4233 8327
4110 4290 8374
4291 4294 8574
4255 4260 8485
4214 4220 8424
4236 4249 8450
4199 4244 8426
4181 4222 8370
4211 4264 8466
4155 4183 8325
4149 4194 8304
4287 4289 8544
4236 4259 8471
4188 4208 8370
4224 4251 8438
4182 4295 8465
4244 4266 8490
4181 4264 8442
4222 4250 8441
4132 4153 8260
4192 4259 8414
4165 4225 8351
4215 4257 8433
4178 4268 8429
4166 4180 8313
4150 4247 8366
4135 4259 8369
4115 4271 8375
4292 4296 8553
4115 4178 8289
4109 4285 8377
4264 4285 8510
4220 4221 8411
4131 4241 8357
4284 4295 8541
4253 4262 8489
4238 4256 8465
4244 4260 8465
4225 4287 8496
4269 4270 8529
4190 4292 8456
4171 4234 8392
4182 4293 8448
4282 4286 8566
4294 4295 8556
4251 4297 8547
4229 4253 8465
4120 4297 8406
4110 4196 8267
4108 4239 8328
4224 4276 8469
4171 4176 8343
4179 4242 8415
4143 4218 8350
4184 4284 8434
4182 4292 8473
4229 4256 8459
4104 4227 8305
4124 4257 8360
4205 4231 8423
4157 4282 8400
4291 4293 8546
4252 4275 8524
4109 4293 8364
4270 4281 8541
4138 4203 8311
4205 4272 8447
4195 4254 8420
4185 4194 8356
4165 4277 8411
4295 4297 8586
4147 4236 8375
4159 4241 8390
4275 4294 8540
4292 4300 8586
4179 4210 8369
4234 4269 8476
4161 4239 8387
4171 4299 8450
4279 4297 8571
4213 4222 8404
4153 4292 8428
4198 4285 8468
4126 4163 8251
4293 4295 8577
4150 4273 8384
4264 4265 8501
4276 4288 8537
4215 4291 8494
4229 4259 8472
4171 4273 8443
4170 4193 8338
4211 4294 8497
4198 4280 8462
4296 4297 8576
4275 4286 8558
4168 4177 8336
4203 4209 8403
4134 4257 8381
4129 4207 8310
4193 4277 8457
4112 4113 8220
4256 4295 8529
4224 4256 8448
4199 4208 8392
4156 4224 8378
4242 4252 8493
4265 4281 8538
4177 4255 8400
4247 4256 8492
4267 4293 8546
4178 4270 8420
4233 4296 8505
4157 4224 8362
4161 4225 8362
4236 4280 8483
4112 4197 8290
4210 4275 8483
4112 4163 8262
4269 4288 8551
4284 4289 8546
4134 4267 8391
4252 4292 8520
4272 4299 8560
4295 4300 8583
4163 4214 8362
4185 4296 8443
4170 4282 8423
4195 4263 8440
4206 4290 8486
4224 4284 8478
4118 4164 8253
4108 4249 8321
4219 4283 8462
4108 4239 8320
4243 4285 8505
4118 4219 8334
4204 4266 8430
4293 4295 8577
4149 4196 8328
4249 4259 8503
4195 4204 8366
4220 4222 8427
4106 4266 8361
4249 4277 8513
4102 4280 8350
4263 4285 8540
4190 4206 8368
4122 4129 8244
4203 4242 8438
4207 4234 8415
4137 4274 8387
4227 4278 8471
4132 4233 8330
4120 4202 8302
4255 4270 8496
4129 4185 8308
4236 4295 8491
4279 4284 8559
4193 4251 8426
4159 4278 8433
4131 4132 8227
4226 4280 8484
4242 4252 8468
4259 4261 8506
4247 4287 8520
4276 4290 8530
4109 4292 8371
4220 4295 8492
4189 4220 8405
4279 4296 8546
4214 4225 8432
4258 4287 8507
4150 4192 8316
4286 4293 8543
4214 4269 8481
4135 4215 8315
4213 4272 8451
4194 4197 8388
4155 4282 8434
4220 4271 8465
4200 4235 8421
4213 4222 8433
4151 4213 8333
4293 4295 8557
4277 4292 8565
4189 4247 8422
4184 4220 8403
4177 4212 8363
4224 4287 8502
4131 4220 8336
4281 4296 8542
4163 4288 8445
4242 4277 8515
4132 4231 8358
4295 4297 8574
4214 4220 8421
4245 4264 8491
4199 4280 8478
4230 4267 8470
4137 4276 8375
4117 4222 8325
4103 4253 8345
4165 4222 8368
4126 4166 8263
4249 4257 8476
4106 4248 8328
4255 4298 8514
4257 4263 8491
4154 4225 8375
4178 4280 8447
4220 4246 8426
4150 4255 8389
4131 4160 8284
4283 4297 8563
4152 4282 8418
4162 4204 8332
4267 4271 8507
4118 4139 8222
4235 4242 8462
4278 4291 8554
4255 4261 8509
4108 4160 8241
4201 4218 8389
4241 4242 8472
4172 4225 8382
4167 4210 8346
4154 4175 8326
4189 4211 8380
4187 4220 8396
4205 4219 8413
4109 4273 8373
4292 4298 8572
4206 4212 8402
4205 4262 8454
4153 4296 8438
4116 4121 8215
4282 4295 8556
4143 4297 8419
4245 4275 8501
4111 4275 8347
4198 4279 8470
4278 4294 8553
4152 4204 8341
4167 4196 8362
4116 4133 8240
4120 4233 8338
4275 4282 8521
4242 4256 8460
4101 4127 8213
4128 4205 8311
4167 4272 8405
4289 4298 8569
4217 4292 8508
4299 4300 8592
4153 4225 8373
4151 4240 8363
4295 4298 8574
4162 4223 8359
4277 4287 8527
4112 4177 8271
4171 4300 8447
4110 4170 8274
4251 4274 8491
4110 4239 8344
4110 4245 8342
4130 4139 8257
4179 4278 8455
4203 4204 8401
4267 4294 8556
4245 4295 8504
4167 4232 8377
4123 4150 8259
4287 4292 8557
4190 4214 8396
4168 4216 8372
4137 4183 8308
4129 4162 8266
4116 4222 8307
4225 4252 8441
4101 4209 8305
4290 4295 8554
4117 4165 8277
4220 4222 8409
4139 4158 8276
4159 4273 8394
4111 4139 8212
4139 4199 8309
4182 4214 8362
4229 4256 8446
4181 4200 8352
4208 4284 8475
4254 4256 8499
4220 4234 8442
4147 4243 8370
4191 4219 8396
4271 4272 8537
4295 4297 8570
4221 4234 8446
4290 4296 8584
4108 4155 8244
4211 4298 8496
4180 4181 8337
4269 4282 8536
4276 4294 8557
4143 4179 8300
4282 4294 8546
4100 4268 8356
4202 4268 8463
4171 4205 8341
4248 4269 8500
4170 4252 8398
4266 4280 8530
4252 4258 8481
4180 4212 8391
4156 4192 8330
4138 4243 8369
4111 4170 8268
4240 4290 8494
4285 4286 8561
4150 4284 8403
4228 4234 8437
4160 4232 8379
4203 4253 8448
4264 4291 8523
4277 4278 8546
4204 4218 8397
4298 4300 8577
4255 4268 8506
4296 4300 8592
4262 4299 8546
4255 4278 8507
4263 4288 8515
4177 4230 8399
4237 4289 8523
4200 4240 8424
4217 4293 8479
4124 4152 8246
4291 4293 8575
4131 4271 8373
4187 4268 8440
4234 4298 8507
4178 4226 8369
4213 4271 8454
4298 4299 8559
4210 4274 8455
4118 4261 8373
4276 4277 8526
4206 4218 8400
4170 4221 8365
4166 4245 8382
4159 4271 8405
4167 4292 8423
4190 4263 8445
4108 4270 8370
4133 4230 8352
4238 4260 8478
4248 4264 8475
4287 4290 8542
4139 4280 8388
4198 4203 8366
4225 4273 8497
4238 4263 8498
4154 4186 8303
4243 4261 8493
4255 4281 8530
4223 4232 8430
4104 4172 8273
4123 4163 8284
4200 4228 8413
4191 4278 8445
4190 4254 8425
4124 4199 8316
4134 4207 8334
4293 4295 8574
4218 4255 8449
4149 4280 8406
4196 4250 8415
4201 4244 8415
4207 4284 8464
4145 4300 8442
4184 4232 8415
4258 4289 8529
4154 4292 8431
4168 4270 8431
4153 4268 8403
4296 4300 8583
4222 4253 8472
4248 4250 8478
4292 4300 8584
4158 4208 8331
4115 4220 8318
4267 4296 8541
4202 4221 8401
4204 4293 8458
4114 4241 8347
4106 4274 8361
4156 4274 8403
4267 4288 8543
4228 4251 8473
4162 4242 8374
4177 4274 8439
4129 4183 8298
4124 4186 8288
4293 4296 8580
4176 4262 8421
4262 4264 8509
4187 4299 8451
4235 4267 8478
4250 4291 8532
4272 4294 8533
4283 4298 8561
4129 4139 8231
4130 4237 8352
4203 4279 8456
4166 4212 8342
4259 4296 8546
4263 4264 8506
4173 4210 8358
4239 4269 8485
4277 4284 8526
4161 4189 8338
4128 4249 8359
4257 4273 8507
4160 4245 8369
4283 4293 8550
4120 4286 8368
4184 4222 8382
4282 4292 8550
4184 4282 8427
4247 4249 8470
4149 4207 8326
4166 4214 8369
4137 4236 8345
4246 4267 8495
4294 4298 8585
4181 4222 8379
4254 4296 8531
4207 4282 8462
4117 4232 8318
4196 4279 8442
4116 4185 8285
4272 4275 8533
4224 4240 8432
4248 4293 8533
4102 4111 8206
4210 4279 8488
4154 4266 8406
4198 4215 8408
4103 4146 8245
4185 4205 8370
4272 4283 8549
4191 4217 8389
4263 4292 8531
4198 4296 8485
4230 4254 8477
4163 4245 8403
4172 4278 8421
4147 4150 8274
4155 4172 8311
4116 4197 8285
4299 4300 8572
4133 4221 8319
4211 4259 8463
4126 4246 8349
4271 4288 8522
4296 4299 8593
4179 4241 8415
4294 4297 8571
4226 4239 8457
4271 4280 8532
4171 4234 8370
4103 4123 8220
4250 4294 8518
4147 4244 8361
4135 4141 8270
4236 4286 8493
4294 4298 8570
4237 4266 8486
4278 4291 8542
4242 4288 8519
4201 4264 8432
4150 4269 8412
4288 4290 8569
4228 4262 8481
4262 4280 8512
4254 4269 8517
4130 4261 8362
4197 4228 8387
4173 4180 8345
4115 4181 8275
4140 4156 8290
4232 4255 8468
4117 4283 8387
4245 4256 8490
4221 4295 8497
4100 4152 8249
4107 4159 8260
4198 4202 8373
4204 4240 8412
4174 4188 8339
4266 4269 8511
4118 4217 8308
4147 4153 8282
4222 4264 8481
4212 4263 8455
4216 4290 8472
4264 4276 8503
4270 4282 8531
4280 4290 8566
4198 4214 8411
4132 4255 8366
4111 4126 8214
4157 4205 8346
4292 4295 8578
4272 4282 8514
4205 4291 8480
4150 4240 8353
4202 4234 8426
4252 4294 8508
4205 4235 8424
4134 4189 8290
4227 4292 8506
4162 4182 8338
4230 4259 8449
4246 4250 8495
4221 4281 8464
4219 4269 8451
4166 4287 8445
4149 4297 8407
4241 4294 8521
4145 4256 8376
4214 4224 8401
4144 4212 8341
4197 4250 8416
4237 4256 8482
4279 4282 8533
4202 4230 8423
4295 4300 8562
4146 4173 8290
4173 4201 8337
4134 4142 8261
4229 4231 8435
4170 4205 8359
4284 4286 8538
4210 4268 8452
4265 4293 8543
4191 4246 8410
4122 4207 8290
4239 4265 8500
4202 4230 8408
4157 4284 8427
4165 4219 8376
4279 4295 8544
4120 4207 8305
4230 4238 8437
4254 4266 8483
4254 4255 8497
4223 4291 8476
4182 4295 8472
4237 4260 8470
4141 4205 8332
4184 4277 8445
4193 4227 8400
4149 4157 8294
4219 4249 8436
4243 4272 8491
4170 4299 8452
4131 4286 8405
4164 4229 8376
4177 4266 8423
4230 4261 8466
4147 4263 8375
4183 4196 8340
4280 4285 8532
4216 4229 8424
4234 4252 8462
4210 4255 8442
4199 4206 8378
4158 4166 8306
4219 4243 8438
4201 4239 8426
4165 4176 8322
4140 4205 8341
4243 4300 8514
4168 4226 8391
4268 4285 8518
4168 4263 8413
4295 4299 8592
4262 4267 8489
4131 4206 8319
4182 4215 8362
4216 4285 8483
4203 4233 8397
4123 4204 8317
4221 4274 8483
4293 4299 8579
4106 4187 8264
4113 4253 8359
4273 4291 8560
4257 4298 8518
4147 4300 8425
4285 4296 8549
4179 4294 8438
4270 4297 8547
4242 4272 8490
4225 4251 8466
4191 4277 8454
4234 4250 8452
4181 4300 8476
4158 4244 8386
4140 4150 8259
4215 4275 8481

0.010000 0.730000
