200
791506
4036 4180 8216
4117 4184 8301
4025 4045 8070
4144 4194 8338
4104 4195 8299
4156 4174 8330
4035 4137 8172
4050 4086 8136
4030 4168 8198
4079 4109 8188
4101 4188 8289
4018 4031 8049
4155 4199 8354
4109 4138 8247
4019 4107 8126
4187 4188 8375
4197 4200 8397
4031 4108 8139
4147 4148 8295
4002 4185 8187
4033 4133 8166
4194 4196 8390
4037 4124 8161
4134 4160 8294
4171 4185 8356
4049 4092 8141
4051 4120 8171
4002 4024 8026
4022 4138 8160
4074 4127 8201
4119 4140 8259
4106 4141 8247
4075 4090 8165
4167 4172 8339
4020 4029 8049
4026 4147 8173
4110 4196 8306
4112 4161 8273
4062 4134 8196
4117 4143 8260
4159 4176 8335
4152 4159 8311
4037 4042 8079
4149 4185 8334
4118 4139 8257
4030 4144 8174
4007 4188 8195
4087 4138 8225
4010 4112 8122
4093 4181 8274
4029 4196 8225
4129 4144 8273
4090 4114 8204
4014 4142 8156
4136 4162 8298
4143 4163 8306
4036 4050 8086
4149 4181 8330
4181 4191 8372
4058 4127 8185
4054 4116 8170
4073 4121 8194
4166 4186 8352
4074 4134 8208
4083 4091 8174
4056 4060 8116
4162 4164 8326
4077 4092 8169
4000 4040 8040
4035 4040 8075
4144 4151 8295
4049 4123 8172
4198 4199 8397
4198 4199 8397
4135 4136 8271
4151 4174 8325
4162 4174 8336
4155 4164 8319
4096 4150 8246
4177 4194 8371
4075 4129 8204
4151 4184 8335
4199 4200 8399
4070 4107 8177
4130 4133 8263
4077 4138 8215
4182 4191 8373
4051 4161 8212
4048 4053 8101
4162 4171 8333
4133 4184 8317
4084 4180 8264
4180 4199 8379
4106 4119 8225
4071 4073 8144
4012 4184 8196
4019 4061 8080
4097 4163 8260
4061 4194 8255
4170 4198 8368
4085 4198 8283
4084 4120 8204
4016 4052 8068
4172 4176 8348
4052 4193 8245
4009 4134 8143
4082 4163 8245
4080 4130 8210
4135 4145 8280
4157 4188 8345
4158 4162 8320
4041 4172 8213
4056 4139 8195
4141 4173 8314
4136 4145 8281
4176 4191 8367
4074 4128 8202
4143 4194 8337
4127 4129 8256
4011 4169 8180
4030 4102 8132
4154 4175 8329
4050 4144 8194
4066 4197 8263
4007 4192 8199
4059 4174 8233
4136 4166 8302
4040 4079 8119
4115 4176 8291
4090 4157 8247
4100 4114 8214
4063 4067 8130
4197 4198 8395
4052 4068 8120
4175 4199 8374
4055 4138 8193
4000 4002 8002
4090 4112 8202
4183 4186 8369
4049 4116 8165
4070 4109 8179
4139 4184 8323
4024 4128 8152
4071 4086 8157
4049 4118 8167
4086 4107 8193
4034 4040 8074
4118 4158 8276
4064 4146 8210
4035 4056 8091
4147 4162 8309
4079 4087 8166
4078 4147 8225
4171 4180 8351
4093 4131 8224
4179 4183 8362
4159 4161 8320
4020 4179 8199
4026 4121 8147
4054 4200 8254
4140 4156 8296
4146 4178 8324
4046 4070 8116
4077 4078 8155
4120 4196 8316
4131 4132 8263
4013 4188 8201
4179 4199 8378
4155 4188 8343
4065 4075 8140
4182 4197 8379
4128 4162 8290
4118 4181 8299
4006 4054 8060
4024 4159 8183
4035 4112 8147
4159 4200 8359
4059 4074 8133
4027 4046 8073
4162 4192 8354
4062 4171 8233
4178 4194 8372
4081 4189 8270
4152 4188 8340
4025 4104 8129
4141 4171 8312
4062 4189 8251
4087 4119 8206
4053 4149 8202
4142 4150 8292
4133 4144 8277
4126 4191 8317
4061 4110 8171
4129 4164 8293
4140 4200 8340
4189 4192 8381
4063 4111 8174
4175 4181 8356
4050 4056 8106
4126 4187 8313

4136 4280 8397
4217 4284 8462
4125 4145 8262
4244 4294 8533
4204 4295 8475
4256 4274 8496
4135 4237 8363
4150 4186 8308
4130 4268 8390
4179 4209 8352
4201 4288 8470
4118 4131 8219
4255 4299 8549
4209 4238 8433
4119 4207 8294
4287 4288 8548
4297 4300 8562
4131 4208 8313
4247 4248 8480
4102 4285 8356
4133 4233 8350
4294 4296 8561
4137 4224 8345
4234 4260 8493
4271 4285 8555
4149 4192 8338
4151 4220 8358
4102 4124 8200
4122 4238 8347
4174 4227 8379
4219 4240 8423
4206 4241 8446
4175 4190 8331
4267 4272 8519
4120 4129 8234
4126 4247 8359
4210 4296 8488
4212 4261 8471
4162 4234 8389
4217 4243 8456
4259 4276 8516
4252 4259 8488
4137 4142 8259
4249 4285 8494
4218 4239 8451
4130 4244 8365
4107 4288 8385
4187 4238 8386
4110 4212 8292
4193 4281 8449
4129 4296 8391
4229 4244 8446
4190 4214 8379
4114 4242 8347
4236 4262 8489
4243 4263 8502
4136 4150 8285
4249 4281 8520
4281 4291 8565
4158 4227 8368
4154 4216 8351
4173 4221 8377
4266 4286 8527
4174 4234 8396
4183 4191 8373
4156 4160 8299
4262 4264 8504
4177 4192 8336
4100 4140 8222
4135 4140 8236
4244 4251 8478
4149 4223 8371
4298 4299 8581
4298 4299 8567
4235 4236 8454
4251 4274 8516
4262 4274 8501
4255 4264 8481
4196 4250 8444
4277 4294 8539
4175 4229 8377
4251 4284 8515
4299 4300 8575
4170 4207 8359
4230 4233 8458
4177 4238 8380
4282 4291 8568
4151 4261 8388
4148 4153 8265
4262 4271 8498
4233 4284 8481
4184 4280 8439
4280 4299 8565
4206 4219 8394
4171 4173 8317
4112 4284 8369
4119 4161 8271
4197 4263 8446
4161 4294 8453
4270 4298 8545
4185 4298 8444
4184 4220 8382
4116 4152 8252
4272 4276 8545
4152 4293 8435
4109 4234 8319
4182 4263 8413
4180 4230 8409
4235 4245 8451
4257 4288 8517
4258 4262 8512
4141 4272 8403
4156 4239 8394
4241 4273 8507
4236 4245 8455
4276 4291 8540
4174 4228 8387
4243 4294 8530
4227 4229 8425
4111 4269 8364
4130 4202 8322
4254 4275 8490
4150 4244 8384
4166 4297 8440
4107 4292 8387
4159 4274 8409
4236 4266 8489
4140 4179 8318
4215 4276 8472
4190 4257 8410
4200 4214 8400
4163 4167 8320
4297 4298 8565
4152 4168 8295
4275 4299 8542
4155 4238 8357
4100 4102 8192
4190 4212 8385
4283 4286 8555
4149 4216 8352
4170 4209 8358
4239 4284 8490
4124 4228 8340
4171 4186 8327
4149 4218 8360
4186 4207 8367
4134 4140 8236
4218 4258 8457
4164 4246 8392
4135 4156 8261
4247 4262 8485
4179 4187 8328
4178 4247 8389
4271 4280 8515
4193 4231 8406
4279 4283 8543
4259 4261 8517
4120 4279 8395
4126 4221 8323
4154 4300 8423
4240 4256 8474
4246 4278 8516
4146 4170 8306
4177 4178 8346
4220 4296 8483
4231 4232 8437
4113 4288 8371
4279 4299 8562
4255 4288 8507
4165 4175 8333
4282 4297 8571
4228 4262 8482
4218 4281 8479
4106 4154 8228
4124 4259 8354
4135 4212 8345
4259 4300 8519
4159 4174 8324
4127 4146 8240
4262 4292 8541
4162 4271 8428
4278 4294 8564
4181 4289 8447
4252 4288 8536
4125 4204 8309
4241 4271 8493
4162 4289 8449
4187 4219 8403
4153 4249 8393
4242 4250 8486
4233 4244 8442
4226 4291 8514
4161 4210 8335
4229 4264 8476
4240 4300 8528
4289 4292 8562
4163 4211 8366
4275 4281 8553
4150 4156 8270
4226 4287 8507

0.010000 0.470000
