500
2697651
4051 4152 8203
4140 4174 8314
4027 4089 8116
4038 4133 8171
4090 4162 8252
4181 4191 8372
4090 4173 8263
4150 4199 8349
4123 4156 8279
4030 4153 8183
4029 4192 8221
4154 4173 8327
4147 4169 8316
4192 4193 8385
4060 4186 8246
4064 4148 8212
4010 4036 8046
4006 4165 8171
4156 4195 8351
4040 4200 8240
4058 4192 8250
4199 4200 8399
4006 4035 8041
4022 4117 8139
4015 4165 8180
4043 4157 8200
4165 4179 8344
4058 4069 8127
4072 4198 8270
4073 4135 8208
4124 4170 8294
4041 4181 8222
4101 4160 8261
4055 4090 8145
4072 4105 8177
4161 4181 8342
4043 4060 8103
4067 4133 8200
4049 4115 8164
4184 4187 8371
4196 4198 8394
4033 4054 8087
4175 4196 8371
4158 4178 8336
4122 4185 8307
4053 4054 8107
4139 4168 8307
4187 4189 8376
4029 4080 8109
4187 4191 8378
4196 4199 8395
4011 4111 8122
4099 4137 8236
4116 4184 8300
4012 4023 8035
4105 4129 8234
4088 4104 8192
4011 4052 8063
4194 4195 8389
4128 4169 8297
4094 4180 8274
4176 4185 8361
4089 4160 8249
4161 4199 8360
4183 4194 8377
4012 4034 8046
4025 4106 8131
4081 4118 8199
4009 4018 8027
4037 4090 8127
4197 4200 8397
4162 4181 8343
4098 4133 8231
4172 4197 8369
4021 4080 8101
4021 4136 8157
4189 4194 8383
4180 4184 8364
4156 4188 8344
4165 4192 8357
4043 4119 8162
4133 4184 8317
4101 4190 8291
4158 4170 8328
4157 4173 8330
4129 4166 8295
4018 4122 8140
4143 4180 8323
4130 4182 8312
4086 4183 8269
4150 4182 8332
4006 4039 8045
4172 4185 8357
4165 4179 8344
4148 4161 8309
4194 4200 8394
4016 4025 8041
4042 4095 8137
4183 4200 8383
4014 4132 8146
4158 4159 8317
4124 4131 8255
4043 4157 8200
4155 4195 8350
4110 4168 8278
4117 4164 8281
4180 4190 8370
4102 4148 8250
4180 4185 8365
4134 4168 8302
4015 4031 8046
4100 4131 8231
4037 4058 8095
4100 4187 8287
4182 4193 8375
4026 4041 8067
4170 4186 8356
4103 4116 8219
4128 4143 8271
4018 4020 8038
4101 4104 8205
4117 4175 8292
4048 4124 8172
4162 4186 8348
4058 4181 8239
4153 4178 8331
4076 4104 8180
4101 4138 8239
4176 4181 8357
4129 4191 8320
4137 4180 8317
4167 4182 8349
4161 4185 8346
4159 4172 8331
4118 4170 8288
4149 4170 8319
4166 4172 8338
4199 4200 8399
4167 4171 8338
4123 4136 8259
4199 4200 8399
4041 4121 8162
4067 4074 8141
4145 4168 8313
4113 4176 8289
4065 4151 8216
4048 4123 8171
4055 4106 8161
4113 4183 8296
4173 4187 8360
4125 4145 8270
4120 4147 8267
4081 4154 8235
4006 4105 8111
4032 4073 8105
4133 4168 8301
4176 4188 8364
4187 4195 8382
4034 4178 8212
4122 4167 8289
4199 4200 8399
4177 4178 8355
4080 4149 8229
4046 4113 8159
4130 4179 8309
4078 4194 8272
4196 4198 8394
4174 4184 8358
4196 4197 8393
4127 4140 8267
4060 4119 8179
4098 4149 8247
4054 4119 8173
4071 4086 8157
4080 4166 8246
4060 4087 8147
4169 4175 8344
4059 4087 8146
4106 4150 8256
4181 4190 8371
4002 4158 8160
4076 4123 8199
4146 4174 8320
4050 4100 8150
4046 4160 8206
4011 4107 8118
4151 4196 8347
4046 4191 8237
4022 4069 8091
4019 4037 8056
4165 4189 8354
4073 4115 8188
4141 4184 8325
4011 4079 8090
4004 4122 8126
4081 4199 8280
4185 4191 8376
4089 4164 8253
4069 4157 8226
4135 4143 8278
4150 4178 8328
4167 4189 8356
4171 4183 8354
4172 4191 8363
4033 4096 8129
4192 4196 8388
4040 4128 8168
4053 4170 8223
4092 4151 8243
4130 4163 8293
4133 4161 8294
4132 4151 8283
4029 4135 8164
4186 4193 8379
4038 4121 8159
4088 4166 8254
4124 4153 8277
4108 4155 8263
4181 4190 8371
4063 4200 8263
4037 4179 8216
4169 4194 8363
4158 4190 8348
4018 4050 8068
4187 4199 8386
4038 4137 8175
4132 4197 8329
4169 4179 8348
4190 4192 8382
4001 4046 8047
4179 4191 8370
4088 4197 8285
4038 4147 8185
4174 4198 8372
4045 4128 8173
4049 4171 8220
4192 4193 8385
4042 4153 8195
4176 4181 8357
4107 4119 8226
4057 4168 8225
4151 4200 8351
4064 4168 8232
4067 4100 8167
4026 4033 8059
4049 4119 8168
4002 4093 8095
4025 4154 8179
4003 4111 8114
4024 4154 8178
4033 4175 8208
4198 4199 8397
4131 4168 8299
4030 4055 8085
4189 4198 8387
4028 4040 8068
4039 4123 8162
4122 4139 8261
4185 4196 8381
4062 4194 8256
4177 4181 8358
4125 4194 8319
4115 4159 8274
4160 4185 8345
4027 4132 8159
4084 4097 8181
4026 4072 8098
4129 4165 8294
4100 4182 8282
4167 4194 8361
4171 4178 8349
4151 4162 8313
4002 4129 8131
4009 4072 8081
4076 4108 8184
4171 4197 8368
4129 4178 8307
4113 4175 8288
4085 4119 8204
4167 4189 8356
4028 4069 8097
4175 4194 8369
4116 4192 8308
4100 4140 8240
4025 4147 8172
4193 4196 8389
4145 4150 8295
4056 4181 8237
4130 4163 8293
4079 4132 8211
4186 4191 8377
4111 4130 8241
4122 4177 8299
4078 4192 8270
4183 4187 8370
4097 4169 8266
4005 4121 8126
4058 4169 8227
4185 4193 8378
4171 4185 8356
4027 4042 8069
4143 4161 8304
4055 4176 8231
4194 4198 8392
4150 4157 8307
4048 4192 8240
4169 4170 8339
4092 4122 8214
4186 4189 8375
4024 4047 8071
4184 4186 8370
4192 4197 8389
4101 4119 8220
4097 4149 8246
4070 4127 8197
4113 4115 8228
4080 4191 8271
4091 4095 8186
4067 4113 8180
4166 4189 8355
4012 4181 8193
4046 4125 8171
4120 4141 8261
4030 4111 8141
4177 4183 8360
4179 4192 8371
4071 4132 8203
4049 4057 8106
4051 4137 8188
4007 4039 8046
4066 4183 8249
4001 4040 8041
4022 4027 8049
4184 4192 8376
4140 4145 8285
4153 4162 8315
4085 4166 8251
4165 4179 8344
4014 4168 8182
4006 4028 8034
4117 4179 8296
4040 4169 8209
4011 4128 8139
4061 4098 8159
4015 4118 8133
4111 4160 8271
4070 4074 8144
4037 4165 8202
4094 4109 8203
4122 4166 8288
4138 4139 8277
4198 4199 8397
4198 4200 8398
4047 4084 8131
4042 4169 8211
4121 4138 8259
4030 4186 8216
4180 4199 8379
4083 4144 8227
4049 4146 8195
4175 4193 8368
4195 4199 8394
4143 4199 8342
4001 4039 8040
4174 4196 8370
4012 4138 8150
4155 4188 8343
4127 4151 8278
4079 4093 8172
4007 4156 8163
4147 4176 8323
4049 4101 8150
4083 4121 8204
4016 4018 8034
4093 4095 8188
4110 4152 8262
4187 4188 8375
4160 4176 8336
4020 4134 8154
4040 4114 8154
4013 4087 8100
4024 4118 8142
4031 4130 8161
4072 4079 8151
4054 4062 8116
4120 4140 8260
4001 4183 8184
4121 4135 8256
4113 4119 8232
4009 4191 8200
4169 4173 8342
4041 4086 8127
4136 4171 8307
4007 4162 8169
4117 4160 8277
4052 4060 8112
4010 4180 8190
4146 4185 8331
4044 4189 8233
4123 4184 8307
4028 4196 8224
4142 4154 8296
4169 4177 8346
4052 4067 8119
4082 4108 8190
4145 4197 8342
4175 4192 8367
4123 4167 8290
4055 4071 8126
4068 4144 8212
4161 4186 8347
4145 4200 8345
4147 4187 8334
4037 4118 8155
4161 4182 8343
4051 4196 8247
4110 4181 8291
4163 4193 8356
4116 4129 8245
4126 4191 8317
4131 4193 8324
4027 4182 8209
4068 4154 8222
4144 4156 8300
4086 4136 8222
4082 4140 8222
4031 4075 8106
4058 4076 8134
4065 4161 8226
4179 4190 8369
4166 4180 8346
4028 4183 8211
4156 4167 8323
4194 4200 8394
4112 4157 8269
4144 4159 8303
4059 4145 8204
4058 4097 8155
4048 4193 8241
4124 4177 8301
4021 4185 8206
4187 4188 8375
4029 4159 8188
4009 4079 8088
4058 4180 8238
4136 4164 8300
4065 4113 8178
4112 4120 8232
4044 4175 8219
4191 4193 8384
4036 4125 8161
4191 4195 8386
4162 4181 8343
4065 4130 8195
4026 4107 8133
4160 4195 8355
4170 4185 8355
4076 4182 8258
4019 4027 8046
4122 4136 8258
4085 4130 8215
4070 4156 8226
4161 4183 8344
4139 4146 8285
4007 4186 8193
4004 4016 8020
4144 4167 8311
4046 4142 8188
4063 4086 8149
4051 4142 8193
4089 4147 8236
4120 4170 8290
4003 4094 8097
4182 4184 8366
4127 4135 8262
4080 4097 8177
4105 4174 8279
4033 4054 8087
4158 4176 8334
4175 4177 8352
4034 4185 8219
4005 4187 8192
4009 4093 8102
4070 4157 8227
4192 4194 8386
4155 4160 8315
4044 4118 8162
4031 4068 8099
4154 4195 8349
4102 4183 8285
4049 4196 8245
4142 4149 8291
4117 4186 8303
4051 4127 8178
4191 4196 8387
4168 4173 8341
4181 4189 8370
4067 4077 8144
4159 4189 8348
4171 4189 8360

4151 4252 8366
4240 4274 8508
4127 4189 8282
4138 4233 8354
4190 4262 8446
4281 4291 8548
4190 4273 8430
4250 4299 8544
4223 4256 8478
4130 4253 8376
4129 4292 8390
4254 4273 8519
4247 4269 8501
4292 4293 8558
4160 4286 8437
4164 4248 8384
4110 4136 8226
4106 4265 8341
4256 4295 8513
4140 4300 8408
4158 4292 8444
4299 4300 8572
4106 4135 8204
4122 4217 8307
4115 4265 8370
4143 4257 8376
4265 4279 8532
4158 4169 8303
4172 4298 8433
4173 4235 8395
4224 4270 8485
4141 4281 8391
4201 4260 8451
4155 4190 8321
4172 4205 8357
4261 4281 8524
4143 4160 8297
4167 4233 8387
4149 4215 8330
4284 4287 8566
4296 4298 8568
4133 4154 8286
4275 4296 8564
4258 4278 8531
4222 4285 8484
4153 4154 8290
4239 4268 8494
4287 4289 8553
4129 4180 8292
4287 4291 8539
4296 4299 8576
4111 4211 8294
4199 4237 8406
4216 4284 8486
4112 4123 8198
4205 4229 8432
4188 4204 8366
4111 4152 8236
4294 4295 8568
4228 4269 8491
4194 4280 8457
4276 4285 8524
4189 4260 8446
4261 4299 8529
4283 4294 8539
4112 4134 8225
4125 4206 8308
4181 4218 8379
4109 4118 8192
4137 4190 8303
4297 4300 8578
4262 4281 8529
4198 4233 8415
4272 4297 8534
4121 4180 8263
4121 4236 8346
4289 4294 8574
4280 4284 8530
4256 4288 8543
4265 4292 8537
4143 4219 8332
4233 4284 8479
4201 4290 8464
4258 4270 8507
4257 4273 8498
4229 4266 8473
4118 4222 8301
4243 4280 8484
4230 4282 8508
4186 4283 8446
4250 4282 8521
4106 4139 8228
4272 4285 8541
4265 4279 8521
4248 4261 8497
4294 4300 8582
4116 4125 8203
4142 4195 8306
4283 4300 8544
4114 4232 8315
4258 4259 8488
4224 4231 8442
4143 4257 8380
4255 4295 8541
4210 4268 8442
4217 4264 8477
4280 4290 8541
4202 4248 8424
4280 4285 8558
4234 4268 8487
4115 4131 8207
4200 4231 8427
4137 4158 8276
4200 4287 8451
4282 4293 8562
4126 4141 8260
4270 4286 8554
4203 4216 8416
4228 4243 8452
4118 4120 8220
4201 4204 8375
4217 4275 8452
4148 4224 8338
4262 4286 8520
4158 4281 8400
4253 4278 8491
4176 4204 8377
4201 4238 8430
4276 4281 8533
4229 4291 8493
4237 4280 8503
4267 4282 8544
4261 4285 8521
4259 4272 8495
4218 4270 8486
4249 4270 8497
4266 4272 8502
4299 4300 8596
4267 4271 8525
4223 4236 8457
4299 4300 8567
4141 4221 8334
4167 4174 8337
4245 4268 8506
4213 4276 8456
4165 4251 8415
4148 4223 8355
4155 4206 8360
4213 4283 8478
4273 4287 8538
4225 4245 8469
4220 4247 8456
4181 4254 8432
4106 4205 8285
4132 4173 8304
4233 4268 8467
4276 4288 8543
4287 4295 8550
4134 4278 8386
4222 4267 8452
4299 4300 8585
4277 4278 8530
4180 4249 8409
4146 4213 8348
4230 4279 8479
4178 4294 8463
4296 4298 8577
4274 4284 8545
4296 4297 8570
4227 4240 8427
4160 4219 8346
4198 4249 8431
4154 4219 8355
4171 4186 8344
4180 4266 8431
4160 4187 8316
4269 4275 8535
4159 4187 8324
4206 4250 8420
4281 4290 8553
4102 4258 8329
4176 4223 8363
4246 4274 8517
4150 4200 8347
4146 4260 8386
4111 4207 8313
4251 4296 8537
4146 4291 8414
4122 4169 8252
4119 4137 8217
4265 4289 8525
4173 4215 8375
4241 4284 8497
4111 4179 8260
4104 4222 8318
4181 4299 8451
4285 4291 8539
4189 4264 8439
4169 4257 8405
4235 4243 8456
4250 4278 8491
4267 4289 8537
4271 4283 8521
4272 4291 8524
4133 4196 8305
4292 4296 8581
4140 4228 8353
4153 4270 8394
4192 4251 8417
4230 4263 8476
4233 4261 8462
4232 4251 8443
4129 4235 8361
4286 4293 8552
4138 4221 8348
4188 4266 8445
4224 4253 8465
4208 4255 8429
4281 4290 8559
4163 4300 8453
4137 4279 8387
4269 4294 8550
4258 4290 8546
4118 4150 8256
4287 4299 8552
4138 4237 8342
4232 4297 8499
4269 4279 8522
4290 4292 8577
4101 4146 8221
4279 4291 8563
4188 4297 8448
4138 4247 8383
4274 4298 8559
4145 4228 8348
4149 4271 8383
4292 4293 8560
4142 4253 8381
4276 4281 8543
4207 4219 8425
4157 4268 8398
4251 4300 8527
4164 4268 8422
4167 4200 8344
4126 4133 8235
4149 4219 8363
4102 4193 8290
4125 4254 8366
4103 4211 8305
4124 4254 8353
4133 4275 8404
4298 4299 8558
4231 4268 8463
4130 4155 8283
4289 4298 8567
4128 4140 8237
4139 4223 8353
4222 4239 8426
4285 4296 8548
4162 4294 8431
4277 4281 8544
4225 4294 8483
4215 4259 8468
4260 4285 8518
4127 4232 8339
4184 4197 8351
4126 4172 8288
4229 4265 8487
4200 4282 8474
4267 4294 8557
4271 4278 8519
4251 4262 8510
4102 4229 8304
4109 4172 8273
4176 4208 8362
4271 4297 8539
4229 4278 8501
4213 4275 8452
4185 4219 8401
4267 4289 8533
4128 4169 8276
4275 4294 8566
4216 4292 8494
4200 4240 8431
4125 4247 8362
4293 4296 8565
4245 4250 8491
4156 4281 8427
4230 4263 8492
4179 4232 8373
4286 4291 8558
4211 4230 8430
4222 4277 8482
4178 4292 8439
4283 4287 8541
4197 4269 8464
4105 4221 8300
4158 4269 8420
4285 4293 8557
4271 4285 8555
4127 4142 8235
4243 4261 8492
4155 4276 8426
4294 4298 8591
4250 4257 8506
4148 4292 8431
4269 4270 8503
4192 4222 8384
4286 4289 8550
4124 4147 8244
4284 4286 8551
4292 4297 8568
4201 4219 8417
4197 4249 8444
4170 4227 8367
4213 4215 8407
4180 4291 8458
4191 4195 8358
4167 4213 8355
4266 4289 8540
4112 4281 8391
4146 4225 8333
4220 4241 8441
4130 4211 8306
4277 4283 8538
4279 4292 8556
4171 4232 8364
4149 4157 8277
4151 4237 8376
4107 4139 8217
4166 4283 8423
4101 4140 8222
4122 4127 8239
4284 4292 8546
4240 4245 8481
4253 4262 8488
4185 4266 8422
4265 4279 8529
4114 4268 8375
4106 4128 8218
4217 4279 8479
4140 4269 8385
4111 4228 8335
4161 4198 8356
4115 4218 8319
4211 4260 8450
4170 4174 8326
4137 4265 8399
4194 4209 8401
4222 4266 8473
4238 4239 8446
4298 4299 8595
4298 4300 8573
4147 4184 8292
4142 4269 8407
4221 4238 8421
4130 4286 8383
4280 4299 8541
4183 4244 8422
4149 4246 8364
4275 4293 8548
4295 4299 8569
4243 4299 8524
4101 4139 8218
4274 4296 8559
4112 4238 8346
4255 4288 8541
4227 4251 8446
4179 4193 8352
4107 4256 8351
4247 4276 8517
4149 4201 8337
4183 4221 8377
4116 4118 8216
4193 4195 8368
4210 4252 8422
4287 4288 8558
4260 4276 8522
4120 4234 8334
4140 4214 8341
4113 4187 8299
4124 4218 8306
4131 4230 8334
4172 4179 8348
4154 4162 8284
4220 4240 8445
4101 4283 8355
4221 4235 8418
4213 4219 8397
4109 4291 8361
4269 4273 8524
4141 4186 8292
4236 4271 8483
4107 4262 8337
4217 4260 8467
4152 4160 8300
4110 4280 8372
4246 4285 8518
4144 4289 8423
4223 4284 8497
4128 4296 8407
4242 4254 8481
4269 4277 8534
4152 4167 8291
4182 4208 8352
4245 4297 8513
4275 4292 8542
4223 4267 8451
4155 4171 8322
4168 4244 8377
4261 4286 8509
4245 4300 8511
4247 4287 8532
4137 4218 8321
4261 4282 8510
4151 4296 8444
4210 4281 8464
4263 4293 8526
4216 4229 8444
4226 4291 8505
4231 4293 8488
4127 4282 8387
4168 4254 8401
4244 4256 8477
4186 4236 8417
4182 4240 8411
4131 4175 8268
4158 4176 8333
4165 4261 8403
4279 4290 8536
4266 4280 8518
4128 4283 8378
4256 4267 8499
4294 4300 8586
4212 4257 8465
4244 4259 8467
4159 4245 8375
4158 4197 8329
4148 4293 8434
4224 4277 8490
4121 4285 8380
4287 4288 8538
4129 4259 8376
4109 4179 8253
4158 4280 8431
4236 4264 8488
4165 4213 8355
4212 4220 8408
4144 4275 8387
4291 4293 8582
4136 4225 8326
4291 4295 8580
4262 4281 8513
4165 4230 8363
4126 4207 8296
4260 4295 8550
4270 4285 8523
4176 4282 8444
4119 4127 8218
4222 4236 8443
4185 4230 8383
4170 4256 8388
4261 4283 8512
4239 4246 8454
4107 4286 8386
4104 4116 8200
4244 4267 8480
4146 4242 8362
4163 4186 8342
4151 4242 8391
4189 4247 8397
4220 4270 8478
4103 4194 8283
4282 4284 8562
4227 4235 8451
4180 4197 8365
4205 4274 8444
4133 4154 8268
4258 4276 8532
4275 4277 8551
4134 4285 8390
4105 4287 8354
4109 4193 8274
4170 4257 8408
4292 4294 8561
4255 4260 8476
4144 4218 8342
4131 4168 8295
4254 4295 8538
4202 4283 8461
4149 4296 8440
4242 4249 8466
4217 4286 8476
4151 4227 8357
4291 4296 8549
4268 4273 8514
4281 4289 8556
4167 4177 8306
4259 4289 8527
4271 4289 8541

0.010000 0.640000
