900
4552864
4070 4089 8159
4089 4136 8225
4023 4107 8130
4189 4191 8380
4030 4054 8084
4031 4174 8205
4120 4127 8247
4175 4186 8361
4144 4200 8344
4121 4165 8286
4113 4138 8251
4013 4169 8182
4084 4086 8170
4138 4181 8319
4128 4137 8265
4068 4197 8265
4173 4184 8357
4197 4200 8397
4142 4178 8320
4012 4127 8139
4019 4144 8163
4010 4051 8061
4161 4183 8344
4044 4052 8096
4173 4190 8363
4040 4064 8104
4088 4178 8266
4187 4195 8382
4054 4074 8128
4196 4198 8394
4000 4005 8005
4121 4191 8312
4022 4184 8206
4129 4160 8289
4182 4188 8370
4005 4192 8197
4116 4197 8313
4073 4139 8212
4181 4188 8369
4152 4184 8336
4026 4098 8124
4107 4141 8248
4034 4183 8217
4026 4200 8226
4105 4196 8301
4150 4189 8339
4117 4192 8309
4196 4198 8394
4126 4179 8305
4133 4185 8318
4114 4185 8299
4198 4200 8398
4148 4184 8332
4019 4136 8155
4160 4198 8358
4154 4194 8348
4155 4200 8355
4185 4200 8385
4137 4145 8282
4137 4163 8300
4192 4199 8391
4126 4174 8300
4187 4190 8377
4013 4051 8064
4174 4180 8354
4039 4191 8230
4197 4200 8397
4183 4190 8373
4013 4109 8122
4143 4181 8324
4077 4119 8196
4130 4137 8267
4018 4083 8101
4025 4104 8129
4080 4100 8180
4040 4194 8234
4103 4175 8278
4124 4160 8284
4195 4200 8395
4139 4200 8339
4091 4179 8270
4070 4148 8218
4161 4186 8347
4183 4189 8372
4068 4107 8175
4108 4191 8299
4198 4199 8397
4126 4138 8264
4138 4192 8330
4105 4178 8283
4067 4145 8212
4100 4164 8264
4007 4199 8206
4038 4055 8093
4161 4191 8352
4125 4144 8269
4094 4164 8258
4010 4114 8124
4035 4178 8213
4020 4037 8057
4177 4178 8355
4049 4159 8208
4030 4099 8129
4158 4195 8353
4087 4185 8272
4002 4178 8180
4004 4071 8075
4142 4177 8319
4085 4110 8195
4076 4112 8188
4057 4150 8207
4146 4154 8300
4075 4156 8231
4176 4187 8363
4028 4192 8220
4158 4171 8329
4178 4198 8376
4174 4199 8373
4146 4167 8313
4016 4159 8175
4044 4197 8241
4025 4046 8071
4158 4184 8342
4012 4121 8133
4171 4191 8362
4084 4192 8276
4157 4172 8329
4033 4184 8217
4030 4193 8223
4057 4129 8186
4152 4192 8344
4140 4170 8310
4024 4150 8174
4040 4086 8126
4098 4183 8281
4067 4106 8173
4179 4198 8377
4189 4200 8389
4045 4115 8160
4021 4022 8043
4020 4140 8160
4094 4111 8205
4199 4200 8399
4049 4161 8210
4000 4081 8081
4148 4161 8309
4146 4171 8317
4052 4169 8221
4111 4159 8270
4119 4146 8265
4116 4132 8248
4095 4164 8259
4175 4181 8356
4055 4097 8152
4011 4129 8140
4112 4148 8260
4052 4057 8109
4088 4140 8228
4036 4179 8215
4024 4107 8131
4173 4196 8369
4022 4083 8105
4157 4165 8322
4102 4197 8299
4098 4149 8247
4106 4180 8286
4081 4106 8187
4170 4191 8361
4084 4162 8246
4060 4104 8164
4195 4197 8392
4132 4194 8326
4140 4174 8314
4074 4142 8216
4022 4060 8082
4127 4138 8265
4160 4198 8358
4104 4115 8219
4068 4149 8217
4120 4199 8319
4091 4134 8225
4120 4134 8254
4188 4200 8388
4020 4198 8218
4044 4172 8216
4132 4153 8285
4177 4186 8363
4105 4182 8287
4041 4075 8116
4018 4165 8183
4168 4173 8341
4003 4094 8097
4060 4080 8140
4168 4181 8349
4113 4172 8285
4098 4168 8266
4038 4115 8153
4144 4163 8307
4105 4158 8263
4130 4139 8269
4171 4189 8360
4150 4188 8338
4135 4200 8335
4197 4198 8395
4037 4163 8200
4120 4189 8309
4197 4199 8396
4076 4122 8198
4068 4087 8155
4085 4173 8258
4032 4124 8156
4155 4185 8340
4006 4084 8090
4162 4163 8325
4147 4159 8306
4158 4183 8341
4043 4141 8184
4121 4197 8318
4096 4132 8228
4158 4172 8330
4131 4154 8285
4114 4187 8301
4192 4199 8391
4089 4145 8234
4107 4122 8229
4151 4188 8339
4132 4149 8281
4050 4098 8148
4045 4107 8152
4059 4080 8139
4108 4154 8262
4092 4095 8187
4055 4069 8124
4115 4121 8236
4096 4158 8254
4197 4199 8396
4031 4041 8072
4176 4199 8375
4028 4179 8207
4041 4164 8205
4076 4116 8192
4028 4175 8203
4096 4142 8238
4045 4196 8241
4103 4150 8253
4035 4113 8148
4112 4143 8255
4198 4200 8398
4107 4154 8261
4004 4093 8097
4192 4195 8387
4008 4034 8042
4138 4193 8331
4057 4198 8255
4116 4147 8263
4187 4194 8381
4106 4112 8218
4115 4156 8271
4151 4164 8315
4147 4172 8319
4015 4186 8201
4098 4132 8230
4129 4166 8295
4184 4196 8380
4026 4062 8088
4067 4153 8220
4030 4194 8224
4118 4133 8251
4137 4199 8336
4059 4085 8144
4196 4198 8394
4014 4196 8210
4016 4143 8159
4019 4186 8205
4139 4170 8309
4045 4104 8149
4160 4167 8327
4173 4185 8358
4171 4198 8369
4107 4109 8216
4118 4139 8257
4191 4200 8391
4146 4157 8303
4087 4173 8260
4142 4181 8323
4101 4188 8289
4085 4195 8280
4113 4169 8282
4129 4142 8271
4196 4199 8395
4089 4116 8205
4144 4179 8323
4140 4189 8329
4076 4190 8266
4041 4132 8173
4013 4099 8112
4122 4150 8272
4078 4160 8238
4009 4028 8037
4144 4174 8318
4164 4167 8331
4095 4181 8276
4075 4157 8232
4106 4117 8223
4031 4176 8207
4044 4073 8117
4058 4065 8123
4107 4167 8274
4079 4116 8195
4015 4067 8082
4053 4158 8211
4070 4190 8260
4034 4145 8179
4048 4175 8223
4189 4190 8379
4162 4165 8327
4151 4176 8327
4176 4183 8359
4146 4161 8307
4034 4146 8180
4191 4196 8387
4154 4161 8315
4122 4168 8290
4127 4183 8310
4036 4052 8088
4123 4177 8300
4123 4150 8273
4108 4167 8275
4024 4143 8167
4044 4057 8101
4058 4198 8256
4090 4130 8220
4185 4194 8379
4182 4190 8372
4020 4173 8193
4142 4177 8319
4179 4200 8379
4006 4194 8200
4036 4099 8135
4121 4137 8258
4093 4117 8210
4072 4143 8215
4053 4070 8123
4086 4198 8284
4160 4191 8351
4001 4018 8019
4106 4183 8289
4097 4151 8248
4132 4200 8332
4184 4185 8369
4083 4106 8189
4166 4174 8340
4053 4165 8218
4173 4197 8370
4179 4194 8373
4080 4144 8224
4182 4186 8368
4038 4169 8207
4055 4092 8147
4172 4186 8358
4124 4137 8261
4118 4131 8249
4024 4098 8122
4037 4156 8193
4165 4182 8347
4094 4160 8254
4012 4197 8209
4161 4175 8336
4090 4113 8203
4000 4199 8199
4145 4152 8297
4068 4092 8160
4098 4196 8294
4002 4055 8057
4003 4092 8095
4036 4101 8137
4176 4180 8356
4161 4200 8361
4000 4004 8004
4157 4197 8354
4183 4197 8380
4135 4149 8284
4185 4186 8371
4142 4161 8303
4156 4179 8335
4062 4131 8193
4002 4068 8070
4124 4164 8288
4155 4193 8348
4028 4052 8080
4021 4079 8100
4030 4136 8166
4094 4199 8293
4106 4190 8296
4036 4197 8233
4001 4191 8192
4099 4112 8211
4177 4183 8360
4077 4081 8158
4020 4143 8163
4109 4164 8273
4180 4195 8375
4042 4055 8097
4103 4176 8279
4014 4060 8074
4164 4179 8343
4072 4095 8167
4152 4154 8306
4010 4141 8151
4168 4172 8340
4031 4187 8218
4006 4048 8054
4062 4197 8259
4179 4192 8371
4075 4087 8162
4074 4113 8187
4081 4144 8225
4051 4157 8208
4130 4186 8316
4075 4134 8209
4091 4187 8278
4143 4173 8316
4142 4177 8319
4121 4189 8310
4150 4158 8308
4177 4197 8374
4044 4152 8196
4157 4185 8342
4042 4048 8090
4053 4157 8210
4038 4172 8210
4191 4199 8390
4028 4147 8175
4057 4116 8173
4069 4199 8268
4072 4197 8269
4192 4194 8386
4094 4107 8201
4099 4152 8251
4113 4136 8249
4133 4155 8288
4117 4151 8268
4175 4193 8368
4171 4200 8371
4122 4182 8304
4142 4154 8296
4113 4192 8305
4193 4196 8389
4191 4200 8391
4029 4195 8224
4080 4096 8176
4148 4167 8315
4054 4146 8200
4038 4187 8225
4009 4152 8161
4166 4196 8362
4051 4068 8119
4123 4196 8319
4122 4147 8269
4017 4088 8105
4145 4179 8324
4116 4197 8313
4191 4192 8383
4193 4200 8393
4078 4144 8222
4031 4152 8183
4125 4160 8285
4191 4198 8389
4177 4184 8361
4168 4183 8351
4060 4113 8173
4016 4050 8066
4194 4195 8389
4194 4197 8391
4065 4168 8233
4013 4066 8079
4010 4048 8058
4055 4068 8123
4164 4191 8355
4044 4082 8126
4093 4098 8191
4045 4054 8099
4126 4200 8326
4024 4032 8056
4036 4055 8091
4009 4142 8151
4047 4073 8120
4101 4105 8206
4070 4095 8165
4025 4131 8156
4126 4193 8319
4094 4170 8264
4153 4166 8319
4037 4164 8201
4169 4190 8359
4163 4166 8329
4141 4156 8297
4094 4125 8219
4191 4199 8390
4109 4193 8302
4009 4045 8054
4002 4196 8198
4132 4148 8280
4036 4200 8236
4090 4132 8222
4078 4158 8236
4084 4113 8197
4092 4192 8284
4104 4189 8293
4157 4167 8324
4059 4183 8242
4187 4189 8376
4170 4184 8354
4033 4189 8222
4195 4198 8393
4118 4134 8252
4124 4135 8259
4160 4166 8326
4054 4103 8157
4045 4059 8104
4023 4125 8148
4121 4162 8283
4199 4200 8399
4196 4198 8394
4106 4167 8273
4056 4153 8209
4171 4183 8354
4020 4146 8166
4039 4102 8141
4062 4192 8254
4005 4174 8179
4106 4189 8295
4056 4066 8122
4020 4077 8097
4130 4136 8266
4134 4188 8322
4123 4132 8255
4001 4163 8164
4000 4121 8121
4167 4192 8359
4106 4139 8245
4162 4169 8331
4134 4200 8334
4133 4162 8295
4119 4165 8284
4155 4187 8342
4000 4150 8150
4143 4197 8340
4168 4182 8350
4067 4112 8179
4128 4160 8288
4198 4200 8398
4006 4102 8108
4141 4198 8339
4005 4061 8066
4098 4199 8297
4172 4189 8361
4124 4198 8322
4038 4085 8123
4133 4137 8270
4141 4148 8289
4007 4046 8053
4022 4164 8186
4125 4163 8288
4046 4098 8144
4086 4098 8184
4038 4059 8097
4053 4074 8127
4013 4115 8128
4187 4197 8384
4006 4186 8192
4062 4157 8219
4050 4197 8247
4157 4160 8317
4197 4198 8395
4138 4182 8320
4116 4126 8242
4129 4166 8295
4171 4191 8362
4042 4091 8133
4110 4175 8285
4051 4090 8141
4141 4165 8306
4145 4159 8304
4059 4120 8179
4172 4195 8367
4128 4165 8293
4041 4127 8168
4014 4165 8179
4067 4106 8173
4008 4075 8083
4181 4186 8367
4127 4196 8323
4161 4198 8359
4018 4110 8128
4046 4194 8240
4138 4144 8282
4072 4091 8163
4144 4191 8335
4018 4170 8188
4122 4141 8263
4021 4031 8052
4045 4125 8170
4034 4170 8204
4062 4111 8173
4102 4162 8264
4025 4078 8103
4011 4129 8140
4145 4146 8291
4165 4177 8342
4062 4081 8143
4160 4164 8324
4023 4176 8199
4134 4198 8332
4163 4166 8329
4118 4200 8318
4197 4199 8396
4157 4173 8330
4105 4134 8239
4097 4156 8253
4058 4178 8236
4180 4185 8365
4059 4065 8124
4133 4177 8310
4021 4113 8134
4076 4147 8223
4122 4194 8316
4047 4078 8125
4086 4188 8274
4059 4126 8185
4073 4160 8233
4101 4116 8217
4088 4160 8248
4173 4195 8368
4045 4089 8134
4139 4140 8279
4198 4200 8398
4133 4196 8329
4161 4195 8356
4144 4148 8292
4037 4045 8082
4062 4155 8217
4081 4164 8245
4009 4158 8167
4139 4183 8322
4149 4186 8335
4004 4165 8169
4165 4169 8334
4086 4154 8240
4098 4199 8297
4022 4052 8074
4104 4191 8295
4022 4137 8159
4072 4103 8175
4175 4191 8366
4036 4099 8135
4094 4164 8258
4065 4137 8202
4149 4151 8300
4134 4147 8281
4000 4065 8065
4197 4198 8395
4152 4162 8314
4125 4197 8322
4064 4157 8221
4108 4166 8274
4191 4192 8383
4032 4092 8124
4108 4136 8244
4026 4045 8071
4190 4198 8388
4072 4123 8195
4034 4130 8164
4076 4159 8235
4082 4194 8276
4060 4104 8164
4185 4200 8385
4073 4081 8154
4144 4193 8337
4148 4180 8328
4132 4153 8285
4154 4177 8331
4194 4198 8392
4001 4032 8033
4019 4140 8159
4053 4191 8244
4002 4191 8193
4187 4196 8383
4059 4098 8157
4030 4182 8212
4035 4092 8127
4115 4178 8293
4057 4088 8145
4047 4059 8106
4046 4167 8213
4194 4198 8392
4082 4196 8278
4179 4182 8361
4050 4096 8146
4098 4196 8294
4102 4113 8215
4197 4200 8397
4095 4168 8263
4020 4051 8071
4190 4193 8383
4087 4165 8252
4147 4184 8331
4090 4147 8237
4018 4156 8174
4016 4068 8084
4029 4114 8143
4182 4185 8367
4120 4195 8315
4141 4183 8324
4178 4192 8370
4090 4195 8285
4161 4180 8341
4076 4113 8189
4062 4167 8229
4130 4188 8318
4045 4109 8154
4196 4198 8394
4101 4138 8239
4167 4180 8347
4129 4151 8280
4178 4186 8364
4185 4197 8382
4198 4200 8398
4046 4074 8120
4096 4118 8214
4046 4099 8145
4024 4066 8090
4054 4198 8252
4103 4115 8218
4164 4187 8351
4155 4183 8338
4002 4166 8168
4102 4167 8269
4140 4151 8291
4170 4175 8345
4191 4192 8383
4068 4085 8153
4013 4156 8169
4161 4200 8361
4113 4141 8254
4131 4154 8285
4128 4156 8284
4140 4192 8332
4047 4054 8101
4101 4120 8221
4178 4192 8370
4128 4179 8307
4186 4200 8386
4148 4195 8343
4122 4140 8262
4193 4195 8388
4143 4182 8325
4164 4180 8344
4107 4196 8303
4102 4105 8207
4012 4163 8175
4196 4200 8396
4156 4194 8350
4163 4188 8351
4066 4076 8142
4174 4178 8352
4157 4195 8352
4166 4189 8355
4182 4194 8376
4115 4193 8308
4011 4142 8153
4141 4199 8340
4046 4067 8113
4123 4155 8278
4183 4188 8371
4061 4150 8211
4089 4139 8228
4188 4200 8388
4075 4107 8182
4086 4099 8185
4079 4195 8274
4032 4115 8147
4079 4107 8186
4190 4195 8385
4098 4140 8238
4124 4189 8313
4026 4073 8099
4099 4114 8213
4029 4037 8066
4087 4131 8218
4188 4197 8385
4061 4191 8252
4075 4117 8192
4072 4173 8245
4138 4197 8335
4131 4143 8274
4130 4169 8299
4115 4166 8281
4003 4054 8057
4085 4149 8234
4082 4137 8219
4046 4189 8235
4066 4138 8204
4106 4162 8268
4023 4159 8182
4119 4130 8249
4164 4178 8342
4044 4129 8173
4166 4198 8364
4000 4007 8007
4012 4139 8151
4193 4199 8392
4183 4187 8370
4110 4186 8296
4124 4143 8267
4075 4115 8190
4143 4167 8310
4126 4194 8320
4094 4174 8268
4122 4167 8289
4073 4200 8273
4138 4160 8298
4035 4050 8085
4009 4180 8189
4013 4115 8128
4139 4168 8307
4011 4028 8039
4143 4193 8336
4176 4195 8371
4039 4122 8161
4197 4200 8397
4063 4183 8246
4069 4097 8166
4037 4175 8212
4128 4137 8265
4002 4078 8080
4028 4139 8167
4062 4101 8163
4051 4096 8147
4115 4121 8236
4041 4190 8231
4079 4181 8260
4010 4128 8138
4028 4114 8142
4112 4190 8302
4149 4169 8318
4081 4121 8202
4160 4170 8330
4023 4146 8169
4105 4162 8267
4061 4175 8236
4064 4108 8172
4092 4098 8190
4044 4087 8131
4160 4173 8333
4026 4154 8180
4144 4152 8296
4004 4023 8027
4140 4181 8321
4047 4101 8148
4051 4060 8111
4064 4168 8232
4107 4136 8243
4132 4163 8295
4088 4143 8231
4089 4154 8243
4110 4146 8256
4164 4172 8336
4188 4198 8386
4106 4117 8223
4108 4109 8217
4068 4197 8265
4026 4094 8120
4161 4166 8327
4133 4176 8309
4088 4102 8190
4018 4057 8075
4175 4176 8351
4086 4122 8208
4100 4136 8236
4091 4128 8219
4076 4187 8263
4079 4090 8169
4029 4143 8172
4030 4168 8198
4079 4183 8262
4179 4190 8369
4145 4192 8337
4101 4194 8295
4165 4177 8342
4015 4129 8144
4060 4163 8223
4170 4179 8349
4152 4157 8309
4006 4150 8156
4142 4149 8291
4027 4157 8184
4026 4188 8214
4107 4180 8287
4161 4164 8325

4170 4189 8334
4189 4236 8393
4123 4207 8297
4289 4291 8550
4130 4154 8278
4131 4274 8376
4220 4227 8439
4275 4286 8545
4244 4300 8505
4221 4265 8480
4213 4238 8439
4113 4269 8372
4184 4186 8350
4238 4281 8508
4228 4237 8435
4168 4297 8455
4273 4284 8542
4297 4300 8579
4242 4278 8483
4112 4227 8320
4119 4244 8329
4110 4151 8246
4261 4283 8522
4144 4152 8292
4273 4290 8558
4140 4164 8271
4188 4278 8444
4287 4295 8542
4154 4174 8312
4296 4298 8561
4100 4105 8166
4221 4291 8481
4122 4284 8390
4229 4260 8461
4282 4288 8546
4105 4292 8375
4216 4297 8492
4173 4239 8408
4281 4288 8558
4252 4284 8528
4126 4198 8323
4207 4241 8444
4134 4283 8404
4126 4300 8424
4205 4296 8479
4250 4289 8518
4217 4292 8503
4296 4298 8587
4226 4279 8466
4233 4285 8504
4214 4285 8482
4298 4300 8567
4248 4284 8524
4119 4236 8347
4260 4298 8552
4254 4294 8531
4255 4300 8528
4285 4300 8552
4237 4245 8448
4237 4263 8474
4292 4299 8585
4226 4274 8495
4287 4290 8566
4113 4151 8235
4274 4280 8519
4139 4291 8399
4297 4300 8592
4283 4290 8545
4113 4209 8293
4243 4281 8509
4177 4219 8394
4230 4237 8458
4118 4183 8271
4125 4204 8290
4180 4200 8367
4140 4294 8431
4203 4275 8465
4224 4260 8464
4295 4300 8591
4239 4300 8505
4191 4279 8442
4170 4248 8394
4261 4286 8531
4283 4289 8567
4168 4207 8343
4208 4291 8471
4298 4299 8576
4226 4238 8430
4238 4292 8490
4205 4278 8463
4167 4245 8391
4200 4264 8429
4107 4299 8372
4138 4155 8289
4261 4291 8545
4225 4244 8430
4194 4264 8420
4110 4214 8292
4135 4278 8382
4120 4137 8224
4277 4278 8554
4149 4259 8402
4130 4199 8295
4258 4295 8517
4187 4285 8463
4102 4278 8344
4104 4171 8255
4242 4277 8485
4185 4210 8378
4176 4212 8373
4157 4250 8401
4246 4254 8499
4175 4256 8408
4276 4287 8538
4128 4292 8412
4258 4271 8496
4278 4298 8555
4274 4299 8536
4246 4267 8485
4116 4259 8360
4144 4297 8421
4125 4146 8268
4258 4284 8514
4112 4221 8329
4271 4291 8531
4184 4292 8443
4257 4272 8494
4133 4284 8384
4130 4293 8397
4157 4229 8350
4252 4292 8512
4240 4270 8481
4124 4250 8338
4140 4186 8311
4198 4283 8461
4167 4206 8367
4279 4298 8546
4289 4300 8549
4145 4215 8359
4121 4122 8231
4120 4240 8330
4194 4211 8380
4299 4300 8583
4149 4261 8387
4100 4181 8248
4248 4261 8484
4246 4271 8490
4152 4269 8394
4211 4259 8462
4219 4246 8443
4216 4232 8430
4195 4264 8458
4275 4281 8540
4155 4197 8314
4111 4229 8313
4212 4248 8426
4152 4157 8305
4188 4240 8422
4136 4279 8410
4124 4207 8315
4273 4296 8560
4122 4183 8291
4257 4265 8507
4202 4297 8468
4198 4249 8419
4206 4280 8482
4181 4206 8356
4270 4291 8544
4184 4262 8426
4160 4204 8325
4295 4297 8578
4232 4294 8516
4240 4274 8509
4174 4242 8410
4122 4160 8251
4227 4238 8446
4260 4298 8536
4204 4215 8380
4168 4249 8382
4220 4299 8512
4191 4234 8412
4220 4234 8440
4288 4300 8573
4120 4298 8395
4144 4272 8390
4232 4253 8468
4277 4286 8547
4205 4282 8463
4141 4175 8300
4118 4265 8371
4268 4273 8533
4103 4194 8271
4160 4180 8301
4268 4281 8516
4213 4272 8481
4198 4268 8428
4138 4215 8332
4244 4263 8492
4205 4258 8433
4230 4239 8443
4271 4289 8527
4250 4288 8535
4235 4300 8512
4297 4298 8581
4137 4263 8380
4220 4289 8501
4297 4299 8556
4176 4222 8396
4168 4187 8327
4185 4273 8447
4132 4224 8321
4255 4285 8515
4106 4184 8289
4262 4263 8487
4247 4259 8495
4258 4283 8522
4143 4241 8366
4221 4297 8479
4196 4232 8404
4258 4272 8501
4231 4254 8478
4214 4287 8496
4292 4299 8574
4189 4245 8431
4207 4222 8394
4251 4288 8516
4232 4249 8458
4150 4198 8312
4145 4207 8351
4159 4180 8321
4208 4254 8457
4192 4195 8358
4155 4169 8292
4215 4221 8416
4196 4258 8436
4297 4299 8558
4131 4141 8270
4276 4299 8572
4128 4279 8386
4141 4264 8374
4176 4216 8389
4128 4275 8398
4196 4242 8404
4145 4296 8410
4203 4250 8445
4135 4213 8326
4212 4243 8416
4298 4300 8572
4207 4254 8442
4104 4193 8293
4292 4295 8583
4108 4134 8237
4238 4293 8530
4157 4298 8444
4216 4247 8453
4287 4294 8547
4206 4212 8403
4215 4256 8455
4251 4264 8507
4247 4272 8492
4115 4286 8369
4198 4232 8423
4229 4266 8480
4284 4296 8562
4126 4162 8252
4167 4253 8385
4130 4294 8414
4218 4233 8427
4237 4299 8516
4159 4185 8310
4296 4298 8581
4114 4296 8372
4116 4243 8333
4119 4286 8393
4239 4270 8497
4145 4204 8324
4260 4267 8522
4273 4285 8538
4271 4298 8552
4207 4209 8409
4218 4239 8427
4291 4300 8589
4246 4257 8483
4187 4273 8428
4242 4281 8484
4201 4288 8450
4185 4295 8474
4213 4269 8444
4229 4242 8459
4296 4299 8591
4189 4216 8396
4244 4279 8490
4240 4289 8506
4176 4290 8444
4141 4232 8340
4113 4199 8306
4222 4250 8449
4178 4260 8421
4109 4128 8211
4244 4274 8497
4264 4267 8499
4195 4281 8443
4175 4257 8415
4206 4217 8385
4131 4276 8369
4144 4173 8306
4158 4165 8284
4207 4267 8452
4179 4216 8362
4115 4167 8274
4153 4258 8392
4170 4290 8430
4134 4245 8366
4148 4275 8397
4289 4290 8578
4262 4265 8522
4251 4276 8517
4276 4283 8529
4246 4261 8474
4134 4246 8360
4291 4296 8584
4254 4261 8489
4222 4268 8460
4227 4283 8487
4136 4152 8257
4223 4277 8471
4223 4250 8437
4208 4267 8441
4124 4243 8337
4144 4157 8273
4158 4298 8435
4190 4230 8390
4285 4294 8575
4282 4290 8553
4120 4273 8373
4242 4277 8518
4279 4300 8569
4106 4294 8370
4136 4199 8322
4221 4237 8421
4193 4217 8401
4172 4243 8412
4153 4170 8292
4186 4298 8466
4260 4291 8540
4101 4118 8196
4206 4283 8456
4197 4251 8418
4232 4300 8530
4284 4285 8530
4183 4206 8384
4266 4274 8511
4153 4265 8388
4273 4297 8568
4279 4294 8555
4180 4244 8406
4282 4286 8537
4138 4269 8395
4155 4192 8309
4272 4286 8529
4224 4237 8455
4218 4231 8431
4124 4198 8317
4137 4256 8375
4265 4282 8530
4194 4260 8439
4112 4297 8397
4261 4275 8528
4190 4213 8392
4100 4299 8367
4245 4252 8469
4168 4192 8322
4198 4296 8462
4102 4155 8245
4103 4192 8289
4136 4201 8315
4276 4280 8519
4261 4300 8538
4100 4104 8185
4257 4297 8540
4283 4297 8558
4235 4249 8459
4285 4286 8551
4242 4261 8502
4256 4279 8513
4162 4231 8361
4102 4168 8234
4224 4264 8472
4255 4293 8531
4128 4152 8268
4121 4179 8278
4130 4236 8328
4194 4299 8464
4206 4290 8471
4136 4297 8410
4101 4291 8381
4199 4212 8405
4277 4283 8527
4177 4181 8323
4120 4243 8335
4209 4264 8448
4280 4295 8554
4142 4155 8289
4203 4276 8439
4114 4160 8259
4264 4279 8542
4172 4195 8366
4252 4254 8500
4110 4241 8322
4268 4272 8533
4131 4287 8380
4106 4148 8224
4162 4297 8443
4279 4292 8535
4175 4187 8342
4174 4213 8377
4181 4244 8419
4151 4257 8381
4230 4286 8496
4175 4234 8387
4191 4287 8472
4243 4273 8480
4242 4277 8518
4221 4289 8502
4250 4258 8504
4277 4297 8562
4144 4252 8390
4257 4285 8502
4142 4148 8259
4153 4257 8380
4138 4272 8393
4291 4299 8557
4128 4247 8353
4157 4216 8345
4169 4299 8464
4172 4297 8437
4292 4294 8570
4194 4207 8398
4199 4252 8437
4213 4236 8416
4233 4255 8463
4217 4251 8429
4275 4293 8555
4271 4300 8561
4222 4282 8491
4242 4254 8495
4213 4292 8477
4293 4296 8565
4291 4300 8568
4129 4295 8413
4180 4196 8359
4248 4267 8495
4154 4246 8397
4138 4287 8394
4109 4252 8342
4266 4296 8545
4151 4168 8299
4223 4296 8500
4222 4247 8457
4117 4188 8302
4245 4279 8512
4216 4297 8500
4291 4292 8567
4293 4300 8582
4178 4244 8399
4131 4252 8355
4225 4260 8478
4291 4298 8582
4277 4284 8539
4268 4283 8511
4160 4213 8366
4116 4150 8246
4294 4295 8579
4294 4297 8551
4165 4268 8414
4113 4166 8255
4110 4148 8226
4155 4168 8304
4264 4291 8549
4144 4182 8293
4193 4198 8382
4145 4154 8263
4226 4300 8486
4124 4132 8218
4136 4155 8269
4109 4242 8324
4147 4173 8290
4201 4205 8379
4170 4195 8359
4125 4231 8325
4226 4293 8496
4194 4270 8443
4253 4266 8515
4137 4264 8375
4269 4290 8557
4263 4266 8496
4241 4256 8492
4194 4225 8415
4291 4299 8556
4209 4293 8481
4109 4145 8229
4102 4296 8387
4232 4248 8459
4136 4300 8428
4190 4232 8389
4178 4258 8401
4184 4213 8380
4192 4292 8448
4204 4289 8463
4257 4267 8493
4159 4283 8413
4287 4289 8570
4270 4284 8530
4133 4289 8396
4295 4298 8558
4218 4234 8441
4224 4235 8448
4260 4266 8500
4154 4203 8323
4145 4159 8279
4123 4225 8340
4221 4262 8451
4299 4300 8589
4296 4298 8566
4206 4267 8437
4156 4253 8392
4271 4283 8538
4120 4246 8365
4139 4202 8312
4162 4292 8415
4105 4274 8341
4206 4289 8462
4156 4166 8310
4120 4177 8287
4230 4236 8457
4234 4288 8518
4223 4232 8436
4101 4263 8340
4100 4221 8304
4267 4292 8547
4206 4239 8435
4262 4269 8506
4234 4300 8521
4233 4262 8469
4219 4265 8474
4255 4287 8519
4100 4250 8312
4243 4297 8532
4268 4282 8512
4167 4212 8373
4228 4260 8480
4298 4300 8592
4106 4202 8303
4241 4298 8510
4105 4161 8244
4198 4299 8465
4272 4289 8524
4224 4298 8515
4138 4185 8304
4233 4237 8460
4241 4248 8484
4107 4146 8246
4122 4264 8382
4225 4263 8478
4146 4198 8322
4186 4198 8363
4138 4159 8292
4153 4174 8294
4113 4215 8309
4287 4297 8555
4106 4286 8360
4162 4257 8412
4150 4297 8435
4257 4260 8482
4297 4298 8569
4238 4282 8499
4216 4226 8419
4229 4266 8470
4271 4291 8551
4142 4191 8303
4210 4275 8477
4151 4190 8322
4241 4265 8504
4245 4259 8497
4159 4220 8367
4272 4295 8529
4228 4265 8461
4141 4227 8363
4114 4265 8340
4167 4206 8351
4108 4175 8261
4281 4286 8539
4227 4296 8486
4261 4298 8521
4118 4210 8317
4146 4294 8408
4238 4244 8467
4172 4191 8353
4244 4291 8528
4118 4270 8366
4222 4241 8452
4121 4131 8232
4145 4225 8347
4134 4270 8383
4162 4211 8353
4202 4262 8441
4125 4178 8276
4111 4229 8339
4245 4246 8486
4265 4277 8521
4162 4181 8328
4260 4264 8502
4123 4276 8390
4234 4298 8501
4263 4266 8498
4218 4300 8517
4297 4299 8583
4257 4273 8511
4205 4234 8412
4197 4256 8444
4158 4278 8413
4280 4285 8539
4159 4165 8321
4233 4277 8492
4121 4213 8318
4176 4247 8421
4222 4294 8489
4147 4178 8309
4186 4288 8441
4159 4226 8382
4173 4260 8400
4201 4216 8380
4188 4260 8445
4273 4295 8557
4145 4189 8318
4239 4240 8475
4298 4300 8572
4233 4296 8524
4261 4295 8548
4244 4248 8473
4137 4145 8279
4162 4255 8381
4181 4264 8423
4109 4258 8339
4239 4283 8490
4249 4286 8517
4104 4265 8351
4265 4269 8521
4186 4254 8404
4198 4299 8460
4122 4152 8255
4204 4291 8486
4122 4237 8334
4172 4203 8352
4275 4291 8528
4136 4199 8304
4194 4264 8444
4165 4237 8371
4249 4251 8483
4234 4247 8455
4100 4165 8231
4297 4298 8564
4252 4262 8497
4225 4297 8520
4164 4257 8395
4208 4266 8468
4291 4292 8576
4132 4192 8296
4208 4236 8412
4126 4145 8267
4290 4298 8563
4172 4223 8360
4134 4230 8325
4176 4259 8416
4182 4294 8474
4160 4204 8340
4285 4300 8547
4173 4181 8353
4244 4293 8534
4248 4280 8492
4232 4253 8464
4254 4277 8495
4294 4298 8574
4101 4132 8222
4119 4240 8321
4153 4291 8442
4102 4291 8359
4287 4296 8565
4159 4198 8346
4130 4282 8384
4135 4192 8319
4215 4278 8471
4157 4188 8328
4147 4159 8282
4146 4267 8382
4294 4298 8588
4182 4296 8465
4279 4282 8543
4150 4196 8335
4198 4296 8477
4202 4213 8388
4297 4300 8561
4195 4268 8435
4120 4151 8242
4290 4293 8558
4187 4265 8420
4247 4284 8525
4190 4247 8406
4118 4256 8363
4116 4168 8246
4129 4214 8319
4282 4285 8539
4220 4295 8496
4241 4283 8509
4278 4292 8564
4190 4295 8451
4261 4280 8504
4176 4213 8364
4162 4267 8422
4230 4288 8498
4145 4209 8334
4296 4298 8589
4201 4238 8436
4267 4280 8523
4229 4251 8453
4278 4286 8542
4285 4297 8581
4298 4300 8562
4146 4174 8297
4196 4218 8399
4146 4199 8321
4124 4166 8261
4154 4298 8433
4203 4215 8404
4264 4287 8544
4255 4283 8534
4102 4266 8364
4202 4267 8465
4240 4251 8479
4270 4275 8533
4291 4292 8561
4168 4185 8343
4113 4256 8352
4261 4300 8531
4213 4241 8442
4231 4254 8446
4228 4256 8450
4240 4292 8505
4147 4154 8299
4201 4220 8414
4278 4292 8563
4228 4279 8490
4286 4300 8559
4248 4295 8528
4222 4240 8439
4293 4295 8558
4243 4282 8485
4264 4280 8516
4207 4296 8472
4202 4205 8389
4112 4263 8369
4296 4300 8569
4256 4294 8542
4263 4288 8545
4166 4176 8308
4274 4278 8550
4257 4295 8517
4266 4289 8517
4282 4294 8572
4215 4293 8495
4111 4242 8339
4241 4299 8516
4146 4167 8297
4223 4255 8453
4283 4288 8539
4161 4250 8384
4189 4239 8395
4288 4300 8585
4175 4207 8376
4186 4199 8346
4179 4295 8459
4132 4215 8335
4179 4207 8376
4290 4295 8550
4198 4240 8422
4224 4289 8506
4126 4173 8268
4199 4214 8374
4129 4137 8246
4187 4231 8413
4288 4297 8548
4161 4291 8448
4175 4217 8353
4172 4273 8423
4238 4297 8532
4231 4243 8434
4230 4269 8490
4215 4266 8459
4103 4154 8253
4185 4249 8419
4182 4237 8396
4146 4289 8432
4166 4238 8393
4206 4262 8456
4123 4259 8359
4219 4230 8444
4264 4278 8517
4144 4229 8369
4266 4298 8530
4100 4107 8168
4112 4239 8332
4293 4299 8567
4283 4287 8547
4210 4286 8493
4224 4243 8430
4175 4215 8374
4243 4267 8504
4226 4294 8490
4194 4274 8458
4222 4267 8479
4173 4300 8454
4238 4260 8492
4135 4150 8264
4109 4280 8359
4113 4215 8324
4239 4268 8470
4111 4128 8226
4243 4293 8512
4276 4295 8548
4139 4222 8328
4297 4300 8573
4163 4283 8445
4169 4197 8330
4137 4275 8398
4228 4237 8437
4102 4178 8242
4128 4239 8342
4162 4201 8332
4151 4196 8327
4215 4221 8404
4141 4290 8403
4179 4281 8430
4110 4228 8320
4128 4214 8321
4212 4290 8471
4249 4269 8497
4181 4221 8376
4260 4270 8503
4123 4246 8364
4205 4262 8456
4161 4275 8432
4164 4208 8362
4192 4198 8361
4144 4187 8293
4260 4273 8528
4126 4254 8373
4244 4252 8457
4104 4123 8202
4240 4281 8515
4147 4201 8331
4151 4160 8291
4164 4268 8397
4207 4236 8427
4232 4263 8481
4188 4243 8397
4189 4254 8424
4210 4246 8453
4264 4272 8503
4288 4298 8564
4206 4217 8383
4208 4209 8406
4168 4297 8448
4126 4194 8305
4261 4266 8494
4233 4276 8489
4188 4202 8387
4118 4157 8251
4275 4276 8547
4186 4222 8385
4200 4236 8396
4191 4228 8415
4176 4287 8434
4179 4190 8353
4129 4243 8361
4130 4268 8388
4179 4283 8441
4279 4290 8544
4245 4292 8531
4201 4294 8491
4265 4277 8524
4115 4229 8309
4160 4263 8387
4270 4279 8548
4252 4257 8496
4106 4250 8337
4242 4249 8490
4127 4257 8345
4126 4288 8404
4207 4280 8462
4261 4264 8517

0.010000 0.600000
