300
1517354
4142 4146 8288
4159 4194 8353
4001 4107 8108
4059 4124 8183
4132 4170 8302
4158 4161 8319
4076 4115 8191
4197 4199 8396
4113 4158 8271
4048 4088 8136
4119 4139 8258
4107 4174 8281
4044 4140 8184
4150 4163 8313
4028 4114 8142
4019 4033 8052
4024 4179 8203
4164 4188 8352
4130 4196 8326
4150 4160 8310
4058 4087 8145
4157 4198 8355
4032 4119 8151
4117 4163 8280
4060 4088 8148
4011 4067 8078
4125 4200 8325
4071 4123 8194
4048 4084 8132
4074 4149 8223
4010 4047 8057
4177 4194 8371
4088 4176 8264
4054 4119 8173
4043 4048 8091
4021 4085 8106
4085 4110 8195
4026 4034 8060
4067 4081 8148
4070 4085 8155
4198 4199 8397
4042 4131 8173
4071 4072 8143
4186 4189 8375
4067 4086 8153
4003 4053 8056
4117 4160 8277
4130 4170 8300
4049 4084 8133
4018 4105 8123
4158 4193 8351
4055 4133 8188
4064 4105 8169
4179 4180 8359
4177 4193 8370
4102 4108 8210
4043 4177 8220
4084 4111 8195
4129 4188 8317
4069 4092 8161
4007 4164 8171
4137 4189 8326
4017 4171 8188
4134 4146 8280
4094 4131 8225
4041 4106 8147
4062 4076 8138
4011 4080 8091
4085 4163 8248
4144 4164 8308
4077 4090 8167
4067 4128 8195
4061 4095 8156
4087 4156 8243
4062 4109 8171
4133 4199 8332
4063 4166 8229
4105 4137 8242
4152 4190 8342
4083 4158 8241
4139 4157 8296
4072 4173 8245
4126 4160 8286
4121 4163 8284
4065 4138 8203
4128 4160 8288
4057 4188 8245
4078 4188 8266
4120 4124 8244
4122 4126 8248
4079 4085 8164
4010 4058 8068
4158 4164 8322
4068 4080 8148
4005 4135 8140
4001 4111 8112
4145 4200 8345
4159 4161 8320
4064 4095 8159
4191 4197 8388
4061 4129 8190
4089 4100 8189
4001 4102 8103
4029 4193 8222
4182 4193 8375
4044 4064 8108
4162 4178 8340
4139 4153 8292
4008 4193 8201
4192 4193 8385
4179 4191 8370
4158 4182 8340
4044 4063 8107
4125 4149 8274
4049 4136 8185
4180 4198 8378
4197 4199 8396
4043 4185 8228
4080 4198 8278
4175 4190 8365
4187 4190 8377
4134 4187 8321
4175 4194 8369
4182 4197 8379
4071 4178 8249
4020 4128 8148
4053 4162 8215
4194 4199 8393
4024 4182 8206
4097 4176 8273
4170 4195 8365
4104 4173 8277
4020 4080 8100
4133 4198 8331
4097 4132 8229
4066 4101 8167
4010 4142 8152
4028 4185 8213
4060 4112 8172
4020 4065 8085
4167 4198 8365
4135 4177 8312
4006 4071 8077
4076 4114 8190
4150 4161 8311
4153 4173 8326
4120 4132 8252
4129 4162 8291
4149 4157 8306
4165 4179 8344
4182 4194 8376
4191 4200 8391
4045 4196 8241
4103 4139 8242
4121 4155 8276
4130 4168 8298
4001 4154 8155
4144 4147 8291
4034 4117 8151
4105 4131 8236
4187 4192 8379
4190 4195 8385
4012 4033 8045
4190 4199 8389
4098 4153 8251
4115 4186 8301
4179 4187 8366
4004 4112 8116
4096 4196 8292
4165 4194 8359
4083 4126 8209
4016 4048 8064
4186 4197 8383
4102 4185 8287
4171 4176 8347
4027 4180 8207
4048 4050 8098
4021 4078 8099
4075 4103 8178
4182 4194 8376
4096 4191 8287
4134 4181 8315
4194 4200 8394
4136 4183 8319
4029 4132 8161
4133 4194 8327
4173 4195 8368
4020 4108 8128
4125 4191 8316
4161 4190 8351
4148 4156 8304
4063 4150 8213
4090 4134 8224
4159 4162 8321
4166 4175 8341
4009 4041 8050
4176 4183 8359
4044 4183 8227
4160 4189 8349
4001 4097 8098
4096 4132 8228
4167 4171 8338
4009 4068 8077
4191 4193 8384
4036 4115 8151
4063 4072 8135
4041 4143 8184
4116 4171 8287
4163 4179 8342
4105 4193 8298
4066 4148 8214
4181 4182 8363
4198 4200 8398
4021 4034 8055
4078 4193 8271
4192 4200 8392
4147 4191 8338
4178 4182 8360
4058 4135 8193
4182 4195 8377
4138 4153 8291
4086 4143 8229
4059 4193 8252
4074 4195 8269
4198 4200 8398
4035 4039 8074
4088 4101 8189
4017 4198 8215
4061 4190 8251
4055 4189 8244
4016 4171 8187
4195 4199 8394
4066 4094 8160
4060 4189 8249
4156 4186 8342
4065 4098 8163
4138 4163 8301
4047 4156 8203
4071 4110 8181
4016 4185 8201
4094 4133 8227
4196 4200 8396
4148 4151 8299
4188 4196 8384
4136 4154 8290
4162 4194 8356
4120 4196 8316
4049 4093 8142
4176 4194 8370
4068 4128 8196
4090 4137 8227
4095 4200 8295
4120 4128 8248
4136 4152 8288
4023 4188 8211
4116 4131 8247
4174 4181 8355
4107 4196 8303
4041 4195 8236
4054 4129 8183
4177 4199 8376
4085 4179 8264
4146 4198 8344
4129 4142 8271
4135 4197 8332
4017 4164 8181
4157 4158 8315
4150 4182 8332
4166 4183 8349
4089 4174 8263
4054 4107 8161
4077 4158 8235
4105 4154 8259
4103 4113 8216
4099 4187 8286
4061 4115 8176
4013 4174 8187
4063 4187 8250
4137 4190 8327
4170 4175 8345
4059 4079 8138
4155 4186 8341
4019 4037 8056
4134 4183 8317
4175 4179 8354
4159 4165 8324
4191 4200 8391
4107 4167 8274
4018 4076 8094
4071 4182 8253
4107 4108 8215
4088 4126 8214
4133 4146 8279
4070 4080 8150
4048 4157 8205
4018 4148 8166
4102 4137 8239
4065 4194 8259
4020 4125 8145
4182 4199 8381

4242 4246 8463
4259 4294 8541
4101 4207 8276
4159 4224 8373
4232 4270 8474
4258 4261 8502
4176 4215 8371
4297 4299 8577
4213 4258 8462
4148 4188 8308
4219 4239 8419
4207 4274 8458
4144 4240 8374
4250 4263 8492
4128 4214 8320
4119 4133 8213
4124 4279 8373
4264 4288 8536
4230 4296 8512
4250 4260 8504
4158 4187 8308
4257 4298 8548
4132 4219 8347
4217 4263 8456
4160 4188 8326
4111 4167 8257
4225 4300 8508
4171 4223 8359
4148 4184 8311
4174 4249 8397
4110 4147 8225
4277 4294 8564
4188 4276 8461
4154 4219 8338
4143 4148 8271
4121 4185 8270
4185 4210 8377
4126 4134 8231
4167 4181 8336
4170 4185 8340
4298 4299 8588
4142 4231 8334
4171 4172 8323
4286 4289 8552
4167 4186 8345
4103 4153 8226
4217 4260 8460
4230 4270 8470
4149 4184 8313
4118 4205 8287
4258 4293 8513
4155 4233 8387
4164 4205 8347
4279 4280 8532
4277 4293 8541
4202 4208 8407
4143 4277 8411
4184 4211 8372
4229 4288 8506
4169 4192 8331
4107 4264 8366
4237 4289 8502
4117 4271 8367
4234 4246 8473
4194 4231 8417
4141 4206 8329
4162 4176 8316
4111 4180 8272
4185 4263 8435
4244 4264 8496
4177 4190 8341
4167 4228 8375
4161 4195 8347
4187 4256 8437
4162 4209 8370
4233 4299 8505
4163 4266 8410
4205 4237 8409
4252 4290 8504
4183 4258 8416
4239 4257 8494
4172 4273 8418
4226 4260 8466
4221 4263 8444
4165 4238 8380
4228 4260 8451
4157 4288 8418
4178 4288 8451
4220 4224 8422
4222 4226 8428
4179 4185 8339
4110 4158 8267
4258 4264 8501
4168 4180 8338
4105 4235 8320
4101 4211 8293
4245 4300 8523
4259 4261 8493
4164 4195 8351
4291 4297 8551
4161 4229 8373
4189 4200 8351
4101 4202 8293
4129 4293 8388
4282 4293 8559
4144 4164 8291
4262 4278 8524
4239 4253 8456
4108 4293 8372
4292 4293 8549
4279 4291 8558
4258 4282 8514
4144 4163 8293
4225 4249 8454
4149 4236 8362
4280 4298 8555
4297 4299 8579
4143 4285 8414
4180 4298 8468
4275 4290 8527
4287 4290 8545
4234 4287 8505
4275 4294 8556
4282 4297 8565
4171 4278 8437
4120 4228 8309
4153 4262 8413
4294 4299 8567
4124 4282 8398
4197 4276 8461
4270 4295 8556
4204 4273 8459
4120 4180 8279
4233 4298 8512
4197 4232 8404
4166 4201 8336
4110 4242 8316
4128 4285 8396
4160 4212 8369
4120 4165 8262
4267 4298 8525
4235 4277 8495
4106 4171 8271
4176 4214 8375
4250 4261 8483
4253 4273 8519
4220 4232 8420
4229 4262 8470
4249 4257 8469
4265 4279 8529
4282 4294 8548
4291 4300 8552
4145 4296 8415
4203 4239 8424
4221 4255 8454
4230 4268 8462
4101 4254 8316
4244 4247 8470
4134 4217 8348
4205 4231 8422
4287 4292 8571
4290 4295 8573
4112 4133 8210
4290 4299 8564
4198 4253 8422
4215 4286 8477
4279 4287 8558
4104 4212 8307
4196 4296 8454
4265 4294 8550
4183 4226 8400
4116 4148 8258
4286 4297 8577
4202 4285 8461
4271 4276 8545
4127 4280 8403
4148 4150 8276
4121 4178 8271
4175 4203 8347
4282 4294 8575
4196 4291 8473
4234 4281 8476
4294 4300 8582
4236 4283 8512
4129 4232 8323
4233 4294 8517
4273 4295 8530
4120 4208 8299
4225 4291 8480
4261 4290 8526
4248 4256 8496
4163 4250 8404
4190 4234 8410
4259 4262 8496
4266 4275 8532
4109 4141 8234
4276 4283 8545
4144 4283 8424
4260 4289 8513
4101 4197 8269
4196 4232 8410
4267 4271 8531
4109 4168 8273
4291 4293 8576
4136 4215 8339
4163 4172 8331
4141 4243 8361
4216 4271 8450
4263 4279 8539
4205 4293 8479
4166 4248 8406
4281 4282 8536
4298 4300 8578
4121 4134 8240
4178 4293 8450
4292 4300 8554
4247 4291 8529
4278 4282 8528
4158 4235 8391
4282 4295 8559
4238 4253 8482
4186 4243 8411
4159 4293 8423
4174 4295 8438
4298 4300 8568
4135 4139 8238
4188 4201 8364
4117 4298 8392
4161 4290 8437
4155 4289 8413
4116 4271 8383
4295 4299 8578
4166 4194 8327
4160 4289 8436
4256 4286 8513
4165 4198 8346
4238 4263 8499
4147 4256 8386
4171 4210 8350
4116 4285 8394
4194 4233 8402
4296 4300 8593
4248 4251 8478
4288 4296 8556
4236 4254 8467
4262 4294 8525
4220 4296 8513
4149 4193 8327
4276 4294 8554
4168 4228 8374
4190 4237 8388
4195 4300 8483
4220 4228 8413
4236 4252 8480
4123 4288 8398
4216 4231 8429
4274 4281 8516
4207 4296 8484
4141 4295 8431
4154 4229 8368
4277 4299 8555
4185 4279 8454
4246 4298 8504
4229 4242 8470
4235 4297 8521
4117 4264 8364
4257 4258 8503
4250 4282 8523
4266 4283 8532
4189 4274 8445
4154 4207 8333
4177 4258 8416
4205 4254 8436
4203 4213 8386
4199 4287 8466
4161 4215 8353
4113 4274 8361
4163 4287 8442
4237 4290 8500
4270 4275 8517
4159 4179 8302
4255 4286 8511
4119 4137 8229
4234 4283 8491
4275 4279 8521
4259 4265 8522
4291 4300 8559
4207 4267 8470
4118 4176 8264
4171 4282 8446
4207 4208 8379
4188 4226 8411
4233 4246 8449
4170 4180 8331
4148 4257 8400
4118 4248 8365
4202 4237 8435
4165 4294 8440
4120 4225 8342
4282 4299 8569

0.010000 0.600000
