700
4185774
4191 4192 8383
4153 4171 8324
4140 4159 8299
4009 4043 8052
4103 4119 8222
4021 4057 8078
4125 4196 8321
4070 4085 8155
4159 4173 8332
4027 4050 8077
4126 4148 8274
4022 4093 8115
4102 4149 8251
4148 4169 8317
4102 4113 8215
4001 4165 8166
4125 4180 8305
4037 4083 8120
4129 4194 8323
4083 4121 8204
4040 4157 8197
4027 4077 8104
4001 4035 8036
4040 4042 8082
4190 4198 8388
4059 4170 8229
4145 4162 8307
4150 4188 8338
4110 4186 8296
4008 4078 8086
4011 4148 8159
4115 4194 8309
4076 4109 8185
4190 4195 8385
4123 4170 8293
4111 4144 8255
4034 4069 8103
4158 4199 8357
4123 4124 8247
4132 4157 8289
4122 4123 8245
4105 4114 8219
4041 4189 8230
4045 4157 8202
4067 4194 8261
4169 4175 8344
4094 4147 8241
4148 4173 8321
4090 4129 8219
4070 4133 8203
4064 4158 8222
4104 4154 8258
4004 4026 8030
4070 4086 8156
4075 4097 8172
4093 4112 8205
4033 4188 8221
4120 4165 8285
4179 4188 8367
4070 4088 8158
4067 4087 8154
4058 4070 8128
4005 4111 8116
4168 4195 8363
4120 4128 8248
4000 4096 8096
4072 4119 8191
4072 4105 8177
4004 4186 8190
4120 4159 8279
4198 4200 8398
4063 4073 8136
4019 4021 8040
4035 4129 8164
4087 4152 8239
4187 4194 8381
4174 4194 8368
4006 4012 8018
4017 4045 8062
4002 4123 8125
4164 4194 8358
4089 4133 8222
4073 4188 8261
4090 4173 8263
4195 4200 8395
4070 4166 8236
4029 4128 8157
4028 4078 8106
4054 4119 8173
4037 4175 8212
4189 4193 8382
4177 4193 8370
4194 4199 8393
4135 4190 8325
4174 4187 8361
4044 4128 8172
4140 4182 8322
4145 4153 8298
4010 4140 8150
4042 4044 8086
4078 4127 8205
4123 4178 8301
4037 4098 8135
4079 4141 8220
4162 4175 8337
4066 4110 8176
4138 4196 8334
4026 4078 8104
4078 4160 8238
4081 4187 8268
4046 4111 8157
4122 4143 8265
4153 4197 8350
4174 4182 8356
4114 4166 8280
4082 4196 8278
4005 4190 8195
4003 4011 8014
4031 4169 8200
4059 4186 8245
4198 4199 8397
4027 4077 8104
4134 4198 8332
4184 4197 8381
4025 4038 8063
4143 4198 8341
4190 4193 8383
4015 4087 8102
4065 4160 8225
4089 4109 8198
4041 4097 8138
4118 4154 8272
4110 4154 8264
4072 4161 8233
4161 4184 8345
4091 4187 8278
4167 4198 8365
4116 4120 8236
4080 4173 8253
4048 4077 8125
4059 4067 8126
4108 4143 8251
4189 4191 8380
4102 4138 8240
4170 4183 8353
4174 4190 8364
4006 4049 8055
4000 4098 8098
4049 4194 8243
4030 4127 8157
4154 4185 8339
4195 4199 8394
4183 4191 8374
4009 4101 8110
4062 4146 8208
4052 4117 8169
4121 4142 8263
4171 4173 8344
4060 4116 8176
4153 4191 8344
4029 4100 8129
4031 4174 8205
4023 4144 8167
4108 4122 8230
4110 4127 8237
4023 4047 8070
4089 4090 8179
4140 4170 8310
4091 4110 8201
4075 4087 8162
4049 4152 8201
4118 4192 8310
4189 4198 8387
4119 4142 8261
4152 4188 8340
4188 4195 8383
4072 4136 8208
4039 4075 8114
4107 4143 8250
4140 4144 8284
4169 4183 8352
4102 4149 8251
4166 4181 8347
4171 4184 8355
4106 4194 8300
4007 4086 8093
4134 4147 8281
4082 4190 8272
4099 4117 8216
4058 4108 8166
4024 4126 8150
4122 4199 8321
4074 4080 8154
4075 4146 8221
4185 4186 8371
4163 4168 8331
4012 4093 8105
4014 4154 8168
4174 4193 8367
4058 4156 8214
4196 4199 8395
4167 4179 8346
4134 4141 8275
4012 4092 8104
4196 4197 8393
4064 4134 8198
4140 4181 8321
4061 4128 8189
4153 4185 8338
4060 4097 8157
4161 4189 8350
4109 4171 8280
4060 4154 8214
4019 4148 8167
4034 4118 8152
4021 4077 8098
4135 4198 8333
4014 4057 8071
4094 4182 8276
4125 4189 8314
4197 4199 8396
4068 4131 8199
4019 4112 8131
4049 4124 8173
4014 4170 8184
4125 4189 8314
4186 4190 8376
4117 4119 8236
4146 4200 8346
4111 4128 8239
4064 4075 8139
4077 4169 8246
4155 4197 8352
4087 4099 8186
4166 4177 8343
4017 4110 8127
4000 4193 8193
4081 4099 8180
4060 4119 8179
4161 4182 8343
4015 4113 8128
4026 4049 8075
4161 4196 8357
4197 4198 8395
4178 4191 8369
4005 4172 8177
4023 4088 8111
4071 4175 8246
4143 4181 8324
4060 4080 8140
4101 4188 8289
4108 4125 8233
4049 4147 8196
4114 4180 8294
4085 4178 8263
4087 4138 8225
4139 4180 8319
4094 4161 8255
4088 4092 8180
4144 4177 8321
4190 4200 8390
4161 4188 8349
4110 4142 8252
4021 4128 8149
4081 4168 8249
4099 4122 8221
4130 4144 8274
4167 4188 8355
4145 4153 8298
4161 4167 8328
4046 4194 8240
4023 4101 8124
4001 4154 8155
4099 4142 8241
4083 4138 8221
4098 4163 8261
4068 4179 8247
4101 4111 8212
4068 4189 8257
4042 4107 8149
4080 4186 8266
4012 4200 8212
4196 4200 8396
4102 4167 8269
4110 4140 8250
4163 4194 8357
4189 4198 8387
4020 4065 8085
4048 4105 8153
4093 4135 8228
4075 4133 8208
4029 4047 8076
4122 4134 8256
4133 4183 8316
4192 4200 8392
4105 4173 8278
4124 4136 8260
4171 4190 8361
4194 4195 8389
4140 4180 8320
4063 4076 8139
4049 4079 8128
4034 4158 8192
4145 4177 8322
4063 4120 8183
4142 4178 8320
4150 4195 8345
4125 4191 8316
4064 4142 8206
4034 4099 8133
4066 4067 8133
4118 4128 8246
4036 4087 8123
4003 4113 8116
4171 4198 8369
4156 4182 8338
4123 4147 8270
4103 4123 8226
4068 4173 8241
4192 4199 8391
4140 4142 8282
4138 4163 8301
4012 4110 8122
4108 4152 8260
4037 4135 8172
4113 4155 8268
4128 4162 8290
4147 4184 8331
4014 4175 8189
4039 4115 8154
4037 4067 8104
4057 4115 8172
4146 4182 8328
4008 4198 8206
4025 4163 8188
4149 4192 8341
4056 4176 8232
4092 4195 8287
4003 4117 8120
4030 4106 8136
4159 4169 8328
4021 4154 8175
4112 4155 8267
4075 4199 8274
4041 4124 8165
4107 4146 8253
4096 4174 8270
4166 4176 8342
4162 4187 8349
4007 4161 8168
4121 4174 8295
4075 4089 8164
4065 4095 8160
4182 4191 8373
4083 4103 8186
4189 4196 8385
4158 4176 8334
4112 4126 8238
4059 4085 8144
4185 4196 8381
4117 4188 8305
4080 4102 8182
4124 4144 8268
4118 4125 8243
4010 4072 8082
4054 4108 8162
4187 4194 8381
4156 4191 8347
4014 4186 8200
4115 4184 8299
4130 4165 8295
4180 4188 8368
4105 4153 8258
4061 4085 8146
4071 4167 8238
4152 4167 8319
4033 4163 8196
4067 4157 8224
4062 4119 8181
4172 4182 8354
4018 4025 8043
4169 4198 8367
4181 4186 8367
4100 4102 8202
4006 4104 8110
4112 4161 8273
4047 4092 8139
4191 4198 8389
4063 4167 8230
4055 4198 8253
4068 4089 8157
4092 4111 8203
4107 4167 8274
4102 4141 8243
4134 4141 8275
4003 4145 8148
4160 4186 8346
4060 4085 8145
4119 4130 8249
4182 4193 8375
4008 4176 8184
4190 4192 8382
4034 4104 8138
4185 4198 8383
4111 4197 8308
4010 4144 8154
4071 4111 8182
4150 4183 8333
4123 4152 8275
4027 4109 8136
4139 4187 8326
4190 4200 8390
4075 4125 8200
4104 4162 8266
4048 4181 8229
4132 4187 8319
4155 4161 8316
4088 4154 8242
4185 4196 8381
4052 4074 8126
4055 4147 8202
4024 4192 8216
4128 4198 8326
4195 4198 8393
4167 4174 8341
4119 4144 8263
4196 4199 8395
4167 4178 8345
4026 4118 8144
4112 4177 8289
4118 4186 8304
4067 4146 8213
4118 4145 8263
4122 4191 8313
4035 4151 8186
4067 4169 8236
4103 4115 8218
4172 4188 8360
4071 4092 8163
4166 4193 8359
4030 4153 8183
4036 4134 8170
4112 4199 8311
4083 4145 8228
4077 4116 8193
4009 4064 8073
4185 4197 8382
4027 4078 8105
4112 4153 8265
4071 4191 8262
4024 4153 8177
4146 4170 8316
4062 4173 8235
4186 4198 8384
4154 4187 8341
4192 4197 8389
4185 4199 8384
4013 4036 8049
4053 4168 8221
4180 4181 8361
4194 4197 8391
4157 4184 8341
4015 4090 8105
4114 4198 8312
4064 4190 8254
4161 4176 8337
4102 4142 8244
4059 4145 8204
4043 4178 8221
4012 4066 8078
4064 4147 8211
4053 4057 8110
4148 4171 8319
4045 4159 8204
4084 4126 8210
4124 4181 8305
4088 4194 8282
4006 4015 8021
4056 4082 8138
4001 4112 8113
4085 4161 8246
4091 4134 8225
4173 4199 8372
4162 4193 8355
4100 4168 8268
4061 4113 8174
4152 4183 8335
4033 4122 8155
4024 4068 8092
4039 4112 8151
4066 4073 8139
4120 4122 8242
4142 4167 8309
4088 4125 8213
4107 4160 8267
4124 4200 8324
4174 4189 8363
4122 4138 8260
4155 4161 8316
4041 4116 8157
4105 4174 8279
4073 4166 8239
4041 4114 8155
4166 4182 8348
4076 4175 8251
4143 4172 8315
4072 4110 8182
4033 4158 8191
4164 4177 8341
4166 4180 8346
4190 4195 8385
4070 4132 8202
4122 4135 8257
4087 4108 8195
4159 4184 8343
4003 4023 8026
4177 4199 8376
4058 4133 8191
4162 4198 8360
4135 4151 8286
4190 4194 8384
4054 4191 8245
4011 4091 8102
4012 4043 8055
4040 4063 8103
4155 4180 8335
4121 4122 8243
4058 4100 8158
4017 4076 8093
4157 4177 8334
4025 4197 8222
4100 4163 8263
4195 4196 8391
4091 4146 8237
4027 4038 8065
4184 4187 8371
4054 4179 8233
4152 4162 8314
4075 4146 8221
4106 4193 8299
4153 4197 8350
4081 4112 8193
4147 4149 8296
4138 4159 8297
4112 4165 8277
4024 4064 8088
4023 4091 8114
4079 4103 8182
4093 4166 8259
4000 4110 8110
4193 4195 8388
4042 4148 8190
4058 4092 8150
4081 4135 8216
4143 4181 8324
4192 4197 8389
4111 4183 8294
4029 4129 8158
4018 4048 8066
4001 4050 8051
4199 4200 8399
4123 4168 8291
4129 4183 8312
4006 4058 8064
4008 4131 8139
4051 4119 8170
4077 4100 8177
4146 4149 8295
4066 4172 8238
4002 4188 8190
4078 4157 8235
4119 4192 8311
4191 4192 8383
4032 4192 8224
4022 4184 8206
4076 4155 8231
4181 4199 8380
4048 4090 8138
4189 4196 8385
4148 4164 8312
4105 4126 8231
4135 4151 8286
4117 4124 8241
4058 4114 8172
4148 4163 8311
4184 4186 8370
4071 4101 8172
4139 4146 8285
4106 4161 8267
4062 4081 8143
4158 4179 8337
4172 4177 8349
4105 4176 8281
4179 4182 8361
4130 4154 8284
4037 4175 8212
4159 4169 8328
4160 4185 8345
4048 4184 8232
4189 4193 8382
4064 4141 8205
4189 4194 8383
4008 4043 8051
4055 4071 8126
4175 4186 8361
4050 4172 8222
4072 4144 8216
4013 4064 8077
4034 4040 8074
4166 4171 8337
4096 4159 8255
4179 4199 8378
4123 4155 8278
4064 4194 8258
4037 4045 8082
4119 4121 8240
4020 4078 8098
4027 4052 8079
4082 4130 8212
4047 4055 8102
4131 4178 8309
4167 4188 8355
4132 4164 8296
4082 4196 8278
4024 4130 8154
4053 4077 8130
4077 4115 8192
4018 4086 8104
4026 4132 8158
4010 4075 8085
4092 4197 8289
4145 4158 8303
4080 4097 8177
4047 4087 8134
4082 4122 8204
4116 4155 8271
4055 4094 8149
4119 4138 8257
4024 4182 8206
4109 4134 8243
4016 4119 8135
4194 4197 8391
4096 4172 8268
4084 4102 8186
4052 4177 8229
4138 4195 8333
4026 4033 8059
4016 4061 8077
4171 4182 8353
4115 4117 8232
4049 4073 8122
4018 4023 8041
4017 4105 8122
4135 4162 8297
4165 4189 8354
4034 4143 8177
4186 4190 8376
4146 4190 8336
4065 4181 8246
4117 4127 8244
4040 4100 8140
4081 4119 8200
4064 4160 8224
4006 4066 8072
4083 4103 8186
4146 4151 8297
4028 4183 8211
4108 4168 8276
4008 4102 8110
4080 4085 8165
4167 4175 8342
4084 4188 8272
4109 4159 8268
4149 4166 8315
4062 4113 8175
4087 4200 8287
4021 4096 8117
4029 4040 8069
4083 4197 8280
4142 4154 8296
4143 4161 8304
4151 4171 8322
4123 4182 8305
4101 4194 8295
4052 4081 8133
4150 4185 8335
4080 4099 8179
4165 4183 8348
4064 4174 8238
4056 4137 8193
4039 4157 8196
4182 4192 8374
4025 4053 8078
4006 4165 8171
4148 4162 8310
4124 4142 8266
4151 4190 8341
4093 4096 8189
4157 4158 8315
4120 4146 8266

4291 4292 8581
4253 4271 8493
4240 4259 8459
4109 4143 8215
4203 4219 8385
4121 4157 8264
4225 4296 8501
4170 4185 8319
4259 4273 8505
4127 4150 8264
4226 4248 8461
4122 4193 8308
4202 4249 8431
4248 4269 8499
4202 4213 8410
4101 4265 8333
4225 4280 8479
4137 4183 8309
4229 4294 8508
4183 4221 8381
4140 4257 8393
4127 4177 8296
4101 4135 8234
4140 4142 8259
4290 4298 8560
4159 4270 8393
4245 4262 8504
4250 4288 8523
4210 4286 8464
4108 4178 8278
4111 4248 8328
4215 4294 8496
4176 4209 8346
4290 4295 8554
4223 4270 8487
4211 4244 8453
4134 4169 8280
4258 4299 8556
4223 4224 8413
4232 4257 8453
4222 4223 8416
4205 4214 8400
4141 4289 8391
4145 4257 8397
4167 4294 8443
4269 4275 8523
4194 4247 8437
4248 4273 8495
4190 4229 8385
4170 4233 8389
4164 4258 8420
4204 4254 8427
4104 4126 8225
4170 4186 8352
4175 4197 8343
4193 4212 8400
4133 4288 8408
4220 4265 8469
4279 4288 8559
4170 4188 8347
4167 4187 8339
4158 4170 8312
4105 4211 8295
4268 4295 8541
4220 4228 8433
4100 4196 8283
4172 4219 8370
4172 4205 8368
4104 4286 8372
4220 4259 8458
4298 4300 8583
4163 4173 8321
4119 4121 8212
4135 4229 8353
4187 4252 8414
4287 4294 8542
4274 4294 8534
4106 4112 8183
4117 4145 8232
4102 4223 8314
4264 4294 8557
4189 4233 8384
4173 4288 8423
4190 4273 8450
4295 4300 8579
4170 4266 8411
4129 4228 8344
4128 4178 8292
4154 4219 8334
4137 4275 8386
4289 4293 8566
4277 4293 8558
4294 4299 8582
4235 4290 8494
4274 4287 8558
4144 4228 8353
4240 4282 8493
4245 4253 8484
4110 4240 8343
4142 4144 8256
4178 4227 8399
4223 4278 8471
4137 4198 8311
4179 4241 8411
4262 4275 8508
4166 4210 8362
4238 4296 8510
4126 4178 8292
4178 4260 8430
4181 4287 8446
4146 4211 8341
4222 4243 8462
4253 4297 8513
4274 4282 8538
4214 4266 8474
4182 4296 8469
4105 4290 8374
4103 4111 8182
4131 4269 8367
4159 4286 8441
4298 4299 8587
4127 4177 8289
4234 4298 8521
4284 4297 8570
4125 4138 8240
4243 4298 8536
4290 4293 8561
4115 4187 8281
4165 4260 8418
4189 4209 8385
4141 4197 8317
4218 4254 8438
4210 4254 8447
4172 4261 8395
4261 4284 8515
4191 4287 8454
4267 4298 8545
4216 4220 8397
4180 4273 8449
4148 4177 8315
4159 4167 8290
4208 4243 8438
4289 4291 8573
4202 4238 8418
4270 4283 8524
4274 4290 8557
4106 4149 8220
4100 4198 8279
4149 4294 8425
4130 4227 8355
4254 4285 8504
4295 4299 8564
4283 4291 8554
4109 4201 8277
4162 4246 8395
4152 4217 8354
4221 4242 8432
4271 4273 8531
4160 4216 8350
4253 4291 8511
4129 4200 8313
4131 4274 8394
4123 4244 8344
4208 4222 8423
4210 4227 8410
4123 4147 8269
4189 4190 8372
4240 4270 8495
4191 4210 8392
4175 4187 8337
4149 4252 8399
4218 4292 8484
4289 4298 8549
4219 4242 8460
4252 4288 8508
4288 4295 8560
4172 4236 8391
4139 4175 8298
4207 4243 8430
4240 4244 8461
4269 4283 8525
4202 4249 8435
4266 4281 8508
4271 4284 8537
4206 4294 8496
4107 4186 8286
4234 4247 8466
4182 4290 8460
4199 4217 8407
4158 4208 8345
4124 4226 8328
4222 4299 8484
4174 4180 8337
4175 4246 8400
4285 4286 8540
4263 4268 8520
4112 4193 8298
4114 4254 8364
4274 4293 8550
4158 4256 8398
4296 4299 8582
4267 4279 8543
4234 4241 8472
4112 4192 8266
4296 4297 8565
4164 4234 8368
4240 4281 8487
4161 4228 8368
4253 4285 8498
4160 4197 8337
4261 4289 8520
4209 4271 8454
4160 4254 8404
4119 4248 8344
4134 4218 8314
4121 4177 8261
4235 4298 8524
4114 4157 8232
4194 4282 8447
4225 4289 8495
4297 4299 8567
4168 4231 8373
4119 4212 8313
4149 4224 8363
4114 4270 8357
4225 4289 8505
4286 4290 8543
4217 4219 8405
4246 4300 8545
4211 4228 8437
4164 4175 8331
4177 4269 8442
4255 4297 8544
4187 4199 8348
4266 4277 8515
4117 4210 8296
4100 4293 8367
4181 4199 8362
4160 4219 8351
4261 4282 8521
4115 4213 8296
4126 4149 8239
4261 4296 8555
4297 4298 8586
4278 4291 8542
4105 4272 8363
4123 4188 8292
4171 4275 8428
4243 4281 8505
4160 4180 8335
4201 4288 8478
4208 4225 8432
4149 4247 8383
4214 4280 8476
4185 4278 8454
4187 4238 8422
4239 4280 8493
4194 4261 8454
4188 4192 8351
4244 4277 8502
4290 4300 8585
4261 4288 8510
4210 4242 8421
4121 4228 8343
4181 4268 8440
4199 4222 8408
4230 4244 8438
4267 4288 8550
4245 4253 8483
4261 4267 8501
4146 4294 8405
4123 4201 8308
4101 4254 8338
4199 4242 8423
4183 4238 8396
4198 4263 8434
4168 4279 8408
4201 4211 8397
4168 4289 8444
4142 4207 8315
4180 4286 8442
4112 4300 8382
4296 4300 8562
4202 4267 8456
4210 4240 8429
4263 4294 8522
4289 4298 8559
4120 4165 8270
4148 4205 8338
4193 4235 8402
4175 4233 8399
4129 4147 8275
4222 4234 8431
4233 4283 8491
4292 4300 8587
4205 4273 8472
4224 4236 8459
4271 4290 8559
4294 4295 8568
4240 4280 8513
4163 4176 8302
4149 4179 8290
4134 4258 8354
4245 4277 8483
4163 4220 8380
4242 4278 8514
4250 4295 8529
4225 4291 8483
4164 4242 8373
4134 4199 8310
4166 4167 8331
4218 4228 8425
4136 4187 8310
4103 4213 8283
4271 4298 8555
4256 4282 8516
4223 4247 8464
4203 4223 8396
4168 4273 8404
4292 4299 8561
4240 4242 8467
4238 4263 8470
4112 4210 8300
4208 4252 8435
4137 4235 8339
4213 4255 8445
4228 4262 8464
4247 4284 8512
4114 4275 8376
4139 4215 8341
4137 4167 8292
4157 4215 8354
4246 4282 8500
4108 4298 8392
4125 4263 8349
4249 4292 8515
4156 4276 8397
4192 4295 8461
4103 4217 8319
4130 4206 8323
4259 4269 8511
4121 4254 8339
4212 4255 8450
4175 4299 8454
4141 4224 8355
4207 4246 8423
4196 4274 8449
4266 4276 8512
4262 4287 8527
4107 4261 8332
4221 4274 8486
4175 4189 8332
4165 4195 8342
4282 4291 8558
4183 4203 8380
4289 4296 8549
4258 4276 8516
4212 4226 8421
4159 4185 8341
4285 4296 8576
4217 4288 8480
4180 4202 8358
4224 4244 8454
4218 4225 8420
4110 4172 8243
4154 4208 8360
4287 4294 8556
4256 4291 8544
4114 4286 8393
4215 4284 8490
4230 4265 8466
4280 4288 8559
4205 4253 8425
4161 4185 8325
4171 4267 8436
4252 4267 8483
4133 4263 8392
4167 4257 8395
4162 4219 8363
4272 4282 8528
4118 4125 8219
4269 4298 8556
4281 4286 8548
4200 4202 8391
4106 4204 8279
4212 4261 8434
4147 4192 8310
4291 4298 8550
4163 4267 8400
4155 4298 8415
4168 4189 8326
4192 4211 8402
4207 4267 8439
4202 4241 8440
4234 4241 8469
4103 4245 8312
4260 4286 8543
4160 4185 8313
4219 4230 8448
4282 4293 8571
4108 4276 8383
4290 4292 8567
4134 4204 8304
4285 4298 8557
4211 4297 8486
4110 4244 8352
4171 4211 8363
4250 4283 8497
4223 4252 8442
4127 4209 8322
4239 4287 8494
4290 4300 8569
4175 4225 8384
4204 4262 8429
4148 4281 8395
4232 4287 8517
4255 4261 8515
4188 4254 8413
4285 4296 8571
4152 4174 8321
4155 4247 8393
4124 4292 8379
4228 4298 8493
4295 4298 8578
4267 4274 8527
4219 4244 8441
4296 4299 8556
4267 4278 8539
4126 4218 8322
4212 4277 8455
4218 4286 8487
4167 4246 8387
4218 4245 8447
4222 4291 8481
4135 4251 8384
4167 4269 8404
4203 4215 8395
4272 4288 8553
4171 4192 8360
4266 4293 8555
4130 4253 8355
4136 4234 8359
4212 4299 8492
4183 4245 8395
4177 4216 8358
4109 4164 8253
4285 4297 8552
4127 4178 8289
4212 4253 8432
4171 4291 8428
4124 4253 8355
4246 4270 8489
4162 4273 8420
4286 4298 8568
4254 4287 8540
4292 4297 8557
4285 4299 8565
4113 4136 8231
4153 4268 8416
4280 4281 8521
4294 4297 8555
4257 4284 8535
4115 4190 8282
4214 4298 8496
4164 4290 8419
4261 4276 8524
4202 4242 8440
4159 4245 8367
4143 4278 8395
4112 4166 8263
4164 4247 8401
4153 4157 8309
4248 4271 8483
4145 4259 8391
4184 4226 8397
4224 4281 8486
4188 4294 8463
4106 4115 8184
4156 4182 8301
4101 4212 8312
4185 4261 8425
4191 4234 8402
4273 4299 8541
4262 4293 8519
4200 4268 8442
4161 4213 8363
4252 4283 8510
4133 4222 8344
4124 4168 8271
4139 4212 8319
4166 4173 8312
4220 4222 8415
4242 4267 8469
4188 4225 8374
4207 4260 8446
4224 4300 8504
4274 4289 8538
4222 4238 8448
4255 4261 8493
4141 4216 8355
4205 4274 8465
4173 4266 8425
4141 4214 8325
4266 4282 8524
4176 4275 8439
4243 4272 8513
4172 4210 8377
4133 4258 8374
4264 4277 8510
4266 4280 8507
4290 4295 8548
4170 4232 8386
4222 4235 8451
4187 4208 8387
4259 4284 8505
4103 4123 8206
4277 4299 8567
4158 4233 8365
4262 4298 8529
4235 4251 8480
4290 4294 8567
4154 4291 8422
4111 4191 8296
4112 4143 8251
4140 4163 8296
4255 4280 8527
4221 4222 8427
4158 4200 8322
4117 4176 8286
4257 4277 8495
4125 4297 8397
4200 4263 8459
4295 4296 8555
4191 4246 8411
4127 4138 8242
4284 4287 8552
4154 4279 8400
4252 4262 8486
4175 4246 8395
4206 4293 8475
4253 4297 8528
4181 4212 8380
4247 4249 8473
4238 4259 8458
4212 4265 8449
4124 4164 8269
4123 4191 8298
4179 4203 8375
4193 4266 8433
4100 4210 8288
4293 4295 8560
4142 4248 8379
4158 4192 8346
4181 4235 8400
4243 4281 8509
4292 4297 8573
4211 4283 8471
4129 4229 8334
4118 4148 8255
4101 4150 8246
4299 4300 8584
4223 4268 8478
4229 4283 8476
4106 4158 8256
4108 4231 8313
4151 4219 8345
4177 4200 8363
4246 4249 8473
4166 4272 8415
4102 4288 8351
4178 4257 8406
4219 4292 8505
4291 4292 8572
4132 4292 8398
4122 4284 8401
4176 4255 8412
4281 4299 8578
4148 4190 8323
4289 4296 8546
4248 4264 8473
4205 4226 8415
4235 4251 8465
4217 4224 8425
4158 4214 8355
4248 4263 8506
4284 4286 8549
4171 4201 8350
4239 4246 8468
4206 4261 8441
4162 4181 8338
4258 4279 8528
4272 4277 8524
4205 4276 8458
4279 4282 8546
4230 4254 8479
4137 4275 8398
4259 4269 8498
4260 4285 8541
4148 4284 8399
4289 4293 8572
4164 4241 8404
4289 4294 8575
4108 4143 8242
4155 4171 8296
4275 4286 8531
4150 4272 8405
4172 4244 8411
4113 4164 8276
4134 4140 8239
4266 4271 8516
4196 4259 8444
4279 4299 8547
4223 4255 8461
4164 4294 8431
4137 4145 8259
4219 4221 8418
4120 4178 8282
4127 4152 8278
4182 4230 8403
4147 4155 8295
4231 4278 8501
4267 4288 8517
4232 4264 8489
4182 4296 8441
4124 4230 8336
4153 4177 8313
4177 4215 8378
4118 4186 8297
4126 4232 8351
4110 4175 8273
4192 4297 8463
4245 4258 8464
4180 4197 8351
4147 4187 8331
4182 4222 8380
4216 4255 8442
4155 4194 8338
4219 4238 8452
4124 4282 8373
4209 4234 8409
4116 4219 8319
4294 4297 8569
4196 4272 8463
4184 4202 8354
4152 4277 8392
4238 4295 8509
4126 4133 8253
4116 4161 8260
4271 4282 8515
4215 4217 8398
4149 4173 8306
4118 4123 8209
4117 4205 8316
4235 4262 8490
4265 4289 8516
4134 4243 8346
4286 4290 8575
4246 4290 8517
4165 4281 8439
4217 4227 8411
4140 4200 8301
4181 4219 8376
4164 4260 8422
4106 4166 8242
4183 4203 8356
4246 4251 8481
4128 4283 8378
4208 4268 8447
4108 4202 8285
4180 4185 8343
4267 4275 8531
4184 4288 8434
4209 4259 8445
4249 4266 8501
4162 4213 8372
4187 4300 8464
4121 4196 8312
4129 4140 8267
4183 4297 8465
4242 4254 8493
4243 4261 8467
4251 4271 8491
4223 4282 8474
4201 4294 8458
4152 4181 8331
4250 4285 8513
4180 4199 8367
4265 4283 8538
4164 4274 8413
4156 4237 8392
4139 4257 8384
4282 4292 8546
4125 4153 8264
4106 4265 8370
4248 4262 8489
4224 4242 8447
4251 4290 8533
4193 4196 8361
4257 4258 8503
4220 4246 8447

0.010000 0.710000
