300
1896499
4020 4149 8169
4012 4064 8076
4185 4196 8381
4144 4200 8344
4011 4167 8178
4034 4069 8103
4016 4199 8215
4131 4137 8268
4093 4131 8224
4015 4124 8139
4091 4199 8290
4043 4173 8216
4159 4173 8332
4113 4197 8310
4043 4120 8163
4080 4127 8207
4129 4150 8279
4065 4088 8153
4160 4191 8351
4186 4194 8380
4100 4181 8281
4109 4116 8225
4001 4083 8084
4155 4169 8324
4165 4176 8341
4021 4035 8056
4161 4166 8327
4119 4161 8280
4113 4128 8241
4045 4139 8184
4039 4128 8167
4164 4189 8353
4066 4076 8142
4092 4153 8245
4189 4196 8385
4095 4119 8214
4129 4196 8325
4164 4184 8348
4179 4191 8370
4038 4041 8079
4084 4193 8277
4019 4167 8186
4157 4175 8332
4132 4186 8318
4058 4080 8138
4160 4173 8333
4114 4132 8246
4186 4192 8378
4045 4073 8118
4089 4094 8183
4095 4119 8214
4098 4172 8270
4103 4158 8261
4164 4193 8357
4172 4192 8364
4065 4112 8177
4064 4190 8254
4012 4104 8116
4150 4160 8310
4005 4074 8079
4040 4090 8130
4069 4100 8169
4133 4167 8300
4164 4181 8345
4088 4171 8259
4035 4036 8071
4198 4199 8397
4047 4051 8098
4158 4164 8322
4095 4173 8268
4155 4161 8316
4038 4152 8190
4097 4143 8240
4099 4105 8204
4066 4179 8245
4053 4166 8219
4065 4142 8207
4047 4175 8222
4156 4172 8328
4103 4153 8256
4084 4106 8190
4052 4189 8241
4184 4199 8383
4081 4154 8235
4157 4199 8356
4177 4178 8355
4192 4194 8386
4001 4122 8123
4141 4150 8291
4131 4165 8296
4017 4061 8078
4199 4200 8399
4143 4163 8306
4153 4178 8331
4089 4181 8270
4196 4200 8396
4198 4200 8398
4128 4146 8274
4084 4157 8241
4074 4148 8222
4002 4050 8052
4091 4126 8217
4000 4140 8140
4187 4189 8376
4036 4188 8224
4199 4200 8399
4011 4133 8144
4102 4113 8215
4014 4167 8181
4182 4192 8374
4145 4169 8314
4030 4119 8149
4111 4116 8227
4129 4167 8296
4106 4149 8255
4029 4064 8093
4198 4200 8398
4003 4149 8152
4164 4170 8334
4081 4140 8221
4100 4141 8241
4090 4190 8280
4013 4176 8189
4004 4131 8135
4199 4200 8399
4016 4130 8146
4052 4073 8125
4034 4187 8221
4117 4138 8255
4131 4164 8295
4104 4172 8276
4094 4191 8285
4094 4114 8208
4137 4160 8297
4065 4138 8203
4101 4197 8298
4109 4187 8296
4103 4139 8242
4063 4157 8220
4190 4197 8387
4128 4169 8297
4019 4086 8105
4056 4108 8164
4097 4195 8292
4167 4186 8353
4032 4103 8135
4158 4197 8355
4151 4188 8339
4017 4048 8065
4050 4106 8156
4160 4200 8360
4186 4199 8385
4022 4131 8153
4042 4151 8193
4000 4148 8148
4070 4105 8175
4112 4178 8290
4090 4108 8198
4061 4163 8224
4191 4193 8384
4003 4118 8121
4044 4192 8236
4098 4155 8253
4036 4196 8232
4152 4171 8323
4168 4186 8354
4007 4181 8188
4123 4177 8300
4164 4174 8338
4196 4200 8396
4143 4149 8292
4102 4170 8272
4087 4154 8241
4008 4139 8147
4130 4136 8266
4158 4164 8322
4066 4136 8202
4178 4192 8370
4187 4188 8375
4031 4080 8111
4064 4123 8187
4182 4196 8378
4117 4123 8240
4092 4149 8241
4025 4083 8108
4138 4189 8327
4154 4172 8326
4019 4140 8159
4075 4081 8156
4032 4069 8101
4157 4160 8317
4035 4040 8075
4194 4199 8393
4100 4162 8262
4185 4188 8373
4076 4134 8210
4153 4185 8338
4104 4107 8211
4177 4186 8363
4094 4108 8202
4162 4174 8336
4133 4156 8289
4186 4196 8382
4038 4093 8131
4163 4169 8332
4045 4094 8139
4006 4035 8041
4166 4195 8361
4129 4176 8305
4118 4192 8310
4154 4167 8321
4133 4141 8274
4146 4153 8299
4016 4107 8123
4003 4136 8139
4102 4105 8207
4038 4044 8082
4002 4095 8097
4109 4138 8247
4124 4186 8310
4102 4188 8290
4081 4151 8232
4148 4180 8328
4165 4188 8353
4160 4197 8357
4034 4043 8077
4166 4190 8356
4133 4182 8315
4170 4182 8352
4058 4086 8144
4128 4186 8314
4182 4187 8369
4029 4063 8092
4139 4168 8307
4049 4190 8239
4006 4051 8057
4084 4185 8269
4080 4174 8254
4125 4165 8290
4097 4164 8261
4085 4117 8202
4172 4188 8360
4003 4104 8107
4032 4149 8181
4159 4174 8333
4151 4157 8308
4153 4155 8308
4082 4128 8210
4093 4098 8191
4194 4195 8389
4102 4177 8279
4001 4123 8124
4171 4187 8358
4101 4127 8228
4001 4186 8187
4007 4062 8069
4087 4144 8231
4054 4170 8224
4128 4178 8306
4137 4190 8327
4025 4195 8220
4189 4200 8389
4108 4147 8255
4083 4174 8257
4006 4021 8027
4140 4180 8320
4195 4196 8391
4062 4192 8254
4170 4188 8358
4019 4158 8177
4022 4161 8183
4127 4180 8307
4037 4060 8097
4132 4188 8320
4093 4109 8202
4050 4192 8242
4191 4193 8384
4180 4187 8367
4032 4183 8215
4158 4191 8349
4135 4149 8284
4179 4195 8374
4063 4093 8156
4041 4167 8208
4008 4152 8160
4173 4188 8361
4124 4129 8253
4015 4108 8123
4029 4059 8088
4169 4189 8358
4072 4082 8154
4198 4200 8398
4136 4168 8304
4113 4167 8280
4036 4062 8098
4021 4126 8147
4006 4040 8046
4170 4192 8362
4145 4157 8302
4037 4135 8172

4120 4249 8336
4112 4164 8275
4285 4296 8570
4244 4300 8508
4111 4267 8358
4134 4169 8301
4116 4299 8384
4231 4237 8441
4193 4231 8422
4115 4224 8322
4191 4299 8479
4143 4273 8401
4259 4273 8516
4213 4297 8507
4143 4220 8345
4180 4227 8405
4229 4250 8449
4165 4188 8317
4260 4291 8536
4286 4294 8575
4200 4281 8463
4209 4216 8421
4101 4183 8269
4255 4269 8492
4265 4276 8526
4121 4135 8225
4261 4266 8503
4219 4261 8472
4213 4228 8402
4145 4239 8362
4139 4228 8348
4264 4289 8551
4166 4176 8320
4192 4253 8431
4289 4296 8559
4195 4219 8394
4229 4296 8521
4264 4284 8527
4279 4291 8540
4138 4141 8267
4184 4293 8445
4119 4267 8384
4257 4275 8511
4232 4286 8498
4158 4180 8317
4260 4273 8495
4214 4232 8433
4286 4292 8556
4145 4173 8295
4189 4194 8350
4195 4219 8394
4198 4272 8442
4203 4258 8446
4264 4293 8522
4272 4292 8536
4165 4212 8364
4164 4290 8428
4112 4204 8281
4250 4260 8496
4105 4174 8253
4140 4190 8291
4169 4200 8367
4233 4267 8492
4264 4281 8506
4188 4271 8424
4135 4136 8245
4298 4299 8583
4147 4151 8267
4258 4264 8511
4195 4273 8443
4255 4261 8497
4138 4252 8374
4197 4243 8414
4199 4205 8399
4166 4279 8437
4153 4266 8384
4165 4242 8381
4147 4275 8409
4256 4272 8496
4203 4253 8446
4184 4206 8366
4152 4289 8429
4284 4299 8581
4181 4254 8433
4257 4299 8547
4277 4278 8520
4292 4294 8567
4101 4222 8310
4241 4250 8474
4231 4265 8457
4117 4161 8244
4299 4300 8569
4243 4263 8466
4253 4278 8495
4189 4281 8455
4296 4300 8574
4298 4300 8586
4228 4246 8436
4184 4257 8418
4174 4248 8398
4102 4150 8245
4191 4226 8405
4100 4240 8338
4287 4289 8569
4136 4288 8401
4299 4300 8576
4111 4233 8308
4202 4213 8389
4114 4267 8358
4282 4292 8551
4245 4269 8509
4130 4219 8342
4211 4216 8402
4229 4267 8465
4206 4249 8429
4129 4164 8268
4298 4300 8575
4103 4249 8337
4264 4270 8498
4181 4240 8409
4200 4241 8410
4190 4290 8468
4113 4276 8363
4104 4231 8327
4299 4300 8564
4116 4230 8321
4152 4173 8294
4134 4287 8387
4217 4238 8439
4231 4264 8492
4204 4272 8459
4194 4291 8473
4194 4214 8399
4237 4260 8477
4165 4238 8388
4201 4297 8473
4209 4287 8462
4203 4239 8422
4163 4257 8411
4290 4297 8564
4228 4269 8485
4119 4186 8267
4156 4208 8348
4197 4295 8469
4267 4286 8533
4132 4203 8302
4258 4297 8526
4251 4288 8507
4117 4148 8234
4150 4206 8326
4260 4300 8559
4286 4299 8557
4122 4231 8327
4142 4251 8387
4100 4248 8340
4170 4205 8342
4212 4278 8478
4190 4208 8391
4161 4263 8412
4291 4293 8572
4103 4218 8299
4144 4292 8409
4198 4255 8444
4136 4296 8404
4252 4271 8522
4268 4286 8539
4107 4281 8383
4223 4277 8468
4264 4274 8500
4296 4300 8578
4243 4249 8483
4202 4270 8434
4187 4254 8423
4108 4239 8333
4230 4236 8442
4258 4264 8514
4166 4236 8401
4278 4292 8537
4287 4288 8558
4131 4180 8294
4164 4223 8378
4282 4296 8568
4217 4223 8424
4192 4249 8411
4125 4183 8271
4238 4289 8490
4254 4272 8520
4119 4240 8336
4175 4181 8342
4132 4169 8271
4257 4260 8509
4135 4140 8255
4294 4299 8555
4200 4262 8428
4285 4288 8562
4176 4234 8380
4253 4285 8537
4204 4207 8397
4277 4286 8530
4194 4208 8395
4262 4274 8516
4233 4256 8480
4286 4296 8542
4138 4193 8326
4263 4269 8511
4145 4194 8308
4106 4135 8237
4266 4295 8545
4229 4276 8502
4218 4292 8471
4254 4267 8514
4233 4241 8443
4246 4253 8463
4116 4207 8289
4103 4236 8320
4202 4205 8369
4138 4144 8266
4102 4195 8289
4209 4238 8431
4224 4286 8471
4202 4288 8457
4181 4251 8408
4248 4280 8501
4265 4288 8525
4260 4297 8556
4134 4143 8266
4266 4290 8535
4233 4282 8489
4270 4282 8534
4158 4186 8340
4228 4286 8491
4282 4287 8540
4129 4163 8264
4239 4268 8474
4149 4290 8427
4106 4151 8223
4184 4285 8460
4180 4274 8437
4225 4265 8452
4197 4264 8453
4185 4217 8374
4272 4288 8536
4103 4204 8282
4132 4249 8356
4259 4274 8497
4251 4257 8506
4253 4255 8484
4182 4228 8403
4193 4198 8357
4294 4295 8573
4202 4277 8450
4101 4223 8315
4271 4287 8537
4201 4227 8409
4101 4286 8362
4107 4162 8245
4187 4244 8397
4154 4270 8411
4228 4278 8493
4237 4290 8490
4125 4295 8384
4289 4300 8588
4208 4247 8434
4183 4274 8444
4106 4121 8194
4240 4280 8485
4295 4296 8586
4162 4292 8444
4270 4288 8519
4119 4258 8344
4122 4261 8359
4227 4280 8481
4137 4160 8268
4232 4288 8492
4193 4209 8399
4150 4292 8406
4291 4293 8544
4280 4287 8557
4132 4283 8389
4258 4291 8539
4235 4249 8473
4279 4295 8573
4163 4193 8320
4141 4267 8377
4108 4252 8355
4273 4288 8546
4224 4229 8439
4115 4208 8299
4129 4159 8270
4269 4289 8535
4172 4182 8326
4298 4300 8576
4236 4268 8467
4213 4267 8452
4136 4162 8272
4121 4226 8310
4106 4140 8220
4270 4292 8524
4245 4257 8474
4137 4235 8370

0.010000 0.750000
