1000
5563572
4197 4198 8395
4069 4151 8220
4190 4192 8382
4035 4125 8160
4113 4183 8296
4020 4164 8184
4100 4177 8277
4058 4109 8167
4030 4058 8088
4022 4074 8096
4153 4194 8347
4040 4171 8211
4154 4178 8332
4151 4171 8322
4067 4174 8241
4181 4194 8375
4007 4113 8120
4038 4112 8150
4116 4171 8287
4149 4187 8336
4005 4095 8100
4162 4182 8344
4123 4162 8285
4011 4083 8094
4176 4194 8370
4094 4154 8248
4048 4188 8236
4001 4071 8072
4130 4188 8318
4190 4197 8387
4135 4147 8282
4074 4166 8240
4140 4142 8282
4139 4174 8313
4064 4107 8171
4188 4196 8384
4120 4185 8305
4164 4187 8351
4182 4188 8370
4017 4072 8089
4154 4182 8336
4038 4163 8201
4142 4198 8340
4173 4198 8371
4047 4060 8107
4101 4178 8279
4034 4163 8197
4133 4172 8305
4085 4130 8215
4059 4104 8163
4038 4064 8102
4198 4199 8397
4013 4014 8027
4073 4163 8236
4073 4195 8268
4059 4119 8178
4174 4196 8370
4045 4194 8239
4111 4197 8308
4020 4091 8111
4139 4162 8301
4059 4103 8162
4046 4170 8216
4092 4126 8218
4055 4171 8226
4126 4165 8291
4015 4083 8098
4049 4198 8247
4135 4181 8316
4041 4042 8083
4127 4189 8316
4002 4053 8055
4168 4186 8354
4049 4097 8146
4110 4131 8241
4012 4094 8106
4106 4136 8242
4110 4166 8276
4070 4151 8221
4149 4189 8338
4044 4166 8210
4051 4164 8215
4135 4155 8290
4110 4181 8291
4089 4157 8246
4058 4114 8172
4098 4121 8219
4155 4167 8322
4075 4186 8261
4171 4181 8352
4197 4199 8396
4172 4180 8352
4054 4112 8166
4143 4162 8305
4174 4179 8353
4137 4165 8302
4183 4200 8383
4096 4176 8272
4018 4047 8065
4114 4162 8276
4022 4086 8108
4131 4187 8318
4087 4189 8276
4181 4187 8368
4193 4200 8393
4153 4180 8333
4023 4124 8147
4076 4080 8156
4162 4182 8344
4195 4200 8395
4112 4189 8301
4126 4153 8279
4123 4154 8277
4117 4177 8294
4186 4189 8375
4005 4018 8023
4105 4181 8286
4012 4156 8168
4191 4200 8391
4065 4092 8157
4142 4168 8310
4194 4199 8393
4057 4137 8194
4123 4139 8262
4162 4196 8358
4154 4182 8336
4183 4199 8382
4092 4133 8225
4028 4138 8166
4192 4196 8388
4049 4152 8201
4030 4180 8210
4061 4196 8257
4075 4138 8213
4198 4199 8397
4019 4069 8088
4077 4095 8172
4157 4164 8321
4060 4198 8258
4038 4116 8154
4161 4165 8326
4162 4164 8326
4047 4144 8191
4024 4043 8067
4156 4169 8325
4168 4200 8368
4100 4197 8297
4188 4190 8378
4012 4018 8030
4151 4160 8311
4199 4200 8399
4021 4091 8112
4040 4143 8183
4105 4157 8262
4051 4118 8169
4014 4154 8168
4129 4130 8259
4059 4139 8198
4018 4067 8085
4130 4186 8316
4054 4164 8218
4061 4136 8197
4157 4171 8328
4158 4186 8344
4107 4120 8227
4167 4181 8348
4149 4189 8338
4148 4150 8298
4028 4104 8132
4173 4178 8351
4194 4195 8389
4082 4159 8241
4189 4194 8383
4045 4076 8121
4115 4149 8264
4138 4155 8293
4005 4121 8126
4126 4192 8318
4127 4174 8301
4179 4182 8361
4140 4150 8290
4083 4125 8208
4187 4189 8376
4120 4179 8299
4025 4076 8101
4072 4128 8200
4076 4169 8245
4144 4193 8337
4001 4106 8107
4020 4148 8168
4182 4187 8369
4198 4199 8397
4020 4156 8176
4161 4185 8346
4189 4195 8384
4010 4125 8135
4097 4123 8220
4129 4151 8280
4019 4167 8186
4000 4200 8200
4149 4169 8318
4089 4195 8284
4139 4163 8302
4079 4094 8173
4015 4119 8134
4130 4199 8329
4109 4186 8295
4093 4182 8275
4159 4198 8357
4014 4102 8116
4018 4113 8131
4145 4163 8308
4127 4176 8303
4176 4187 8363
4010 4067 8077
4194 4199 8393
4081 4170 8251
4199 4200 8399
4026 4075 8101
4118 4172 8290
4099 4116 8215
4157 4160 8317
4059 4078 8137
4070 4099 8169
4048 4091 8139
4019 4072 8091
4033 4176 8209
4145 4199 8344
4144 4195 8339
4071 4096 8167
4169 4179 8348
4133 4149 8282
4073 4193 8266
4097 4119 8216
4078 4146 8224
4045 4108 8153
4183 4186 8369
4099 4104 8203
4012 4151 8163
4080 4162 8242
4170 4186 8356
4168 4188 8356
4093 4112 8205
4039 4060 8099
4126 4182 8308
4150 4162 8312
4172 4174 8346
4170 4184 8354
4088 4184 8272
4103 4175 8278
4040 4055 8095
4067 4162 8229
4191 4200 8391
4140 4197 8337
4058 4136 8194
4018 4094 8112
4152 4192 8344
4075 4180 8255
4145 4177 8322
4003 4191 8194
4070 4182 8252
4163 4175 8338
4013 4102 8115
4014 4186 8200
4128 4194 8322
4134 4171 8305
4131 4200 8331
4150 4182 8332
4117 4197 8314
4086 4191 8277
4088 4108 8196
4124 4150 8274
4085 4168 8253
4092 4140 8232
4113 4143 8256
4092 4100 8192
4169 4192 8361
4021 4042 8063
4065 4173 8238
4176 4192 8368
4054 4115 8169
4038 4072 8110
4019 4082 8101
4061 4168 8229
4188 4199 8387
4170 4172 8342
4106 4165 8271
4019 4108 8127
4077 4184 8261
4105 4171 8276
4118 4131 8249
4145 4167 8312
4011 4083 8094
4195 4199 8394
4058 4197 8255
4001 4092 8093
4002 4067 8069
4006 4154 8160
4187 4195 8382
4039 4132 8171
4016 4082 8098
4021 4186 8207
4058 4184 8242
4048 4160 8208
4178 4189 8367
4138 4185 8323
4069 4185 8254
4121 4143 8264
4096 4140 8236
4125 4151 8276
4138 4175 8313
4006 4100 8106
4146 4152 8298
4101 4143 8244
4173 4187 8360
4060 4149 8209
4115 4195 8310
4103 4105 8208
4147 4177 8324
4145 4195 8340
4095 4134 8229
4061 4113 8174
4079 4112 8191
4043 4076 8119
4017 4144 8161
4185 4198 8383
4189 4194 8383
4086 4102 8188
4143 4193 8336
4098 4128 8226
4037 4039 8076
4179 4184 8363
4161 4184 8345
4087 4188 8275
4161 4172 8333
4173 4178 8351
4151 4197 8348
4058 4153 8211
4193 4200 8393
4158 4183 8341
4058 4178 8236
4159 4182 8341
4054 4134 8188
4018 4160 8178
4061 4108 8169
4092 4170 8262
4077 4159 8236
4001 4051 8052
4141 4152 8293
4019 4138 8157
4150 4181 8331
4099 4154 8253
4005 4037 8042
4135 4171 8306
4197 4198 8395
4184 4195 8379
4110 4136 8246
4172 4194 8366
4184 4188 8372
4062 4113 8175
4063 4105 8168
4067 4168 8235
4145 4159 8304
4015 4086 8101
4008 4131 8139
4028 4142 8170
4157 4198 8355
4155 4176 8331
4069 4135 8204
4084 4102 8186
4118 4129 8247
4114 4179 8293
4056 4117 8173
4105 4146 8251
4197 4198 8395
4172 4196 8368
4127 4164 8291
4092 4195 8287
4011 4100 8111
4140 4157 8297
4144 4156 8300
4023 4155 8178
4066 4166 8232
4018 4105 8123
4169 4186 8355
4127 4135 8262
4071 4116 8187
4009 4075 8084
4196 4198 8394
4020 4109 8129
4002 4028 8030
4121 4185 8306
4001 4157 8158
4007 4131 8138
4144 4194 8338
4014 4033 8047
4061 4149 8210
4107 4115 8222
4159 4168 8327
4145 4190 8335
4124 4133 8257
4184 4189 8373
4115 4148 8263
4117 4136 8253
4099 4166 8265
4108 4190 8298
4008 4102 8110
4189 4193 8382
4128 4164 8292
4115 4140 8255
4128 4141 8269
4012 4108 8120
4180 4200 8380
4041 4057 8098
4135 4157 8292
4005 4067 8072
4009 4085 8094
4078 4152 8230
4141 4165 8306
4069 4116 8185
4089 4134 8223
4185 4199 8384
4059 4088 8147
4118 4128 8246
4126 4198 8324
4160 4185 8345
4032 4161 8193
4182 4187 8369
4000 4096 8096
4182 4200 8382
4198 4199 8397
4127 4138 8265
4003 4166 8169
4102 4125 8227
4024 4155 8179
4048 4106 8154
4104 4192 8296
4001 4034 8035
4110 4157 8267
4060 4118 8178
4047 4086 8133
4123 4155 8278
4147 4198 8345
4106 4108 8214
4091 4105 8196
4059 4140 8199
4014 4172 8186
4029 4095 8124
4078 4157 8235
4034 4133 8167
4047 4050 8097
4101 4138 8239
4181 4187 8368
4043 4154 8197
4124 4125 8249
4142 4184 8326
4198 4199 8397
4068 4187 8255
4084 4193 8277
4183 4198 8381
4017 4184 8201
4100 4134 8234
4194 4196 8390
4023 4183 8206
4020 4100 8120
4159 4172 8331
4021 4079 8100
4067 4189 8256
4074 4116 8190
4174 4189 8363
4015 4122 8137
4074 4135 8209
4094 4185 8279
4010 4179 8189
4157 4165 8322
4189 4192 8381
4020 4109 8129
4051 4066 8117
4117 4145 8262
4090 4169 8259
4120 4127 8247
4084 4093 8177
4070 4098 8168
4057 4195 8252
4146 4195 8341
4066 4108 8174
4083 4200 8283
4048 4073 8121
4009 4117 8126
4053 4107 8160
4105 4183 8288
4059 4199 8258
4079 4195 8274
4134 4150 8284
4051 4195 8246
4046 4073 8119
4053 4117 8170
4041 4132 8173
4019 4049 8068
4181 4200 8381
4152 4189 8341
4109 4194 8303
4188 4199 8387
4183 4190 8373
4171 4176 8347
4154 4166 8320
4116 4117 8233
4078 4136 8214
4126 4160 8286
4187 4199 8386
4175 4184 8359
4019 4123 8142
4142 4172 8314
4157 4158 8315
4121 4149 8270
4168 4194 8362
4030 4103 8133
4046 4171 8217
4179 4193 8372
4021 4065 8086
4111 4173 8284
4105 4198 8303
4009 4129 8138
4167 4174 8341
4003 4084 8087
4042 4151 8193
4162 4168 8330
4047 4074 8121
4039 4051 8090
4086 4154 8240
4001 4183 8184
4151 4153 8304
4057 4082 8139
4044 4063 8107
4012 4136 8148
4074 4140 8214
4047 4174 8221
4098 4170 8268
4090 4139 8229
4173 4179 8352
4082 4093 8175
4121 4164 8285
4073 4098 8171
4016 4096 8112
4082 4093 8175
4155 4183 8338
4120 4196 8316
4018 4132 8150
4163 4189 8352
4167 4181 8348
4105 4200 8305
4149 4163 8312
4015 4185 8200
4026 4121 8147
4075 4078 8153
4150 4152 8302
4149 4152 8301
4145 4163 8308
4038 4093 8131
4071 4172 8243
4178 4184 8362
4164 4190 8354
4088 4121 8209
4048 4119 8167
4158 4188 8346
4109 4110 8219
4191 4198 8389
4132 4172 8304
4114 4164 8278
4130 4176 8306
4143 4185 8328
4089 4107 8196
4000 4117 8117
4135 4137 8272
4117 4197 8314
4147 4148 8295
4034 4150 8184
4056 4165 8221
4188 4198 8386
4040 4063 8103
4183 4191 8374
4037 4089 8126
4007 4162 8169
4015 4066 8081
4130 4137 8267
4159 4177 8336
4088 4131 8219
4029 4062 8091
4021 4151 8172
4187 4191 8378
4144 4164 8308
4169 4193 8362
4198 4200 8398
4157 4164 8321
4199 4200 8399
4129 4190 8319
4031 4116 8147
4191 4193 8384
4149 4190 8339
4140 4171 8311
4028 4082 8110
4145 4166 8311
4177 4178 8355
4090 4191 8281
4175 4196 8371
4068 4163 8231
4162 4164 8326
4137 4189 8326
4023 4138 8161
4042 4063 8105
4180 4184 8364
4114 4123 8237
4107 4124 8231
4121 4198 8319
4188 4198 8386
4036 4117 8153
4128 4166 8294
4048 4189 8237
4134 4142 8276
4111 4171 8282
4066 4081 8147
4032 4147 8179
4031 4099 8130
4051 4082 8133
4154 4194 8348
4183 4184 8367
4126 4144 8270
4034 4120 8154
4068 4098 8166
4098 4152 8250
4063 4187 8250
4051 4115 8166
4172 4182 8354
4113 4171 8284
4098 4165 8263
4121 4177 8298
4081 4088 8169
4016 4135 8151
4088 4189 8277
4085 4166 8251
4105 4193 8298
4107 4155 8262
4024 4144 8168
4135 4200 8335
4062 4196 8258
4041 4043 8084
4033 4181 8214
4195 4200 8395
4137 4157 8294
4053 4194 8247
4072 4110 8182
4082 4180 8262
4014 4107 8121
4041 4167 8208
4035 4193 8228
4061 4165 8226
4096 4118 8214
4140 4149 8289
4101 4153 8254
4114 4199 8313
4069 4093 8162
4166 4186 8352
4196 4200 8396
4177 4198 8375
4091 4200 8291
4009 4032 8041
4082 4103 8185
4014 4056 8070
4196 4200 8396
4163 4172 8335
4192 4199 8391
4116 4154 8270
4192 4199 8391
4114 4148 8262
4185 4193 8378
4048 4102 8150
4058 4104 8162
4079 4099 8178
4149 4168 8317
4172 4194 8366
4117 4187 8304
4166 4194 8360
4059 4115 8174
4046 4160 8206
4103 4123 8226
4060 4107 8167
4148 4156 8304
4145 4199 8344
4070 4139 8209
4163 4179 8342
4053 4190 8243
4074 4138 8212
4145 4163 8308
4187 4196 8383
4133 4188 8321
4133 4189 8322
4193 4195 8388
4049 4197 8246
4071 4163 8234
4144 4175 8319
4017 4162 8179
4053 4182 8235
4057 4112 8169
4193 4197 8390
4028 4158 8186
4102 4147 8249
4094 4111 8205
4149 4200 8349
4109 4150 8259
4001 4134 8135
4128 4164 8292
4017 4067 8084
4155 4168 8323
4027 4158 8185
4129 4165 8294
4188 4195 8383
4014 4059 8073
4163 4171 8334
4115 4135 8250
4076 4122 8198
4149 4163 8312
4028 4145 8173
4117 4186 8303
4065 4140 8205
4153 4182 8335
4041 4116 8157
4041 4063 8104
4199 4200 8399
4078 4132 8210
4089 4188 8277
4083 4172 8255
4072 4135 8207
4016 4127 8143
4022 4060 8082
4188 4196 8384
4106 4197 8303
4116 4159 8275
4153 4175 8328
4087 4122 8209
4013 4122 8135
4048 4160 8208
4105 4111 8216
4018 4184 8202
4040 4167 8207
4101 4147 8248
4180 4194 8374
4177 4181 8358
4044 4124 8168
4179 4184 8363
4076 4133 8209
4031 4178 8209
4065 4070 8135
4068 4076 8144
4151 4198 8349
4165 4189 8354
4055 4099 8154
4197 4200 8397
4104 4166 8270
4176 4183 8359
4120 4176 8296
4042 4110 8152
4098 4153 8251
4101 4188 8289
4174 4178 8352
4145 4176 8321
4126 4131 8257
4007 4073 8080
4111 4163 8274
4089 4124 8213
4186 4188 8374
4140 4158 8298
4032 4060 8092
4115 4197 8312
4173 4185 8358
4116 4155 8271
4153 4169 8322
4129 4161 8290
4041 4056 8097
4075 4107 8182
4029 4070 8099
4102 4113 8215
4089 4153 8242
4112 4173 8285
4117 4164 8281
4125 4183 8308
4123 4168 8291
4006 4169 8175
4062 4131 8193
4189 4198 8387
4104 4169 8273
4082 4095 8177
4176 4193 8369
4077 4178 8255
4042 4096 8138
4046 4101 8147
4041 4103 8144
4132 4140 8272
4181 4193 8374
4092 4181 8273
4169 4174 8343
4107 4161 8268
4129 4134 8263
4126 4200 8326
4047 4079 8126
4062 4196 8258
4183 4186 8369
4077 4116 8193
4101 4109 8210
4080 4129 8209
4170 4182 8352
4064 4109 8173
4176 4191 8367
4134 4155 8289
4145 4149 8294
4031 4035 8066
4075 4171 8246
4142 4179 8321
4043 4106 8149
4015 4197 8212
4148 4153 8301
4089 4136 8225
4097 4173 8270
4088 4137 8225
4142 4171 8313
4134 4168 8302
4170 4193 8363
4076 4168 8244
4145 4169 8314
4048 4096 8144
4027 4046 8073
4138 4155 8293
4032 4108 8140
4026 4087 8113
4150 4167 8317
4092 4153 8245
4082 4196 8278
4153 4179 8332
4102 4157 8259
4037 4192 8229
4060 4122 8182
4154 4173 8327
4168 4190 8358
4183 4186 8369
4100 4162 8262
4172 4186 8358
4011 4089 8100
4075 4084 8159
4073 4146 8219
4073 4172 8245
4116 4143 8259
4040 4165 8205
4129 4195 8324
4096 4103 8199
4059 4086 8145
4041 4078 8119
4027 4060 8087
4094 4137 8231
4002 4017 8019
4018 4090 8108
4143 4193 8336
4182 4193 8375
4160 4173 8333
4130 4140 8270
4123 4190 8313
4061 4167 8228
4057 4145 8202
4087 4175 8262
4008 4051 8059
4163 4172 8335
4049 4091 8140
4157 4175 8332
4005 4118 8123
4142 4151 8293
4105 4167 8272
4144 4183 8327
4130 4146 8276
4057 4105 8162
4081 4184 8265
4020 4110 8130
4151 4169 8320
4164 4168 8332
4087 4145 8232
4066 4076 8142
4070 4163 8233
4196 4199 8395
4095 4156 8251
4077 4186 8263
4007 4087 8094
4165 4169 8334
4131 4189 8320
4069 4145 8214
4107 4172 8279
4094 4157 8251
4101 4115 8216
4035 4091 8126
4163 4166 8329
4126 4158 8284
4003 4137 8140
4029 4093 8122
4146 4179 8325
4013 4102 8115
4042 4174 8216
4148 4180 8328
4176 4178 8354
4070 4160 8230
4031 4112 8143
4100 4186 8286
4113 4179 8292
4138 4143 8281
4170 4182 8352
4130 4189 8319
4046 4067 8113
4191 4198 8389
4076 4173 8249
4044 4046 8090
4115 4147 8262
4011 4182 8193
4195 4198 8393
4053 4111 8164
4121 4156 8277
4019 4049 8068
4123 4181 8304
4063 4136 8199
4156 4200 8356
4128 4161 8289
4128 4189 8317
4077 4098 8175
4135 4192 8327
4091 4117 8208
4042 4053 8095
4041 4161 8202
4135 4158 8293
4167 4177 8344
4184 4192 8376
4074 4093 8167
4015 4035 8050
4088 4199 8287
4064 4087 8151
4098 4188 8286
4178 4194 8372
4050 4085 8135
4150 4157 8307
4086 4171 8257
4158 4161 8319
4060 4074 8134
4011 4142 8153
4134 4190 8324
4191 4192 8383
4046 4100 8146
4177 4181 8358
4008 4135 8143
4041 4147 8188
4151 4167 8318
4188 4198 8386
4135 4172 8307
4195 4196 8391
4068 4179 8247
4043 4125 8168
4097 4098 8195
4128 4138 8266
4125 4134 8259
4039 4040 8079
4080 4112 8192
4192 4193 8385
4137 4194 8331
4171 4173 8344
4120 4200 8320
4191 4196 8387
4173 4175 8348
4070 4154 8224
4194 4199 8393
4101 4185 8286
4032 4046 8078
4085 4194 8279
4160 4183 8343
4190 4200 8390
4065 4198 8263
4061 4200 8261
4161 4186 8347
4011 4107 8118
4085 4129 8214
4047 4055 8102
4070 4192 8262
4040 4134 8174
4123 4139 8262
4141 4177 8318
4093 4116 8209
4039 4169 8208
4145 4176 8321
4036 4136 8172
4158 4166 8324
4022 4091 8113
4092 4138 8230
4098 4120 8218
4140 4170 8310
4053 4129 8182
4107 4114 8221
4123 4153 8276
4093 4189 8282
4011 4057 8068

4297 4298 8586
4169 4251 8385
4290 4292 8546
4135 4225 8347
4213 4283 8458
4120 4264 8379
4200 4277 8459
4158 4209 8345
4130 4158 8250
4122 4174 8277
4253 4294 8520
4140 4271 8407
4254 4278 8522
4251 4271 8498
4167 4274 8424
4281 4294 8554
4107 4213 8316
4138 4212 8328
4216 4271 8454
4249 4287 8529
4105 4195 8281
4262 4282 8534
4223 4262 8480
4111 4183 8260
4276 4294 8533
4194 4254 8447
4148 4288 8412
4101 4171 8249
4230 4288 8486
4290 4297 8577
4235 4247 8446
4174 4266 8437
4240 4242 8458
4239 4274 8499
4164 4207 8364
4288 4296 8559
4220 4285 8467
4264 4287 8542
4282 4288 8565
4117 4172 8279
4254 4282 8529
4138 4263 8366
4242 4298 8526
4273 4298 8568
4147 4160 8271
4201 4278 8458
4134 4263 8375
4233 4272 8494
4185 4230 8411
4159 4204 8345
4138 4164 8286
4298 4299 8564
4113 4114 8219
4173 4263 8423
4173 4295 8437
4159 4219 8377
4274 4296 8545
4145 4294 8406
4211 4297 8499
4120 4191 8283
4239 4262 8500
4159 4203 8351
4146 4270 8397
4192 4226 8407
4155 4271 8394
4226 4265 8488
4115 4183 8264
4149 4298 8441
4235 4281 8501
4141 4142 8245
4227 4289 8486
4102 4153 8216
4268 4286 8546
4149 4197 8308
4210 4231 8422
4112 4194 8296
4206 4236 8436
4210 4266 8445
4170 4251 8384
4249 4289 8502
4144 4266 8380
4151 4264 8400
4235 4255 8469
4210 4281 8453
4189 4257 8444
4158 4214 8343
4198 4221 8384
4255 4267 8510
4175 4286 8438
4271 4281 8539
4297 4299 8572
4272 4280 8539
4154 4212 8361
4243 4262 8474
4274 4279 8545
4237 4265 8495
4283 4300 8548
4196 4276 8434
4118 4147 8247
4214 4262 8462
4122 4186 8278
4231 4287 8503
4187 4289 8442
4281 4287 8533
4293 4300 8586
4253 4280 8531
4123 4224 8321
4176 4180 8339
4262 4282 8535
4295 4300 8590
4212 4289 8490
4226 4253 8447
4223 4254 8472
4217 4277 8467
4286 4289 8548
4105 4118 8207
4205 4281 8446
4112 4256 8347
4291 4300 8584
4165 4192 8329
4242 4268 8508
4294 4299 8565
4157 4237 8363
4223 4239 8452
4262 4296 8548
4254 4282 8534
4283 4299 8561
4192 4233 8410
4128 4238 8358
4292 4296 8563
4149 4252 8395
4130 4280 8389
4161 4296 8435
4175 4238 8408
4298 4299 8578
4119 4169 8279
4177 4195 8355
4257 4264 8518
4160 4298 8428
4138 4216 8318
4261 4265 8501
4262 4264 8487
4147 4244 8384
4124 4143 8260
4256 4269 8490
4268 4300 8554
4200 4297 8490
4288 4290 8565
4112 4118 8196
4251 4260 8472
4299 4300 8569
4121 4191 8311
4140 4243 8377
4205 4257 8436
4151 4218 8336
4114 4254 8355
4229 4230 8457
4159 4239 8369
4118 4167 8271
4230 4286 8485
4154 4264 8384
4161 4236 8380
4257 4271 8500
4258 4286 8541
4207 4220 8422
4267 4281 8510
4249 4289 8499
4248 4250 8475
4128 4204 8323
4273 4278 8535
4294 4295 8557
4182 4259 8416
4289 4294 8579
4145 4176 8282
4215 4249 8435
4238 4255 8476
4105 4221 8287
4226 4292 8495
4227 4274 8486
4279 4282 8539
4240 4250 8475
4183 4225 8382
4287 4289 8536
4220 4279 8480
4125 4176 8291
4172 4228 8382
4176 4269 8440
4244 4293 8513
4101 4206 8275
4120 4248 8335
4282 4287 8567
4298 4299 8584
4120 4256 8356
4261 4285 8540
4289 4295 8554
4110 4225 8334
4197 4223 8402
4229 4251 8450
4119 4267 8347
4100 4300 8365
4249 4269 8512
4189 4295 8457
4239 4263 8484
4179 4194 8351
4115 4219 8297
4230 4299 8527
4209 4286 8488
4193 4282 8469
4259 4298 8524
4114 4202 8300
4118 4213 8295
4245 4263 8481
4227 4276 8484
4276 4287 8523
4110 4167 8262
4294 4299 8567
4181 4270 8440
4299 4300 8562
4126 4175 8276
4218 4272 8483
4199 4216 8412
4257 4260 8510
4159 4178 8301
4170 4199 8343
4148 4191 8304
4119 4172 8287
4133 4276 8372
4245 4299 8529
4244 4295 8501
4171 4196 8346
4269 4279 8515
4233 4249 8460
4173 4293 8453
4197 4219 8378
4178 4246 8409
4145 4208 8315
4283 4286 8556
4199 4204 8380
4112 4251 8329
4180 4262 8440
4270 4286 8523
4268 4288 8538
4193 4212 8401
4139 4160 8272
4226 4282 8472
4250 4262 8482
4272 4274 8527
4270 4284 8541
4188 4284 8443
4203 4275 8477
4140 4155 8265
4167 4262 8425
4291 4300 8558
4240 4297 8525
4158 4236 8372
4118 4194 8308
4252 4292 8542
4175 4280 8442
4245 4277 8509
4103 4291 8377
4170 4282 8449
4263 4275 8518
4113 4202 8289
4114 4286 8379
4228 4294 8497
4234 4271 8469
4231 4300 8514
4250 4282 8530
4217 4297 8503
4186 4291 8446
4188 4208 8363
4224 4250 8442
4185 4268 8445
4192 4240 8418
4213 4243 8425
4192 4200 8360
4269 4292 8525
4121 4142 8257
4165 4273 8426
4276 4292 8546
4154 4215 8356
4138 4172 8285
4119 4182 8274
4161 4268 8417
4288 4299 8579
4270 4272 8509
4206 4265 8454
4119 4208 8319
4177 4284 8459
4205 4271 8461
4218 4231 8438
4245 4267 8509
4111 4183 8287
4295 4299 8591
4158 4297 8420
4101 4192 8264
4102 4167 8247
4106 4254 8341
4287 4295 8545
4139 4232 8351
4116 4182 8278
4121 4286 8369
4158 4284 8428
4148 4260 8399
4278 4289 8540
4238 4285 8497
4169 4285 8434
4221 4243 8429
4196 4240 8419
4225 4251 8454
4238 4275 8483
4106 4200 8291
4246 4252 8485
4201 4243 8427
4273 4287 8530
4160 4249 8380
4215 4295 8496
4203 4205 8377
4247 4277 8494
4245 4295 8512
4195 4234 8409
4161 4213 8344
4179 4212 8364
4143 4176 8290
4117 4244 8332
4285 4298 8571
4289 4294 8569
4186 4202 8366
4243 4293 8529
4198 4228 8408
4137 4139 8248
4279 4284 8532
4261 4284 8543
4187 4288 8443
4261 4272 8509
4273 4278 8529
4251 4297 8526
4158 4253 8383
4293 4300 8570
4258 4283 8525
4158 4278 8432
4259 4282 8534
4154 4234 8379
4118 4260 8354
4161 4208 8355
4192 4270 8430
4177 4259 8403
4101 4151 8221
4241 4252 8481
4119 4238 8326
4250 4281 8507
4199 4254 8441
4105 4137 8219
4235 4271 8481
4297 4298 8594
4284 4295 8540
4210 4236 8440
4272 4294 8534
4284 4288 8533
4162 4213 8364
4163 4205 8356
4167 4268 8417
4245 4259 8497
4115 4186 8274
4108 4231 8313
4128 4242 8356
4257 4298 8536
4255 4276 8521
4169 4235 8393
4184 4202 8366
4218 4229 8433
4214 4279 8484
4156 4217 8365
4205 4246 8428
4297 4298 8586
4272 4296 8538
4227 4264 8490
4192 4295 8473
4111 4200 8308
4240 4257 8483
4244 4256 8498
4123 4255 8372
4166 4266 8428
4118 4205 8307
4269 4286 8548
4227 4235 8450
4171 4216 8349
4109 4175 8269
4296 4298 8554
4120 4209 8312
4102 4128 8199
4221 4285 8476
4101 4257 8337
4107 4231 8308
4244 4294 8510
4114 4133 8235
4161 4249 8391
4207 4215 8395
4259 4268 8506
4245 4290 8495
4224 4233 8445
4284 4289 8566
4215 4248 8452
4217 4236 8423
4199 4266 8432
4208 4290 8460
4108 4202 8293
4289 4293 8580
4228 4264 8457
4215 4240 8415
4228 4241 8450
4112 4208 8290
4280 4300 8548
4141 4157 8280
4235 4257 8477
4105 4167 8265
4109 4185 8291
4178 4252 8400
4241 4265 8501
4169 4216 8365
4189 4234 8392
4285 4299 8553
4159 4188 8339
4218 4228 8434
4226 4298 8506
4260 4285 8509
4132 4261 8386
4282 4287 8545
4100 4196 8267
4282 4300 8576
4298 4299 8580
4227 4238 8447
4103 4266 8368
4202 4225 8391
4124 4255 8356
4148 4206 8348
4204 4292 8483
4101 4134 8211
4210 4257 8429
4160 4218 8359
4147 4186 8295
4223 4255 8445
4247 4298 8505
4206 4208 8388
4191 4205 8371
4159 4240 8384
4114 4272 8350
4129 4195 8311
4178 4257 8413
4134 4233 8343
4147 4150 8259
4201 4238 8430
4281 4287 8559
4143 4254 8370
4224 4225 8426
4242 4284 8508
4298 4299 8570
4168 4287 8445
4184 4293 8456
4283 4298 8550
4117 4284 8381
4200 4234 8397
4294 4296 8578
4123 4283 8378
4120 4200 8295
4259 4272 8517
4121 4179 8283
4167 4289 8443
4174 4216 8383
4274 4289 8525
4115 4222 8334
4174 4235 8380
4194 4285 8441
4110 4279 8362
4257 4265 8501
4289 4292 8564
4120 4209 8296
4151 4166 8285
4217 4245 8438
4190 4269 8431
4220 4227 8429
4184 4193 8339
4170 4198 8366
4157 4295 8416
4246 4295 8508
4166 4208 8338
4183 4300 8477
4148 4173 8315
4109 4217 8312
4153 4207 8325
4205 4283 8472
4159 4299 8432
4179 4295 8456
4234 4250 8452
4151 4295 8407
4146 4173 8309
4153 4217 8357
4141 4232 8356
4119 4149 8256
4281 4300 8577
4252 4289 8512
4209 4294 8479
4288 4299 8568
4283 4290 8568
4271 4276 8538
4254 4266 8510
4216 4217 8432
4178 4236 8401
4226 4260 8455
4287 4299 8574
4275 4284 8521
4119 4223 8321
4242 4272 8483
4257 4258 8506
4221 4249 8435
4268 4294 8534
4130 4203 8326
4146 4271 8409
4279 4293 8564
4121 4165 8257
4211 4273 8451
4205 4298 8469
4109 4229 8330
4267 4274 8522
4103 4184 8261
4142 4251 8361
4262 4268 8519
4147 4174 8317
4139 4151 8283
4186 4254 8415
4101 4283 8380
4251 4253 8503
4157 4182 8316
4144 4163 8268
4112 4236 8324
4174 4240 8413
4147 4274 8390
4198 4270 8434
4190 4239 8391
4273 4279 8544
4182 4193 8337
4221 4264 8448
4173 4198 8356
4116 4196 8308
4182 4193 8351
4255 4283 8503
4220 4296 8514
4118 4232 8318
4263 4289 8516
4267 4281 8530
4205 4300 8491
4249 4263 8491
4115 4285 8389
4126 4221 8309
4175 4178 8334
4250 4252 8494
4249 4252 8494
4245 4263 8496
4138 4193 8309
4171 4272 8416
4278 4284 8538
4264 4290 8534
4188 4221 8392
4148 4219 8350
4258 4288 8510
4209 4210 8413
4291 4298 8564
4232 4272 8494
4214 4264 8465
4230 4276 8490
4243 4285 8506
4189 4207 8374
4100 4217 8314
4235 4237 8450
4217 4297 8506
4247 4248 8464
4134 4250 8345
4156 4265 8390
4288 4298 8584
4140 4163 8302
4283 4291 8542
4137 4189 8292
4107 4262 8342
4115 4166 8259
4230 4237 8441
4259 4277 8502
4188 4231 8409
4129 4162 8265
4121 4251 8347
4287 4291 8557
4244 4264 8505
4269 4293 8557
4298 4300 8590
4257 4264 8501
4299 4300 8579
4229 4290 8513
4131 4216 8329
4291 4293 8581
4249 4290 8508
4240 4271 8483
4128 4182 8280
4245 4266 8497
4277 4278 8524
4190 4291 8469
4275 4296 8536
4168 4263 8416
4262 4264 8499
4237 4289 8511
4123 4238 8331
4142 4163 8269
4280 4284 8553
4214 4223 8408
4207 4224 8417
4221 4298 8505
4288 4298 8549
4136 4217 8316
4228 4266 8474
4148 4289 8420
4234 4242 8455
4211 4271 8451
4166 4181 8320
4132 4247 8361
4131 4199 8297
4151 4182 8319
4254 4294 8532
4283 4284 8542
4226 4244 8441
4134 4220 8331
4168 4198 8355
4198 4252 8429
4163 4287 8427
4151 4215 8356
4272 4282 8534
4213 4271 8480
4198 4265 8427
4221 4277 8461
4181 4188 8352
4116 4235 8331
4188 4289 8461
4185 4266 8426
4205 4293 8465
4207 4255 8442
4124 4244 8341
4235 4300 8517
4162 4296 8444
4141 4143 8273
4133 4281 8381
4295 4300 8580
4237 4257 8465
4153 4294 8427
4172 4210 8366
4182 4280 8424
4114 4207 8309
4141 4267 8378
4135 4293 8420
4161 4265 8387
4196 4218 8403
4240 4249 8485
4201 4253 8427
4214 4299 8487
4169 4193 8360
4266 4286 8535
4296 4300 8586
4277 4298 8536
4191 4300 8487
4109 4132 8218
4182 4203 8347
4114 4156 8257
4296 4300 8578
4263 4272 8514
4292 4299 8569
4216 4254 8465
4292 4299 8585
4214 4248 8458
4285 4293 8544
4148 4202 8349
4158 4204 8348
4179 4199 8342
4249 4268 8497
4272 4294 8545
4217 4287 8499
4266 4294 8557
4159 4215 8337
4146 4260 8376
4203 4223 8425
4160 4207 8339
4248 4256 8488
4245 4299 8529
4170 4239 8404
4263 4279 8530
4153 4290 8436
4174 4238 8383
4245 4263 8469
4287 4296 8566
4233 4288 8482
4233 4289 8514
4293 4295 8558
4149 4297 8441
4171 4263 8406
4244 4275 8503
4117 4262 8349
4153 4282 8410
4157 4212 8364
4293 4297 8587
4128 4258 8351
4202 4247 8419
4194 4211 8369
4249 4300 8536
4209 4250 8457
4101 4234 8323
4228 4264 8475
4117 4167 8271
4255 4268 8503
4127 4258 8360
4229 4265 8474
4288 4295 8562
4114 4159 8257
4263 4271 8522
4215 4235 8438
4176 4222 8366
4249 4263 8490
4128 4245 8343
4217 4286 8480
4165 4240 8399
4253 4282 8497
4141 4216 8331
4141 4163 8283
4299 4300 8561
4178 4232 8379
4189 4288 8439
4183 4272 8422
4172 4235 8405
4116 4227 8316
4122 4160 8259
4288 4296 8583
4206 4297 8496
4216 4259 8462
4253 4275 8519
4187 4222 8382
4113 4222 8304
4148 4260 8377
4205 4211 8381
4118 4284 8368
4140 4267 8387
4201 4247 8423
4280 4294 8536
4277 4281 8537
4144 4224 8337
4279 4284 8531
4176 4233 8400
4131 4278 8387
4165 4170 8334
4168 4176 8313
4251 4298 8536
4265 4289 8541
4155 4199 8317
4297 4300 8595
4204 4266 8441
4276 4283 8536
4220 4276 8471
4142 4210 8330
4198 4253 8419
4201 4288 8487
4274 4278 8541
4245 4276 8520
4226 4231 8441
4107 4173 8269
4211 4263 8440
4189 4224 8404
4286 4288 8560
4240 4258 8494
4132 4160 8259
4215 4297 8507
4273 4285 8544
4216 4255 8450
4253 4269 8504
4229 4261 8477
4141 4156 8277
4175 4207 8346
4129 4170 8270
4202 4213 8414
4189 4253 8413
4212 4273 8463
4217 4264 8478
4225 4283 8479
4223 4268 8462
4106 4269 8354
4162 4231 8362
4289 4298 8559
4204 4269 8456
4182 4195 8355
4276 4293 8561
4177 4278 8423
4142 4196 8310
4146 4201 8317
4141 4203 8306
4232 4240 8461
4281 4293 8537
4192 4281 8447
4269 4274 8539
4207 4261 8454
4229 4234 8459
4226 4300 8505
4147 4179 8293
4162 4296 8441
4283 4286 8541
4177 4216 8382
4201 4209 8390
4180 4229 8390
4270 4282 8514
4164 4209 8351
4276 4291 8563
4234 4255 8475
4245 4249 8456
4131 4135 8248
4175 4271 8443
4242 4279 8488
4143 4206 8344
4115 4297 8378
4248 4253 8474
4189 4236 8415
4197 4273 8446
4188 4237 8402
4242 4271 8508
4234 4268 8493
4270 4293 8536
4176 4268 8435
4245 4269 8509
4148 4196 8324
4127 4146 8256
4238 4255 8455
4132 4208 8326
4126 4187 8298
4250 4267 8482
4192 4253 8424
4182 4296 8461
4253 4279 8525
4202 4257 8454
4137 4292 8406
4160 4222 8379
4254 4273 8495
4268 4290 8547
4283 4286 8543
4200 4262 8444
4272 4286 8528
4111 4189 8293
4175 4184 8339
4173 4246 8387
4173 4272 8436
4216 4243 8453
4140 4265 8381
4229 4295 8509
4196 4203 8368
4159 4186 8337
4141 4178 8310
4127 4160 8281
4194 4237 8423
4102 4117 8189
4118 4190 8284
4243 4293 8532
4282 4293 8553
4260 4273 8502
4230 4240 8452
4223 4290 8500
4161 4267 8421
4157 4245 8381
4187 4275 8453
4108 4151 8248
4263 4272 8525
4149 4191 8323
4257 4275 8526
4105 4218 8315
4242 4251 8469
4205 4267 8461
4244 4283 8496
4230 4246 8442
4157 4205 8345
4181 4284 8433
4120 4210 8301
4251 4269 8503
4264 4268 8520
4187 4245 8393
4166 4176 8313
4170 4263 8403
4296 4299 8574
4195 4256 8431
4177 4286 8450
4107 4187 8264
4265 4269 8523
4231 4289 8513
4169 4245 8380
4207 4272 8463
4194 4257 8421
4201 4215 8403
4135 4191 8320
4263 4266 8525
4226 4258 8460
4103 4237 8320
4129 4193 8315
4246 4279 8506
4113 4202 8283
4142 4274 8389
4248 4280 8496
4276 4278 8525
4170 4260 8399
4131 4212 8313
4200 4286 8478
4213 4279 8487
4238 4243 8447
4270 4282 8537
4230 4289 8490
4146 4167 8277
4291 4298 8562
4176 4273 8436
4144 4146 8286
4215 4247 8443
4111 4282 8371
4295 4298 8570
4153 4211 8332
4221 4256 8453
4119 4149 8263
4223 4281 8473
4163 4236 8386
4256 4300 8546
4228 4261 8457
4228 4289 8482
4177 4198 8342
4235 4292 8517
4191 4217 8375
4142 4153 8269
4141 4261 8394
4235 4258 8453
4267 4277 8530
4284 4292 8540
4174 4193 8348
4115 4135 8221
4188 4299 8480
4164 4187 8316
4198 4288 8475
4278 4294 8547
4150 4185 8316
4250 4257 8506
4186 4271 8453
4258 4261 8504
4160 4174 8318
4111 4242 8338
4234 4290 8488
4291 4292 8556
4146 4200 8345
4277 4281 8547
4108 4235 8330
4141 4247 8368
4251 4267 8502
4288 4298 8571
4235 4272 8483
4295 4296 8573
4168 4279 8444
4143 4225 8334
4197 4198 8393
4228 4238 8435
4225 4234 8451
4139 4140 8249
4180 4212 8368
4292 4293 8572
4237 4294 8500
4271 4273 8506
4220 4300 8497
4291 4296 8556
4273 4275 8532
4170 4254 8398
4294 4299 8582
4201 4285 8463
4132 4146 8250
4185 4294 8472
4260 4283 8518
4290 4300 8555
4165 4298 8462
4161 4300 8426
4261 4286 8533
4111 4207 8293
4185 4229 8375
4147 4155 8280
4170 4292 8443
4140 4234 8371
4223 4239 8452
4241 4277 8495
4193 4216 8377
4139 4269 8391
4245 4276 8489
4136 4236 8347
4258 4266 8517
4122 4191 8281
4192 4238 8403
4198 4220 8402
4240 4270 8477
4153 4229 8344
4207 4214 8404
4223 4253 8441
4193 4289 8449
4111 4157 8265

0.010000 0.660000
