1000
4045104
4137 4172 8309
4191 4192 8383
4178 4193 8371
4030 4097 8127
4127 4190 8317
4188 4191 8379
4008 4026 8034
4034 4149 8183
4188 4197 8385
4081 4138 8219
4135 4148 8283
4081 4127 8208
4064 4156 8220
4058 4076 8134
4080 4180 8260
4194 4197 8391
4117 4175 8292
4145 4152 8297
4063 4131 8194
4045 4100 8145
4121 4174 8295
4058 4149 8207
4007 4041 8048
4122 4150 8272
4146 4152 8298
4036 4086 8122
4021 4052 8073
4094 4181 8275
4104 4107 8211
4130 4178 8308
4115 4122 8237
4083 4125 8208
4146 4180 8326
4082 4147 8229
4071 4081 8152
4127 4186 8313
4162 4197 8359
4101 4141 8242
4163 4169 8332
4128 4170 8298
4011 4024 8035
4008 4174 8182
4006 4153 8159
4102 4147 8249
4197 4199 8396
4058 4180 8238
4116 4184 8300
4144 4166 8310
4045 4117 8162
4134 4166 8300
4137 4161 8298
4130 4175 8305
4171 4191 8362
4171 4192 8363
4124 4147 8271
4150 4187 8337
4094 4195 8289
4185 4193 8378
4018 4141 8159
4114 4179 8293
4083 4168 8251
4189 4197 8386
4008 4128 8136
4042 4094 8136
4055 4141 8196
4048 4056 8104
4109 4155 8264
4159 4190 8349
4033 4123 8156
4028 4165 8193
4135 4174 8309
4071 4125 8196
4028 4061 8089
4144 4159 8303
4078 4089 8167
4198 4199 8397
4051 4152 8203
4126 4184 8310
4030 4150 8180
4021 4079 8100
4093 4138 8231
4074 4100 8174
4113 4127 8240
4137 4139 8276
4084 4178 8262
4109 4123 8232
4077 4186 8263
4174 4197 8371
4057 4103 8160
4114 4125 8239
4146 4199 8345
4029 4145 8174
4194 4196 8390
4152 4190 8342
4046 4087 8133
4051 4148 8199
4040 4067 8107
4088 4185 8273
4197 4199 8396
4019 4136 8155
4034 4190 8224
4032 4187 8219
4099 4193 8292
4199 4200 8399
4054 4148 8202
4057 4134 8191
4084 4096 8180
4074 4153 8227
4130 4194 8324
4181 4188 8369
4103 4190 8293
4120 4143 8263
4094 4136 8230
4013 4174 8187
4031 4067 8098
4049 4087 8136
4084 4085 8169
4097 4189 8286
4026 4053 8079
4027 4193 8220
4186 4189 8375
4160 4176 8336
4165 4176 8341
4184 4200 8384
4191 4195 8386
4049 4086 8135
4112 4182 8294
4087 4120 8207
4053 4152 8205
4170 4188 8358
4182 4193 8375
4182 4184 8366
4087 4106 8193
4129 4181 8310
4096 4161 8257
4039 4054 8093
4083 4133 8216
4121 4156 8277
4107 4147 8254
4010 4129 8139
4034 4147 8181
4167 4183 8350
4079 4168 8247
4067 4129 8196
4150 4183 8333
4173 4189 8362
4082 4112 8194
4164 4171 8335
4155 4159 8314
4110 4179 8289
4196 4200 8396
4069 4101 8170
4145 4149 8294
4001 4083 8084
4148 4168 8316
4195 4198 8393
4113 4136 8249
4170 4179 8349
4148 4177 8325
4022 4042 8064
4086 4102 8188
4103 4138 8241
4065 4192 8257
4030 4086 8116
4135 4179 8314
4056 4078 8134
4134 4180 8314
4153 4191 8344
4178 4199 8377
4082 4141 8223
4081 4106 8187
4093 4167 8260
4147 4150 8297
4013 4041 8054
4133 4195 8328
4180 4183 8363
4174 4189 8363
4012 4034 8046
4106 4116 8222
4120 4175 8295
4169 4186 8355
4012 4083 8095
4107 4133 8240
4188 4194 8382
4134 4196 8330
4184 4187 8371
4087 4198 8285
4093 4184 8277
4128 4184 8312
4019 4086 8105
4130 4183 8313
4056 4142 8198
4140 4154 8294
4094 4158 8252
4093 4166 8259
4029 4060 8089
4145 4196 8341
4036 4152 8188
4148 4150 8298
4155 4161 8316
4011 4031 8042
4020 4031 8051
4150 4154 8304
4133 4173 8306
4117 4139 8256
4134 4170 8304
4010 4104 8114
4140 4184 8324
4054 4180 8234
4089 4114 8203
4160 4165 8325
4103 4132 8235
4022 4044 8066
4019 4093 8112
4014 4163 8177
4168 4185 8353
4129 4136 8265
4154 4167 8321
4053 4105 8158
4056 4121 8177
4091 4166 8257
4186 4200 8386
4100 4197 8297
4085 4197 8282
4085 4197 8282
4055 4161 8216
4131 4188 8319
4185 4189 8374
4143 4148 8291
4077 4180 8257
4042 4148 8190
4030 4097 8127
4095 4191 8286
4117 4118 8235
4115 4188 8303
4104 4166 8270
4145 4148 8293
4098 4160 8258
4182 4199 8381
4155 4193 8348
4151 4196 8347
4036 4103 8139
4116 4170 8286
4175 4188 8363
4035 4098 8133
4068 4177 8245
4006 4108 8114
4120 4125 8245
4146 4178 8324
4065 4109 8174
4167 4198 8365
4002 4198 8200
4052 4136 8188
4017 4093 8110
4199 4200 8399
4028 4145 8173
4171 4183 8354
4003 4136 8139
4122 4172 8294
4083 4165 8248
4080 4164 8244
4044 4087 8131
4089 4093 8182
4018 4079 8097
4116 4194 8310
4063 4081 8144
4152 4156 8308
4071 4118 8189
4021 4083 8104
4162 4199 8361
4024 4193 8217
4129 4160 8289
4095 4132 8227
4086 4153 8239
4125 4199 8324
4144 4168 8312
4086 4191 8277
4047 4059 8106
4098 4138 8236
4117 4168 8285
4010 4040 8050
4140 4154 8294
4132 4142 8274
4028 4091 8119
4082 4120 8202
4080 4087 8167
4133 4182 8315
4038 4064 8102
4084 4136 8220
4121 4192 8313
4131 4178 8309
4019 4188 8207
4060 4156 8216
4152 4165 8317
4057 4097 8154
4022 4129 8151
4035 4041 8076
4146 4194 8340
4156 4167 8323
4034 4085 8119
4067 4072 8139
4133 4193 8326
4008 4151 8159
4094 4160 8254
4000 4078 8078
4142 4195 8337
4124 4169 8293
4132 4166 8298
4009 4105 8114
4130 4162 8292
4179 4192 8371
4127 4158 8285
4183 4193 8376
4035 4170 8205
4101 4136 8237
4014 4125 8139
4109 4123 8232
4189 4193 8382
4174 4198 8372
4027 4173 8200
4154 4166 8320
4065 4177 8242
4166 4183 8349
4104 4133 8237
4147 4162 8309
4001 4143 8144
4145 4162 8307
4076 4144 8220
4020 4115 8135
4092 4172 8264
4039 4069 8108
4177 4198 8375
4185 4197 8382
4171 4196 8367
4039 4181 8220
4041 4061 8102
4176 4200 8376
4045 4097 8142
4000 4051 8051
4034 4077 8111
4098 4156 8254
4183 4196 8379
4065 4164 8229
4046 4083 8129
4170 4171 8341
4047 4148 8195
4010 4141 8151
4111 4189 8300
4117 4180 8297
4050 4170 8220
4162 4165 8327
4035 4036 8071
4115 4189 8304
4060 4071 8131
4122 4142 8264
4155 4156 8311
4197 4200 8397
4015 4017 8032
4122 4137 8259
4138 4177 8315
4080 4112 8192
4199 4200 8399
4059 4060 8119
4027 4128 8155
4177 4180 8357
4093 4135 8228
4189 4197 8386
4091 4153 8244
4049 4160 8209
4169 4190 8359
4018 4019 8037
4025 4026 8051
4035 4181 8216
4117 4180 8297
4171 4195 8366
4098 4142 8240
4020 4082 8102
4039 4142 8181
4074 4160 8234
4121 4166 8287
4186 4198 8384
4054 4057 8111
4064 4067 8131
4198 4200 8398
4113 4175 8288
4032 4054 8086
4072 4188 8260
4173 4184 8357
4122 4165 8287
4003 4038 8041
4051 4163 8214
4097 4160 8257
4061 4187 8248
4066 4129 8195
4189 4194 8383
4122 4164 8286
4161 4171 8332
4130 4152 8282
4025 4175 8200
4196 4197 8393
4082 4149 8231
4028 4035 8063
4161 4197 8358
4194 4197 8391
4194 4200 8394
4037 4104 8141
4113 4194 8307
4067 4079 8146
4147 4173 8320
4011 4153 8164
4093 4159 8252
4186 4200 8386
4149 4175 8324
4178 4188 8366
4016 4193 8209
4011 4088 8099
4131 4183 8314
4048 4146 8194
4007 4095 8102
4100 4131 8231
4122 4192 8314
4124 4193 8317
4165 4184 8349
4137 4169 8306
4157 4169 8326
4094 4168 8262
4056 4065 8121
4012 4155 8167
4187 4200 8387
4138 4162 8300
4084 4090 8174
4132 4171 8303
4011 4022 8033
4006 4152 8158
4062 4067 8129
4005 4106 8111
4041 4062 8103
4029 4171 8200
4004 4031 8035
4168 4183 8351
4049 4119 8168
4004 4086 8090
4148 4167 8315
4163 4174 8337
4028 4111 8139
4053 4108 8161
4187 4188 8375
4067 4165 8232
4056 4112 8168
4105 4156 8261
4168 4179 8347
4120 4138 8258
4126 4162 8288
4195 4200 8395
4127 4132 8259
4066 4194 8260
4062 4179 8241
4057 4118 8175
4098 4146 8244
4058 4155 8213
4190 4191 8381
4158 4171 8329
4165 4170 8335
4003 4174 8177
4115 4170 8285
4085 4193 8278
4169 4178 8347
4001 4088 8089
4095 4182 8277
4168 4182 8350
4092 4107 8199
4074 4112 8186
4124 4182 8306
4121 4154 8275
4071 4081 8152
4052 4064 8116
4040 4189 8229
4063 4123 8186
4177 4179 8356
4118 4193 8311
4058 4132 8190
4077 4118 8195
4074 4138 8212
4171 4178 8349
4148 4149 8297
4183 4200 8383
4098 4113 8211
4091 4176 8267
4050 4085 8135
4030 4105 8135
4003 4046 8049
4132 4199 8331
4162 4173 8335
4180 4182 8362
4037 4141 8178
4144 4193 8337
4180 4193 8373
4123 4187 8310
4177 4178 8355
4040 4152 8192
4036 4071 8107
4115 4124 8239
4120 4126 8246
4025 4068 8093
4014 4139 8153
4074 4186 8260
4141 4175 8316
4165 4180 8345
4057 4070 8127
4177 4197 8374
4185 4190 8375
4012 4185 8197
4008 4087 8095
4035 4040 8075
4134 4163 8297
4027 4199 8226
4197 4199 8396
4008 4120 8128
4110 4150 8260
4014 4126 8140
4096 4130 8226
4058 4126 8184
4076 4166 8242
4153 4157 8310
4055 4111 8166
4023 4117 8140
4195 4199 8394
4117 4140 8257
4165 4188 8353
4111 4118 8229
4199 4200 8399
4184 4188 8372
4000 4043 8043
4184 4192 8376
4001 4047 8048
4149 4200 8349
4102 4119 8221
4112 4131 8243
4119 4122 8241
4157 4183 8340
4144 4181 8325
4185 4198 8383
4076 4112 8188
4125 4196 8321
4050 4061 8111
4091 4149 8240
4163 4197 8360
4178 4187 8365
4106 4176 8282
4110 4130 8240
4186 4187 8373
4161 4195 8356
4119 4129 8248
4023 4159 8182
4069 4183 8252
4083 4194 8277
4044 4093 8137
4148 4170 8318
4040 4194 8234
4144 4182 8326
4070 4198 8268
4178 4195 8373
4194 4200 8394
4146 4193 8339
4147 4155 8302
4110 4160 8270
4111 4200 8311
4005 4141 8146
4076 4095 8171
4082 4193 8275
4117 4197 8314
4165 4191 8356
4051 4115 8166
4097 4166 8263
4081 4118 8199
4160 4167 8327
4040 4062 8102
4158 4162 8320
4066 4083 8149
4022 4112 8134
4161 4193 8354
4186 4188 8374
4087 4123 8210
4157 4179 8336
4081 4129 8210
4108 4173 8281
4117 4132 8249
4096 4154 8250
4164 4191 8355
4045 4161 8206
4068 4118 8186
4010 4062 8072
4167 4190 8357
4155 4173 8328
4107 4129 8236
4182 4189 8371
4029 4184 8213
4045 4114 8159
4025 4180 8205
4050 4169 8219
4032 4071 8103
4104 4173 8277
4094 4153 8247
4102 4158 8260
4092 4176 8268
4177 4196 8373
4161 4173 8334
4151 4189 8340
4138 4167 8305
4051 4144 8195
4195 4197 8392
4071 4111 8182
4044 4195 8239
4147 4185 8332
4172 4182 8354
4185 4200 8385
4181 4185 8366
4137 4177 8314
4005 4084 8089
4009 4107 8116
4100 4111 8211
4017 4104 8121
4006 4141 8147
4026 4123 8149
4073 4116 8189
4042 4170 8212
4097 4126 8223
4092 4113 8205
4086 4115 8201
4030 4039 8069
4183 4199 8382
4133 4149 8282
4041 4084 8125
4034 4073 8107
4090 4146 8236
4158 4190 8348
4034 4109 8143
4072 4111 8183
4011 4113 8124
4088 4132 8220
4113 4114 8227
4090 4149 8239
4013 4141 8154
4151 4156 8307
4058 4173 8231
4193 4197 8390
4130 4178 8308
4095 4141 8236
4059 4072 8131
4199 4200 8399
4132 4188 8320
4054 4080 8134
4101 4148 8249
4192 4198 8390
4183 4194 8377
4138 4196 8334
4074 4154 8228
4112 4185 8297
4005 4161 8166
4156 4160 8316
4118 4130 8248
4024 4054 8078
4194 4198 8392
4028 4106 8134
4081 4123 8204
4033 4156 8189
4066 4080 8146
4133 4137 8270
4036 4086 8122
4086 4113 8199
4160 4173 8333
4028 4161 8189
4139 4179 8318
4132 4180 8312
4073 4118 8191
4061 4142 8203
4194 4199 8393
4013 4054 8067
4184 4193 8377
4125 4156 8281
4163 4176 8339
4157 4170 8327
4115 4154 8269
4039 4163 8202
4039 4059 8098
4115 4155 8270
4158 4164 8322
4176 4187 8363
4067 4079 8146
4171 4176 8347
4055 4085 8140
4061 4135 8196
4013 4181 8194
4075 4154 8229
4162 4165 8327
4007 4070 8077
4071 4117 8188
4196 4197 8393
4094 4116 8210
4045 4107 8152
4180 4198 8378
4107 4181 8288
4168 4197 8365
4154 4155 8309
4065 4099 8164
4168 4182 8350
4070 4077 8147
4112 4200 8312
4174 4195 8369
4110 4129 8239
4023 4114 8137
4013 4055 8068
4117 4167 8284
4139 4184 8323
4050 4185 8235
4115 4156 8271
4106 4137 8243
4185 4189 8374
4060 4085 8145
4141 4148 8289
4188 4194 8382
4197 4200 8397
4118 4138 8256
4080 4181 8261
4052 4084 8136
4048 4162 8210
4126 4184 8310
4008 4184 8192
4036 4141 8177
4188 4200 8388
4029 4142 8171
4084 4106 8190
4009 4047 8056
4112 4195 8307
4058 4189 8247
4044 4116 8160
4116 4190 8306
4126 4152 8278
4053 4162 8215
4065 4107 8172
4037 4103 8140
4012 4169 8181
4135 4198 8333
4021 4043 8064
4081 4151 8232
4082 4105 8187
4184 4188 8372
4115 4117 8232
4191 4192 8383
4186 4188 8374
4176 4191 8367
4089 4156 8245
4182 4193 8375
4070 4156 8226
4051 4089 8140
4189 4195 8384
4105 4113 8218
4030 4057 8087
4055 4157 8212
4053 4199 8252
4174 4182 8356
4112 4134 8246
4176 4179 8355
4188 4198 8386
4083 4159 8242
4060 4149 8209
4054 4162 8216
4104 4120 8224
4154 4182 8336
4175 4182 8357
4150 4190 8340
4152 4171 8323
4151 4172 8323
4063 4148 8211
4039 4119 8158
4141 4170 8311
4128 4158 8286
4153 4162 8315
4013 4016 8029
4016 4117 8133
4068 4155 8223
4191 4196 8387
4099 4102 8201
4108 4155 8263
4031 4041 8072
4141 4183 8324
4021 4033 8054
4148 4181 8329
4133 4138 8271
4093 4096 8189
4020 4046 8066
4136 4156 8292
4094 4101 8195
4072 4175 8247
4022 4070 8092
4171 4185 8356
4026 4152 8178
4167 4197 8364
4182 4192 8374
4168 4192 8360
4085 4134 8219
4146 4193 8339
4040 4062 8102
4189 4197 8386
4172 4189 8361
4032 4123 8155
4087 4129 8216
4063 4193 8256
4032 4193 8225
4192 4195 8387
4082 4185 8267
4136 4171 8307
4002 4051 8053
4191 4200 8391
4085 4124 8209
4014 4152 8166
4161 4174 8335
4130 4142 8272
4085 4141 8226
4093 4188 8281
4089 4123 8212
4061 4100 8161
4054 4114 8168
4039 4058 8097
4044 4157 8201
4076 4147 8223
4168 4193 8361
4025 4186 8211
4150 4169 8319
4170 4196 8366
4095 4175 8270
4098 4187 8285
4187 4199 8386
4079 4085 8164
4115 4120 8235
4167 4198 8365
4012 4120 8132
4103 4183 8286
4064 4197 8261
4066 4127 8193
4146 4167 8313
4111 4112 8223
4151 4190 8341
4107 4154 8261
4122 4162 8284
4098 4117 8215
4053 4137 8190
4046 4118 8164
4138 4198 8336
4157 4167 8324
4074 4170 8244
4135 4168 8303
4147 4179 8326
4015 4080 8095
4093 4163 8256
4043 4056 8099
4177 4182 8359
4037 4187 8224
4134 4176 8310
4056 4173 8229
4023 4096 8119
4020 4074 8094
4116 4182 8298
4150 4200 8350
4046 4177 8223
4183 4194 8377
4120 4147 8267
4055 4073 8128
4111 4173 8284
4146 4181 8327
4186 4195 8381
4061 4114 8175
4063 4125 8188
4023 4166 8189
4195 4197 8392
4075 4139 8214
4171 4198 8369
4041 4043 8084
4027 4090 8117
4045 4052 8097
4068 4164 8232
4119 4196 8315
4141 4176 8317
4171 4184 8355
4141 4149 8290
4018 4117 8135
4168 4178 8346
4019 4167 8186
4123 4158 8281
4002 4045 8047
4087 4116 8203
4015 4137 8152
4005 4026 8031
4125 4196 8321
4195 4200 8395
4110 4141 8251
4188 4193 8381
4033 4135 8168
4047 4170 8217
4070 4127 8197
4197 4198 8395
4155 4168 8323
4068 4160 8228
4185 4195 8380
4045 4053 8098
4143 4146 8289
4007 4014 8021
4094 4103 8197
4188 4200 8388
4107 4189 8296
4025 4086 8111
4011 4034 8045
4030 4056 8086
4143 4163 8306
4117 4142 8259
4169 4194 8363
4062 4149 8211
4191 4195 8386
4143 4165 8308
4073 4188 8261
4084 4142 8226
4187 4197 8384
4107 4131 8238
4125 4173 8298
4080 4199 8279
4181 4198 8379
4020 4156 8176
4192 4195 8387
4015 4035 8050
4045 4073 8118
4167 4193 8360
4170 4171 8341
4054 4135 8189
4073 4183 8256
4127 4170 8297
4038 4115 8153
4102 4190 8292
4024 4065 8089
4026 4069 8095
4029 4116 8145
4039 4163 8202
4064 4173 8237
4164 4187 8351
4168 4175 8343
4080 4101 8181
4029 4188 8217
4019 4101 8120
4177 4194 8371
4157 4182 8339
4037 4062 8099
4051 4092 8143
4131 4146 8277
4170 4174 8344
4049 4123 8172
4028 4065 8093
4195 4197 8392
4024 4122 8146
4101 4179 8280
4176 4192 8368
4038 4079 8117
4134 4153 8287
4003 4142 8145
4073 4102 8175
4091 4186 8277
4194 4198 8392
4100 4186 8286
4107 4194 8301
4115 4167 8282
4112 4113 8225
4121 4134 8255
4141 4157 8298
4128 4148 8276
4107 4140 8247
4136 4141 8277
4063 4091 8154
4108 4129 8237
4009 4052 8061
4146 4159 8305
4111 4128 8239
4123 4151 8274
4164 4178 8342
4148 4189 8337
4020 4108 8128
4154 4164 8318
4199 4200 8399
4043 4111 8154
4063 4147 8210
4041 4105 8146
4101 4107 8208
4052 4189 8241
4079 4187 8266
4182 4198 8380
4025 4136 8161
4028 4072 8100
4068 4081 8149
4019 4056 8075
4050 4123 8173
4085 4112 8197
4055 4194 8249
4138 4183 8321

4237 4272 8472
4291 4292 8557
4278 4293 8537
4130 4197 8323
4227 4290 8479
4288 4291 8572
4108 4126 8220
4134 4249 8358
4288 4297 8548
4181 4238 8399
4235 4248 8444
4181 4227 8399
4164 4256 8396
4158 4176 8325
4180 4280 8439
4294 4297 8565
4217 4275 8485
4245 4252 8476
4163 4231 8365
4145 4200 8335
4221 4274 8463
4158 4249 8383
4107 4141 8222
4222 4250 8456
4246 4252 8485
4136 4186 8311
4121 4152 8238
4194 4281 8470
4204 4207 8384
4230 4278 8472
4215 4222 8414
4183 4225 8377
4246 4280 8493
4182 4247 8422
4171 4181 8343
4227 4286 8507
4262 4297 8555
4201 4241 8439
4263 4269 8495
4228 4270 8476
4111 4124 8228
4108 4274 8347
4106 4253 8348
4202 4247 8417
4297 4299 8588
4158 4280 8415
4216 4284 8490
4244 4266 8481
4145 4217 8329
4234 4266 8488
4237 4261 8474
4230 4275 8496
4271 4291 8534
4271 4292 8530
4224 4247 8438
4250 4287 8520
4194 4295 8475
4285 4293 8538
4118 4241 8344
4214 4279 8458
4183 4268 8426
4289 4297 8585
4108 4228 8309
4142 4194 8334
4155 4241 8365
4148 4156 8292
4209 4255 8459
4259 4290 8510
4133 4223 8341
4128 4265 8386
4235 4274 8501
4171 4225 8383
4128 4161 8266
4244 4259 8478
4178 4189 8349
4298 4299 8575
4151 4252 8388
4226 4284 8472
4130 4250 8373
4121 4179 8271
4193 4238 8405
4174 4200 8342
4213 4227 8418
4237 4239 8456
4184 4278 8439
4209 4223 8419
4177 4286 8444
4274 4297 8556
4157 4203 8323
4214 4225 8401
4246 4299 8507
4129 4245 8338
4294 4296 8564
4252 4290 8506
4146 4187 8297
4151 4248 8393
4140 4167 8300
4188 4285 8468
4297 4299 8583
4119 4236 8354
4134 4290 8398
4132 4287 8405
4199 4293 8487
4299 4300 8564
4154 4248 8364
4157 4234 8353
4184 4196 8359
4174 4253 8417
4230 4294 8512
4281 4288 8538
4203 4290 8482
4220 4243 8462
4194 4236 8395
4113 4274 8367
4131 4167 8264
4149 4187 8330
4184 4185 8354
4197 4289 8465
4126 4153 8273
4127 4293 8400
4286 4289 8568
4260 4276 8506
4265 4276 8538
4284 4300 8570
4291 4295 8572
4149 4186 8318
4212 4282 8473
4187 4220 8392
4153 4252 8380
4270 4288 8528
4282 4293 8551
4282 4284 8536
4187 4206 8377
4229 4281 8508
4196 4261 8445
4139 4154 8279
4183 4233 8411
4221 4256 8460
4207 4247 8423
4110 4229 8325
4134 4247 8376
4267 4283 8540
4179 4268 8433
4167 4229 8357
4250 4283 8527
4273 4289 8558
4182 4212 8379
4264 4271 8495
4255 4259 8482
4210 4279 8472
4296 4300 8586
4169 4201 8368
4245 4249 8465
4101 4183 8262
4248 4268 8492
4295 4298 8571
4213 4236 8430
4270 4279 8513
4248 4277 8511
4122 4142 8258
4186 4202 8350
4203 4238 8404
4165 4292 8426
4130 4186 8295
4235 4279 8497
4156 4178 8324
4234 4280 8500
4253 4291 8540
4278 4299 8549
4182 4241 8404
4181 4206 8368
4193 4267 8436
4247 4250 8495
4113 4141 8236
4233 4295 8521
4280 4283 8539
4274 4289 8531
4112 4134 8242
4206 4216 8409
4220 4275 8493
4269 4286 8526
4112 4183 8274
4207 4233 8421
4288 4294 8553
4234 4296 8502
4284 4287 8547
4187 4298 8466
4193 4284 8470
4228 4284 8492
4119 4186 8279
4230 4283 8481
4156 4242 8376
4240 4254 8478
4194 4258 8426
4193 4266 8422
4129 4160 8277
4245 4296 8520
4136 4252 8367
4248 4250 8485
4255 4261 8515
4111 4131 8226
4120 4131 8233
4250 4254 8469
4233 4273 8495
4217 4239 8430
4234 4270 8472
4110 4204 8277
4240 4284 8516
4154 4280 8431
4189 4214 8366
4260 4265 8513
4203 4232 8424
4122 4144 8245
4119 4193 8300
4114 4263 8356
4268 4285 8540
4229 4236 8444
4254 4267 8510
4153 4205 8346
4156 4221 8345
4191 4266 8423
4286 4300 8564
4200 4297 8486
4185 4297 8471
4185 4297 8463
4155 4261 8404
4231 4288 8484
4285 4289 8543
4243 4248 8470
4177 4280 8433
4142 4248 8388
4130 4197 8323
4195 4291 8474
4217 4218 8410
4215 4288 8492
4204 4266 8432
4245 4248 8492
4198 4260 8446
4282 4299 8558
4255 4293 8530
4251 4296 8519
4136 4203 8325
4216 4270 8454
4275 4288 8535
4135 4198 8322
4168 4277 8436
4106 4208 8278
4220 4225 8411
4246 4278 8484
4165 4209 8373
4267 4298 8526
4102 4298 8391
4152 4236 8383
4117 4193 8306
4299 4300 8568
4128 4245 8347
4271 4283 8549
4103 4236 8327
4222 4272 8473
4183 4265 8430
4180 4264 8431
4144 4187 8301
4189 4193 8372
4118 4179 8291
4216 4294 8480
4163 4181 8329
4252 4256 8469
4171 4218 8384
4121 4183 8295
4262 4299 8547
4124 4293 8409
4229 4260 8466
4195 4232 8394
4186 4253 8421
4225 4299 8522
4244 4268 8500
4186 4291 8461
4147 4159 8291
4198 4238 8409
4217 4268 8465
4110 4140 8218
4240 4254 8490
4232 4242 8446
4128 4191 8291
4182 4220 8368
4180 4187 8355
4233 4282 8495
4138 4164 8295
4184 4236 8398
4221 4292 8503
4231 4278 8500
4119 4288 8373
4160 4256 8397
4252 4265 8503
4157 4197 8344
4122 4229 8344
4135 4141 8241
4246 4294 8534
4256 4267 8508
4134 4185 8299
4167 4172 8335
4233 4293 8490
4108 4251 8340
4194 4260 8434
4100 4178 8267
4242 4295 8499
4224 4269 8467
4232 4266 8477
4109 4205 8306
4230 4262 8463
4279 4292 8566
4227 4258 8466
4283 4293 8567
4135 4270 8378
4201 4236 8428
4114 4225 8309
4209 4223 8427
4289 4293 8551
4274 4298 8563
4127 4273 8367
4254 4266 8481
4165 4277 8407
4266 4283 8518
4204 4233 8428
4247 4262 8507
4101 4243 8313
4245 4262 8482
4176 4244 8409
4120 4215 8299
4192 4272 8437
4139 4169 8295
4277 4298 8557
4285 4297 8553
4271 4296 8530
4139 4281 8383
4141 4161 8269
4276 4300 8572
4145 4197 8312
4100 4151 8238
4134 4177 8275
4198 4256 8439
4283 4296 8553
4165 4264 8399
4146 4183 8295
4270 4271 8509
4147 4248 8389
4110 4241 8319
4211 4289 8498
4217 4280 8495
4150 4270 8412
4262 4265 8503
4135 4136 8264
4215 4289 8475
4160 4171 8307
4222 4242 8449
4255 4256 8491
4297 4300 8561
4115 4117 8198
4222 4237 8444
4238 4277 8486
4180 4212 8377
4299 4300 8568
4159 4160 8301
4127 4228 8332
4277 4280 8544
4193 4235 8412
4289 4297 8560
4191 4253 8442
4149 4260 8403
4269 4290 8538
4118 4119 8203
4125 4126 8216
4135 4281 8401
4217 4280 8469
4271 4295 8562
4198 4242 8411
4120 4182 8292
4139 4242 8352
4174 4260 8427
4221 4266 8449
4286 4298 8559
4154 4157 8296
4164 4167 8324
4298 4300 8571
4213 4275 8457
4132 4154 8266
4172 4288 8456
4273 4284 8554
4222 4265 8476
4103 4138 8222
4151 4263 8383
4197 4260 8420
4161 4287 8438
4166 4229 8394
4289 4294 8553
4222 4264 8458
4261 4271 8496
4230 4252 8462
4125 4275 8387
4296 4297 8587
4182 4249 8419
4128 4135 8237
4261 4297 8544
4294 4297 8587
4294 4300 8591
4137 4204 8338
4213 4294 8478
4167 4179 8311
4247 4273 8494
4111 4253 8360
4193 4259 8416
4286 4300 8575
4249 4275 8498
4278 4288 8527
4116 4293 8387
4111 4188 8288
4231 4283 8478
4148 4246 8363
4107 4195 8287
4200 4231 8410
4222 4292 8476
4224 4293 8477
4265 4284 8529
4237 4269 8481
4257 4269 8512
4194 4268 8435
4156 4165 8310
4112 4255 8339
4287 4300 8585
4238 4262 8496
4184 4190 8353
4232 4271 8487
4111 4122 8204
4106 4252 8340
4162 4167 8291
4105 4206 8272
4141 4162 8289
4129 4271 8362
4104 4131 8233
4268 4283 8523
4149 4219 8342
4104 4186 8263
4248 4267 8488
4263 4274 8519
4128 4211 8317
4153 4208 8342
4287 4288 8541
4167 4265 8420
4156 4212 8345
4205 4256 8441
4268 4279 8537
4220 4238 8455
4226 4262 8474
4295 4300 8564
4227 4232 8440
4166 4294 8458
4162 4279 8419
4157 4218 8340
4198 4246 8425
4158 4255 8397
4290 4291 8567
4258 4271 8516
4265 4270 8528
4103 4274 8352
4215 4270 8456
4185 4293 8462
4269 4278 8536
4101 4188 8252
4195 4282 8475
4268 4282 8517
4192 4207 8377
4174 4212 8370
4224 4282 8473
4221 4254 8446
4171 4181 8343
4152 4164 8300
4140 4289 8393
4163 4223 8365
4277 4279 8535
4218 4293 8488
4158 4232 8376
4177 4218 8379
4174 4238 8400
4271 4278 8529
4248 4249 8471
4283 4300 8545
4198 4213 8402
4191 4276 8439
4150 4185 8324
4130 4205 8331
4103 4146 8229
4232 4299 8502
4262 4273 8527
4280 4282 8546
4137 4241 8346
4244 4293 8532
4280 4293 8539
4223 4287 8486
4277 4278 8532
4140 4252 8353
4136 4171 8281
4215 4224 8403
4220 4226 8442
4125 4168 8274
4114 4239 8323
4174 4286 8450
4241 4275 8496
4265 4280 8523
4157 4170 8296
4277 4297 8543
4285 4290 8567
4112 4285 8364
4108 4187 8283
4135 4140 8236
4234 4263 8477
4127 4299 8393
4297 4299 8570
4108 4220 8309
4210 4250 8442
4114 4226 8337
4196 4230 8404
4158 4226 8362
4176 4266 8430
4253 4257 8507
4155 4211 8363
4123 4217 8317
4295 4299 8554
4217 4240 8441
4265 4288 8523
4211 4218 8395
4299 4300 8566
4284 4288 8534
4100 4143 8230
4284 4292 8550
4101 4147 8242
4249 4300 8521
4202 4219 8407
4212 4231 8442
4219 4222 8440
4257 4283 8506
4244 4281 8493
4285 4298 8550
4176 4212 8359
4225 4296 8515
4150 4161 8283
4191 4249 8434
4263 4297 8545
4278 4287 8538
4206 4276 8451
4210 4230 8427
4286 4287 8563
4261 4295 8525
4219 4229 8438
4123 4259 8361
4169 4283 8439
4183 4294 8456
4144 4193 8320
4248 4270 8488
4140 4294 8400
4244 4282 8513
4170 4298 8436
4278 4295 8545
4294 4300 8586
4246 4293 8535
4247 4255 8492
4210 4260 8441
4211 4300 8497
4105 4241 8311
4176 4195 8370
4182 4293 8456
4217 4297 8477
4265 4291 8540
4151 4215 8339
4197 4266 8457
4181 4218 8398
4260 4267 8495
4140 4162 8299
4258 4262 8485
4166 4183 8331
4122 4212 8320
4261 4293 8545
4286 4288 8569
4187 4223 8387
4257 4279 8523
4181 4229 8392
4208 4273 8454
4217 4232 8434
4196 4254 8436
4264 4291 8533
4145 4261 8376
4168 4218 8357
4110 4162 8267
4267 4290 8520
4255 4273 8515
4207 4229 8398
4282 4289 8545
4129 4284 8410
4145 4214 8352
4125 4280 8378
4150 4269 8387
4132 4171 8302
4204 4273 8467
4194 4253 8411
4202 4258 8452
4192 4276 8439
4277 4296 8534
4261 4273 8518
4251 4289 8500
4238 4267 8469
4151 4244 8390
4295 4297 8564
4171 4211 8372
4144 4295 8429
4247 4285 8527
4272 4282 8519
4285 4300 8558
4281 4285 8565
4237 4277 8502
4105 4184 8279
4109 4207 8309
4200 4211 8400
4117 4204 8316
4106 4241 8346
4126 4223 8344
4173 4216 8384
4142 4270 8387
4197 4226 8406
4192 4213 8400
4186 4215 8384
4130 4139 8266
4283 4299 8571
4233 4249 8443
4141 4184 8287
4134 4173 8268
4190 4246 8423
4258 4290 8515
4134 4209 8316
4172 4211 8377
4111 4213 8314
4188 4232 8390
4213 4214 8402
4190 4249 8419
4113 4241 8336
4251 4256 8495
4158 4273 8407
4293 4297 8553
4230 4278 8489
4195 4241 8420
4159 4172 8310
4299 4300 8589
4232 4288 8495
4154 4180 8296
4201 4248 8436
4292 4298 8572
4283 4294 8564
4238 4296 8505
4174 4254 8401
4212 4285 8468
4105 4261 8333
4256 4260 8512
4218 4230 8437
4124 4154 8259
4294 4298 8572
4128 4206 8303
4181 4223 8383
4133 4256 8373
4166 4180 8315
4233 4237 8442
4136 4186 8301
4186 4213 8366
4260 4273 8510
4128 4261 8381
4239 4279 8492
4232 4280 8496
4173 4218 8368
4161 4242 8382
4294 4299 8561
4113 4154 8233
4284 4293 8570
4225 4256 8464
4263 4276 8502
4257 4270 8506
4215 4254 8429
4139 4263 8363
4139 4159 8294
4215 4255 8435
4258 4264 8498
4276 4287 8535
4167 4179 8335
4271 4276 8527
4155 4185 8307
4161 4235 8393
4113 4281 8388
4175 4254 8398
4262 4265 8498
4107 4170 8271
4171 4217 8355
4296 4297 8556
4194 4216 8385
4145 4207 8345
4280 4298 8542
4207 4281 8457
4268 4297 8548
4254 4255 8484
4165 4199 8347
4268 4282 8545
4170 4177 8340
4212 4300 8505
4274 4295 8550
4210 4229 8425
4123 4214 8307
4113 4155 8235
4217 4267 8461
4239 4284 8494
4150 4285 8402
4215 4256 8469
4206 4237 8413
4285 4289 8552
4160 4185 8308
4241 4248 8474
4288 4294 8570
4297 4300 8587
4218 4238 8441
4180 4281 8454
4152 4184 8322
4148 4262 8408
4226 4284 8474
4108 4284 8368
4136 4241 8371
4288 4300 8553
4129 4242 8369
4184 4206 8368
4109 4147 8234
4212 4295 8478
4158 4289 8446
4144 4216 8359
4216 4290 8500
4226 4252 8440
4153 4262 8405
4165 4207 8367
4137 4203 8320
4112 4269 8377
4235 4298 8494
4121 4143 8229
4181 4251 8398
4182 4205 8383
4284 4288 8538
4215 4217 8392
4291 4292 8555
4286 4288 8571
4276 4291 8537
4189 4256 8437
4282 4293 8539
4170 4256 8400
4151 4189 8320
4289 4295 8559
4205 4213 8378
4130 4157 8251
4155 4257 8390
4153 4299 8421
4274 4282 8522
4212 4234 8436
4276 4279 8542
4288 4298 8570
4183 4259 8408
4160 4249 8372
4154 4262 8413
4204 4220 8410
4254 4282 8511
4275 4282 8524
4250 4290 8534
4252 4271 8490
4251 4272 8501
4163 4248 8389
4139 4219 8325
4241 4270 8507
4228 4258 8466
4253 4262 8493
4113 4116 8214
4116 4217 8325
4168 4255 8422
4291 4296 8569
4199 4202 8394
4208 4255 8435
4131 4141 8250
4241 4283 8521
4121 4133 8234
4248 4281 8525
4233 4238 8466
4193 4196 8372
4120 4146 8263
4236 4256 8468
4194 4201 8382
4172 4275 8439
4122 4170 8273
4271 4285 8539
4126 4252 8349
4267 4297 8542
4282 4292 8549
4268 4292 8530
4185 4234 8405
4246 4293 8531
4140 4162 8264
4289 4297 8555
4272 4289 8538
4132 4223 8349
4187 4229 8378
4163 4293 8451
4132 4293 8391
4292 4295 8574
4182 4285 8452
4236 4271 8478
4102 4151 8220
4291 4300 8580
4185 4224 8402
4114 4252 8353
4261 4274 8516
4230 4242 8458
4185 4241 8414
4193 4288 8479
4189 4223 8402
4161 4200 8344
4154 4214 8364
4139 4158 8290
4144 4257 8395
4176 4247 8410
4268 4293 8548
4125 4286 8388
4250 4269 8510
4270 4296 8543
4195 4275 8439
4198 4287 8472
4287 4299 8569
4179 4185 8358
4215 4220 8405
4267 4298 8531
4112 4220 8301
4203 4283 8452
4164 4297 8452
4166 4227 8358
4246 4267 8507
4211 4212 8412
4251 4290 8535
4207 4254 8456
4222 4262 8472
4198 4217 8396
4153 4237 8358
4146 4218 8345
4238 4298 8526
4257 4267 8515
4174 4270 8426
4235 4268 8485
4247 4279 8517
4115 4180 8280
4193 4263 8445
4143 4156 8279
4277 4282 8520
4137 4287 8406
4234 4276 8477
4156 4273 8415
4123 4196 8305
4120 4174 8272
4216 4282 8462
4250 4300 8547
4146 4277 8390
4283 4294 8553
4220 4247 8438
4155 4173 8290
4211 4273 8471
4246 4281 8524
4286 4295 8578
4161 4214 8337
4163 4225 8353
4123 4266 8377
4295 4297 8587
4175 4239 8377
4271 4298 8549
4141 4143 8283
4127 4190 8314
4145 4152 8292
4168 4264 8425
4219 4296 8496
4241 4276 8491
4271 4284 8542
4241 4249 8474
4118 4217 8300
4268 4278 8523
4119 4267 8364
4223 4258 8443
4102 4145 8222
4187 4216 8396
4115 4237 8320
4105 4126 8217
4225 4296 8516
4295 4300 8592
4210 4241 8420
4288 4293 8558
4133 4235 8357
4147 4270 8393
4170 4227 8381
4297 4298 8568
4255 4268 8494
4168 4260 8420
4285 4295 8563
4145 4153 8290
4243 4246 8477
4107 4114 8207
4194 4203 8389
4288 4300 8570
4207 4289 8484
4125 4186 8297
4111 4134 8224
4130 4156 8273
4243 4263 8494
4217 4242 8424
4269 4294 8555
4162 4249 8395
4291 4295 8548
4243 4265 8493
4173 4288 8458
4184 4242 8422
4287 4297 8569
4207 4231 8430
4225 4273 8496
4180 4299 8460
4281 4298 8570
4120 4256 8374
4292 4295 8561
4115 4135 8221
4145 4173 8311
4267 4293 8535
4270 4271 8519
4154 4235 8378
4173 4283 8422
4227 4270 8491
4138 4215 8350
4202 4290 8469
4124 4165 8251
4126 4169 8276
4129 4216 8306
4139 4263 8368
4164 4273 8425
4264 4287 8520
4268 4275 8506
4180 4201 8362
4129 4288 8400
4119 4201 8296
4277 4294 8537
4257 4282 8501
4137 4162 8263
4151 4192 8313
4231 4246 8438
4270 4274 8519
4149 4223 8351
4128 4165 8289
4295 4297 8564
4124 4222 8344
4201 4279 8477
4276 4292 8541
4138 4179 8314
4234 4253 8476
4103 4242 8321
4173 4202 8352
4191 4286 8443
4294 4298 8588
4200 4286 8478
4207 4294 8473
4215 4267 8470
4212 4213 8404
4221 4234 8444
4241 4257 8489
4228 4248 8457
4207 4240 8429
4236 4241 8458
4163 4191 8337
4208 4229 8416
4109 4152 8247
4246 4259 8502
4211 4228 8408
4223 4251 8439
4264 4278 8520
4248 4289 8509
4120 4208 8291
4254 4264 8478
4299 4300 8563
4143 4211 8320
4163 4247 8408
4141 4205 8340
4201 4207 8397
4152 4289 8423
4179 4287 8449
4282 4298 8552
4125 4236 8360
4128 4172 8277
4168 4181 8335
4119 4156 8252
4150 4223 8370
4185 4212 8392
4155 4294 8438
4238 4283 8487

0.010000 0.480000
