1000
2275898
4021 4102 8123
4033 4172 8205
4133 4197 8330
4129 4155 8284
4133 4180 8313
4050 4160 8210
4082 4135 8217
4162 4199 8361
4006 4052 8058
4068 4150 8218
4040 4054 8094
4110 4188 8298
4058 4080 8138
4121 4175 8296
4048 4094 8142
4074 4122 8196
4087 4145 8232
4148 4171 8319
4168 4183 8351
4027 4118 8145
4041 4167 8208
4156 4183 8339
4144 4149 8293
4161 4167 8328
4041 4137 8178
4031 4036 8067
4185 4197 8382
4000 4038 8038
4037 4143 8180
4071 4110 8181
4156 4185 8341
4081 4114 8195
4137 4197 8334
4089 4093 8182
4041 4095 8136
4185 4197 8382
4061 4158 8219
4179 4194 8373
4077 4143 8220
4160 4172 8332
4008 4059 8067
4022 4058 8080
4106 4118 8224
4173 4189 8362
4030 4178 8208
4158 4193 8351
4145 4151 8296
4112 4187 8299
4109 4164 8273
4094 4181 8275
4058 4169 8227
4160 4163 8323
4118 4178 8296
4119 4176 8295
4103 4163 8266
4118 4197 8315
4001 4022 8023
4194 4200 8394
4012 4190 8202
4074 4098 8172
4096 4176 8272
4107 4144 8251
4092 4143 8235
4173 4188 8361
4008 4028 8036
4177 4182 8359
4095 4192 8287
4031 4102 8133
4117 4141 8258
4197 4198 8395
4183 4199 8382
4187 4199 8386
4197 4200 8397
4016 4105 8121
4165 4185 8350
4192 4195 8387
4103 4169 8272
4008 4045 8053
4190 4200 8390
4153 4192 8345
4084 4135 8219
4084 4184 8268
4147 4198 8345
4039 4049 8088
4197 4199 8396
4133 4190 8323
4153 4161 8314
4181 4183 8364
4015 4082 8097
4080 4099 8179
4149 4178 8327
4060 4184 8244
4180 4198 8378
4146 4179 8325
4180 4200 8380
4017 4129 8146
4092 4195 8287
4171 4172 8343
4049 4082 8131
4021 4134 8155
4131 4170 8301
4015 4160 8175
4095 4097 8192
4043 4122 8165
4107 4128 8235
4136 4138 8274
4137 4193 8330
4063 4169 8232
4012 4133 8145
4176 4191 8367
4199 4200 8399
4149 4163 8312
4106 4136 8242
4135 4151 8286
4164 4192 8356
4048 4145 8193
4160 4181 8341
4000 4173 8173
4141 4160 8301
4157 4194 8351
4075 4108 8183
4105 4139 8244
4139 4168 8307
4007 4095 8102
4153 4181 8334
4194 4199 8393
4172 4188 8360
4188 4195 8383
4019 4181 8200
4166 4199 8365
4038 4062 8100
4136 4196 8332
4064 4121 8185
4056 4146 8202
4013 4020 8033
4009 4018 8027
4123 4188 8311
4168 4191 8359
4159 4185 8344
4019 4088 8107
4086 4129 8215
4039 4074 8113
4061 4072 8133
4197 4199 8396
4048 4197 8245
4023 4091 8114
4188 4190 8378
4140 4196 8336
4077 4084 8161
4095 4103 8198
4020 4047 8067
4103 4118 8221
4117 4173 8290
4149 4175 8324
4015 4149 8164
4195 4196 8391
4143 4168 8311
4165 4194 8359
4125 4146 8271
4007 4036 8043
4102 4155 8257
4146 4169 8315
4087 4136 8223
4131 4158 8289
4107 4186 8293
4114 4188 8302
4138 4194 8332
4085 4162 8247
4068 4129 8197
4047 4164 8211
4190 4198 8388
4156 4192 8348
4053 4135 8188
4180 4189 8369
4167 4196 8363
4113 4184 8297
4126 4157 8283
4180 4181 8361
4187 4188 8375
4099 4131 8230
4021 4196 8217
4098 4147 8245
4140 4163 8303
4058 4107 8165
4124 4196 8320
4077 4155 8232
4160 4190 8350
4135 4174 8309
4005 4028 8033
4146 4164 8310
4030 4049 8079
4082 4134 8216
4197 4199 8396
4158 4190 8348
4139 4168 8307
4188 4197 8385
4142 4187 8329
4124 4166 8290
4077 4185 8262
4014 4123 8137
4152 4184 8336
4069 4180 8249
4006 4175 8181
4169 4200 8369
4065 4083 8148
4022 4072 8094
4109 4151 8260
4056 4094 8150
4004 4141 8145
4095 4141 8236
4081 4107 8188
4004 4100 8104
4056 4165 8221
4065 4200 8265
4063 4152 8215
4175 4189 8364
4026 4187 8213
4079 4186 8265
4078 4148 8226
4107 4170 8277
4093 4132 8225
4032 4144 8176
4016 4143 8159
4196 4199 8395
4071 4156 8227
4068 4178 8246
4058 4104 8162
4187 4199 8386
4047 4191 8238
4062 4193 8255
4070 4105 8175
4061 4174 8235
4053 4140 8193
4154 4156 8310
4072 4103 8175
4051 4131 8182
4002 4167 8169
4167 4192 8359
4152 4194 8346
4075 4132 8207
4185 4195 8380
4014 4180 8194
4143 4161 8304
4008 4136 8144
4174 4184 8358
4060 4108 8168
4045 4182 8227
4126 4166 8292
4157 4190 8347
4172 4190 8362
4193 4199 8392
4088 4138 8226
4181 4182 8363
4025 4038 8063
4113 4179 8292
4190 4200 8390
4038 4192 8230
4035 4124 8159
4092 4194 8286
4177 4182 8359
4095 4104 8199
4144 4193 8337
4030 4136 8166
4001 4062 8063
4100 4145 8245
4046 4164 8210
4171 4172 8343
4130 4144 8274
4008 4086 8094
4118 4129 8247
4095 4171 8266
4162 4187 8349
4023 4051 8074
4107 4193 8300
4132 4158 8290
4054 4193 8247
4094 4128 8222
4051 4157 8208
4085 4158 8243
4062 4063 8125
4070 4153 8223
4061 4125 8186
4018 4034 8052
4086 4106 8192
4078 4196 8274
4036 4148 8184
4091 4126 8217
4079 4098 8177
4120 4187 8307
4075 4147 8222
4146 4162 8308
4006 4145 8151
4190 4191 8381
4162 4172 8334
4172 4177 8349
4163 4167 8330
4101 4189 8290
4145 4168 8313
4176 4188 8364
4165 4167 8332
4186 4188 8374
4123 4189 8312
4042 4149 8191
4060 4127 8187
4148 4182 8330
4100 4199 8299
4129 4187 8316
4023 4156 8179
4033 4156 8189
4118 4199 8317
4015 4187 8202
4183 4184 8367
4093 4192 8285
4040 4129 8169
4080 4124 8204
4076 4089 8165
4152 4174 8326
4081 4165 8246
4022 4045 8067
4031 4145 8176
4086 4143 8229
4060 4196 8256
4107 4149 8256
4017 4081 8098
4092 4169 8261
4012 4103 8115
4112 4182 8294
4122 4189 8311
4104 4141 8245
4075 4198 8273
4141 4189 8330
4044 4173 8217
4169 4198 8367
4070 4156 8226
4098 4176 8274
4161 4189 8350
4065 4067 8132
4115 4184 8299
4164 4177 8341
4026 4055 8081
4168 4196 8364
4077 4194 8271
4003 4092 8095
4074 4110 8184
4066 4079 8145
4199 4200 8399
4131 4160 8291
4067 4068 8135
4098 4136 8234
4016 4079 8095
4144 4178 8322
4064 4173 8237
4016 4078 8094
4087 4115 8202
4088 4152 8240
4122 4170 8292
4024 4101 8125
4135 4156 8291
4106 4176 8282
4135 4183 8318
4173 4198 8371
4020 4048 8068
4076 4117 8193
4128 4141 8269
4117 4148 8265
4151 4176 8327
4037 4131 8168
4106 4198 8304
4062 4094 8156
4159 4197 8356
4159 4174 8333
4008 4188 8196
4137 4187 8324
4120 4185 8305
4090 4142 8232
4167 4183 8350
4172 4174 8346
4113 4155 8268
4108 4131 8239
4130 4191 8321
4109 4133 8242
4041 4111 8152
4171 4189 8360
4144 4157 8301
4101 4145 8246
4178 4181 8359
4079 4170 8249
4099 4112 8211
4076 4133 8209
4041 4145 8186
4179 4190 8369
4010 4043 8053
4147 4170 8317
4052 4058 8110
4013 4055 8068
4137 4165 8302
4086 4173 8259
4102 4121 8223
4110 4181 8291
4087 4192 8279
4002 4053 8055
4063 4125 8188
4018 4158 8176
4113 4157 8270
4004 4061 8065
4016 4110 8126
4019 4118 8137
4109 4169 8278
4108 4198 8306
4118 4138 8256
4098 4189 8287
4138 4195 8333
4138 4156 8294
4028 4162 8190
4015 4016 8031
4015 4146 8161
4047 4173 8220
4142 4182 8324
4034 4117 8151
4122 4154 8276
4126 4156 8282
4083 4175 8258
4122 4198 8320
4034 4113 8147
4011 4032 8043
4100 4144 8244
4166 4180 8346
4126 4162 8288
4092 4189 8281
4099 4151 8250
4162 4179 8341
4007 4103 8110
4095 4184 8279
4053 4171 8224
4068 4132 8200
4180 4184 8364
4035 4116 8151
4035 4173 8208
4166 4190 8356
4165 4173 8338
4114 4177 8291
4037 4054 8091
4045 4081 8126
4195 4200 8395
4031 4079 8110
4121 4168 8289
4194 4195 8389
4078 4123 8201
4164 4186 8350
4083 4096 8179
4153 4157 8310
4199 4200 8399
4015 4161 8176
4022 4163 8185
4168 4173 8341
4047 4134 8181
4029 4154 8183
4018 4124 8142
4105 4154 8259
4016 4124 8140
4046 4112 8158
4158 4173 8331
4179 4184 8363
4187 4190 8377
4059 4090 8149
4176 4197 8373
4117 4150 8267
4018 4081 8099
4148 4160 8308
4058 4131 8189
4115 4145 8260
4015 4173 8188
4110 4173 8283
4088 4091 8179
4013 4031 8044
4004 4104 8108
4029 4179 8208
4008 4068 8076
4094 4095 8189
4109 4159 8268
4181 4195 8376
4162 4170 8332
4090 4100 8190
4139 4160 8299
4046 4054 8100
4192 4193 8385
4116 4195 8311
4003 4084 8087
4009 4191 8200
4151 4161 8312
4053 4116 8169
4158 4187 8345
4021 4079 8100
4103 4169 8272
4184 4191 8375
4066 4198 8264
4127 4170 8297
4136 4193 8329
4133 4177 8310
4066 4088 8154
4096 4181 8277
4142 4192 8334
4051 4174 8225
4018 4091 8109
4192 4199 8391
4078 4087 8165
4083 4180 8263
4166 4180 8346
4171 4198 8369
4018 4116 8134
4074 4183 8257
4171 4177 8348
4034 4058 8092
4025 4052 8077
4087 4117 8204
4045 4196 8241
4053 4191 8244
4003 4058 8061
4070 4180 8250
4003 4051 8054
4103 4112 8215
4036 4146 8182
4019 4038 8057
4137 4148 8285
4153 4154 8307
4198 4199 8397
4033 4112 8145
4061 4175 8236
4075 4120 8195
4061 4169 8230
4100 4158 8258
4165 4171 8336
4191 4195 8386
4014 4162 8176
4030 4165 8195
4118 4159 8277
4136 4182 8318
4135 4171 8306
4191 4197 8388
4016 4023 8039
4123 4185 8308
4181 4200 8381
4191 4194 8385
4073 4087 8160
4139 4185 8324
4050 4123 8173
4040 4073 8113
4158 4163 8321
4194 4197 8391
4101 4179 8280
4134 4145 8279
4034 4067 8101
4174 4194 8368
4095 4181 8276
4130 4159 8289
4073 4096 8169
4170 4182 8352
4116 4182 8298
4023 4199 8222
4108 4190 8298
4190 4199 8389
4039 4101 8140
4155 4182 8337
4082 4132 8214
4041 4048 8089
4009 4039 8048
4074 4159 8233
4076 4178 8254
4061 4100 8161
4083 4126 8209
4191 4192 8383
4187 4191 8378
4075 4171 8246
4042 4125 8167
4076 4114 8190
4142 4178 8320
4056 4134 8190
4131 4156 8287
4195 4197 8392
4014 4105 8119
4159 4174 8333
4144 4148 8292
4021 4187 8208
4062 4088 8150
4199 4200 8399
4114 4162 8276
4170 4198 8368
4045 4051 8096
4128 4156 8284
4199 4200 8399
4017 4070 8087
4190 4192 8382
4074 4146 8220
4078 4117 8195
4058 4149 8207
4058 4088 8146
4046 4162 8208
4105 4134 8239
4113 4117 8230
4068 4139 8207
4032 4136 8168
4098 4113 8211
4093 4184 8277
4078 4190 8268
4084 4098 8182
4018 4196 8214
4161 4180 8341
4019 4102 8121
4056 4186 8242
4126 4167 8293
4186 4189 8375
4116 4144 8260
4194 4195 8389
4195 4196 8391
4042 4047 8089
4103 4183 8286
4066 4106 8172
4100 4165 8265
4171 4196 8367
4069 4188 8257
4114 4160 8274
4169 4182 8351
4183 4192 8375
4139 4156 8295
4069 4168 8237
4146 4160 8306
4183 4196 8379
4092 4184 8276
4069 4199 8268
4085 4166 8251
4042 4192 8234
4181 4196 8377
4025 4123 8148
4117 4151 8268
4024 4050 8074
4122 4140 8262
4166 4176 8342
4195 4200 8395
4183 4190 8373
4159 4172 8331
4124 4131 8255
4114 4197 8311
4068 4168 8236
4065 4068 8133
4044 4065 8109
4190 4195 8385
4045 4052 8097
4190 4198 8388
4039 4077 8116
4148 4174 8322
4158 4179 8337
4194 4200 8394
4042 4088 8130
4184 4187 8371
4026 4154 8180
4173 4177 8350
4064 4150 8214
4035 4043 8078
4196 4197 8393
4121 4147 8268
4103 4155 8258
4172 4196 8368
4198 4199 8397
4192 4193 8385
4128 4140 8268
4066 4103 8169
4032 4042 8074
4046 4068 8114
4097 4123 8220
4039 4069 8108
4012 4041 8053
4139 4161 8300
4020 4028 8048
4063 4095 8158
4082 4119 8201
4196 4199 8395
4148 4156 8304
4008 4086 8094
4119 4190 8309
4003 4047 8050
4062 4118 8180
4116 4158 8274
4170 4174 8344
4132 4136 8268
4086 4153 8239
4014 4044 8058
4153 4186 8339
4185 4197 8382
4027 4069 8096
4026 4188 8214
4048 4078 8126
4177 4191 8368
4101 4108 8209
4000 4044 8044
4083 4128 8211
4021 4154 8175
4140 4167 8307
4162 4174 8336
4118 4160 8278
4147 4156 8303
4084 4155 8239
4020 4036 8056
4026 4095 8121
4110 4174 8284
4184 4195 8379
4068 4182 8250
4019 4145 8164
4142 4149 8291
4140 4175 8315
4003 4035 8038
4015 4196 8211
4037 4152 8189
4054 4108 8162
4115 4173 8288
4136 4167 8303
4194 4195 8389
4015 4044 8059
4066 4132 8198
4172 4184 8356
4058 4066 8124
4070 4142 8212
4189 4192 8381
4140 4165 8305
4027 4141 8168
4076 4200 8276
4040 4095 8135
4171 4172 8343
4138 4160 8298
4071 4168 8239
4046 4177 8223
4105 4111 8216
4089 4175 8264
4128 4139 8267
4052 4060 8112
4137 4175 8312
4114 4140 8254
4199 4200 8399
4147 4155 8302
4095 4097 8192
4167 4178 8345
4114 4136 8250
4198 4199 8397
4061 4178 8239
4141 4200 8341
4153 4192 8345
4081 4140 8221
4134 4192 8326
4093 4131 8224
4060 4166 8226
4187 4199 8386
4100 4119 8219
4117 4163 8280
4080 4102 8182
4126 4150 8276
4063 4076 8139
4168 4183 8351
4071 4097 8168
4004 4115 8119
4006 4187 8193
4098 4163 8261
4111 4159 8270
4148 4195 8343
4098 4129 8227
4095 4189 8284
4190 4193 8383
4150 4193 8343
4192 4200 8392
4132 4158 8290
4163 4194 8357
4075 4162 8237
4174 4182 8356
4070 4093 8163
4095 4123 8218
4161 4190 8351
4185 4199 8384
4106 4189 8295
4165 4200 8365
4174 4199 8373
4134 4172 8306
4037 4159 8196
4151 4175 8326
4067 4161 8228
4184 4197 8381
4109 4165 8274
4195 4199 8394
4051 4066 8117
4161 4193 8354
4063 4116 8179
4189 4196 8385
4148 4178 8326
4067 4182 8249
4035 4126 8161
4125 4147 8272
4126 4190 8316
4191 4199 8390
4126 4162 8288
4059 4169 8228
4010 4167 8177
4175 4178 8353
4134 4181 8315
4114 4190 8304
4116 4125 8241
4145 4160 8305
4147 4188 8335
4099 4119 8218
4132 4176 8308
4052 4168 8220
4109 4177 8286
4115 4174 8289
4146 4193 8339
4056 4179 8235
4169 4187 8356
4070 4077 8147
4137 4177 8314
4144 4190 8334
4160 4182 8342
4061 4124 8185
4046 4107 8153
4194 4198 8392
4177 4200 8377
4197 4199 8396
4064 4177 8241
4170 4183 8353
4102 4167 8269
4025 4178 8203
4058 4176 8234
4098 4146 8244
4141 4156 8297
4090 4158 8248
4064 4116 8180
4142 4154 8296
4040 4045 8085
4005 4105 8110
4062 4064 8126
4111 4137 8248
4127 4139 8266
4006 4143 8149
4160 4194 8354
4061 4101 8162
4045 4155 8200
4003 4050 8053
4037 4105 8142
4138 4155 8293
4129 4153 8282
4002 4068 8070
4101 4144 8245
4004 4194 8198
4110 4150 8260
4167 4185 8352
4077 4146 8223
4115 4164 8279
4038 4091 8129
4120 4139 8259
4089 4130 8219
4003 4164 8167
4130 4170 8300
4035 4085 8120
4114 4191 8305
4187 4190 8377
4197 4199 8396
4026 4067 8093
4120 4168 8288
4150 4192 8342
4049 4121 8170
4100 4149 8249
4025 4112 8137
4000 4118 8118
4106 4127 8233
4023 4090 8113
4131 4142 8273
4053 4102 8155
4019 4090 8109
4108 4174 8282
4079 4105 8184
4142 4158 8300
4158 4193 8351
4059 4094 8153
4167 4183 8350
4157 4180 8337
4152 4163 8315
4016 4179 8195
4138 4189 8327
4091 4161 8252
4036 4176 8212
4014 4155 8169
4029 4083 8112
4087 4195 8282
4104 4136 8240
4122 4165 8287
4188 4192 8380
4176 4181 8357
4149 4176 8325
4042 4075 8117
4026 4113 8139
4094 4198 8292
4074 4181 8255
4039 4063 8102
4110 4131 8241
4125 4175 8300
4107 4166 8273
4087 4121 8208
4142 4191 8333
4067 4122 8189
4023 4199 8222
4120 4122 8242
4096 4138 8234
4116 4148 8264
4128 4165 8293
4177 4190 8367
4023 4115 8138
4098 4129 8227
4126 4180 8306
4090 4118 8208
4044 4199 8243
4010 4028 8038
4070 4092 8162
4063 4181 8244
4069 4148 8217
4181 4194 8375
4087 4173 8260
4199 4200 8399
4066 4190 8256
4171 4179 8350
4086 4117 8203
4075 4132 8207
4070 4107 8177
4038 4136 8174
4083 4186 8269
4109 4183 8292
4011 4114 8125
4149 4164 8313
4059 4188 8247
4063 4098 8161
4129 4172 8301
4047 4122 8169
4160 4183 8343
4141 4190 8331
4001 4063 8064
4122 4130 8252
4078 4102 8180
4156 4177 8333
4061 4099 8160
4060 4176 8236
4119 4156 8275
4179 4197 8376
4035 4061 8096
4017 4120 8137
4162 4182 8344
4042 4141 8183
4098 4130 8228
4013 4152 8165
4192 4198 8390
4123 4170 8293
4155 4167 8322
4100 4162 8262
4063 4160 8223
4189 4196 8385
4116 4198 8314
4015 4195 8210
4019 4085 8104
4144 4192 8336
4081 4193 8274
4025 4034 8059
4186 4193 8379
4005 4101 8106
4037 4072 8109
4105 4162 8267
4022 4140 8162
4116 4152 8268
4064 4114 8178
4082 4153 8235
4177 4189 8366
4059 4189 8248
4113 4185 8298
4009 4141 8150
4004 4115 8119
4157 4167 8324
4174 4186 8360
4103 4118 8221
4169 4190 8359
4193 4198 8391
4178 4194 8372
4183 4190 8373
4050 4104 8154
4163 4174 8337
4055 4066 8121
4041 4101 8142
4065 4078 8143
4176 4200 8376
4132 4193 8325
4095 4173 8268
4146 4154 8300
4014 4091 8105
4129 4182 8311
4191 4194 8385
4111 4188 8299
4137 4178 8315
4016 4193 8209
4162 4199 8361
4010 4121 8131

4121 4202 8299
4133 4272 8370
4233 4297 8496
4229 4255 8479
4233 4280 8484
4150 4260 8379
4182 4235 8414
4262 4299 8548
4106 4152 8225
4168 4250 8412
4140 4154 8291
4210 4288 8487
4158 4180 8319
4221 4275 8475
4148 4194 8323
4174 4222 8364
4187 4245 8401
4248 4271 8500
4268 4283 8513
4127 4218 8313
4141 4267 8404
4256 4283 8530
4244 4249 8470
4261 4267 8510
4141 4237 8375
4131 4136 8251
4285 4297 8554
4100 4138 8223
4137 4243 8373
4171 4210 8369
4256 4285 8514
4181 4214 8373
4237 4297 8506
4189 4193 8352
4141 4195 8312
4285 4297 8580
4161 4258 8395
4279 4294 8539
4177 4243 8383
4260 4272 8514
4108 4159 8262
4122 4158 8244
4206 4218 8396
4273 4289 8548
4130 4278 8389
4258 4293 8516
4245 4251 8457
4212 4287 8467
4209 4264 8455
4194 4281 8451
4158 4269 8398
4260 4263 8522
4218 4278 8480
4219 4276 8465
4203 4263 8454
4218 4297 8490
4101 4122 8212
4294 4300 8559
4112 4290 8379
4174 4198 8353
4196 4276 8467
4207 4244 8411
4192 4243 8409
4273 4288 8549
4108 4128 8210
4277 4282 8537
4195 4292 8459
4131 4202 8301
4217 4241 8424
4297 4298 8555
4283 4299 8575
4287 4299 8565
4297 4300 8596
4116 4205 8296
4265 4285 8526
4292 4295 8555
4203 4269 8459
4108 4145 8252
4290 4300 8571
4253 4292 8510
4184 4235 8411
4184 4284 8454
4247 4298 8534
4139 4149 8250
4297 4299 8575
4233 4290 8516
4253 4261 8485
4281 4283 8563
4115 4182 8291
4180 4199 8371
4249 4278 8488
4160 4284 8417
4280 4298 8567
4246 4279 8514
4280 4300 8551
4117 4229 8342
4192 4295 8453
4271 4272 8539
4149 4182 8293
4121 4234 8346
4231 4270 8496
4115 4260 8360
4195 4197 8371
4143 4222 8347
4207 4228 8424
4236 4238 8453
4237 4293 8505
4163 4269 8393
4112 4233 8331
4276 4291 8556
4299 4300 8559
4249 4263 8489
4206 4236 8441
4235 4251 8457
4264 4292 8525
4148 4245 8359
4260 4281 8525
4100 4273 8353
4241 4260 8477
4257 4294 8523
4175 4208 8353
4205 4239 8441
4239 4268 8490
4107 4195 8300
4253 4281 8502
4294 4299 8574
4272 4288 8535
4288 4295 8578
4119 4281 8388
4266 4299 8540
4138 4162 8278
4236 4296 8528
4164 4221 8365
4156 4246 8396
4113 4120 8222
4109 4118 8199
4223 4288 8474
4268 4291 8547
4259 4285 8514
4119 4188 8270
4186 4229 8406
4139 4174 8286
4161 4172 8326
4297 4299 8594
4148 4297 8433
4123 4191 8311
4288 4290 8577
4240 4296 8528
4177 4184 8349
4195 4203 8397
4120 4147 8247
4203 4218 8388
4217 4273 8487
4249 4275 8490
4115 4249 8332
4295 4296 8570
4243 4268 8506
4265 4294 8558
4225 4246 8452
4107 4136 8218
4202 4255 8430
4246 4269 8487
4187 4236 8402
4231 4258 8485
4207 4286 8491
4214 4288 8463
4238 4294 8500
4185 4262 8445
4168 4229 8362
4147 4264 8383
4290 4298 8565
4256 4292 8541
4153 4235 8377
4280 4289 8537
4267 4296 8549
4213 4284 8467
4226 4257 8476
4280 4281 8540
4287 4288 8557
4199 4231 8416
4121 4296 8380
4198 4247 8443
4240 4263 8494
4158 4207 8360
4224 4296 8489
4177 4255 8414
4260 4290 8529
4235 4274 8503
4105 4128 8194
4246 4264 8474
4130 4149 8264
4182 4234 8381
4297 4299 8590
4258 4290 8511
4239 4268 8499
4288 4297 8584
4242 4287 8524
4224 4266 8455
4177 4285 8425
4114 4223 8305
4252 4284 8511
4169 4280 8417
4106 4275 8349
4269 4300 8533
4165 4183 8339
4122 4172 8287
4209 4251 8454
4156 4194 8323
4104 4241 8331
4195 4241 8417
4181 4207 8381
4104 4200 8266
4156 4265 8412
4165 4300 8441
4163 4252 8404
4275 4289 8540
4126 4287 8408
4179 4286 8441
4178 4248 8403
4207 4270 8459
4193 4232 8405
4132 4244 8353
4116 4243 8321
4296 4299 8562
4171 4256 8421
4168 4278 8418
4158 4204 8347
4287 4299 8551
4147 4291 8408
4162 4293 8432
4170 4205 8373
4161 4274 8423
4153 4240 8361
4254 4256 8481
4172 4203 8365
4151 4231 8353
4102 4267 8335
4267 4292 8547
4252 4294 8514
4175 4232 8394
4285 4295 8576
4114 4280 8379
4243 4261 8483
4108 4236 8322
4274 4284 8551
4160 4208 8341
4145 4282 8417
4226 4266 8457
4257 4290 8511
4272 4290 8554
4293 4299 8582
4188 4238 8409
4281 4282 8536
4125 4138 8255
4213 4279 8468
4290 4300 8567
4138 4292 8421
4135 4224 8336
4192 4294 8451
4277 4282 8525
4195 4204 8385
4244 4293 8536
4130 4236 8336
4101 4162 8258
4200 4245 8419
4146 4264 8372
4271 4272 8508
4230 4244 8446
4108 4186 8256
4218 4229 8419
4195 4271 8441
4262 4287 8517
4123 4151 8242
4207 4293 8464
4232 4258 8450
4154 4293 8415
4194 4228 8391
4151 4257 8397
4185 4258 8426
4162 4163 8313
4170 4253 8391
4161 4225 8383
4118 4134 8222
4186 4206 8355
4178 4296 8465
4136 4248 8371
4191 4226 8412
4179 4198 8364
4220 4287 8495
4175 4247 8413
4246 4262 8484
4106 4245 8341
4290 4291 8551
4262 4272 8507
4272 4277 8528
4263 4267 8514
4201 4289 8455
4245 4268 8497
4276 4288 8535
4265 4267 8494
4286 4288 8545
4223 4289 8483
4142 4249 8382
4160 4227 8352
4248 4282 8522
4200 4299 8472
4229 4287 8491
4123 4256 8359
4133 4256 8376
4218 4299 8488
4115 4287 8383
4283 4284 8553
4193 4292 8460
4140 4229 8363
4180 4224 8374
4176 4189 8354
4252 4274 8514
4181 4265 8430
4122 4145 8257
4131 4245 8370
4186 4243 8417
4160 4296 8448
4207 4249 8440
4117 4181 8281
4192 4269 8446
4112 4203 8304
4212 4282 8477
4222 4289 8501
4204 4241 8426
4175 4298 8466
4241 4289 8511
4144 4273 8387
4269 4298 8545
4170 4256 8405
4198 4276 8448
4261 4289 8544
4165 4167 8296
4215 4284 8487
4264 4277 8509
4126 4155 8249
4268 4296 8547
4177 4294 8433
4103 4192 8262
4174 4210 8368
4166 4179 8343
4299 4300 8592
4231 4260 8488
4167 4168 8300
4198 4236 8412
4116 4179 8278
4244 4278 8503
4164 4273 8436
4116 4178 8273
4187 4215 8401
4188 4252 8407
4222 4270 8488
4124 4201 8293
4235 4256 8486
4206 4276 8479
4235 4283 8483
4273 4298 8568
4120 4148 8229
4176 4217 8364
4228 4241 8429
4217 4248 8454
4251 4276 8499
4137 4231 8333
4206 4298 8495
4162 4194 8337
4259 4297 8540
4259 4274 8519
4108 4288 8394
4237 4287 8491
4220 4285 8472
4190 4242 8423
4267 4283 8549
4272 4274 8538
4213 4255 8447
4208 4231 8425
4230 4291 8519
4209 4233 8425
4141 4211 8329
4271 4289 8527
4244 4257 8470
4201 4245 8441
4278 4281 8538
4179 4270 8424
4199 4212 8388
4176 4233 8383
4141 4245 8361
4279 4290 8556
4110 4143 8249
4247 4270 8482
4152 4158 8283
4113 4155 8234
4237 4265 8487
4186 4273 8433
4202 4221 8398
4210 4281 8472
4187 4292 8444
4102 4153 8248
4163 4225 8368
4118 4258 8349
4213 4257 8432
4104 4161 8243
4116 4210 8290
4119 4218 8315
4209 4269 8473
4208 4298 8499
4218 4238 8441
4198 4289 8448
4238 4295 8510
4238 4256 8490
4128 4262 8372
4115 4116 8219
4115 4246 8329
4147 4273 8414
4242 4282 8496
4134 4217 8318
4222 4254 8454
4226 4256 8462
4183 4275 8421
4222 4298 8482
4134 4213 8325
4111 4132 8235
4200 4244 8409
4266 4280 8516
4226 4262 8467
4192 4289 8458
4199 4251 8448
4262 4279 8537
4107 4203 8302
4195 4284 8453
4153 4271 8390
4168 4232 8387
4280 4284 8548
4135 4216 8329
4135 4273 8392
4266 4290 8529
4265 4273 8519
4214 4277 8482
4137 4154 8256
4145 4181 8325
4295 4300 8563
4131 4179 8280
4221 4268 8487
4294 4295 8552
4178 4223 8374
4264 4286 8517
4183 4196 8344
4253 4257 8484
4299 4300 8596
4115 4261 8368
4122 4263 8353
4268 4273 8535
4147 4234 8344
4129 4254 8365
4118 4224 8323
4205 4254 8446
4116 4224 8312
4146 4212 8329
4258 4273 8499
4279 4284 8557
4287 4290 8567
4159 4190 8318
4276 4297 8547
4217 4250 8439
4118 4181 8267
4248 4260 8481
4158 4231 8372
4215 4245 8434
4115 4273 8368
4210 4273 8476
4188 4191 8361
4113 4131 8230
4104 4204 8272
4129 4279 8384
4108 4168 8255
4194 4195 8386
4209 4259 8467
4281 4295 8560
4262 4270 8512
4190 4200 8353
4239 4260 8463
4146 4154 8261
4292 4293 8557
4216 4295 8482
4103 4184 8277
4109 4291 8383
4251 4261 8493
4153 4216 8342
4258 4287 8531
4121 4179 8296
4203 4269 8470
4284 4291 8550
4166 4298 8455
4227 4270 8469
4236 4293 8489
4233 4277 8492
4166 4188 8330
4196 4281 8471
4242 4292 8532
4151 4274 8416
4118 4191 8307
4292 4299 8559
4178 4187 8331
4183 4280 8459
4266 4280 8544
4271 4298 8560
4118 4216 8331
4174 4283 8422
4271 4277 8509
4134 4158 8263
4125 4152 8267
4187 4217 8381
4145 4296 8422
4153 4291 8409
4103 4158 8226
4170 4280 8448
4103 4151 8236
4203 4212 8393
4136 4246 8348
4119 4138 8254
4237 4248 8477
4253 4254 8472
4298 4299 8575
4133 4212 8320
4161 4275 8431
4175 4220 8393
4161 4269 8403
4200 4258 8428
4265 4271 8496
4291 4295 8546
4114 4262 8340
4130 4265 8368
4218 4259 8468
4236 4282 8513
4235 4271 8478
4291 4297 8563
4116 4123 8233
4223 4285 8501
4281 4300 8575
4291 4294 8571
4173 4187 8326
4239 4285 8509
4150 4223 8339
4140 4173 8293
4258 4263 8515
4294 4297 8570
4201 4279 8449
4234 4245 8446
4134 4167 8268
4274 4294 8532
4195 4281 8437
4230 4259 8455
4173 4196 8361
4270 4282 8548
4216 4282 8488
4123 4299 8414
4208 4290 8495
4290 4299 8555
4139 4201 8324
4255 4282 8536
4182 4232 8378
4141 4148 8253
4109 4139 8222
4174 4259 8422
4176 4278 8421
4161 4200 8327
4183 4226 8375
4291 4292 8561
4287 4291 8555
4175 4271 8411
4142 4225 8365
4176 4214 8382
4242 4278 8482
4156 4234 8352
4231 4256 8450
4295 4297 8576
4114 4205 8318
4259 4274 8493
4244 4248 8472
4121 4287 8387
4162 4188 8338
4299 4300 8597
4214 4262 8466
4270 4298 8534
4145 4151 8293
4228 4256 8458
4299 4300 8590
4117 4170 8253
4290 4292 8577
4174 4246 8413
4178 4217 8365
4158 4249 8393
4158 4188 8342
4146 4262 8397
4205 4234 8424
4213 4217 8394
4168 4239 8379
4132 4236 8344
4198 4213 8397
4193 4284 8456
4178 4290 8438
4184 4198 8351
4118 4296 8407
4261 4280 8504
4119 4202 8288
4156 4286 8408
4226 4267 8491
4286 4289 8556
4216 4244 8441
4294 4295 8583
4295 4296 8590
4142 4147 8260
4203 4283 8459
4166 4206 8338
4200 4265 8441
4271 4296 8546
4169 4288 8424
4214 4260 8469
4269 4282 8519
4283 4292 8565
4239 4256 8471
4169 4268 8426
4246 4260 8468
4283 4296 8554
4192 4284 8454
4169 4299 8433
4185 4266 8427
4142 4292 8400
4281 4296 8576
4125 4223 8321
4217 4251 8458
4124 4150 8267
4222 4240 8445
4266 4276 8505
4295 4300 8591
4283 4290 8560
4259 4272 8493
4224 4231 8446
4214 4297 8506
4168 4268 8428
4165 4168 8311
4144 4165 8307
4290 4295 8564
4145 4152 8296
4290 4298 8555
4139 4177 8283
4248 4274 8491
4258 4279 8516
4294 4300 8577
4142 4188 8329
4284 4287 8554
4126 4254 8365
4273 4277 8516
4164 4250 8379
4135 4143 8263
4296 4297 8571
4221 4247 8467
4203 4255 8455
4272 4296 8535
4298 4299 8560
4292 4293 8548
4228 4240 8445
4166 4203 8350
4132 4142 8257
4146 4168 8277
4197 4223 8404
4139 4169 8298
4112 4141 8248
4239 4261 8485
4120 4128 8216
4163 4195 8333
4182 4219 8389
4296 4299 8558
4248 4256 8470
4108 4186 8270
4219 4290 8478
4103 4147 8238
4162 4218 8347
4216 4258 8452
4270 4274 8519
4232 4236 8445
4186 4253 8425
4114 4144 8224
4253 4286 8525
4285 4297 8545
4127 4169 8278
4126 4288 8395
4148 4178 8307
4277 4291 8567
4201 4208 8402
4100 4144 8237
4183 4228 8405
4121 4254 8350
4240 4267 8476
4262 4274 8502
4218 4260 8477
4247 4256 8473
4184 4255 8420
4120 4136 8237
4126 4195 8295
4210 4274 8463
4284 4295 8563
4168 4282 8442
4119 4245 8335
4242 4249 8482
4240 4275 8483
4103 4135 8236
4115 4296 8389
4137 4252 8375
4154 4208 8327
4215 4273 8451
4236 4267 8485
4294 4295 8562
4115 4144 8249
4166 4232 8364
4272 4284 8547
4158 4166 8291
4170 4242 8405
4289 4292 8554
4240 4265 8494
4127 4241 8340
4176 4300 8453
4140 4195 8332
4271 4272 8525
4238 4260 8488
4171 4268 8416
4146 4277 8398
4205 4211 8385
4189 4275 8438
4228 4239 8458
4152 4160 8303
4237 4275 8485
4214 4240 8424
4299 4300 8594
4247 4255 8487
4195 4197 8355
4267 4278 8536
4214 4236 8418
4298 4299 8576
4161 4278 8400
4241 4300 8503
4253 4292 8536
4181 4240 8396
4234 4292 8488
4193 4231 8396
4160 4266 8417
4287 4299 8549
4200 4219 8397
4217 4263 8454
4180 4202 8345
4226 4250 8448
4163 4176 8308
4268 4283 8514
4171 4197 8351
4104 4215 8310
4106 4287 8364
4198 4263 8448
4211 4259 8453
4248 4295 8532
4198 4229 8397
4195 4289 8471
4290 4293 8547
4250 4293 8535
4292 4300 8577
4232 4258 8479
4263 4294 8518
4175 4262 8426
4274 4282 8530
4170 4193 8325
4195 4223 8406
4261 4290 8536
4285 4299 8551
4206 4289 8491
4265 4300 8552
4274 4299 8544
4234 4272 8499
4137 4259 8357
4251 4275 8502
4167 4261 8408
4284 4297 8569
4209 4265 8470
4295 4299 8583
4151 4166 8291
4261 4293 8514
4163 4216 8378
4289 4296 8576
4248 4278 8496
4167 4282 8429
4135 4226 8339
4225 4247 8469
4226 4290 8497
4291 4299 8564
4226 4262 8449
4159 4269 8395
4110 4267 8358
4275 4278 8528
4234 4281 8494
4214 4290 8481
4216 4225 8401
4245 4260 8487
4247 4288 8501
4199 4219 8413
4232 4276 8476
4152 4268 8389
4209 4277 8455
4215 4274 8464
4246 4293 8518
4156 4279 8426
4269 4287 8530
4170 4177 8340
4237 4277 8486
4244 4290 8507
4260 4282 8504
4161 4224 8378
4146 4207 8331
4294 4298 8555
4277 4300 8564
4297 4299 8588
4164 4277 8421
4270 4283 8524
4202 4267 8464
4125 4278 8389
4158 4276 8399
4198 4246 8443
4241 4256 8486
4190 4258 8414
4164 4216 8347
4242 4254 8480
4140 4145 8280
4105 4205 8271
4162 4164 8322
4211 4237 8412
4227 4239 8448
4106 4243 8310
4260 4294 8537
4161 4201 8325
4145 4255 8396
4103 4150 8250
4137 4205 8310
4238 4255 8472
4229 4253 8479
4102 4168 8239
4201 4244 8439
4104 4294 8380
4210 4250 8444
4267 4285 8528
4177 4246 8409
4215 4264 8448
4138 4191 8306
4220 4239 8455
4189 4230 8403
4103 4264 8332
4230 4270 8480
4135 4185 8282
4214 4291 8482
4287 4290 8563
4297 4299 8570
4126 4167 8262
4220 4268 8472
4250 4292 8530
4149 4221 8364
4200 4249 8417
4125 4212 8328
4100 4218 8313
4206 4227 8402
4123 4190 8296
4231 4242 8440
4153 4202 8336
4119 4190 8285
4208 4274 8451
4179 4205 8357
4242 4258 8466
4258 4293 8517
4159 4194 8346
4267 4283 8541
4257 4280 8532
4252 4263 8497
4116 4279 8381
4238 4289 8502
4191 4261 8428
4136 4276 8388
4114 4255 8353
4129 4183 8276
4187 4295 8457
4204 4236 8427
4222 4265 8477
4288 4292 8545
4276 4281 8521
4249 4276 8498
4142 4175 8299
4126 4213 8326
4194 4298 8464
4174 4281 8444
4139 4163 8290
4210 4231 8407
4225 4275 8485
4207 4266 8457
4187 4221 8387
4242 4291 8525
4167 4222 8352
4123 4299 8409
4220 4222 8433
4196 4238 8409
4216 4248 8445
4228 4265 8477
4277 4290 8551
4123 4215 8319
4198 4229 8420
4226 4280 8470
4190 4218 8393
4144 4299 8423
4110 4128 8217
4170 4192 8359
4163 4281 8433
4169 4248 8413
4281 4294 8561
4187 4273 8444
4299 4300 8564
4166 4290 8441
4271 4279 8531
4186 4217 8368
4175 4232 8381
4170 4207 8343
4138 4236 8370
4183 4286 8447
4209 4283 8485
4111 4214 8314
4249 4264 8489
4159 4288 8425
4163 4198 8351
4229 4272 8470
4147 4222 8330
4260 4283 8519
4241 4290 8495
4101 4163 8252
4222 4230 8427
4178 4202 8358
4256 4277 8516
4161 4199 8326
4160 4276 8402
4219 4256 8437
4279 4297 8552
4135 4161 8272
4117 4220 8318
4262 4282 8537
4142 4241 8372
4198 4230 8411
4113 4252 8336
4292 4298 8576
4223 4270 8485
4255 4267 8488
4200 4262 8444
4163 4260 8393
4289 4296 8574
4216 4298 8506
4115 4295 8386
4119 4185 8292
4244 4292 8533
4181 4293 8456
4125 4134 8251
4286 4293 8545
4105 4201 8269
4137 4172 8302
4205 4262 8443
4122 4240 8330
4216 4252 8454
4164 4214 8351
4182 4253 8434
4277 4289 8557
4159 4289 8446
4213 4285 8471
4109 4241 8334
4104 4215 8316
4257 4267 8486
4274 4286 8520
4203 4218 8407
4269 4290 8551
4293 4298 8572
4278 4294 8571
4283 4290 8543
4150 4204 8342
4263 4274 8520
4155 4166 8283
4141 4201 8329
4165 4178 8316
4276 4300 8565
4232 4293 8497
4195 4273 8429
4246 4254 8461
4114 4191 8276
4229 4282 8505
4291 4294 8577
4211 4288 8480
4237 4278 8486
4116 4293 8395
4262 4299 8535
4110 4221 8328

0.010000 0.270000
