300
1671190
4115 4122 8237
4085 4109 8194
4014 4159 8173
4090 4117 8207
4121 4191 8312
4102 4154 8256
4014 4181 8195
4003 4156 8159
4180 4195 8375
4033 4126 8159
4128 4145 8273
4172 4195 8367
4174 4179 8353
4001 4137 8138
4057 4156 8213
4003 4149 8152
4130 4153 8283
4033 4137 8170
4184 4193 8377
4118 4119 8237
4125 4189 8314
4194 4200 8394
4194 4198 8392
4083 4135 8218
4191 4195 8386
4119 4158 8277
4077 4093 8170
4138 4162 8300
4106 4113 8219
4054 4111 8165
4089 4118 8207
4103 4133 8236
4074 4155 8229
4122 4183 8305
4060 4112 8172
4098 4165 8263
4111 4171 8282
4103 4178 8281
4134 4162 8296
4017 4150 8167
4055 4138 8193
4172 4177 8349
4005 4021 8026
4183 4193 8376
4199 4200 8399
4110 4192 8302
4025 4087 8112
4189 4194 8383
4003 4102 8105
4148 4184 8332
4106 4129 8235
4106 4166 8272
4068 4088 8156
4039 4136 8175
4145 4172 8317
4127 4158 8285
4026 4196 8222
4108 4119 8227
4013 4151 8164
4101 4186 8287
4155 4169 8324
4188 4193 8381
4008 4160 8168
4082 4093 8175
4155 4194 8349
4002 4045 8047
4113 4115 8228
4072 4161 8233
4053 4187 8240
4029 4166 8195
4195 4196 8391
4152 4191 8343
4113 4186 8299
4152 4173 8325
4118 4144 8262
4031 4048 8079
4142 4189 8331
4057 4063 8120
4124 4198 8322
4143 4189 8332
4058 4149 8207
4062 4150 8212
4023 4136 8159
4161 4192 8353
4143 4200 8343
4166 4192 8358
4146 4195 8341
4080 4174 8254
4145 4170 8315
4094 4108 8202
4110 4164 8274
4112 4171 8283
4158 4178 8336
4033 4062 8095
4006 4015 8021
4008 4175 8183
4093 4175 8268
4053 4117 8170
4021 4198 8219
4062 4145 8207
4154 4160 8314
4027 4081 8108
4094 4172 8266
4057 4112 8169
4042 4045 8087
4038 4145 8183
4164 4172 8336
4132 4172 8304
4002 4108 8110
4199 4200 8399
4035 4159 8194
4169 4193 8362
4141 4183 8324
4152 4162 8314
4183 4200 8383
4042 4062 8104
4142 4160 8302
4199 4200 8399
4101 4148 8249
4151 4157 8308
4026 4049 8075
4165 4176 8341
4143 4184 8327
4084 4168 8252
4050 4167 8217
4055 4158 8213
4052 4172 8224
4195 4197 8392
4080 4086 8166
4059 4068 8127
4199 4200 8399
4138 4142 8280
4169 4199 8368
4070 4180 8250
4174 4196 8370
4028 4145 8173
4186 4197 8383
4013 4056 8069
4102 4198 8300
4093 4198 8291
4053 4188 8241
4106 4109 8215
4118 4171 8289
4186 4190 8376
4189 4195 8384
4041 4108 8149
4098 4182 8280
4103 4117 8220
4073 4148 8221
4171 4182 8353
4161 4165 8326
4020 4025 8045
4047 4070 8117
4034 4155 8189
4057 4103 8160
4193 4196 8389
4177 4183 8360
4021 4079 8100
4097 4189 8286
4065 4200 8265
4196 4198 8394
4157 4171 8328
4159 4180 8339
4069 4173 8242
4183 4187 8370
4176 4180 8356
4028 4096 8124
4169 4170 8339
4145 4146 8291
4181 4186 8367
4157 4176 8333
4156 4195 8351
4174 4190 8364
4113 4129 8242
4116 4131 8247
4091 4119 8210
4131 4152 8283
4010 4138 8148
4046 4145 8191
4126 4197 8323
4144 4170 8314
4113 4115 8228
4094 4115 8209
4119 4194 8313
4198 4200 8398
4164 4184 8348
4091 4175 8266
4039 4084 8123
4154 4181 8335
4003 4093 8096
4109 4141 8250
4187 4194 8381
4081 4134 8215
4002 4161 8163
4014 4145 8159
4150 4193 8343
4197 4200 8397
4128 4181 8309
4167 4171 8338
4032 4061 8093
4143 4189 8332
4167 4172 8339
4121 4145 8266
4015 4044 8059
4085 4138 8223
4029 4064 8093
4021 4137 8158
4124 4131 8255
4118 4132 8250
4057 4189 8246
4142 4162 8304
4088 4090 8178
4107 4152 8259
4129 4170 8299
4149 4189 8338
4184 4197 8381
4169 4184 8353
4171 4174 8345
4054 4137 8191
4118 4193 8311
4037 4194 8231
4042 4160 8202
4074 4099 8173
4009 4057 8066
4167 4173 8340
4170 4194 8364
4076 4161 8237
4175 4199 8374
4147 4161 8308
4015 4063 8078
4080 4110 8190
4145 4162 8307
4196 4200 8396
4178 4183 8361
4049 4148 8197
4199 4200 8399
4114 4133 8247
4093 4182 8275
4074 4174 8248
4005 4154 8159
4157 4196 8353
4168 4199 8367
4096 4102 8198
4093 4122 8215
4123 4165 8288
4124 4185 8309
4094 4106 8200
4102 4111 8213
4071 4191 8262
4160 4167 8327
4185 4194 8379
4053 4084 8137
4026 4030 8056
4049 4149 8198
4086 4155 8241
4155 4192 8347
4175 4192 8367
4158 4176 8334
4120 4160 8280
4158 4165 8323
4081 4102 8183
4060 4122 8182
4175 4196 8371
4147 4151 8298
4144 4163 8307
4046 4180 8226
4197 4198 8395
4132 4192 8324
4029 4156 8185
4185 4188 8373
4099 4151 8250
4197 4199 8396
4082 4190 8272
4151 4199 8350
4148 4184 8332
4141 4176 8317
4054 4075 8129
4041 4130 8171
4177 4183 8360
4034 4050 8084
4071 4185 8256
4018 4155 8173
4189 4199 8388
4165 4182 8347
4193 4194 8387
4104 4182 8286
4129 4186 8315
4160 4192 8352
4015 4176 8191
4013 4086 8099
4091 4101 8192
4084 4180 8264
4152 4180 8332
4191 4194 8385
4107 4163 8270
4159 4177 8336
4083 4155 8238
4020 4196 8216
4023 4089 8112
4093 4194 8287

4215 4222 8399
4185 4209 8393
4114 4259 8369
4190 4217 8400
4221 4291 8472
4202 4254 8435
4114 4281 8357
4103 4256 8335
4280 4295 8557
4133 4226 8330
4228 4245 8450
4272 4295 8561
4274 4279 8534
4101 4237 8314
4157 4256 8389
4103 4249 8327
4230 4253 8444
4133 4237 8331
4284 4293 8545
4218 4219 8417
4225 4289 8511
4294 4300 8557
4294 4298 8562
4183 4235 8384
4291 4295 8584
4219 4258 8473
4177 4193 8356
4238 4262 8479
4206 4213 8410
4154 4211 8362
4189 4218 8381
4203 4233 8404
4174 4255 8392
4222 4283 8498
4160 4212 8339
4198 4265 8427
4211 4271 8442
4203 4278 8449
4234 4262 8456
4117 4250 8364
4155 4238 8367
4272 4277 8539
4105 4121 8217
4283 4293 8549
4299 4300 8596
4210 4292 8491
4125 4187 8286
4289 4294 8576
4103 4202 8301
4248 4284 8514
4206 4229 8429
4206 4266 8456
4168 4188 8332
4139 4236 8364
4245 4272 8501
4227 4258 8481
4126 4296 8408
4208 4219 8417
4113 4251 8348
4201 4286 8456
4255 4269 8499
4288 4293 8571
4108 4260 8360
4182 4193 8363
4255 4294 8531
4102 4145 8239
4213 4215 8397
4172 4261 8400
4153 4287 8415
4129 4266 8385
4295 4296 8560
4252 4291 8504
4213 4286 8496
4252 4273 8514
4218 4244 8443
4131 4148 8251
4242 4289 8495
4157 4163 8312
4224 4298 8493
4243 4289 8499
4158 4249 8379
4162 4250 8382
4123 4236 8339
4261 4292 8534
4243 4300 8531
4266 4292 8530
4246 4295 8520
4180 4274 8433
4245 4270 8487
4194 4208 8372
4210 4264 8439
4212 4271 8465
4258 4278 8499
4133 4162 8268
4106 4115 8207
4108 4275 8374
4193 4275 8465
4153 4217 8332
4121 4298 8406
4162 4245 8379
4254 4260 8499
4127 4181 8298
4194 4272 8428
4157 4212 8366
4142 4145 8279
4138 4245 8362
4264 4272 8524
4232 4272 8493
4102 4208 8284
4299 4300 8578
4135 4259 8365
4269 4293 8526
4241 4283 8514
4252 4262 8485
4283 4300 8563
4142 4162 8292
4242 4260 8484
4299 4300 8598
4201 4248 8421
4251 4257 8484
4126 4149 8269
4265 4276 8502
4243 4284 8521
4184 4268 8425
4150 4267 8393
4155 4258 8399
4152 4272 8396
4295 4297 8567
4180 4186 8362
4159 4168 8295
4299 4300 8591
4238 4242 8461
4269 4299 8546
4170 4280 8434
4274 4296 8564
4128 4245 8342
4286 4297 8555
4113 4156 8256
4202 4298 8473
4193 4298 8471
4153 4288 8432
4206 4209 8411
4218 4271 8477
4286 4290 8575
4289 4295 8557
4141 4208 8315
4198 4282 8448
4203 4217 8398
4173 4248 8419
4271 4282 8545
4261 4265 8498
4120 4125 8221
4147 4170 8298
4134 4255 8365
4157 4203 8351
4293 4296 8563
4277 4283 8537
4121 4179 8268
4197 4289 8447
4165 4300 8458
4296 4298 8569
4257 4271 8490
4259 4280 8523
4169 4273 8421
4283 4287 8542
4276 4280 8542
4128 4196 8318
4269 4270 8525
4245 4246 8473
4281 4286 8543
4257 4276 8500
4256 4295 8521
4274 4290 8549
4213 4229 8438
4216 4231 8412
4191 4219 8408
4231 4252 8446
4110 4238 8339
4146 4245 8371
4226 4297 8486
4244 4270 8498
4213 4215 8409
4194 4215 8405
4219 4294 8510
4298 4300 8580
4264 4284 8535
4191 4275 8452
4139 4184 8285
4254 4281 8523
4103 4193 8260
4209 4241 8449
4287 4294 8541
4181 4234 8384
4102 4261 8324
4114 4245 8356
4250 4293 8508
4297 4300 8595
4228 4281 8480
4267 4271 8525
4132 4161 8259
4243 4289 8492
4267 4272 8537
4221 4245 8443
4115 4144 8240
4185 4238 8396
4129 4164 8264
4121 4237 8341
4224 4231 8423
4218 4232 8447
4157 4289 8420
4242 4262 8489
4188 4190 8351
4207 4252 8442
4229 4270 8482
4249 4289 8511
4284 4297 8559
4269 4284 8538
4271 4274 8525
4154 4237 8357
4218 4293 8506
4137 4294 8427
4142 4260 8368
4174 4199 8358
4109 4157 8263
4267 4273 8518
4270 4294 8549
4176 4261 8433
4275 4299 8558
4247 4261 8501
4115 4163 8265
4180 4210 8386
4245 4262 8469
4296 4300 8565
4278 4283 8545
4149 4248 8388
4299 4300 8579
4214 4233 8425
4193 4282 8457
4174 4274 8433
4105 4254 8352
4257 4296 8526
4268 4299 8553
4196 4202 8366
4193 4222 8411
4223 4265 8452
4224 4285 8491
4194 4206 8371
4202 4211 8376
4171 4291 8435
4260 4267 8500
4285 4294 8564
4153 4184 8321
4126 4130 8245
4149 4249 8369
4186 4255 8423
4255 4292 8509
4275 4292 8533
4258 4276 8528
4220 4260 8467
4258 4265 8516
4181 4202 8352
4160 4222 8346
4275 4296 8559
4247 4251 8465
4244 4263 8501
4146 4280 8395
4297 4298 8565
4232 4292 8514
4129 4256 8358
4285 4288 8561
4199 4251 8426
4297 4299 8590
4182 4290 8463
4251 4299 8545
4248 4284 8525
4241 4276 8506
4154 4175 8296
4141 4230 8365
4277 4283 8558
4134 4150 8260
4171 4285 8427
4118 4255 8356
4289 4299 8571
4265 4282 8520
4293 4294 8560
4204 4282 8446
4229 4286 8476
4260 4292 8530
4115 4276 8373
4113 4186 8289
4191 4201 8379
4184 4280 8432
4252 4280 8501
4291 4294 8571
4207 4263 8458
4259 4277 8523
4183 4255 8422
4120 4296 8387
4123 4189 8274
4193 4294 8477

0.010000 0.660000
