700
3185991
4077 4133 8210
4118 4188 8306
4168 4186 8354
4104 4113 8217
4038 4041 8079
4087 4141 8228
4093 4144 8237
4003 4021 8024
4182 4198 8380
4041 4146 8187
4070 4168 8238
4068 4080 8148
4032 4100 8132
4079 4179 8258
4053 4168 8221
4003 4137 8140
4192 4200 8392
4044 4106 8150
4197 4199 8396
4163 4166 8329
4077 4091 8168
4198 4200 8398
4023 4193 8216
4107 4143 8250
4038 4187 8225
4027 4146 8173
4190 4200 8390
4186 4195 8381
4058 4166 8224
4150 4171 8321
4144 4189 8333
4015 4165 8180
4100 4133 8233
4051 4102 8153
4184 4195 8379
4144 4145 8289
4133 4176 8309
4090 4125 8215
4177 4186 8363
4020 4029 8049
4011 4112 8123
4025 4027 8052
4077 4089 8166
4171 4196 8367
4122 4169 8291
4014 4081 8095
4158 4186 8344
4140 4148 8288
4114 4198 8312
4163 4192 8355
4107 4128 8235
4071 4091 8162
4025 4138 8163
4170 4190 8360
4039 4123 8162
4188 4193 8381
4049 4171 8220
4092 4118 8210
4030 4101 8131
4012 4144 8156
4196 4199 8395
4020 4076 8096
4145 4177 8322
4023 4075 8098
4110 4184 8294
4146 4196 8342
4011 4143 8154
4150 4199 8349
4123 4170 8293
4037 4131 8168
4100 4193 8293
4019 4134 8153
4154 4193 8347
4161 4174 8335
4061 4082 8143
4013 4118 8131
4194 4198 8392
4186 4190 8376
4044 4193 8237
4193 4196 8389
4179 4198 8377
4023 4039 8062
4025 4135 8160
4053 4167 8220
4135 4197 8332
4187 4197 8384
4186 4189 8375
4079 4199 8278
4002 4194 8196
4159 4185 8344
4108 4188 8296
4022 4154 8176
4031 4181 8212
4021 4192 8213
4106 4111 8217
4183 4200 8383
4116 4183 8299
4009 4176 8185
4154 4178 8332
4147 4188 8335
4160 4180 8340
4081 4176 8257
4077 4144 8221
4135 4172 8307
4067 4095 8162
4039 4170 8209
4062 4178 8240
4101 4110 8211
4038 4113 8151
4172 4191 8363
4182 4186 8368
4049 4154 8203
4004 4102 8106
4112 4193 8305
4031 4053 8084
4167 4198 8365
4008 4134 8142
4119 4190 8309
4063 4105 8168
4059 4192 8251
4009 4015 8024
4118 4180 8298
4055 4169 8224
4001 4178 8179
4018 4069 8087
4127 4141 8268
4003 4040 8043
4102 4172 8274
4006 4131 8137
4042 4149 8191
4004 4008 8012
4023 4063 8086
4091 4180 8271
4044 4140 8184
4196 4200 8396
4057 4066 8123
4022 4045 8067
4149 4192 8341
4040 4172 8212
4033 4059 8092
4103 4107 8210
4084 4105 8189
4180 4182 8362
4077 4117 8194
4149 4172 8321
4142 4157 8299
4091 4112 8203
4066 4161 8227
4108 4147 8255
4080 4188 8268
4110 4194 8304
4120 4131 8251
4029 4189 8218
4184 4194 8378
4023 4090 8113
4068 4191 8259
4071 4080 8151
4091 4159 8250
4013 4136 8149
4109 4124 8233
4180 4187 8367
4067 4158 8225
4137 4197 8334
4065 4129 8194
4062 4163 8225
4128 4129 8257
4145 4157 8302
4184 4188 8372
4098 4130 8228
4129 4185 8314
4140 4169 8309
4177 4197 8374
4069 4155 8224
4147 4192 8339
4151 4188 8339
4028 4129 8157
4118 4123 8241
4017 4028 8045
4095 4100 8195
4073 4198 8271
4123 4182 8305
4052 4102 8154
4168 4199 8367
4007 4193 8200
4000 4100 8100
4061 4163 8224
4052 4106 8158
4104 4143 8247
4100 4121 8221
4106 4177 8283
4047 4125 8172
4011 4172 8183
4045 4102 8147
4102 4160 8262
4153 4166 8319
4129 4160 8289
4175 4176 8351
4172 4178 8350
4053 4170 8223
4069 4075 8144
4088 4120 8208
4181 4195 8376
4193 4200 8393
4166 4185 8351
4144 4165 8309
4119 4144 8263
4174 4180 8354
4071 4187 8258
4126 4179 8305
4193 4197 8390
4051 4099 8150
4106 4185 8291
4173 4185 8358
4133 4134 8267
4179 4198 8377
4144 4195 8339
4000 4185 8185
4110 4177 8287
4199 4200 8399
4060 4122 8182
4010 4158 8168
4034 4159 8193
4121 4170 8291
4137 4174 8311
4059 4138 8197
4049 4175 8224
4069 4188 8257
4001 4065 8066
4095 4172 8267
4087 4107 8194
4047 4076 8123
4175 4200 8375
4096 4158 8254
4095 4120 8215
4120 4186 8306
4032 4090 8122
4063 4130 8193
4138 4158 8296
4002 4118 8120
4054 4123 8177
4134 4199 8333
4158 4180 8338
4085 4113 8198
4117 4153 8270
4169 4196 8365
4154 4171 8325
4162 4182 8344
4106 4110 8216
4158 4171 8329
4017 4150 8167
4143 4179 8322
4049 4192 8241
4001 4042 8043
4053 4085 8138
4187 4199 8386
4190 4200 8390
4188 4199 8387
4006 4030 8036
4157 4179 8336
4198 4200 8398
4086 4119 8205
4163 4190 8353
4127 4172 8299
4087 4098 8185
4170 4177 8347
4153 4160 8313
4088 4108 8196
4038 4171 8209
4155 4187 8342
4114 4124 8238
4121 4142 8263
4040 4144 8184
4150 4177 8327
4184 4185 8369
4111 4127 8238
4027 4185 8212
4056 4161 8217
4123 4180 8303
4130 4146 8276
4182 4186 8368
4177 4189 8366
4191 4194 8385
4149 4195 8344
4086 4182 8268
4001 4037 8038
4105 4116 8221
4070 4170 8240
4195 4199 8394
4009 4184 8193
4092 4180 8272
4103 4129 8232
4139 4169 8308
4068 4138 8206
4159 4171 8330
4062 4192 8254
4069 4071 8140
4038 4102 8140
4058 4091 8149
4025 4134 8159
4049 4193 8242
4180 4199 8379
4097 4182 8279
4189 4198 8387
4046 4072 8118
4022 4194 8216
4072 4110 8182
4096 4190 8286
4084 4153 8237
4035 4042 8077
4087 4153 8240
4173 4181 8354
4011 4152 8163
4075 4096 8171
4032 4107 8139
4167 4179 8346
4116 4123 8239
4129 4168 8297
4016 4118 8134
4161 4184 8345
4024 4129 8153
4178 4187 8365
4051 4077 8128
4189 4195 8384
4006 4177 8183
4056 4154 8210
4179 4188 8367
4091 4194 8285
4064 4193 8257
4036 4069 8105
4074 4171 8245
4139 4192 8331
4024 4104 8128
4058 4189 8247
4013 4160 8173
4165 4171 8336
4167 4196 8363
4046 4179 8225
4108 4133 8241
4129 4133 8262
4071 4152 8223
4135 4142 8277
4104 4151 8255
4146 4187 8333
4146 4192 8338
4042 4171 8213
4133 4168 8301
4135 4179 8314
4051 4112 8163
4107 4120 8227
4177 4200 8377
4021 4132 8153
4196 4200 8396
4030 4119 8149
4083 4123 8206
4174 4191 8365
4047 4049 8096
4099 4122 8221
4199 4200 8399
4022 4048 8070
4105 4158 8263
4115 4125 8240
4153 4199 8352
4031 4171 8202
4060 4116 8176
4101 4139 8240
4192 4198 8390
4114 4124 8238
4180 4187 8367
4094 4102 8196
4174 4184 8358
4112 4176 8288
4069 4184 8253
4119 4181 8300
4069 4164 8233
4177 4179 8356
4059 4093 8152
4088 4189 8277
4108 4191 8299
4077 4158 8235
4034 4083 8117
4109 4139 8248
4091 4183 8274
4016 4038 8054
4047 4105 8152
4111 4168 8279
4148 4187 8335
4011 4126 8137
4111 4168 8279
4101 4164 8265
4067 4129 8196
4199 4200 8399
4167 4192 8359
4068 4090 8158
4039 4081 8120
4116 4177 8293
4148 4158 8306
4189 4196 8385
4009 4116 8125
4003 4022 8025
4148 4165 8313
4053 4191 8244
4172 4184 8356
4176 4197 8373
4093 4112 8205
4138 4155 8293
4086 4118 8204
4195 4197 8392
4133 4159 8292
4091 4124 8215
4095 4192 8287
4104 4107 8211
4073 4094 8167
4112 4184 8296
4168 4192 8360
4012 4191 8203
4098 4168 8266
4011 4092 8103
4126 4187 8313
4034 4143 8177
4046 4162 8208
4030 4112 8142
4007 4105 8112
4039 4045 8084
4011 4017 8028
4103 4122 8225
4132 4186 8318
4098 4199 8297
4049 4096 8145
4121 4132 8253
4176 4182 8358
4032 4125 8157
4080 4196 8276
4116 4185 8301
4064 4173 8237
4030 4039 8069
4120 4191 8311
4175 4189 8364
4132 4148 8280
4167 4186 8353
4104 4198 8302
4084 4184 8268
4156 4174 8330
4112 4116 8228
4114 4131 8245
4115 4167 8282
4159 4164 8323
4017 4127 8144
4181 4183 8364
4131 4167 8298
4025 4047 8072
4101 4108 8209
4027 4064 8091
4150 4170 8320
4019 4175 8194
4125 4182 8307
4044 4094 8138
4036 4130 8166
4024 4165 8189
4034 4182 8216
4019 4184 8203
4034 4111 8145
4045 4197 8242
4178 4200 8378
4000 4077 8077
4195 4200 8395
4168 4175 8343
4076 4151 8227
4197 4198 8395
4007 4146 8153
4125 4184 8309
4061 4111 8172
4190 4194 8384
4170 4177 8347
4181 4191 8372
4117 4137 8254
4027 4178 8205
4016 4058 8074
4088 4143 8231
4069 4198 8267
4048 4070 8118
4119 4125 8244
4109 4173 8282
4188 4199 8387
4166 4184 8350
4085 4176 8261
4039 4140 8179
4146 4170 8316
4027 4047 8074
4162 4196 8358
4131 4193 8324
4067 4174 8241
4049 4063 8112
4152 4173 8325
4112 4166 8278
4047 4116 8163
4051 4094 8145
4106 4189 8295
4126 4199 8325
4065 4175 8240
4101 4160 8261
4138 4149 8287
4058 4198 8256
4086 4176 8262
4052 4193 8245
4103 4116 8219
4177 4193 8370
4192 4200 8392
4084 4193 8277
4005 4085 8090
4051 4163 8214
4114 4148 8262
4161 4178 8339
4167 4196 8363
4130 4168 8298
4022 4032 8054
4009 4010 8019
4186 4191 8377
4116 4132 8248
4157 4184 8341
4032 4119 8151
4123 4125 8248
4157 4174 8331
4093 4127 8220
4059 4136 8195
4099 4127 8226
4113 4160 8273
4186 4193 8379
4122 4133 8255
4112 4177 8289
4105 4152 8257
4037 4047 8084
4008 4125 8133
4136 4159 8295
4195 4200 8395
4049 4099 8148
4077 4157 8234
4009 4083 8092
4047 4158 8205
4055 4162 8217
4094 4181 8275
4004 4103 8107
4088 4198 8286
4000 4063 8063
4171 4183 8354
4042 4112 8154
4136 4175 8311
4019 4095 8114
4130 4180 8310
4134 4188 8322
4032 4075 8107
4054 4183 8237
4082 4140 8222
4101 4134 8235
4134 4197 8331
4129 4155 8284
4075 4178 8253
4091 4193 8284
4056 4180 8236
4144 4187 8331
4084 4184 8268
4159 4187 8346
4192 4200 8392
4049 4150 8199
4093 4180 8273
4160 4195 8355
4113 4189 8302
4094 4186 8280
4159 4170 8329
4065 4197 8262
4017 4081 8098
4021 4128 8149
4192 4199 8391
4123 4185 8308
4079 4105 8184
4141 4142 8283
4140 4176 8316
4161 4193 8354
4160 4164 8324
4147 4196 8343
4137 4162 8299
4105 4120 8225
4116 4153 8269
4133 4168 8301
4114 4150 8264
4129 4189 8318
4015 4032 8047
4078 4094 8172
4046 4117 8163
4071 4145 8216
4189 4194 8383
4139 4191 8330
4194 4200 8394
4197 4199 8396
4173 4196 8369
4148 4169 8317
4197 4199 8396
4068 4190 8258
4122 4194 8316
4006 4183 8189
4178 4183 8361
4023 4083 8106
4102 4188 8290
4015 4053 8068
4147 4174 8321
4106 4147 8253
4144 4156 8300
4027 4039 8066
4180 4198 8378
4148 4166 8314
4128 4182 8310
4095 4123 8218
4071 4160 8231
4035 4143 8178
4137 4180 8317
4163 4197 8360
4015 4114 8129
4079 4157 8236
4078 4181 8259
4028 4135 8163
4127 4145 8272
4048 4051 8099
4072 4170 8242
4194 4199 8393
4019 4083 8102
4059 4138 8197
4015 4094 8109
4030 4153 8183
4127 4174 8301
4042 4153 8195
4112 4169 8281
4168 4179 8347
4127 4200 8327
4011 4197 8208
4174 4199 8373
4087 4166 8253
4031 4060 8091
4123 4187 8310
4076 4105 8181
4114 4170 8284
4053 4095 8148
4043 4100 8143
4058 4166 8224
4006 4182 8188
4003 4083 8086
4155 4164 8319
4101 4158 8259
4111 4183 8294
4090 4195 8285
4038 4186 8224
4125 4181 8306
4156 4182 8338
4068 4172 8240
4054 4160 8214
4034 4191 8225
4165 4174 8339
4048 4122 8170
4121 4180 8301
4182 4187 8369
4048 4088 8136
4020 4132 8152
4163 4199 8362
4177 4187 8364
4068 4152 8220
4086 4165 8251
4172 4188 8360
4033 4087 8120
4108 4189 8297
4075 4170 8245
4141 4192 8333
4009 4073 8082
4160 4164 8324
4068 4145 8213
4126 4182 8308
4156 4157 8313
4072 4169 8241
4174 4183 8357
4027 4138 8165
4058 4107 8165
4018 4080 8098
4154 4196 8350
4072 4117 8189
4114 4178 8292
4188 4193 8381
4021 4163 8184
4153 4186 8339
4113 4132 8245
4117 4154 8271
4080 4128 8208
4070 4158 8228
4026 4073 8099
4073 4081 8154
4083 4103 8186
4071 4168 8239
4087 4131 8218
4099 4200 8299
4046 4150 8196
4028 4084 8112
4031 4157 8188
4031 4105 8136
4080 4142 8222

4177 4233 8390
4218 4288 8485
4268 4286 8537
4204 4213 8377
4138 4141 8240
4187 4241 8409
4193 4244 8427
4103 4121 8190
4282 4298 8541
4141 4246 8355
4170 4268 8400
4168 4180 8337
4132 4200 8328
4179 4279 8426
4153 4268 8382
4103 4237 8304
4292 4300 8575
4144 4206 8332
4297 4299 8572
4263 4266 8514
4177 4191 8333
4298 4300 8584
4123 4293 8409
4207 4243 8442
4138 4287 8419
4127 4246 8363
4290 4300 8586
4286 4295 8542
4158 4266 8402
4250 4271 8491
4244 4289 8504
4115 4265 8367
4200 4233 8428
4151 4202 8329
4284 4295 8577
4244 4245 8467
4233 4276 8500
4190 4225 8376
4277 4286 8525
4120 4129 8231
4111 4212 8321
4125 4127 8249
4177 4189 8363
4271 4296 8531
4222 4269 8460
4114 4181 8279
4258 4286 8531
4240 4248 8458
4214 4298 8490
4263 4292 8554
4207 4228 8423
4171 4191 8346
4125 4238 8329
4270 4290 8525
4139 4223 8354
4288 4293 8568
4149 4271 8401
4192 4218 8376
4130 4201 8325
4112 4244 8319
4296 4299 8578
4120 4176 8287
4245 4277 8506
4123 4175 8282
4210 4284 8493
4246 4296 8519
4111 4243 8322
4250 4299 8515
4223 4270 8457
4137 4231 8348
4200 4293 8476
4119 4234 8336
4254 4293 8528
4261 4274 8532
4161 4182 8307
4113 4218 8323
4294 4298 8587
4286 4290 8554
4144 4293 8406
4293 4296 8565
4279 4298 8573
4123 4139 8227
4125 4235 8325
4153 4267 8386
4235 4297 8508
4287 4297 8572
4286 4289 8560
4179 4299 8448
4102 4294 8358
4259 4285 8536
4208 4288 8486
4122 4254 8351
4131 4281 8386
4121 4292 8381
4206 4211 8400
4283 4300 8577
4216 4283 8472
4109 4276 8355
4254 4278 8522
4247 4288 8501
4260 4280 8538
4181 4276 8441
4177 4244 8401
4235 4272 8467
4167 4195 8328
4139 4270 8403
4162 4278 8406
4201 4210 8408
4138 4213 8317
4272 4291 8540
4282 4286 8559
4149 4254 8372
4104 4202 8302
4212 4293 8473
4131 4153 8276
4267 4298 8555
4108 4234 8326
4219 4290 8508
4163 4205 8331
4159 4292 8439
4109 4115 8189
4218 4280 8476
4155 4269 8422
4101 4278 8349
4118 4169 8284
4227 4241 8452
4103 4140 8227
4202 4272 8447
4106 4231 8329
4142 4249 8381
4104 4108 8207
4123 4163 8252
4191 4280 8468
4144 4240 8368
4296 4300 8567
4157 4166 8304
4122 4145 8241
4249 4292 8531
4140 4272 8390
4133 4159 8258
4203 4207 8371
4184 4205 8356
4280 4282 8522
4177 4217 8384
4249 4272 8484
4242 4257 8468
4191 4212 8381
4166 4261 8420
4208 4247 8427
4180 4288 8465
4210 4294 8468
4220 4231 8427
4129 4289 8393
4284 4294 8577
4123 4190 8297
4168 4291 8441
4171 4180 8326
4191 4259 8415
4113 4236 8343
4209 4224 8405
4280 4287 8527
4167 4258 8390
4237 4297 8523
4165 4229 8381
4162 4263 8399
4228 4229 8441
4245 4257 8488
4284 4288 8556
4198 4230 8402
4229 4285 8508
4240 4269 8507
4277 4297 8568
4169 4255 8413
4247 4292 8526
4251 4288 8514
4128 4229 8326
4218 4223 8425
4117 4128 8242
4195 4200 8382
4173 4298 8448
4223 4282 8490
4152 4202 8345
4268 4299 8528
4107 4293 8391
4100 4200 8296
4161 4263 8403
4152 4206 8338
4204 4243 8445
4200 4221 8386
4206 4277 8458
4147 4225 8357
4111 4272 8364
4145 4202 8310
4202 4260 8439
4253 4266 8489
4229 4260 8464
4275 4276 8539
4272 4278 8538
4153 4270 8394
4169 4175 8337
4188 4220 8402
4281 4295 8550
4293 4300 8588
4266 4285 8529
4244 4265 8496
4219 4244 8429
4274 4280 8543
4171 4287 8420
4226 4279 8484
4293 4297 8553
4151 4199 8324
4206 4285 8486
4273 4285 8556
4233 4234 8448
4279 4298 8563
4244 4295 8527
4100 4285 8355
4210 4277 8459
4299 4300 8592
4160 4222 8378
4110 4258 8344
4134 4259 8354
4221 4270 8484
4237 4274 8502
4159 4238 8396
4149 4275 8387
4169 4288 8429
4101 4165 8252
4195 4272 8450
4187 4207 8367
4147 4176 8296
4275 4300 8551
4196 4258 8439
4195 4220 8391
4220 4286 8470
4132 4190 8305
4163 4230 8374
4238 4258 8479
4102 4218 8287
4154 4223 8361
4234 4299 8497
4258 4280 8535
4185 4213 8390
4217 4253 8451
4269 4296 8546
4254 4271 8520
4262 4282 8521
4206 4210 8395
4258 4271 8511
4117 4250 8365
4243 4279 8499
4149 4292 8437
4101 4142 8208
4153 4185 8304
4287 4299 8584
4290 4300 8560
4288 4299 8561
4106 4130 8200
4257 4279 8532
4298 4300 8584
4186 4219 8393
4263 4290 8542
4227 4272 8464
4187 4198 8347
4270 4277 8531
4253 4260 8492
4188 4208 8359
4138 4271 8405
4255 4287 8505
4214 4224 8413
4221 4242 8461
4140 4244 8351
4250 4277 8507
4284 4285 8549
4211 4227 8402
4127 4285 8377
4156 4261 8410
4223 4280 8484
4230 4246 8464
4282 4286 8528
4277 4289 8533
4291 4294 8568
4249 4295 8521
4186 4282 8458
4101 4137 8215
4205 4216 8385
4170 4270 8427
4295 4299 8580
4109 4284 8383
4192 4280 8434
4203 4229 8409
4239 4269 8480
4168 4238 8369
4259 4271 8509
4162 4292 8444
4169 4171 8329
4138 4202 8307
4158 4191 8333
4125 4234 8348
4149 4293 8430
4280 4299 8567
4197 4282 8453
4289 4298 8580
4146 4172 8281
4122 4294 8409
4172 4210 8347
4196 4290 8454
4184 4253 8416
4135 4142 8263
4187 4253 8419
4273 4281 8526
4111 4252 8360
4175 4196 8348
4132 4207 8336
4267 4279 8531
4216 4223 8402
4229 4268 8472
4116 4218 8307
4261 4284 8514
4124 4229 8330
4278 4287 8557
4151 4177 8292
4289 4295 8581
4106 4277 8346
4156 4254 8389
4279 4288 8552
4191 4294 8464
4164 4293 8449
4136 4169 8269
4174 4271 8428
4239 4292 8514
4124 4204 8294
4158 4289 8416
4113 4260 8351
4265 4271 8514
4267 4296 8558
4146 4279 8392
4208 4233 8420
4229 4233 8439
4171 4252 8411
4235 4242 8463
4204 4251 8439
4246 4287 8518
4246 4292 8519
4142 4271 8380
4233 4268 8477
4235 4279 8499
4151 4212 8325
4207 4220 8397
4277 4300 8557
4121 4232 8323
4296 4300 8585
4130 4219 8326
4183 4223 8402
4274 4291 8531
4147 4149 8284
4199 4222 8416
4299 4300 8559
4122 4148 8259
4205 4258 8456
4215 4225 8417
4253 4299 8520
4131 4271 8375
4160 4216 8358
4201 4239 8424
4292 4298 8564
4214 4224 8416
4280 4287 8561
4194 4202 8387
4274 4284 8545
4212 4276 8455
4169 4284 8415
4219 4281 8490
4169 4264 8432
4277 4279 8535
4159 4193 8335
4188 4289 8470
4208 4291 8489
4177 4258 8420
4134 4183 8279
4209 4239 8413
4191 4283 8466
4116 4138 8215
4147 4205 8321
4211 4268 8458
4248 4287 8511
4111 4226 8329
4211 4268 8443
4201 4264 8464
4167 4229 8359
4299 4300 8580
4267 4292 8532
4168 4190 8347
4139 4181 8310
4216 4277 8465
4248 4258 8492
4289 4296 8556
4109 4216 8322
4103 4122 8194
4248 4265 8482
4153 4291 8442
4272 4284 8525
4276 4297 8555
4193 4212 8383
4238 4255 8480
4186 4218 8387
4295 4297 8569
4233 4259 8486
4191 4224 8392
4195 4292 8478
4204 4207 8402
4173 4194 8345
4212 4284 8494
4268 4292 8543
4112 4291 8377
4198 4268 8451
4111 4192 8279
4226 4287 8478
4134 4243 8360
4146 4262 8402
4130 4212 8332
4107 4205 8306
4139 4145 8251
4111 4117 8222
4203 4222 8389
4232 4286 8496
4198 4299 8460
4149 4196 8314
4221 4232 8414
4276 4282 8551
4132 4225 8323
4180 4296 8474
4216 4285 8463
4164 4273 8429
4130 4139 8262
4220 4291 8479
4275 4289 8550
4232 4248 8454
4267 4286 8541
4204 4298 8483
4184 4284 8455
4256 4274 8527
4212 4216 8418
4214 4231 8407
4215 4267 8473
4259 4264 8491
4117 4227 8336
4281 4283 8552
4231 4267 8490
4125 4147 8255
4201 4208 8374
4127 4164 8265
4250 4270 8507
4119 4275 8370
4225 4282 8492
4144 4194 8324
4136 4230 8337
4124 4265 8376
4134 4282 8401
4119 4284 8377
4134 4211 8344
4145 4297 8422
4278 4300 8558
4100 4177 8243
4295 4300 8562
4268 4275 8531
4176 4251 8418
4297 4298 8567
4107 4246 8335
4225 4284 8488
4161 4211 8369
4290 4294 8559
4270 4277 8507
4281 4291 8562
4217 4237 8443
4127 4278 8386
4116 4158 8237
4188 4243 8399
4169 4298 8465
4148 4170 8291
4219 4225 8430
4209 4273 8462
4288 4299 8561
4266 4284 8534
4185 4276 8450
4139 4240 8341
4246 4270 8477
4127 4147 8266
4262 4296 8542
4231 4293 8485
4167 4274 8433
4149 4163 8293
4252 4273 8501
4212 4266 8468
4147 4216 8359
4151 4194 8342
4206 4289 8482
4226 4299 8495
4165 4275 8421
4201 4260 8459
4238 4249 8467
4158 4298 8449
4186 4276 8450
4152 4293 8438
4203 4216 8411
4277 4293 8556
4292 4300 8564
4184 4293 8463
4105 4185 8273
4151 4263 8398
4214 4248 8436
4261 4278 8523
4267 4296 8529
4230 4268 8464
4122 4132 8247
4109 4110 8192
4286 4291 8540
4216 4232 8426
4257 4284 8518
4132 4219 8316
4223 4225 8418
4257 4274 8507
4193 4227 8401
4159 4236 8368
4199 4227 8417
4213 4260 8460
4286 4293 8557
4222 4233 8451
4212 4277 8486
4205 4252 8423
4137 4147 8258
4108 4225 8331
4236 4259 8469
4295 4300 8567
4149 4199 8330
4177 4257 8410
4109 4183 8285
4147 4258 8381
4155 4262 8411
4194 4281 8458
4104 4203 8274
4188 4298 8466
4100 4163 8246
4271 4283 8514
4142 4212 8324
4236 4275 8505
4119 4195 8308
4230 4280 8487
4234 4288 8482
4132 4175 8279
4154 4283 8422
4182 4240 8385
4201 4234 8400
4234 4297 8530
4229 4255 8479
4175 4278 8435
4191 4293 8469
4156 4280 8405
4244 4287 8494
4184 4284 8437
4259 4287 8520
4292 4300 8583
4149 4250 8388
4193 4280 8455
4260 4295 8549
4213 4289 8478
4194 4286 8468
4259 4270 8497
4165 4297 8460
4117 4181 8283
4121 4228 8328
4292 4299 8561
4223 4285 8488
4179 4205 8379
4241 4242 8449
4240 4276 8512
4261 4293 8551
4260 4264 8491
4247 4296 8513
4237 4262 8466
4205 4220 8418
4216 4253 8460
4233 4268 8497
4214 4250 8445
4229 4289 8486
4115 4132 8208
4178 4194 8368
4146 4217 8335
4171 4245 8406
4289 4294 8566
4239 4291 8509
4294 4300 8580
4297 4299 8585
4273 4296 8551
4248 4269 8491
4297 4299 8565
4168 4290 8437
4222 4294 8484
4106 4283 8373
4278 4283 8547
4123 4183 8275
4202 4288 8462
4115 4153 8258
4247 4274 8489
4206 4247 8422
4244 4256 8495
4127 4139 8239
4280 4298 8566
4248 4266 8506
4228 4282 8483
4195 4223 8385
4171 4260 8425
4135 4243 8374
4237 4280 8479
4263 4297 8559
4115 4214 8301
4179 4257 8402
4178 4281 8455
4128 4235 8328
4227 4245 8455
4148 4151 8266
4172 4270 8438
4294 4299 8586
4119 4183 8294
4159 4238 8390
4115 4194 8284
4130 4253 8349
4227 4274 8485
4142 4253 8393
4212 4269 8445
4268 4279 8520
4227 4300 8521
4111 4297 8388
4274 4299 8572
4187 4266 8414
4131 4160 8271
4223 4287 8508
4176 4205 8352
4214 4270 8478
4153 4195 8321
4143 4200 8337
4158 4266 8408
4106 4282 8376
4103 4183 8280
4255 4264 8500
4201 4258 8441
4211 4283 8481
4190 4295 8468
4138 4286 8388
4225 4281 8498
4256 4282 8506
4168 4272 8421
4154 4260 8381
4134 4291 8403
4265 4274 8538
4148 4222 8368
4221 4280 8466
4282 4287 8566
4148 4188 8325
4120 4232 8319
4263 4299 8528
4277 4287 8561
4168 4252 8392
4186 4265 8434
4272 4288 8541
4133 4187 8287
4208 4289 8460
4175 4270 8443
4241 4292 8503
4109 4173 8262
4260 4264 8512
4168 4245 8385
4226 4282 8489
4256 4257 8504
4172 4269 8430
4274 4283 8543
4127 4238 8353
4158 4207 8352
4118 4180 8290
4254 4296 8519
4172 4217 8358
4214 4278 8473
4288 4293 8580
4121 4263 8362
4253 4286 8509
4213 4232 8433
4217 4254 8442
4180 4228 8378
4170 4258 8422
4126 4173 8291
4173 4181 8334
4183 4203 8361
4171 4268 8421
4187 4231 8390
4199 4300 8466
4146 4250 8364
4128 4184 8291
4131 4257 8365
4131 4205 8306
4180 4242 8413

0.010000 0.540000
