700
4010045
4097 4176 8273
4042 4043 8085
4148 4159 8307
4007 4191 8198
4011 4093 8104
4124 4191 8315
4096 4136 8232
4160 4164 8324
4119 4152 8271
4098 4132 8230
4166 4196 8362
4076 4182 8258
4070 4071 8141
4096 4111 8207
4129 4167 8296
4119 4143 8262
4163 4171 8334
4012 4055 8067
4007 4182 8189
4187 4198 8385
4054 4184 8238
4137 4159 8296
4158 4177 8335
4074 4161 8235
4055 4078 8133
4039 4061 8100
4132 4183 8315
4050 4056 8106
4023 4133 8156
4009 4051 8060
4171 4197 8368
4081 4157 8238
4035 4068 8103
4151 4198 8349
4179 4195 8374
4042 4063 8105
4178 4191 8369
4004 4056 8060
4082 4158 8240
4119 4157 8276
4097 4137 8234
4171 4192 8363
4081 4097 8178
4126 4149 8275
4195 4196 8391
4078 4128 8206
4152 4160 8312
4105 4163 8268
4150 4190 8340
4088 4092 8180
4004 4155 8159
4065 4103 8168
4011 4094 8105
4100 4137 8237
4167 4176 8343
4099 4149 8248
4029 4030 8059
4021 4158 8179
4152 4158 8310
4055 4056 8111
4149 4199 8348
4072 4104 8176
4084 4194 8278
4085 4162 8247
4005 4066 8071
4055 4126 8181
4101 4152 8253
4097 4137 8234
4091 4182 8273
4007 4086 8093
4065 4168 8233
4120 4180 8300
4184 4192 8376
4068 4182 8250
4157 4162 8319
4195 4198 8393
4169 4188 8357
4044 4115 8159
4018 4064 8082
4116 4187 8303
4116 4170 8286
4154 4165 8319
4120 4180 8300
4015 4121 8136
4022 4132 8154
4180 4199 8379
4058 4150 8208
4051 4170 8221
4116 4124 8240
4047 4071 8118
4034 4051 8085
4146 4196 8342
4112 4155 8267
4010 4036 8046
4005 4074 8079
4165 4194 8359
4166 4199 8365
4001 4169 8170
4001 4083 8084
4012 4071 8083
4151 4165 8316
4019 4138 8157
4062 4178 8240
4036 4078 8114
4093 4190 8283
4030 4135 8165
4002 4041 8043
4058 4194 8252
4063 4154 8217
4113 4167 8280
4017 4025 8042
4136 4178 8314
4030 4192 8222
4122 4177 8299
4091 4200 8291
4061 4109 8170
4136 4188 8324
4138 4167 8305
4135 4145 8280
4162 4192 8354
4053 4084 8137
4078 4173 8251
4080 4105 8185
4035 4122 8157
4151 4157 8308
4032 4134 8166
4063 4140 8203
4083 4091 8174
4063 4087 8150
4102 4139 8241
4097 4177 8274
4195 4197 8392
4189 4195 8384
4073 4129 8202
4105 4184 8289
4164 4182 8346
4087 4161 8248
4032 4066 8098
4048 4078 8126
4067 4151 8218
4013 4145 8158
4086 4148 8234
4083 4110 8193
4005 4099 8104
4083 4129 8212
4074 4075 8149
4077 4173 8250
4068 4170 8238
4136 4157 8293
4149 4167 8316
4150 4178 8328
4192 4195 8387
4030 4121 8151
4138 4150 8288
4123 4172 8295
4042 4106 8148
4171 4189 8360
4066 4118 8184
4064 4112 8176
4189 4196 8385
4062 4167 8229
4069 4133 8202
4163 4177 8340
4166 4199 8365
4173 4199 8372
4120 4136 8256
4129 4183 8312
4055 4074 8129
4182 4197 8379
4051 4112 8163
4126 4161 8287
4110 4121 8231
4060 4076 8136
4178 4188 8366
4096 4124 8220
4051 4197 8248
4116 4184 8300
4015 4129 8144
4005 4042 8047
4074 4194 8268
4047 4086 8133
4038 4143 8181
4062 4066 8128
4054 4169 8223
4025 4194 8219
4114 4199 8313
4091 4109 8200
4127 4128 8255
4147 4157 8304
4183 4196 8379
4128 4139 8267
4061 4121 8182
4117 4160 8277
4079 4117 8196
4104 4145 8249
4181 4184 8365
4112 4132 8244
4193 4199 8392
4056 4162 8218
4188 4196 8384
4115 4185 8300
4190 4192 8382
4094 4199 8293
4187 4188 8375
4083 4139 8222
4158 4196 8354
4050 4061 8111
4162 4177 8339
4159 4178 8337
4028 4102 8130
4093 4102 8195
4024 4183 8207
4156 4170 8326
4013 4083 8096
4049 4111 8160
4090 4180 8270
4133 4182 8315
4199 4200 8399
4104 4170 8274
4162 4189 8351
4159 4172 8331
4175 4190 8365
4153 4162 8315
4098 4193 8291
4100 4166 8266
4044 4186 8230
4055 4146 8201
4177 4182 8359
4045 4055 8100
4139 4149 8288
4012 4195 8207
4197 4198 8395
4077 4133 8210
4122 4136 8258
4038 4050 8088
4170 4184 8354
4194 4198 8392
4169 4172 8341
4080 4170 8250
4019 4124 8143
4126 4149 8275
4118 4171 8289
4187 4196 8383
4038 4105 8143
4023 4084 8107
4161 4169 8330
4125 4127 8252
4093 4181 8274
4139 4143 8282
4144 4188 8332
4114 4165 8279
4019 4118 8137
4055 4144 8199
4180 4185 8365
4113 4178 8291
4156 4175 8331
4002 4138 8140
4035 4093 8128
4042 4069 8111
4024 4056 8080
4020 4195 8215
4055 4058 8113
4038 4146 8184
4041 4117 8158
4140 4149 8289
4151 4153 8304
4039 4076 8115
4171 4180 8351
4178 4193 8371
4012 4094 8106
4033 4139 8172
4188 4199 8387
4089 4129 8218
4096 4136 8232
4096 4191 8287
4077 4188 8265
4048 4195 8243
4187 4193 8380
4123 4126 8249
4088 4108 8196
4010 4060 8070
4006 4043 8049
4064 4189 8253
4082 4097 8179
4188 4192 8380
4019 4127 8146
4097 4144 8241
4115 4196 8311
4135 4148 8283
4196 4198 8394
4023 4046 8069
4004 4077 8081
4118 4183 8301
4020 4049 8069
4022 4048 8070
4136 4148 8284
4104 4121 8225
4148 4196 8344
4105 4108 8213
4110 4156 8266
4122 4194 8316
4031 4053 8084
4102 4112 8214
4094 4126 8220
4198 4200 8398
4000 4136 8136
4124 4133 8257
4075 4110 8185
4096 4158 8254
4146 4155 8301
4115 4157 8272
4049 4109 8158
4002 4147 8149
4168 4195 8363
4027 4117 8144
4143 4161 8304
4013 4164 8177
4063 4180 8243
4001 4061 8062
4046 4175 8221
4163 4173 8336
4001 4047 8048
4080 4128 8208
4003 4176 8179
4058 4145 8203
4163 4182 8345
4060 4108 8168
4122 4176 8298
4050 4079 8129
4145 4148 8293
4139 4171 8310
4148 4197 8345
4082 4099 8181
4153 4193 8346
4159 4164 8323
4058 4181 8239
4031 4071 8102
4070 4194 8264
4070 4167 8237
4106 4180 8286
4038 4077 8115
4007 4117 8124
4156 4185 8341
4081 4189 8270
4092 4094 8186
4183 4194 8377
4140 4146 8286
4099 4172 8271
4155 4166 8321
4198 4199 8397
4169 4186 8355
4047 4170 8217
4038 4158 8196
4119 4191 8310
4027 4093 8120
4151 4153 8304
4160 4196 8356
4028 4109 8137
4159 4166 8325
4095 4142 8237
4114 4185 8299
4080 4104 8184
4175 4177 8352
4019 4124 8143
4018 4143 8161
4123 4150 8273
4084 4124 8208
4182 4187 8369
4147 4170 8317
4043 4123 8166
4192 4200 8392
4120 4199 8319
4146 4179 8325
4121 4138 8259
4176 4181 8357
4041 4042 8083
4007 4182 8189
4034 4143 8177
4128 4197 8325
4052 4190 8242
4108 4176 8284
4056 4153 8209
4057 4122 8179
4070 4157 8227
4065 4178 8243
4057 4185 8242
4168 4184 8352
4118 4158 8276
4017 4092 8109
4006 4048 8054
4041 4104 8145
4143 4151 8294
4182 4199 8381
4118 4173 8291
4171 4176 8347
4164 4178 8342
4027 4144 8171
4132 4181 8313
4172 4175 8347
4068 4158 8226
4131 4148 8279
4159 4182 8341
4144 4173 8317
4007 4182 8189
4165 4190 8355
4089 4110 8199
4149 4174 8323
4080 4161 8241
4163 4168 8331
4106 4186 8292
4018 4184 8202
4083 4107 8190
4170 4189 8359
4158 4193 8351
4128 4146 8274
4057 4165 8222
4036 4067 8103
4149 4170 8319
4009 4146 8155
4146 4178 8324
4155 4173 8328
4073 4117 8190
4136 4153 8289
4146 4154 8300
4032 4185 8217
4158 4168 8326
4048 4134 8182
4168 4179 8347
4141 4183 8324
4189 4200 8389
4161 4176 8337
4171 4173 8344
4014 4057 8071
4153 4175 8328
4111 4134 8245
4062 4088 8150
4038 4059 8097
4094 4143 8237
4164 4175 8339
4069 4108 8177
4128 4193 8321
4079 4145 8224
4161 4173 8334
4113 4161 8274
4109 4113 8222
4000 4017 8017
4128 4177 8305
4041 4174 8215
4093 4116 8209
4099 4167 8266
4076 4187 8263
4018 4146 8164
4041 4196 8237
4055 4196 8251
4053 4072 8125
4104 4109 8213
4191 4194 8385
4198 4200 8398
4158 4168 8326
4085 4159 8244
4062 4111 8173
4085 4181 8266
4001 4116 8117
4066 4119 8185
4116 4128 8244
4026 4189 8215
4101 4173 8274
4189 4192 8381
4149 4195 8344
4001 4010 8011
4053 4142 8195
4010 4089 8099
4191 4196 8387
4032 4136 8168
4004 4139 8143
4132 4147 8279
4195 4199 8394
4165 4177 8342
4079 4187 8266
4182 4192 8374
4166 4187 8353
4076 4124 8200
4131 4153 8284
4094 4106 8200
4072 4194 8266
4190 4195 8385
4080 4172 8252
4145 4159 8304
4107 4184 8291
4134 4154 8288
4109 4116 8225
4013 4092 8105
4064 4083 8147
4125 4131 8256
4053 4065 8118
4195 4200 8395
4014 4017 8031
4145 4148 8293
4121 4188 8309
4067 4181 8248
4051 4101 8152
4058 4088 8146
4192 4195 8387
4054 4185 8239
4159 4176 8335
4182 4196 8378
4188 4200 8388
4142 4172 8314
4070 4082 8152
4118 4127 8245
4182 4192 8374
4160 4164 8324
4174 4200 8374
4112 4144 8256
4124 4168 8292
4069 4096 8165
4122 4182 8304
4198 4200 8398
4184 4200 8384
4054 4191 8245
4149 4174 8323
4095 4171 8266
4108 4174 8282
4023 4034 8057
4154 4174 8328
4133 4140 8273
4189 4200 8389
4181 4194 8375
4099 4110 8209
4111 4144 8255
4005 4045 8050
4082 4113 8195
4199 4200 8399
4160 4161 8321
4036 4147 8183
4049 4050 8099
4193 4194 8387
4136 4151 8287
4017 4197 8214
4086 4156 8242
4078 4150 8228
4002 4097 8099
4180 4196 8376
4016 4130 8146
4054 4185 8239
4038 4067 8105
4136 4142 8278
4185 4196 8381
4062 4075 8137
4120 4129 8249
4007 4177 8184
4101 4124 8225
4068 4138 8206
4145 4153 8298
4157 4165 8322
4026 4168 8194
4012 4188 8200
4076 4107 8183
4128 4151 8279
4144 4195 8339
4051 4078 8129
4156 4200 8356
4079 4106 8185
4025 4036 8061
4049 4174 8223
4188 4193 8381
4050 4059 8109
4131 4157 8288
4107 4197 8304
4143 4189 8332
4155 4200 8355
4043 4123 8166
4129 4149 8278
4082 4095 8177
4131 4198 8329
4044 4168 8212
4061 4128 8189
4023 4125 8148
4110 4158 8268
4121 4198 8319
4004 4078 8082
4107 4125 8232
4139 4142 8281
4088 4133 8221
4009 4152 8161
4075 4125 8200
4014 4105 8119
4176 4188 8364
4151 4177 8328
4042 4047 8089
4032 4134 8166
4124 4159 8283
4070 4080 8150
4175 4181 8356
4168 4189 8357
4064 4072 8136
4066 4136 8202
4133 4171 8304
4115 4181 8296
4060 4151 8211
4135 4149 8284
4042 4091 8133
4129 4192 8321
4071 4112 8183
4009 4141 8150
4101 4193 8294
4137 4191 8328
4166 4183 8349
4171 4179 8350
4026 4068 8094
4184 4193 8377
4029 4063 8092
4093 4130 8223
4096 4175 8271
4013 4104 8117
4069 4127 8196
4194 4197 8391
4045 4056 8101
4040 4096 8136
4096 4160 8256
4058 4200 8258
4001 4160 8161
4075 4083 8158
4089 4153 8242
4109 4150 8259
4168 4186 8354
4024 4074 8098
4071 4164 8235
4081 4156 8237
4108 4192 8300
4117 4143 8260
4052 4086 8138
4165 4195 8360
4146 4177 8323
4124 4189 8313
4033 4039 8072
4037 4087 8124
4084 4197 8281
4111 4159 8270
4092 4123 8215
4080 4173 8253
4080 4142 8222
4188 4193 8381
4038 4044 8082
4080 4129 8209
4071 4121 8192
4141 4165 8306
4190 4195 8385
4041 4152 8193
4081 4133 8214
4050 4184 8234
4122 4196 8318
4053 4169 8222
4134 4176 8310
4074 4114 8188
4159 4190 8349
4175 4191 8366
4128 4177 8305
4191 4200 8391
4063 4119 8182
4126 4190 8316
4104 4190 8294
4056 4068 8124
4083 4197 8280
4035 4037 8072
4159 4184 8343
4093 4179 8272
4065 4139 8204
4070 4083 8153
4175 4187 8362
4109 4137 8246
4192 4200 8392
4173 4192 8365
4144 4156 8300
4051 4135 8186
4082 4103 8185
4117 4192 8309
4063 4194 8257
4178 4191 8369
4153 4166 8319
4150 4188 8338
4172 4184 8356
4126 4140 8266
4094 4128 8222
4161 4181 8342
4044 4138 8182
4061 4094 8155
4150 4161 8311
4060 4090 8150
4119 4126 8245
4044 4161 8205
4126 4184 8310
4041 4163 8204
4130 4154 8284
4014 4107 8121
4185 4196 8381
4107 4167 8274
4024 4125 8149
4010 4100 8110
4079 4197 8276

4197 4276 8472
4142 4143 8258
4248 4259 8490
4107 4291 8365
4111 4193 8302
4224 4291 8511
4196 4236 8416
4260 4264 8487
4219 4252 8440
4198 4232 8410
4266 4296 8544
4176 4282 8442
4170 4171 8335
4196 4211 8383
4229 4267 8492
4219 4243 8446
4263 4271 8518
4112 4155 8261
4107 4282 8369
4287 4298 8566
4154 4284 8427
4237 4259 8474
4258 4277 8498
4174 4261 8422
4155 4178 8317
4139 4161 8280
4232 4283 8487
4150 4156 8303
4123 4233 8332
4109 4151 8238
4271 4297 8535
4181 4257 8425
4135 4168 8282
4251 4298 8539
4279 4295 8554
4142 4163 8273
4278 4291 8545
4104 4156 8240
4182 4258 8427
4219 4257 8436
4197 4237 8425
4271 4292 8528
4181 4197 8366
4226 4249 8445
4295 4296 8584
4178 4228 8394
4252 4260 8503
4205 4263 8440
4250 4290 8535
4188 4192 8361
4104 4255 8322
4165 4203 8347
4111 4194 8276
4200 4237 8426
4267 4276 8541
4199 4249 8431
4129 4130 8228
4121 4258 8343
4252 4258 8492
4155 4156 8275
4249 4299 8541
4172 4204 8371
4184 4294 8443
4185 4262 8437
4105 4166 8270
4155 4226 8349
4201 4252 8447
4197 4237 8395
4191 4282 8437
4107 4186 8284
4165 4268 8423
4220 4280 8468
4284 4292 8541
4168 4282 8442
4257 4262 8486
4295 4298 8553
4269 4288 8544
4144 4215 8329
4118 4164 8257
4216 4287 8481
4216 4270 8450
4254 4265 8493
4220 4280 8476
4115 4221 8301
4122 4232 8317
4280 4299 8550
4158 4250 8376
4151 4270 8417
4216 4224 8406
4147 4171 8314
4134 4151 8268
4246 4296 8527
4212 4255 8453
4110 4136 8213
4105 4174 8249
4265 4294 8523
4266 4299 8535
4101 4269 8367
4101 4183 8276
4112 4171 8245
4251 4265 8488
4119 4238 8344
4162 4278 8410
4136 4178 8277
4193 4290 8461
4130 4235 8355
4102 4141 8222
4158 4294 8418
4163 4254 8378
4213 4267 8460
4117 4125 8206
4236 4278 8507
4130 4292 8413
4222 4277 8481
4191 4300 8463
4161 4209 8333
4236 4288 8487
4238 4267 8491
4235 4245 8468
4262 4292 8544
4153 4184 8325
4178 4273 8432
4180 4205 8371
4135 4222 8330
4251 4257 8502
4132 4234 8333
4163 4240 8386
4183 4191 8360
4163 4187 8323
4202 4239 8406
4197 4277 8466
4295 4297 8585
4289 4295 8554
4173 4229 8394
4205 4284 8460
4264 4282 8525
4187 4261 8413
4132 4166 8268
4148 4178 8299
4167 4251 8395
4113 4245 8324
4186 4248 8401
4183 4210 8390
4105 4199 8276
4183 4229 8379
4174 4175 8325
4177 4273 8411
4168 4270 8423
4236 4257 8457
4249 4267 8496
4250 4278 8520
4292 4295 8563
4130 4221 8325
4238 4250 8477
4223 4272 8469
4142 4206 8331
4271 4289 8537
4166 4218 8350
4164 4212 8350
4289 4296 8556
4162 4267 8396
4169 4233 8367
4263 4277 8504
4266 4299 8558
4273 4299 8536
4220 4236 8426
4229 4283 8496
4155 4174 8311
4282 4297 8563
4151 4212 8349
4226 4261 8471
4210 4221 8424
4160 4176 8328
4278 4288 8546
4196 4224 8406
4151 4297 8444
4216 4284 8471
4115 4229 8328
4105 4142 8213
4174 4294 8441
4147 4186 8301
4138 4243 8363
4162 4166 8300
4154 4269 8400
4125 4294 8396
4214 4299 8474
4191 4209 8394
4227 4228 8436
4247 4257 8478
4283 4296 8553
4228 4239 8441
4161 4221 8369
4217 4260 8445
4179 4217 8361
4204 4245 8409
4281 4284 8530
4212 4232 8439
4293 4299 8579
4156 4262 8401
4288 4296 8572
4215 4285 8485
4290 4292 8567
4194 4299 8465
4287 4288 8544
4183 4239 8414
4258 4296 8532
4150 4161 8275
4262 4277 8507
4259 4278 8524
4128 4202 8306
4193 4202 8386
4124 4283 8393
4256 4270 8517
4113 4183 8265
4149 4211 8349
4190 4280 8460
4233 4282 8512
4299 4300 8573
4204 4270 8465
4262 4289 8523
4259 4272 8493
4275 4290 8540
4253 4262 8501
4198 4293 8452
4200 4266 8450
4144 4286 8392
4155 4246 8381
4277 4282 8533
4145 4155 8295
4239 4249 8451
4112 4295 8391
4297 4298 8585
4177 4233 8381
4222 4236 8425
4138 4150 8272
4270 4284 8534
4294 4298 8579
4269 4272 8513
4180 4270 8414
4119 4224 8337
4226 4249 8444
4218 4271 8462
4287 4296 8554
4138 4205 8319
4123 4184 8275
4261 4269 8503
4225 4227 8418
4193 4281 8465
4239 4243 8449
4244 4288 8528
4214 4265 8452
4119 4218 8305
4155 4244 8372
4280 4285 8533
4213 4278 8456
4256 4275 8496
4102 4238 8308
4135 4193 8292
4142 4169 8276
4124 4156 8264
4120 4295 8396
4155 4158 8291
4138 4246 8359
4141 4217 8345
4240 4249 8482
4251 4253 8483
4139 4176 8300
4271 4280 8512
4278 4293 8537
4112 4194 8298
4133 4239 8360
4288 4299 8568
4189 4229 8381
4196 4236 8425
4196 4291 8478
4177 4288 8429
4148 4295 8405
4287 4293 8563
4223 4226 8444
4188 4208 8391
4110 4160 8251
4106 4143 8245
4164 4289 8422
4182 4197 8366
4288 4292 8563
4119 4227 8310
4197 4244 8440
4215 4296 8492
4235 4248 8481
4296 4298 8570
4123 4146 8230
4104 4177 8243
4218 4283 8481
4120 4149 8240
4122 4148 8253
4236 4248 8472
4204 4221 8419
4248 4296 8539
4205 4208 8399
4210 4256 8435
4222 4294 8480
4131 4153 8270
4202 4212 8404
4194 4226 8409
4298 4300 8589
4100 4236 8328
4224 4233 8441
4175 4210 8363
4196 4258 8437
4246 4255 8480
4215 4257 8440
4149 4209 8320
4102 4247 8329
4268 4295 8534
4127 4217 8324
4243 4261 8494
4113 4264 8354
4163 4280 8427
4101 4161 8226
4146 4275 8394
4263 4273 8500
4101 4147 8244
4180 4228 8397
4103 4276 8359
4158 4245 8385
4263 4282 8520
4160 4208 8363
4222 4276 8459
4150 4179 8305
4245 4248 8462
4239 4271 8495
4248 4297 8509
4182 4199 8379
4253 4293 8524
4259 4264 8496
4158 4281 8414
4131 4171 8296
4170 4294 8457
4170 4267 8402
4206 4280 8484
4138 4177 8298
4107 4217 8301
4256 4285 8539
4181 4289 8464
4192 4194 8380
4283 4294 8557
4240 4246 8447
4199 4272 8470
4255 4266 8489
4298 4299 8568
4269 4286 8525
4147 4270 8399
4138 4258 8375
4219 4291 8503
4127 4193 8306
4251 4253 8503
4260 4296 8521
4128 4209 8328
4259 4266 8517
4195 4242 8432
4214 4285 8484
4180 4204 8355
4275 4277 8551
4119 4224 8334
4118 4243 8340
4223 4250 8461
4184 4224 8398
4282 4287 8540
4247 4270 8505
4143 4223 8346
4292 4300 8578
4220 4299 8515
4246 4279 8524
4221 4238 8420
4276 4281 8521
4141 4142 8273
4107 4282 8357
4134 4243 8364
4228 4297 8513
4152 4290 8412
4208 4276 8474
4156 4253 8381
4157 4222 8353
4170 4257 8418
4165 4278 8435
4157 4285 8419
4268 4284 8512
4218 4258 8474
4117 4192 8279
4106 4148 8220
4141 4204 8324
4243 4251 8466
4282 4299 8566
4218 4273 8462
4271 4276 8535
4264 4278 8502
4127 4244 8345
4232 4281 8500
4272 4275 8534
4168 4258 8407
4231 4248 8439
4259 4282 8502
4244 4273 8480
4107 4282 8366
4265 4290 8529
4189 4210 8372
4249 4274 8493
4180 4261 8436
4263 4268 8506
4206 4286 8454
4118 4284 8383
4183 4207 8365
4270 4289 8522
4258 4293 8541
4228 4246 8466
4157 4265 8408
4136 4167 8297
4249 4270 8502
4109 4246 8335
4246 4278 8503
4255 4273 8498
4173 4217 8356
4236 4253 8452
4246 4254 8488
4132 4285 8390
4258 4268 8510
4148 4234 8352
4268 4279 8533
4241 4283 8502
4289 4300 8578
4261 4276 8506
4271 4273 8519
4114 4157 8239
4253 4275 8512
4211 4234 8430
4162 4188 8316
4138 4159 8290
4194 4243 8416
4264 4275 8532
4169 4208 8343
4228 4293 8488
4179 4245 8399
4261 4273 8513
4213 4261 8443
4209 4213 8413
4100 4117 8204
4228 4277 8490
4141 4274 8379
4193 4216 8405
4199 4267 8445
4176 4287 8457
4118 4246 8325
4141 4296 8398
4155 4296 8443
4153 4172 8298
4204 4209 8403
4291 4294 8584
4298 4300 8568
4258 4268 8515
4185 4259 8427
4162 4211 8363
4185 4281 8459
4101 4216 8282
4166 4219 8380
4216 4228 8404
4126 4289 8376
4201 4273 8454
4289 4292 8568
4249 4295 8535
4101 4110 8207
4153 4242 8365
4110 4189 8271
4291 4296 8566
4132 4236 8342
4104 4239 8332
4232 4247 8451
4295 4299 8564
4265 4277 8527
4179 4287 8433
4282 4292 8557
4266 4287 8525
4176 4224 8380
4231 4253 8470
4194 4206 8388
4172 4294 8440
4290 4295 8572
4180 4272 8431
4245 4259 8501
4207 4284 8489
4234 4254 8481
4209 4216 8409
4113 4192 8288
4164 4183 8331
4225 4231 8454
4153 4165 8302
4295 4300 8589
4114 4117 8199
4245 4248 8476
4221 4288 8482
4167 4281 8412
4151 4201 8338
4158 4188 8314
4292 4295 8570
4154 4285 8423
4259 4276 8530
4282 4296 8564
4288 4300 8548
4242 4272 8503
4170 4182 8346
4218 4227 8407
4282 4292 8547
4260 4264 8507
4274 4300 8539
4212 4244 8436
4224 4268 8470
4169 4196 8350
4222 4282 8473
4298 4300 8568
4284 4300 8563
4154 4291 8416
4249 4274 8512
4195 4271 8454
4208 4274 8445
4123 4134 8226
4254 4274 8503
4233 4240 8454
4289 4300 8583
4281 4294 8540
4199 4210 8383
4211 4244 8438
4105 4145 8242
4182 4213 8367
4299 4300 8562
4260 4261 8481
4136 4247 8352
4149 4150 8277
4293 4294 8570
4236 4251 8480
4117 4297 8393
4186 4256 8417
4178 4250 8416
4102 4197 8282
4280 4296 8536
4116 4230 8315
4154 4285 8422
4138 4167 8280
4236 4242 8474
4285 4296 8542
4162 4175 8313
4220 4229 8423
4107 4277 8350
4201 4224 8413
4168 4238 8369
4245 4253 8480
4257 4265 8486
4126 4268 8384
4112 4288 8382
4176 4207 8356
4228 4251 8449
4244 4295 8502
4151 4178 8316
4256 4300 8526
4179 4206 8351
4125 4136 8237
4149 4274 8391
4288 4293 8569
4150 4159 8281
4231 4257 8474
4207 4297 8503
4243 4289 8526
4255 4300 8549
4143 4223 8353
4229 4249 8449
4182 4195 8368
4231 4298 8491
4144 4268 8386
4161 4228 8357
4123 4225 8336
4210 4258 8435
4221 4298 8483
4104 4178 8251
4207 4225 8424
4239 4242 8474
4188 4233 8416
4109 4252 8322
4175 4225 8375
4114 4205 8282
4276 4288 8527
4251 4277 8508
4142 4147 8261
4132 4234 8361
4224 4259 8468
4170 4180 8314
4275 4281 8532
4268 4289 8533
4164 4172 8319
4166 4236 8393
4233 4271 8466
4215 4281 8486
4160 4251 8399
4235 4249 8454
4142 4191 8294
4229 4292 8485
4171 4212 8352
4109 4241 8331
4201 4293 8493
4237 4291 8490
4266 4283 8517
4271 4279 8535
4126 4168 8287
4284 4293 8565
4129 4163 8269
4193 4230 8419
4196 4275 8437
4113 4204 8311
4169 4227 8369
4294 4297 8576
4145 4156 8272
4140 4196 8323
4196 4260 8428
4158 4300 8431
4101 4260 8349
4175 4183 8356
4189 4253 8424
4209 4250 8429
4268 4286 8515
4124 4174 8287
4171 4264 8398
4181 4256 8404
4208 4292 8479
4217 4243 8443
4152 4186 8315
4265 4295 8537
4246 4277 8513
4224 4289 8474
4133 4139 8260
4137 4187 8289
4184 4297 8474
4211 4259 8462
4192 4223 8382
4180 4273 8445
4180 4242 8414
4288 4293 8558
4138 4144 8255
4180 4229 8403
4171 4221 8378
4241 4265 8498
4290 4295 8547
4141 4252 8366
4181 4233 8413
4150 4284 8417
4222 4296 8503
4153 4269 8386
4234 4276 8509
4174 4214 8376
4259 4290 8544
4275 4291 8553
4228 4277 8495
4291 4300 8560
4163 4219 8376
4226 4290 8497
4204 4290 8484
4156 4168 8307
4183 4297 8467
4135 4137 8265
4259 4284 8513
4193 4279 8446
4165 4239 8388
4170 4183 8332
4275 4287 8525
4209 4237 8435
4292 4300 8561
4273 4292 8536
4244 4256 8492
4151 4235 8359
4182 4203 8377
4217 4292 8505
4163 4294 8441
4278 4291 8531
4253 4266 8493
4250 4288 8527
4272 4284 8529
4226 4240 8431
4194 4228 8407
4261 4281 8514
4144 4238 8353
4161 4194 8337
4250 4261 8502
4160 4190 8340
4219 4226 8418
4144 4261 8394
4226 4284 8497
4141 4263 8396
4230 4254 8446
4114 4207 8310
4285 4296 8555
4207 4267 8453
4124 4225 8319
4110 4200 8281
4179 4297 8438

0.010000 0.680000
