600
2882845
4176 4193 8369
4056 4057 8113
4168 4178 8346
4166 4183 8349
4101 4162 8263
4052 4129 8181
4028 4067 8095
4164 4168 8332
4025 4143 8168
4106 4161 8267
4068 4069 8137
4164 4191 8355
4180 4186 8366
4167 4196 8363
4119 4134 8253
4077 4186 8263
4053 4157 8210
4019 4181 8200
4120 4153 8273
4197 4200 8397
4007 4091 8098
4194 4199 8393
4190 4192 8382
4128 4132 8260
4053 4103 8156
4107 4145 8252
4139 4180 8319
4100 4117 8217
4161 4194 8355
4135 4186 8321
4055 4173 8228
4144 4155 8299
4112 4198 8310
4094 4161 8255
4166 4185 8351
4165 4186 8351
4000 4051 8051
4134 4156 8290
4136 4147 8283
4149 4161 8310
4084 4181 8265
4013 4106 8119
4063 4093 8156
4155 4191 8346
4079 4165 8244
4192 4199 8391
4094 4134 8228
4138 4148 8286
4160 4186 8346
4068 4199 8267
4113 4167 8280
4026 4177 8203
4198 4199 8397
4189 4190 8379
4112 4189 8301
4159 4199 8358
4060 4179 8239
4156 4157 8313
4128 4146 8274
4107 4190 8297
4143 4161 8304
4125 4139 8264
4060 4094 8154
4175 4194 8369
4013 4141 8154
4192 4195 8387
4015 4176 8191
4117 4191 8308
4184 4198 8382
4136 4149 8285
4030 4059 8089
4169 4197 8366
4060 4129 8189
4114 4122 8236
4085 4143 8228
4192 4198 8390
4022 4191 8213
4192 4195 8387
4030 4114 8144
4072 4107 8179
4086 4125 8211
4006 4056 8062
4121 4129 8250
4162 4188 8350
4038 4047 8085
4003 4043 8046
4009 4051 8060
4021 4028 8049
4075 4192 8267
4059 4117 8176
4163 4164 8327
4044 4132 8176
4059 4109 8168
4044 4048 8092
4141 4162 8303
4178 4183 8361
4009 4200 8209
4087 4138 8225
4101 4120 8221
4044 4166 8210
4077 4149 8226
4121 4123 8244
4111 4183 8294
4047 4143 8190
4008 4170 8178
4146 4159 8305
4003 4196 8199
4163 4173 8336
4199 4200 8399
4180 4196 8376
4191 4195 8386
4055 4106 8161
4157 4158 8315
4039 4135 8174
4153 4187 8340
4134 4137 8271
4094 4183 8277
4076 4153 8229
4080 4132 8212
4153 4172 8325
4178 4187 8365
4001 4148 8149
4060 4166 8226
4023 4163 8186
4167 4187 8354
4068 4077 8145
4179 4189 8368
4098 4196 8294
4098 4147 8245
4018 4085 8103
4149 4190 8339
4179 4186 8365
4128 4167 8295
4105 4153 8258
4147 4154 8301
4072 4096 8168
4160 4173 8333
4043 4180 8223
4076 4134 8210
4067 4141 8208
4163 4173 8336
4094 4106 8200
4072 4108 8180
4126 4186 8312
4015 4048 8063
4177 4199 8376
4097 4154 8251
4150 4179 8329
4096 4143 8239
4137 4193 8330
4094 4112 8206
4189 4197 8386
4153 4180 8333
4037 4090 8127
4114 4199 8313
4163 4168 8331
4178 4194 8372
4189 4194 8383
4117 4194 8311
4103 4173 8276
4090 4187 8277
4129 4166 8295
4010 4134 8144
4033 4044 8077
4175 4185 8360
4192 4199 8391
4001 4021 8022
4092 4178 8270
4188 4197 8385
4047 4171 8218
4038 4186 8224
4050 4135 8185
4155 4182 8337
4085 4198 8283
4001 4092 8093
4087 4167 8254
4003 4122 8125
4164 4194 8358
4088 4112 8200
4057 4195 8252
4027 4183 8210
4097 4116 8213
4146 4158 8304
4191 4199 8390
4160 4175 8335
4159 4185 8344
4038 4182 8220
4066 4116 8182
4196 4198 8394
4024 4184 8208
4068 4144 8212
4057 4137 8194
4000 4120 8120
4069 4070 8139
4010 4134 8144
4000 4014 8014
4116 4170 8286
4039 4195 8234
4074 4138 8212
4146 4199 8345
4172 4185 8357
4102 4189 8291
4177 4192 8369
4198 4200 8398
4037 4188 8225
4193 4198 8391
4107 4193 8300
4032 4074 8106
4104 4147 8251
4183 4194 8377
4046 4103 8149
4121 4162 8283
4063 4092 8155
4157 4184 8341
4069 4105 8174
4048 4060 8108
4199 4200 8399
4063 4082 8145
4159 4181 8340
4074 4193 8267
4013 4180 8193
4172 4177 8349
4007 4105 8112
4087 4146 8233
4116 4148 8264
4053 4145 8198
4093 4132 8225
4110 4129 8239
4069 4186 8255
4189 4195 8384
4029 4086 8115
4108 4160 8268
4032 4048 8080
4119 4173 8292
4030 4161 8191
4112 4153 8265
4066 4082 8148
4115 4143 8258
4182 4188 8370
4018 4102 8120
4048 4159 8207
4018 4069 8087
4108 4120 8228
4180 4183 8363
4036 4049 8085
4035 4195 8230
4127 4150 8277
4144 4170 8314
4110 4127 8237
4046 4178 8224
4054 4166 8220
4044 4125 8169
4181 4185 8366
4185 4200 8385
4111 4167 8278
4115 4145 8260
4069 4076 8145
4001 4100 8101
4020 4162 8182
4012 4160 8172
4180 4185 8365
4139 4189 8328
4195 4198 8393
4008 4181 8189
4128 4171 8299
4050 4133 8183
4013 4075 8088
4136 4183 8319
4155 4156 8311
4130 4137 8267
4081 4140 8221
4197 4200 8397
4034 4121 8155
4157 4194 8351
4058 4067 8125
4187 4193 8380
4034 4121 8155
4174 4197 8371
4015 4174 8189
4127 4135 8262
4141 4170 8311
4043 4167 8210
4114 4141 8255
4143 4197 8340
4140 4144 8284
4040 4060 8100
4188 4190 8378
4155 4164 8319
4029 4056 8085
4001 4171 8172
4198 4200 8398
4130 4152 8282
4183 4191 8374
4135 4199 8334
4099 4195 8294
4039 4090 8129
4164 4170 8334
4079 4185 8264
4125 4200 8325
4061 4106 8167
4175 4199 8374
4070 4164 8234
4133 4174 8307
4080 4162 8242
4070 4185 8255
4057 4080 8137
4128 4174 8302
4038 4200 8238
4105 4119 8224
4195 4199 8394
4126 4174 8300
4004 4068 8072
4180 4199 8379
4159 4164 8323
4148 4194 8342
4117 4176 8293
4058 4177 8235
4128 4190 8318
4109 4133 8242
4016 4142 8158
4107 4114 8221
4014 4112 8126
4053 4177 8230
4032 4044 8076
4072 4107 8179
4083 4187 8270
4038 4067 8105
4025 4182 8207
4012 4125 8137
4031 4094 8125
4119 4136 8255
4089 4094 8183
4085 4160 8245
4024 4078 8102
4058 4130 8188
4044 4198 8242
4068 4090 8158
4181 4185 8366
4100 4179 8279
4077 4154 8231
4122 4130 8252
4180 4189 8369
4155 4158 8313
4009 4116 8125
4123 4188 8311
4001 4016 8017
4180 4183 8363
4156 4195 8351
4055 4131 8186
4129 4151 8280
4114 4151 8265
4073 4117 8190
4055 4183 8238
4103 4117 8220
4190 4191 8381
4166 4184 8350
4062 4123 8185
4103 4182 8285
4036 4133 8169
4014 4100 8114
4025 4196 8221
4129 4131 8260
4122 4194 8316
4130 4155 8285
4071 4157 8228
4063 4123 8186
4111 4191 8302
4058 4068 8126
4020 4093 8113
4057 4153 8210
4041 4066 8107
4119 4156 8275
4043 4057 8100
4128 4163 8291
4127 4195 8322
4108 4109 8217
4075 4164 8239
4145 4175 8320
4049 4181 8230
4030 4061 8091
4012 4096 8108
4044 4141 8185
4109 4146 8255
4024 4056 8080
4065 4190 8255
4165 4177 8342
4067 4156 8223
4091 4191 8282
4192 4200 8392
4137 4192 8329
4020 4089 8109
4118 4171 8289
4089 4178 8267
4037 4130 8167
4183 4191 8374
4009 4020 8029
4140 4157 8297
4147 4183 8330
4012 4152 8164
4152 4164 8316
4086 4117 8203
4054 4117 8171
4093 4182 8275
4133 4159 8292
4021 4199 8220
4055 4169 8224
4033 4156 8189
4158 4169 8327
4042 4048 8090
4039 4052 8091
4107 4174 8281
4081 4181 8262
4167 4183 8350
4056 4187 8243
4163 4187 8350
4132 4139 8271
4138 4152 8290
4103 4117 8220
4052 4182 8234
4176 4188 8364
4128 4148 8276
4083 4153 8236
4078 4092 8170
4176 4177 8353
4037 4159 8196
4019 4175 8194
4165 4196 8361
4062 4126 8188
4060 4136 8196
4021 4117 8138
4050 4145 8195
4119 4155 8274
4139 4156 8295
4107 4123 8230
4056 4145 8201
4159 4166 8325
4001 4184 8185
4002 4100 8102
4130 4174 8304
4079 4112 8191
4146 4163 8309
4100 4101 8201
4196 4198 8394
4037 4082 8119
4113 4177 8290
4173 4195 8368
4079 4172 8251
4084 4196 8280
4112 4163 8275
4189 4190 8379
4001 4148 8149
4005 4155 8160
4189 4196 8385
4053 4115 8168
4036 4056 8092
4021 4110 8131
4174 4194 8368
4012 4013 8025
4045 4113 8158
4137 4180 8317
4119 4197 8316
4052 4073 8125
4009 4137 8146
4110 4167 8277
4153 4170 8323
4024 4124 8148
4140 4187 8327
4085 4142 8227
4013 4104 8117
4192 4200 8392
4010 4035 8045
4086 4110 8196
4041 4139 8180
4015 4108 8123
4065 4179 8244
4100 4127 8227
4003 4032 8035
4187 4190 8377
4159 4194 8353
4033 4138 8171
4068 4074 8142
4063 4192 8255
4049 4194 8243
4002 4103 8105
4023 4091 8114
4181 4189 8370
4179 4184 8363
4149 4188 8337
4179 4194 8373
4120 4133 8253
4151 4162 8313
4057 4134 8191
4165 4180 8345
4192 4198 8390
4040 4063 8103
4143 4183 8326
4081 4183 8264
4149 4175 8324
4102 4173 8275
4143 4173 8316
4083 4150 8233
4137 4181 8318
4024 4047 8071
4157 4169 8326
4097 4200 8297
4041 4077 8118
4117 4159 8276
4084 4103 8187
4011 4090 8101
4043 4046 8089
4035 4148 8183
4059 4160 8219
4063 4131 8194
4006 4086 8092
4012 4154 8166
4039 4094 8133
4198 4199 8397
4157 4184 8341
4134 4184 8318
4152 4170 8322
4067 4157 8224
4149 4177 8326
4026 4170 8196
4160 4179 8339
4102 4161 8263
4145 4154 8299
4160 4199 8359
4160 4193 8353
4148 4165 8313
4027 4197 8224
4057 4199 8256
4077 4198 8275
4025 4029 8054
4102 4139 8241
4060 4132 8192
4162 4163 8325
4016 4051 8067
4168 4177 8345
4102 4194 8296
4183 4187 8370
4107 4154 8261
4141 4185 8326
4108 4157 8265
4033 4167 8200
4191 4194 8385
4129 4189 8318
4027 4068 8095
4131 4155 8286
4106 4110 8216
4021 4099 8120
4115 4185 8300
4014 4168 8182
4136 4163 8299
4013 4155 8168
4095 4158 8253
4060 4072 8132
4058 4100 8158
4104 4184 8288
4184 4189 8373
4098 4199 8297
4184 4195 8379
4073 4127 8200
4058 4162 8220
4142 4152 8294
4145 4173 8318
4069 4080 8149
4040 4086 8126
4198 4200 8398
4048 4159 8207
4094 4195 8289
4020 4054 8074
4131 4150 8281
4178 4189 8367
4095 4152 8247
4042 4086 8128
4093 4188 8281
4021 4190 8211
4152 4172 8324
4174 4188 8362
4008 4025 8033
4068 4196 8264
4067 4195 8262
4178 4188 8366
4014 4063 8077
4017 4064 8081
4159 4181 8340
4197 4200 8397
4150 4172 8322
4153 4166 8319
4180 4190 8370
4193 4195 8388
4125 4188 8313
4166 4193 8359
4176 4193 8369
4116 4169 8285
4171 4172 8343
4138 4184 8322
4113 4134 8247
4113 4118 8231
4129 4155 8284

4276 4293 8550
4156 4157 8305
4268 4278 8517
4266 4283 8513
4201 4262 8458
4152 4229 8357
4128 4167 8279
4264 4268 8520
4125 4243 8364
4206 4261 8442
4168 4169 8326
4264 4291 8538
4280 4286 8538
4267 4296 8561
4219 4234 8440
4177 4286 8443
4153 4257 8394
4119 4281 8380
4220 4253 8446
4297 4300 8594
4107 4191 8292
4294 4299 8564
4290 4292 8549
4228 4232 8455
4153 4203 8319
4207 4245 8413
4239 4280 8490
4200 4217 8402
4261 4294 8535
4235 4286 8513
4155 4273 8402
4244 4255 8475
4212 4298 8489
4194 4261 8423
4266 4285 8531
4265 4286 8549
4100 4151 8232
4234 4256 8465
4236 4247 8459
4249 4261 8495
4184 4281 8451
4113 4206 8313
4163 4193 8321
4255 4291 8528
4179 4265 8423
4292 4299 8572
4194 4234 8408
4238 4248 8473
4260 4286 8519
4168 4299 8434
4213 4267 8455
4126 4277 8373
4298 4299 8594
4289 4290 8559
4212 4289 8499
4259 4299 8519
4160 4279 8419
4256 4257 8506
4228 4246 8473
4207 4290 8457
4243 4261 8498
4225 4239 8424
4160 4194 8316
4275 4294 8563
4113 4241 8320
4292 4295 8554
4115 4276 8365
4217 4291 8498
4284 4298 8549
4236 4249 8449
4130 4159 8274
4269 4297 8557
4160 4229 8354
4214 4222 8425
4185 4243 8402
4292 4298 8560
4122 4291 8397
4292 4295 8559
4130 4214 8314
4172 4207 8341
4186 4225 8405
4106 4156 8231
4221 4229 8448
4262 4288 8545
4138 4147 8253
4103 4143 8208
4109 4151 8246
4121 4128 8210
4175 4292 8438
4159 4217 8342
4263 4264 8492
4144 4232 8359
4159 4209 8339
4144 4148 8260
4241 4262 8494
4278 4283 8535
4109 4300 8402
4187 4238 8405
4201 4220 8404
4144 4266 8380
4177 4249 8411
4221 4223 8415
4211 4283 8472
4147 4243 8365
4108 4270 8361
4246 4259 8481
4103 4296 8392
4263 4273 8522
4299 4300 8564
4280 4296 8548
4291 4295 8546
4155 4206 8351
4257 4258 8508
4139 4235 8356
4253 4287 8508
4234 4237 8437
4194 4283 8449
4176 4253 8422
4180 4232 8392
4253 4272 8499
4278 4287 8561
4101 4248 8322
4160 4266 8404
4123 4263 8363
4267 4287 8551
4168 4177 8306
4279 4289 8557
4198 4296 8478
4198 4247 8444
4118 4185 8294
4249 4290 8532
4279 4286 8559
4228 4267 8480
4205 4253 8438
4247 4254 8498
4172 4196 8329
4260 4273 8508
4143 4280 8415
4176 4234 8396
4167 4241 8398
4263 4273 8534
4194 4206 8383
4172 4208 8351
4226 4286 8477
4115 4148 8252
4277 4299 8563
4197 4254 8450
4250 4279 8493
4196 4243 8416
4237 4293 8508
4194 4212 8388
4289 4297 8550
4253 4280 8499
4137 4190 8325
4214 4299 8481
4263 4268 8505
4278 4294 8549
4289 4294 8559
4217 4294 8508
4203 4273 8446
4190 4287 8471
4229 4266 8491
4110 4234 8316
4133 4144 8267
4275 4285 8558
4292 4299 8581
4101 4121 8203
4192 4278 8437
4288 4297 8583
4147 4271 8379
4138 4286 8413
4150 4235 8370
4255 4282 8525
4185 4298 8458
4101 4192 8285
4187 4267 8440
4103 4222 8306
4264 4294 8550
4188 4212 8378
4157 4295 8450
4127 4283 8386
4197 4216 8378
4246 4258 8503
4291 4299 8573
4260 4275 8518
4259 4285 8529
4138 4282 8403
4166 4216 8347
4296 4298 8575
4124 4284 8386
4168 4244 8391
4157 4237 8377
4100 4220 8286
4169 4170 8303
4110 4234 8314
4100 4114 8188
4216 4270 8471
4139 4295 8400
4174 4238 8385
4246 4299 8509
4272 4285 8518
4202 4289 8462
4277 4292 8550
4298 4300 8586
4137 4288 8423
4293 4298 8558
4207 4293 8495
4132 4174 8290
4204 4247 8433
4283 4294 8569
4146 4203 8342
4221 4262 8480
4163 4192 8343
4257 4284 8510
4169 4205 8347
4148 4160 8282
4299 4300 8561
4163 4182 8315
4259 4281 8511
4174 4293 8442
4113 4280 8354
4272 4277 8520
4107 4205 8303
4187 4246 8406
4216 4248 8424
4153 4245 8362
4193 4232 8413
4210 4229 8438
4169 4286 8442
4289 4295 8576
4129 4186 8281
4208 4260 8460
4132 4148 8251
4219 4273 8485
4130 4261 8384
4212 4253 8447
4166 4182 8343
4215 4243 8424
4282 4288 8545
4118 4202 8291
4148 4259 8393
4118 4169 8278
4208 4220 8423
4280 4283 8556
4136 4149 8274
4135 4295 8429
4227 4250 8468
4244 4270 8504
4210 4227 8410
4146 4278 8416
4154 4266 8390
4144 4225 8344
4281 4285 8539
4285 4300 8571
4211 4267 8464
4215 4245 8443
4169 4176 8306
4101 4200 8264
4120 4262 8368
4112 4260 8355
4280 4285 8549
4239 4289 8504
4295 4298 8563
4108 4281 8381
4228 4271 8472
4150 4233 8353
4113 4175 8265
4236 4283 8506
4255 4256 8505
4230 4237 8439
4181 4240 8391
4297 4300 8590
4134 4221 8345
4257 4294 8527
4158 4167 8314
4287 4293 8572
4134 4221 8339
4274 4297 8537
4115 4274 8355
4227 4235 8424
4241 4270 8503
4143 4267 8375
4214 4241 8445
4243 4297 8515
4240 4244 8452
4140 4160 8286
4288 4290 8575
4255 4264 8479
4129 4156 8276
4101 4271 8355
4298 4300 8583
4230 4252 8460
4283 4291 8561
4235 4299 8528
4199 4295 8492
4139 4190 8310
4264 4270 8507
4179 4285 8425
4225 4300 8493
4161 4206 8331
4275 4299 8539
4170 4264 8428
4233 4274 8503
4180 4262 8405
4170 4285 8445
4157 4180 8331
4228 4274 8499
4138 4300 8436
4205 4219 8396
4295 4299 8560
4226 4274 8462
4104 4168 8244
4280 4299 8543
4259 4264 8513
4248 4294 8528
4217 4276 8461
4158 4277 8421
4228 4290 8490
4209 4233 8420
4116 4242 8353
4207 4214 8412
4114 4212 8301
4153 4277 8418
4132 4144 8251
4172 4207 8376
4183 4287 8445
4138 4167 8292
4125 4282 8369
4112 4225 8332
4131 4194 8290
4219 4236 8426
4189 4194 8368
4185 4260 8423
4124 4178 8283
4158 4230 8354
4144 4298 8441
4168 4190 8339
4281 4285 8553
4200 4279 8475
4177 4254 8408
4222 4230 8413
4280 4289 8556
4255 4258 8486
4109 4216 8309
4223 4288 8472
4101 4116 8213
4280 4283 8532
4256 4295 8513
4155 4231 8375
4229 4251 8455
4214 4251 8441
4173 4217 8388
4155 4283 8434
4203 4217 8410
4290 4291 8570
4266 4284 8524
4162 4223 8346
4203 4282 8464
4136 4233 8342
4114 4200 8277
4125 4296 8386
4229 4231 8459
4222 4294 8480
4230 4255 8483
4171 4257 8410
4163 4223 8349
4211 4291 8500
4158 4168 8303
4120 4193 8289
4157 4253 8401
4141 4166 8302
4219 4256 8460
4143 4157 8289
4228 4263 8474
4227 4295 8492
4208 4209 8397
4175 4264 8419
4245 4275 8485
4149 4281 8422
4130 4161 8257
4112 4196 8283
4144 4241 8382
4209 4246 8430
4124 4156 8245
4165 4290 8442
4265 4277 8508
4167 4256 8410
4191 4291 8455
4292 4300 8575
4237 4292 8507
4120 4189 8293
4218 4271 8467
4189 4278 8433
4137 4230 8332
4283 4291 8545
4109 4120 8217
4240 4257 8495
4247 4283 8500
4112 4252 8325
4252 4264 8477
4186 4217 8366
4154 4217 8370
4193 4282 8468
4233 4259 8461
4121 4299 8387
4155 4269 8400
4133 4256 8354
4258 4269 8524
4142 4148 8270
4139 4152 8258
4207 4274 8454
4181 4281 8448
4267 4283 8549
4156 4287 8423
4263 4287 8549
4232 4239 8434
4238 4252 8475
4203 4217 8393
4152 4282 8404
4276 4288 8560
4228 4248 8469
4183 4253 8426
4178 4192 8365
4276 4277 8536
4137 4259 8369
4119 4275 8375
4265 4296 8528
4162 4226 8373
4160 4236 8366
4121 4217 8332
4150 4245 8390
4219 4255 8440
4239 4256 8469
4207 4223 8402
4156 4245 8385
4259 4266 8520
4101 4284 8384
4102 4200 8274
4230 4274 8494
4179 4212 8373
4246 4263 8471
4200 4201 8369
4296 4298 8580
4137 4182 8307
4213 4277 8466
4273 4295 8565
4179 4272 8432
4184 4296 8446
4212 4263 8447
4289 4290 8565
4101 4248 8340
4105 4255 8322
4289 4296 8561
4153 4215 8352
4136 4156 8260
4121 4210 8309
4274 4294 8549
4112 4113 8194
4145 4213 8357
4237 4280 8493
4219 4297 8489
4152 4173 8316
4109 4237 8336
4210 4267 8471
4253 4270 8493
4124 4224 8331
4240 4287 8519
4185 4242 8419
4113 4204 8290
4292 4300 8587
4110 4135 8214
4186 4210 8377
4141 4239 8370
4115 4208 8299
4165 4279 8415
4200 4227 8397
4103 4132 8207
4287 4290 8568
4259 4294 8539
4133 4238 8345
4168 4174 8313
4163 4292 8449
4149 4294 8412
4102 4203 8282
4123 4191 8288
4281 4289 8540
4279 4284 8545
4249 4288 8508
4279 4294 8535
4220 4233 8447
4251 4262 8500
4157 4234 8387
4265 4280 8528
4292 4298 8567
4140 4163 8288
4243 4283 8523
4181 4283 8455
4249 4275 8495
4202 4273 8462
4243 4273 8490
4183 4250 8402
4237 4281 8492
4124 4147 8234
4257 4269 8493
4197 4300 8470
4141 4177 8280
4217 4259 8470
4184 4203 8385
4111 4190 8284
4143 4146 8287
4135 4248 8367
4159 4260 8413
4163 4231 8369
4106 4186 8288
4112 4254 8340
4139 4194 8304
4298 4299 8565
4257 4284 8526
4234 4284 8492
4252 4270 8502
4167 4257 8395
4249 4277 8505
4126 4270 8383
4260 4279 8511
4202 4261 8458
4245 4254 8473
4260 4299 8558
4260 4293 8528
4248 4265 8481
4127 4297 8420
4157 4299 8429
4177 4298 8461
4125 4129 8249
4202 4239 8439
4160 4232 8366
4262 4263 8490
4116 4151 8250
4268 4277 8531
4202 4294 8469
4283 4287 8555
4207 4254 8460
4241 4285 8500
4208 4257 8435
4133 4267 8364
4291 4294 8582
4229 4289 8482
4127 4168 8263
4231 4255 8480
4206 4210 8376
4121 4199 8286
4215 4285 8473
4114 4268 8353
4236 4263 8498
4113 4255 8356
4195 4258 8445
4160 4172 8295
4158 4200 8343
4204 4284 8466
4284 4289 8570
4198 4299 8462
4284 4295 8566
4173 4227 8369
4158 4262 8391
4242 4252 8464
4245 4273 8502
4169 4180 8344
4140 4186 8315
4298 4300 8582
4148 4259 8406
4194 4295 8487
4120 4154 8262
4231 4250 8477
4278 4289 8565
4195 4252 8439
4142 4186 8325
4193 4288 8453
4121 4290 8395
4252 4272 8505
4274 4288 8527
4108 4125 8228
4168 4296 8456
4167 4295 8436
4278 4288 8562
4114 4163 8256
4117 4164 8253
4259 4281 8527
4297 4300 8576
4250 4272 8515
4253 4266 8502
4280 4290 8560
4293 4295 8548
4225 4288 8491
4266 4293 8536
4276 4293 8544
4216 4269 8474
4271 4272 8542
4238 4284 8483
4213 4234 8423
4213 4218 8429
4229 4255 8453

0.010000 0.570000
