700
1712789
4158 4182 8340
4108 4196 8304
4084 4191 8275
4006 4041 8047
4031 4168 8199
4186 4196 8382
4097 4187 8284
4064 4065 8129
4108 4143 8251
4043 4083 8126
4162 4194 8356
4080 4139 8219
4013 4095 8108
4010 4158 8168
4115 4151 8266
4119 4135 8254
4198 4200 8398
4114 4126 8240
4187 4189 8376
4088 4101 8189
4107 4110 8217
4194 4196 8390
4037 4054 8091
4038 4070 8108
4114 4175 8289
4008 4100 8108
4182 4191 8373
4075 4180 8255
4096 4193 8289
4177 4192 8369
4175 4181 8356
4100 4124 8224
4168 4175 8343
4193 4198 8391
4045 4135 8180
4169 4187 8356
4177 4192 8369
4134 4156 8290
4127 4168 8295
4057 4126 8183
4054 4170 8224
4082 4149 8231
4039 4163 8202
4005 4167 8172
4187 4198 8385
4009 4151 8160
4163 4164 8327
4059 4132 8191
4110 4196 8306
4071 4138 8209
4045 4146 8191
4095 4186 8281
4140 4185 8325
4110 4174 8284
4098 4154 8252
4030 4059 8089
4093 4132 8225
4031 4145 8176
4151 4164 8315
4019 4078 8097
4073 4167 8240
4079 4109 8188
4010 4108 8118
4030 4055 8085
4172 4173 8345
4172 4186 8358
4031 4047 8078
4105 4163 8268
4151 4156 8307
4137 4188 8325
4024 4060 8084
4133 4190 8323
4024 4125 8149
4158 4169 8327
4146 4150 8296
4117 4127 8244
4197 4199 8396
4044 4142 8186
4166 4199 8365
4185 4195 8380
4092 4120 8212
4063 4151 8214
4029 4129 8158
4167 4199 8366
4117 4162 8279
4077 4130 8207
4102 4155 8257
4101 4152 8253
4132 4161 8293
4143 4177 8320
4172 4199 8371
4146 4198 8344
4105 4133 8238
4141 4180 8321
4018 4038 8056
4149 4185 8334
4025 4031 8056
4151 4185 8336
4066 4157 8223
4078 4148 8226
4146 4160 8306
4145 4162 8307
4014 4176 8190
4005 4018 8023
4034 4173 8207
4040 4199 8239
4054 4078 8132
4136 4169 8305
4145 4153 8298
4130 4141 8271
4179 4196 8375
4033 4035 8068
4159 4191 8350
4091 4166 8257
4089 4161 8250
4079 4099 8178
4064 4191 8255
4013 4084 8097
4075 4092 8167
4155 4181 8336
4119 4190 8309
4120 4137 8257
4051 4126 8177
4006 4060 8066
4007 4138 8145
4099 4131 8230
4105 4180 8285
4170 4196 8366
4169 4174 8343
4057 4150 8207
4126 4149 8275
4015 4165 8180
4146 4192 8338
4048 4091 8139
4025 4103 8128
4104 4160 8264
4180 4185 8365
4078 4159 8237
4080 4168 8248
4141 4173 8314
4127 4191 8318
4125 4168 8293
4058 4198 8256
4058 4064 8122
4073 4170 8243
4113 4181 8294
4099 4164 8263
4079 4197 8276
4195 4199 8394
4048 4081 8129
4145 4195 8340
4017 4148 8165
4021 4155 8176
4097 4198 8295
4023 4109 8132
4050 4120 8170
4092 4146 8238
4161 4191 8352
4015 4149 8164
4021 4175 8196
4186 4194 8380
4146 4180 8326
4012 4135 8147
4045 4084 8129
4135 4163 8298
4013 4197 8210
4183 4196 8379
4143 4188 8331
4101 4168 8269
4089 4183 8272
4098 4118 8216
4149 4158 8307
4105 4121 8226
4124 4190 8314
4163 4194 8357
4028 4084 8112
4072 4084 8156
4043 4094 8137
4147 4148 8295
4176 4186 8362
4191 4194 8385
4117 4157 8274
4143 4191 8334
4119 4137 8256
4088 4094 8182
4132 4169 8301
4069 4190 8259
4124 4159 8283
4001 4049 8050
4111 4179 8290
4122 4149 8271
4181 4185 8366
4069 4086 8155
4058 4108 8166
4107 4124 8231
4160 4168 8328
4120 4132 8252
4111 4139 8250
4026 4097 8123
4145 4190 8335
4015 4037 8052
4010 4137 8147
4003 4088 8091
4039 4054 8093
4166 4167 8333
4095 4144 8239
4159 4200 8359
4032 4144 8176
4173 4196 8369
4119 4146 8265
4144 4163 8307
4114 4179 8293
4124 4138 8262
4196 4197 8393
4037 4071 8108
4116 4161 8277
4038 4045 8083
4008 4136 8144
4191 4199 8390
4140 4185 8325
4131 4143 8274
4005 4145 8150
4044 4189 8233
4011 4188 8199
4058 4075 8133
4129 4152 8281
4179 4200 8379
4086 4099 8185
4175 4181 8356
4056 4069 8125
4121 4138 8259
4191 4195 8386
4152 4154 8306
4199 4200 8399
4171 4186 8357
4092 4123 8215
4189 4192 8381
4119 4191 8310
4077 4092 8169
4070 4130 8200
4104 4159 8263
4007 4033 8040
4122 4187 8309
4132 4197 8329
4130 4137 8267
4069 4150 8219
4099 4158 8257
4073 4100 8173
4144 4184 8328
4166 4181 8347
4180 4194 8374
4180 4195 8375
4149 4193 8342
4043 4086 8129
4132 4158 8290
4151 4196 8347
4105 4116 8221
4151 4172 8323
4021 4084 8105
4082 4104 8186
4162 4166 8328
4135 4155 8290
4077 4109 8186
4105 4155 8260
4153 4171 8324
4178 4193 8371
4171 4178 8349
4051 4109 8160
4087 4175 8262
4146 4193 8339
4053 4135 8188
4157 4158 8315
4137 4165 8302
4089 4175 8264
4161 4167 8328
4007 4047 8054
4137 4188 8325
4160 4200 8360
4138 4192 8330
4141 4170 8311
4118 4182 8300
4100 4142 8242
4076 4158 8234
4185 4189 8374
4110 4151 8261
4161 4175 8336
4139 4184 8323
4192 4200 8392
4170 4198 8368
4172 4199 8371
4008 4101 8109
4002 4095 8097
4010 4154 8164
4076 4168 8244
4133 4193 8326
4126 4189 8315
4170 4172 8342
4154 4194 8348
4154 4159 8313
4061 4165 8226
4132 4160 8292
4033 4077 8110
4128 4141 8269
4094 4096 8190
4191 4192 8383
4047 4126 8173
4133 4145 8278
4010 4130 8140
4104 4200 8304
4133 4191 8324
4129 4198 8327
4153 4175 8328
4183 4189 8372
4131 4164 8295
4112 4176 8288
4134 4146 8280
4101 4102 8203
4008 4176 8184
4024 4195 8219
4142 4174 8316
4028 4104 8132
4096 4114 8210
4036 4182 8218
4071 4175 8246
4007 4014 8021
4047 4184 8231
4169 4181 8350
4078 4181 8259
4034 4147 8181
4126 4183 8309
4193 4199 8392
4066 4101 8167
4188 4191 8379
4148 4196 8344
4077 4160 8237
4160 4174 8334
4163 4174 8337
4112 4142 8254
4127 4174 8301
4014 4183 8197
4016 4037 8053
4060 4071 8131
4120 4174 8294
4189 4197 8386
4013 4109 8122
4139 4166 8305
4167 4195 8362
4168 4191 8359
4035 4145 8180
4166 4193 8359
4179 4188 8367
4122 4145 8267
4128 4181 8309
4124 4172 8296
4122 4127 8249
4008 4172 8180
4136 4168 8304
4024 4082 8106
4001 4058 8059
4003 4143 8146
4187 4197 8384
4152 4161 8313
4046 4078 8124
4105 4165 8270
4150 4168 8318
4164 4165 8329
4012 4195 8207
4188 4194 8382
4157 4193 8350
4012 4158 8170
4055 4176 8231
4155 4196 8351
4121 4166 8287
4021 4036 8057
4064 4169 8233
4112 4197 8309
4118 4129 8247
4093 4174 8267
4009 4137 8146
4130 4158 8288
4088 4150 8238
4132 4137 8269
4036 4092 8128
4140 4198 8338
4070 4103 8173
4006 4160 8166
4169 4176 8345
4134 4152 8286
4143 4179 8322
4024 4152 8176
4182 4189 8371
4050 4120 8170
4083 4179 8262
4111 4172 8283
4091 4172 8263
4154 4176 8330
4108 4146 8254
4127 4190 8317
4014 4050 8064
4089 4182 8271
4029 4146 8175
4194 4197 8391
4075 4116 8191
4104 4136 8240
4195 4196 8391
4136 4181 8317
4144 4179 8323
4034 4130 8164
4059 4116 8175
4183 4188 8371
4063 4102 8165
4026 4170 8196
4196 4200 8396
4139 4142 8281
4028 4114 8142
4147 4184 8331
4094 4193 8287
4056 4079 8135
4033 4157 8190
4136 4147 8283
4066 4106 8172
4101 4162 8263
4199 4200 8399
4094 4161 8255
4019 4191 8210
4043 4109 8152
4160 4183 8343
4055 4164 8219
4180 4191 8371
4095 4187 8282
4170 4184 8354
4192 4196 8388
4075 4170 8245
4132 4166 8298
4173 4183 8356
4061 4174 8235
4142 4149 8291
4165 4178 8343
4152 4188 8340
4084 4198 8282
4140 4176 8316
4194 4195 8389
4000 4174 8174
4128 4166 8294
4191 4197 8388
4129 4135 8264
4058 4127 8185
4080 4117 8197
4120 4152 8272
4072 4193 8265
4155 4178 8333
4199 4200 8399
4106 4171 8277
4088 4134 8222
4044 4134 8178
4053 4055 8108
4139 4169 8308
4076 4080 8156
4171 4199 8370
4142 4180 8322
4111 4184 8295
4058 4152 8210
4032 4133 8165
4041 4119 8160
4135 4176 8311
4025 4061 8086
4116 4153 8269
4164 4171 8335
4057 4156 8213
4045 4087 8132
4080 4123 8203
4006 4100 8106
4177 4186 8363
4167 4178 8345
4084 4119 8203
4141 4146 8287
4032 4159 8191
4184 4185 8369
4166 4170 8336
4090 4105 8195
4043 4098 8141
4152 4174 8326
4197 4200 8397
4170 4199 8369
4127 4141 8268
4057 4112 8169
4046 4187 8233
4159 4161 8320
4130 4192 8322
4162 4167 8329
4062 4180 8242
4023 4049 8072
4141 4184 8325
4090 4149 8239
4128 4132 8260
4027 4109 8136
4064 4083 8147
4025 4189 8214
4193 4197 8390
4042 4135 8177
4037 4086 8123
4046 4070 8116
4161 4181 8342
4159 4166 8325
4130 4135 8265
4101 4136 8237
4028 4162 8190
4105 4117 8222
4040 4116 8156
4159 4169 8328
4129 4152 8281
4178 4193 8371
4040 4072 8112
4006 4158 8164
4010 4031 8041
4171 4195 8366
4152 4195 8347
4153 4165 8318
4068 4146 8214
4165 4175 8340
4026 4102 8128
4077 4121 8198
4056 4113 8169
4099 4180 8279
4037 4109 8146
4166 4193 8359
4083 4128 8211
4127 4196 8323
4191 4195 8386
4045 4181 8226
4147 4156 8303
4130 4136 8266
4002 4125 8127
4121 4139 8260
4090 4188 8278
4016 4033 8049
4070 4200 8270
4147 4176 8323
4199 4200 8399
4019 4127 8146
4031 4125 8156
4085 4101 8186
4026 4132 8158
4159 4167 8326
4199 4200 8399
4180 4200 8380
4191 4195 8386
4111 4166 8277
4135 4156 8291
4062 4071 8133
4079 4137 8216
4103 4129 8232
4137 4198 8335
4157 4161 8318
4034 4172 8206
4041 4142 8183
4033 4145 8178
4101 4189 8290
4064 4095 8159
4164 4175 8339
4028 4169 8197
4019 4038 8057
4170 4173 8343
4026 4180 8206
4168 4171 8339
4127 4164 8291
4172 4177 8349
4136 4175 8311
4014 4135 8149
4155 4185 8340
4053 4184 8237
4020 4081 8101
4117 4136 8253
4100 4151 8251
4137 4156 8293
4034 4103 8137
4184 4196 8380
4169 4171 8340
4166 4185 8351
4008 4160 8168
4186 4188 8374
4010 4134 8144
4181 4199 8380
4188 4200 8388
4152 4173 8325
4059 4192 8251
4155 4192 8347
4082 4180 8262
4183 4184 8367
4121 4158 8279
4136 4179 8315
4011 4028 8039
4063 4165 8228
4108 4169 8277
4078 4165 8243
4058 4114 8172
4047 4118 8165
4191 4200 8391
4046 4164 8210
4192 4199 8391
4090 4128 8218
4028 4117 8145
4095 4109 8204
4107 4189 8296
4170 4180 8350
4115 4155 8270
4119 4193 8312
4083 4119 8202
4107 4146 8253
4028 4126 8154
4174 4198 8372
4006 4168 8174
4114 4145 8259
4132 4141 8273
4184 4199 8383
4117 4188 8305
4071 4173 8244
4197 4200 8397
4139 4143 8282
4158 4168 8326
4176 4199 8375
4025 4062 8087
4170 4191 8361
4091 4154 8245
4160 4194 8354
4096 4179 8275
4040 4173 8213
4123 4173 8296
4143 4174 8317
4120 4157 8277
4120 4197 8317
4104 4144 8248
4170 4182 8352
4190 4199 8389
4019 4180 8199
4049 4052 8101
4021 4192 8213
4082 4104 8186
4123 4194 8317
4001 4145 8146
4119 4166 8285
4103 4147 8250
4175 4183 8358
4152 4159 8311
4159 4182 8341
4035 4134 8169
4063 4161 8224
4169 4178 8347
4174 4196 8370
4044 4172 8216
4123 4177 8300
4164 4183 8347
4124 4185 8309
4117 4148 8265
4174 4178 8352
4173 4200 8373
4062 4064 8126
4024 4097 8121
4175 4178 8353
4117 4137 8254
4023 4190 8213
4124 4185 8309
4138 4177 8315
4143 4190 8333
4173 4186 8359
4160 4186 8346
4140 4143 8283
4078 4100 8178
4199 4200 8399
4193 4199 8392
4109 4173 8282
4101 4154 8255
4158 4176 8334
4097 4109 8206
4186 4189 8375
4023 4037 8060
4049 4124 8173
4169 4194 8363
4099 4181 8280
4041 4129 8170
4116 4166 8282
4065 4078 8143
4161 4179 8340
4069 4087 8156
4139 4164 8303
4077 4187 8264
4156 4174 8330
4112 4183 8295
4194 4197 8391
4122 4191 8313
4091 4191 8282
4199 4200 8399
4184 4194 8378
4090 4154 8244
4085 4183 8268
4030 4050 8080
4061 4108 8169
4148 4193 8341
4023 4041 8064
4089 4196 8285

4258 4282 8516
4208 4296 8487
4184 4291 8459
4106 4141 8224
4131 4268 8374
4286 4296 8555
4197 4287 8457
4164 4165 8298
4208 4243 8427
4143 4183 8294
4262 4294 8526
4180 4239 8416
4113 4195 8275
4110 4258 8360
4215 4251 8442
4219 4235 8426
4298 4300 8585
4214 4226 8427
4287 4289 8573
4188 4201 8376
4207 4210 8401
4294 4296 8552
4137 4154 8263
4138 4170 8292
4214 4275 8475
4108 4200 8302
4282 4291 8533
4175 4280 8441
4196 4293 8466
4277 4292 8555
4275 4281 8542
4200 4224 8422
4268 4275 8529
4293 4298 8563
4145 4235 8352
4269 4287 8541
4277 4292 8541
4234 4256 8482
4227 4268 8465
4157 4226 8376
4154 4270 8423
4182 4249 8417
4139 4263 8389
4105 4267 8367
4287 4298 8561
4109 4251 8359
4263 4264 8487
4159 4232 8376
4210 4296 8499
4171 4238 8383
4145 4246 8360
4195 4286 8471
4240 4285 8500
4210 4274 8466
4198 4254 8436
4130 4159 8285
4193 4232 8394
4131 4245 8354
4251 4264 8485
4119 4178 8273
4173 4267 8401
4179 4209 8355
4110 4208 8291
4130 4155 8264
4272 4273 8541
4272 4286 8535
4131 4147 8257
4205 4263 8457
4251 4256 8495
4237 4288 8519
4124 4160 8252
4233 4290 8507
4124 4225 8347
4258 4269 8503
4246 4250 8484
4217 4227 8420
4297 4299 8582
4144 4242 8376
4266 4299 8539
4285 4295 8561
4192 4220 8376
4163 4251 8383
4129 4229 8323
4267 4299 8564
4217 4262 8476
4177 4230 8402
4202 4255 8433
4201 4252 8446
4232 4261 8473
4243 4277 8499
4272 4299 8541
4246 4298 8522
4205 4233 8421
4241 4280 8482
4118 4138 8246
4249 4285 8496
4125 4131 8224
4251 4285 8525
4166 4257 8397
4178 4248 8415
4246 4260 8489
4245 4262 8469
4114 4276 8366
4105 4118 8215
4134 4273 8387
4140 4299 8438
4154 4178 8328
4236 4269 8468
4245 4253 8496
4230 4241 8439
4279 4296 8535
4133 4135 8229
4259 4291 8530
4191 4266 8452
4189 4261 8442
4179 4199 8349
4164 4291 8449
4113 4184 8265
4175 4192 8342
4255 4281 8535
4219 4290 8505
4220 4237 8430
4151 4226 8351
4106 4160 8237
4107 4238 8330
4199 4231 8414
4205 4280 8445
4270 4296 8545
4269 4274 8520
4157 4250 8368
4226 4249 8437
4115 4265 8350
4246 4292 8519
4148 4191 8333
4125 4203 8313
4204 4260 8441
4280 4285 8528
4178 4259 8399
4180 4268 8411
4241 4273 8494
4227 4291 8481
4225 4268 8458
4158 4298 8418
4158 4164 8320
4173 4270 8411
4213 4281 8493
4199 4264 8454
4179 4297 8474
4295 4299 8562
4148 4181 8296
4245 4295 8505
4117 4248 8329
4121 4255 8370
4197 4298 8484
4123 4209 8331
4150 4220 8355
4192 4246 8431
4261 4291 8514
4115 4249 8358
4121 4275 8369
4286 4294 8576
4246 4280 8514
4112 4235 8310
4145 4184 8315
4235 4263 8497
4113 4297 8391
4283 4296 8565
4243 4288 8525
4201 4268 8461
4189 4283 8442
4198 4218 8379
4249 4258 8472
4205 4221 8419
4224 4290 8481
4263 4294 8519
4128 4184 8301
4172 4184 8326
4143 4194 8317
4247 4248 8469
4276 4286 8536
4291 4294 8549
4217 4257 8440
4243 4291 8510
4219 4237 8422
4188 4194 8359
4232 4269 8500
4169 4290 8425
4224 4259 8451
4101 4149 8246
4211 4279 8453
4222 4249 8468
4281 4285 8546
4169 4186 8323
4158 4208 8355
4207 4224 8394
4260 4268 8513
4220 4232 8416
4211 4239 8413
4126 4197 8290
4245 4290 8514
4115 4137 8244
4110 4237 8340
4103 4188 8281
4139 4154 8284
4266 4267 8517
4195 4244 8407
4259 4300 8554
4132 4244 8351
4273 4296 8533
4219 4246 8428
4244 4263 8482
4214 4279 8485
4224 4238 8454
4296 4297 8567
4137 4171 8281
4216 4261 8437
4138 4145 8266
4108 4236 8305
4291 4299 8577
4240 4285 8517
4231 4243 8438
4105 4245 8340
4144 4289 8407
4111 4288 8393
4158 4175 8299
4229 4252 8450
4279 4300 8560
4186 4199 8351
4275 4281 8520
4156 4169 8313
4221 4238 8445
4291 4295 8557
4252 4254 8478
4299 4300 8561
4271 4286 8525
4192 4223 8409
4289 4292 8574
4219 4291 8503
4177 4192 8358
4170 4230 8384
4204 4259 8428
4107 4133 8201
4222 4287 8477
4232 4297 8497
4230 4237 8446
4169 4250 8395
4199 4258 8452
4173 4200 8367
4244 4284 8516
4266 4281 8514
4280 4294 8566
4280 4295 8547
4249 4293 8504
4143 4186 8300
4232 4258 8464
4251 4296 8520
4205 4216 8419
4251 4272 8486
4121 4184 8280
4182 4204 8358
4262 4266 8511
4235 4255 8481
4177 4209 8385
4205 4255 8440
4253 4271 8488
4278 4293 8559
4271 4278 8546
4151 4209 8344
4187 4275 8424
4246 4293 8516
4153 4235 8386
4257 4258 8506
4237 4265 8488
4189 4275 8430
4261 4267 8505
4107 4147 8233
4237 4288 8490
4260 4300 8535
4238 4292 8490
4241 4270 8510
4218 4282 8492
4200 4242 8427
4176 4258 8397
4285 4289 8544
4210 4251 8435
4261 4275 8523
4239 4284 8522
4292 4300 8585
4270 4298 8546
4272 4299 8560
4108 4201 8283
4102 4195 8259
4110 4254 8361
4176 4268 8424
4233 4293 8501
4226 4289 8488
4270 4272 8536
4254 4294 8513
4254 4259 8484
4161 4265 8399
4232 4260 8467
4133 4177 8309
4228 4241 8454
4194 4196 8356
4291 4292 8546
4147 4226 8337
4233 4245 8448
4110 4230 8308
4204 4300 8502
4233 4291 8515
4229 4298 8525
4253 4275 8509
4283 4289 8562
4231 4264 8484
4212 4276 8459
4234 4246 8467
4201 4202 8370
4108 4276 8362
4124 4295 8385
4242 4274 8483
4128 4204 8316
4196 4214 8379
4136 4282 8408
4171 4275 8411
4107 4114 8194
4147 4284 8411
4269 4281 8537
4178 4281 8430
4134 4247 8344
4226 4283 8503
4293 4299 8555
4166 4201 8334
4288 4291 8542
4248 4296 8542
4177 4260 8405
4260 4274 8495
4263 4274 8513
4212 4242 8419
4227 4274 8487
4114 4283 8373
4116 4137 8238
4160 4171 8328
4220 4274 8469
4289 4297 8585
4113 4209 8289
4239 4266 8484
4267 4295 8555
4268 4291 8543
4135 4245 8357
4266 4293 8529
4279 4288 8556
4222 4245 8449
4228 4281 8472
4224 4272 8494
4222 4227 8445
4108 4272 8356
4236 4268 8470
4124 4182 8288
4101 4158 8223
4103 4243 8310
4287 4297 8545
4252 4261 8487
4146 4178 8312
4205 4265 8435
4250 4268 8503
4264 4265 8492
4112 4295 8375
4288 4294 8549
4257 4293 8512
4112 4258 8335
4155 4276 8403
4255 4296 8518
4221 4266 8470
4121 4136 8256
4164 4269 8417
4212 4297 8482
4218 4229 8432
4193 4274 8450
4109 4237 8342
4230 4258 8455
4188 4250 8424
4232 4237 8452
4136 4192 8325
4240 4298 8530
4170 4203 8352
4106 4260 8354
4269 4276 8522
4234 4252 8465
4243 4279 8512
4124 4252 8355
4282 4289 8531
4150 4220 8337
4183 4279 8442
4211 4272 8481
4191 4272 8450
4254 4276 8513
4208 4246 8415
4227 4290 8514
4114 4150 8254
4189 4282 8447
4129 4246 8365
4294 4297 8570
4175 4216 8355
4204 4236 8400
4295 4296 8590
4236 4281 8484
4244 4279 8484
4134 4230 8337
4159 4216 8358
4283 4288 8557
4163 4202 8347
4126 4270 8374
4296 4300 8582
4239 4242 8477
4128 4214 8340
4247 4284 8527
4194 4293 8470
4156 4179 8312
4133 4257 8359
4236 4247 8479
4166 4206 8335
4201 4262 8424
4299 4300 8576
4194 4261 8453
4119 4291 8379
4143 4209 8346
4260 4283 8526
4155 4264 8397
4280 4291 8540
4195 4287 8466
4270 4284 8551
4292 4296 8568
4175 4270 8417
4232 4266 8466
4273 4283 8519
4161 4274 8431
4242 4249 8472
4265 4278 8529
4252 4288 8510
4184 4298 8454
4240 4276 8513
4294 4295 8570
4100 4274 8366
4228 4266 8469
4291 4297 8557
4229 4235 8458
4158 4227 8360
4180 4217 8360
4220 4252 8467
4172 4293 8428
4255 4278 8508
4299 4300 8588
4206 4271 8463
4188 4234 8387
4144 4234 8366
4153 4155 8269
4239 4269 8482
4176 4180 8330
4271 4299 8553
4242 4280 8506
4211 4284 8466
4158 4252 8389
4132 4233 8351
4141 4219 8330
4235 4276 8505
4125 4161 8258
4216 4253 8448
4264 4271 8495
4157 4256 8386
4145 4187 8298
4180 4223 8367
4106 4200 8282
4277 4286 8562
4267 4278 8529
4184 4219 8389
4241 4246 8471
4132 4259 8355
4284 4285 8530
4266 4270 8506
4190 4205 8358
4143 4198 8330
4252 4274 8491
4297 4300 8581
4270 4299 8552
4227 4241 8449
4157 4212 8349
4146 4287 8403
4259 4261 8516
4230 4292 8516
4262 4267 8507
4162 4280 8415
4123 4149 8234
4241 4284 8492
4190 4249 8416
4228 4232 8444
4127 4209 8317
4164 4183 8328
4125 4289 8385
4293 4297 8584
4142 4235 8365
4137 4186 8284
4146 4170 8279
4261 4281 8531
4259 4266 8507
4230 4235 8460
4201 4236 8411
4128 4262 8370
4205 4217 8410
4140 4216 8332
4259 4269 8503
4229 4252 8458
4278 4293 8543
4140 4172 8292
4106 4258 8344
4110 4131 8204
4271 4295 8528
4252 4295 8534
4253 4265 8508
4168 4246 8391
4265 4275 8537
4126 4202 8303
4177 4221 8395
4156 4213 8368
4199 4280 8441
4137 4209 8329
4266 4293 8530
4183 4228 8402
4227 4296 8522
4291 4295 8550
4145 4281 8409
4247 4256 8465
4230 4236 8447
4102 4225 8297
4221 4239 8444
4190 4288 8454
4116 4133 8248
4170 4300 8441
4247 4276 8512
4299 4300 8583
4119 4227 8310
4131 4225 8322
4185 4201 8382
4126 4232 8336
4259 4267 8518
4299 4300 8573
4280 4300 8549
4291 4295 8559
4211 4266 8460
4235 4256 8479
4162 4171 8322
4179 4237 8404
4203 4229 8399
4237 4298 8516
4257 4261 8484
4134 4272 8395
4141 4242 8361
4133 4245 8341
4201 4289 8485
4164 4195 8320
4264 4275 8500
4128 4269 8363
4119 4138 8220
4270 4273 8536
4126 4280 8389
4268 4271 8532
4227 4264 8456
4272 4277 8528
4236 4275 8494
4114 4235 8348
4255 4285 8505
4153 4284 8411
4120 4181 8271
4217 4236 8436
4200 4251 8426
4237 4256 8479
4134 4203 8317
4284 4296 8561
4269 4271 8515
4266 4285 8544
4108 4260 8363
4286 4288 8551
4110 4234 8332
4281 4299 8550
4288 4300 8556
4252 4273 8504
4159 4292 8430
4255 4292 8546
4182 4280 8439
4283 4284 8551
4221 4258 8472
4236 4279 8483
4111 4128 8205
4163 4265 8402
4208 4269 8457
4178 4265 8433
4158 4214 8348
4147 4218 8361
4291 4300 8579
4146 4264 8380
4292 4299 8568
4190 4228 8383
4128 4217 8324
4195 4209 8385
4207 4289 8466
4270 4280 8542
4215 4255 8430
4219 4293 8491
4183 4219 8385
4207 4246 8449
4128 4226 8336
4274 4298 8549
4106 4268 8371
4214 4245 8436
4232 4241 8464
4284 4299 8555
4217 4288 8499
4171 4273 8412
4297 4300 8573
4239 4243 8474
4258 4268 8489
4276 4299 8560
4125 4162 8280
4270 4291 8552
4191 4254 8436
4260 4294 8535
4196 4279 8442
4140 4273 8411
4223 4273 8458
4243 4274 8500
4220 4257 8451
4220 4297 8497
4204 4244 8408
4270 4282 8522
4290 4299 8584
4119 4280 8377
4149 4152 8291
4121 4292 8376
4182 4204 8364
4223 4294 8515
4101 4245 8319
4219 4266 8449
4203 4247 8418
4275 4283 8530
4252 4259 8489
4259 4282 8521
4135 4234 8363
4163 4261 8396
4269 4278 8542
4274 4296 8542
4144 4272 8390
4223 4277 8470
4264 4283 8520
4224 4285 8504
4217 4248 8450
4274 4278 8515
4273 4300 8561
4162 4164 8293
4124 4197 8301
4275 4278 8534
4217 4237 8449
4123 4290 8411
4224 4285 8479
4238 4277 8492
4243 4290 8528
4273 4286 8520
4260 4286 8530
4240 4243 8474
4178 4200 8352
4299 4300 8569
4293 4299 8555
4209 4273 8451
4201 4254 8453
4258 4276 8506
4197 4209 8386
4286 4289 8571
4123 4137 8236
4149 4224 8371
4269 4294 8537
4199 4281 8469
4141 4229 8356
4216 4266 8463
4165 4178 8332
4261 4279 8539
4169 4187 8317
4239 4264 8493
4177 4287 8445
4256 4274 8501
4212 4283 8461
4294 4297 8561
4222 4291 8501
4191 4291 8454
4299 4300 8584
4284 4294 8565
4190 4254 8408
4185 4283 8434
4130 4150 8241
4161 4208 8357
4248 4293 8515
4123 4141 8249
4189 4296 8477

0.010000 0.290000
