900
4856393
4119 4181 8300
4161 4166 8327
4055 4140 8195
4092 4151 8243
4030 4063 8093
4036 4132 8168
4020 4134 8154
4124 4149 8273
4034 4149 8183
4058 4078 8136
4064 4115 8179
4054 4087 8141
4151 4181 8332
4041 4128 8169
4104 4185 8289
4089 4193 8282
4012 4062 8074
4045 4058 8103
4191 4195 8386
4095 4135 8230
4164 4195 8359
4113 4149 8262
4115 4148 8263
4065 4191 8256
4106 4173 8279
4166 4173 8339
4143 4158 8301
4147 4199 8346
4181 4196 8377
4128 4145 8273
4034 4074 8108
4130 4136 8266
4029 4132 8161
4031 4172 8203
4182 4194 8376
4189 4197 8386
4028 4148 8176
4035 4114 8149
4019 4164 8183
4105 4200 8305
4009 4024 8033
4187 4188 8375
4149 4167 8316
4049 4056 8105
4041 4097 8138
4078 4181 8259
4155 4172 8327
4093 4184 8277
4111 4121 8232
4010 4040 8050
4002 4126 8128
4017 4065 8082
4174 4196 8370
4085 4145 8230
4026 4084 8110
4001 4136 8137
4053 4064 8117
4114 4128 8242
4071 4129 8200
4106 4144 8250
4186 4194 8380
4086 4140 8226
4163 4169 8332
4004 4138 8142
4106 4161 8267
4027 4095 8122
4018 4170 8188
4023 4124 8147
4113 4138 8251
4091 4154 8245
4111 4117 8228
4194 4198 8392
4117 4138 8255
4016 4044 8060
4085 4165 8250
4155 4195 8350
4168 4191 8359
4171 4178 8349
4057 4176 8233
4035 4067 8102
4198 4200 8398
4067 4147 8214
4006 4067 8073
4033 4049 8082
4051 4062 8113
4055 4066 8121
4169 4186 8355
4033 4055 8088
4025 4127 8152
4103 4164 8267
4054 4067 8121
4142 4192 8334
4169 4190 8359
4039 4128 8167
4075 4144 8219
4189 4190 8379
4008 4075 8083
4181 4195 8376
4012 4158 8170
4011 4096 8107
4132 4158 8290
4141 4155 8296
4023 4076 8099
4025 4060 8085
4072 4077 8149
4034 4170 8204
4169 4187 8356
4045 4170 8215
4108 4193 8301
4199 4200 8399
4097 4124 8221
4124 4129 8253
4177 4181 8358
4133 4182 8315
4028 4091 8119
4047 4048 8095
4171 4186 8357
4055 4079 8134
4024 4100 8124
4123 4167 8290
4104 4123 8227
4188 4199 8387
4117 4129 8246
4165 4198 8363
4081 4110 8191
4180 4182 8362
4153 4199 8352
4173 4174 8347
4126 4189 8315
4062 4188 8250
4060 4146 8206
4144 4153 8297
4191 4193 8384
4176 4180 8356
4188 4189 8377
4020 4169 8189
4120 4151 8271
4064 4144 8208
4017 4049 8066
4071 4132 8203
4126 4197 8323
4162 4165 8327
4123 4191 8314
4096 4150 8246
4199 4200 8399
4162 4194 8356
4003 4072 8075
4074 4166 8240
4167 4170 8337
4036 4150 8186
4136 4156 8292
4126 4182 8308
4176 4196 8372
4161 4192 8353
4196 4200 8396
4031 4200 8231
4066 4164 8230
4052 4128 8180
4046 4188 8234
4139 4183 8322
4164 4194 8358
4141 4156 8297
4009 4077 8086
4096 4112 8208
4153 4160 8313
4109 4200 8309
4133 4147 8280
4100 4126 8226
4055 4179 8234
4034 4133 8167
4156 4194 8350
4161 4178 8339
4076 4089 8165
4180 4183 8363
4120 4198 8318
4015 4154 8169
4018 4065 8083
4009 4121 8130
4188 4197 8385
4076 4179 8255
4197 4198 8395
4134 4197 8331
4153 4170 8323
4193 4199 8392
4139 4144 8283
4150 4173 8323
4146 4153 8299
4142 4164 8306
4124 4180 8304
4151 4175 8326
4105 4187 8292
4032 4183 8215
4130 4196 8326
4162 4186 8348
4188 4190 8378
4081 4083 8164
4138 4196 8334
4002 4107 8109
4187 4194 8381
4144 4150 8294
4076 4171 8247
4041 4158 8199
4099 4121 8220
4186 4196 8382
4071 4113 8184
4062 4153 8215
4000 4087 8087
4041 4149 8190
4033 4052 8085
4170 4183 8353
4087 4088 8175
4091 4186 8277
4111 4153 8264
4141 4149 8290
4114 4161 8275
4101 4195 8296
4192 4197 8389
4188 4199 8387
4071 4120 8191
4144 4164 8308
4015 4069 8084
4093 4113 8206
4043 4051 8094
4092 4184 8276
4008 4017 8025
4069 4144 8213
4140 4165 8305
4028 4062 8090
4186 4199 8385
4073 4108 8181
4141 4153 8294
4066 4165 8231
4055 4149 8204
4115 4138 8253
4142 4171 8313
4068 4197 8265
4184 4192 8376
4031 4181 8212
4146 4183 8329
4093 4148 8241
4012 4174 8186
4174 4198 8372
4115 4188 8303
4104 4129 8233
4043 4131 8174
4034 4072 8106
4131 4145 8276
4058 4123 8181
4047 4074 8121
4042 4080 8122
4021 4049 8070
4159 4168 8327
4187 4195 8382
4183 4189 8372
4140 4186 8326
4055 4195 8250
4022 4181 8203
4143 4152 8295
4194 4196 8390
4009 4103 8112
4001 4013 8014
4194 4197 8391
4188 4190 8378
4032 4161 8193
4103 4128 8231
4131 4144 8275
4124 4183 8307
4165 4181 8346
4141 4148 8289
4136 4149 8285
4103 4125 8228
4021 4102 8123
4100 4196 8296
4188 4197 8385
4176 4183 8359
4107 4142 8249
4195 4200 8395
4076 4152 8228
4014 4149 8163
4032 4109 8141
4152 4181 8333
4016 4137 8153
4065 4181 8246
4057 4062 8119
4048 4071 8119
4076 4121 8197
4107 4122 8229
4081 4169 8250
4068 4140 8208
4136 4144 8280
4189 4197 8386
4176 4182 8358
4007 4077 8084
4051 4072 8123
4088 4191 8279
4044 4173 8217
4110 4132 8242
4190 4198 8388
4005 4014 8019
4190 4196 8386
4160 4199 8359
4008 4192 8200
4183 4200 8383
4167 4185 8352
4047 4172 8219
4012 4101 8113
4087 4165 8252
4107 4122 8229
4181 4185 8366
4051 4159 8210
4001 4129 8130
4086 4109 8195
4099 4152 8251
4087 4150 8237
4086 4098 8184
4151 4178 8329
4158 4176 8334
4013 4091 8104
4025 4107 8132
4130 4185 8315
4154 4171 8325
4134 4176 8310
4054 4158 8212
4088 4090 8178
4052 4123 8175
4158 4180 8338
4160 4174 8334
4028 4103 8131
4003 4174 8177
4038 4136 8174
4162 4168 8330
4190 4199 8389
4016 4163 8179
4167 4181 8348
4129 4191 8320
4004 4093 8097
4046 4113 8159
4055 4076 8131
4112 4118 8230
4058 4140 8198
4051 4131 8182
4128 4151 8279
4164 4169 8333
4078 4148 8226
4120 4164 8284
4030 4119 8149
4082 4133 8215
4032 4082 8114
4141 4195 8336
4024 4143 8167
4133 4171 8304
4153 4161 8314
4057 4086 8143
4163 4190 8353
4093 4140 8233
4123 4139 8262
4177 4192 8369
4043 4200 8243
4196 4200 8396
4072 4186 8258
4150 4193 8343
4154 4191 8345
4115 4180 8295
4167 4187 8354
4076 4141 8217
4149 4182 8331
4117 4198 8315
4164 4167 8331
4097 4143 8240
4092 4162 8254
4066 4071 8137
4086 4121 8207
4036 4090 8126
4098 4104 8202
4176 4185 8361
4094 4151 8245
4151 4198 8349
4061 4103 8164
4133 4135 8268
4038 4057 8095
4141 4179 8320
4159 4200 8359
4144 4176 8320
4031 4148 8179
4031 4171 8202
4150 4159 8309
4161 4200 8361
4095 4179 8274
4044 4115 8159
4056 4144 8200
4118 4135 8253
4194 4200 8394
4127 4181 8308
4019 4146 8165
4071 4118 8189
4127 4139 8266
4030 4087 8117
4083 4126 8209
4124 4159 8283
4142 4171 8313
4073 4181 8254
4067 4080 8147
4014 4192 8206
4032 4156 8188
4096 4130 8226
4169 4179 8348
4076 4131 8207
4047 4188 8235
4008 4074 8082
4029 4180 8209
4072 4075 8147
4015 4044 8059
4127 4164 8291
4018 4106 8124
4097 4142 8239
4172 4174 8346
4101 4150 8251
4191 4196 8387
4130 4140 8270
4069 4130 8199
4006 4198 8204
4199 4200 8399
4011 4069 8080
4104 4125 8229
4183 4185 8368
4183 4190 8373
4119 4164 8283
4192 4198 8390
4093 4150 8243
4080 4125 8205
4190 4191 8381
4196 4198 8394
4188 4191 8379
4197 4199 8396
4036 4134 8170
4184 4194 8378
4078 4177 8255
4038 4194 8232
4065 4097 8162
4081 4084 8165
4075 4125 8200
4021 4081 8102
4043 4145 8188
4188 4195 8383
4057 4166 8223
4023 4124 8147
4033 4093 8126
4080 4172 8252
4004 4162 8166
4087 4200 8287
4090 4182 8272
4021 4046 8067
4176 4199 8375
4127 4174 8301
4062 4172 8234
4076 4196 8272
4108 4195 8303
4072 4093 8165
4026 4156 8182
4192 4195 8387
4169 4180 8349
4036 4106 8142
4154 4162 8316
4140 4171 8311
4196 4200 8396
4033 4177 8210
4123 4156 8279
4038 4106 8144
4024 4166 8190
4119 4164 8283
4079 4095 8174
4164 4171 8335
4080 4120 8200
4093 4096 8189
4173 4175 8348
4197 4200 8397
4148 4177 8325
4016 4046 8062
4192 4199 8391
4186 4190 8376
4114 4158 8272
4141 4163 8304
4006 4195 8201
4134 4183 8317
4120 4185 8305
4185 4191 8376
4021 4047 8068
4044 4198 8242
4167 4190 8357
4142 4200 8342
4081 4135 8216
4103 4182 8285
4018 4064 8082
4104 4121 8225
4089 4146 8235
4087 4154 8241
4191 4197 8388
4063 4163 8226
4187 4190 8377
4033 4035 8068
4165 4199 8364
4183 4186 8369
4053 4087 8140
4063 4168 8231
4160 4189 8349
4174 4200 8374
4174 4192 8366
4090 4157 8247
4009 4192 8201
4093 4164 8257
4077 4145 8222
4116 4167 8283
4145 4150 8295
4026 4178 8204
4033 4130 8163
4074 4150 8224
4168 4174 8342
4100 4159 8259
4040 4042 8082
4136 4197 8333
4033 4059 8092
4087 4116 8203
4116 4147 8263
4047 4165 8212
4096 4183 8279
4154 4161 8315
4066 4189 8255
4045 4062 8107
4079 4114 8193
4080 4198 8278
4189 4197 8386
4027 4094 8121
4054 4120 8174
4083 4132 8215
4020 4074 8094
4003 4114 8117
4153 4189 8342
4190 4196 8386
4072 4114 8186
4026 4153 8179
4071 4095 8166
4164 4177 8341
4161 4187 8348
4092 4108 8200
4056 4117 8173
4052 4173 8225
4169 4178 8347
4183 4197 8380
4166 4200 8366
4120 4192 8312
4168 4185 8353
4178 4187 8365
4048 4101 8149
4142 4196 8338
4050 4180 8230
4159 4161 8320
4043 4170 8213
4181 4186 8367
4054 4064 8118
4149 4195 8344
4067 4076 8143
4075 4173 8248
4105 4171 8276
4114 4148 8262
4137 4153 8290
4029 4105 8134
4043 4082 8125
4040 4101 8141
4076 4158 8234
4144 4176 8320
4073 4103 8176
4079 4120 8199
4053 4142 8195
4135 4182 8317
4011 4110 8121
4163 4168 8331
4006 4162 8168
4197 4200 8397
4198 4199 8397
4182 4186 8368
4156 4164 8320
4181 4190 8371
4021 4080 8101
4121 4145 8266
4133 4172 8305
4136 4197 8333
4147 4162 8309
4046 4067 8113
4195 4199 8394
4190 4199 8389
4157 4181 8338
4129 4169 8298
4106 4175 8281
4048 4057 8105
4022 4187 8209
4039 4083 8122
4047 4091 8138
4116 4198 8314
4091 4192 8283
4022 4111 8133
4186 4190 8376
4137 4158 8295
4169 4194 8363
4063 4164 8227
4037 4198 8235
4189 4195 8384
4164 4182 8346
4073 4193 8266
4037 4105 8142
4013 4045 8058
4153 4178 8331
4103 4133 8236
4169 4188 8357
4036 4074 8110
4110 4131 8241
4044 4155 8199
4049 4140 8189
4142 4178 8320
4024 4127 8151
4165 4194 8359
4177 4180 8357
4015 4110 8125
4142 4155 8297
4143 4148 8291
4054 4083 8137
4199 4200 8399
4149 4189 8338
4122 4188 8310
4048 4153 8201
4025 4054 8079
4092 4170 8262
4029 4190 8219
4114 4129 8243
4107 4110 8217
4033 4105 8138
4107 4196 8303
4126 4141 8267
4103 4193 8296
4019 4128 8147
4094 4146 8240
4092 4183 8275
4050 4056 8106
4114 4121 8235
4154 4155 8309
4092 4106 8198
4028 4180 8208
4052 4186 8238
4124 4152 8276
4195 4197 8392
4001 4049 8050
4145 4158 8303
4116 4124 8240
4003 4069 8072
4071 4081 8152
4041 4160 8201
4176 4200 8376
4142 4198 8340
4033 4128 8161
4174 4175 8349
4194 4198 8392
4020 4039 8059
4122 4176 8298
4141 4195 8336
4164 4178 8342
4163 4173 8336
4197 4198 8395
4184 4190 8374
4083 4144 8227
4112 4129 8241
4036 4113 8149
4145 4187 8332
4057 4139 8196
4155 4179 8334
4030 4114 8144
4176 4178 8354
4158 4191 8349
4039 4168 8207
4086 4183 8269
4022 4056 8078
4097 4144 8241
4114 4136 8250
4057 4131 8188
4053 4068 8121
4179 4183 8362
4178 4198 8376
4031 4132 8163
4024 4033 8057
4044 4142 8186
4010 4178 8188
4189 4197 8386
4199 4200 8399
4169 4183 8352
4140 4149 8289
4129 4134 8263
4166 4179 8345
4197 4200 8397
4111 4180 8291
4119 4148 8267
4063 4190 8253
4110 4147 8257
4114 4115 8229
4100 4182 8282
4037 4038 8075
4195 4197 8392
4154 4180 8334
4144 4176 8320
4019 4067 8086
4149 4177 8326
4145 4162 8307
4152 4174 8326
4133 4199 8332
4027 4049 8076
4120 4175 8295
4156 4185 8341
4013 4167 8180
4009 4132 8141
4199 4200 8399
4182 4189 8371
4184 4198 8382
4154 4173 8327
4170 4180 8350
4043 4090 8133
4115 4131 8246
4133 4195 8328
4070 4161 8231
4022 4105 8127
4096 4162 8258
4054 4150 8204
4045 4158 8203
4122 4152 8274
4022 4092 8114
4150 4188 8338
4174 4183 8357
4063 4168 8231
4096 4130 8226
4028 4192 8220
4153 4197 8350
4057 4178 8235
4005 4015 8020
4101 4144 8245
4170 4171 8341
4132 4159 8291
4160 4190 8350
4073 4098 8171
4036 4119 8155
4180 4187 8367
4169 4186 8355
4175 4179 8354
4120 4191 8311
4068 4104 8172
4188 4199 8387
4012 4172 8184
4110 4119 8229
4044 4108 8152
4088 4192 8280
4087 4137 8224
4036 4100 8136
4159 4179 8338
4155 4166 8321
4192 4200 8392
4157 4185 8342
4189 4194 8383
4028 4077 8105
4177 4194 8371
4123 4179 8302
4078 4102 8180
4018 4159 8177
4076 4082 8158
4096 4140 8236
4032 4077 8109
4076 4185 8261
4007 4188 8195
4066 4188 8254
4178 4199 8377
4080 4166 8246
4157 4165 8322
4158 4177 8335
4152 4172 8324
4112 4166 8278
4190 4195 8385
4119 4170 8289
4185 4196 8381
4098 4151 8249
4016 4037 8053
4022 4162 8184
4039 4067 8106
4103 4136 8239
4143 4198 8341
4012 4113 8125
4054 4166 8220
4102 4115 8217
4131 4163 8294
4046 4186 8232
4177 4192 8369
4034 4173 8207
4008 4048 8056
4154 4187 8341
4016 4157 8173
4130 4158 8288
4083 4185 8268
4127 4164 8291
4101 4161 8262
4024 4055 8079
4066 4144 8210
4041 4130 8171
4096 4194 8290
4101 4171 8272
4093 4174 8267
4190 4200 8390
4025 4162 8187
4018 4070 8088
4043 4162 8205
4162 4182 8344
4150 4166 8316
4042 4142 8184
4159 4170 8329
4042 4165 8207
4117 4196 8313
4159 4181 8340
4157 4172 8329
4040 4126 8166
4075 4123 8198
4162 4185 8347
4182 4196 8378
4122 4192 8314
4140 4199 8339
4071 4078 8149
4075 4103 8178
4009 4021 8030
4038 4052 8090
4161 4195 8356
4024 4028 8052
4070 4150 8220
4073 4122 8195
4090 4143 8233
4024 4195 8219
4159 4189 8348
4112 4140 8252
4094 4162 8256
4026 4172 8198
4044 4062 8106
4094 4181 8275
4112 4187 8299
4073 4149 8222
4011 4097 8108
4130 4188 8318
4013 4064 8077
4097 4176 8273
4147 4162 8309
4164 4172 8336
4073 4150 8223
4096 4146 8242
4079 4136 8215
4172 4181 8353
4022 4184 8206
4155 4190 8345
4064 4153 8217
4176 4180 8356
4188 4192 8380
4186 4188 8374
4161 4185 8346
4022 4150 8172
4070 4095 8165
4069 4136 8205
4054 4194 8248
4018 4026 8044
4033 4092 8125
4103 4177 8280
4045 4132 8177
4042 4146 8188
4067 4089 8156
4028 4200 8228
4104 4121 8225
4119 4151 8270
4034 4086 8120
4191 4194 8385
4081 4102 8183
4149 4170 8319
4107 4186 8293
4046 4152 8198
4151 4181 8332
4142 4184 8326
4076 4178 8254
4073 4115 8188
4144 4156 8300
4155 4174 8329
4107 4143 8250
4184 4190 8374
4096 4181 8277
4181 4200 8381
4185 4189 8374
4124 4132 8256
4138 4183 8321
4034 4179 8213
4018 4147 8165
4080 4089 8169
4181 4183 8364
4082 4179 8261
4023 4092 8115
4041 4140 8181

4219 4281 8484
4261 4266 8498
4155 4240 8361
4192 4251 8439
4130 4163 8258
4136 4232 8345
4120 4234 8341
4224 4249 8472
4134 4249 8372
4158 4178 8310
4164 4215 8345
4154 4187 8328
4251 4281 8528
4141 4228 8332
4204 4285 8468
4189 4293 8446
4112 4162 8269
4145 4158 8271
4291 4295 8554
4195 4235 8417
4264 4295 8544
4213 4249 8461
4215 4248 8441
4165 4291 8439
4206 4273 8451
4266 4273 8533
4243 4258 8483
4247 4299 8538
4281 4296 8544
4228 4245 8464
4134 4174 8278
4230 4236 8448
4129 4232 8348
4131 4272 8378
4282 4294 8557
4289 4297 8584
4128 4248 8370
4135 4214 8312
4119 4264 8373
4205 4300 8497
4109 4124 8229
4287 4288 8557
4249 4267 8500
4149 4156 8275
4141 4197 8306
4178 4281 8446
4255 4272 8503
4193 4284 8470
4211 4221 8400
4110 4140 8232
4102 4226 8312
4117 4165 8250
4274 4296 8537
4185 4245 8420
4126 4184 8302
4101 4236 8312
4153 4164 8308
4214 4228 8433
4171 4229 8389
4206 4244 8427
4286 4294 8561
4186 4240 8395
4263 4269 8525
4104 4238 8334
4206 4261 8431
4127 4195 8286
4118 4270 8353
4123 4224 8323
4213 4238 8440
4191 4254 8410
4211 4217 8407
4294 4298 8588
4217 4238 8423
4116 4144 8256
4185 4265 8449
4255 4295 8524
4268 4291 8557
4271 4278 8510
4157 4276 8408
4135 4167 8300
4298 4300 8590
4167 4247 8383
4106 4167 8244
4133 4149 8256
4151 4162 8281
4155 4166 8305
4269 4286 8529
4133 4155 8270
4125 4227 8346
4203 4264 8449
4154 4167 8314
4242 4292 8531
4269 4290 8547
4139 4228 8366
4175 4244 8383
4289 4290 8545
4108 4175 8252
4281 4295 8540
4112 4258 8361
4111 4196 8295
4232 4258 8484
4241 4255 8465
4123 4176 8267
4125 4160 8254
4172 4177 8320
4134 4270 8365
4269 4287 8517
4145 4270 8386
4208 4293 8500
4299 4300 8577
4197 4224 8419
4224 4229 8422
4277 4281 8554
4233 4282 8506
4128 4191 8312
4147 4148 8263
4271 4286 8539
4155 4179 8322
4124 4200 8285
4223 4267 8484
4204 4223 8426
4288 4299 8555
4217 4229 8436
4265 4298 8550
4181 4210 8363
4280 4282 8543
4253 4299 8550
4273 4274 8541
4226 4289 8510
4162 4288 8436
4160 4246 8369
4244 4253 8477
4291 4293 8550
4276 4280 8544
4288 4289 8542
4120 4269 8366
4220 4251 8457
4164 4244 8391
4117 4149 8227
4171 4232 8392
4226 4297 8521
4262 4265 8493
4223 4291 8509
4196 4250 8433
4299 4300 8588
4262 4294 8541
4103 4172 8270
4174 4266 8439
4267 4270 8512
4136 4250 8379
4236 4256 8459
4226 4282 8499
4276 4296 8556
4261 4292 8518
4296 4300 8584
4131 4300 8407
4166 4264 8396
4152 4228 8355
4146 4288 8405
4239 4283 8493
4264 4294 8529
4241 4256 8487
4109 4177 8285
4196 4212 8384
4253 4260 8482
4209 4300 8504
4233 4247 8443
4200 4226 8391
4155 4279 8396
4134 4233 8363
4256 4294 8528
4261 4278 8514
4176 4189 8333
4280 4283 8559
4220 4298 8506
4115 4254 8367
4118 4165 8274
4109 4221 8301
4288 4297 8557
4176 4279 8431
4297 4298 8583
4234 4297 8524
4253 4270 8522
4293 4299 8580
4239 4244 8471
4250 4273 8512
4246 4253 8496
4242 4264 8480
4224 4280 8492
4251 4275 8491
4205 4287 8475
4132 4283 8399
4230 4296 8522
4262 4286 8520
4288 4290 8572
4181 4183 8358
4238 4296 8531
4102 4207 8285
4287 4294 8568
4244 4250 8493
4176 4271 8429
4141 4258 8367
4199 4221 8389
4286 4296 8569
4171 4213 8373
4162 4253 8387
4100 4187 8278
4141 4249 8389
4133 4152 8278
4270 4283 8549
4187 4188 8361
4191 4286 8462
4211 4253 8460
4241 4249 8453
4214 4261 8471
4201 4295 8456
4292 4297 8575
4288 4299 8547
4171 4220 8369
4244 4264 8486
4115 4169 8245
4193 4213 8374
4143 4151 8259
4192 4284 8461
4108 4117 8200
4169 4244 8400
4240 4265 8480
4128 4162 8259
4286 4299 8560
4173 4208 8374
4241 4253 8457
4166 4265 8427
4155 4249 8366
4215 4238 8443
4242 4271 8493
4168 4297 8444
4284 4292 8555
4131 4281 8405
4246 4283 8501
4193 4248 8422
4112 4274 8359
4274 4298 8561
4215 4288 8492
4204 4229 8430
4143 4231 8370
4134 4172 8277
4231 4245 8443
4158 4223 8363
4147 4174 8286
4142 4180 8297
4121 4149 8258
4259 4268 8505
4287 4295 8567
4283 4289 8570
4240 4286 8514
4155 4295 8429
4122 4281 8365
4243 4252 8466
4294 4296 8581
4109 4203 8276
4101 4113 8196
4294 4297 8581
4288 4290 8559
4132 4261 8364
4203 4228 8421
4231 4244 8473
4224 4283 8488
4265 4281 8506
4241 4248 8449
4236 4249 8476
4203 4225 8423
4121 4202 8313
4200 4296 8470
4288 4297 8571
4276 4283 8546
4207 4242 8439
4295 4300 8561
4176 4252 8399
4114 4249 8338
4132 4209 8336
4252 4281 8530
4116 4237 8352
4165 4281 8428
4157 4162 8307
4148 4171 8313
4176 4221 8377
4207 4222 8421
4181 4269 8412
4168 4240 8375
4236 4244 8468
4289 4297 8562
4276 4282 8545
4107 4177 8267
4151 4172 8321
4188 4291 8456
4144 4273 8400
4210 4232 8433
4290 4298 8569
4105 4114 8197
4290 4296 8553
4260 4299 8538
4108 4292 8374
4283 4300 8576
4267 4285 8514
4147 4272 8385
4112 4201 8303
4187 4265 8444
4207 4222 8416
4281 4285 8559
4151 4259 8392
4101 4229 8307
4186 4209 8378
4199 4252 8422
4187 4250 8423
4186 4198 8351
4251 4278 8520
4258 4276 8506
4113 4191 8276
4125 4207 8317
4230 4285 8484
4254 4271 8505
4234 4276 8483
4154 4258 8374
4188 4190 8377
4152 4223 8336
4258 4280 8528
4260 4274 8514
4128 4203 8318
4103 4274 8364
4138 4236 8359
4262 4268 8496
4290 4299 8562
4116 4263 8366
4267 4281 8542
4229 4291 8518
4104 4193 8265
4146 4213 8331
4155 4176 8323
4212 4218 8422
4158 4240 8365
4151 4231 8350
4228 4251 8470
4264 4269 8528
4178 4248 8398
4220 4264 8479
4130 4219 8316
4182 4233 8376
4132 4182 8300
4241 4295 8496
4124 4243 8364
4233 4271 8503
4253 4261 8508
4157 4186 8318
4263 4290 8529
4193 4240 8419
4223 4239 8450
4277 4292 8567
4143 4300 8441
4296 4300 8589
4172 4286 8451
4250 4293 8524
4254 4291 8544
4215 4280 8470
4267 4287 8523
4176 4241 8409
4249 4282 8517
4217 4298 8501
4264 4267 8517
4197 4243 8424
4192 4262 8416
4166 4171 8322
4186 4221 8391
4136 4190 8307
4198 4204 8382
4276 4285 8539
4194 4251 8433
4251 4298 8539
4161 4203 8346
4233 4235 8448
4138 4157 8258
4241 4279 8485
4259 4300 8547
4244 4276 8508
4131 4248 8371
4131 4271 8397
4250 4259 8472
4261 4300 8538
4195 4279 8455
4144 4215 8326
4156 4244 8374
4218 4235 8427
4294 4300 8576
4227 4281 8494
4119 4246 8346
4171 4218 8363
4227 4239 8438
4130 4187 8286
4183 4226 8395
4224 4259 8480
4242 4271 8481
4173 4281 8434
4167 4180 8310
4114 4292 8399
4132 4256 8364
4196 4230 8401
4269 4279 8539
4176 4231 8374
4147 4288 8398
4108 4174 8271
4129 4280 8387
4172 4175 8321
4115 4144 8255
4227 4264 8455
4118 4206 8300
4197 4242 8438
4272 4274 8534
4201 4250 8412
4291 4296 8586
4230 4240 8449
4169 4230 8380
4106 4298 8389
4299 4300 8593
4111 4169 8277
4204 4225 8420
4283 4285 8542
4283 4290 8561
4219 4264 8468
4292 4298 8579
4193 4250 8416
4180 4225 8400
4290 4291 8564
4296 4298 8561
4288 4291 8566
4297 4299 8576
4136 4234 8358
4284 4294 8540
4178 4277 8427
4138 4294 8417
4165 4197 8343
4181 4184 8351
4175 4225 8395
4121 4181 8286
4143 4245 8387
4288 4295 8580
4157 4266 8407
4123 4224 8345
4133 4193 8293
4180 4272 8446
4104 4262 8337
4187 4300 8454
4190 4282 8439
4121 4146 8266
4276 4299 8558
4227 4274 8472
4162 4272 8409
4176 4296 8451
4208 4295 8495
4172 4193 8346
4126 4256 8350
4292 4295 8559
4269 4280 8512
4136 4206 8326
4254 4262 8500
4240 4271 8487
4296 4300 8573
4133 4277 8380
4223 4256 8442
4138 4206 8320
4124 4266 8389
4219 4264 8451
4179 4195 8347
4264 4271 8513
4180 4220 8393
4193 4196 8384
4273 4275 8535
4297 4300 8585
4248 4277 8508
4116 4146 8239
4292 4299 8571
4286 4290 8539
4214 4258 8452
4241 4263 8489
4106 4295 8379
4234 4283 8486
4220 4285 8503
4285 4291 8568
4121 4147 8234
4144 4298 8412
4267 4290 8526
4242 4300 8522
4181 4235 8385
4203 4282 8455
4118 4164 8267
4204 4221 8407
4189 4246 8400
4187 4254 8425
4291 4297 8560
4163 4263 8417
4287 4290 8556
4133 4135 8258
4265 4299 8544
4283 4286 8552
4153 4187 8310
4163 4268 8414
4260 4289 8543
4274 4300 8556
4274 4292 8539
4190 4257 8412
4109 4292 8363
4193 4264 8444
4177 4245 8401
4216 4267 8466
4245 4250 8457
4126 4278 8388
4133 4230 8325
4174 4250 8407
4268 4274 8523
4200 4259 8452
4140 4142 8262
4236 4297 8498
4133 4159 8275
4187 4216 8366
4216 4247 8436
4147 4265 8383
4196 4283 8454
4254 4261 8498
4166 4289 8451
4145 4162 8304
4179 4214 8384
4180 4298 8444
4289 4297 8571
4127 4194 8302
4154 4220 8337
4183 4232 8414
4120 4174 8267
4103 4214 8312
4253 4289 8520
4290 4296 8582
4172 4214 8380
4126 4253 8376
4171 4195 8351
4264 4277 8519
4261 4287 8532
4192 4208 8384
4156 4217 8338
4152 4273 8406
4269 4278 8514
4283 4297 8561
4266 4300 8530
4220 4292 8477
4268 4285 8549
4278 4287 8552
4148 4201 8339
4242 4296 8505
4150 4280 8415
4259 4261 8511
4143 4270 8412
4281 4286 8529
4154 4164 8291
4249 4295 8538
4167 4176 8309
4175 4273 8414
4205 4271 8450
4214 4248 8428
4237 4253 8481
4129 4205 8300
4143 4182 8323
4140 4201 8339
4176 4258 8407
4244 4276 8494
4173 4203 8374
4179 4220 8384
4153 4242 8366
4235 4282 8512
4111 4210 8294
4263 4268 8521
4106 4262 8351
4297 4300 8588
4298 4299 8568
4282 4286 8548
4256 4264 8506
4281 4290 8552
4121 4180 8295
4221 4245 8454
4233 4272 8467
4236 4297 8520
4247 4262 8493
4146 4167 8294
4295 4299 8567
4290 4299 8588
4257 4281 8509
4229 4269 8458
4206 4275 8450
4148 4157 8303
4122 4287 8391
4139 4183 8313
4147 4191 8309
4216 4298 8504
4191 4292 8461
4122 4211 8312
4286 4290 8568
4237 4258 8457
4269 4294 8535
4163 4264 8393
4137 4298 8420
4289 4295 8578
4264 4282 8515
4173 4293 8450
4137 4205 8334
4113 4145 8253
4253 4278 8509
4203 4233 8423
4269 4288 8540
4136 4174 8306
4210 4231 8423
4144 4255 8378
4149 4240 8368
4242 4278 8486
4124 4227 8320
4265 4294 8558
4277 4280 8540
4115 4210 8317
4242 4255 8472
4243 4248 8490
4154 4183 8319
4299 4300 8561
4249 4289 8530
4222 4288 8480
4148 4253 8378
4125 4154 8249
4192 4270 8451
4129 4290 8387
4214 4229 8419
4207 4210 8379
4133 4205 8327
4207 4296 8491
4226 4241 8429
4203 4293 8471
4119 4228 8310
4194 4246 8432
4192 4283 8466
4150 4156 8300
4214 4221 8397
4254 4255 8487
4192 4206 8380
4128 4280 8377
4152 4286 8434
4224 4252 8453
4295 4297 8583
4101 4149 8232
4245 4258 8482
4216 4224 8428
4103 4169 8261
4171 4181 8346
4141 4260 8370
4276 4300 8567
4242 4298 8524
4133 4228 8343
4274 4275 8539
4294 4298 8566
4120 4139 8242
4222 4276 8477
4241 4295 8512
4264 4278 8538
4263 4273 8521
4297 4298 8575
4284 4290 8555
4183 4244 8408
4212 4229 8414
4136 4213 8333
4245 4287 8530
4157 4239 8385
4255 4279 8512
4130 4214 8331
4276 4278 8542
4258 4291 8542
4139 4268 8395
4186 4283 8456
4122 4156 8242
4197 4244 8413
4214 4236 8417
4157 4231 8356
4153 4168 8302
4279 4283 8553
4278 4298 8556
4131 4232 8353
4124 4133 8226
4144 4242 8358
4110 4278 8357
4289 4297 8575
4299 4300 8586
4269 4283 8519
4240 4249 8449
4229 4234 8433
4266 4279 8530
4297 4300 8579
4211 4280 8473
4219 4248 8435
4163 4290 8417
4210 4247 8418
4214 4215 8423
4200 4282 8459
4137 4138 8251
4295 4297 8572
4254 4280 8522
4244 4276 8519
4119 4167 8251
4249 4277 8487
4245 4262 8488
4252 4274 8499
4233 4299 8513
4127 4149 8252
4220 4275 8468
4256 4285 8540
4113 4267 8373
4109 4232 8303
4299 4300 8566
4282 4289 8536
4284 4298 8557
4254 4273 8491
4270 4280 8544
4143 4190 8310
4215 4231 8435
4233 4295 8500
4170 4261 8419
4122 4205 8322
4196 4262 8442
4154 4250 8379
4145 4258 8364
4222 4252 8458
4122 4192 8286
4250 4288 8501
4274 4283 8534
4163 4268 8423
4196 4230 8406
4128 4292 8396
4253 4297 8516
4157 4278 8400
4105 4115 8186
4201 4244 8422
4270 4271 8534
4232 4259 8451
4260 4290 8548
4173 4198 8339
4136 4219 8316
4280 4287 8556
4269 4286 8531
4275 4279 8547
4220 4291 8494
4168 4204 8364
4288 4299 8547
4112 4272 8370
4210 4219 8390
4144 4208 8350
4188 4292 8474
4187 4237 8407
4136 4200 8314
4259 4279 8529
4255 4266 8515
4292 4300 8567
4257 4285 8516
4289 4294 8577
4128 4177 8286
4277 4294 8538
4223 4279 8495
4178 4202 8353
4118 4259 8349
4176 4182 8337
4196 4240 8407
4132 4177 8297
4176 4285 8429
4107 4288 8358
4166 4288 8425
4278 4299 8576
4180 4266 8434
4257 4265 8508
4258 4277 8525
4252 4272 8502
4212 4266 8448
4290 4295 8552
4219 4270 8486
4285 4296 8568
4198 4251 8418
4116 4137 8240
4122 4262 8380
4139 4167 8269
4203 4236 8427
4243 4298 8520
4112 4213 8317
4154 4266 8393
4202 4215 8403
4231 4263 8485
4146 4286 8405
4277 4292 8537
4134 4273 8392
4108 4148 8217
4254 4287 8536
4116 4257 8367
4230 4258 8476
4183 4285 8430
4227 4264 8472
4201 4261 8443
4124 4155 8246
4166 4244 8407
4141 4230 8357
4196 4294 8458
4201 4271 8453
4193 4274 8438
4290 4300 8567
4125 4262 8373
4118 4170 8281
4143 4262 8400
4262 4282 8513
4250 4266 8497
4142 4242 8369
4259 4270 8527
4142 4265 8368
4217 4296 8501
4259 4281 8501
4257 4272 8502
4140 4226 8333
4175 4223 8360
4262 4285 8538
4282 4296 8568
4222 4292 8507
4240 4299 8507
4171 4178 8311
4175 4203 8356
4109 4121 8207
4138 4152 8286
4261 4295 8520
4124 4128 8227
4170 4250 8383
4173 4222 8359
4190 4243 8417
4124 4295 8410
4259 4289 8510
4212 4240 8437
4194 4262 8445
4126 4272 8378
4144 4162 8301
4194 4281 8455
4212 4287 8488
4173 4249 8420
4111 4197 8289
4230 4288 8494
4113 4164 8245
4197 4276 8467
4247 4262 8496
4264 4272 8528
4173 4250 8389
4196 4246 8403
4179 4236 8390
4272 4281 8529
4122 4284 8397
4255 4290 8534
4164 4253 8413
4276 4280 8519
4288 4292 8574
4286 4288 8559
4261 4285 8541
4122 4250 8340
4170 4195 8335
4169 4236 8380
4154 4294 8427
4118 4126 8213
4133 4192 8314
4203 4277 8461
4145 4232 8348
4142 4246 8370
4167 4189 8344
4128 4300 8406
4204 4221 8410
4219 4251 8456
4134 4186 8298
4291 4294 8577
4181 4202 8348
4249 4270 8517
4207 4286 8462
4146 4252 8386
4251 4281 8529
4242 4284 8495
4176 4278 8415
4173 4215 8353
4244 4256 8487
4255 4274 8527
4207 4243 8411
4284 4290 8545
4196 4281 8439
4281 4300 8549
4285 4289 8547
4224 4232 8430
4238 4283 8507
4134 4279 8384
4118 4247 8330
4180 4189 8341
4281 4283 8542
4182 4279 8426
4123 4192 8304
4141 4240 8364

0.010000 0.640000
